414586 0 3 5 3
414587 0 3 5 3
414588 0 3 5 3
244404 0 4 5 1
333816 1 5 5 3
460980 0 5 5 1
460982 0 5 5 1
460984 0 5 5 1
460985 0 5 5 1
538173 0 5 5 2
538174 0 5 5 2
538176 0 5 5 2
244402 0 8 5 1
244403 0 8 5 1
322788 0 9 5 3
290845 0 10 5 1
290847 0 10 5 1
290848 0 10 5 1
292377 0 11 5 1
292379 0 11 5 1
292380 0 11 8 1
292794 0 13 5 1
334841 1 13 5 1
334843 1 13 5 1
334844 1 13 5 1
334738 0 14 9 1
334548 0 16 5 1
334550 0 16 5 1
334551 0 16 5 1
334688 0 16 5 1
334690 0 16 5 1
334691 0 16 5 1
334692 0 16 5 1
334736 0 16 7 3
334575 1 17 5 1
334577 1 17 5 1
334902 0 17 5 1
334905 0 17 5 1
290970 0 18 5 1
334206 0 18 5 1
334207 0 18 5 1
334735 0 18 5 3
333578 1 19 5 1
333579 1 19 8 1
333581 1 19 5 1
334975 0 19 5 1
179482 0 20 5 2
179483 0 20 5 2
292376 0 20 5 3
292380 0 20 5 3
334537 0 20 5 1
334539 0 20 5 1
334541 0 20 5 1
334543 0 20 5 1
334895 0 20 5 1
334897 0 20 5 1
334894 0 23 5 3
334129 1 25 5 1
334131 1 25 5 1
334692 0 25 5 1
448364 0 26 5 3
448366 0 26 5 3
290824 0 27 5 1
333638 0 27 8 3
333639 0 27 8 3
333640 0 27 8 3
335011 0 27 5 1
335012 0 27 5 1
335013 0 27 5 1
333846 0 29 5 1
333850 0 29 5 1
333851 0 29 5 1
334536 1 29 5 1
292064 0 30 5 3
333951 0 30 6 1
333952 0 30 5 1
333953 0 30 6 1
334218 0 30 5 1
334219 0 30 5 1
334220 0 30 5 1
334222 0 30 5 1
333803 1 31 5 0
333890 0 31 5 1
333891 0 31 8 1
333892 0 31 5 1
333893 0 31 5 1
333950 0 31 5 2
333645 0 32 5 3
334535 0 32 5 3
333804 0 33 5 3
333806 0 33 5 3
333807 0 33 5 3
333809 0 33 5 3
333889 0 34 5 3
333894 0 34 5 3
334025 0 34 5 2
334548 1 34 5 1
334549 1 34 5 1
334551 1 34 5 1
122182 0 35 5 3
122183 0 35 5 3
122185 0 35 5 3
304345 0 35 5 1
333776 0 36 5 1
333781 0 36 5 1
333782 0 36 5 1
333777 1 36 5 1
333779 1 36 5 1
484423 0 36 6 1
484425 0 36 5 1
200048 0 37 5 3
334534 0 37 5 3
334590 0 37 5 1
484422 0 37 5 3
484424 0 37 5 3
333683 0 38 5 1
334589 0 39 5 3
333679 0 41 5 1
333991 0 41 5 1
333993 0 41 5 1
333994 0 41 5 1
333995 0 41 5 1
290422 0 42 5 1
290423 0 42 5 1
290424 0 42 5 1
214280 0 44 5 3
292535 1 44 5 0
335011 0 44 5 3
287521 0 45 5 1
523685 0 45 5 0
311071 0 46 5 1
333994 0 46 5 1
333995 0 46 5 1
523675 0 46 5 2
523678 0 46 5 2
311437 0 47 5 1
311439 0 47 5 1
311440 0 47 5 1
309979 0 48 5 4
333685 1 48 5 3
333688 1 48 5 3
524990 1 48 5 1
311066 1 49 5 1
311070 1 49 5 1
311072 1 49 5 1
324343 0 49 5 3
324345 0 49 5 3
311406 0 50 5 1
311407 0 50 7 1
311404 1 52 5 1
311405 1 52 5 1
334544 0 52 5 1
334547 0 52 5 1
311001 0 54 5 1
286640 0 55 5 1
286642 0 55 5 1
286906 1 56 5 1
334908 1 56 5 1
335108 0 56 5 1
335110 0 56 5 1
286699 0 58 5 1
287496 1 58 5 3
335109 0 60 5 3
333994 1 62 5 1
333995 1 62 5 1
286640 0 63 5 3
288237 1 63 5 1
288238 1 63 5 1
288205 0 66 5 3
288207 0 66 5 3
288208 0 66 5 3
288209 0 66 5 3
288208 0 73 5 1
286758 0 82 5 2
286761 0 82 5 2
286762 0 82 5 2
287939 1 84 5 1
287940 1 84 5 1
287938 0 92 5 3
