25140 0 6 6 3 0
185401 0 6 6 2 0
244403 1 3 6 1 0
291620 1 3 6 1 0
322788 1 3 6 3 0
334392 1 3 6 2 0
344763 1 4 6 3 0
414589 1 4 6 3 0
460981 1 2 6 1 0
538175 1 2 6 2 0
322787 1 3 8 3 0
333817 1 5 8 3 0
334393 0 6 8 3 0
414588 0 6 9 3 0
1710 0 6 10 3 1
291702 0 6 10 1 0
322794 0 6 10 3 0
244404 1 4 11 1 0
291704 0 6 11 3 0
322789 1 3 11 3 0
290844 1 3 12 1 0
333815 1 3 12 2 1
334385 0 6 12 1 0
292794 0 6 13 1 0
292376 1 4 14 1 1
334274 0 6 14 1 0
334834 0 6 14 1 0
334842 1 4 15 1 0
292377 1 3 16 1 0
292788 0 6 16 1 0
292793 0 6 16 1 0
333671 0 6 16 1 0
334396 0 6 16 3 0
334736 1 3 16 1 0
292378 0 6 17 1 0
292795 0 6 17 1 0
334248 0 6 17 1 0
334549 1 2 17 1 0
291815 0 6 18 1 0
334576 1 3 18 1 0
334689 1 3 18 1 0
334735 1 2 18 1 0
334986 0 6 18 1 0
292787 0 6 19 1 0
292797 0 6 19 3 0
334161 0 6 19 3 0
334338 0 6 19 1 0
334566 0 6 19 1 0
334738 1 4 19 3 1
334903 1 3 19 1 0
335133 0 6 19 1 0
290968 1 3 20 1 0
292790 1 3 20 3 1
334247 0 6 20 1 0
334539 0 6 20 1 0
334737 0 6 20 3 0
290691 0 6 21 1 0
334205 1 4 21 1 0
334249 0 6 21 3 0
334940 0 6 21 1 0
290969 1 4 22 3 1
291814 0 6 22 1 0
292379 1 3 22 3 0
292821 0 6 22 1 0
333576 1 5 22 1 0
334159 1 4 22 2 1
334540 1 3 22 1 0
334642 0 6 22 1 0
334688 0 6 22 1 0
334894 1 2 22 1 0
334976 1 4 22 1 1
335132 0 6 22 1 0
179481 1 4 23 2 0
333922 1 3 23 4 0
333961 0 6 23 1 0
334160 0 6 23 3 0
334905 1 5 23 3 0
208438 0 6 24 3 1
276972 1 2 24 3 0
333577 1 3 24 1 0
334250 0 6 24 3 0
334531 0 6 24 1 0
334532 0 6 24 3 0
334575 0 6 24 1 1
334687 0 6 24 0 0
334734 0 6 24 3 0
334919 0 6 24 2 0
479046 0 6 24 3 0
55943 1 3 25 3 0
290692 0 6 25 1 0
291816 0 6 25 2 0
292487 0 6 25 2 0
334206 0 6 25 1 0
334246 0 6 25 1 0
283803 0 6 26 3 0
292380 0 6 26 3 0
334674 0 6 26 0 0
334896 0 6 26 3 0
276293 1 5 27 3 0
325227 0 6 27 3 0
333638 0 6 27 1 0
333890 1 4 27 1 0
334128 1 4 27 1 0
334690 1 3 27 1 0
179482 0 6 28 3 0
291807 1 3 28 3 0
333652 1 4 28 4 0
334533 0 6 28 3 1
335009 0 6 28 1 0
271703 0 6 29 3 0
290822 1 3 29 1 0
303760 0 6 29 3 0
333590 0 6 29 1 0
333641 0 6 29 3 0
333862 1 3 29 1 0
333949 0 6 29 1 0
334285 1 4 29 1 0
335010 1 3 29 1 0
448365 1 4 29 3 0
333847 1 2 30 1 0
333891 0 6 30 1 0
334229 0 6 30 1 0
334449 0 6 30 1 0
334534 1 3 30 1 0
333642 1 2 31 3 1
333804 0 6 31 1 0
333950 1 2 31 1 0
334130 0 6 31 3 1
334433 0 6 31 1 0
334754 0 6 31 1 0
334763 0 6 31 1 0
290825 0 6 32 1 0
292065 1 3 32 3 0
334221 1 3 32 1 0
335015 0 6 32 1 0
448366 0 6 32 4 0
270329 0 6 33 3 0
303758 0 6 33 1 0
333646 0 6 33 3 0
333857 0 6 33 2 1
333889 1 3 33 1 0
333894 0 6 33 3 0
334015 0 6 33 1 0
334135 0 6 33 4 1
335011 0 6 33 1 0
448364 0 6 33 3 0
39456 0 6 34 2 0
292525 0 6 34 1 0
333755 0 6 34 1 0
333801 1 5 34 0 0
333886 0 6 34 2 0
333925 0 6 34 1 0
333952 1 4 34 2 1
303765 0 6 35 3 0
333808 0 6 35 3 0
334440 0 6 35 1 0
334536 1 3 35 3 0
334550 1 3 35 1 0
334968 0 6 35 1 0
334985 0 6 35 1 0
484418 0 6 35 2 1
122184 1 2 36 3 0
291611 0 6 36 1 0
292527 0 6 36 1 0
333892 1 3 36 3 1
333960 1 2 36 2 1
334024 1 3 36 2 0
334553 0 6 36 1 0
287525 0 6 37 3 1
303230 0 6 37 1 0
304344 1 3 37 1 0
333777 1 2 37 1 0
333953 0 6 37 2 0
334020 0 6 37 3 1
335163 0 6 37 3 0
285329 1 4 38 4 1
303761 0 6 38 0 1
333778 1 4 38 1 0
333893 0 6 38 3 0
334023 0 6 38 1 0
334181 1 2 38 4 0
334588 1 2 38 1 0
484422 1 3 38 1 0
200049 1 3 39 3 1
290428 0 6 39 3 0
292526 0 6 39 1 0
292673 0 6 39 1 0
333681 1 2 39 1 0
333823 0 6 39 1 0
334284 0 6 39 1 0
334535 1 3 39 3 0
334661 0 6 39 3 0
484425 1 3 39 3 0
292524 1 5 40 0 1
333776 0 6 40 1 0
334022 0 6 40 1 0
334439 1 3 40 1 0
334590 0 6 40 3 0
291481 0 6 41 1 0
292929 1 3 41 4 0
287520 0 6 42 3 0
333954 0 6 42 3 0
334241 0 6 42 1 0
334441 0 6 42 3 0
484424 0 6 42 3 0
214280 0 6 43 2 0
275015 1 3 43 2 0
290421 1 2 43 1 0
311515 0 6 43 3 0
333678 1 3 43 1 0
333992 1 3 43 1 0
292529 0 6 44 3 0
298802 0 6 44 3 0
523686 0 6 44 2 1
292534 1 3 45 0 0
311513 0 6 45 1 0
333685 0 6 45 1 0
335012 1 2 45 3 0
335119 1 2 45 2 0
214281 1 3 46 3 0
290423 0 6 46 3 1
287518 1 3 47 1 0
333762 0 6 47 1 0
523677 1 2 47 2 0
311068 1 3 48 1 1
333688 0 6 48 3 0
523684 1 4 48 0 0
283422 0 6 49 3 0
310376 0 6 49 1 0
311438 1 3 49 1 0
333991 1 4 49 1 0
334544 0 6 49 1 1
469070 0 6 49 3 0
309980 1 3 50 4 1
324344 1 2 50 3 0
333686 0 6 50 1 0
333687 1 4 50 3 0
524627 0 6 50 3 0
288170 0 6 51 1 0
290424 1 3 51 3 1
309765 0 6 51 1 0
309795 0 6 51 1 1
523685 0 6 51 1 0
524989 1 5 51 1 0
311069 1 5 52 1 0
311405 1 3 52 1 0
335110 1 4 52 1 0
85205 0 6 53 3 0
309979 1 4 53 4 1
311067 0 6 53 0 0
311270 0 6 53 1 0
334545 1 2 53 1 0
523427 0 6 53 1 0
288172 0 6 54 1 0
311029 1 2 54 1 0
311406 1 4 54 1 0
311439 0 6 54 3 0
334542 0 6 54 3 0
101721 0 6 55 3 0
287495 0 6 55 1 0
290434 0 6 55 3 0
149917 0 6 56 3 0
287818 0 6 56 1 0
310199 0 6 56 1 0
310998 1 3 56 1 0
311274 0 6 56 4 1
286641 1 3 57 1 0
286905 1 4 58 1 1
309813 0 6 58 3 1
311031 1 3 58 3 1
334907 1 4 58 1 0
335109 1 3 58 1 1
286700 0 6 59 1 0
287494 0 6 59 3 1
287497 1 3 59 3 0
333994 0 6 60 1 0
407084 0 6 60 3 0
286642 1 3 61 3 0
288201 0 6 61 1 0
286702 0 6 62 2 0
309812 1 4 63 1 0
335112 0 6 63 3 0
286648 1 4 64 1 0
286699 1 3 64 0 0
286643 1 3 65 3 0
288200 0 6 65 1 0
288236 1 4 65 1 0
333993 1 5 65 1 0
334211 1 4 66 1 0
335111 0 6 67 2 0
288210 1 3 68 3 0
333995 0 6 70 3 0
288206 0 6 71 0 0
288205 0 6 72 0 0
288208 0 6 75 1 0
288207 1 4 76 1 0
286758 0 6 79 1 0
286602 0 6 81 1 0
286762 0 6 82 3 0
286760 1 2 83 2 0
287593 1 2 85 2 0
287938 1 5 87 1 0
287939 0 6 88 1 0
287598 0 6 89 3 0
287940 1 2 93 3 0
287597 0 6 94 2 0
