194573 9
194575 9
317567 9
201805 10
201806 10
202349 10
93452 13
93455 13
203451 15
203454 15
203455 15
93811 17
93813 17
136016 18
93926 19
136017 21
136018 21
136019 21
94369 22
93596 23
93598 23
93599 23
93746 30
93748 30
92968 35
92970 35
92971 35
92972 35
93596 36
93597 36
94585 36
230586 42
230588 42
230694 45
230695 45
231068 47
231069 47
231236 47
231634 47
231635 47
231636 47
232213 48
231537 49
232094 49
455808 49
37942 51
37943 51
37944 51
231237 51
231239 51
230641 52
230642 52
336568 53
336569 53
336570 53
232243 54
37941 56
37945 56
230212 57
230214 57
230859 57
230860 57
230011 58
230012 58
230855 59
230856 59
230857 59
230858 59
232100 59
232101 59
230914 60
230916 60
230918 60
231514 60
230213 61
231886 61
231888 61
231890 61
231653 62
231655 62
232099 62
230008 63
230009 63
230010 63
230567 63
230568 63
230569 63
230573 63
230221 64
230222 64
231600 65
231602 65
230716 66
230719 66
230720 66
231788 67
231789 67
230825 68
230827 68
232087 68
230915 69
230917 69
230919 69
230920 69
231534 69
231722 69
231726 69
232067 69
230369 70
230370 70
230579 70
231458 70
232089 70
232090 70
230567 71
230569 71
230570 71
230826 71
230828 71
232099 71
232100 71
232102 71
173863 72
173866 72
173867 72
230784 72
230785 72
230786 72
230787 72
232088 72
232091 72
232092 72
232162 72
232163 72
174460 74
174461 74
231532 74
231533 74
231535 74
174263 75
175452 75
175453 75
175455 75
175543 75
175544 75
175546 75
230669 75
231722 75
231723 75
231725 75
174384 76
175027 77
175031 77
231731 77
175458 78
231210 78
231214 78
175029 79
175030 79
175398 79
174285 80
173869 81
173871 81
173872 81
174380 81
174687 81
174688 81
174785 81
174811 81
174267 84
174600 84
174050 87
174052 87
174054 87
174400 87
109704 89
109707 89
174614 89
174733 89
175211 89
175291 89
175524 90
175525 90
174397 91
174601 91
175212 91
175214 91
175292 91
175293 91
174127 92
174128 92
174130 93
174131 93
174287 93
174289 93
174290 93
174292 93
151545 94
175289 94
175290 94
175554 94
175555 94
175556 94
175557 94
175561 101
175563 101
175564 101
175451 103
174201 106
173832 107
173833 107
175198 107
175199 107
314380 107
175196 108
175197 108
175200 108
330507 109
330508 109
173832 113
173834 113
141856 118
175199 119
173844 120
173846 120
173847 120
175195 120
175196 120
175200 120
175525 123
175527 123
175273 125
175274 125
174946 126
174948 126
174950 126
173934 127
175131 127
174431 128
175276 128
175277 129
