367797 1 3 3 1
283621 1 3 3 3
23019 1 3 3 2
471824 1 4 2 1
163600 1 4 2 3
163599 0 4 5 3
367800 1 4 5 1
471822 0 4 9 1
471827 0 4 5 1
390995 1 6 2 3
390992 0 6 5 3
390994 0 6 5 3
471823 0 7 6 3
390032 1 7 2 3
390030 0 7 5 3
390033 0 7 5 3
22971 1 8 3 1
471826 1 8 1 3
471824 0 8 5 3
346495 1 9 3 1
347061 1 9 2 1
347060 0 9 5 1
347345 1 10 3 1
22972 1 10 3 2
347346 0 10 5 1
347350 0 10 5 1
23707 0 11 13 4
492267 1 11 3 3
347935 1 11 3 1
470729 1 12 2 1
470622 1 12 2 1
23708 1 12 5 4
347937 1 12 5 1
470623 0 12 5 1
470626 0 12 5 1
470731 0 12 5 1
345991 1 13 4 1
470571 1 13 2 1
471827 1 13 1 3
471823 0 13 5 3
471824 0 13 5 3
471826 0 13 5 3
347642 1 14 4 1
346047 1 14 2 1
22973 1 14 2 3
345990 1 14 5 1
346046 0 14 6 1
346049 0 14 5 1
471665 1 15 4 1
347443 1 15 4 1
347640 1 15 5 1
347641 1 15 5 1
347643 1 15 5 1
346582 1 16 4 1
347188 1 16 3 1
346166 1 16 3 1
346048 0 16 6 0
471737 1 16 2 1
471105 1 16 2 1
470570 1 16 2 1
347051 1 16 2 1
193454 1 16 1 3
347048 0 16 5 1
347050 0 16 5 1
347052 0 16 5 1
347053 0 16 5 1
347189 0 16 5 1
347442 1 16 5 1
347445 1 16 5 1
471106 0 16 5 1
471107 0 16 5 1
347959 1 17 3 1
346470 1 17 3 1
347988 1 17 2 1
347083 1 17 1 2
346050 0 17 5 0
346467 0 17 5 1
346472 0 17 5 1
347962 0 17 5 1
346914 1 18 2 1
470969 1 18 1 3
346673 1 18 1 1
346916 0 18 5 1
346917 0 18 5 1
346918 0 18 8 1
347187 1 19 3 3
471666 1 19 2 1
345994 1 19 2 2
345992 0 19 5 2
471670 0 19 5 1
346468 1 20 3 1
347989 1 20 2 1
347139 1 20 2 1
347290 1 20 1 1
346272 1 20 1 1
346170 1 20 1 1
346913 0 20 5 2
346914 0 20 5 2
193456 1 21 1 4
471952 1 22 3 1
470680 1 22 2 1
347442 1 22 2 1
470684 0 22 5 1
470685 0 22 5 1
470190 1 23 4 1
346550 1 23 3 1
347288 1 23 2 1
346916 0 23 5 3
347290 0 23 5 1
347291 0 23 5 1
471958 1 24 2 2
113219 1 24 2 2
470191 1 24 5 1
348018 1 25 1 1
348016 0 25 5 1
348020 0 25 5 1
348021 0 25 5 1
348022 0 25 5 1
471074 1 26 3 1
346329 1 26 3 1
471073 0 26 5 1
346643 1 27 3 1
346459 0 27 5 0
346461 0 27 5 0
347194 1 30 2 4
347347 1 31 2 1
346462 1 31 2 2
346460 0 31 5 2
345932 1 32 3 3
346362 1 32 2 3
346361 0 32 5 3
345992 1 33 3 1
471073 1 33 2 1
347348 1 33 2 1
347345 0 33 5 1
347347 0 33 5 1
347349 0 33 5 1
347350 0 33 5 1
471074 0 33 5 1
471075 0 33 5 1
471076 0 33 5 1
346459 1 35 2 0
346281 1 35 1 4
346458 0 35 5 0
346462 0 35 5 0
346463 0 35 5 0
387676 1 36 3 3
387673 0 36 5 3
387675 0 36 5 3
387677 0 36 5 3
345931 1 38 1 1
345932 0 38 5 1
54169 1 39 2 3
165266 1 40 3 3
80002 1 40 1 3
79999 0 40 5 3
80000 0 40 5 3
382031 1 42 3 1
304327 1 43 3 2
382030 1 46 3 1
398213 1 46 2 3
381874 1 46 2 4
345939 1 46 1 3
382029 0 46 5 1
382032 0 46 5 1
397749 1 47 3 1
397763 1 50 3 1
397762 0 50 5 1
397764 0 50 5 1
397895 1 51 2 1
397761 1 53 4 1
539694 1 54 2 3
398236 1 54 2 1
284784 1 54 2 2
399377 1 55 2 3
397762 1 55 2 1
398873 1 56 1 2
398365 1 56 1 1
398366 0 56 5 1
398369 0 56 5 1
398871 0 56 5 2
398877 1 57 1 4
398876 0 57 5 4
397915 1 58 2 1
397916 0 58 5 1
399076 1 59 3 1
397432 1 59 3 3
180115 1 59 1 3
397433 0 59 5 3
399077 0 59 5 1
397359 1 60 2 1
397193 1 60 2 1
397356 0 60 5 1
397103 1 61 4 1
398753 1 61 3 1
397764 1 62 1 3
397104 1 62 5 1
397761 0 62 5 3
397765 0 62 5 3
399641 1 64 2 1
399640 0 64 5 1
397360 1 66 1 1
397584 1 67 1 1
397582 0 67 5 1
397587 1 68 3 3
398646 1 68 2 1
398651 1 68 1 3
398645 0 68 5 3
398799 1 69 3 1
398695 1 69 3 1
398647 1 69 5 1
398649 1 69 5 1
398651 1 69 9 1
397357 1 70 1 1
397362 1 71 2 3
397358 0 71 5 3
397359 0 71 5 3
397360 0 71 5 3
398797 1 72 3 1
61387 1 72 3 3
398648 1 73 2 2
398198 1 73 2 1
397593 1 73 2 3
61388 1 73 5 3
398645 0 73 5 2
398650 0 73 5 2
397713 1 74 3 3
398983 1 74 2 3
398593 1 74 2 0
398749 1 74 1 1
397710 1 74 1 1
397711 0 74 5 1
397712 0 74 5 1
398594 0 74 5 0
398595 0 74 5 0
398597 0 74 5 0
398598 0 74 5 0
398982 0 74 5 3
399532 1 75 2 1
397693 1 75 2 1
398996 1 75 1 1
397695 0 75 5 1
397696 0 75 5 1
397697 0 75 9 1
397710 0 75 5 2
398995 0 75 5 1
398998 0 75 5 1
399286 1 76 2 3
398863 1 76 2 1
399215 1 76 1 1
25806 0 76 5 2
25807 0 76 5 2
399218 0 76 5 1
397171 1 77 3 3
398743 1 77 2 0
398196 1 77 2 4
398747 0 77 5 0
398798 1 78 1 1
397170 1 78 1 3
397142 1 78 1 1
398797 0 78 5 1
398799 0 78 5 1
398222 1 79 3 1
25809 1 79 3 3
398221 1 79 2 1
397693 0 79 5 2
398223 0 79 6 1
399216 1 80 2 1
393765 1 80 2 3
398336 1 81 3 1
397098 1 81 3 3
398338 0 81 5 1
398745 1 82 2 1
398821 1 83 4 1
397104 1 83 3 3
398224 1 85 2 3
398222 1 86 5 3
398223 1 86 5 3
398820 1 88 2 1
399208 1 88 1 3
398379 1 90 3 1
398378 0 90 5 1
397117 1 91 3 1
397794 1 91 2 1
397796 0 91 5 1
398411 1 94 3 1
398377 0 94 5 1
398379 0 94 9 1
398382 0 94 5 1
397267 1 95 2 1
397266 0 95 5 1
398409 1 95 5 1
398016 1 96 3 1
399596 1 96 2 0
399600 0 96 5 0
397750 1 98 3 3
398381 1 98 2 3
397748 0 98 5 3
398380 0 98 5 3
397967 1 99 3 1
399593 1 99 2 1
398573 1 99 2 1
398574 0 99 5 1
399592 0 99 5 1
399594 0 99 5 1
397947 1 100 3 1
62442 1 101 4 3
399599 1 101 2 3
398015 1 101 2 1
198477 0 101 5 3
397949 1 101 5 1
398017 0 101 5 1
399597 0 101 5 3
399598 0 101 5 3
420280 1 102 2 3
397971 0 104 5 1
397968 0 104 5 3
397970 0 104 5 3
420277 1 105 3 3
420279 1 106 1 3
420278 0 106 5 3
397270 1 108 1 3
397268 0 108 5 3
52717 1 110 3 3
513079 1 110 2 3
52718 0 110 5 3
513077 0 110 5 3
513078 0 110 5 3
420931 1 113 2 3
63169 1 114 3 1
63170 0 114 5 1
399655 1 115 2 1
398334 1 115 2 1
62441 1 115 2 3
62438 0 115 5 3
62439 0 115 5 3
62440 0 115 5 3
399656 0 115 5 1
337840 1 116 2 3
398335 1 117 2 3
398860 1 118 3 1
397242 1 118 3 1
304749 1 118 1 4
398861 0 118 5 1
397147 1 120 2 0
398837 1 120 1 1
397285 1 121 3 1
397150 1 121 6 0
397286 0 121 7 1
398836 1 122 3 1
31157 1 122 3 2
397149 1 122 2 2
398339 1 122 1 1
63170 1 122 1 3
31156 0 122 5 2
31158 0 122 5 2
63169 0 122 5 3
397148 0 122 5 2
398839 0 122 5 1
399260 1 125 2 1
62631 1 126 3 1
62630 0 126 5 1
399259 1 129 2 1
146531 1 129 2 2
399258 0 129 6 1
62681 1 131 3 3
60927 1 131 3 3
60925 1 131 1 1
60926 0 131 5 3
62679 0 131 5 3
399016 1 132 2 1
399017 0 132 5 1
399018 0 132 5 1
399262 0 132 9 0
146532 1 134 2 3
61645 1 134 2 0
61650 0 134 5 0
399075 1 135 2 1
399076 0 135 5 1
399078 0 135 5 1
399261 1 136 2 3
60934 1 136 1 2
60933 0 136 5 2
399258 0 136 5 3
399073 1 138 2 3
399070 0 138 5 3
399072 0 138 9 3
61476 1 141 2 1
28481 1 141 2 2
399069 1 142 3 0
28314 1 142 3 2
227403 1 142 2 3
28315 0 142 5 2
399073 0 142 5 0
62067 1 143 1 1
62066 0 143 5 1
62069 0 143 9 1
397510 1 144 3 0
62078 1 144 3 2
61253 1 144 3 1
60919 0 144 5 3
60922 0 144 5 3
397509 0 144 5 0
397511 0 144 5 0
397512 0 144 5 0
62079 1 145 5 2
63189 1 146 3 1
63062 1 146 3 4
61721 1 146 2 1
362848 1 146 1 3
157343 1 146 1 2
62076 1 148 4 0
62077 1 148 3 2
62490 1 148 2 1
61975 1 148 1 1
61976 0 148 5 1
61977 0 148 5 1
377600 1 149 3 3
61438 1 149 1 1
322491 1 150 2 4
62494 1 151 3 3
508791 1 151 1 3
62491 0 151 5 3
62492 0 151 6 3
508792 0 151 5 3
61492 1 152 2 0
61494 0 152 5 0
61355 1 153 3 1
62005 1 153 2 1
61357 0 153 5 1
61358 0 153 5 1
62692 1 154 3 1
60908 1 154 3 1
61676 1 154 1 1
61675 0 154 5 1
61679 0 154 5 1
62694 0 154 5 1
62696 0 154 5 1
377599 1 155 2 3
61485 1 155 2 3
61486 0 155 5 3
377598 0 155 5 3
62687 1 156 2 3
61426 1 156 1 1
61427 0 156 5 1
61428 0 156 5 1
63028 1 157 3 2
61808 1 157 2 1
61818 1 157 1 1
61678 1 157 1 2
61271 1 157 1 1
63167 1 158 2 4
61390 1 158 2 1
62265 1 158 1 1
61553 1 158 1 1
61389 0 158 5 1
62264 0 158 5 1
63168 0 158 5 4
62263 1 160 3 1
61660 1 160 3 1
62826 1 160 2 3
62524 1 161 3 1
62525 0 161 5 1
63027 1 162 2 2
61401 1 162 2 2
61804 1 162 1 4
63026 0 162 5 2
62712 1 163 3 1
61797 1 163 2 1
60908 0 163 5 3
61796 0 163 5 1
62266 1 164 3 3
61425 1 165 2 0
61237 1 165 2 3
61236 0 165 5 3
61426 0 165 5 0
354922 1 166 2 3
61800 1 167 2 1
61567 1 167 1 3
61565 0 167 5 3
61801 0 167 5 1
61803 0 167 5 1
489008 1 168 2 3
60896 1 169 3 1
62433 1 169 1 1
60899 0 169 5 1
62798 1 170 3 1
403355 1 170 2 2
61564 1 170 2 1
61567 0 170 5 1
62372 1 171 2 3
62371 0 171 5 3
62432 1 172 2 0
62175 1 173 3 1
61803 1 173 2 3
61801 0 173 5 3
62176 0 173 5 1
62434 1 173 5 0
71085 1 174 2 2
62435 1 174 2 3
62556 1 176 1 4
62652 1 177 2 3
62231 1 178 2 1
62232 0 178 5 1
61830 1 179 3 1
62638 0 181 5 1
535650 1 185 2 3
535652 0 185 5 3
60920 1 187 3 1
61487 1 191 2 4
62184 1 192 2 1
60919 1 193 2 0
60921 0 193 5 0
60923 0 193 5 0
62192 1 195 2 3
62191 1 197 3 1
62189 0 197 5 1
62192 0 197 5 1
62193 0 197 5 1
61134 1 205 2 1
61132 0 205 5 1
61136 0 205 8 1
61092 1 206 3 0
61135 1 207 5 3
