274808 1 3 3 0
274809 0 3 3 0
274811 0 3 3 0
530501 1 4 2 0
319748 1 4 2 0
215741 1 4 2 3
215739 0 4 3 3
215740 0 4 3 3
319749 0 4 3 0
319751 0 4 3 0
530502 0 4 3 0
530503 0 4 3 0
297372 1 6 3 3
293775 1 6 2 3
297370 0 6 3 3
272401 1 7 2 3
213987 1 7 1 2
213986 0 7 3 2
272400 0 7 3 3
392691 1 8 3 2
392690 0 8 3 2
473185 1 9 2 3
473184 0 9 3 3
292045 1 10 4 1
293207 1 10 2 1
290647 1 10 2 1
272403 1 10 2 2
272404 0 10 3 2
292044 1 11 3 1
292046 1 11 3 1
290644 1 14 3 3
293202 1 14 2 1
293205 1 14 1 1
290641 0 14 3 3
290642 0 14 3 3
290643 0 14 3 3
290645 0 14 3 3
293206 0 14 3 1
293207 0 14 3 1
293208 0 14 3 1
290377 1 15 4 1
185165 1 15 1 2
185164 0 15 3 2
185166 0 15 3 2
185167 0 15 3 2
288946 1 16 2 2
288944 0 16 3 2
288947 0 16 3 2
290378 1 16 3 1
290379 1 16 3 1
290380 1 16 3 1
291091 1 17 3 1
290755 1 17 3 1
291090 0 17 3 1
291092 0 17 3 1
291143 1 20 3 1
290379 1 20 2 3
292274 1 21 4 1
291144 1 21 3 1
291721 1 22 4 1
292650 1 22 2 1
554424 1 23 3 3
292683 1 23 2 1
291132 1 23 2 1
291133 0 23 3 1
291134 0 23 3 1
291722 1 23 3 1
292651 1 23 3 1
292652 1 23 3 1
292680 0 23 3 1
292682 0 23 3 1
292685 0 23 3 1
554422 0 23 3 3
292028 1 25 2 2
291206 1 26 3 1
291205 1 27 3 1
291207 1 27 3 1
291208 1 27 3 1
291209 1 27 3 1
291210 1 27 3 1
291742 1 28 3 1
291739 0 28 3 1
291744 0 28 3 1
293146 1 29 3 1
293145 0 29 3 1
293148 0 29 3 1
290382 1 30 3 0
292548 1 33 3 1
293229 1 33 2 1
293228 0 33 3 1
293230 0 33 3 1
290712 1 37 2 3
291744 1 40 2 3
293219 1 42 3 1
292857 1 43 3 1
292858 0 43 3 1
292860 0 43 3 1
292861 0 43 3 1
290431 1 44 3 3
290429 0 44 3 3
291107 1 45 2 3
291105 0 45 3 3
33913 1 46 2 2
33911 0 46 3 2
33912 0 46 3 2
386301 1 47 3 3
386299 0 47 3 3
291098 1 48 2 3
291099 0 48 3 3
386105 1 50 1 3
345067 1 52 3 2
345068 1 53 3 2
344519 1 55 1 1
344521 0 55 5 1
344522 0 55 3 1
344414 1 58 3 1
344520 1 59 2 1
344866 1 60 1 1
344869 0 60 3 1
344870 0 60 3 1
345190 1 62 2 1
344330 1 62 2 1
344332 0 62 3 1
345823 1 63 4 1
344522 1 64 1 3
345824 1 64 3 1
345825 1 64 3 1
345826 1 64 3 1
345827 1 64 3 1
345362 1 66 3 3
344329 1 66 3 1
345682 1 67 1 1
344331 1 67 3 1
344332 1 67 3 1
345681 0 67 3 1
345751 1 68 3 1
344906 1 69 3 2
345822 1 70 3 0
345823 1 71 3 0
345824 1 71 3 0
345753 1 72 2 3
345360 1 72 2 1
344390 1 72 1 1
344392 0 72 3 1
345361 0 72 3 1
345751 0 72 3 3
345366 1 73 2 3
345367 0 73 3 3
345797 1 74 2 4
345683 1 74 2 2
345681 0 74 3 2
345682 0 74 3 2
345684 0 74 3 2
345805 1 76 1 3
345826 1 78 2 3
345368 1 78 1 0
345370 0 78 3 0
345371 0 78 3 0
345372 0 78 3 0
78165 1 80 2 2
345371 1 84 3 3
345369 0 84 3 3
345370 0 84 3 3
