215739 8
215740 8
228250 8
228251 8
319751 8
360871 8
360873 8
475491 9
228248 10
434920 12
434924 12
174322 13
320999 13
321000 13
321004 13
321003 14
168710 15
228071 16
228074 16
321002 18
228072 21
228074 21
228074 26
522256 36
521273 37
521275 37
521276 37
522011 37
523183 38
523006 40
522740 42
523004 43
521561 44
522790 44
523065 45
521885 48
522230 48
522231 48
521466 50
521467 50
522325 50
521889 51
521891 51
522984 52
522985 52
522947 53
522948 53
533249 54
533250 54
522034 55
523053 55
478796 59
522193 59
520474 62
523020 64
523022 64
523023 64
530096 66
523021 67
521688 68
521572 70
521573 70
522963 72
522964 72
521571 73
521309 74
522682 77
522683 77
326886 79
326887 79
521257 79
238272 88
522405 89
521650 93
521648 99
521650 99
523067 105
523071 105
521460 106
521462 106
521463 106
