12264 0 6 6 3 0
23745 1 3 6 3 0
135107 0 6 6 3 0
156253 1 4 6 1 0
170835 0 6 6 2 1
177181 1 2 6 3 1
193766 0 6 6 2 0
200660 0 6 6 3 0
250431 0 6 6 1 0
285440 0 6 6 3 0
315363 1 2 6 4 1
417367 1 4 6 3 0
420321 1 3 6 4 0
446788 0 6 6 3 0
461946 0 6 6 3 0
467587 0 6 6 3 0
492188 1 3 6 3 0
514951 0 6 6 2 0
539819 1 4 6 3 0
547591 1 3 6 1 0
153836 0 6 7 2 1
163399 1 3 7 3 1
113873 0 6 8 3 0
169930 1 2 8 3 0
176689 1 1 8 4 0
157456 1 3 9 1 0
353819 0 6 9 4 0
492189 0 6 9 3 0
156256 0 6 10 3 0
163405 0 6 10 3 0
250153 1 4 10 1 0
400507 0 6 10 3 0
402351 0 6 10 3 0
524135 0 6 10 2 0
547590 0 6 10 1 0
548149 0 6 10 1 0
300202 1 3 11 3 0
310507 1 2 11 3 0
156872 1 3 12 4 1
157457 0 6 12 1 0
157458 1 2 12 3 0
548151 0 6 12 3 0
156863 0 6 13 1 0
402350 1 3 13 2 0
156255 1 4 14 3 0
156472 0 6 14 1 0
156859 1 4 14 1 0
238028 1 3 14 3 0
250154 1 3 14 3 0
353820 0 6 14 4 0
26664 1 3 15 3 1
156314 1 4 15 3 0
156423 0 6 15 1 0
155948 0 6 16 1 0
156131 0 6 16 1 0
156062 1 2 17 3 0
156422 0 6 17 1 0
156426 0 6 17 3 0
156861 0 6 17 3 0
157402 0 6 17 1 0
547120 1 2 18 4 0
156424 0 6 19 3 0
156425 0 6 19 3 0
157407 1 3 19 1 0
148522 1 4 20 3 0
156631 1 4 20 1 0
157108 0 6 20 1 0
157401 1 4 20 1 0
48747 1 4 21 3 0
157403 0 6 21 1 0
48745 1 3 22 1 0
156254 0 6 22 1 0
157400 1 4 22 1 0
156345 0 6 23 3 0
157490 1 3 23 1 0
49007 0 6 24 1 0
48549 1 3 25 1 0
49105 0 6 25 1 0
50010 1 4 25 1 0
157107 1 2 26 1 0
48730 0 6 27 2 0
49009 0 6 28 3 0
49952 1 3 28 1 0
50013 0 6 28 3 0
175082 1 3 30 3 0
50008 0 6 31 1 0
251777 1 3 31 3 0
50014 1 3 32 3 0
50012 0 6 33 3 1
523524 1 5 33 2 0
33366 1 4 34 3 0
48813 1 4 34 1 0
49010 0 6 34 3 0
208990 0 6 34 2 0
251772 1 3 34 3 0
251769 1 4 35 0 0
549668 1 3 35 3 0
48566 1 3 36 3 0
48729 0 6 36 1 0
48816 0 6 36 3 0
50006 0 6 36 3 0
33369 1 3 37 4 0
199436 1 3 37 4 0
251773 1 2 38 1 0
549673 1 4 38 1 0
17396 0 6 39 3 0
48728 1 2 39 4 0
312475 0 6 39 3 0
321109 1 4 40 2 1
359908 0 6 40 2 1
548273 1 3 40 1 0
48727 0 6 41 3 1
549952 1 4 41 1 0
548274 0 6 43 3 0
549535 1 4 43 1 0
197042 1 2 44 2 0
549067 0 6 44 1 0
549068 1 3 44 1 0
549674 1 3 44 2 0
549951 1 3 44 1 0
549536 0 6 45 1 0
549856 0 6 45 1 0
548551 0 6 46 1 0
549069 0 6 46 3 0
550037 0 6 46 1 0
548835 0 6 47 1 0
549070 1 2 47 3 0
549539 0 6 48 3 0
549742 1 3 48 1 0
549820 1 4 48 1 0
548394 1 5 49 1 0
550039 1 3 49 3 1
548668 0 6 50 1 0
548556 0 6 51 3 0
550082 1 2 51 1 0
549533 0 6 52 2 0
549537 0 6 52 1 0
329382 1 5 53 3 0
550081 1 2 53 1 0
548475 1 4 54 1 0
549075 1 3 54 1 0
549296 1 4 54 1 0
548525 0 6 55 1 0
548555 1 4 55 2 0
549894 0 6 55 1 0
544227 0 6 56 3 0
548387 1 4 56 4 1
549679 1 4 56 1 0
550083 1 3 56 3 0
550084 0 6 56 3 0
549681 1 3 57 1 0
549857 1 4 57 1 0
549867 1 3 57 1 0
548307 0 6 58 1 0
548493 0 6 58 1 0
548721 1 2 58 1 0
548968 1 2 58 4 0
549021 1 4 58 1 0
549035 1 4 58 1 0
549680 0 6 58 1 0
550077 0 6 58 2 0
177390 1 4 59 3 1
549036 0 6 59 1 0
373659 0 6 60 2 0
436855 0 6 60 3 1
548515 0 6 60 3 0
548821 0 6 60 1 0
549121 1 3 60 1 0
549184 1 3 60 4 1
549321 1 4 60 1 0
548513 1 4 61 1 0
548856 1 3 61 1 0
548898 0 6 61 1 0
549020 1 3 61 1 0
549039 1 3 61 3 0
549120 0 6 61 1 0
549299 1 4 61 1 0
549337 0 6 61 1 0
287376 1 2 62 3 0
548722 1 2 62 1 0
548301 0 6 63 1 0
548767 0 6 63 1 1
548877 0 6 63 4 0
550021 1 4 63 1 0
436860 0 6 64 3 0
548900 1 4 64 3 1
549123 1 3 64 3 0
549148 1 2 64 1 0
549154 0 6 64 1 0
549905 0 6 64 1 0
374867 1 3 65 1 0
548302 1 4 65 3 0
548303 1 3 65 3 1
548923 1 4 65 1 0
549126 0 6 65 4 0
549147 1 5 65 1 0
549066 0 6 66 4 1
549152 0 6 66 1 0
549451 1 4 66 1 0
549573 1 4 66 2 0
549906 1 4 66 3 0
548545 0 6 67 1 0
548610 0 6 67 1 1
548769 0 6 67 3 0
549648 1 2 67 1 0
459717 1 2 68 2 0
548926 1 3 68 3 0
549142 1 3 68 1 0
549149 1 4 68 1 0
549153 1 3 68 1 0
549570 1 3 68 0 0
549685 0 6 68 1 0
373230 0 6 69 1 0
548897 0 6 69 1 0
548924 0 6 69 1 0
549650 1 4 69 1 0
549743 1 4 69 1 0
548609 1 2 70 1 0
548759 0 6 70 1 0
548925 0 6 70 3 0
549151 0 6 70 3 0
549300 1 3 70 1 0
548519 1 3 71 3 0
548801 0 6 71 1 0
548842 1 5 71 1 0
549157 1 2 71 3 0
549644 0 6 71 3 0
549652 1 2 71 3 1
549659 0 6 71 1 0
549733 0 6 71 1 0
117279 1 4 72 3 1
548516 1 4 72 1 0
548852 1 3 72 4 1
549167 0 6 72 1 0
549634 1 2 72 1 0
549922 1 4 72 3 0
549947 1 3 72 1 0
363804 0 6 73 3 0
548379 0 6 73 1 0
548761 1 3 73 3 0
548934 1 4 73 1 0
549487 0 6 73 1 0
549734 1 3 73 1 0
549920 0 6 73 1 0
548540 0 6 74 3 0
548636 0 6 74 1 0
548843 1 3 74 1 0
549295 1 3 74 1 0
549432 0 6 74 1 0
549923 0 6 74 3 0
548399 0 6 75 3 0
549638 0 6 75 3 0
549660 0 6 75 1 1
549799 0 6 75 1 0
548790 1 3 76 1 0
548935 0 6 76 3 0
549687 1 1 76 1 0
548585 0 6 77 1 1
548725 1 3 77 1 0
548789 1 3 77 1 0
549617 1 2 77 1 0
548315 1 2 78 1 0
548348 1 2 78 1 0
548845 1 4 78 3 1
549331 0 6 78 1 0
549488 1 3 78 2 0
548538 1 3 79 1 0
548726 0 6 79 3 0
549688 1 3 79 1 0
548346 1 4 80 0 0
548356 0 6 80 2 1
548976 1 3 80 1 0
549662 1 4 80 3 0
549763 0 6 80 1 0
550025 1 2 80 1 0
548565 0 6 81 1 0
288783 1 2 82 4 0
440475 1 3 82 3 0
548580 1 3 82 1 0
549198 0 6 82 1 0
549486 1 4 82 1 0
549489 0 6 82 3 0
549509 1 2 82 1 0
549616 0 6 82 0 0
401868 0 6 83 3 0
548317 0 6 83 3 0
549185 1 4 83 1 0
548891 1 4 84 1 0
549490 0 6 84 3 0
549510 1 4 84 1 0
548564 1 4 85 0 0
549200 0 6 85 3 0
549332 1 2 85 1 0
415604 0 6 86 3 0
548930 1 3 86 1 0
549515 0 6 86 3 0
549518 0 6 86 0 0
550137 1 3 86 1 0
548579 0 6 87 1 0
549491 0 6 87 3 0
549514 0 6 87 2 0
548419 0 6 89 4 1
548586 1 3 89 1 0
548868 0 6 89 1 1
554217 0 6 89 3 0
503956 1 3 90 3 1
549517 0 6 90 0 0
550138 1 5 90 3 0
546031 0 6 91 2 0
548583 0 6 91 1 0
548957 1 2 91 1 0
549422 0 6 91 4 0
415600 0 6 92 1 0
546029 0 6 92 1 0
548584 0 6 92 1 1
548866 1 5 92 1 0
548869 1 4 93 3 0
549421 1 4 93 4 1
549718 1 2 93 1 0
550069 0 6 93 4 1
550136 0 6 93 0 0
549040 0 6 95 3 0
549723 0 6 95 2 0
545791 1 3 96 1 0
548959 1 4 96 3 0
548955 0 6 97 0 0
549721 1 3 97 3 0
549717 0 6 98 0 0
545472 1 5 99 1 0
548956 1 4 100 1 0
545297 1 3 101 1 0
545471 0 6 101 1 0
545790 1 4 101 0 0
546112 1 3 101 3 0
545793 0 6 102 3 1
545473 0 6 103 3 0
545474 0 6 103 3 0
545622 1 3 103 1 0
548958 0 6 103 3 0
545625 1 4 104 3 0
544995 1 3 105 3 0
545148 0 6 105 1 0
545470 0 6 105 1 0
545300 1 2 106 3 0
469068 1 3 107 3 0
545280 1 4 107 1 0
546043 1 3 107 1 0
544994 0 6 108 1 0
545299 0 6 108 3 0
480491 1 3 109 3 1
545759 1 3 109 1 0
546041 0 6 110 1 0
546233 1 4 110 1 0
544806 1 5 111 1 0
545207 1 3 111 1 0
546235 0 6 111 3 0
545073 0 6 112 1 0
545744 0 6 112 1 0
545755 1 3 112 1 0
544589 1 5 113 1 0
545925 0 6 113 1 0
545082 0 6 114 1 0
545208 1 2 114 2 0
546217 0 6 114 1 0
545052 0 6 115 1 0
546231 0 6 115 0 1
546268 1 3 115 1 0
544590 1 3 116 3 0
544604 1 2 116 1 0
545089 0 6 116 3 0
545291 0 6 116 1 0
545053 0 6 117 1 0
545406 0 6 117 1 0
545745 0 6 117 1 0
545154 1 4 118 1 0
546266 0 6 118 0 0
544864 1 4 119 1 0
545410 1 3 119 0 0
544611 1 3 120 4 0
545262 0 6 120 1 0
64813 0 6 121 2 0
544865 0 6 122 1 0
546270 0 6 122 3 0
546274 1 2 122 0 0
544866 1 4 125 3 0
545275 0 6 125 1 0
546325 0 6 125 0 0
41527 1 4 128 3 0
546327 1 4 128 1 0
546334 0 6 128 3 0
545896 1 2 130 1 0
545599 0 6 131 2 0
546377 0 6 131 1 0
546013 1 4 132 2 0
544745 1 3 134 1 0
545851 0 6 134 3 0
544657 1 2 135 1 1
546378 1 4 135 1 0
546374 0 6 138 3 0
544743 1 3 139 0 0
