66332 1 3 6 3 0
83815 0 6 6 4 0
114646 0 6 6 3 0
117078 0 6 6 1 0
156260 0 6 6 3 0
179002 1 3 6 3 0
179918 1 2 6 3 0
215365 0 6 6 1 0
220831 1 3 6 3 0
226169 0 6 6 3 0
254397 0 6 6 3 0
274671 1 2 6 1 0
282808 1 1 6 3 0
297979 0 6 6 2 0
360624 1 2 6 2 0
419512 0 6 6 1 0
426617 0 6 6 2 1
527550 0 6 6 3 0
539580 0 6 6 2 1
553745 0 6 6 3 0
271417 0 6 8 3 0
527551 0 6 8 3 1
214754 1 2 9 3 0
220833 0 6 9 4 0
255832 0 6 9 3 0
419509 1 4 9 1 0
274672 0 6 10 2 0
419485 0 6 10 1 0
419510 0 6 10 1 0
420328 1 3 10 1 0
422187 1 4 10 3 1
66328 0 6 11 1 0
179923 1 4 11 3 0
214872 0 6 11 3 0
419891 0 6 11 1 0
116387 1 3 12 1 0
116955 0 6 12 1 0
419108 1 5 12 1 0
419965 0 6 12 1 0
115997 1 4 13 1 0
116956 0 6 13 1 0
419107 0 6 13 1 0
419530 0 6 13 1 0
117487 1 2 14 1 0
179921 0 6 14 1 0
420033 1 4 14 1 0
420489 0 6 14 1 0
420608 1 3 15 1 0
420680 1 4 15 1 0
115998 0 6 16 3 0
116479 0 6 16 1 0
117488 1 3 16 1 0
419106 0 6 16 1 0
419514 1 2 16 3 0
117486 0 6 17 0 0
419465 1 4 17 1 0
419941 1 4 17 1 0
420689 1 3 17 1 0
115619 1 3 18 1 0
116484 0 6 18 1 0
116886 0 6 18 1 0
419105 0 6 18 0 0
419464 0 6 18 1 0
420692 0 6 18 3 0
419754 0 6 19 1 0
419848 0 6 19 1 0
419971 1 4 19 1 0
420548 0 6 19 1 0
117471 0 6 20 1 0
419444 1 3 20 1 0
419463 0 6 20 1 0
419809 0 6 20 1 0
419850 0 6 20 1 0
420476 1 2 20 1 1
420488 1 5 20 1 0
420682 0 6 20 1 0
116926 0 6 21 1 0
419849 1 2 21 1 0
420691 0 6 21 3 0
116083 0 6 22 1 0
117232 1 2 22 1 1
419973 0 6 22 1 0
420477 1 4 22 3 0
419109 0 6 23 3 0
419446 0 6 23 3 0
419852 0 6 23 3 0
420301 1 4 23 1 1
420414 1 4 23 1 0
420466 0 6 23 1 0
420490 1 3 23 1 0
420674 1 3 23 1 0
420839 0 6 23 1 0
115840 1 3 24 1 0
117233 0 6 24 1 0
117473 0 6 24 3 0
419447 1 3 24 3 0
420683 0 6 24 1 1
116654 1 5 25 1 0
117300 1 3 25 1 0
117470 1 2 25 1 0
418716 0 6 25 3 0
419135 0 6 25 1 0
419676 0 6 25 1 0
419694 0 6 25 4 0
419715 0 6 25 1 0
420843 1 2 25 3 0
116928 1 4 26 3 0
419185 0 6 26 3 0
419818 0 6 26 3 0
420557 1 4 26 1 0
115839 1 4 27 1 0
419717 0 6 27 1 0
117333 1 3 28 1 0
117472 1 3 28 2 1
140920 1 4 28 3 0
302444 1 4 28 3 1
419216 0 6 28 1 0
419675 1 3 28 0 0
117332 1 3 29 1 0
419693 0 6 29 3 0
419922 1 4 29 1 0
420469 0 6 29 3 1
469823 1 5 29 3 0
117149 1 3 30 1 0
294782 0 6 30 3 0
117150 0 6 31 1 0
481075 0 6 31 3 0
117425 0 6 32 1 0
117521 0 6 32 1 0
419217 0 6 32 1 0
419688 1 2 32 3 0
420873 0 6 32 1 0
115636 1 3 34 2 0
116758 0 6 34 1 0
419258 1 4 34 4 0
117044 1 3 35 1 0
117535 1 2 36 3 0
116760 0 6 37 3 0
117045 1 2 37 1 0
419219 0 6 37 3 0
117530 0 6 38 3 0
