215739 8
215740 8
228250 8
228251 8
319751 8
360871 8
360873 8
475491 9
228248 10
434920 12
434924 12
174322 13
320999 13
321000 13
321004 13
321003 14
168710 15
228071 16
228074 16
321002 18
228072 21
228074 21
228074 26
522256 36
521273 37
521275 37
521276 37
522011 37
523182 38
523004 40
523007 40
522257 42
522585 44
491813 46
522582 47
311012 49
433380 50
522420 52
522422 52
523120 54
521439 56
522779 57
443146 58
443147 58
421190 62
443439 63
442724 65
442718 67
523020 67
523022 67
442708 69
442709 69
443437 70
443439 70
443440 70
523031 70
443699 72
443698 74
442339 75
442341 79
