401859 1 2 4 4
333187 1 3 3 0
45746 1 3 3 4
401857 1 3 3 4
559342 1 5 1 4
429161 1 5 1 3
218919 0 5 3 2
559343 0 5 3 4
143873 1 6 3 1
142273 1 6 3 1
142271 1 6 2 1
218918 1 6 0 2
478883 1 7 3 3
213741 1 7 2 3
143872 1 7 3 1
213738 0 7 3 3
213740 0 7 3 3
454142 1 8 2 1
265907 1 8 2 3
265904 0 8 3 3
454144 0 8 3 1
478880 1 8 3 3
283142 1 10 3 1
431231 1 10 2 2
213379 1 10 2 1
213381 0 10 3 1
431232 0 10 3 2
142689 1 11 1 1
397271 1 13 3 1
214262 1 13 3 3
398959 1 14 2 1
397272 1 14 3 1
397273 1 14 3 1
398957 0 14 3 1
398960 0 14 3 1
214039 1 15 2 1
214038 0 15 3 1
214335 1 17 4 1
214260 1 17 2 2
214039 0 17 3 2
214042 0 17 3 2
214040 1 18 2 1
397130 1 19 2 3
397129 0 19 3 3
397853 1 21 3 1
214042 1 21 3 3
397342 1 21 1 1
214038 0 21 3 3
214039 0 21 3 3
214041 0 21 3 3
397857 0 21 3 1
398329 0 22 3 1
213793 1 23 2 1
213794 0 23 3 1
397350 1 24 2 1
397351 0 24 3 1
397353 0 24 3 1
398297 1 25 2 1
213476 1 25 2 1
399163 0 25 3 3
399164 0 25 3 3
399169 0 25 3 3
235451 1 26 4 1
398951 1 26 2 1
398706 1 26 2 1
398331 1 26 2 3
398329 0 26 3 3
398709 0 26 3 1
235454 1 27 2 3
235449 1 27 3 1
235453 0 27 3 3
399343 0 27 3 3
213632 1 28 4 0
14032 1 28 3 3
464684 1 28 2 3
214441 1 28 2 3
213633 1 28 2 1
213635 0 28 3 1
214438 0 28 3 3
213478 1 29 2 3
213470 1 29 2 1
213469 0 29 3 1
213471 0 29 3 1
213472 0 29 3 1
397815 1 30 4 1
398805 1 30 3 1
398035 1 30 2 1
398804 1 31 3 1
214024 1 31 3 1
214163 1 31 2 4
214023 0 31 3 1
214026 0 31 3 1
214027 0 31 3 1
398807 1 31 3 1
398334 1 32 4 0
234675 1 32 3 2
398375 1 32 2 1
213469 1 32 1 1
234676 0 32 3 2
398585 1 33 3 3
398036 1 33 2 1
389911 1 33 2 1
213213 1 33 2 3
389913 0 33 3 1
398376 1 33 3 1
389804 1 34 3 3
388870 1 34 3 1
398697 1 34 2 0
388867 0 34 3 1
388868 0 34 3 1
389801 0 34 3 3
389802 0 34 3 3
399254 1 35 3 1
213208 1 35 3 4
390174 1 35 2 1
398903 1 35 1 1
213209 0 35 3 4
398902 0 35 3 1
399252 0 35 3 1
399256 0 35 3 1
235279 1 37 3 1
397519 1 37 1 1
296269 1 37 1 4
296268 0 37 3 4
213002 1 38 4 1
398700 1 38 2 3
389189 1 38 2 3
388844 1 38 2 1
399252 1 38 1 0
389187 0 38 3 3
389188 0 38 3 3
399255 0 38 3 0
399256 0 38 3 0
397964 1 39 2 3
213001 1 39 3 1
213004 1 39 3 1
397965 0 39 3 3
398819 1 40 3 1
214311 1 40 3 1
398820 0 40 3 1
388615 1 41 2 3
388612 0 41 3 3
388613 0 41 3 3
388614 0 41 3 3
133305 1 42 2 1
163362 1 42 1 3
213347 1 43 3 1
213348 0 43 3 1
213349 0 43 3 1
389498 1 45 3 2
392160 1 45 2 3
133669 1 45 2 2
132893 1 45 2 3
133028 1 45 1 1
132894 0 45 3 3
133025 0 45 3 1
133670 0 45 3 2
133671 0 45 3 2
389777 1 46 2 4
213496 1 46 2 1
213497 0 46 3 1
213499 0 46 3 1
389497 1 46 3 2
390329 1 47 3 1
256470 1 47 3 3
390328 0 47 3 1
390330 0 47 4 1
390331 0 47 5 1
389950 1 48 4 1
132894 1 48 2 3
389854 1 49 2 1
213349 1 49 2 3
134281 1 49 2 3
108419 1 51 3 2
213529 1 52 3 3
133023 1 52 3 3
389295 1 52 2 1
213497 1 52 1 1
108420 1 52 3 2
133024 0 52 3 3
213494 0 52 3 1
213530 1 53 3 3
46521 1 54 2 2
46520 0 54 3 2
213499 0 54 3 0
333613 1 55 2 2
333614 1 57 2 2
133021 1 57 1 0
133023 0 57 3 0
333613 0 57 3 2
242449 1 58 2 3
401039 1 59 1 3
401036 0 59 3 3
214071 1 66 2 1
214072 0 66 3 1
214073 0 66 3 1
214227 1 69 2 3
213489 1 70 3 1
213487 1 71 3 1
213370 0 73 3 4
