417368 9
539818 9
492189 10
12265 11
177179 11
177182 11
157458 13
157459 13
169927 13
169929 13
250154 14
300201 15
310506 16
548150 16
156470 18
156474 18
289883 18
524134 20
524137 20
523627 22
523628 22
523629 22
238027 23
238028 23
461879 25
461882 25
157451 29
156701 30
156702 30
237067 31
237068 31
237070 31
237072 31
238178 31
238181 31
238182 31
238023 33
238028 33
238177 34
238179 34
237751 35
237526 37
238479 37
238482 39
237525 40
237527 40
238481 41
156815 42
238602 44
236821 49
238034 49
236974 52
236976 52
238089 52
238850 52
237656 53
237780 53
238223 53
238224 53
236951 54
236952 54
236941 55
237482 55
237655 55
236964 56
236967 56
237730 61
237781 61
237782 61
238507 61
238508 61
238120 62
238510 62
54662 63
237043 63
237140 63
32957 64
237780 64
238358 64
236926 66
237039 66
237042 66
238632 66
237143 67
293419 67
293420 67
293422 67
293424 67
235537 68
236924 68
237144 68
237247 68
237293 68
237972 69
237973 69
238628 70
238630 70
238631 70
381442 70
381436 71
381438 71
382611 73
237248 74
238627 74
481445 74
381178 75
237245 76
241238 77
236878 78
381607 79
236876 80
381418 80
381603 80
381604 80
381254 82
381739 85
381740 85
563424 85
563426 85
265277 86
560720 88
241245 89
241246 89
381256 89
381257 89
381261 89
381737 89
562437 89
563422 89
381917 90
381919 90
382592 90
382775 91
381491 92
381493 92
382581 93
381809 94
382720 94
382721 94
562435 94
562438 94
381737 95
381741 95
381869 95
382849 95
382850 95
382851 95
381944 96
381969 96
382887 97
381489 98
381895 98
381851 99
381853 99
382462 100
382463 100
382464 100
382465 100
382701 101
454669 104
382214 105
382215 105
381466 107
381467 107
382797 108
382798 108
454667 108
454668 108
179240 109
382579 109
382606 109
382662 109
382784 109
179248 110
381190 110
382722 110
382604 111
382673 111
382674 111
179243 112
382574 112
382576 112
382578 112
382866 113
382868 113
382869 113
382570 114
382575 114
382577 114
382660 114
382665 114
382603 116
382606 116
289883 274
