220831 1 4 2 3
179002 1 4 2 3
66332 1 4 2 3
66328 0 4 5 3
220830 0 4 5 3
274670 0 4 5 1
274674 0 4 5 1
274675 0 4 5 1
360624 1 5 1 2
274671 1 5 1 1
179918 1 5 1 3
179919 0 5 5 3
419509 1 6 3 1
282808 1 6 0 3
419510 0 6 5 1
419511 0 6 5 1
419512 0 6 5 1
419514 0 6 5 1
422187 1 7 3 3
419108 1 8 4 1
179923 1 8 3 3
420328 1 8 2 1
214754 1 8 1 3
179921 0 8 5 3
419109 1 9 5 1
115997 1 10 3 1
116387 1 10 2 1
116389 0 10 5 1
420033 1 11 3 1
420034 0 11 5 1
420035 0 11 5 1
420036 0 11 5 1
419966 1 12 4 1
419108 0 12 5 1
419871 1 13 2 1
116384 1 13 2 1
117487 1 13 1 1
116958 0 13 5 2
117490 0 13 5 1
419964 1 13 5 1
419965 1 13 5 1
117142 1 14 4 4
420100 1 14 3 1
420490 1 14 2 1
116393 0 14 5 3
420491 0 14 5 1
420492 0 14 5 1
420488 1 15 3 1
117488 0 15 6 3
420037 1 15 1 3
117486 0 15 5 1
117490 0 15 5 1
419544 0 15 5 1
420032 0 15 5 3
420033 0 15 5 3
420034 0 15 5 3
420491 0 15 5 1
293109 1 16 3 3
117489 1 16 2 3
117486 0 16 5 3
117490 0 16 5 3
419552 1 17 3 1
115663 1 17 3 1
115631 1 17 3 1
419754 1 17 2 1
115661 0 17 5 1
419551 0 17 5 1
419753 0 17 5 1
116887 1 18 3 1
419722 1 18 2 1
414335 1 18 2 3
116748 1 18 2 1
115634 1 18 5 1
116750 0 18 5 1
116886 0 18 5 1
116741 1 19 4 1
116685 1 19 4 1
547538 1 19 3 3
419315 1 19 3 1
116351 1 19 3 1
115611 1 19 3 1
115697 1 19 2 3
117044 1 19 1 1
115612 0 19 5 1
115613 0 19 5 1
115696 0 19 5 3
420060 1 20 2 1
116026 1 20 2 1
115664 1 20 2 3
115661 0 20 5 3
115662 0 20 5 3
116027 0 20 5 1
116352 1 20 5 1
116686 1 20 5 1
116687 1 20 5 1
116743 1 20 5 1
117255 0 20 5 1
117260 0 20 5 1
419374 1 21 4 1
139411 1 21 2 3
419968 1 21 1 3
117257 1 21 1 1
419965 0 21 5 3
419966 0 21 5 3
419440 1 22 3 1
117256 1 22 3 1
116889 0 22 5 1
419646 1 22 2 1
117016 1 22 2 1
489335 1 22 1 3
116887 0 22 5 1
116890 0 22 5 1
117015 0 22 5 1
117017 0 22 5 1
117018 0 22 5 1
117257 0 22 5 1
419373 1 22 5 1
419375 1 22 5 1
419753 0 23 6 3
419139 1 23 2 1
414336 1 23 2 3
39504 1 23 2 2
420055 1 23 1 2
419551 1 23 1 1
39503 0 23 5 2
414331 0 23 5 3
414333 0 23 5 3
414334 0 23 5 3
414335 0 23 5 3
440226 1 24 3 1
420689 1 24 3 1
419755 0 24 5 3
440228 0 24 5 1
420043 1 25 3 1
419554 1 25 3 3
117259 1 25 3 3
117023 1 25 1 4
116782 1 25 1 1
116780 0 25 5 1
259390 1 26 4 3
420552 1 26 2 4
547537 1 26 1 3
117255 1 26 5 3
117261 1 26 5 3
547539 1 27 3 3
510605 1 27 3 3
550876 1 27 1 4
259385 1 27 5 3
259388 1 27 5 3
259389 1 27 5 3
510602 0 27 5 3
510604 0 27 5 3
551897 1 28 3 3
420041 1 28 2 1
420040 0 28 5 1
420042 0 28 7 1
420367 1 29 2 1
551896 1 29 5 3
117323 1 30 2 0
117324 0 30 5 0
117328 0 30 5 0
420041 0 30 5 1
420045 0 30 5 1
117325 1 31 2 1
115797 1 31 1 1
115798 0 31 5 1
420040 0 31 5 3
420043 0 31 5 3
420044 0 31 5 3
510605 0 31 5 1
116943 1 32 2 1
548055 1 32 1 4
259389 1 32 1 2
116221 1 32 1 1
116942 0 32 5 1
116946 0 32 5 1
259385 0 32 5 2
259386 0 32 5 2
259390 0 32 5 2
420602 1 33 4 1
420255 1 33 2 1
419973 1 33 2 1
419837 1 33 1 1
420040 0 33 5 3
420043 0 33 5 3
420045 0 33 5 3
420257 0 33 6 1
116811 1 34 2 1
116728 1 34 2 1
115935 1 34 2 1
115936 0 34 5 1
116730 0 34 5 1
420604 1 34 5 1
420605 1 34 5 1
115947 0 35 7 1
419971 1 35 1 1
116222 1 35 1 1
419972 0 35 5 1
419974 0 35 5 1
419140 1 36 3 1
420606 1 36 2 1
116226 1 36 2 4
115948 1 36 5 1
115950 1 36 5 1
116728 0 36 5 1
116731 0 36 5 1
420608 0 36 5 1
117533 1 37 3 1
117273 1 37 3 1
420254 1 37 2 0
115937 1 37 2 3
420185 1 37 1 4
115949 0 37 5 1
115950 0 37 5 1
420257 0 37 5 0
115930 1 38 2 3
420839 1 38 1 1
115929 0 38 5 3
115931 0 38 5 3
117535 1 38 5 1
420840 0 38 5 1
420841 0 38 5 1
117534 1 39 3 3
116812 1 39 1 3
116205 1 39 1 1
116762 1 40 2 1
116763 0 40 5 1
116806 1 41 3 1
117586 1 41 2 1
116479 0 41 5 1
116764 0 41 5 1
116810 0 41 5 1
117587 0 41 5 1
116478 1 42 1 1
117185 1 43 3 1
116772 1 43 3 3
116497 1 43 2 2
116698 1 45 3 4
116477 1 45 3 1
115825 1 45 3 1
116088 1 45 2 1
115824 0 45 5 1
115826 0 45 5 1
116087 0 45 5 1
116089 0 45 5 1
116476 0 45 5 1
116478 0 45 5 1
116089 0 46 5 1
71273 1 47 1 3
71272 0 47 5 3
116484 1 48 2 1
116480 1 48 2 3
115918 1 48 1 1
115917 0 48 5 1
116477 0 48 5 3
116478 0 48 5 3
115733 1 49 2 3
293430 1 50 3 1
293034 1 50 3 3
117557 1 50 3 1
116712 1 50 3 1
117559 0 50 5 1
117402 1 51 3 2
116817 1 51 3 3
116089 1 51 2 3
116088 0 51 5 3
354567 1 52 2 2
115917 0 52 5 1
115922 0 52 5 1
354568 1 53 5 2
146371 1 54 2 3
117232 1 55 3 1
117401 1 55 1 0
117400 0 55 5 0
149833 1 56 3 3
149830 0 56 5 3
149831 0 56 5 3
410111 1 57 3 2
115651 1 57 2 1
115650 0 57 5 1
119907 1 58 2 3
116324 1 58 1 1
119906 0 58 5 3
117125 1 60 2 1
117126 0 60 5 1
117127 0 60 5 1
351455 1 61 3 3
116327 1 61 3 3
116371 1 61 2 1
203644 1 61 1 2
346579 1 62 2 3
346574 0 62 5 3
346576 0 62 5 3
351453 1 62 5 3
116383 1 63 1 3
96999 1 63 1 2
116381 0 63 5 3
116327 0 65 5 3
117127 0 65 5 1
530600 1 66 2 3
117126 1 66 0 1
530597 0 66 5 3
247677 1 68 2 3
247676 0 68 5 3
261490 0 69 13 3
261480 1 72 3 4
247470 1 73 1 2
117521 1 74 3 1
117523 1 74 2 3
235549 1 75 3 3
116717 1 80 3 1
117532 1 80 2 1
261479 1 73 5 4
