220831 1 4 2 3
179002 1 4 2 3
66332 1 4 2 3
66328 0 4 5 3
220830 0 4 5 3
274670 0 4 5 1
274674 0 4 5 1
274675 0 4 5 1
360624 1 5 1 2
274671 1 5 1 1
179918 1 5 1 3
179919 0 5 5 3
419509 1 6 3 1
282808 1 6 0 3
419510 0 6 5 1
419511 0 6 5 1
419512 0 6 5 1
419514 0 6 5 1
422187 1 7 3 3
419108 1 8 4 1
179923 1 8 3 3
420328 1 8 2 1
214754 1 8 1 3
179921 0 8 5 3
419109 1 9 5 1
115997 1 10 3 1
116387 1 10 2 1
116389 0 10 5 1
420033 1 11 3 1
420034 0 11 5 1
420035 0 11 5 1
420036 0 11 5 1
419966 1 12 4 1
419108 0 12 5 1
419871 1 13 2 1
116384 1 13 2 1
117487 1 13 1 1
116958 0 13 5 2
117490 0 13 5 1
419964 1 13 5 1
419965 1 13 5 1
117142 1 14 4 4
420100 1 14 3 1
420490 0 14 6 1
420101 0 14 5 1
420489 0 14 5 1
420488 1 15 3 1
117488 0 15 6 3
420037 1 15 1 3
117141 1 15 5 4
117490 0 15 5 1
420491 0 15 5 1
293109 1 16 3 3
117489 1 16 2 3
115663 1 17 3 1
115631 1 17 3 1
419754 1 17 2 1
115662 0 17 5 1
115665 0 17 5 1
419757 0 17 5 1
420730 1 18 3 1
420721 1 18 2 3
414335 1 18 2 3
116748 1 18 2 1
115634 1 18 5 1
414336 0 18 5 3
420718 0 18 5 3
420720 0 18 5 3
420732 0 18 5 1
420800 1 19 3 1
123261 1 19 3 3
115661 1 19 3 0
420873 1 19 2 1
419759 1 19 2 1
117044 1 19 1 1
117046 0 19 5 1
123262 0 19 5 3
420875 0 19 5 1
420734 1 21 3 3
420434 1 21 3 3
420740 1 21 2 3
117261 1 21 2 3
115626 0 21 6 2
117255 0 21 5 3
117256 0 21 5 3
117258 0 21 5 3
420432 0 21 5 3
420572 0 21 5 1
420730 0 21 5 3
420738 0 21 5 3
419440 1 22 3 1
419175 1 22 3 1
357243 1 22 3 3
420611 1 22 2 4
419753 1 22 2 0
414331 1 22 2 0
357242 0 22 5 3
357244 0 22 5 3
414335 0 22 5 0
414336 0 22 5 0
419755 0 22 5 0
419756 0 22 5 0
419757 0 22 5 0
419441 1 23 3 3
419994 1 23 2 1
419188 1 23 2 1
333576 1 24 3 3
115628 1 24 3 2
116746 1 24 2 3
115626 0 24 5 2
115627 0 24 5 2
419593 1 25 3 0
420568 1 25 2 2
419765 1 25 2 1
414775 1 25 2 2
364712 1 25 1 3
364711 0 25 5 3
414774 0 25 5 2
420567 0 25 5 2
116116 1 26 2 1
116117 0 26 5 1
117242 1 27 2 1
117246 0 27 5 1
420070 1 28 2 1
204286 1 28 2 3
116115 1 28 2 0
115633 1 28 2 3
115630 1 28 2 0
115629 0 28 5 0
115632 0 28 5 0
115631 0 28 5 3
420071 0 28 5 1
420072 0 28 5 1
116944 1 29 2 1
116758 1 29 2 1
153070 1 29 1 3
116116 1 29 5 0
116943 0 29 5 1
116946 0 29 5 1
153068 0 29 5 3
153069 0 29 5 3
420674 1 30 3 1
419369 1 30 2 1
420677 0 30 5 1
116773 1 31 3 0
420180 1 31 2 1
420214 1 31 1 1
420212 0 31 5 1
420215 0 31 5 1
420216 0 31 5 1
420217 0 31 5 1
419511 1 32 3 1
116114 1 32 1 2
116775 1 32 5 0
419939 1 33 2 1
419940 0 33 5 1
419943 0 33 5 1
420184 1 34 2 3
343167 1 35 2 3
420181 1 35 5 3
420182 1 35 5 3
419670 1 36 3 1
419946 1 36 2 3
419671 0 36 5 1
419672 0 36 5 1
420420 1 37 4 0
419165 1 37 2 2
419882 1 38 2 2
419880 0 38 5 2
419883 0 38 5 2
420421 1 38 5 0
420422 1 38 5 0
420423 1 38 5 0
420424 1 38 5 0
419166 1 39 1 3
419167 0 39 5 3
420006 1 40 2 3
419738 1 42 3 2
419224 1 42 2 2
292542 1 43 2 3
421178 1 44 2 3
421177 0 44 5 3
419810 1 46 2 1
419809 0 46 5 1
253858 1 50 2 3
419813 0 46 5 1
