401857 1 3 3 4
401858 1 3 3 4
333188 1 4 3 0
333192 1 4 3 0
218919 0 5 3 2
559343 0 5 3 4
142274 0 6 3 1
143875 1 7 3 1
213738 0 7 3 3
213739 0 7 3 3
265904 0 8 3 3
265905 0 8 3 3
454141 0 8 3 1
454143 0 8 3 1
454144 0 8 3 1
478881 1 8 3 3
478884 1 8 3 3
452584 0 9 3 3
143896 0 10 3 1
143897 0 10 3 1
213380 0 10 3 1
213381 0 10 3 1
431229 0 10 3 2
431232 0 10 3 2
452866 0 12 3 3
452868 0 12 3 3
454142 0 12 3 1
454144 0 12 3 1
454145 0 12 3 1
143201 0 13 3 1
143204 0 13 3 1
213779 0 14 3 1
399263 0 14 3 1
399264 0 14 3 1
142720 0 15 3 4
143510 0 15 3 1
143512 0 15 3 1
453639 0 15 3 1
453640 0 15 3 1
142746 0 16 3 1
213767 0 16 3 1
213773 0 16 3 1
453411 0 16 3 3
453413 0 16 3 3
454142 0 16 3 1
454144 0 16 3 1
454145 0 16 3 1
454305 0 16 3 1
453414 0 17 3 3
453415 0 17 3 3
453419 0 17 3 3
454306 0 17 3 1
454307 0 17 3 1
213030 1 18 3 1
213031 1 18 3 1
453011 0 18 3 2
143739 1 19 3 3
213379 0 19 3 2
142483 0 20 3 3
142484 0 20 3 3
431237 0 20 3 2
431238 0 20 3 2
431239 0 20 3 2
431242 0 20 3 2
431243 0 20 3 2
453896 0 20 3 1
454784 0 20 3 1
454785 0 20 3 1
454786 0 20 3 1
454787 0 20 3 1
213029 0 21 3 3
213336 0 21 3 0
213337 0 21 3 0
213774 0 21 3 3
452697 0 21 3 1
452698 0 21 3 1
452699 0 21 3 1
142765 0 22 3 0
142766 0 22 3 0
213329 1 22 3 1
213331 1 22 3 1
213626 0 22 3 1
213627 0 22 3 1
405204 0 22 3 3
405207 0 22 3 3
454153 0 22 3 1
454154 0 22 3 1
454836 0 22 3 1
142476 1 23 3 1
142477 1 23 3 1
142968 0 23 3 0
143182 1 24 3 1
143183 1 24 3 1
213670 1 24 3 1
453989 0 24 3 0
453993 0 24 3 0
453994 0 24 3 0
453988 1 24 3 1
142681 0 25 3 3
213062 0 25 3 3
213064 0 25 3 3
213066 0 25 3 3
452575 0 25 3 1
452577 0 25 3 1
452578 0 25 3 1
452592 0 25 3 1
452590 0 25 3 1
452593 0 25 3 1
142476 0 26 3 3
142480 0 26 3 3
453855 0 26 3 3
453856 0 26 3 3
453858 0 26 3 3
454681 0 26 3 1
454683 0 26 3 1
454684 0 26 3 1
454685 0 26 3 1
454836 1 26 3 1
454840 1 26 3 1
454841 1 26 3 1
213003 0 27 3 1
213004 0 27 3 1
213005 0 27 3 1
213337 0 27 3 1
213673 1 27 3 3
453485 0 27 3 1
453487 0 27 3 1
454926 0 27 3 3
454927 0 27 3 3
142875 0 28 3 0
142876 0 28 3 0
142877 0 28 3 0
201069 0 28 3 3
201070 0 28 3 3
453745 1 28 3 1
470436 0 28 3 3
14381 0 29 3 3
14383 0 29 3 3
213065 0 29 3 1
213674 0 29 3 2
213677 0 29 3 2
214430 0 29 3 1
214432 0 29 3 1
453383 1 29 3 1
453525 0 29 3 1
143219 0 30 3 1
143221 0 30 3 1
143224 0 30 3 1
212818 0 30 3 1
212819 0 30 3 1
213214 1 30 3 1
213215 1 30 3 1
213217 1 30 3 1
213488 0 30 3 1
213489 0 30 3 1
142164 0 31 3 1
142165 0 31 3 1
142166 0 31 3 1
142167 0 31 3 1
143418 0 31 3 1
143419 0 31 3 1
200979 0 31 3 3
213753 0 31 3 1
213958 0 31 3 3
454154 0 31 3 3
453797 0 32 3 0
453798 0 32 3 0
453799 0 32 3 0
453823 0 32 3 1
453824 0 32 3 1
453826 0 32 3 1
454125 0 32 3 3
454127 0 32 3 3
454554 0 32 3 4
52657 0 33 3 3
212962 0 33 3 4
213925 0 33 3 1
142609 1 34 3 1
143329 0 34 3 1
143330 0 34 3 1
201220 0 34 3 1
213121 1 34 3 1
440090 1 34 3 2
440092 1 34 3 2
143052 0 35 3 1
143053 0 35 3 1
143419 0 35 3 1
213147 0 35 3 3
454836 0 35 3 1
454837 0 35 3 1
454841 0 35 3 1
143441 0 36 3 1
143442 0 36 3 1
30031 0 37 3 2
142610 0 37 3 3
142855 0 37 3 1
453618 0 37 3 2
454370 0 37 3 0
454375 0 37 3 0
143219 0 38 3 2
143222 0 38 3 2
143224 0 38 3 2
143417 0 38 3 1
143419 0 38 3 1
200445 0 38 3 1
200448 0 38 3 1
453619 0 38 3 3
453620 0 38 3 3
142981 0 39 3 1
143329 0 39 3 3
143436 0 39 3 0
143431 0 39 3 1
143432 0 39 3 1
143435 0 39 3 1
286841 0 39 3 3
286842 0 39 3 3
347138 0 39 3 3
347141 0 39 3 3
453803 1 39 3 1
454834 0 39 3 3
142530 1 40 3 0
142531 1 40 3 0
142532 1 40 3 0
142551 1 40 3 1
142554 1 40 3 1
142704 0 40 3 1
142706 0 40 3 1
143051 1 40 3 2
143054 1 40 3 2
183900 1 40 3 3
183903 1 40 3 3
285596 0 40 3 2
285597 0 40 3 2
453288 0 40 3 1
453289 0 40 3 1
212845 0 41 3 1
212846 0 41 3 1
123732 0 42 3 3
142597 0 42 3 1
142598 0 42 3 1
142600 0 42 3 1
142601 0 42 3 1
143564 0 42 3 1
201458 0 42 3 3
201459 0 42 3 3
201460 0 42 3 3
201461 0 42 3 3
142553 0 43 3 3
201479 1 43 3 1
201480 1 43 3 1
201483 1 43 3 1
212839 0 43 3 1
212842 0 43 3 1
212843 0 43 3 1
212844 0 43 3 1
212846 0 43 3 1
212842 0 43 3 1
212844 0 43 3 1
142600 0 44 3 1
143472 1 44 3 1
143473 1 44 3 1
143474 1 44 3 1
174699 0 44 3 2
199645 0 44 3 3
201185 0 44 3 1
201187 0 44 3 1
201479 0 44 3 1
201481 0 44 3 1
201482 0 44 3 1
213430 0 44 3 1
142598 0 45 3 0
142599 0 45 3 0
142600 0 45 3 0
142601 0 45 3 0
143466 0 45 3 1
143468 0 45 3 1
143469 0 45 3 1
213992 0 45 3 1
213994 0 45 3 1
454177 0 45 3 1
454180 0 45 3 1
143061 0 46 3 4
201187 0 46 3 1
201188 0 46 3 1
214024 0 46 3 0
214025 0 46 3 1
214027 0 46 3 1
143139 1 47 3 1
451088 0 47 3 1
453722 0 47 3 0
453723 0 47 3 0
143110 0 48 3 3
143308 1 48 3 1
201481 0 48 3 0
201482 0 48 3 0
201483 0 48 3 0
142224 1 49 3 1
142227 1 49 3 1
143439 1 49 3 0
143440 1 49 3 0
143441 1 49 3 0
214268 1 49 3 1
453207 0 50 3 0
453209 0 50 3 0
451675 0 51 3 2
61208 0 52 3 1
213082 1 52 3 1
214110 0 52 3 1
214111 0 52 3 1
214112 0 52 3 1
214108 0 52 3 3
214112 0 52 3 3
450588 0 52 3 1
143738 1 53 3 4
61215 0 54 3 2
142224 1 54 3 2
142227 1 54 3 2
142333 0 54 3 3
213285 0 54 3 3
451993 0 54 3 3
451995 0 54 3 3
62843 1 55 3 1
143428 1 55 3 1
214055 0 56 3 3
214056 0 56 3 3
502741 0 57 3 2
142717 0 58 3 1
143646 0 58 3 1
250101 0 58 3 3
48818 0 59 3 1
48819 0 59 3 1
48821 0 59 3 1
142722 0 59 3 3
142723 0 59 3 3
48818 0 60 3 1
48820 0 60 3 1
48821 0 60 3 1
143426 0 60 3 3
143427 0 60 3 3
143429 0 60 3 3
48819 1 61 3 0
48821 1 61 3 0
143571 0 61 3 1
143575 0 61 3 1
48819 0 62 3 3
297230 0 63 3 3
297232 0 63 3 3
297234 0 63 3 3
548753 0 63 3 3
548754 0 63 3 3
548756 0 63 3 3
24245 0 64 3 3
143813 0 64 3 1
143816 0 64 3 1
143570 0 66 3 0
143572 0 66 3 0
143574 0 66 3 0
143575 0 66 3 0
299419 0 66 3 3
143742 0 67 3 2
