559326 1 3 3 0
233713 1 3 3 3
559327 0 3 3 0
559328 0 3 3 0
433029 1 4 2 4
318361 1 4 2 1
281898 1 4 2 1
214792 1 4 2 1
18354 1 4 2 3
214790 0 4 3 1
214793 0 4 3 1
214794 0 4 3 1
233712 1 4 3 3
281900 0 4 3 1
318359 0 4 3 1
318360 0 4 3 1
318363 0 4 3 1
100586 1 5 1 1
49054 1 5 1 3
49053 0 5 3 3
100587 0 5 3 1
100589 0 5 3 1
317048 1 6 3 1
317050 0 6 3 1
560292 0 6 3 4
84750 1 7 2 4
318359 1 7 1 0
318360 0 7 3 0
318363 0 7 3 0
229467 1 8 3 1
229465 0 8 3 1
229466 0 8 3 1
229469 0 8 3 1
448595 1 9 3 2
228009 1 9 2 3
84723 0 9 3 2
84725 0 9 3 2
84726 0 9 3 2
84722 0 11 3 3
84724 0 11 3 3
437273 1 14 1 2
437272 0 14 3 2
229469 1 15 2 3
229465 0 15 3 3
229466 0 15 3 3
229467 0 15 3 3
229468 0 15 3 3
34537 1 17 2 3
34538 0 17 3 3
282223 1 19 3 1
281696 1 20 2 4
282626 1 20 1 1
281697 0 20 3 4
282227 1 20 3 1
282224 1 21 2 1
29539 1 21 2 3
282815 1 23 3 3
281697 1 23 2 4
28713 1 23 2 3
282227 1 23 1 3
281954 1 23 1 1
28709 0 23 3 3
28710 0 23 3 3
28711 0 23 3 3
28714 0 23 3 3
281950 0 23 3 1
281955 0 23 3 1
282814 0 23 3 3
