243138 7
243139 7
244402 8
244404 8
244406 8
291621 8
322789 8
460982 9
460983 9
460984 9
538174 9
35009 10
292524 10
292525 10
292526 10
292529 10
292530 10
109952 11
109953 11
545854 11
545855 11
291223 12
292829 12
292831 12
291101 13
291103 13
290330 14
290331 14
290332 14
293073 14
293074 14
293076 14
244895 15
244898 15
244900 15
33504 16
33507 16
291224 16
545847 16
290333 17
290334 17
290335 17
290302 18
290821 18
290822 18
290825 18
290827 18
292543 18
292573 19
292574 19
172821 20
172822 20
172823 20
290809 20
290810 20
292007 21
292009 21
465745 22
32534 23
292545 23
290676 24
290878 24
523184 24
292543 25
292748 25
290675 26
292669 26
534720 27
534721 27
293163 28
293166 28
293167 28
292665 29
292666 29
292667 29
290674 31
292899 31
290293 33
390082 36
290504 40
290505 40
292634 43
292636 43
291678 44
291679 44
291681 44
291683 44
