12988 0 6 6 2 1
34722 0 6 6 3 0
34858 0 6 6 1 0
147625 1 4 6 3 0
155651 0 6 6 4 1
156528 0 6 6 2 1
228408 0 6 6 3 0
229070 1 3 6 3 0
261085 0 6 6 3 0
277067 1 3 6 4 1
317846 1 3 6 4 0
332366 0 6 6 4 0
332881 0 6 6 1 1
411869 0 6 6 3 0
457051 1 3 6 3 0
478644 1 4 6 1 0
511136 0 6 6 3 0
517124 0 6 6 3 0
538537 0 6 6 1 0
557883 0 6 6 3 0
332880 0 6 8 1 0
333111 1 3 8 1 0
34532 0 6 9 1 0
34698 1 5 9 1 0
478887 1 4 9 1 0
479115 1 4 9 1 1
479191 0 6 9 1 0
511137 0 6 9 3 1
228409 0 6 10 4 0
277665 1 4 10 1 0
34798 1 3 11 1 0
228750 1 3 11 3 0
332221 1 4 11 1 0
479192 0 6 11 1 0
34699 0 6 12 1 0
34700 0 6 12 3 0
34859 1 3 12 1 0
434747 1 4 12 3 0
478772 0 6 12 1 0
34802 1 4 13 0 0
225582 0 6 13 2 0
277851 0 6 13 1 0
332223 0 6 13 3 0
479190 1 4 13 0 0
34807 0 6 14 1 0
230663 1 2 14 2 0
477485 1 4 14 1 0
477591 1 2 14 1 0
478582 0 6 14 1 0
479189 1 2 14 0 0
33824 1 4 15 3 0
34528 1 4 15 1 0
232188 0 6 15 1 0
252838 1 4 15 2 0
276248 1 4 15 1 0
34801 0 6 16 0 1
477725 1 4 16 1 0
478324 1 3 16 1 0
478337 0 6 16 1 0
34797 1 3 17 1 0
34803 1 3 17 1 0
34805 0 6 17 2 0
252839 0 6 17 3 0
277057 0 6 17 1 0
277294 1 2 17 1 1
346668 0 6 17 3 0
477537 0 6 17 1 0
477569 1 4 17 4 0
478643 1 4 17 1 0
479137 1 4 17 1 0
22032 0 6 18 2 0
33597 1 3 18 1 0
478203 1 3 18 1 0
479011 0 6 18 1 0
276247 0 6 19 1 0
277072 1 4 19 1 0
478205 0 6 19 3 0
478583 0 6 19 1 0
478689 1 4 19 1 0
276536 1 3 20 1 1
277073 0 6 20 1 0
477762 1 3 20 1 0
479138 1 3 20 1 0
22034 1 3 21 3 0
34799 0 6 21 3 0
252835 0 6 21 0 0
276661 1 4 21 1 0
277293 0 6 21 1 0
478071 0 6 21 1 0
478081 0 6 21 1 0
478494 0 6 21 1 0
20590 0 6 22 2 1
277769 0 6 22 1 0
311287 0 6 22 3 0
477432 0 6 22 1 0
477477 1 3 22 1 0
479114 0 6 22 1 0
479140 1 2 22 3 0
252837 0 6 23 1 1
276270 0 6 23 4 1
276662 1 3 23 1 0
277291 1 4 23 0 0
277292 1 3 23 1 0
277483 1 4 23 1 0
277930 1 4 23 1 0
477587 1 5 23 1 0
479091 0 6 23 1 0
20591 0 6 24 2 0
274520 0 6 24 3 0
276350 0 6 24 1 0
276751 0 6 24 4 1
277071 0 6 24 0 0
277196 0 6 24 1 0
473167 0 6 24 3 0
478000 1 3 24 1 0
478072 0 6 24 1 1
276452 1 4 25 1 0
277403 0 6 25 1 0
478272 0 6 25 1 0
276302 1 4 26 1 0
276351 1 5 26 1 0
276360 1 5 26 1 0
276488 0 6 26 3 0
277295 1 2 26 3 0
277296 0 6 26 3 0
478003 0 6 26 3 0
478179 1 4 26 1 0
276418 0 6 27 1 0
477590 0 6 27 3 0
477967 0 6 27 1 0
478881 1 2 27 1 0
20589 0 6 28 0 0
276776 0 6 28 1 0
386514 0 6 28 3 1
477475 0 6 28 0 0
477588 0 6 28 1 0
276420 1 3 29 3 1
478001 1 4 29 1 0
478181 1 4 29 3 0
478963 0 6 29 1 0
478176 0 6 30 1 0
478765 0 6 30 1 0
478877 0 6 30 3 0
276708 1 4 32 1 0
321360 1 4 32 3 0
477998 0 6 32 3 1
478456 0 6 32 1 0
479148 1 4 32 1 0
559703 0 6 32 2 0
276709 0 6 33 1 0
276844 1 3 33 1 0
327436 0 6 33 3 0
478034 1 4 33 1 0
478174 1 2 33 0 0
479021 0 6 33 1 0
479153 1 5 33 1 0
327435 0 6 34 3 0
477997 0 6 34 1 0
478766 0 6 34 1 0
276183 0 6 35 1 0
276241 1 4 35 1 0
277145 0 6 35 1 0
321361 1 3 35 3 0
479025 1 3 35 3 0
479147 0 6 35 1 0
277083 0 6 36 1 0
327433 0 6 36 1 0
276845 1 4 37 3 0
276846 0 6 37 3 1
277086 1 4 38 3 0
326027 1 3 38 4 0
479146 1 4 38 0 0
276623 1 4 39 3 0
321358 1 3 39 1 0
327438 0 6 39 4 0
479149 0 6 39 3 0
479150 1 4 39 3 0
276191 1 2 40 3 0
276686 0 6 40 1 0
277341 1 3 41 1 0
276905 0 6 42 1 0
108582 1 3 43 3 0
277342 0 6 43 1 0
277346 1 5 45 1 0
277457 0 6 45 1 0
277470 1 3 46 3 0
277456 1 2 48 1 0
277718 0 6 49 1 0
277022 0 6 50 3 0
276704 0 6 51 1 0
277458 1 4 52 3 0
277461 0 6 52 3 0
277530 0 6 52 3 0
276728 1 3 53 1 0
277531 0 6 54 3 0
276731 1 3 55 3 0
294707 1 4 55 2 0
276727 1 4 56 0 0
276182 0 6 57 1 0
