317568 1 2 4 3
299738 1 3 3 3
202348 1 3 3 1
194574 1 3 3 3
88376 1 3 3 3
10705 1 3 3 3
10706 0 3 5 3
10707 0 3 5 3
194573 0 3 5 3
194575 0 3 5 3
194576 0 3 5 3
299737 0 3 5 3
317567 1 3 5 3
321482 1 4 2 3
202349 1 4 5 1
321480 0 4 5 3
321483 0 4 5 3
129471 1 5 2 3
387025 1 5 1 1
74202 1 5 1 3
387027 0 5 5 1
386663 1 6 2 1
386661 0 6 5 1
387790 1 8 3 1
386662 1 8 5 1
386664 1 8 5 1
386665 1 8 5 1
13354 1 9 3 4
203147 1 9 2 4
387789 1 9 5 1
387792 1 9 5 1
386530 1 10 4 1
386531 1 11 5 1
386532 1 11 5 1
386533 1 11 6 1
386891 1 12 2 4
386661 0 12 5 3
386662 0 12 5 3
386663 0 12 5 3
387044 1 13 3 1
93448 1 13 3 0
388313 1 14 3 1
388266 1 14 2 1
93447 1 14 5 0
93450 1 14 5 0
386530 0 14 5 3
386531 0 14 5 3
386532 0 14 5 3
387043 1 14 5 1
387045 1 14 7 1
387046 1 14 5 1
387048 1 14 5 1
387847 1 15 3 1
93153 1 15 2 4
387846 0 15 5 1
388312 1 15 5 1
388222 1 16 2 1
387334 1 17 2 1
291360 1 17 2 3
291359 0 17 5 3
291361 0 17 5 3
387046 1 17 5 1
387047 1 17 5 1
387048 1 17 5 1
387336 0 17 5 1
387849 0 18 7 1
387504 1 18 2 2
386618 1 18 2 1
388486 1 18 1 0
386619 0 18 5 1
387847 0 18 5 3
387848 0 18 5 3
388489 0 18 5 0
388490 0 18 5 0
388494 1 19 2 3
387508 1 19 2 4
386532 1 19 2 3
386529 0 19 5 3
386533 0 19 5 3
388491 0 19 5 3
387846 1 20 1 1
387845 0 20 5 1
387848 0 20 5 1
387898 1 21 3 2
387593 1 21 3 3
345778 1 21 3 3
387461 1 21 1 1
386953 1 21 1 1
345776 0 21 5 3
386951 0 21 5 1
386952 0 21 5 1
386954 0 21 5 1
386955 0 21 5 1
386956 0 21 5 1
387460 0 21 5 1
387463 0 21 5 1
387592 0 21 5 3
388616 1 22 3 1
386904 1 22 3 1
386834 1 22 2 1
341956 1 22 2 3
341955 0 22 5 3
386835 0 22 5 1
386837 0 22 5 1
386952 0 22 5 3
386953 0 22 5 3
386955 0 22 5 3
388614 0 22 5 1
388619 0 22 5 1
386905 1 23 5 1
387344 1 24 4 3
388510 1 24 3 4
387174 1 24 2 3
386988 1 24 2 1
386987 0 24 7 1
386989 0 24 5 1
386991 0 24 5 1
387171 0 24 5 3
387172 0 24 5 3
387173 0 24 5 3
387175 0 24 5 3
387846 0 24 5 1
387847 0 24 5 1
387849 0 24 5 1
387128 1 25 4 1
386952 0 25 6 0
386953 0 25 5 0
386954 0 25 5 0
386955 0 25 6 0
386956 0 25 5 0
388390 0 25 5 1
388394 0 25 5 1
388616 0 25 5 1
388617 0 25 5 1
388618 0 25 5 1
388613 1 27 1 1
387130 1 27 1 1
386991 1 27 5 1
387127 0 27 5 1
387129 0 27 5 1
387132 0 27 5 1
388616 0 27 5 1
388393 1 28 3 1
386906 1 28 3 3
469629 1 28 2 3
386903 0 28 5 3
386904 0 28 5 3
386951 0 28 5 0
386953 0 28 5 0
386954 0 28 5 0
386956 0 28 5 0
388390 0 28 5 1
388391 0 28 5 1
388542 1 30 2 1
388617 1 30 1 2
388543 0 30 5 1
388613 0 30 5 2
388614 0 30 5 2
388615 0 30 5 2
6002 1 31 3 3
388392 1 31 2 1
388391 0 31 5 1
388393 0 31 5 1
388394 0 31 5 1
388395 0 31 5 1
387343 1 32 1 3
388619 1 33 3 3
387538 1 35 3 1
387539 0 35 5 1
387855 1 36 2 1
387851 0 36 5 1
387852 0 36 5 1
387856 0 36 5 1
387857 0 36 5 1
386908 1 37 3 1
386910 0 37 5 1
386763 1 38 4 1
386663 0 38 5 3
240253 1 39 1 3
240251 0 39 5 3
240252 0 39 5 3
386764 1 39 5 1
386765 1 39 5 1
388451 1 40 4 1
387600 0 41 5 1
387601 0 41 5 1
388454 1 41 5 1
388698 0 41 5 0
387475 1 42 3 1
387819 1 42 2 1
387595 1 42 2 2
198633 1 42 2 3
198632 0 42 5 3
387594 0 42 5 2
387596 0 42 5 2
387818 0 42 5 1
387820 0 42 5 1
387821 0 42 5 1
387058 1 43 2 1
388360 1 43 1 1
161131 1 43 1 3
161130 0 43 5 3
161132 0 43 5 3
387059 0 43 5 1
387476 1 43 5 1
75647 1 45 2 3
386514 1 47 4 1
388699 1 47 2 2
388697 0 47 5 2
386512 1 48 5 1
386515 1 48 5 1
388710 1 49 2 1
162614 1 49 2 3
388711 0 49 5 1
388712 0 49 5 1
387665 1 50 1 4
387962 1 51 3 1
387620 1 51 3 3
387429 1 51 3 1
387430 1 52 5 1
387431 1 52 6 1
387435 1 52 5 1
387964 1 54 3 3
387369 1 54 3 1
387433 0 55 5 1
387224 1 55 2 1
365156 1 55 1 3
387225 0 55 5 1
387227 0 55 5 1
387430 0 55 5 1
387961 1 55 5 3
387962 1 55 5 3
387429 1 56 5 2
387435 1 56 5 2
433992 1 57 2 3
388257 1 57 2 1
386693 0 57 5 1
387430 0 57 5 3
387435 0 57 5 3
388256 0 57 5 1
388260 0 57 5 1
433990 0 57 5 3
433993 0 57 5 3
387368 1 58 3 1
386943 0 58 5 1
387365 0 58 5 1
387366 0 58 5 1
387369 0 58 5 1
387370 0 58 5 1
387532 1 59 2 1
387533 0 59 5 1
387534 0 59 5 1
386946 1 61 2 3
386524 1 61 2 1
386525 0 61 5 1
386528 0 61 5 1
386944 0 61 5 3
386945 0 61 5 3
386949 1 62 2 3
386950 0 62 5 3
388205 1 63 3 3
388598 1 65 2 1
508612 1 66 1 4
387087 1 67 2 4
508089 1 72 2 3
386790 1 73 2 0
386791 0 73 5 0
387560 1 86 2 1
387559 0 86 5 1
387561 0 86 5 1
387562 0 86 5 1
387563 0 86 5 1
388228 1 88 3 1
387606 1 88 1 1
388227 0 88 5 1
387961 1 90 2 1
387962 0 90 5 1
387963 0 90 5 1
387964 0 90 5 1
