10705 1 4 6 3 0
14048 0 6 6 3 0
74202 1 2 6 3 0
88376 1 4 6 3 0
93452 0 6 6 1 0
127315 0 6 6 1 0
194574 1 4 6 3 0
197340 0 6 6 3 1
202348 1 4 6 1 0
216501 0 6 6 3 0
299738 1 4 6 3 1
317568 1 5 6 3 0
321482 1 3 6 3 0
350526 0 6 6 3 0
367941 0 6 6 4 1
387025 1 2 6 1 0
423867 0 6 6 3 1
460969 0 6 6 3 0
467013 0 6 6 3 0
489064 0 6 6 3 0
129471 1 3 7 3 1
386663 1 3 8 1 0
55504 0 6 9 2 1
203706 0 6 9 2 0
14050 0 6 10 2 0
93456 0 6 10 4 1
127311 0 6 10 3 0
386661 1 4 10 1 0
203147 1 3 11 4 0
338433 0 6 11 2 1
386531 0 6 11 1 0
387790 1 4 11 1 0
13354 1 4 12 4 1
203707 0 6 12 2 0
387346 0 6 12 1 0
388589 0 6 12 1 0
387845 0 6 13 1 0
93447 0 6 14 0 0
338434 0 6 14 3 0
386530 1 5 14 1 0
386664 1 3 14 3 0
386891 1 3 14 4 0
387783 0 6 14 1 0
388590 0 6 14 3 0
202915 0 6 15 4 1
387850 0 6 15 3 1
388588 0 6 15 1 0
93448 1 4 16 0 0
387044 1 4 16 1 0
388266 1 3 16 1 0
93153 1 3 17 4 1
386533 1 4 17 3 0
387502 0 6 17 1 0
388313 1 4 17 1 0
388491 0 6 17 1 0
387047 0 6 18 3 1
387847 1 4 18 1 0
388222 1 3 18 1 0
291360 1 3 19 3 0
387045 1 4 19 1 0
387081 0 6 19 1 1
387334 1 3 19 1 0
388486 1 2 19 0 0
386618 1 3 20 1 0
387504 1 3 20 2 0
388269 0 6 20 3 0
386532 1 3 21 3 0
387043 0 6 21 1 0
387335 0 6 21 1 0
387508 1 3 21 4 0
387846 1 2 21 1 0
387849 1 4 21 3 0
388221 0 6 21 1 0
388366 0 6 21 1 0
388494 1 3 21 3 0
386953 1 2 22 1 0
387082 0 6 22 1 0
387143 0 6 22 1 0
387461 1 2 22 1 0
419092 0 6 22 3 0
55101 0 6 23 3 1
387291 0 6 23 4 0
387844 0 6 23 3 0
341956 1 3 24 3 0
345778 1 4 24 3 1
386619 0 6 24 3 1
386834 1 3 24 1 0
386956 1 3 24 3 0
387172 0 6 24 1 0
387460 0 6 24 1 0
387593 1 4 24 3 0
387898 1 4 24 2 1
419093 0 6 24 3 0
468623 0 6 24 3 0
386904 1 4 25 1 0
387168 0 6 25 1 1
388616 1 4 25 1 0
386836 0 6 26 3 0
386951 0 6 26 0 0
386988 1 3 26 1 0
387166 0 6 26 3 0
387174 1 3 26 3 0
387848 1 3 26 1 0
386835 0 6 27 1 0
387459 0 6 27 3 0
387561 0 6 27 1 0
388510 1 4 27 4 0
388614 0 6 27 1 0
386954 0 6 28 1 0
387130 1 2 28 1 0
387344 1 5 28 3 0
388391 0 6 28 1 0
388613 1 2 28 1 0
387128 1 5 29 1 0
386952 1 3 30 0 0
386987 1 5 30 1 0
387824 0 6 30 3 0
388390 0 6 30 0 0
469629 1 3 30 3 0
386906 1 4 31 3 0
386955 1 4 31 2 0
387559 0 6 31 1 1
388393 1 4 31 1 1
388617 1 2 31 2 0
388542 1 3 32 1 1
388615 0 6 32 1 0
387129 0 6 33 1 0
387132 0 6 33 3 0
387343 1 2 33 3 0
388385 0 6 33 2 1
388392 1 3 33 1 0
6002 1 4 34 3 0
388394 0 6 34 3 0
388309 0 6 35 1 0
6083 0 6 36 3 1
386448 0 6 36 2 0
388546 0 6 36 1 0
388619 1 4 36 3 0
388544 0 6 37 1 0
387320 0 6 38 1 0
387538 1 4 38 1 0
387855 1 3 38 1 0
388545 0 6 38 1 0
388548 0 6 39 3 0
388691 0 6 39 1 0
223191 0 6 40 3 0
240253 1 2 40 3 0
386665 0 6 40 3 0
386908 1 4 40 1 0
71204 0 6 41 3 0
386961 0 6 41 1 1
387659 0 6 41 4 0
386763 1 5 42 1 0
387599 0 6 42 1 0
388547 0 6 42 3 0
161131 1 2 44 3 0
198633 1 3 44 3 0
387595 1 3 44 2 0
387819 1 3 44 1 0
388360 1 2 44 1 0
388451 1 5 44 1 0
388697 0 6 44 0 0
75654 0 6 45 3 0
386513 0 6 45 1 0
387058 1 3 45 1 0
387475 1 4 45 1 0
387061 0 6 46 1 0
388352 0 6 46 3 0
75647 1 3 47 3 0
386511 0 6 47 0 0
388452 0 6 47 1 0
388629 0 6 47 1 0
502690 0 6 47 3 0
554763 0 6 47 3 1
162621 0 6 48 3 0
198632 0 6 48 2 0
386765 0 6 48 3 0
387820 0 6 48 1 0
388408 0 6 48 1 0
386512 0 6 49 1 0
387770 0 6 49 1 0
388699 1 3 49 2 0
387458 0 6 50 3 0
388454 0 6 50 3 0
388627 0 6 50 1 1
162614 1 3 51 3 0
386514 1 5 51 1 0
387665 1 2 51 4 1
388710 1 3 51 1 0
387063 0 6 52 1 0
387769 0 6 52 1 0
388455 0 6 52 3 0
386787 0 6 53 1 0
387430 0 6 53 1 0
387492 0 6 53 3 0
388631 0 6 53 3 0
387073 0 6 54 1 0
387429 1 4 54 1 0
387620 1 4 54 3 0
387962 1 4 54 1 0
365156 1 2 56 3 1
386942 0 6 56 1 0
387066 0 6 56 3 1
387366 0 6 56 1 0
388258 0 6 56 1 0
477296 0 6 56 3 1
339378 0 6 57 3 0
387224 1 3 57 1 0
387369 1 4 57 1 0
387433 1 3 57 2 0
387964 1 4 57 3 0
387965 0 6 57 3 0
386786 0 6 58 1 0
387431 1 4 58 1 0
386668 0 6 59 4 0
386691 0 6 59 1 0
386789 0 6 59 3 0
387093 0 6 59 1 0
387434 0 6 59 3 0
387654 0 6 59 1 0
388256 0 6 59 1 0
388257 1 3 59 1 0
433992 1 3 59 3 0
386683 0 6 60 1 0
386944 0 6 60 1 0
388742 0 6 60 4 0
340219 0 6 61 3 0
355156 0 6 61 3 0
386945 0 6 61 1 1
387368 1 4 61 1 0
387532 1 3 61 1 0
388260 0 6 61 3 1
387533 0 6 62 1 0
508564 0 6 62 2 0
386524 1 3 63 1 0
386943 0 6 63 1 0
386946 1 3 63 3 0
388203 0 6 63 1 0
388304 0 6 63 1 0
508308 0 6 63 3 1
386751 0 6 64 1 0
386949 1 3 64 3 0
387083 0 6 64 3 0
388034 0 6 65 1 0
388205 1 4 66 3 0
388259 0 6 66 3 0
508565 0 6 66 3 0
388598 1 3 67 1 0
508612 1 2 67 4 0
387306 0 6 68 1 0
387087 1 3 69 4 1
386750 0 6 70 0 0
387268 0 6 70 1 0
387312 0 6 71 3 1
508613 0 6 72 4 0
387550 0 6 73 4 0
508089 1 3 74 3 0
386446 0 6 75 0 0
386790 1 3 75 0 0
387554 0 6 76 3 0
386449 0 6 80 1 0
387448 0 6 82 1 0
386536 0 6 84 3 0
386450 0 6 85 1 0
386603 0 6 85 1 0
387941 0 6 86 1 0
388457 0 6 87 1 0
387560 1 3 88 1 0
387606 1 2 89 1 0
388464 0 6 89 3 0
388228 1 4 91 1 0
387961 1 3 92 1 0
387327 0 6 93 1 0
