147623 9
147624 9
478645 9
478646 9
517119 9
517122 9
517123 9
229068 10
457049 10
479114 12
277668 14
34799 15
34800 15
228749 15
333113 15
434742 15
434743 15
251874 16
230732 17
478610 17
33740 18
33742 18
332223 19
479191 19
478758 20
33785 21
479185 21
479188 21
35100 22
35101 22
35102 22
477719 23
477721 23
477722 23
477724 23
478840 23
478844 23
35008 25
35010 25
35012 25
332641 25
34530 26
34531 26
332228 26
477843 26
477845 26
477886 26
477888 26
477889 26
478841 26
478842 26
478843 26
35143 27
35146 27
331812 27
332191 27
478067 27
33518 28
332886 29
333276 29
333277 29
333278 29
333279 29
333530 29
333533 29
333534 29
333535 29
33816 30
33817 30
33818 30
331804 30
33955 31
33956 31
34465 31
332230 32
332231 32
477505 32
477506 32
477508 32
477509 32
478312 32
34582 33
34583 33
34584 33
34585 33
331726 34
331727 34
477834 34
478773 34
478775 34
331717 35
477588 35
477589 35
479126 35
479130 35
332884 36
332885 36
332886 36
332888 36
33838 37
33839 37
34184 37
34186 37
35228 37
477479 37
479146 37
479147 37
479149 37
479150 37
479151 37
35013 38
478442 38
478973 38
478974 38
478975 38
478976 38
34654 39
34655 39
35059 39
331960 39
332183 39
478174 39
478175 39
35014 40
35016 40
34910 41
34911 41
34913 41
477475 41
477476 41
477478 41
478851 41
34338 42
341996 42
34468 43
34469 43
35061 43
478969 43
478970 43
33991 44
33992 44
35259 44
35289 44
35290 44
331959 44
331962 44
331963 44
377431 45
477835 45
477837 45
477838 45
477839 45
477859 46
477860 46
477861 46
82119 47
33988 48
33989 48
33990 48
34046 48
34047 48
34049 48
477744 48
477802 48
481002 48
481004 48
33959 49
33962 49
478365 49
478805 49
477689 51
529227 51
477800 52
477803 52
477804 52
33958 53
33961 53
378001 53
378308 54
378309 54
477687 54
477690 54
478670 54
478924 54
478925 54
478927 54
327089 55
34087 56
34088 56
34090 56
34091 56
477801 56
478210 56
478212 56
478213 56
478214 56
478215 56
212131 59
212133 59
477793 59
477794 59
477817 59
34476 60
34479 60
377836 60
377838 60
377840 60
478071 60
478073 60
478077 60
478601 60
33721 61
33722 61
34378 61
34379 61
478072 62
478074 62
478075 62
478076 62
478739 62
478740 62
478741 62
132157 63
477795 63
477796 63
477798 63
33620 66
