147625 3 2 3 0
478644 3 2 1 0
229070 4 3 3 0
277067 4 3 4 1
317846 4 3 4 0
457051 4 3 3 0
34698 5 1 1 0
333111 6 3 1 0
478887 6 2 1 0
479115 6 2 1 1
277665 7 2 1 0
332221 8 2 1 0
34798 9 3 1 0
228750 9 3 3 0
333110 9 2 1 0
434747 9 2 3 0
149011 10 2 3 0
251873 10 2 4 0
230734 11 2 3 0
478608 11 2 1 0
332220 13 3 0 0
478759 14 2 1 0
33784 15 3 1 1
35098 15 2 1 0
479186 15 3 2 0
477887 16 2 1 0
478753 16 2 2 0
477720 17 3 1 0
478841 17 2 1 0
33786 18 3 3 0
332638 18 2 0 0
34528 19 3 1 0
35009 19 3 1 0
332229 20 2 1 0
477842 20 3 1 0
477885 20 3 0 0
478840 20 3 0 0
35142 21 4 1 0
331809 21 3 0 0
332189 21 2 0 0
478068 21 4 4 1
33516 22 3 1 0
333532 22 2 1 0
33514 23 3 1 1
34850 23 3 1 0
331803 23 2 1 0
332885 23 3 0 0
333277 23 4 1 0
333279 23 3 3 0
477843 23 2 1 1
33815 24 2 0 0
34675 24 4 3 0
33954 25 3 0 0
106620 25 3 4 1
332886 25 3 1 1
34466 26 4 2 0
332228 26 4 1 0
477507 26 4 1 0
478311 26 4 1 0
33841 27 3 0 0
34184 27 3 1 0
34581 27 3 0 0
477505 28 2 1 0
477838 28 3 3 0
478772 28 4 1 0
331716 29 4 1 0
477587 29 2 1 0
479128 29 2 1 0
34366 30 4 1 0
169899 30 3 2 0
332887 30 2 3 0
477477 30 3 1 0
478235 30 4 4 0
478272 30 3 1 0
479148 30 3 1 0
33840 31 3 3 0
34183 31 3 1 0
35230 31 3 3 0
477609 31 2 3 0
478972 31 1 0 0
497865 31 2 3 0
35016 32 3 1 0
35060 32 1 1 0
478176 32 2 1 0
478440 32 3 4 0
478441 32 2 3 0
478777 32 3 3 0
34653 33 3 1 0
331961 33 4 2 0
332186 33 4 3 0
35015 34 3 1 0
34912 35 3 3 0
477480 35 4 3 0
477739 35 3 4 1
478850 35 3 3 0
34337 36 4 1 0
341997 36 4 3 0
478054 36 2 4 1
34467 37 3 0 0
34913 37 3 3 0
35059 37 4 1 0
35288 37 2 1 1
331960 37 3 1 0
478968 37 2 1 0
33990 38 3 1 0
35257 38 2 1 0
377626 38 4 3 0
377430 39 3 4 0
477836 39 3 1 0
34100 40 3 1 0
82122 41 4 3 1
477801 41 2 1 0
477952 41 4 1 0
33960 42 2 1 0
33991 42 3 2 0
34044 42 3 2 0
477743 42 4 3 0
478364 42 1 1 0
481005 42 3 3 0
527753 42 4 3 0
138623 43 1 3 0
527754 44 2 3 0
378886 45 2 1 0
477687 45 4 1 0
529226 45 2 1 0
33962 46 2 3 0
477799 46 3 1 0
34275 47 2 1 0
378002 47 2 1 0
378307 47 1 1 0
477688 47 1 1 0
478669 48 3 1 0
478923 48 4 1 0
34086 49 1 1 0
34582 49 3 1 1
327090 49 3 3 0
477802 50 2 2 0
478216 50 4 3 0
529075 50 4 3 0
478072 51 4 1 1
34378 52 3 1 0
477798 52 2 3 0
212132 53 4 3 0
478629 53 4 4 1
34381 54 2 3 0
34478 54 2 2 0
377839 54 2 2 0
478074 54 4 1 0
478600 54 3 1 0
33720 55 2 1 0
478308 55 2 4 1
132156 56 1 3 0
221252 56 3 3 0
478073 56 2 1 0
478739 56 3 1 0
477797 57 3 3 0
314654 58 4 4 0
123013 59 2 2 0
478704 59 4 1 0
33619 60 3 4 0
