401859 2 1 4 1
45746 3 2 4 0
333187 3 2 0 0
429161 5 4 3 0
559342 5 4 4 0
142271 6 3 1 0
142273 6 2 1 0
143873 6 2 1 0
218918 6 5 2 0
213741 7 3 3 0
478883 7 2 3 0
265907 8 3 3 0
454142 8 3 1 0
143893 10 2 1 0
213379 10 3 1 0
431231 10 3 2 0
142689 11 4 1 0
212871 11 2 3 0
452869 12 2 3 0
454141 12 4 1 1
454699 12 3 3 0
143203 13 2 1 0
143450 13 3 4 0
213777 14 3 1 0
399262 14 4 1 0
399674 14 2 3 0
142717 15 3 3 0
143080 15 4 1 0
143896 17 3 3 0
452870 17 4 3 0
397744 18 4 1 0
398908 18 3 3 0
399683 18 1 1 0
454217 18 3 1 0
399568 19 4 1 0
453157 20 3 1 0
293490 21 3 3 0
293493 21 4 2 0
453991 21 1 1 0
487335 21 2 3 0
15747 22 3 3 1
397750 22 3 3 0
397899 22 2 1 0
398271 22 3 3 0
454814 22 1 1 0
479593 22 4 3 1
392098 23 3 3 0
303276 24 4 2 0
397173 24 1 1 0
398698 25 2 1 0
398833 25 3 1 0
399164 25 2 1 0
15745 26 3 1 0
398253 26 3 1 0
398706 26 2 1 0
443337 26 4 2 0
398436 27 3 1 0
453989 27 2 0 0
397176 28 3 2 0
397278 28 4 2 1
398270 28 3 3 0
397183 29 3 1 0
399165 29 4 1 0
399366 29 3 1 0
397542 30 2 1 0
397958 30 2 1 0
398131 30 4 1 0
399167 30 3 2 0
477126 30 3 3 0
29306 31 3 2 0
207814 31 3 4 1
337414 31 3 3 0
337410 33 4 1 0
397806 33 2 0 0
338295 34 2 1 1
453993 34 3 3 0
453233 36 2 0 0
453234 36 4 1 0
338238 38 1 1 0
318226 39 2 2 0
398042 40 1 1 0
398107 40 3 1 0
319047 41 3 3 0
397945 41 3 1 0
398152 41 4 1 0
398554 41 2 3 0
29293 42 2 3 1
337044 43 2 0 0
337045 43 4 1 0
399462 44 4 0 0
398432 45 4 1 0
337775 46 2 0 0
397947 46 3 1 0
215387 47 3 2 0
266561 47 3 3 0
337102 47 3 1 0
337573 47 4 1 0
398362 49 2 2 0
398365 60 2 1 0
398368 63 3 3 0
