21914 0 6 6 4 0
23019 1 4 6 2 0
79437 0 6 6 3 0
113273 0 6 6 4 0
145193 0 6 6 4 0
158967 0 6 6 3 0
163600 1 3 6 3 1
283621 1 4 6 3 0
347151 0 6 6 1 0
367797 1 4 6 1 0
388527 0 6 6 1 0
390033 0 6 6 3 0
459526 0 6 6 1 0
464576 1 5 6 1 0
470145 0 6 6 3 0
471824 1 3 6 1 0
473490 1 4 6 3 0
475171 0 6 6 3 0
479049 0 6 6 1 0
536439 0 6 6 3 0
459527 0 6 7 3 0
461111 1 3 7 1 0
459522 0 6 8 0 0
471826 0 6 8 3 1
304783 0 6 9 3 0
347347 1 2 9 1 0
536437 1 4 9 1 0
158966 0 6 10 1 0
367798 1 3 10 1 0
459524 1 2 10 1 0
459680 1 4 10 3 1
460997 1 3 10 1 0
477482 0 6 10 1 0
477554 0 6 10 1 0
479048 1 2 10 1 0
459799 1 4 11 1 0
460486 0 6 11 1 1
460656 1 4 11 4 1
158972 0 6 12 1 0
460607 1 4 12 4 0
477900 1 4 12 1 0
478337 0 6 12 1 0
478769 0 6 12 1 0
459523 0 6 13 1 0
460999 0 6 13 3 0
478400 1 3 13 1 0
158965 1 2 14 1 0
347051 1 2 14 1 0
347345 1 3 14 1 0
459525 1 4 14 1 0
459800 1 3 14 3 0
477588 1 4 14 1 0
477598 1 3 14 1 0
159663 0 6 15 3 0
459798 1 4 15 1 0
461072 0 6 15 1 0
477480 1 3 15 1 0
477899 0 6 15 1 0
478401 0 6 15 1 0
158910 0 6 16 1 0
346003 1 5 16 1 0
346914 0 6 16 1 0
347053 1 4 16 3 0
459283 0 6 16 1 0
460128 0 6 16 1 0
478450 0 6 16 1 0
478792 0 6 16 1 0
479099 1 3 16 1 0
459528 0 6 17 3 0
460353 1 4 17 2 0
477494 0 6 17 3 0
477533 0 6 17 1 0
477600 1 3 17 3 0
477772 1 4 17 1 0
477896 1 3 17 1 0
477903 0 6 17 3 0
478001 0 6 17 1 0
478340 1 1 17 3 0
478420 0 6 17 1 0
478497 1 2 17 1 0
478530 1 3 17 1 0
479159 0 6 17 1 0
158969 1 3 18 4 0
346005 1 4 18 3 0
346700 1 4 18 4 0
347079 0 6 18 1 0
347946 0 6 18 1 0
442325 1 4 18 3 0
450561 1 2 18 3 0
459457 0 6 18 1 0
459796 0 6 18 3 0
477591 1 3 18 3 0
477712 0 6 18 4 0
477898 0 6 18 3 0
478061 1 3 18 2 0
478451 1 2 18 2 0
479160 1 4 18 3 0
346534 0 6 19 1 0
458377 1 2 19 3 0
459972 1 4 19 1 0
460132 0 6 19 3 1
477771 1 3 19 1 1
478117 0 6 19 3 0
479083 1 3 19 1 0
550289 1 2 19 3 0
346699 0 6 20 4 0
346909 0 6 20 1 0
459212 0 6 20 4 0
459459 1 3 20 3 1
459538 1 4 20 1 0
460601 1 4 20 1 0
460772 0 6 20 1 0
477901 0 6 20 1 0
478461 1 3 20 1 0
478495 0 6 20 1 1
478592 1 3 20 1 0
479032 1 3 20 3 0
479100 1 4 20 1 0
479111 1 3 20 1 0
505374 1 3 20 3 0
219244 1 3 21 3 0
346537 0 6 21 3 1
352902 1 3 21 2 1
443216 0 6 21 2 0
455807 1 3 21 3 0
460388 1 4 21 3 0
479098 1 4 21 1 0
479158 1 2 21 1 0
254119 0 6 22 2 0
346782 0 6 22 4 0
456525 1 3 22 3 0
459497 1 2 22 3 0
459975 0 6 22 4 1
478455 1 3 22 1 0
479087 1 3 22 3 0
456529 0 6 23 2 0
460774 1 3 23 3 0
479084 0 6 23 1 0
479109 1 2 23 1 0
479110 0 6 23 1 0
247167 0 6 24 2 0
346790 0 6 24 3 0
346901 1 3 24 1 0
478236 1 3 24 1 0
346900 1 4 25 0 0
455806 0 6 25 3 0
459540 1 2 25 3 1
478458 0 6 25 3 0
478462 1 4 25 2 0
347961 0 6 26 3 0
456524 1 4 26 2 0
478456 0 6 26 1 0
347948 1 2 27 3 0
247168 1 3 28 2 0
346069 0 6 28 3 0
346681 0 6 28 1 1
478457 0 6 28 3 0
346680 1 4 29 0 0
346166 0 6 30 1 0
536166 1 3 30 2 0
346227 1 2 31 1 0
174811 1 4 32 3 0
232556 0 6 32 3 0
346939 0 6 32 1 0
346460 0 6 33 1 0
346684 0 6 33 3 0
347637 1 3 33 1 0
346062 0 6 34 1 0
346759 0 6 34 1 0
347616 0 6 34 1 0
535593 0 6 34 4 1
346108 0 6 35 1 0
346229 1 4 35 1 0
346529 1 3 35 1 0
347082 0 6 35 1 0
346100 1 4 36 1 0
346233 0 6 36 1 1
346374 0 6 36 1 0
347048 0 6 36 1 0
340310 1 2 37 2 0
346133 0 6 37 1 0
346381 0 6 37 2 0
346550 0 6 37 1 0
346602 1 2 37 1 0
347050 0 6 37 1 0
347980 0 6 37 1 0
519430 0 6 37 3 0
346495 0 6 38 1 0
346535 0 6 38 1 0
347131 1 2 38 1 1
535594 0 6 38 4 0
346443 1 3 39 1 0
346468 0 6 39 1 0
346538 0 6 39 3 0
346553 1 5 39 3 0
347264 0 6 39 1 0
348000 0 6 39 1 0
345922 1 3 40 1 0
346193 0 6 40 1 0
346375 0 6 40 3 0
346470 1 4 40 1 0
346770 1 3 40 1 0
346787 1 4 40 1 0
347154 1 4 40 3 0
347574 0 6 40 1 1
347982 0 6 40 4 0
346232 1 3 41 1 0
346768 0 6 41 0 0
347052 0 6 41 3 0
347575 1 3 41 1 0
339167 1 4 42 3 0
345923 0 6 42 1 0
345953 1 4 42 1 0
346047 1 5 42 1 0
346114 1 4 42 1 0
346134 0 6 42 3 1
346582 0 6 42 1 0
346707 0 6 42 1 0
346851 1 3 42 1 0
347253 0 6 42 1 0
347935 1 4 42 1 0
347986 1 3 42 1 0
346196 1 3 43 3 0
346218 0 6 43 4 0
346469 0 6 43 1 0
346536 1 3 43 2 0
346855 1 3 43 3 0
346863 1 3 43 4 0
347255 0 6 43 1 0
347577 1 3 43 3 0
347988 0 6 43 1 0
346116 0 6 44 3 0
347202 0 6 44 1 0
347989 1 4 44 1 0
458374 0 6 44 2 0
339174 0 6 45 1 0
345921 0 6 45 0 0
345944 0 6 45 3 0
347009 0 6 45 1 0
347252 0 6 45 0 0
347258 1 5 45 3 0
347546 1 4 45 1 0
347579 1 3 45 3 0
347990 0 6 45 3 0
385826 0 6 45 3 0
475910 0 6 45 3 0
87054 0 6 46 3 0
347259 0 6 46 3 1
347702 1 4 46 1 0
142386 1 3 47 3 0
212975 0 6 47 3 0
347007 0 6 47 0 0
347540 1 4 47 4 1
347581 0 6 47 3 0
356078 0 6 47 3 0
481411 1 5 47 2 0
347061 1 2 48 1 0
347204 0 6 48 3 0
347959 1 4 48 1 0
346142 1 3 49 3 0
346436 1 2 49 1 1
346447 1 4 49 0 1
356077 1 4 49 1 0
390249 0 6 49 2 1
339173 0 6 50 0 0
347704 0 6 50 2 0
356080 1 4 50 3 0
390248 0 6 50 1 0
346143 1 4 51 3 0
346431 0 6 51 1 0
347008 0 6 51 1 0
347185 1 4 51 1 0
347344 0 6 51 1 0
347601 0 6 51 3 0
294224 1 4 52 2 0
329387 0 6 52 3 0
339354 0 6 52 0 0
346432 1 3 52 1 0
346946 0 6 52 1 0
347461 0 6 52 1 0
356086 0 6 52 3 1
390250 1 3 52 3 0
420900 0 6 52 3 0
347231 1 4 53 1 0
347957 1 3 53 0 0
390246 1 3 53 1 1
339356 1 3 54 1 0
346433 0 6 54 3 0
346843 0 6 54 1 0
420898 1 4 54 0 0
492904 0 6 54 3 0
166011 0 6 55 3 0
281523 0 6 55 2 0
339357 0 6 55 2 1
347165 1 3 55 3 0
11808 1 4 56 2 0
299764 0 6 56 3 0
347346 1 4 56 1 0
166010 0 6 57 3 1
169097 1 3 57 3 0
347232 0 6 57 1 0
390247 1 2 57 1 0
279627 0 6 59 3 0
347167 0 6 59 3 0
281522 1 4 60 0 0
348516 1 3 60 4 1
169096 0 6 61 3 1
406071 1 3 61 3 0
