24656 0 6 6 4 0
64554 1 3 6 3 0
65406 0 6 6 1 0
85250 0 6 6 3 0
94179 0 6 6 3 0
147642 0 6 6 3 1
215741 1 3 6 3 0
228248 0 6 6 0 0
232932 0 6 6 3 0
274808 1 4 6 0 0
292547 0 6 6 1 0
296025 0 6 6 2 0
297368 0 6 6 3 0
319748 1 3 6 0 0
360872 1 3 6 3 0
435455 0 6 6 1 0
448799 0 6 6 2 1
475493 1 2 6 3 0
530501 1 3 6 0 0
534187 0 6 6 3 0
93402 0 6 7 3 1
232930 0 6 7 1 0
292213 0 6 7 1 0
228249 1 3 8 1 0
431255 0 6 8 2 0
215740 0 6 9 3 0
232934 0 6 9 3 0
320999 1 4 9 0 1
232929 0 6 10 1 0
292612 1 4 10 1 0
174324 1 3 11 2 0
234046 1 3 11 1 0
321002 1 3 11 1 0
434927 1 4 11 4 1
234181 0 6 12 1 0
320469 0 6 12 0 0
321000 0 6 12 1 0
321011 0 6 12 3 0
174322 1 3 13 0 0
233717 1 2 13 1 0
233976 0 6 13 1 0
234048 1 2 13 3 0
234356 0 6 13 1 0
292154 0 6 13 1 0
321001 1 5 13 1 0
435223 0 6 13 3 0
109545 1 3 14 3 0
233698 1 4 14 4 1
320370 1 3 14 3 0
175145 1 3 15 3 0
194657 0 6 15 3 1
211130 0 6 15 2 0
233718 0 6 15 1 0
320464 1 3 15 3 0
321010 0 6 15 3 0
109552 1 2 16 2 0
233720 0 6 16 1 0
233728 1 3 16 2 0
234045 1 2 16 1 0
234189 0 6 16 1 0
234359 1 2 16 3 0
292124 1 4 16 1 0
319303 1 4 16 4 1
320465 0 6 16 2 1
362497 1 4 16 3 0
82614 0 6 17 3 0
233719 1 4 17 1 0
320371 1 3 17 3 0
329584 1 2 17 4 0
362498 1 4 17 3 1
232639 0 6 18 1 0
233297 0 6 18 1 0
233721 0 6 18 1 0
233722 0 6 18 2 0
233727 1 4 18 1 0
291585 1 5 18 1 0
317768 0 6 18 2 0
232794 0 6 19 1 0
233723 0 6 19 3 0
234357 0 6 19 1 0
234565 1 3 19 1 0
291397 1 3 19 1 0
321009 0 6 19 1 1
109646 0 6 20 2 0
111250 1 4 20 1 0
234240 1 3 20 1 0
234360 1 2 20 3 0
482400 1 3 20 3 0
109456 0 6 21 1 0
232839 0 6 21 1 0
233265 1 3 21 1 0
233274 0 6 21 1 0
233652 0 6 21 1 0
233939 1 3 21 1 0
234606 0 6 21 1 0
362495 0 6 21 0 0
82611 0 6 22 3 0
232707 0 6 22 1 0
232897 1 3 22 1 0
233267 0 6 22 2 1
233358 0 6 22 1 0
233394 1 3 22 3 0
233478 0 6 22 1 0
233605 1 2 22 4 0
233841 0 6 22 1 0
234108 0 6 22 2 0
234232 1 3 22 1 0
234456 1 3 22 1 0
273802 0 6 22 3 0
293098 0 6 22 1 0
109458 0 6 23 3 0
232510 1 4 23 1 0
232638 1 2 23 0 0
233135 0 6 23 1 0
233560 1 4 23 1 0
234033 1 3 23 1 0
234242 1 3 23 3 0
234618 1 3 23 1 0
291707 1 3 23 1 0
482399 0 6 23 2 0
109107 0 6 24 1 0
233150 0 6 24 1 0
233201 0 6 24 1 0
233266 0 6 24 1 0
233479 1 3 24 1 0
233988 0 6 24 1 0
234318 1 2 24 1 0
458867 1 3 24 3 0
108337 1 4 25 3 0
109071 0 6 25 1 0
232514 0 6 25 3 0
232841 0 6 25 3 1
232903 0 6 25 1 0
233199 0 6 25 3 0
233263 0 6 25 1 0
233264 0 6 25 1 0
234621 1 5 25 3 0
290544 0 6 25 4 0
291550 1 3 25 1 0
291706 0 6 25 0 0
291708 1 5 25 1 0
516150 1 4 25 3 1
542311 0 6 25 2 0
109363 0 6 26 1 0
110462 0 6 26 1 0
232513 0 6 26 3 0
232895 1 4 26 1 0
233031 0 6 26 2 0
233395 0 6 26 3 0
233975 1 2 26 1 0
234454 0 6 26 0 0
234455 1 4 26 0 0
234457 1 4 26 3 0
234458 0 6 26 3 0
234465 0 6 26 3 1
224838 1 3 27 3 0
233056 0 6 27 1 0
234034 1 4 27 3 0
234622 1 3 27 3 0
292581 0 6 27 1 0
292747 1 3 27 1 0
110532 1 4 28 1 0
139404 1 4 28 3 0
232512 1 2 28 2 1
232902 0 6 28 0 0
233269 0 6 28 3 0
233628 1 4 28 1 0
233907 0 6 28 4 0
234620 1 3 28 1 0
236722 0 6 28 1 0
516151 1 2 28 3 0
109362 1 4 29 1 0
110968 0 6 29 4 0
232588 0 6 29 1 0
233541 0 6 29 1 0
233732 0 6 29 0 0
234299 1 4 29 1 1
234366 1 3 29 1 1
234619 1 2 29 1 0
291632 1 3 29 1 0
104308 0 6 30 2 0
109364 0 6 30 2 0
232761 1 2 30 1 0
232779 1 4 30 1 0
233032 0 6 30 2 0
233825 1 3 30 3 0
233977 1 4 30 1 0
291174 0 6 30 0 0
108338 1 4 31 3 0
110781 0 6 31 1 0
138157 0 6 31 3 0
139403 0 6 31 3 0
233627 0 6 31 1 0
256241 1 4 31 3 0
290802 1 2 31 1 0
44440 1 3 32 3 0
232904 1 3 32 3 0
233034 0 6 32 3 0
234301 0 6 32 3 0
234302 1 3 32 1 0
234407 0 6 32 1 0
234445 1 4 32 3 0
167780 0 6 33 2 0
233021 1 4 33 1 0
233052 0 6 33 1 0
234171 1 2 33 1 0
234377 0 6 33 1 0
246607 0 6 33 3 0
290911 1 3 33 1 0
234062 0 6 34 3 0
234411 0 6 34 3 0
291020 1 3 34 2 0
233051 1 4 35 1 0
233290 0 6 35 1 0
233373 0 6 35 1 0
233987 0 6 35 1 0
234061 0 6 35 2 0
234410 0 6 35 3 0
292591 1 4 35 1 0
45444 0 6 36 4 1
232901 0 6 36 0 0
233022 1 2 36 3 1
234175 0 6 36 3 1
281582 1 4 36 3 0
290884 1 3 36 1 0
233636 0 6 37 1 0
234065 1 2 37 3 0
233368 0 6 38 1 1
233584 0 6 38 1 0
233642 0 6 38 1 0
234097 0 6 38 4 0
234221 1 4 38 1 0
234409 0 6 38 1 0
280895 1 2 38 4 1
233188 1 4 39 1 0
234060 0 6 39 3 0
234165 1 2 39 1 0
234173 0 6 39 3 0
290910 0 6 39 0 0
232698 0 6 40 1 0
234373 1 4 40 1 0
292633 0 6 40 1 0
234296 1 3 41 1 0
234166 0 6 42 3 0
233191 0 6 43 3 0
233842 0 6 43 1 0
234307 1 2 43 1 0
233189 0 6 44 1 0
233193 0 6 44 1 0
233840 0 6 44 0 0
234370 0 6 44 0 0
233844 1 4 45 3 0
443083 1 3 45 3 0
232855 0 6 46 1 0
234571 1 3 46 1 0
233372 0 6 47 1 0
233711 1 4 47 1 0
234412 1 4 47 0 0
234569 1 2 47 1 0
233409 0 6 49 1 0
234485 0 6 49 4 1
232614 1 3 50 0 0
232801 1 4 50 1 0
233712 1 4 50 1 0
233915 0 6 50 1 0
234403 0 6 50 1 0
234573 0 6 50 3 0
233253 1 4 51 1 0
233375 0 6 51 3 0
234339 1 3 51 1 0
234484 1 3 51 4 0
233716 1 4 52 3 1
232674 1 3 53 1 0
232799 1 2 53 0 0
45617 1 3 54 3 0
233710 1 4 54 1 0
234289 0 6 55 3 0
233134 0 6 56 1 0
232676 1 3 57 3 1
232958 0 6 57 1 0
233724 1 2 57 1 0
234024 0 6 57 1 0
234338 1 3 57 1 0
234292 1 3 58 3 0
233739 1 4 59 1 0
233421 1 2 61 1 0
233990 0 6 61 1 0
233184 0 6 62 1 0
233994 0 6 63 1 0
233995 1 4 64 1 0
234006 0 6 65 3 0
232623 0 6 66 3 1
233997 0 6 66 1 0
233999 0 6 66 3 0
233996 0 6 67 1 0
234005 0 6 67 3 0
234144 1 4 67 1 0
91101 1 3 70 3 0
232517 0 6 70 1 0
509495 0 6 71 2 0
91097 0 6 74 3 1
91102 1 3 74 3 1
99729 1 3 78 3 0
