274809 0 3 5 0
215739 0 4 5 3
215740 0 4 5 3
228250 0 4 5 0
228251 0 4 5 0
319749 0 4 5 0
319751 0 4 5 0
319752 0 4 5 0
360871 0 4 5 3
360873 0 4 5 3
530502 0 4 5 0
530503 0 4 5 0
475491 0 5 5 3
475492 0 5 5 3
228248 0 6 5 1
321002 0 6 5 0
321003 0 6 5 0
321004 0 6 5 0
174322 0 9 5 2
234045 0 9 5 1
234047 0 9 5 1
234048 0 9 5 1
320999 0 9 5 1
321001 0 9 5 1
321003 0 9 5 1
321004 0 9 5 1
320999 1 10 5 1
321000 1 10 5 1
321002 1 10 5 1
321004 1 10 5 1
174323 0 11 5 0
174325 0 11 5 0
109544 0 12 5 3
233719 0 12 5 1
233720 0 12 5 1
233721 0 12 5 1
233722 0 12 5 1
234045 0 12 5 3
234047 0 12 5 3
175147 0 13 5 3
292123 0 13 5 1
292125 0 13 5 1
292126 0 13 5 1
362498 0 13 5 3
320467 0 14 5 2
362495 0 14 5 3
362497 0 14 5 3
233720 1 15 5 1
233721 1 15 5 1
234357 0 15 5 3
234360 0 15 5 3
234361 0 15 5 3
291583 1 15 5 1
291584 1 15 5 1
291586 1 15 5 1
291587 1 15 5 1
232638 0 16 5 1
232641 0 16 5 1
111249 0 17 5 1
111252 0 17 5 1
234241 0 18 5 1
291400 1 18 5 1
482398 0 18 5 3
482401 0 18 5 3
233395 1 19 5 1
233654 0 19 5 1
233937 0 19 5 1
233938 0 19 5 1
233940 0 19 5 1
234357 0 19 5 3
234361 0 19 5 3
232638 1 20 5 3
232639 1 20 5 3
233263 1 20 5 1
233264 1 20 5 1
233266 1 20 5 1
233267 1 20 5 1
233268 1 20 5 1
233559 0 20 5 1
234231 0 20 5 1
234234 0 20 5 1
234607 0 20 5 1
232511 1 21 5 1
232512 1 21 5 1
232895 1 21 5 1
234034 0 21 5 1
234241 0 21 5 3
232640 0 22 5 0
233480 0 22 5 1
233481 0 22 5 1
234320 0 22 5 1
234618 1 22 5 3
234619 1 22 5 3
291707 1 22 5 1
291709 1 22 5 1
458864 0 22 5 3
232896 0 23 5 1
234456 0 23 5 3
234458 0 23 5 3
291551 0 23 5 1
291552 0 23 5 1
291554 0 23 5 1
234457 1 24 5 0
234454 0 24 5 3
234456 0 24 5 3
234457 0 24 5 3
233629 0 25 5 1
233630 0 25 5 1
234618 0 25 5 3
234619 0 25 5 3
234620 0 25 5 3
292749 0 25 5 1
109361 0 26 5 1
109364 0 26 5 1
109365 0 26 5 1
110530 1 26 5 1
110533 1 26 5 1
110534 1 26 5 1
233476 1 26 5 3
234300 0 26 5 1
234622 0 26 5 1
232510 0 27 5 2
291634 0 27 5 1
104305 0 28 5 2
104307 0 28 5 2
233822 0 28 5 3
233823 0 28 5 3
233824 0 28 5 3
233975 1 28 5 1
233978 1 28 5 1
234621 0 28 5 1
232763 0 29 5 1
44436 0 30 5 3
44437 0 30 5 3
44439 0 30 5 3
232901 0 30 5 3
232903 0 30 5 3
232905 0 30 5 3
233022 0 30 5 1
234303 0 30 5 1
290803 0 30 5 1
290804 0 30 5 1
290910 0 31 5 1
290912 0 31 5 1
290913 0 31 5 1
233050 0 32 5 1
233054 0 32 5 1
234174 0 32 5 1
234175 0 32 5 1
292593 0 32 5 1
292595 0 32 5 1
290885 0 34 5 1
290887 0 34 5 1
290888 0 34 5 1
233021 0 35 5 3
234064 0 36 5 3
234222 1 36 5 1
234223 1 36 5 1
234166 0 38 5 1
234167 0 38 5 1
234372 1 38 5 1
234374 1 38 5 1
234298 0 39 5 1
234308 0 41 5 1
234309 0 41 5 1
234371 0 41 5 0
234372 0 41 5 0
234373 0 41 5 0
233841 0 42 5 3
233842 0 42 5 3
233843 0 42 5 3
443081 0 43 5 3
443082 0 43 5 3
233710 0 44 5 1
233714 0 44 5 1
233715 0 44 5 1
233716 0 44 5 1
234414 0 44 5 0
234569 0 44 5 1
234572 0 44 5 1
234570 0 46 5 1
234572 0 46 5 1
233711 0 47 5 1
233714 0 47 5 1
233715 0 47 5 1
232615 0 48 5 0
232616 0 48 5 0
232800 1 48 5 1
232802 1 48 5 1
234340 0 49 5 1
234485 0 49 5 4
233715 1 50 5 3
232675 0 51 5 1
232676 0 51 5 1
232801 0 51 5 0
232803 0 51 5 0
234340 0 55 5 1
232675 1 56 5 3
233725 0 56 5 1
233738 0 56 5 1
233419 0 60 5 1
233986 0 60 5 1
233987 0 60 5 1
233992 0 60 5 1
233998 1 62 5 1
233999 1 62 5 1
234003 0 63 5 3
234004 0 63 5 3
234142 0 64 5 1
234145 0 64 5 1
234146 0 64 5 1
91100 0 68 5 3
91100 0 72 5 3
99728 0 76 5 3
