10706 0 3 5 3
10707 0 3 5 3
194573 0 3 5 3
194575 0 3 5 3
194576 0 3 5 3
299737 0 3 5 3
317567 1 3 5 3
202349 1 4 5 1
321480 0 4 5 3
321483 0 4 5 3
387027 0 5 5 1
386661 0 6 5 1
386662 1 8 5 1
386664 1 8 5 1
386665 1 8 5 1
387789 1 9 5 1
387792 1 9 5 1
386531 1 11 5 1
386532 1 11 5 1
386533 1 11 5 1
386661 0 12 5 3
386662 0 12 5 3
386663 0 12 5 3
93447 1 14 5 0
93450 1 14 5 0
386530 0 14 5 3
386531 0 14 5 3
386532 0 14 5 3
387043 1 14 5 1
387045 1 14 5 1
387046 1 14 5 1
387048 1 14 5 1
387846 0 15 5 1
388312 1 15 5 1
291359 0 17 5 3
291361 0 17 5 3
387046 1 17 5 1
387047 1 17 5 1
387048 1 17 5 1
387336 0 17 5 1
386619 0 18 5 1
387847 0 18 5 3
387848 0 18 5 3
388489 0 18 5 0
388490 0 18 5 0
386529 0 19 5 3
386533 0 19 5 3
388491 0 19 5 3
387845 0 20 5 1
387848 0 20 5 1
387849 0 20 5 1
345776 0 21 5 3
386951 0 21 5 1
386952 0 21 5 1
386954 0 21 5 1
386955 0 21 5 1
386956 0 21 5 1
387460 0 21 5 1
387463 0 21 5 1
387592 0 21 5 3
341955 0 22 5 3
386835 0 22 5 1
386837 0 22 5 1
386952 0 22 5 3
386953 0 22 5 3
386955 0 22 5 3
388614 0 22 5 1
388619 0 22 5 1
386905 1 23 5 1
386987 0 24 5 1
386989 0 24 5 1
386991 0 24 5 1
387171 0 24 5 3
387172 0 24 5 3
387173 0 24 5 3
387175 0 24 5 3
387846 0 24 5 1
387847 0 24 5 1
387849 0 24 5 1
386952 0 25 5 0
386956 0 25 5 0
387343 1 25 5 3
388390 0 25 5 1
388392 0 25 5 1
388394 0 25 5 1
388395 0 25 5 1
388615 0 25 5 1
388617 0 25 5 1
388618 0 25 5 1
388619 0 25 5 1
387130 1 26 5 1
387132 1 26 5 1
386990 1 27 5 1
387128 0 27 5 1
387129 0 27 5 1
387131 0 27 5 1
387132 0 27 5 1
388618 0 27 5 1
388619 0 27 5 1
386953 0 28 5 0
386956 0 28 5 0
386953 0 28 5 2
386954 0 28 5 2
386956 0 28 5 2
388390 1 29 5 1
388391 1 29 5 1
388393 1 29 5 1
386832 1 30 5 3
387128 1 30 5 1
387129 1 30 5 1
386293 0 33 5 3
386294 0 33 5 3
142689 0 35 5 2
142690 0 35 5 2
142691 0 35 5 2
142694 0 35 5 2
142695 0 35 5 2
