147623 0 3 5 3
147624 0 3 5 3
478645 0 3 5 1
478646 0 3 5 1
517119 0 3 5 3
517122 0 3 5 3
517123 0 3 5 3
229068 0 4 5 3
457049 0 4 5 3
34699 1 6 5 1
333110 0 6 5 1
478888 0 6 5 1
478889 0 6 5 1
479116 0 6 5 1
479117 0 6 5 1
277666 1 8 5 1
277668 1 8 5 1
34797 0 9 5 1
34799 0 9 5 1
34800 0 9 5 1
228747 0 9 5 3
228748 0 9 5 3
434741 0 9 5 3
434742 0 9 5 3
434743 0 9 5 3
434744 0 9 5 3
434745 0 9 5 3
434746 0 9 5 3
34858 0 10 5 1
34860 0 10 5 1
479189 0 10 5 0
479191 0 10 5 0
479193 0 10 5 0
479194 0 10 5 0
34801 1 11 5 0
34804 1 11 5 0
34805 1 11 5 0
332221 0 11 5 3
332222 0 11 5 3
477486 0 11 5 1
477592 0 12 5 1
477593 0 12 5 1
230664 0 13 5 2
230665 0 13 5 2
478775 0 13 5 1
478776 0 13 5 1
478951 0 13 5 1
34807 1 14 5 1
34812 1 14 5 1
277563 1 14 5 1
277566 1 14 5 1
277566 0 15 5 1
478172 0 15 5 4
478517 0 17 5 1
277562 0 18 5 3
277565 0 18 5 3
277566 0 18 5 3
478071 0 20 5 1
478073 0 20 5 1
478076 0 20 5 1
478018 0 21 5 1
478020 0 21 5 1
478073 0 21 5 1
478074 0 21 5 1
478076 0 21 5 1
478077 0 21 5 1
478017 0 22 5 3
477928 0 23 5 1
477929 0 23 5 1
478211 0 23 5 1
478215 0 23 5 1
478529 0 23 5 1
478531 0 23 5 1
478644 0 23 5 1
478646 0 23 5 1
478131 0 24 5 1
478132 0 24 5 1
478965 0 24 5 1
476093 0 26 5 3
476094 0 26 5 3
478071 1 26 5 3
478073 1 26 5 3
478074 1 26 5 3
480040 0 26 5 3
478963 0 27 5 3
478965 0 27 5 3
240647 0 28 5 3
478130 0 28 5 3
478131 0 28 5 3
478132 0 28 5 3
476093 0 29 5 1
476096 0 29 5 1
476097 0 29 5 1
420758 0 30 5 3
420760 0 30 5 3
40824 0 31 5 3
240650 0 31 5 3
478312 1 34 5 1
563349 0 34 5 3
40824 0 35 5 3
40826 0 35 5 3
40827 0 35 5 3
40829 0 35 5 3
314733 1 36 5 0
549083 0 38 5 2
478749 0 40 5 2
478752 0 40 5 2
478840 0 40 5 3
478844 0 40 5 3
132996 1 42 5 3
477701 0 42 5 4
