401859 1 2 4 4
333187 1 3 3 0
45746 1 3 3 4
401857 1 3 5 4
401858 1 3 5 4
333188 1 4 5 0
333192 1 4 5 0
559342 1 5 1 4
429161 1 5 1 3
218919 0 5 5 2
559343 0 5 5 4
143873 1 6 3 1
142273 1 6 3 1
142271 1 6 2 1
218918 1 6 0 2
142274 0 6 5 1
478883 1 7 3 3
213741 1 7 2 3
143875 1 7 5 1
213738 0 7 5 3
213739 0 7 5 3
454142 1 8 2 1
265907 1 8 2 3
265904 0 8 5 3
265905 0 8 5 3
454141 0 8 5 1
454143 0 8 5 1
454144 0 8 5 1
478881 1 8 5 3
478884 1 8 5 3
452584 0 9 5 3
143893 1 10 3 1
431231 1 10 2 2
213379 1 10 2 1
143896 0 10 5 1
143897 0 10 5 1
213380 0 10 5 1
213381 0 10 5 1
431229 0 10 5 2
431232 0 10 5 2
212871 1 11 3 3
142689 1 11 1 1
452869 1 12 3 3
454699 1 12 2 3
452866 0 12 5 3
452870 0 12 5 3
454145 0 12 5 1
143203 1 13 3 1
143450 1 13 2 4
143202 0 13 5 1
399674 1 14 3 3
213777 1 14 2 1
399262 1 14 1 1
142350 0 14 5 1
399263 0 14 5 1
399265 0 14 5 1
399672 0 14 5 3
142717 1 15 2 3
143080 1 15 1 1
143896 1 17 2 3
452870 1 17 1 3
143894 0 17 5 3
143895 0 17 5 3
143897 0 17 5 3
452869 0 17 5 3
399683 1 18 4 1
454217 1 18 2 1
398908 1 18 2 3
397744 1 18 1 1
143201 0 18 5 3
143202 0 18 5 3
397742 0 18 5 1
397745 0 18 5 1
398906 0 18 5 3
398909 0 18 5 3
454218 0 18 5 1
399568 1 19 1 1
399569 0 19 5 1
399570 0 19 5 1
399684 1 19 5 1
431238 0 19 5 2
431240 0 19 5 2
453157 1 20 2 1
453156 0 20 5 1
453158 0 20 5 1
453991 1 21 4 1
487335 1 21 3 3
293490 1 21 2 3
293493 1 21 1 2
293489 0 21 5 3
454814 1 22 4 1
397899 1 22 3 1
398271 1 22 2 3
397750 1 22 2 3
15747 1 22 2 3
479593 1 22 1 3
15745 0 22 5 3
397898 0 22 5 1
397900 0 22 5 1
398266 0 22 5 3
398269 0 22 5 3
453988 1 22 5 1
453990 1 22 5 1
453993 1 22 5 1
479591 0 22 5 3
479592 0 22 5 3
479594 0 22 5 3
487333 1 22 5 3
392098 1 23 2 3
454813 1 23 5 1
397173 1 24 4 1
303276 1 24 1 2
29305 0 24 5 3
399164 1 25 3 1
398698 1 25 3 1
398833 1 25 2 1
397174 1 25 5 1
397175 1 25 5 1
398832 0 25 5 1
398835 0 25 5 1
399166 0 25 5 1
399168 0 25 5 1
399169 0 25 5 1
398706 1 26 3 1
398253 1 26 2 1
443337 1 26 1 2
398254 0 26 5 1
398255 0 26 5 1
398256 0 26 5 1
398257 0 26 5 1
398707 0 26 5 1
443335 0 26 5 2
443336 0 26 5 2
443338 0 26 5 2
443339 0 26 5 2
453989 1 27 3 0
398436 1 27 2 1
398437 0 27 5 1
398438 0 27 5 1
398270 1 28 2 3
397176 1 28 2 2
397278 1 28 1 2
397173 0 28 5 2
397175 0 28 5 2
453988 1 28 5 0
453993 1 28 5 0
399366 1 29 2 1
397183 1 29 2 1
399165 1 29 1 1
397182 0 29 5 1
397185 0 29 5 1
399364 0 29 5 1
399367 0 29 5 1
399368 0 29 5 1
397958 1 30 3 1
397542 1 30 3 1
477126 1 30 2 3
399167 1 30 2 2
398131 1 30 1 1
397543 0 30 5 1
397960 0 30 5 1
399164 0 30 5 2
399166 0 30 5 2
399168 0 30 5 2
399169 0 30 5 2
477124 0 30 5 3
477125 0 30 5 3
337414 1 31 2 3
207814 1 31 2 4
29306 1 31 2 2
29304 0 31 5 2
29305 0 31 5 2
29307 0 31 5 2
207813 0 31 5 4
337410 0 31 5 3
337413 0 31 5 3
337415 0 31 5 3
397806 1 33 3 0
337411 0 33 5 1
337413 0 33 5 1
337414 0 33 5 1
337415 0 33 5 1
397809 0 33 5 0
338295 1 34 3 1
453993 1 34 2 3
338297 0 34 5 1
453988 0 34 5 3
453990 0 34 5 3
453991 0 34 5 3
453992 0 34 5 3
453994 0 34 5 3
453233 1 36 3 0
453234 1 36 1 1
453236 0 36 5 1
453237 0 36 5 1
453235 1 37 5 0
338238 1 38 4 1
318226 1 39 3 2
398042 1 40 4 1
398107 1 40 2 1
398108 0 40 5 1
398109 0 40 5 1
398554 1 41 3 3
397945 1 41 2 1
319047 1 41 2 3
398152 1 41 1 1
397949 0 41 5 1
398041 1 41 5 1
398043 1 41 5 1
398551 0 41 5 3
398552 0 41 5 3
398553 0 41 5 3
29293 1 42 3 3
337044 0 43 5 1
337045 1 43 1 1
399462 1 44 1 0
337045 1 44 5 0
337047 1 44 5 0
397947 0 44 5 3
397948 0 44 5 3
397949 0 44 5 3
399463 0 44 5 0
398432 1 45 1 1
398430 0 45 5 1
398433 0 45 5 1
29294 0 46 13 3
337775 1 46 3 0
337574 0 46 5 1
397945 0 46 5 1
397949 0 46 5 1
337102 1 47 2 1
266561 1 47 2 3
215387 1 47 2 2
337573 1 47 1 1
29293 1 47 5 3
337103 0 47 5 1
337104 0 47 5 1
337777 1 47 5 0
398362 1 49 3 2
398365 1 60 3 1
398364 0 60 5 1
398367 0 60 5 1
398368 0 60 6 1
398367 1 64 5 3
