559327 9
559328 9
214790 10
214793 10
214794 10
233712 10
281900 10
318359 10
49053 11
100587 11
100589 11
317050 12
560292 12
318360 13
318363 13
229465 14
229466 14
229469 14
84722 15
84726 15
84723 17
84724 17
84725 17
65785 19
65786 19
281815 19
281816 19
281817 19
282476 20
282477 20
282488 20
282489 20
84722 24
84726 24
282474 24
282478 24
282482 24
281807 25
281808 25
281812 25
281804 26
281805 26
281961 26
282484 27
282485 27
282527 27
282528 27
281809 30
281810 31
281811 31
320604 31
282308 32
282305 33
282306 33
