274671 1 4 2 1
220831 1 4 2 3
179002 1 4 2 3
66332 1 4 2 3
66328 0 4 3 3
220830 0 4 3 3
274670 0 4 3 1
274674 0 4 3 1
274675 0 4 3 1
360624 1 5 1 2
179918 1 5 1 3
282807 0 5 3 3
360623 0 5 3 2
419509 1 6 3 1
282808 1 6 0 3
422187 1 7 3 3
422188 0 7 3 3
420382 1 8 3 1
420328 1 8 2 1
214754 1 8 1 3
419518 1 9 3 1
206542 1 9 3 3
420385 1 9 3 1
270579 1 10 2 4
255833 1 10 2 3
282815 1 10 1 3
270578 0 10 3 4
419520 1 10 3 1
419503 1 11 3 1
157373 1 11 2 4
271415 1 11 1 1
157372 0 11 3 4
419676 1 12 3 1
270849 1 12 3 4
420839 1 12 2 1
271372 1 12 2 0
271374 0 12 3 0
271377 0 12 3 0
419502 1 12 3 1
419823 1 13 3 2
420489 1 13 2 1
420386 1 13 2 3
420382 0 13 3 3
420384 0 13 3 3
420840 1 13 3 1
191910 1 14 2 3
271502 1 15 3 0
271368 1 15 3 3
271366 0 15 3 3
271367 0 15 3 3
419122 1 16 2 1
271157 1 16 2 0
271156 0 16 3 0
419126 0 16 3 1
419963 1 17 3 1
419108 1 17 3 1
271371 1 17 3 3
429058 1 17 2 2
375688 0 17 3 2
375690 0 17 3 2
375691 0 17 3 2
419105 0 17 3 1
419109 0 17 3 1
419110 0 17 3 1
429055 0 17 3 2
429060 0 17 3 2
419191 1 18 3 1
419329 1 19 3 1
419194 1 19 2 1
419193 1 19 3 1
419328 0 19 3 1
419967 0 20 13 3
419530 1 20 3 1
5542 1 20 3 3
419949 1 21 2 1
420630 1 21 1 3
419951 0 21 3 1
419952 0 21 3 1
419964 1 21 3 3
419940 1 22 2 1
419411 1 22 2 1
429059 1 22 1 3
420225 1 22 1 1
419413 0 22 3 1
419942 0 22 3 1
420226 0 22 3 1
420228 0 22 3 1
429060 0 22 3 3
420576 1 23 4 1
419959 1 23 2 1
420081 1 24 2 3
419537 1 24 2 1
59924 1 24 2 3
419538 0 24 3 1
420578 1 24 3 1
419960 1 26 2 1
420588 1 26 1 3
419959 0 26 3 1
419962 0 26 3 1
420589 0 26 3 3
270593 1 27 2 1
420437 1 29 1 1
420438 0 29 3 1
270717 1 30 3 1
270718 0 30 3 1
270719 0 30 3 1
272008 1 32 3 3
272006 0 32 3 3
272007 0 32 3 3
269804 1 34 2 3
269803 0 34 3 3
272009 0 34 3 1
270150 1 37 1 4
251424 1 38 1 3
233020 1 39 2 3
233021 0 39 3 3
233011 1 40 4 1
269951 1 41 2 1
233013 1 41 3 1
269953 1 42 3 1
55186 1 54 1 3
408822 1 60 2 3
125344 1 63 1 3
125343 0 63 3 3
125342 1 65 3 2
125340 0 65 3 2
125344 0 65 3 2
