215739 0 4 3 3
215740 0 4 3 3
228250 0 4 3 0
228251 0 4 3 0
319751 0 4 3 0
360871 0 4 3 3
360873 0 4 3 3
475491 0 5 3 3
475492 0 5 3 3
228248 0 6 3 1
321000 0 6 3 0
321004 0 6 3 0
229395 0 8 3 1
448797 0 9 3 0
448798 0 9 3 0
448799 0 9 3 0
228895 0 12 3 1
228897 0 12 3 1
233090 0 13 3 1
449823 1 13 3 1
228451 1 15 3 3
321000 0 15 3 1
321002 0 15 3 1
321003 0 15 3 1
321004 0 15 3 1
229760 0 17 3 3
229886 1 17 3 3
229887 1 17 3 3
229888 1 17 3 3
229951 0 17 3 1
229952 0 17 3 1
229949 0 17 3 1
229951 0 17 3 1
321002 0 17 3 3
450108 0 18 3 1
224250 0 20 3 3
224252 0 20 3 3
137753 0 21 3 3
137754 0 21 3 3
228450 0 21 3 1
321003 0 21 3 1
449271 0 24 3 1
449274 0 24 3 1
449275 0 24 3 1
449276 0 24 3 1
229935 1 26 3 0
228971 0 27 3 1
228972 0 27 3 1
229043 1 28 3 1
449272 0 28 3 0
449275 0 28 3 0
449276 0 28 3 0
228501 1 29 3 1
228676 0 29 3 1
228678 0 29 3 1
228679 0 29 3 1
449421 0 31 3 1
449283 0 32 3 3
449284 0 32 3 3
228417 0 36 3 3
228710 0 37 3 3
229649 0 37 3 1
228201 0 38 3 1
229769 1 38 3 1
229771 1 38 3 1
311454 0 38 3 3
449504 0 38 3 1
228773 0 39 3 3
436355 0 39 3 3
436356 0 39 3 3
449339 0 39 3 1
229647 1 40 3 1
229649 1 40 3 1
448352 0 40 3 1
448356 0 40 3 1
449891 0 40 3 1
449893 0 40 3 1
449894 0 40 3 1
449896 0 40 3 1
449660 0 41 3 1
449661 0 41 3 1
229645 1 43 3 1
316660 0 43 3 2
449504 0 43 3 3
228906 0 44 3 1
228907 0 44 3 1
228908 0 44 3 1
229471 0 45 3 1
316662 0 46 3 2
316663 0 46 3 2
162228 0 47 3 1
449662 0 47 3 1
449664 0 47 3 1
229232 1 48 3 2
229236 1 48 3 2
228905 0 49 3 2
228908 0 49 3 2
229647 0 49 3 3
449446 0 50 3 1
449447 0 50 3 1
193451 0 52 3 1
203559 0 52 3 3
105812 0 53 3 3
448275 0 53 3 1
448969 0 54 3 2
448972 0 54 3 2
450083 0 57 3 1
450035 0 60 3 1
450037 0 60 3 1
450038 0 60 3 1
84201 0 64 3 3
84203 0 64 3 3
448961 0 67 3 3
448973 0 68 3 3
448974 0 68 3 3
432346 0 72 3 4
