12988 0 6 6 2 1
34722 0 6 6 3 0
34858 0 6 6 1 0
147625 1 4 6 3 0
155651 0 6 6 4 1
156528 0 6 6 2 1
228408 0 6 6 3 0
229070 1 3 6 3 0
261085 0 6 6 3 0
277067 1 3 6 4 1
317846 1 3 6 4 0
332366 0 6 6 4 0
332881 0 6 6 1 1
411869 0 6 6 3 0
457051 1 3 6 3 0
478644 1 4 6 1 0
511136 0 6 6 3 0
517124 0 6 6 3 0
538537 0 6 6 1 0
557883 0 6 6 3 0
332880 0 6 8 1 0
333111 1 3 8 1 0
34532 0 6 9 1 0
34698 1 5 9 1 0
478887 1 4 9 1 0
479115 1 4 9 1 1
479191 0 6 9 1 0
511137 0 6 9 3 1
276857 0 6 10 4 1
277073 1 4 10 1 0
277663 1 4 10 4 1
479117 1 3 10 3 1
331853 0 6 11 1 0
384465 1 3 11 3 0
478732 0 6 11 1 0
34701 0 6 12 3 1
333112 0 6 12 3 0
277079 0 6 13 1 1
384464 1 2 13 3 0
479192 0 6 13 1 0
34699 0 6 14 1 0
251280 0 6 14 1 0
277078 0 6 14 1 0
332877 0 6 14 1 0
478523 1 2 14 1 0
99059 1 4 15 3 0
251726 1 3 15 1 0
277072 0 6 15 1 0
277077 0 6 15 1 0
477477 0 6 15 1 0
277076 1 3 16 1 0
277080 1 4 16 3 0
477478 1 3 17 1 0
477485 1 2 17 1 0
251281 0 6 18 1 0
276142 0 6 18 1 0
477475 0 6 18 0 0
477753 0 6 18 1 0
478272 1 3 18 1 0
252010 1 3 19 1 0
252405 0 6 19 1 0
277995 1 3 19 1 0
478017 0 6 19 1 0
276157 1 3 20 1 0
276359 0 6 20 1 0
276380 0 6 20 1 0
277081 0 6 20 3 0
277162 1 3 20 1 1
277957 1 3 20 1 0
477507 1 3 20 1 0
477476 0 6 21 1 0
477794 1 3 21 1 0
477858 1 5 21 0 0
252475 1 3 22 1 0
276138 0 6 22 1 0
276143 0 6 22 1 1
276144 1 2 22 3 0
276155 0 6 22 1 0
276156 0 6 22 1 0
277958 0 6 22 3 0
477484 0 6 22 1 0
478857 0 6 22 1 0
478858 1 3 22 1 1
252677 0 6 23 1 0
276373 0 6 23 3 0
276670 0 6 23 1 0
276708 1 4 23 1 0
477506 0 6 23 1 0
477863 1 3 23 0 0
478018 0 6 23 2 0
478274 1 3 23 2 0
478852 1 4 23 1 0
251612 0 6 24 1 0
252012 0 6 24 3 0
253199 0 6 24 1 0
276159 1 4 24 3 1
276472 1 3 24 1 0
276796 1 3 24 1 0
276960 0 6 24 1 0
277519 0 6 24 1 1
277998 0 6 24 3 1
477457 1 3 24 1 1
477505 0 6 24 1 0
477603 0 6 24 1 0
478864 1 3 24 0 0
109270 1 4 25 3 0
276361 0 6 25 1 0
276601 0 6 25 1 1
277494 1 4 25 1 0
277526 0 6 25 1 0
477795 0 6 25 2 0
478233 0 6 25 4 1
478368 1 2 25 4 1
532847 0 6 25 3 0
109269 0 6 26 3 0
171110 0 6 26 2 0
252678 1 3 26 1 0
253201 1 5 26 1 0
276452 0 6 26 1 0
276964 0 6 26 3 0
277496 0 6 26 1 0
380833 0 6 26 2 0
383588 1 4 26 3 0
477459 1 3 26 3 0
477793 1 4 26 1 0
153783 0 6 27 3 0
239739 0 6 27 2 0
276447 0 6 27 1 0
276709 1 2 27 1 0
276800 0 6 27 1 0
276961 1 2 27 1 0
277096 1 2 27 1 0
277527 0 6 27 3 0
377600 1 3 27 2 1
477472 0 6 27 1 1
477509 0 6 27 3 0
477798 0 6 27 3 0
251530 0 6 28 1 0
251968 0 6 28 1 0
252967 1 4 28 1 0
253202 0 6 28 1 0
277502 1 2 28 4 0
277509 1 4 28 1 0
477458 1 3 28 1 0
477497 0 6 28 1 0
532848 0 6 28 3 0
253434 0 6 29 1 0
273807 1 3 29 3 0
276170 0 6 29 3 0
383587 1 3 29 1 0
477982 1 3 29 1 0
479148 1 4 29 1 0
486762 1 2 29 3 1
251967 1 3 30 0 0
252681 0 6 30 3 0
276351 1 4 30 1 0
277098 1 2 30 3 0
477972 0 6 30 1 0
479147 0 6 30 1 0
251972 1 4 31 3 0
252479 1 4 31 1 0
252733 1 2 31 1 0
252966 0 6 31 1 0
253190 1 3 31 1 0
253433 1 4 31 0 0
277408 1 2 31 1 0
277565 1 3 31 1 0
277579 1 3 31 1 0
277668 1 4 31 3 0
479050 0 6 31 1 0
87289 0 6 32 3 0
90750 0 6 32 3 0
153785 0 6 32 3 0
239740 0 6 32 2 1
252327 1 2 32 1 0
276980 0 6 32 4 0
383555 0 6 32 3 0
477768 0 6 32 1 0
478774 0 6 32 1 0
486764 1 3 32 3 1
252278 0 6 33 1 0
252329 1 4 33 3 0
253187 1 3 33 0 0
253430 0 6 33 3 0
253436 0 6 33 3 0
276418 1 3 33 1 0
276895 1 2 33 1 0
277097 0 6 33 1 0
277407 1 4 33 0 0
337291 1 2 33 3 0
478000 0 6 33 1 0
478685 0 6 33 1 0
479051 0 6 33 1 0
486765 1 3 33 4 0
135949 0 6 34 3 0
251963 0 6 34 1 0
252324 0 6 34 3 0
253209 1 4 34 1 0
277325 1 5 34 1 0
277562 0 6 34 0 0
362935 1 3 34 3 0
478440 0 6 34 4 0
479146 1 3 34 0 0
153484 0 6 35 4 1
252482 0 6 35 3 1
252970 0 6 35 3 0
253200 0 6 35 1 0
276417 0 6 35 1 1
277324 0 6 35 1 0
277563 0 6 35 1 0
277566 0 6 35 1 0
277568 1 4 35 3 1
477877 0 6 35 1 0
479074 1 4 35 1 0
219931 1 3 36 2 0
251849 0 6 36 1 0
252328 1 3 36 3 0
253188 1 4 36 3 0
277564 1 4 36 1 0
306140 0 6 36 3 0
477864 1 3 36 0 0
479076 1 3 36 2 0
479077 1 3 36 3 0
251741 0 6 37 1 0
253205 0 6 37 0 0
276755 1 3 37 1 0
277099 1 4 37 3 0
310215 1 2 37 2 0
477724 1 2 37 3 0
478687 0 6 37 3 1
251850 0 6 38 1 0
252686 0 6 38 1 0
253431 1 4 38 3 0
277044 0 6 38 1 0
336928 0 6 38 4 0
362933 0 6 38 2 0
410763 0 6 38 3 1
479108 1 3 38 1 0
251750 1 4 39 1 0
251964 0 6 39 1 0
252180 0 6 39 1 1
252805 0 6 39 1 0
280927 0 6 39 2 0
477879 1 3 39 3 0
479078 1 3 39 3 0
251969 1 3 40 2 0
252179 0 6 40 1 0
252804 0 6 40 1 0
257927 1 4 40 3 0
413172 0 6 40 2 0
477723 1 3 40 3 0
477866 1 4 40 3 0
478248 1 4 40 0 0
478325 0 6 40 1 1
479075 1 2 40 2 0
97264 0 6 41 3 0
242608 1 4 41 4 0
251897 0 6 41 1 0
252434 1 2 41 1 0
276183 0 6 41 1 0
276686 0 6 41 1 0
276757 0 6 41 1 0
276758 1 3 41 1 0
277942 0 6 41 3 0
312947 0 6 41 2 0
477720 1 3 41 1 0
190540 0 6 42 2 0
251388 1 4 42 1 0
251753 1 3 42 3 0
276182 0 6 42 1 0
277794 1 3 42 1 0
362772 0 6 42 3 0
478188 1 4 42 1 0
252662 0 6 43 1 0
276687 0 6 43 3 0
477432 0 6 43 1 0
478121 1 5 43 1 0
480073 1 3 43 3 1
251720 1 3 44 1 0
251776 0 6 44 1 0
252183 0 6 44 3 0
252914 0 6 44 3 0
253250 0 6 44 1 0
276301 1 4 44 1 0
276496 1 2 44 1 0
478583 1 3 44 1 0
252838 1 4 45 2 0
261062 0 6 45 3 0
276759 0 6 45 3 0
276769 0 6 45 1 0
276844 0 6 45 1 0
277197 0 6 45 1 0
277697 0 6 45 1 0
277852 0 6 45 2 0
277943 0 6 45 3 1
285624 1 3 45 2 1
251758 0 6 46 2 0
251778 0 6 46 3 0
252068 0 6 46 1 0
276181 1 2 46 1 0
276339 0 6 46 1 0
277796 0 6 46 3 0
348770 0 6 46 2 0
463272 1 4 46 3 1
251895 0 6 47 0 0
252218 1 3 47 1 0
252762 0 6 47 1 0
253992 1 2 47 2 0
261063 1 4 47 3 0
276467 1 3 47 1 0
276756 1 2 47 1 0
276881 0 6 47 1 1
277255 0 6 47 1 0
277547 0 6 47 1 0
277550 0 6 47 3 0
277673 1 4 47 1 0
377268 0 6 47 3 1
478532 1 2 47 1 0
479091 1 4 47 1 0
251279 0 6 48 1 0
251721 0 6 48 1 1
251909 1 4 48 3 1
252669 1 4 48 3 0
253251 1 3 48 1 1
276304 0 6 48 2 0
276429 0 6 48 4 1
276466 1 3 48 0 0
276764 0 6 48 2 0
276838 1 4 48 1 0
277816 1 3 48 3 0
477433 0 6 48 1 0
478120 0 6 48 1 0
252217 1 4 49 0 0
252904 1 3 49 1 0
261056 0 6 49 3 0
276282 0 6 49 1 0
277713 1 5 49 1 0
285622 0 6 49 0 0
285623 0 6 49 1 0
378592 0 6 49 4 0
463273 1 3 49 3 0
477502 1 3 49 1 0
477775 1 4 49 1 0
478539 0 6 49 3 0
251613 1 3 50 1 0
251722 1 4 50 3 0
251942 0 6 50 1 0
252837 0 6 50 1 1
252848 0 6 50 3 0
261059 1 3 50 2 0
276368 0 6 50 1 0
276468 0 6 50 1 0
276848 0 6 50 2 0
276880 1 2 50 1 0
277330 0 6 50 1 0
277542 1 4 50 1 0
277551 0 6 50 3 0
277817 0 6 50 4 0
277843 1 2 50 3 0
277851 0 6 50 1 0
477434 0 6 50 3 0
478643 1 3 50 1 0
251381 0 6 51 1 0
251775 0 6 51 1 0
251944 0 6 51 1 0
252215 1 5 51 3 0
252609 1 3 51 1 1
252652 0 6 51 1 1
252761 1 4 51 1 0
252871 1 5 51 1 0
276464 1 3 51 3 0
277198 1 2 51 3 0
277254 1 4 51 1 0
277287 1 2 51 1 0
277863 0 6 51 3 0
378600 1 3 51 3 0
477549 1 5 51 1 0
477774 0 6 51 1 0
477779 1 3 51 3 0
479182 1 5 51 1 0
251770 0 6 52 0 0
252173 0 6 52 4 1
252653 0 6 52 3 1
276321 1 5 52 0 0
276370 0 6 52 3 0
276375 1 3 52 0 0
277017 0 6 52 4 0
285626 0 6 52 3 0
478109 0 6 52 3 0
79696 1 4 53 2 0
169689 0 6 53 3 0
251651 1 4 53 1 0
252371 0 6 53 1 0
252868 0 6 53 1 0
252872 1 4 53 1 0
252903 0 6 53 0 0
253317 0 6 53 4 1
276786 1 3 53 1 0
277469 1 3 53 3 0
285629 0 6 53 1 0
285630 1 4 53 1 0
285635 1 3 53 1 0
285822 0 6 53 0 0
477773 1 4 53 0 0
477776 0 6 53 1 0
171789 1 3 54 3 0
251298 0 6 54 1 1
252420 1 3 54 1 0
252656 0 6 54 1 0
253194 1 3 54 1 0
253323 0 6 54 4 1
253364 0 6 54 1 0
261061 0 6 54 2 1
276323 1 4 54 3 0
276882 1 3 54 1 0
277544 0 6 54 3 0
285637 1 3 54 3 0
378657 1 4 54 3 0
79698 0 6 55 3 0
169688 0 6 55 2 0
251763 0 6 55 3 0
251941 0 6 55 1 0
252370 0 6 55 0 0
252610 1 3 55 1 0
252874 1 3 55 3 1
276883 1 3 55 3 0
251559 1 3 56 1 0
252362 1 3 56 1 0
252655 1 3 56 0 0
252704 0 6 56 1 0
262243 0 6 56 2 1
276376 0 6 56 2 0
277764 1 4 56 1 0
285634 0 6 56 1 0
339742 0 6 56 3 0
439718 1 3 56 3 0
477772 1 4 56 0 0
168827 0 6 57 4 0
253399 1 3 57 1 0
261664 0 6 57 3 0
276129 0 6 57 1 0
276371 0 6 57 3 0
276777 1 3 57 2 0
277221 1 4 57 3 0
285633 1 3 57 1 1
285939 0 6 57 3 0
378656 0 6 57 1 0
477565 0 6 57 1 1
59462 0 6 58 3 0
79695 0 6 58 1 0
154754 0 6 58 2 0
265172 0 6 58 2 0
276784 1 4 58 1 0
285636 0 6 58 3 0
349780 1 4 58 3 0
544720 1 3 58 2 0
277759 0 6 59 3 0
377549 1 3 59 1 0
477566 1 3 59 1 0
252695 1 3 60 4 0
277575 0 6 60 4 0
80369 1 3 61 1 0
277628 0 6 61 4 0
377550 1 3 61 1 0
377577 0 6 61 1 0
477842 1 4 61 1 0
80040 0 6 62 1 0
478310 0 6 62 1 0
79327 1 5 63 1 0
80037 1 4 63 1 0
80092 0 6 63 1 0
377551 0 6 63 3 1
377554 0 6 63 1 0
377658 1 5 63 1 0
379114 1 3 63 1 1
477567 1 2 63 3 0
477570 0 6 63 4 0
79471 1 4 64 1 0
277758 1 3 64 2 0
378487 1 2 64 1 0
379022 1 4 64 3 0
80039 0 6 65 1 0
80043 1 3 65 3 0
277766 0 6 65 3 0
377344 0 6 65 1 0
378488 1 4 65 3 1
377552 0 6 66 3 0
377580 0 6 66 2 0
378414 1 4 66 1 0
80096 0 6 67 3 1
80097 0 6 67 4 0
377347 1 3 67 3 0
377375 1 3 67 1 0
377541 1 2 67 1 0
80093 0 6 68 1 0
277765 0 6 68 3 1
304611 1 2 68 3 0
378532 1 3 68 2 0
377402 0 6 69 1 1
378406 1 3 69 0 1
378415 1 2 69 3 0
80253 0 6 70 1 0
377582 1 3 70 3 0
377385 0 6 71 1 0
378026 0 6 71 1 0
378412 0 6 71 0 0
378959 0 6 71 1 0
80256 0 6 72 3 0
276892 1 4 72 3 0
304610 0 6 72 2 0
304612 1 3 72 3 1
377800 1 3 72 3 0
378132 0 6 72 2 0
80078 1 4 73 1 1
377376 1 2 73 1 0
377726 0 6 73 1 0
377832 1 3 73 1 1
378092 1 2 73 1 0
388869 1 3 73 2 1
49382 0 6 74 3 0
377962 0 6 74 1 0
378961 1 4 74 1 1
379073 0 6 74 1 0
556742 1 4 74 2 0
377374 0 6 75 0 0
377513 1 3 75 1 0
377830 1 3 75 1 0
378090 1 3 75 1 0
378129 1 3 75 0 0
413011 0 6 75 3 0
54595 1 5 76 2 0
377285 0 6 76 1 0
377483 0 6 76 1 0
377675 0 6 76 1 1
378091 1 3 76 1 0
378093 0 6 76 3 0
378243 0 6 76 1 0
378556 1 3 76 1 0
378839 1 5 76 1 0
378963 1 3 76 3 0
379110 0 6 76 1 0
557358 0 6 76 3 0
304609 0 6 77 1 0
368103 0 6 77 2 0
377515 1 4 77 3 0
377727 1 4 77 1 0
378148 0 6 77 1 0
378898 0 6 77 1 0
379065 0 6 77 1 0
379075 0 6 77 3 0
379128 1 2 77 2 0
304215 1 3 78 1 0
378043 0 6 78 4 1
378363 1 4 78 1 0
378472 0 6 78 1 0
379113 1 5 78 3 0
277416 1 4 79 3 0
377358 1 2 79 3 0
377676 0 6 79 2 0
377678 1 4 79 3 0
378094 0 6 79 3 0
378131 0 6 79 1 0
378155 0 6 79 1 0
379108 1 4 79 1 0
377286 0 6 80 1 0
378147 0 6 80 1 0
378962 0 6 80 3 1
303929 1 3 81 1 0
304218 1 3 81 1 0
377674 1 3 81 1 0
377677 1 4 81 3 0
378041 1 3 81 3 0
378130 1 5 81 0 0
378473 1 2 81 1 0
45519 1 2 82 3 0
303215 0 6 82 1 0
303458 1 4 82 1 0
303802 0 6 82 1 0
304211 0 6 82 1 0
304221 0 6 82 3 0
304344 1 4 82 1 1
376629 1 2 82 3 0
378365 0 6 82 1 0
377685 0 6 83 1 1
378398 1 3 83 1 0
303180 1 4 84 1 0
304915 0 6 84 3 0
378950 1 4 84 4 0
303536 0 6 85 1 0
303845 1 3 85 1 0
304251 0 6 85 1 0
304343 0 6 85 1 0
377240 0 6 85 4 0
377684 1 4 85 1 0
453832 1 3 85 2 0
45123 0 6 86 4 1
130496 1 3 86 3 0
303606 0 6 86 1 0
377290 1 3 86 3 0
377522 0 6 86 1 0
303605 1 4 87 1 0
304127 1 4 87 1 0
379115 0 6 87 1 1
552243 1 4 87 3 0
284906 1 2 88 3 0
303702 0 6 88 1 0
303859 0 6 88 3 0
304346 1 3 88 3 1
45124 1 4 89 4 0
303183 0 6 89 3 0
303549 1 4 89 1 0
303711 0 6 89 1 0
304126 1 3 89 1 0
377525 0 6 89 2 0
379112 1 3 89 2 0
552240 1 2 89 2 0
130540 1 4 90 4 0
303319 0 6 90 1 0
303346 0 6 90 4 0
303550 1 2 90 1 0
330352 0 6 90 3 0
420719 0 6 90 3 0
213151 0 6 91 3 0
303608 0 6 91 3 1
304128 1 3 91 3 0
304428 1 3 91 3 0
420718 1 3 91 3 0
521749 1 2 91 3 1
303857 1 3 92 1 0
304425 1 3 92 1 1
552242 1 5 92 3 0
304487 1 3 93 1 0
334445 1 4 93 2 0
303664 1 2 94 1 1
304427 0 6 94 3 0
304570 1 2 94 1 0
304688 0 6 94 1 0
521755 1 3 94 3 0
290967 0 6 95 3 0
304426 0 6 95 1 0
431497 1 3 95 2 0
227055 1 4 96 3 0
303948 1 4 96 1 0
334437 0 6 96 3 0
273743 1 3 97 4 0
303656 0 6 97 3 0
303661 1 3 97 1 0
303666 1 3 97 3 0
303716 1 2 97 1 0
304486 0 6 97 1 0
304571 1 3 97 2 1
552239 0 6 97 0 0
334446 0 6 98 3 0
521745 0 6 98 3 0
216567 1 3 99 2 0
303363 0 6 99 3 1
303655 0 6 99 2 0
303713 0 6 99 0 0
304113 0 6 99 1 0
304194 0 6 99 1 0
304274 1 4 99 1 0
304679 0 6 99 1 0
429785 0 6 99 3 0
498828 1 4 99 3 0
516433 1 3 99 3 0
303234 0 6 100 2 0
303949 0 6 100 1 1
303950 1 4 100 1 0
304800 0 6 100 1 0
303598 1 3 101 1 0
303715 0 6 101 1 0
304115 0 6 101 1 0
304118 1 4 101 3 0
305083 1 3 101 1 0
303390 0 6 102 1 0
304275 0 6 102 1 0
304290 0 6 102 3 0
304340 1 3 102 1 0
304684 0 6 102 1 0
304872 0 6 102 1 0
334435 1 4 102 0 0
216566 1 4 103 2 0
303375 0 6 103 0 1
303524 0 6 103 1 0
303714 0 6 103 1 0
303850 1 4 103 1 0
304237 1 3 103 1 0
304489 0 6 103 3 0
304619 1 4 103 1 0
304769 1 4 103 1 1
303475 0 6 104 1 0
303823 1 5 104 1 0
303932 0 6 104 1 0
304625 0 6 104 1 0
304875 1 3 104 1 0
304977 0 6 104 1 0
303377 0 6 105 2 0
303391 0 6 105 1 0
303540 0 6 105 1 0
303856 0 6 105 1 0
304169 1 5 105 1 0
304458 0 6 105 1 0
304485 1 2 105 1 0
304669 0 6 105 2 0
304680 1 4 105 1 0
304877 0 6 105 2 0
305082 0 6 105 2 0
303164 1 3 106 3 1
303523 1 4 106 3 0
303778 0 6 106 1 0
303852 0 6 106 3 0
303939 1 3 106 1 0
304030 1 2 106 1 0
304182 1 2 106 3 0
304459 1 3 106 1 0
304468 1 3 106 1 0
304801 0 6 106 3 0
334436 0 6 106 2 0
303394 1 3 107 3 0
303404 0 6 107 0 0
303710 0 6 107 3 0
303777 1 3 107 1 0
303788 0 6 107 3 0
304488 0 6 107 1 0
304629 0 6 107 3 0
304631 0 6 107 1 0
304670 1 4 107 3 1
304876 0 6 107 1 0
304074 1 4 108 1 0
304470 1 2 108 2 0
304490 1 3 108 3 0
304682 0 6 108 3 0
305080 1 4 108 3 0
68029 1 3 109 2 0
270237 1 4 109 3 0
303663 1 3 109 3 0
303990 1 3 109 1 0
304350 1 3 109 4 0
304547 0 6 109 1 0
470173 1 4 109 3 0
257483 1 4 110 3 0
260821 0 6 110 3 0
303393 0 6 110 1 1
303834 0 6 110 1 0
304457 0 6 110 1 0
304763 0 6 110 1 0
68026 0 6 111 0 0
271437 1 4 111 3 0
303392 1 3 111 1 0
303940 1 3 111 1 0
304077 0 6 111 3 0
304491 1 3 111 3 0
304668 0 6 111 1 0
304874 1 3 111 1 0
305037 0 6 111 1 0
68817 0 6 112 4 1
96203 0 6 112 3 0
260667 0 6 112 3 0
303403 0 6 112 3 0
304216 0 6 112 1 0
304469 1 2 112 2 0
304496 1 3 112 3 1
304632 1 3 112 1 0
304666 0 6 112 0 0
304873 0 6 112 1 0
68814 1 4 113 0 0
72614 0 6 113 3 0
257482 1 3 113 3 0
302380 1 3 113 3 0
303576 0 6 113 3 0
303580 0 6 113 1 0
303613 0 6 113 3 1
303835 0 6 113 3 0
304281 1 3 113 1 0
69369 0 6 114 1 0
303399 0 6 114 1 0
303581 1 4 114 3 0
304549 0 6 114 3 0
304634 1 3 114 3 0
304667 1 3 114 0 0
305032 0 6 114 1 0
69060 0 6 115 1 0
271431 0 6 115 0 0
302389 1 2 115 3 0
303266 1 4 115 1 0
303396 0 6 115 3 0
304929 0 6 115 1 0
344724 0 6 115 3 0
345678 0 6 115 3 0
68293 0 6 116 1 0
303634 0 6 116 1 0
303674 1 3 116 1 0
304217 0 6 116 1 0
304373 1 3 116 3 1
304453 0 6 116 1 0
304933 0 6 116 3 0
343831 1 4 116 3 0
379580 1 3 116 2 0
445735 0 6 116 2 0
479046 0 6 116 3 0
68735 0 6 117 1 0
303295 0 6 117 3 0
303401 0 6 117 2 0
303660 1 4 117 1 0
304926 0 6 117 1 0
305053 0 6 117 1 0
67644 1 4 118 1 0
68294 1 4 118 2 0
69445 0 6 118 1 0
302564 0 6 118 3 0
457373 0 6 118 2 0
68018 0 6 119 1 0
68676 1 3 119 1 0
271432 0 6 119 0 0
302561 0 6 119 1 0
303641 1 3 119 3 0
303836 0 6 119 3 0
303947 0 6 119 3 0
304450 1 2 119 0 1
304974 0 6 119 3 0
418527 0 6 119 3 0
457372 0 6 119 2 0
67557 0 6 120 1 0
67646 0 6 120 2 0
303573 1 3 120 1 0
303659 0 6 120 1 0
303995 1 3 120 1 0
304219 1 2 120 3 0
304370 0 6 120 0 0
304574 0 6 120 0 0
304729 1 4 120 1 0
305075 0 6 120 3 0
67648 1 3 121 3 1
302009 1 4 121 1 0
304538 1 3 121 1 0
304735 0 6 121 0 0
67711 0 6 122 1 0
68295 0 6 122 3 0
68348 0 6 122 1 0
271433 1 4 122 0 0
303673 1 3 122 1 0
303957 0 6 122 1 0
304727 0 6 122 0 0
418526 1 3 122 2 1
68674 1 4 123 1 0
303569 1 3 123 1 0
303662 1 3 123 3 0
303771 1 3 123 1 0
303991 0 6 123 1 0
304286 0 6 123 0 0
304541 1 3 123 1 0
304728 1 2 123 1 0
67561 1 2 124 3 1
67715 0 6 124 3 0
67721 0 6 124 1 0
68296 0 6 124 3 0
233121 1 3 124 2 0
302011 1 4 124 3 1
303558 0 6 124 1 0
303574 0 6 124 1 0
303861 0 6 124 0 0
304456 0 6 124 3 0
304542 0 6 124 1 0
304730 1 4 124 2 1
348337 1 3 124 3 0
68287 0 6 125 1 0
68869 1 3 125 1 0
69056 0 6 125 1 0
69420 0 6 125 1 0
271970 1 5 125 0 1
303654 0 6 125 0 0
303862 0 6 125 1 0
304152 0 6 125 1 0
304193 0 6 125 0 1
304698 0 6 125 3 0
14153 1 2 126 3 0
67558 0 6 126 1 0
69419 0 6 126 0 0
303067 0 6 126 2 0
303678 1 4 126 4 0
303729 0 6 126 0 0
68289 1 4 127 3 0
69502 1 3 127 1 0
303355 0 6 127 4 1
303904 0 6 127 1 0
304475 0 6 127 0 0
67716 0 6 128 3 0
69423 1 2 128 1 0
263223 0 6 128 3 0
271971 1 2 128 1 0
271973 0 6 128 3 0
303675 0 6 128 3 0
348336 0 6 128 2 0
68451 0 6 129 3 0
69505 0 6 129 3 0
269828 1 4 129 2 0
304474 0 6 129 0 0
397051 1 2 129 3 0
67710 1 4 130 1 1
68616 0 6 130 1 0
69416 1 4 130 1 0
134278 1 2 130 3 0
135305 1 3 130 3 1
303286 0 6 130 0 0
68644 1 4 131 1 0
68933 0 6 131 1 0
303903 0 6 131 0 0
304339 0 6 131 3 1
67908 1 3 132 1 0
69119 0 6 132 1 0
270037 1 3 132 3 0
271529 1 4 132 1 0
38325 0 6 133 3 0
68450 0 6 133 3 0
69418 1 3 133 3 0
303825 1 2 133 4 1
304477 0 6 133 3 0
67784 1 3 134 1 0
67909 0 6 134 1 0
67915 0 6 134 1 0
68643 1 4 134 1 0
304336 0 6 134 1 0
397050 1 4 134 3 1
470766 1 2 134 3 0
68937 0 6 135 3 0
270129 1 4 135 1 0
270157 0 6 135 1 0
68094 0 6 136 1 0
67914 0 6 137 0 0
67979 0 6 137 1 0
68973 1 2 137 1 0
76278 1 2 137 2 0
397048 1 4 137 0 0
67671 1 4 138 1 0
68192 0 6 138 1 0
69399 0 6 138 1 0
270130 0 6 138 3 0
304337 0 6 138 1 0
68193 1 3 139 1 0
68804 1 4 139 3 0
76282 0 6 139 3 0
68092 1 3 140 0 0
68319 1 4 140 1 0
68324 0 6 140 1 0
67810 1 3 141 1 0
68194 0 6 141 1 0
68361 0 6 141 1 0
69449 1 4 141 1 0
75205 1 3 141 4 0
76280 1 3 141 4 1
76281 0 6 141 3 0
69261 1 3 142 1 0
128064 1 3 142 3 1
67768 0 6 143 1 0
68841 0 6 143 1 0
68972 0 6 143 1 0
69448 1 4 144 1 0
24036 1 4 145 2 0
67813 0 6 145 3 0
68358 1 4 145 0 0
69415 0 6 145 1 0
67735 0 6 146 1 0
68581 1 4 146 3 0
69259 0 6 146 1 0
68359 1 4 148 1 0
76446 1 2 148 3 0
67767 0 6 149 0 1
69070 0 6 150 1 0
69208 1 4 152 1 0
76443 1 5 152 1 0
69072 1 3 154 3 0
69206 1 3 156 1 0
68030 0 6 159 1 0
68043 1 5 160 1 0
68037 1 2 161 3 0
69202 1 3 161 1 0
68045 0 6 163 3 0
69192 1 2 163 1 0
69193 0 6 164 1 0
69004 1 4 165 1 0
69200 0 6 165 1 0
69203 0 6 165 1 0
68768 0 6 166 1 0
69199 0 6 166 0 0
69201 1 3 167 1 0
67872 1 3 168 4 0
68088 0 6 168 1 0
68786 1 4 169 1 0
69204 0 6 169 3 1
67796 1 4 170 1 0
68177 1 4 170 2 0
68767 1 4 170 1 0
69205 0 6 170 3 0
69329 0 6 170 1 1
68184 0 6 171 1 0
69422 1 4 171 1 0
120540 1 3 171 2 0
67610 0 6 172 1 0
67712 0 6 172 1 0
67855 0 6 172 1 0
86305 0 6 172 3 0
67797 1 2 173 3 0
67798 0 6 173 3 0
67613 1 3 174 3 1
69425 0 6 174 3 1
120542 1 2 174 3 0
67608 0 6 175 1 0
67993 0 6 176 1 0
69313 0 6 176 3 1
67688 1 2 177 1 1
67713 1 3 177 1 1
67992 0 6 178 1 0
69424 0 6 178 3 0
330303 0 6 178 3 0
67628 1 3 182 3 0
67625 1 3 186 2 0
