66328 0 4 3 3
220830 0 4 3 3
274670 0 4 3 1
274674 0 4 3 1
274675 0 4 3 1
282807 0 5 3 3
360623 0 5 3 2
422188 0 7 3 3
420385 1 9 3 1
270578 0 10 3 4
419520 1 10 3 1
157372 0 11 3 4
271374 0 12 3 0
271377 0 12 3 0
419502 1 12 3 1
420382 0 13 3 3
420384 0 13 3 3
420840 1 13 3 1
271366 0 15 3 3
271367 0 15 3 3
271156 0 16 3 0
419126 0 16 3 1
375688 0 17 3 2
375690 0 17 3 2
375691 0 17 3 2
419105 0 17 3 1
419109 0 17 3 1
419110 0 17 3 1
429055 0 17 3 2
429060 0 17 3 2
419193 1 19 3 1
419328 0 19 3 1
419951 0 21 3 1
419952 0 21 3 1
419964 1 21 3 3
419412 0 22 3 1
419942 0 22 3 1
419943 0 22 3 1
420228 0 22 3 1
429057 0 22 3 3
429060 0 22 3 3
419960 0 23 3 1
419962 0 23 3 1
419536 0 24 3 1
420577 1 24 3 1
419123 0 26 3 3
419127 0 26 3 3
419820 0 27 3 1
419821 0 27 3 1
419822 0 27 3 1
419940 0 27 3 3
419942 0 27 3 3
419624 0 29 3 1
420558 0 31 3 1
420545 0 35 3 0
420546 0 35 3 0
