21914 0 6 6 4 0
23019 1 4 6 2 0
79437 0 6 6 3 0
113273 0 6 6 4 0
145193 0 6 6 4 0
158967 0 6 6 3 0
163600 1 3 6 3 1
283621 1 4 6 3 0
347151 0 6 6 1 0
367797 1 4 6 1 0
388527 0 6 6 1 0
390033 0 6 6 3 0
459526 0 6 6 1 0
464576 1 5 6 1 0
470145 0 6 6 3 0
471824 1 3 6 1 0
473490 1 4 6 3 0
475171 0 6 6 3 0
479049 0 6 6 1 0
536439 0 6 6 3 0
459527 0 6 7 3 0
461111 1 3 7 1 0
459522 0 6 8 0 0
471826 0 6 8 3 1
304783 0 6 9 3 0
347347 1 2 9 1 0
536437 1 4 9 1 0
158966 0 6 10 1 0
367798 1 3 10 1 0
459680 1 4 10 3 1
460997 1 3 10 1 0
471827 0 6 10 3 0
477482 0 6 10 1 0
477554 0 6 10 1 0
389023 1 4 11 4 0
390030 1 4 11 1 0
419692 0 6 11 2 0
471823 0 6 11 1 0
477480 1 3 11 1 0
537279 0 6 11 2 0
347346 0 6 12 1 0
347349 0 6 12 2 0
477485 0 6 12 0 0
477486 1 4 12 1 0
478937 0 6 12 1 0
479084 0 6 12 1 0
367799 1 2 13 1 1
459524 0 6 13 1 0
461000 0 6 13 4 0
477481 1 2 13 1 0
478633 0 6 13 0 0
346783 1 2 14 1 0
459911 0 6 14 1 0
477484 0 6 14 3 0
477628 0 6 14 1 1
477997 1 3 14 1 1
478224 0 6 14 1 0
478420 1 4 14 1 0
478497 1 2 14 1 0
478973 0 6 14 3 1
367756 1 4 15 1 0
459525 1 2 15 1 0
470385 1 3 15 1 0
477487 1 3 15 1 0
479082 0 6 15 1 0
537278 0 6 15 2 1
477719 0 6 16 1 0
478519 1 4 16 1 0
478938 0 6 16 1 0
367801 0 6 17 3 0
368069 0 6 17 1 0
368909 1 3 17 1 0
460632 0 6 17 4 0
477625 0 6 17 0 0
478419 1 3 17 1 0
478450 0 6 17 1 0
478741 1 2 17 1 0
479088 0 6 17 3 0
536198 0 6 17 2 1
367757 0 6 18 1 0
459799 1 4 18 1 0
477491 0 6 18 1 0
477627 0 6 18 1 0
478223 0 6 18 1 0
478660 0 6 18 1 0
478844 0 6 18 1 1
127033 0 6 19 2 0
368067 0 6 19 0 0
459716 1 2 19 1 0
460100 0 6 19 4 0
477483 0 6 19 3 0
477588 0 6 19 1 0
477747 0 6 19 4 0
478518 0 6 19 1 0
478966 0 6 19 1 0
367405 0 6 20 1 0
459430 1 3 20 1 0
477870 1 3 20 1 0
478617 0 6 20 1 0
478756 1 2 20 1 0
478846 1 3 20 3 0
64349 0 6 21 3 0
127026 0 6 21 3 0
367587 1 2 21 1 0
368812 0 6 21 1 0
470386 0 6 21 3 0
478386 1 4 21 1 0
478392 1 4 21 3 0
479181 1 2 21 1 0
459651 1 5 22 1 0
459797 1 2 22 0 0
460631 1 2 22 4 0
461127 0 6 22 1 0
477794 1 3 22 1 0
478157 0 6 22 4 0
478455 1 3 22 1 0
479109 1 3 22 1 0
356785 0 6 23 3 1
368198 0 6 23 1 0
459652 1 4 23 2 0
477434 0 6 23 1 0
477489 1 4 23 3 0
477766 1 4 23 1 0
127031 1 3 24 0 0
367402 0 6 24 1 1
367586 0 6 24 1 0
368241 1 4 24 1 0
368521 0 6 24 1 0
459308 0 6 24 1 0
459798 1 4 24 1 0
477789 0 6 24 1 1
478177 1 3 24 1 0
478799 0 6 24 1 0
477776 1 4 25 1 0
479041 1 3 25 1 0
479120 1 2 25 1 0
367585 1 3 26 0 0
367832 0 6 26 4 1
367967 0 6 26 1 0
368125 0 6 26 1 0
477817 1 4 26 3 0
478453 0 6 26 0 0
478616 0 6 26 1 0
479179 1 5 26 0 0
69654 0 6 27 3 0
425489 0 6 27 3 0
459803 0 6 27 0 0
460260 1 3 27 1 0
461126 0 6 27 1 0
477779 1 2 27 0 0
477813 1 2 27 2 1
479180 0 6 27 1 0
357083 1 3 28 3 1
367966 0 6 28 1 1
368520 0 6 28 0 0
477961 0 6 28 1 0
478171 0 6 28 1 0
478627 1 4 28 1 0
367831 1 4 29 4 0
367998 1 4 29 1 0
368128 0 6 29 3 0
368569 0 6 29 0 0
477778 1 4 29 3 0
477815 0 6 29 2 0
478409 0 6 29 4 1
478740 1 4 29 3 0
479654 0 6 29 3 0
483636 1 3 29 2 1
550750 0 6 29 3 0
368051 0 6 30 2 0
477777 1 4 30 3 1
478777 0 6 30 1 0
479118 1 4 30 3 0
499267 1 2 30 3 0
33557 1 3 31 3 1
204748 1 3 31 3 0
367969 1 3 31 3 0
459653 0 6 31 1 0
477906 1 3 31 1 0
33558 1 5 32 3 0
221742 0 6 32 3 0
357082 0 6 32 3 0
367235 1 2 32 1 0
367448 0 6 32 1 0
368124 1 3 32 1 0
477960 1 3 32 1 0
478618 0 6 32 3 0
553497 0 6 32 3 0
150924 1 3 33 3 0
367446 1 5 33 1 0
368272 0 6 33 1 0
368942 1 4 33 4 1
459159 1 4 33 1 1
479125 0 6 33 1 1
195535 1 3 34 3 0
367450 1 4 34 3 1
367968 1 4 34 3 0
368691 0 6 34 1 0
367238 1 4 35 3 0
367406 1 3 35 3 0
367449 1 3 35 3 0
368110 0 6 35 1 0
368660 1 3 35 1 0
459649 0 6 35 1 0
459654 0 6 35 1 0
459845 1 4 35 1 0
460073 0 6 35 1 1
477905 1 4 35 1 0
477907 1 2 35 2 0
479155 1 2 35 1 0
174917 0 6 36 3 0
368333 1 3 36 1 0
368752 0 6 36 1 0
459125 1 3 36 1 0
461062 1 3 36 1 0
553537 1 4 36 4 1
367893 0 6 37 3 0
368349 0 6 37 1 1
368692 1 3 37 1 0
531664 0 6 37 3 0
367548 0 6 38 1 0
368106 0 6 38 1 0
368670 1 4 38 3 0
459809 1 3 38 1 0
460363 0 6 38 1 0
460547 1 3 38 1 0
461060 0 6 38 1 0
478960 0 6 38 1 0
368694 0 6 39 3 0
477908 0 6 39 3 0
368240 0 6 40 1 0
368332 1 4 40 1 0
459846 0 6 40 1 0
479008 0 6 40 3 0
367209 0 6 41 1 0
367547 0 6 41 1 0
368646 0 6 41 1 0
459807 1 5 41 0 0
460683 1 3 41 1 0
368422 0 6 42 1 0
368695 1 3 42 3 1
369005 0 6 42 1 0
459810 0 6 42 3 0
460064 1 3 42 4 1
531662 1 3 42 2 0
431467 0 6 43 2 0
460686 0 6 43 2 0
367210 0 6 45 1 0
368644 0 6 45 1 0
55248 1 3 46 2 0
367307 1 4 46 1 0
368645 1 3 46 1 0
368649 0 6 46 3 0
473486 1 3 47 3 0
368496 1 3 48 1 0
367344 0 6 50 1 0
561919 1 3 50 3 0
473484 0 6 51 1 0
367343 0 6 52 1 0
433395 0 6 52 3 0
367877 0 6 56 1 0
368796 0 6 58 1 0
