274671 1 4 2 1
220831 1 4 2 3
179002 1 4 2 3
66332 1 4 2 3
66328 0 4 5 3
220830 0 4 5 3
274670 0 4 5 1
274674 0 4 5 1
274675 0 4 5 1
360624 1 5 1 2
179918 1 5 1 3
282807 0 5 5 3
360623 0 5 5 2
419509 1 6 3 1
282808 1 6 0 3
422187 1 7 3 3
422188 0 7 5 3
420382 1 8 3 1
420328 1 8 2 1
214754 1 8 1 3
419518 1 9 3 1
206542 1 9 3 3
420383 1 9 5 1
270579 1 10 2 4
255833 1 10 2 3
282815 1 10 1 3
419521 1 10 5 1
419503 1 11 3 1
157373 1 11 2 4
271415 1 11 1 1
157372 0 11 5 4
271414 0 11 5 1
271417 0 11 5 1
419676 1 12 3 1
420839 1 12 2 1
271372 1 12 2 0
271374 0 12 5 0
419504 1 12 5 1
419505 1 12 5 1
420449 1 13 3 1
420489 1 13 2 1
420840 1 13 5 1
420218 1 14 3 1
420576 1 14 2 1
420220 0 14 5 1
420221 0 14 5 1
420578 0 14 5 1
271672 1 15 3 1
271416 1 15 2 3
271414 0 15 5 3
419597 1 16 3 3
420373 1 16 2 4
419537 1 16 2 1
356192 1 16 2 3
356191 0 16 5 3
419538 0 16 5 1
420450 1 17 2 2
419753 1 17 2 0
419259 1 18 3 4
98054 1 18 2 3
419757 1 18 5 0
419532 1 19 3 3
234893 1 19 2 2
270927 1 19 1 1
234894 0 19 5 2
419671 0 19 5 1
420542 1 20 3 3
420451 1 20 3 3
419258 1 20 3 4
420543 0 20 5 3
277777 1 21 3 3
270926 1 21 2 1
270927 0 21 5 1
270928 0 21 5 1
270739 1 22 3 1
270924 1 22 2 1
270923 1 22 2 0
269922 1 22 2 4
270925 0 22 5 0
270928 0 22 5 0
270929 0 22 5 1
419141 1 23 3 1
270024 1 24 2 1
419142 1 24 5 1
420542 0 24 5 3
270740 1 25 2 3
272109 1 26 3 2
419411 1 27 4 1
420109 1 27 2 1
419139 1 27 2 1
420111 0 27 5 1
419140 1 28 2 1
271531 1 28 2 1
271530 0 28 5 1
277681 1 29 3 2
187997 1 29 3 3
420045 1 29 1 3
419436 1 30 2 1
271292 1 30 2 1
270344 1 30 1 4
270341 0 30 5 4
271295 0 30 5 1
428147 1 31 3 2
419720 1 31 3 3
271252 1 31 2 1
271253 0 31 5 1
271255 0 31 5 1
539227 1 32 2 3
276262 1 32 2 3
271365 1 32 2 1
420046 1 32 1 3
187998 1 32 1 3
187997 0 32 5 3
271364 0 32 5 1
271532 0 32 5 1
539228 0 32 5 3
271801 1 33 3 1
541384 1 33 2 4
271802 0 33 5 1
271463 1 34 1 1
271464 0 34 5 1
271465 0 34 5 1
271791 1 35 4 0
284822 1 35 2 3
541382 1 36 1 3
541383 0 36 5 3
271283 1 37 3 1
271320 1 37 1 1
271285 0 37 6 1
271286 0 37 5 1
270046 1 38 4 1
270799 1 39 4 1
276527 1 39 1 1
161697 1 39 1 3
161698 0 39 5 3
276526 0 39 5 1
276528 0 39 5 1
277733 1 40 3 3
271279 1 40 3 4
270706 1 40 3 1
270707 0 40 5 1
271183 1 41 3 1
270517 1 41 3 1
277904 1 41 2 1
271282 1 41 5 1
271287 1 41 5 1
277259 1 42 3 1
271185 1 42 5 1
271186 1 42 5 1
271187 1 42 5 1
277732 1 43 3 3
269822 1 43 2 3
269820 0 43 5 3
271660 1 43 1 1
271464 1 43 1 3
269821 0 43 5 3
271461 0 43 5 3
271658 0 43 5 1
271661 0 43 5 1
277731 0 43 5 3
366516 1 44 3 3
277898 1 44 3 3
271443 1 44 3 1
270064 1 44 1 2
270710 0 44 5 4
271444 0 44 5 1
271772 1 45 3 1
276597 1 45 2 1
269817 1 45 1 3
269818 0 45 5 3
271771 0 45 5 1
270445 1 46 2 1
31345 1 46 2 3
270448 0 46 5 1
270798 1 47 3 3
270687 1 47 2 1
271260 1 47 1 3
270688 0 47 5 1
270795 0 47 5 3
270796 0 47 5 3
271256 0 47 5 3
271257 0 47 5 3
271258 0 47 5 3
352885 1 48 2 2
276600 1 48 1 3
352884 0 48 5 2
533058 0 48 5 2
271317 1 50 3 2
276598 1 50 1 1
276590 1 50 1 1
276593 0 50 5 1
276594 0 50 5 1
276595 0 50 5 1
510106 1 51 2 3
534452 1 52 3 2
277406 1 52 3 1
270729 1 52 3 1
270734 0 52 5 1
277409 0 52 5 1
277411 0 52 5 1
534450 0 52 5 2
270935 1 54 3 3
276591 1 54 2 1
270039 1 54 2 2
276593 0 54 5 1
277239 1 55 1 1
270644 1 56 4 1
543177 1 57 3 3
276295 1 57 3 3
270932 1 57 2 0
534687 1 57 1 3
270645 1 57 5 1
270646 1 57 5 1
270648 1 57 5 1
270935 0 57 5 0
534688 0 57 5 3
248177 1 58 3 3
277816 1 58 2 1
248175 0 58 5 3
270731 0 58 5 1
270734 0 58 5 1
270735 0 58 5 1
277817 0 58 5 1
543174 1 60 2 3
543173 0 60 5 3
375787 1 61 3 1
276965 1 61 3 1
510104 1 61 2 0
276967 0 61 5 1
510105 0 61 5 0
510106 0 61 5 0
507885 1 62 2 2
375785 1 62 5 1
507884 0 62 5 2
510105 0 62 5 0
376474 1 63 3 1
270588 1 63 2 1
270591 0 63 5 1
376473 0 63 5 1
376475 0 63 5 1
376476 0 63 5 1
510108 1 64 1 2
508275 0 69 8 0
508272 1 70 3 1
508273 0 70 5 1
508612 1 71 2 3
508607 0 71 6 3
508608 0 71 5 3
508611 0 71 7 3
508610 0 73 5 3
507971 1 74 3 0
500322 1 74 1 3
508606 1 75 5 1
508611 1 75 5 1
508276 1 76 2 3
507912 1 77 3 4
30333 1 78 3 3
508267 1 79 2 1
1573 1 79 2 2
508268 0 79 5 1
508269 0 79 5 1
507973 1 80 2 1
507971 0 80 5 1
