66332 1 3 6 3 0
83815 0 6 6 4 0
114646 0 6 6 3 0
117078 0 6 6 1 0
156260 0 6 6 3 0
179002 1 3 6 3 0
179918 1 2 6 3 0
215365 0 6 6 1 0
220831 1 3 6 3 0
226169 0 6 6 3 0
254397 0 6 6 3 0
274671 1 3 6 1 0
282808 1 1 6 3 0
297979 0 6 6 2 0
360624 1 2 6 2 0
419512 0 6 6 1 0
426617 0 6 6 2 1
527550 0 6 6 3 0
539580 0 6 6 2 1
553745 0 6 6 3 0
271417 0 6 8 3 0
527551 0 6 8 3 1
214754 1 2 9 3 0
220833 0 6 9 4 0
255832 0 6 9 3 0
419509 1 4 9 1 0
274672 0 6 10 2 0
419485 0 6 10 1 0
419510 0 6 10 1 0
420328 1 3 10 1 0
422187 1 4 10 3 1
156259 0 6 11 3 0
214872 0 6 11 3 0
282815 1 2 11 3 0
317417 0 6 11 3 0
420382 1 4 11 1 0
206542 1 4 12 3 0
255833 1 3 12 3 0
270579 1 3 12 4 1
271415 1 2 12 1 0
419502 0 6 12 1 0
419518 1 4 12 1 0
157373 1 3 13 4 0
271374 0 6 13 1 0
420383 0 6 13 1 0
271372 1 3 14 0 0
419503 1 4 14 1 0
419754 0 6 14 1 0
420839 1 3 14 1 0
17472 0 6 15 3 1
419505 1 2 15 3 0
419511 0 6 15 1 0
419676 1 4 15 1 0
420385 0 6 15 2 1
420467 0 6 15 1 0
420489 1 3 15 1 0
44449 0 6 16 3 1
274332 0 6 16 4 0
420449 1 4 16 1 0
420468 0 6 16 3 1
420576 1 3 16 1 0
271416 1 3 17 3 0
420218 1 4 17 1 0
420466 0 6 17 1 0
420534 0 6 17 1 0
420578 0 6 17 3 1
271672 1 4 18 1 0
356192 1 3 18 3 0
419537 1 3 18 1 0
419596 0 6 18 1 0
420373 1 3 18 4 0
420492 0 6 18 3 0
420723 0 6 18 3 0
44451 0 6 19 3 0
419597 1 4 19 3 0
419753 1 3 19 0 0
420450 1 3 19 2 0
98054 1 3 20 3 0
270927 1 2 20 1 0
419535 0 6 20 4 0
502320 0 6 20 3 0
234893 1 3 21 2 0
270929 0 6 21 3 0
275895 0 6 21 4 1
356191 0 6 21 3 1
419235 0 6 21 1 0
419259 1 4 21 4 1
419670 0 6 21 1 0
419532 1 4 22 3 0
420446 0 6 22 1 1
270926 1 3 23 1 0
270928 0 6 23 2 0
419258 1 4 23 4 0
420451 1 4 23 3 0
420542 1 4 23 3 0
420633 0 6 23 3 0
269922 1 3 24 4 0
270923 1 3 24 0 0
270924 1 3 24 1 0
277777 1 4 24 3 0
419778 0 6 24 1 1
420442 0 6 24 0 0
270739 1 4 25 1 0
221461 0 6 26 3 0
270024 1 3 26 1 0
419141 1 4 26 1 0
420543 1 3 26 3 0
270740 1 3 27 3 0
270781 0 6 27 1 0
271188 0 6 27 4 0
277788 0 6 27 3 0
333970 0 6 27 4 1
419541 0 6 27 1 0
420041 0 6 28 1 1
272109 1 4 29 2 0
419120 0 6 29 3 1
419139 1 3 29 1 0
420044 0 6 29 3 0
420109 1 3 29 1 0
271531 1 3 30 1 0
419140 1 3 30 1 0
420039 0 6 30 1 0
420042 0 6 30 1 0
420045 1 2 30 3 0
270344 1 2 31 4 1
419411 1 5 31 1 0
187997 1 4 32 3 0
270031 0 6 32 1 0
271292 1 3 32 1 0
277681 1 4 32 2 0
334244 0 6 32 4 0
419151 0 6 32 4 0
419436 1 3 32 1 0
420111 0 6 32 3 1
187998 1 2 33 3 0
271252 1 3 33 1 0
419927 0 6 33 1 0
420046 1 2 33 3 0
270178 0 6 34 1 1
271128 0 6 34 1 0
271365 1 3 34 1 0
271530 1 3 34 1 0
276262 1 3 34 3 0
419720 1 4 34 3 1
428147 1 4 34 2 1
539227 1 3 34 3 0
271463 1 2 35 1 0
541384 1 3 35 4 0
271366 0 6 36 1 0
271801 1 4 36 1 0
419717 0 6 36 1 0
270122 0 6 37 1 0
271892 0 6 37 1 0
276259 0 6 37 1 0
284822 1 3 37 3 0
541382 1 2 37 3 0
269855 0 6 38 1 0
271320 1 2 38 1 0
271893 0 6 38 3 0
541383 0 6 38 3 0
271460 0 6 39 1 0
271791 1 5 39 0 0
277007 0 6 39 1 1
161697 1 2 40 3 1
271182 0 6 40 1 0
271283 1 4 40 1 0
271334 0 6 40 1 0
271465 0 6 40 3 0
271891 0 6 40 1 0
276527 1 2 40 1 0
269819 0 6 41 1 0
270187 0 6 41 1 0
277731 0 6 41 1 0
289108 0 6 41 2 0
269799 0 6 42 4 1
270046 1 5 42 1 0
270244 0 6 42 1 0
271462 0 6 42 1 0
270706 1 4 43 1 0
270799 1 5 43 1 0
271279 1 4 43 4 0
271282 0 6 43 0 0
271285 1 4 43 1 0
271781 0 6 43 1 0
277706 0 6 43 3 0
277733 1 4 43 3 0
277904 1 3 43 1 0
270517 1 4 44 1 0
270994 0 6 44 1 0
271183 1 4 44 1 0
271464 1 2 44 3 0
271660 1 2 44 1 0
271783 0 6 44 1 0
269820 1 3 45 1 0
269822 1 3 45 3 0
270064 1 2 45 2 0
276479 0 6 45 1 0
276525 0 6 45 1 0
277259 1 4 45 1 0
269817 1 2 46 3 0
270097 0 6 46 1 0
270709 0 6 46 4 1
277732 1 4 46 3 0
270580 0 6 47 1 0
270705 0 6 47 1 0
270707 0 6 47 3 0
271443 1 4 47 1 0
271659 0 6 47 1 1
271782 0 6 47 1 0
276597 1 3 47 1 0
277898 1 4 47 3 0
366516 1 4 47 3 1
31345 1 3 48 3 0
198923 0 6 48 2 0
270445 1 3 48 1 0
270904 0 6 48 3 0
271185 0 6 48 1 0
271260 1 2 48 3 0
271772 1 4 48 1 0
277163 0 6 48 1 0
277597 0 6 48 1 0
270687 1 3 49 1 0
270796 0 6 49 1 0
271031 0 6 49 1 0
276600 1 2 49 3 0
276847 0 6 49 1 0
277699 0 6 49 3 0
270798 1 4 50 3 0
270945 0 6 50 1 0
271022 0 6 50 1 0
271441 0 6 50 1 0
352885 1 3 50 2 0
435293 0 6 50 3 1
533060 0 6 50 2 1
269818 0 6 51 4 0
270163 0 6 51 1 1
276590 1 2 51 1 0
276598 1 2 51 1 0
270639 0 6 52 1 0
271978 0 6 52 1 0
222618 0 6 53 3 0
271317 1 4 53 2 1
271977 0 6 53 0 0
276589 0 6 53 0 0
510106 1 3 53 3 0
124746 0 6 54 2 0
276592 0 6 54 2 0
270729 1 4 55 1 0
270934 0 6 55 1 0
271873 0 6 55 0 0
277406 1 4 55 1 0
534452 1 4 55 2 0
133393 0 6 56 3 0
270039 1 3 56 2 0
276591 1 3 56 1 0
276599 0 6 56 3 0
277239 1 2 56 1 0
270935 1 4 57 3 1
269957 0 6 58 1 0
443134 0 6 58 3 1
534444 0 6 58 3 0
534687 1 2 58 3 1
248176 0 6 59 3 0
270731 0 6 59 1 0
270932 1 3 59 0 0
276339 0 6 59 1 0
510105 0 6 59 3 0
270644 1 5 60 1 0
270730 0 6 60 1 0
270936 0 6 60 3 0
276295 1 4 60 3 0
276964 0 6 60 1 1
277816 1 3 60 1 0
543177 1 4 60 3 0
248177 1 4 61 3 0
270571 0 6 61 2 1
270732 0 6 61 1 0
271606 0 6 61 4 0
425162 0 6 61 3 0
276333 0 6 62 0 0
534442 0 6 62 0 0
543174 1 3 62 3 0
510103 0 6 63 0 0
510104 1 3 63 0 0
535292 0 6 63 4 1
248186 0 6 64 4 0
276335 0 6 64 3 0
276965 1 4 64 1 0
375787 1 4 64 1 0
507885 1 3 64 2 0
270588 1 3 65 1 0
510108 1 2 65 2 0
248175 0 6 66 1 0
376474 1 4 66 1 0
507884 0 6 66 2 0
270591 0 6 67 3 0
276972 0 6 67 3 0
376825 0 6 68 1 0
507883 0 6 68 0 0
510107 0 6 68 2 0
376473 0 6 69 1 0
500323 0 6 71 3 0
508606 0 6 72 0 0
508272 1 4 73 1 0
508612 1 3 73 3 0
508609 0 6 74 2 0
254060 0 6 75 4 0
500322 1 2 75 3 0
508274 0 6 75 3 0
508611 1 4 76 3 0
507971 1 4 77 0 1
508607 1 4 77 1 0
509134 0 6 77 3 0
508265 0 6 78 0 0
508276 1 3 78 3 0
508610 0 6 79 3 0
507912 1 4 80 4 1
1573 1 3 81 2 0
30333 1 4 81 3 0
508267 1 3 81 1 1
507973 1 3 82 1 0
