10707 0 3 5 3
194573 0 3 5 3
194575 0 3 5 3
317567 1 3 5 3
321483 0 4 5 3
387026 0 5 5 1
93454 0 10 5 1
93455 0 10 5 1
386532 1 10 5 1
386661 1 12 5 3
386663 1 12 5 3
388125 0 15 5 1
55505 0 16 5 1
386572 1 16 5 1
388123 1 18 5 1
388124 1 18 5 1
388125 1 18 5 1
55765 0 19 5 1
55766 0 19 5 1
386451 0 19 5 1
388619 0 19 5 1
56313 0 20 5 1
56319 0 20 5 1
387406 0 20 5 3
387697 0 20 5 1
387699 0 20 5 1
387700 0 20 5 1
388614 0 20 5 2
388619 0 20 5 2
56228 0 21 5 2
56230 0 21 5 1
386951 0 21 5 1
386956 0 21 5 1
54925 0 22 5 1
550606 0 22 5 3
56085 0 23 5 3
388280 0 23 5 1
388282 0 23 5 1
56313 1 24 5 3
56314 1 24 5 3
56315 1 24 5 3
56316 1 24 5 3
387408 0 24 5 2
388390 1 24 5 1
388393 1 24 5 1
54465 0 26 5 3
54598 0 26 5 3
387127 0 26 5 1
387128 0 26 5 1
388367 0 26 5 1
55300 1 27 5 1
56083 0 27 5 3
387375 1 27 5 1
56428 0 28 5 1
388390 0 28 5 1
388390 0 28 5 1
388391 0 28 5 1
388395 0 28 5 1
54592 0 30 5 3
54594 0 30 5 3
386860 0 30 5 1
386861 0 30 5 1
386863 0 30 5 1
388080 0 30 5 3
55942 0 31 5 1
55943 0 31 5 1
55944 0 31 5 1
386955 0 31 5 3
387366 0 31 5 1
387371 0 31 5 1
55995 0 32 5 1
55996 0 32 5 1
55449 0 34 5 1
192335 0 34 5 3
192337 0 34 5 3
55997 0 35 5 3
387129 0 35 5 3
387132 0 35 5 3
55995 0 36 5 3
55996 0 36 5 3
55998 0 36 5 3
56375 0 36 5 1
388667 0 36 5 1
55507 0 37 5 3
54449 0 38 5 3
55996 1 38 5 1
545782 0 39 5 3
55053 0 40 5 1
55056 0 40 5 1
55449 0 40 5 3
64874 0 40 5 4
55442 0 42 5 0
54433 0 43 5 1
54434 0 43 5 1
54436 0 43 5 1
387270 0 43 5 3
387477 0 43 5 1
387478 0 43 5 1
64868 0 44 5 1
64869 0 44 5 1
463924 0 45 5 3
387578 0 47 5 1
463894 0 51 5 1
464434 0 51 5 1
464440 0 52 5 1
