147624 0 3 5 3
478646 0 3 5 1
517119 0 3 5 3
517122 0 3 5 3
517123 0 3 5 3
229066 0 4 5 3
229067 0 4 5 3
229068 0 4 5 3
229069 0 4 5 3
457050 0 4 5 3
333110 0 6 5 1
277075 0 7 5 1
479114 0 8 5 3
479115 0 8 5 3
384462 0 9 5 3
384463 0 9 5 3
277076 0 10 5 1
99149 0 12 5 3
384461 0 12 5 3
384465 0 12 5 3
277084 0 13 5 0
478526 0 13 5 1
99150 0 16 5 1
332886 0 16 5 3
477484 1 16 5 0
477485 1 16 5 0
477804 0 16 5 1
251280 0 17 5 3
332162 0 18 5 1
332163 0 18 5 1
332164 0 18 5 1
25683 0 20 5 3
276270 0 20 5 4
337442 0 20 5 3
477723 0 20 5 1
477455 1 21 5 1
478695 0 23 5 1
478696 0 23 5 1
276767 0 24 5 1
276771 0 24 5 1
276772 0 24 5 1
478951 0 24 5 1
477774 0 25 5 1
477776 0 25 5 1
477777 0 25 5 1
477773 0 27 5 1
477776 0 27 5 1
477777 0 27 5 1
482444 0 27 5 3
276552 0 29 5 2
277788 0 33 5 2
277789 0 33 5 2
277790 0 33 5 2
276351 0 34 5 1
276353 0 34 5 1
482090 0 34 5 3
277931 0 35 5 1
277932 0 35 5 1
277786 0 36 5 3
277787 0 36 5 3
276353 0 39 5 1
277562 0 39 5 1
277563 0 39 5 1
277564 0 39 5 1
277568 0 39 5 1
277930 0 39 5 2
276709 0 40 5 1
276710 0 40 5 1
277026 1 43 5 3
277808 0 47 5 1
