109952 1 2 4 1
414589 1 3 3 3
344763 1 3 3 3
243140 1 3 3 3
243138 0 3 5 3
300201 1 4 3 2
334392 1 4 2 2
322788 1 4 2 3
291620 1 4 2 1
244403 1 4 2 1
244402 0 4 5 1
244404 0 4 5 1
244406 0 4 5 1
291621 0 4 5 1
334391 0 4 5 2
538175 1 5 1 2
460981 1 5 1 1
538173 0 5 5 2
345642 1 6 3 4
291622 1 6 2 3
35008 1 6 2 1
292527 1 6 1 1
291623 0 6 5 3
292524 0 6 5 1
292528 0 6 5 1
292529 0 6 5 1
291222 1 7 3 1
109955 1 7 3 3
545856 1 7 2 3
109954 0 7 5 3
545854 0 7 5 3
545857 0 7 5 3
35152 1 9 4 1
291221 1 9 3 0
244656 1 9 2 1
174216 1 10 2 3
116539 1 10 1 1
35155 1 10 5 1
116540 0 10 5 1
116541 0 10 5 1
116542 0 10 5 1
291223 1 10 5 0
345536 1 11 2 3
291467 1 12 3 1
244012 1 12 1 4
34691 1 13 3 1
34035 1 13 2 3
34036 0 13 5 3
291469 1 13 5 1
34690 1 14 5 1
34692 1 14 5 1
117160 1 15 3 1
34309 1 15 2 3
64454 1 15 1 3
64453 0 15 5 3
117159 1 16 5 1
117162 1 16 5 1
291468 1 17 2 3
64189 1 17 1 4
34881 1 17 1 1
33518 1 17 1 1
33516 0 17 5 1
34880 0 17 5 1
34882 0 17 5 1
64187 0 17 5 4
34227 1 18 3 3
291259 1 18 1 1
244897 1 18 1 1
291260 0 18 5 1
291467 1 18 5 3
292621 1 19 3 1
291466 1 19 3 1
116837 1 19 3 1
244903 1 19 2 1
116181 1 19 2 3
64455 1 19 2 1
34750 1 19 2 1
64456 0 19 5 1
244902 0 19 5 1
244905 0 19 5 1
291467 0 19 5 1
64183 1 20 3 3
34632 1 20 3 1
33744 1 20 3 1
445616 1 20 2 3
35284 1 20 2 1
34860 1 20 2 1
34861 0 20 5 1
34862 0 20 5 1
64459 0 20 5 1
292517 1 21 4 1
292693 1 21 3 1
34648 1 21 2 1
34241 1 21 2 1
33745 1 21 5 1
34244 0 21 6 1
34650 0 21 5 1
291004 1 22 3 4
290403 1 22 2 2
34859 1 22 2 1
34767 1 22 2 0
34421 1 22 2 1
33766 1 22 2 1
33738 1 22 2 2
63891 1 22 1 1
33764 0 22 5 1
33765 0 22 5 1
34769 0 22 5 0
34861 0 22 5 1
63892 0 22 5 1
292694 1 22 5 1
290973 1 23 3 1
117439 1 23 3 3
445466 1 23 2 0
292611 1 23 2 1
290548 1 23 2 1
117435 0 23 6 1
277076 1 23 1 1
117437 0 23 5 1
277079 0 23 5 1
290549 0 23 5 1
290971 0 23 5 1
290974 0 23 5 1
292612 0 23 5 1
117434 1 24 3 1
115982 1 24 3 1
33743 1 24 3 1
292575 1 24 2 1
34207 1 24 2 3
293123 1 24 1 1
34206 0 24 5 3
115983 0 24 5 1
117437 0 24 5 1
116316 0 25 5 1
34655 1 25 3 1
34636 1 25 3 1
445467 1 25 2 1
292905 1 25 2 1
158841 1 25 2 3
116315 1 25 2 1
34352 1 25 2 1
34243 1 25 5 3
34637 0 25 5 1
116318 0 25 5 1
292907 0 25 5 1
445829 1 26 3 1
290615 1 26 3 1
290466 1 26 3 1
116317 1 26 5 1
290616 0 26 5 1
290619 0 26 5 1
445469 1 27 4 2
277227 1 27 3 1
445468 1 27 6 2
292576 1 27 2 3
290404 1 27 1 3
35294 1 27 1 3
290401 0 27 5 3
292573 0 27 5 3
292575 0 27 5 3
445466 0 27 5 1
445467 0 27 5 1
445470 0 27 5 1
445830 1 27 5 1
445831 1 27 5 1
445832 1 27 5 1
34163 1 28 4 1
445325 1 28 3 1
277381 1 28 3 3
290512 1 28 2 1
114855 1 28 2 2
34660 1 28 2 3
33977 1 28 2 2
33975 1 28 2 1
33739 1 28 2 3
117534 1 28 1 1
35298 1 28 1 3
33974 0 28 5 1
33976 0 28 5 1
33978 0 28 6 1
117535 0 28 5 1
290515 0 28 5 1
445328 0 28 5 1
445466 1 28 5 2
33973 1 29 4 0
117238 1 29 3 1
445098 1 29 2 1
259546 1 29 2 3
64802 1 29 2 1
34350 1 29 2 2
83071 1 29 1 3
117239 0 29 5 1
117242 0 29 5 1
445101 0 29 5 1
445829 1 29 5 3
445833 1 29 5 3
532028 1 30 4 3
291679 1 30 3 1
200556 1 30 3 3
117248 1 30 3 1
116165 1 30 3 1
33772 1 30 3 2
33774 1 30 2 1
35043 1 30 1 3
33974 1 30 5 0
33975 1 30 5 0
33977 1 30 5 0
33978 1 30 5 0
35041 0 30 5 3
106602 0 30 5 2
291682 0 30 5 1
445326 1 31 4 1
445582 1 31 3 1
444944 1 31 3 4
34469 1 31 3 1
445464 1 31 2 2
292218 1 31 2 1
291705 1 31 1 1
33773 1 31 5 2
33776 1 31 5 1
34468 0 31 5 1
34472 0 31 5 1
117249 1 31 5 1
117250 1 31 5 1
117251 1 31 5 1
472265 1 32 2 0
292540 1 32 2 1
445581 1 32 5 1
445583 1 32 5 1
472266 0 32 5 0
277379 1 33 3 1
116880 1 33 3 1
34470 1 33 3 1
555217 1 33 2 2
292343 1 33 2 1
290406 1 33 2 3
117240 1 33 2 1
44881 1 33 2 3
304816 1 33 1 2
44879 0 33 5 3
44880 0 33 5 3
44882 0 33 5 3
277378 0 33 5 1
292342 0 33 5 1
292344 0 33 5 1
445580 0 33 6 1
445583 0 33 5 1
445584 0 33 5 1
293036 1 34 4 1
292795 1 34 4 1
444534 0 34 5 1
85930 1 34 3 3
444531 1 34 1 1
85928 0 34 5 3
444533 0 34 5 1
446103 1 35 4 1
204455 1 35 3 3
21744 1 35 3 3
293076 1 35 2 3
251586 1 35 2 3
204454 0 35 5 3
292793 1 35 5 1
292794 1 35 5 1
293035 1 35 5 1
293073 0 35 6 3
444553 1 36 2 1
444417 1 36 2 3
34905 1 36 2 1
117249 1 36 1 1
35166 1 36 1 3
35167 0 36 5 3
35168 0 36 5 3
444418 0 36 5 3
444554 0 36 5 1
446106 1 36 5 1
446108 1 36 5 1
292352 1 37 3 1
298954 1 37 2 3
178416 1 37 2 3
445949 1 37 1 4
64881 1 37 1 0
34906 1 37 5 1
445401 1 38 4 1
446096 1 38 3 1
176968 1 38 3 3
444714 1 38 2 1
290362 1 38 2 3
444712 0 38 5 1
444716 0 38 5 1
446097 0 38 5 1
446098 0 38 5 1
444343 1 39 3 3
176969 1 39 5 3
444342 0 39 5 3
445400 1 39 5 1
292830 1 40 3 1
34091 1 40 3 3
34090 0 40 5 3
292829 0 40 7 1
292831 0 40 5 1
404937 1 41 4 4
405225 1 41 3 3
205421 0 41 7 2
276712 1 41 1 1
276711 0 41 5 1
445931 0 41 5 1
34526 1 42 4 2
276664 1 42 3 2
445402 1 42 2 1
438764 1 42 2 3
420712 1 42 2 3
290627 1 42 2 3
276665 0 42 5 2
404938 1 42 5 4
438761 0 42 5 3
438762 0 42 5 3
438763 0 42 5 3
445400 0 42 5 1
445404 0 42 5 1
445405 0 42 5 1
445406 0 42 5 1
439835 1 43 3 3
405223 1 43 3 1
33992 1 43 3 2
293074 1 43 2 1
292584 1 43 2 4
291401 1 43 2 3
205420 1 43 2 2
205417 0 43 5 2
291400 0 43 5 3
293073 0 43 5 1
293076 0 43 5 1
293077 0 43 5 1
405224 0 43 5 1
439836 0 43 5 3
406540 1 44 3 4
209281 1 44 3 2
292902 1 45 3 1
292585 1 45 3 4
290486 1 45 2 1
551195 1 45 1 3
209279 1 45 5 2
209280 1 45 5 2
290490 0 45 5 1
446132 1 46 3 1
405942 1 46 3 1
405790 1 46 3 1
445929 1 46 2 0
445403 1 46 2 1
405793 0 46 5 1
405943 0 46 5 1
445400 0 46 5 1
445402 0 46 5 1
445404 0 46 5 1
445930 0 46 5 0
445931 0 46 5 0
446133 0 46 5 1
446134 0 46 5 1
444495 1 47 3 1
438761 1 47 3 0
390675 1 47 3 3
290948 1 47 2 1
33819 1 47 2 1
438764 0 47 5 0
444494 0 47 5 1
444496 0 47 5 1
20283 1 48 4 3
61833 1 48 2 4
445319 1 49 3 1
444918 1 49 2 1
209282 1 49 2 3
444919 0 49 5 1
446075 1 50 2 1
445227 1 50 2 1
291489 1 50 2 3
446023 1 50 1 1
291490 0 50 5 3
446074 0 50 5 1
444953 1 51 3 2
405479 1 51 2 1
340562 1 51 2 3
444696 1 51 1 4
340559 0 51 5 3
405483 0 51 5 1
444955 0 51 5 2
292363 1 52 2 3
209345 1 52 2 4
444223 0 53 13 3
449776 1 53 3 3
446090 1 53 2 1
444951 1 53 1 1
444954 0 53 5 1
444955 0 53 5 1
449774 0 53 5 3
449777 0 53 5 3
445153 1 54 4 1
445320 1 54 3 2
445145 1 54 3 1
444269 1 54 3 1
444599 1 54 2 1
450913 1 54 1 3
444221 1 54 5 3
444597 0 54 5 1
444601 0 54 5 1
446092 1 54 5 1
444491 1 55 4 1
405480 1 55 3 1
209346 1 55 3 4
444835 1 55 1 3
405477 0 55 5 1
405479 0 55 5 1
405481 0 55 5 1
405482 0 55 5 1
405483 0 55 5 1
445152 1 55 5 1
445319 1 55 5 2
445608 1 56 3 3
445437 1 56 2 1
151391 1 56 2 3
89001 1 56 2 3
88999 0 56 5 3
151392 0 56 5 3
444493 1 56 5 1
445436 0 56 5 1
445607 0 56 5 3
445438 0 57 13 3
445508 1 57 3 1
446094 1 57 2 3
445068 1 57 2 1
445510 0 57 5 1
455914 1 58 3 3
445989 1 58 2 1
445144 1 58 2 1
444271 1 58 2 1
143718 1 58 2 3
445145 0 58 5 1
445146 0 58 6 1
445148 0 58 5 1
445439 1 58 5 3
446103 0 58 5 3
446105 0 58 5 3
445810 1 59 3 1
445774 1 59 3 2
444834 1 59 2 3
90528 1 59 2 3
90529 0 59 5 3
445771 1 60 3 4
444233 1 60 3 1
405025 1 60 3 1
449775 1 60 2 2
446032 1 60 2 1
405027 0 60 5 1
444234 0 60 5 1
445776 1 60 5 2
449772 0 60 5 2
449777 0 60 5 2
444758 1 61 2 4
444277 1 61 1 1
444279 0 61 5 1
444280 0 61 5 1
444757 0 61 5 4
445145 0 61 5 1
445148 0 61 5 1
444759 1 62 4 1
445173 1 62 3 0
444538 1 62 3 1
406681 1 62 3 1
446104 1 62 2 1
446108 0 62 5 1
454855 1 63 3 3
445994 1 63 3 0
445030 1 63 2 3
444618 1 63 2 1
444963 1 63 1 1
444760 1 63 5 1
445027 0 63 5 3
445028 0 63 5 3
445176 1 63 5 0
455913 1 64 3 3
445513 1 64 3 1
445174 1 64 3 1
445064 1 64 3 1
444202 1 64 3 1
450087 1 64 2 3
449181 1 64 2 1
88465 1 64 2 1
444201 0 64 5 1
445027 0 64 5 1
445517 0 64 5 1
449183 0 64 5 1
450084 0 64 5 3
450085 0 64 5 3
88563 1 65 3 1
444773 1 65 2 1
88714 1 65 2 2
88565 0 65 5 1
88715 0 65 5 2
445176 1 65 5 1
445177 1 65 5 1
455914 1 65 5 3
449424 1 66 3 1
448440 1 66 3 1
445821 1 66 3 1
445056 1 66 3 3
445873 1 66 1 3
444552 1 66 1 1
444551 0 66 5 1
448442 0 66 5 1
449423 0 66 7 1
445541 1 67 3 1
453530 1 67 2 2
453213 1 67 2 2
88150 1 67 2 1
445811 1 67 1 2
88152 0 67 5 1
445822 1 67 5 1
445824 1 67 5 1
453531 0 67 5 2
453532 0 67 5 2
88564 1 68 4 1
445730 1 68 3 1
446067 1 68 2 2
406379 1 68 2 1
406377 0 68 5 1
406380 0 68 5 1
406381 0 68 5 1
449425 0 68 5 0
450086 0 68 5 1
450087 0 68 5 1
88285 1 69 3 1
405991 1 69 2 0
87578 1 69 2 1
405992 0 69 5 0
405994 0 69 5 0
406376 1 70 3 1
89146 1 70 2 1
406378 0 70 5 1
406380 0 70 5 1
405502 1 71 4 3
88324 1 71 3 1
445490 1 71 2 1
445353 1 71 2 1
445117 1 71 2 3
444822 1 71 2 3
89170 1 71 2 1
87581 1 71 2 3
445065 1 71 1 1
87582 0 71 5 3
89171 0 71 5 1
444821 0 71 5 3
445064 0 71 5 1
445114 0 71 5 3
445116 0 71 5 3
445355 0 71 5 1
88972 1 72 3 1
405685 1 72 2 1
88288 1 72 1 3
88287 0 72 5 3
88325 1 72 5 1
405684 0 72 5 1
405687 0 72 5 1
445442 1 73 3 0
89140 1 73 3 1
405734 1 73 2 3
405079 1 73 2 0
88294 1 73 2 1
88296 0 73 5 1
88974 1 73 5 1
405080 0 73 5 0
405732 0 73 5 3
93105 1 74 3 2
88346 1 74 3 1
445485 1 74 2 1
406693 1 74 2 0
406600 1 74 2 3
75949 1 74 2 3
89283 1 74 1 1
89095 1 74 1 3
87659 1 74 1 3
87656 0 74 5 3
87657 0 74 5 3
89096 0 74 5 3
89282 0 74 5 1
89284 0 74 5 1
406598 0 74 5 3
406696 0 74 5 0
445486 0 74 5 1
449859 1 75 3 2
89263 1 75 3 1
88973 1 75 3 3
445269 1 75 2 3
88972 0 75 5 3
445265 0 75 5 3
445268 0 75 5 3
406439 1 76 3 0
405785 1 76 3 2
405614 1 76 3 1
89198 1 76 2 4
88295 1 76 1 1
88294 0 76 5 1
88297 0 76 5 1
89197 0 76 5 4
405786 0 76 5 2
406440 0 76 5 0
445444 1 77 3 1
88266 1 77 3 1
444905 1 77 2 1
444548 1 77 2 1
444511 1 77 2 1
94245 1 77 2 3
88298 1 77 2 3
440522 1 77 1 3
88267 0 77 5 1
88296 0 77 5 3
88297 0 77 5 3
405081 0 77 5 1
440523 0 77 5 3
444512 0 77 5 1
444906 0 77 5 1
444907 0 77 5 1
444908 0 77 5 1
445266 0 77 5 0
445267 0 77 5 0
445445 0 77 5 1
445446 0 77 5 1
450115 1 78 4 0
87766 1 78 3 1
445367 1 78 2 1
88971 1 78 2 1
88385 1 78 2 1
406378 1 78 1 1
87765 0 78 5 1
88388 0 78 5 1
406381 0 78 5 1
445514 1 79 3 1
444333 1 79 3 3
405352 1 79 3 1
444396 1 79 2 1
388013 1 79 2 3
89172 1 79 2 1
89294 1 79 1 1
89262 1 79 1 1
88973 1 79 5 1
88974 1 79 5 1
89174 0 79 5 1
89296 0 79 5 1
405354 0 79 5 1
450116 1 79 5 0
89641 1 80 3 2
445882 1 80 2 1
87826 1 80 2 1
445486 1 80 1 1
445485 0 80 5 1
445487 0 80 5 1
445488 0 80 5 1
445515 1 81 3 1
349552 1 81 3 3
89292 1 81 3 1
444547 1 81 2 1
444330 1 81 2 1
388012 1 81 1 3
89294 0 81 5 1
89296 0 81 5 1
444331 0 81 5 1
444548 0 81 5 1
445516 0 81 5 1
445517 0 81 5 1
88527 1 82 3 1
88529 0 82 5 1
445523 1 83 3 1
445293 1 83 2 1
88388 1 83 1 3
87663 0 83 5 1
88386 0 83 5 3
445883 1 84 2 3
444770 1 84 2 3
89298 1 84 2 1
444397 1 84 1 3
87570 1 84 1 1
444768 0 84 5 3
445486 0 84 5 3
445880 0 84 5 3
445884 0 84 5 3
445885 0 84 5 3
87770 1 85 3 3
444358 1 85 2 1
88686 1 85 2 3
88125 1 85 2 1
8960 0 85 5 3
87765 0 85 5 3
87766 0 85 5 3
87767 0 85 5 3
87769 0 85 5 3
88126 0 85 5 1
88685 0 85 5 3
444357 0 85 5 1
444360 0 85 5 1
405927 1 86 3 4
405262 1 86 2 1
339656 1 86 2 3
322046 1 86 2 3
89301 1 86 2 3
88370 1 86 2 1
88596 1 86 1 1
87920 1 86 1 1
87921 0 86 5 1
88598 0 86 5 1
88599 0 86 5 1
322043 0 86 5 3
445881 0 86 5 1
445882 0 86 5 1
89208 1 87 3 4
8962 1 87 3 3
445957 1 87 2 1
327482 1 87 2 3
88636 1 87 2 1
88589 1 87 1 1
88637 0 87 5 1
535905 1 88 3 3
88078 1 88 3 0
87566 1 88 3 1
444329 1 88 2 4
405114 1 88 2 1
88278 1 88 1 1
88280 0 88 5 1
405115 0 88 5 1
444328 0 88 5 4
444375 0 89 6 1
445528 1 89 2 3
89080 1 89 2 1
405339 1 89 1 1
88084 1 89 1 1
5535 1 89 1 2
5536 0 89 5 2
88086 0 89 5 1
405344 0 89 5 1
444377 0 89 5 1
444379 0 89 5 1
444380 0 89 5 1
445523 0 89 5 3
445526 0 89 5 3
444374 1 90 3 1
88593 1 90 2 3
88083 1 90 2 1
405334 1 91 2 4
470831 1 91 1 2
87497 1 91 1 1
87498 0 91 5 1
406516 1 92 4 1
88188 1 92 3 1
87568 1 92 3 3
445750 1 92 2 3
173443 1 92 2 3
88891 1 92 2 1
88080 1 92 2 3
87628 1 92 2 0
444783 1 92 1 1
88799 1 92 1 1
87631 0 92 5 0
88078 0 92 5 3
88081 0 92 5 3
88186 0 92 5 1
88796 0 92 5 1
88797 0 92 5 1
88798 0 92 5 1
444785 0 92 5 1
88079 0 93 6 3
285858 1 93 3 3
88337 1 93 3 1
87496 1 93 3 1
88802 1 93 2 1
87497 0 93 5 1
87567 1 93 5 3
88804 0 93 5 1
88892 1 93 5 1
406515 1 93 5 1
406518 1 93 5 1
406520 1 93 5 1
88893 1 94 3 3
88151 1 94 3 1
88082 1 94 2 1
444727 1 94 1 1
88080 1 94 5 2
88083 0 94 5 1
88086 0 94 5 1
406514 0 94 7 3
406517 0 94 5 3
406518 0 94 5 3
88899 1 95 3 3
88245 1 95 3 1
88077 1 95 3 4
446582 1 95 2 1
88244 0 95 5 1
88246 0 95 5 1
446580 0 95 5 1
446584 0 95 6 1
87810 1 96 3 1
88770 1 96 2 4
88723 1 96 2 1
88103 1 96 2 1
87938 0 96 5 1
88076 1 96 5 4
88104 0 96 5 1
88105 0 96 5 1
88729 1 97 2 4
87640 1 97 2 4
97662 1 97 1 3
88725 1 97 6 1
88726 1 97 5 1
406516 1 97 5 0
406519 1 97 5 0
406520 1 97 5 0
446585 0 98 5 3
89272 0 100 5 3
88019 1 100 3 1
89274 1 100 2 3
88021 0 100 5 1
89270 0 100 5 3
87821 1 101 3 1
217212 1 101 1 2
88641 1 101 1 1
87820 0 101 5 1
89344 1 102 2 3
88210 1 102 2 1
447754 1 102 1 1
174455 1 103 3 2
88021 1 105 1 3
447341 1 106 3 1
88018 1 106 3 1
88993 1 106 1 1
447366 1 107 2 1
87820 1 107 2 0
87822 0 107 5 0
87825 0 107 5 0
88021 1 107 5 1
447340 1 107 5 1
447998 1 109 4 1
446702 1 109 2 3
446908 1 110 2 3
446703 0 110 5 1
446699 1 110 2 1
89165 1 110 2 1
88435 1 110 2 1
174454 1 110 1 1
88433 0 110 5 1
88434 0 110 5 1
89166 0 110 5 1
174455 0 110 5 1
447999 1 110 5 1
448000 1 110 5 1
448001 1 110 5 1
447097 1 113 3 2
446705 1 113 3 1
446687 1 113 2 1
175181 1 113 2 1
175182 0 113 5 1
446690 0 113 5 1
446706 0 113 5 1
447093 0 113 5 2
447095 0 113 5 2
174025 1 114 2 1
174026 0 114 5 1
447096 0 114 5 0
446177 1 115 4 1
175173 1 115 3 1
174027 1 115 3 1
88438 1 115 3 3
174541 1 115 2 1
88433 0 115 5 3
88434 0 115 5 3
174540 0 115 5 1
174542 0 115 5 1
175172 0 115 5 1
174799 1 116 3 1
174376 1 116 3 4
174798 0 116 5 1
175425 1 117 2 1
174377 1 117 5 4
175424 0 117 5 1
175426 0 117 5 1
175427 0 117 5 1
174235 1 118 2 1
174014 1 119 1 1
174015 0 119 5 1
174017 0 119 5 1
174232 1 121 3 4
175418 1 121 2 1
173819 1 121 2 1
173818 0 121 5 1
173821 0 121 5 1
175419 0 121 5 1
237475 1 123 2 2
174875 1 124 3 1
174614 1 124 3 3
174288 1 124 3 1
447285 1 124 2 1
173965 1 124 2 1
173966 0 124 5 1
173967 0 124 5 1
174287 0 124 5 1
447286 0 124 5 1
175260 1 125 3 1
175301 1 125 2 0
175245 1 125 2 0
175262 0 125 5 1
175302 0 125 5 0
174293 1 126 2 1
174462 1 127 2 0
174256 1 127 2 0
175347 1 128 3 0
175177 1 128 1 4
174257 1 128 5 0
174259 1 128 5 0
175176 0 128 5 4
175348 1 129 5 0
175350 1 129 5 0
175351 1 129 5 0
446652 1 131 3 3
175353 1 131 1 3
174467 1 132 3 2
174699 1 132 2 3
446650 1 132 5 3
404812 1 133 4 3
324102 0 133 6 2
175351 0 133 5 2
324101 1 134 2 2
174661 1 134 2 1
174463 1 134 2 2
446644 1 134 1 3
173837 1 134 1 4
173836 0 134 5 4
75004 1 136 2 3
75006 0 136 5 3
136172 1 137 2 3
136170 0 137 5 3
323651 1 138 1 1
323653 0 138 5 1
89452 1 141 3 4
83509 1 143 1 3
83114 1 146 2 1
83115 0 146 5 1
83676 1 148 3 1
83679 1 150 3 3
83677 1 150 3 1
83580 1 151 3 1
83678 1 151 5 1
83632 1 152 3 1
83443 1 152 3 1
83478 1 152 1 1
83480 0 152 5 1
83440 1 153 5 1
83441 1 153 5 1
82754 1 154 3 1
83634 1 155 3 3
84210 1 155 2 1
83632 0 155 5 3
56514 1 156 4 2
83444 1 156 3 3
83441 0 156 5 3
83443 0 156 5 3
83911 1 157 3 3
56515 1 157 5 2
82877 1 158 4 0
82878 1 159 7 0
82879 1 161 3 3
82775 1 161 3 1
83633 1 162 2 3
82776 1 162 5 1
82778 1 162 5 1
83631 0 162 5 3
82904 1 163 3 1
82905 0 163 5 1
83076 1 166 3 1
83079 0 166 5 1
82903 1 167 2 0
150025 1 172 2 3
150023 0 172 5 3
150024 0 172 5 3
