147624 0 3 5 3
478646 0 3 5 1
517119 0 3 5 3
517122 0 3 5 3
517123 0 3 5 3
229066 0 4 5 3
229067 0 4 5 3
229068 0 4 5 3
229069 0 4 5 3
457050 0 4 5 3
34700 1 6 5 1
333110 0 6 5 1
333112 0 6 5 1
333113 0 6 5 1
478888 0 6 5 1
479114 0 6 5 1
479116 0 6 5 1
277070 0 7 5 1
277075 0 7 5 1
479115 0 8 5 3
332880 1 9 5 1
332882 1 9 5 1
332881 1 9 5 3
277075 0 10 5 1
479191 1 10 5 0
26332 0 12 5 3
332878 0 12 5 3
332879 0 12 5 3
332883 0 12 5 3
477604 0 12 5 1
332108 0 13 5 1
384462 1 13 5 0
384464 1 13 5 0
331853 0 14 5 3
331854 0 14 5 3
331856 0 14 5 3
333279 0 14 5 1
384465 0 14 5 3
477773 0 14 5 0
477774 0 14 5 0
477777 0 14 5 0
277080 1 15 5 1
477776 0 16 5 1
477778 0 16 5 1
277322 0 17 5 0
331881 0 17 5 3
331882 0 17 5 3
332107 0 17 5 2
277076 0 18 5 1
277078 0 18 5 1
333411 1 18 5 1
333412 1 18 5 1
477721 0 18 5 1
477722 0 18 5 1
477724 0 18 5 1
332009 1 19 5 1
332496 1 19 5 1
332906 0 19 5 1
333299 0 19 5 3
474648 0 19 5 3
477774 1 19 5 0
477776 1 19 5 0
477778 1 19 5 0
479184 1 19 5 1
277581 0 20 5 1
332290 0 20 5 1
492230 0 20 5 2
479184 0 21 5 0
332904 0 22 5 2
333411 0 22 5 3
393339 0 22 5 3
331750 0 23 5 3
276916 1 24 5 3
277408 1 24 5 0
277410 1 24 5 0
330276 0 24 5 3
382978 0 24 5 3
382980 0 24 5 3
276784 0 25 5 1
276787 0 25 5 1
276788 0 25 5 1
277581 1 25 5 1
478638 0 25 5 0
478639 0 25 5 0
332898 0 26 5 3
477863 0 26 5 3
477864 0 26 5 3
477866 0 26 5 3
477910 0 26 5 3
276784 0 28 5 1
477863 1 28 5 0
477865 1 28 5 0
276757 1 29 5 1
276760 1 29 5 1
333015 0 30 5 3
276250 0 31 5 1
276253 0 31 5 1
276373 0 31 5 1
277493 0 31 5 1
276507 1 32 5 1
276508 1 32 5 1
276512 1 32 5 1
332391 0 32 5 0
333014 0 32 5 3
276314 0 33 5 1
276315 0 33 5 1
276499 0 33 5 1
276500 0 33 5 1
332678 0 33 5 1
276359 0 35 5 1
277494 0 35 5 1
277801 0 35 5 3
332062 0 35 5 3
276510 1 36 5 1
276512 1 36 5 1
277146 0 36 5 1
277446 0 36 5 1
332080 0 36 5 1
332677 0 36 5 3
332678 0 36 5 3
332680 0 36 5 3
332921 0 36 5 1
332256 0 37 5 2
332390 0 37 5 2
332391 0 37 5 2
276267 0 38 5 1
276268 0 38 5 1
331874 0 38 5 0
331877 0 38 5 0
332080 0 38 5 3
276195 0 39 5 1
276198 0 39 5 1
276200 0 39 5 1
277293 1 39 5 3
277345 0 39 5 1
277350 0 39 5 1
277445 0 39 5 3
277448 0 39 5 3
276468 0 40 5 0
276469 0 40 5 0
276708 0 40 5 1
277912 0 40 5 1
277914 0 40 5 1
332624 0 40 5 1
332627 0 40 5 1
276197 0 41 5 3
276199 0 41 5 3
277528 1 41 5 1
333144 0 41 5 0
333146 0 41 5 0
276269 0 42 5 1
277873 0 42 5 1
332679 0 42 5 3
276443 0 43 5 1
276467 0 43 5 1
276469 0 43 5 1
277346 1 43 5 0
276722 0 44 5 3
276896 0 44 5 1
331481 0 44 5 3
277951 0 45 5 3
277953 0 45 5 3
277954 0 45 5 3
276352 0 46 5 1
276353 0 46 5 1
277851 0 46 5 2
277853 0 46 5 2
332231 0 46 5 0
332230 0 46 5 1
419722 0 46 5 3
276266 0 47 5 3
276269 0 47 5 3
332979 0 47 5 2
262551 0 48 5 2
262554 0 48 5 2
276420 0 48 5 1
205157 1 50 5 3
205160 1 50 5 3
4398 0 51 5 1
4399 0 51 5 1
276896 0 51 5 1
276899 0 51 5 1
291516 1 51 5 3
332628 0 51 5 3
332143 0 52 5 4
332886 1 53 5 0
332887 1 53 5 0
276771 0 54 5 1
205160 0 55 5 3
210316 0 56 5 3
277459 0 56 5 1
332873 0 56 5 2
119080 0 57 5 3
119083 0 57 5 3
331841 0 58 5 2
276304 0 59 5 1
276702 0 59 5 0
276704 0 59 5 0
276706 0 59 5 0
277962 0 59 5 1
277963 0 59 5 1
277964 0 59 5 1
276609 0 61 5 1
276612 0 61 5 1
277457 0 61 5 3
277459 0 61 5 3
276767 0 62 5 3
335488 0 62 5 2
335490 0 62 5 2
335492 0 62 5 2
277031 0 63 5 1
277032 0 63 5 1
364464 0 63 5 1
364466 0 63 5 1
364467 0 63 5 1
364872 0 66 5 1
364873 0 66 5 1
539069 0 67 5 1
539070 0 67 5 1
363920 0 68 5 3
363018 0 69 5 1
364870 0 69 5 0
364842 0 70 5 4
277083 0 71 5 0
364324 0 71 5 4
364380 0 71 5 1
364381 0 71 5 1
362829 0 72 5 1
364212 0 72 5 0
364330 0 72 5 1
364333 0 72 5 1
363016 1 73 5 0
363017 1 73 5 0
363434 1 73 5 1
363435 1 73 5 1
363436 1 73 5 1
363618 0 74 5 1
364323 1 74 5 4
363014 0 75 5 1
363015 0 75 5 1
363018 0 75 5 1
363558 0 75 5 1
363559 0 75 5 1
363652 0 75 5 1
364104 0 75 5 2
364105 0 75 5 2
364175 1 76 5 1
364969 0 76 5 1
505063 0 76 5 3
362674 0 77 5 1
362676 0 77 5 1
362677 0 77 5 1
363540 0 77 5 1
363025 0 78 5 3
363026 0 78 5 3
505069 0 78 5 4
505063 0 80 5 3
362982 0 81 5 3
363774 1 81 5 1
364670 0 82 5 1
364671 0 82 5 1
363428 0 83 5 1
364395 0 84 5 1
364967 1 84 5 3
363133 0 85 5 1
363460 0 86 5 3
363031 0 87 5 3
363033 0 87 5 3
363035 0 87 5 3
363218 0 88 5 1
363219 0 88 5 1
363222 0 88 5 1
363429 0 88 5 3
358447 0 89 5 2
363938 0 92 5 1
364669 0 92 5 3
362754 0 95 5 1
362756 0 95 5 1
365067 0 95 5 3
293545 0 96 5 2
363937 0 96 5 1
363938 0 96 5 1
363929 0 97 5 3
362738 1 98 5 1
197680 0 100 5 3
363489 0 101 5 1
362737 0 103 5 0
362739 0 103 5 0
