274671 1 4 2 1
220831 1 4 2 3
179002 1 4 2 3
66332 1 4 2 3
66328 0 4 3 3
66329 0 4 3 3
220830 0 4 3 3
274670 0 4 3 1
274674 0 4 3 1
274675 0 4 3 1
274676 0 4 3 1
360624 1 5 1 2
179918 1 5 1 3
282805 0 5 3 3
282806 0 5 3 3
282809 0 5 3 3
419509 1 6 3 1
282808 1 6 0 3
419510 0 6 3 1
419512 0 6 3 1
419513 0 6 3 1
422187 1 7 3 3
422188 0 7 3 3
420382 0 8 5 1
420328 1 8 2 1
214754 1 8 1 3
420330 0 8 4 1
420381 1 9 3 1
420383 1 9 3 1
420386 1 9 3 1
420384 1 10 3 1
420385 0 10 3 1
420383 1 13 2 1
419511 1 13 1 1
419510 0 13 3 1
419513 0 13 3 1
420382 0 13 3 1
420384 0 13 3 1
420490 1 14 3 1
419941 1 14 3 1
203998 1 14 3 2
420491 0 14 3 1
420492 0 14 3 1
203996 1 15 3 2
203997 1 15 3 2
204000 1 15 3 2
420425 1 16 3 1
419881 1 16 2 1
419880 0 16 3 1
419882 0 16 3 1
419883 0 16 3 1
420426 0 16 3 1
420427 0 16 3 1
420429 0 16 3 1
419670 1 18 2 1
164337 1 18 2 3
419849 1 18 1 1
164335 0 18 3 3
419848 0 18 3 1
419844 1 19 2 1
419672 1 19 3 1
419669 1 19 4 1
419669 0 19 3 3
420427 1 20 1 2
420428 0 20 3 2
420429 0 20 3 2
419156 1 21 3 1
419157 0 21 3 1
419159 0 21 3 1
419671 1 22 3 3
419852 0 22 4 1
419201 1 22 2 1
164335 1 22 1 2
164336 0 22 3 2
164337 0 22 3 2
419203 0 22 3 1
419669 0 22 3 3
419670 0 22 3 3
419850 0 22 4 3
419851 0 22 3 3
420769 1 23 2 1
419538 1 23 2 3
419537 0 23 3 3
419539 0 23 3 3
419849 0 23 3 1
420768 0 23 3 1
420770 0 23 3 1
420772 1 24 3 3
416418 1 24 3 2
420726 1 25 3 1
307016 0 25 5 3
419159 1 25 1 3
307015 0 25 3 3
420727 0 25 3 1
420768 1 25 3 3
420769 1 25 3 3
419964 1 26 3 1
420734 1 27 3 3
307017 0 27 3 3
419963 1 27 3 1
419967 1 27 3 1
420730 0 27 3 3
420731 0 27 3 3
419673 1 28 3 3
143401 1 28 3 3
143402 0 28 3 3
419674 0 28 3 3
133459 1 29 3 3
420035 1 30 4 3
420733 1 30 3 3
133457 1 30 3 3
420730 0 30 3 3
420734 0 30 3 3
419967 1 31 2 3
419765 1 31 2 1
419766 0 31 3 1
419767 0 31 3 1
420033 1 31 3 3
420037 1 31 3 3
420558 0 32 5 1
420164 1 32 2 1
420476 1 33 3 1
419820 1 33 3 2
419821 0 33 3 2
420557 1 33 3 3
420559 1 33 3 3
420556 1 34 3 1
420216 1 34 1 3
420166 1 34 1 3
419465 1 34 1 1
419463 0 34 3 1
419464 0 34 3 1
420165 0 34 3 3
420214 0 34 3 3
420217 0 34 3 3
420478 1 34 3 1
420554 0 34 3 1
420555 0 34 3 1
322529 1 35 3 3
419966 1 35 2 1
419963 0 35 3 1
419964 0 35 3 1
419965 0 35 3 1
419759 1 36 4 1
420301 1 36 3 1
420863 1 36 2 1
420170 1 36 1 3
420299 0 36 3 1
420302 0 36 3 1
420303 0 36 3 1
420865 0 36 3 1
420867 0 36 3 1
420030 1 37 3 4
420563 1 37 2 3
419870 1 37 2 1
419760 1 37 3 1
419872 0 37 3 1
419873 0 37 3 1
420164 1 37 3 1
420166 1 37 3 1
420560 0 37 3 3
420561 0 37 3 3
420562 0 37 3 3
462891 1 38 2 2
462890 0 38 3 2
462892 0 38 3 2
453080 1 39 2 3
420109 1 39 2 1
420557 1 39 1 1
420558 0 39 3 1
453078 0 39 3 3
453079 0 39 3 3
420839 1 40 2 1
420378 1 40 2 3
420742 1 40 1 1
420376 0 40 3 3
420377 0 40 3 3
420379 0 40 3 3
420741 0 40 3 1
420745 0 40 3 1
420841 0 40 3 1
420373 0 41 13 4
453083 1 41 3 3
420302 1 41 2 2
419474 1 41 1 1
419472 0 41 3 1
419473 0 41 3 1
420299 0 41 3 2
420124 1 42 3 4
419768 1 42 3 3
419466 1 42 1 3
419463 0 42 3 3
419464 0 42 3 3
419465 0 42 3 3
420125 0 42 3 4
419106 1 43 2 1
419105 0 43 3 1
476122 1 44 3 3
419552 1 44 3 1
419473 1 44 1 1
419474 0 44 3 1
419475 0 44 3 1
419476 0 44 3 1
419554 0 44 3 1
420801 1 45 4 1
420111 1 45 3 3
419896 1 45 2 1
419898 0 45 3 1
420108 0 45 3 3
420109 0 45 3 3
476121 1 45 3 3
476123 1 45 3 3
419353 1 46 3 1
419140 1 46 2 1
419139 0 46 3 1
420800 1 46 3 1
419354 1 47 3 1
419356 1 47 3 1
419368 1 48 2 4
419367 0 48 3 4
476120 1 49 2 1
420620 1 49 2 1
420619 0 49 3 1
420621 0 49 3 1
420398 1 50 4 0
420807 1 51 4 1
420399 1 51 3 0
420400 1 51 3 0
419825 1 52 3 4
420776 1 52 2 1
420773 0 52 3 1
420774 0 52 3 1
420775 0 52 3 1
420777 0 52 3 1
420779 0 52 3 1
420809 1 52 3 1
477100 1 54 2 1
477099 0 54 3 1
477102 0 54 3 1
476471 1 57 3 1
420782 1 57 1 3
476473 0 57 3 1
476798 1 59 3 1
476797 0 59 3 1
476800 0 59 3 1
476802 0 59 3 1
476801 1 62 2 3
476237 1 64 2 1
476240 0 64 3 1
476629 1 65 3 1
476485 1 65 3 3
476486 0 65 3 3
477127 1 66 4 1
477175 1 66 2 1
475951 1 66 2 3
475949 0 66 3 3
477128 1 67 3 1
477129 1 67 3 1
377158 1 68 3 3
412929 1 68 2 3
377157 0 68 3 3
412928 0 68 3 3
476569 1 69 3 2
476385 1 69 3 1
476387 0 69 3 1
476388 0 69 3 1
476568 1 70 3 2
476570 1 70 3 2
476650 1 72 1 1
476253 1 74 3 2
476602 1 76 3 1
476600 0 76 3 1
476603 0 76 3 1
476300 1 77 2 1
476255 1 77 2 3
476298 0 77 3 1
476299 0 77 3 1
475791 1 78 2 3
475792 0 78 3 3
476254 1 78 3 3
476600 1 79 3 0
477210 1 80 2 1
476270 1 80 2 1
476269 0 80 3 1
476271 0 80 3 1
476601 1 80 3 0
476604 1 80 3 0
477208 0 80 3 1
477211 0 80 3 1
476303 1 81 3 3
476027 1 81 2 1
476299 0 81 3 3
476905 1 82 3 0
477149 0 83 4 1
476906 1 83 3 0
476907 1 83 3 0
476908 1 83 3 0
477147 1 84 3 3
477151 1 84 3 0
476371 1 84 2 1
476314 1 84 1 1
476315 0 84 3 1
476370 0 84 3 1
476373 0 84 3 1
477148 0 84 3 3
477150 1 84 3 0
477152 1 84 3 0
477150 0 84 3 1
475937 1 85 3 4
476272 0 85 4 1
475836 1 85 2 1
127665 1 85 2 3
477205 1 85 1 1
127666 0 85 3 3
475839 0 85 3 1
476270 0 85 3 3
476271 0 85 4 3
477204 0 85 3 1
477206 0 85 3 1
477207 0 85 3 1
477297 1 86 3 1
476269 0 86 3 3
476271 0 86 3 1
476270 0 86 3 3
477249 1 87 2 3
434097 1 87 2 3
434096 0 87 3 3
434098 0 87 3 3
476654 1 88 3 1
409255 1 88 3 3
476653 0 88 3 1
476655 0 88 3 1
476656 0 88 3 1
477299 1 89 3 3
477002 1 89 3 1
477254 1 89 2 3
475837 1 89 1 1
475836 0 89 3 1
477001 0 89 3 1
477004 0 89 3 1
477005 0 89 3 1
477251 0 89 3 3
477253 0 89 3 3
250864 1 90 3 3
477296 1 90 3 3
33348 1 91 4 3
434091 1 91 2 1
434090 0 91 3 1
434093 0 91 3 1
435840 1 92 4 1
33345 1 92 3 3
476656 1 93 3 3
98252 1 93 2 2
381226 1 93 1 3
381223 0 93 3 3
435396 0 93 3 1
476653 0 93 3 3
477400 1 95 3 1
323455 1 95 2 2
323454 0 95 5 2
477401 0 95 3 1
477405 0 95 3 1
435774 1 96 3 1
323452 1 96 3 1
323453 1 96 3 1
435441 1 97 2 3
434842 1 97 2 1
434841 0 97 3 1
434843 0 97 3 1
435438 0 97 3 3
435439 0 97 3 3
435440 0 97 3 3
435772 1 97 3 1
435773 1 97 3 1
435775 1 97 3 1
435776 1 97 3 1
434474 0 98 4 2
402987 1 98 2 2
402986 0 98 3 2
434473 0 98 3 1
434476 0 98 3 1
434477 0 98 3 1
434478 0 98 3 1
477400 1 98 3 1
477405 1 98 3 1
434819 1 99 3 1
434703 1 99 3 1
323453 1 99 3 1
434607 1 99 2 3
434475 1 99 2 2
434476 0 99 3 2
434477 0 99 3 2
434478 0 99 3 2
434606 0 99 3 3
435775 1 100 3 1
435031 1 100 3 1
433955 1 100 3 4
435609 1 100 2 1
434835 1 100 1 3
323452 1 100 3 1
323454 1 100 3 1
323455 1 100 3 1
433954 0 100 3 4
434704 1 100 3 1
434705 1 100 3 1
434706 1 100 3 1
435030 0 100 3 1
435034 0 100 3 1
435608 0 100 3 1
435610 0 100 3 1
435611 0 100 3 1
435772 0 100 3 1
435776 0 100 3 1
434476 0 101 3 3
434477 0 101 3 3
435561 1 102 4 1
434771 1 102 4 1
136687 1 102 2 3
136686 0 102 3 3
323454 0 102 3 1
435032 0 103 4 0
434282 1 103 3 1
434285 0 103 3 1
434769 1 103 3 1
434773 1 103 3 1
435030 0 103 4 1
435563 1 103 3 1
520655 0 104 5 2
434309 1 104 3 1
434858 1 104 2 4
435608 1 104 1 1
434310 0 104 3 1
434311 0 104 3 1
435031 0 104 3 0
435033 0 104 3 0
435607 0 104 3 1
435609 0 104 3 1
435610 0 104 3 1
435611 0 104 3 1
520653 0 104 3 3
520654 0 104 3 3
434473 1 105 1 1
434475 0 105 3 1
434477 0 105 3 1
435691 1 106 3 1
434401 1 106 3 3
520661 1 106 2 3
435983 1 106 2 1
237659 1 106 1 2
435985 0 106 3 1
520653 0 106 3 2
520656 0 106 3 3
520657 0 106 3 3
520658 0 106 3 3
520660 0 106 3 3
435798 1 107 3 3
435365 1 107 3 1
435814 1 107 2 1
434448 1 107 2 1
435035 1 107 1 3
434402 1 107 3 3
434449 0 107 3 1
434451 0 107 3 1
435030 0 107 3 3
435813 0 107 3 1
435387 1 108 3 1
435147 1 108 2 3
434268 1 108 2 1
434988 1 108 1 1
434989 0 108 3 1
434990 0 108 3 1
434991 0 108 3 1
435145 0 108 3 3
435388 0 108 3 1
435389 0 108 3 1
435795 1 108 3 3
435985 1 109 3 3
435982 0 109 3 3
435983 0 109 3 3
435984 0 109 3 3
435910 1 110 4 3
435740 1 110 2 1
435739 0 110 3 1
435741 0 110 3 1
435742 0 110 3 1
435744 0 110 3 1
435390 1 111 3 3
435011 1 111 3 1
435056 1 111 2 1
435037 1 111 2 1
434288 1 111 2 1
435928 1 111 1 1
435433 1 111 1 1
435039 0 111 3 1
435057 0 111 3 1
435435 0 111 3 1
435437 0 111 3 1
435909 1 111 3 3
435929 0 111 3 1
435930 0 111 3 1
434684 1 112 2 1
434326 1 112 2 1
136694 1 112 2 3
434775 1 112 1 3
136692 0 112 3 3
434327 0 112 3 1
434328 0 112 3 1
434330 0 112 3 1
434331 0 112 3 1
434685 0 112 3 1
434686 0 112 3 1
434774 0 112 3 3
435055 1 113 3 0
435002 1 113 2 1
435740 1 113 3 3
435742 1 113 3 3
435743 1 113 3 3
435745 1 113 3 3
435871 0 114 5 2
435652 1 114 3 1
435120 1 114 2 1
434603 1 114 2 1
435000 1 114 3 1
435004 1 114 4 1
435005 1 114 3 1
435057 1 114 3 0
435058 1 114 3 0
435873 0 114 3 1
434602 1 115 4 0
435307 1 115 2 1
489824 1 115 1 3
434604 1 115 3 1
435308 0 115 3 1
435653 1 115 3 1
435654 1 115 3 1
489822 0 115 3 3
489823 0 115 3 3
435003 1 116 3 1
435872 1 116 2 2
435739 1 116 1 1
435619 1 116 1 1
435202 0 116 3 3
296090 1 116 1 2
296088 0 116 3 2
434605 1 116 3 0
434999 1 116 3 3
435000 1 116 3 3
435001 1 116 3 3
435207 0 116 5 1
435208 0 116 3 1
435203 0 116 3 3
435204 0 116 3 3
435206 0 116 3 3
435620 0 116 3 1
435621 0 116 3 1
435623 0 116 3 1
435740 0 116 3 1
435742 0 116 3 1
435743 0 116 3 1
435745 0 116 3 1
435873 0 116 3 2
435870 1 117 3 0
435797 1 117 3 1
435758 1 117 3 4
435622 0 117 5 1
435462 1 117 3 1
435114 1 117 1 1
435000 1 117 3 1
435002 1 117 3 1
435005 1 117 3 1
435116 0 117 3 1
435463 0 117 3 1
435465 0 117 3 1
435618 0 117 3 1
435621 0 117 3 1
435624 0 117 3 1
434650 1 118 3 4
435795 1 118 3 1
435798 1 118 3 1
434605 1 119 3 3
434776 1 119 2 1
434587 0 119 4 1
433987 1 119 2 1
435399 1 119 1 1
434000 1 119 1 1
298171 1 119 1 3
298172 0 119 3 3
433986 0 119 3 1
434602 0 119 3 3
434604 0 119 3 3
434777 0 119 3 1
434778 0 119 3 1
434779 0 119 3 1
435401 0 119 3 1
435403 0 119 3 1
435621 0 119 3 1
435624 0 119 3 1
434586 1 120 3 1
434589 0 120 3 1
434590 0 120 3 1
435435 1 121 2 1
435889 1 121 1 3
435434 0 121 3 1
435436 0 121 3 1
435628 0 121 3 3
435888 0 121 3 3
528262 1 122 3 3
434779 1 122 3 3
435400 1 122 2 1
435399 0 122 3 1
435401 0 122 3 1
435402 0 122 3 1
435403 0 122 3 1
528263 0 122 3 3
435437 1 123 3 3
435205 1 123 2 2
434349 1 123 2 3
434776 1 123 3 3
434777 1 123 3 3
434778 1 123 3 3
435202 0 123 3 2
435434 0 123 3 3
179694 1 124 3 3
435531 1 124 2 3
298170 1 124 1 2
179691 0 124 3 3
179693 0 124 3 3
298171 0 124 3 2
435530 0 124 3 3
435282 1 125 1 1
434588 1 125 1 1
434587 0 125 3 1
434589 0 125 3 1
435281 0 125 3 1
435283 0 125 3 1
434780 1 126 1 3
98009 1 127 3 3
426966 1 128 3 3
468024 1 128 2 2
435530 1 128 2 3
426960 0 128 3 3
426963 0 128 3 3
426965 0 128 3 3
435529 0 128 3 3
468022 0 128 3 2
468023 0 128 3 2
468026 0 128 3 2
179691 1 129 3 1
294770 1 130 3 3
179693 1 130 3 1
179694 1 130 3 1
294766 0 130 3 3
294769 0 130 3 3
317736 1 132 2 3
317731 0 132 3 3
317735 0 132 3 3
426964 1 133 1 2
426960 0 133 3 2
426962 0 133 3 2
426965 0 133 3 2
426966 0 133 3 2
318768 1 134 3 3
317731 1 135 3 1
197294 1 135 2 3
318767 1 135 3 3
317733 1 136 3 1
317735 1 136 3 1
197295 1 137 2 3
434635 1 139 3 2
434634 0 139 3 2
198289 1 140 3 4
198290 0 140 3 4
426961 1 141 1 1
317732 1 141 1 2
317731 0 141 3 2
317734 0 141 3 2
317735 0 141 3 2
317736 0 141 3 2
426960 0 141 3 1
426965 0 141 3 1
426966 0 141 3 1
427345 1 145 2 1
427348 0 145 3 1
198290 1 146 2 4
238951 1 146 1 3
427341 1 149 4 1
238950 0 146 3 3
