274809 7
215739 8
215740 8
228251 8
319749 8
319751 8
319752 8
360871 8
360873 8
530502 8
530503 8
475491 9
228248 10
228250 10
229397 12
229398 12
320999 14
321002 14
321003 14
321004 14
227954 15
290407 15
448796 15
448797 15
448799 15
227949 18
227952 18
291312 18
291317 18
291318 18
291319 18
291320 18
293218 18
227942 20
227943 20
227945 20
229887 20
229888 20
291831 20
291832 20
291834 20
291840 20
229644 21
229646 21
229647 21
291311 21
291398 21
291040 22
229224 23
320999 23
321002 23
291039 25
291041 25
291282 26
228277 27
228279 27
291908 27
291552 28
291554 28
291897 29
291898 29
293110 29
290731 31
290732 31
292169 31
292170 34
292171 34
292173 34
292174 34
292123 35
292125 35
292126 35
290836 37
290838 37
290839 37
290840 37
290795 38
290797 38
290799 38
292205 38
475800 39
290633 40
290634 40
290635 40
429154 40
346347 43
354657 49
291003 50
290362 53
290364 53
290365 53
441128 69
441130 69
