12988 0 6 6 2 1
34722 0 6 6 3 0
34858 0 6 6 1 0
147625 1 4 6 3 0
155651 0 6 6 4 1
156528 0 6 6 2 1
228408 0 6 6 3 0
229070 1 3 6 3 0
261085 0 6 6 3 0
277067 1 3 6 4 1
317846 1 3 6 4 0
332366 0 6 6 4 0
332881 0 6 6 1 1
411869 0 6 6 3 0
457051 1 3 6 3 0
478644 1 4 6 1 0
511136 0 6 6 3 0
517124 0 6 6 3 0
538537 0 6 6 1 0
557883 0 6 6 3 0
332880 0 6 8 1 0
333111 1 3 8 1 0
34532 0 6 9 1 0
34698 1 5 9 1 0
478887 1 4 9 1 0
479115 1 4 9 1 1
479191 0 6 9 1 0
511137 0 6 9 3 1
228409 0 6 10 4 0
277665 1 4 10 1 0
34798 1 3 11 1 0
228750 1 3 11 3 0
332221 1 4 11 1 0
479192 0 6 11 1 0
34699 0 6 12 1 0
333110 1 4 12 1 0
434747 1 4 12 3 0
149011 1 4 13 3 0
251873 1 4 13 4 0
479195 0 6 13 2 0
230734 1 4 14 3 0
478608 1 4 14 1 0
479190 1 3 14 0 0
33626 0 6 15 1 0
160310 1 4 15 3 0
306940 0 6 15 2 0
313955 1 4 15 2 0
434743 0 6 15 1 0
434744 0 6 15 1 0
477577 0 6 16 1 0
434445 0 6 17 1 0
434706 1 5 17 1 0
434745 1 3 17 1 0
477502 0 6 17 1 0
478963 1 3 17 1 0
435580 0 6 18 1 0
434741 0 6 19 0 0
434746 0 6 19 3 0
434480 1 3 20 1 0
434664 1 2 20 1 0
477650 0 6 20 1 0
477705 0 6 20 1 0
435021 1 3 21 1 0
477504 1 3 21 3 0
477524 0 6 21 1 0
477537 1 2 21 1 0
479137 0 6 21 1 0
434665 0 6 22 2 1
435181 1 4 22 4 0
434663 1 3 23 1 0
435023 0 6 23 3 0
477652 0 6 24 3 0
478224 1 3 24 1 0
478581 0 6 24 1 0
478640 0 6 24 3 0
478920 1 3 24 1 0
400887 1 4 25 3 0
434483 0 6 25 3 0
434645 1 4 25 1 0
435058 0 6 25 4 0
477501 1 4 25 0 0
477585 0 6 25 3 0
478310 1 4 25 1 0
478357 0 6 25 1 0
478523 0 6 25 1 0
132542 0 6 26 3 0
435179 0 6 26 2 1
478353 0 6 26 1 1
478531 1 4 26 1 0
479064 0 6 26 1 0
479182 1 2 26 1 0
477859 1 4 27 1 0
478919 0 6 27 1 0
168515 0 6 28 3 0
434646 0 6 28 1 0
477503 1 3 28 3 1
478312 0 6 29 1 0
478313 1 3 29 3 0
478530 1 3 29 1 0
434649 1 2 30 3 0
477720 1 3 30 1 0
478526 1 2 30 3 0
478726 1 5 30 1 0
478918 1 2 30 1 0
478532 0 6 31 1 0
479066 0 6 31 3 0
479181 0 6 31 0 0
478188 1 3 32 1 0
477725 0 6 33 1 0
478685 0 6 33 1 0
434972 0 6 34 1 0
477723 1 3 34 3 0
477726 1 3 34 3 0
478189 0 6 34 1 0
478529 0 6 34 1 0
478456 1 4 36 1 0
477673 1 2 38 1 0
435884 0 6 40 1 0
435886 1 3 42 3 0
435883 1 4 43 1 0
208075 1 4 46 3 1
435165 1 3 46 1 0
209257 1 4 48 1 0
433940 1 4 48 4 0
454603 1 4 48 3 0
435167 0 6 49 3 0
209299 1 2 50 1 0
209124 0 6 51 1 0
