401859 2 1 4 1
45746 3 2 4 0
333187 3 2 0 0
429161 5 4 3 0
559342 5 4 4 0
142271 6 3 1 0
142273 6 2 1 0
143873 6 2 1 0
218918 6 5 2 0
213741 7 3 3 0
478883 7 2 3 0
265907 8 3 3 0
454142 8 3 1 0
454146 9 3 2 0
143893 10 2 1 0
213379 10 3 1 0
431231 10 3 2 0
142689 11 4 1 0
212871 11 2 3 0
452869 12 2 3 0
454141 12 4 1 1
454699 12 3 3 0
143203 13 2 1 0
143450 13 3 4 0
142756 14 2 1 0
213777 14 3 1 0
399262 14 4 1 0
143080 15 4 1 0
453889 15 2 1 0
143202 16 2 1 0
143632 16 2 3 0
397326 16 4 1 0
454145 16 3 3 0
454960 16 3 1 0
142169 17 3 4 0
397872 17 3 3 0
399418 17 3 1 0
454837 17 2 1 0
143079 18 2 0 0
213783 18 3 1 0
399661 18 2 1 0
452815 18 3 1 0
454209 18 2 0 0
142927 19 4 1 0
397128 19 4 1 1
397323 19 3 3 0
453346 19 3 1 1
454211 19 3 1 1
454369 19 1 0 0
213782 20 2 1 1
398473 20 3 3 0
454908 20 3 1 0
142174 21 3 3 0
213562 21 2 3 0
397129 21 3 1 1
397855 21 2 1 0
454128 21 4 1 0
142547 22 2 1 0
142786 22 2 3 0
143471 22 2 1 0
398186 22 2 1 0
399656 22 4 1 0
451106 22 3 3 0
452916 22 1 1 0
454208 22 4 0 0
454573 22 3 0 0
143321 23 2 1 0
213850 23 3 3 0
399658 23 1 3 0
399662 23 3 1 1
453259 23 4 3 0
453990 23 3 1 0
454568 23 4 3 0
454911 23 3 3 1
455003 23 2 1 0
213559 24 4 1 1
454127 24 4 1 0
133703 25 2 3 0
143870 25 3 1 0
399663 25 3 3 0
142721 26 3 4 0
143468 26 2 1 0
143478 26 3 3 0
213861 26 2 3 0
452667 26 4 0 0
453802 26 1 1 0
454462 26 3 1 0
143465 27 3 1 0
397852 27 3 0 1
453257 27 3 0 0
453414 27 3 0 0
453876 27 2 1 0
454612 27 1 1 0
142848 28 2 1 0
142858 28 1 1 0
142979 28 2 1 0
143467 28 2 1 0
399659 28 3 3 0
454217 28 3 1 0
90548 29 3 2 0
101891 29 4 3 0
141998 29 1 1 0
143305 29 2 1 0
143562 29 1 1 0
143597 29 2 1 0
453624 29 4 4 0
143087 30 3 1 0
143874 30 4 3 0
454648 30 1 1 0
101892 31 1 3 0
143470 31 3 3 1
143688 31 4 3 0
452588 31 3 1 0
453627 31 3 3 1
454178 31 1 1 0
143181 32 3 1 0
453875 32 3 1 0
454220 32 2 3 0
142702 33 4 0 0
142001 34 4 3 0
142266 34 3 1 0
143307 34 4 2 0
452778 34 2 1 0
454855 34 4 3 0
142706 35 3 3 0
142708 35 2 3 0
142957 35 4 1 0
454177 35 3 1 0
142457 36 3 1 0
143220 36 3 1 0
452593 36 2 3 0
142354 38 2 1 0
142517 38 4 1 0
143182 38 2 1 0
143883 39 3 1 0
142348 40 3 1 0
142603 40 2 1 0
142959 40 4 3 0
143434 40 4 1 0
452589 40 2 1 0
142598 41 2 1 0
143430 42 3 0 0
143431 44 4 1 0
142342 45 4 1 0
143069 47 2 1 0
142338 50 3 3 0
143071 51 2 3 0
