66328 0 4 3 3
66329 0 4 3 3
220830 0 4 3 3
274670 0 4 3 1
274674 0 4 3 1
274675 0 4 3 1
274676 0 4 3 1
282805 0 5 3 3
282806 0 5 3 3
282809 0 5 3 3
419510 0 6 3 1
419512 0 6 3 1
419513 0 6 3 1
422188 0 7 3 3
420330 0 8 3 1
420381 1 9 3 1
420383 1 9 3 1
420386 1 9 3 1
420382 0 10 3 1
420385 0 10 3 1
419510 0 13 3 1
419513 0 13 3 1
420382 0 13 3 1
420384 0 13 3 1
420491 0 14 3 1
420492 0 14 3 1
203996 1 15 3 2
203997 1 15 3 2
204000 1 15 3 2
419880 0 16 3 1
419882 0 16 3 1
420427 0 16 3 1
420428 0 16 3 1
420429 0 16 3 1
164335 0 18 3 3
164336 0 18 3 3
419848 0 18 3 1
419850 0 18 3 1
419672 0 19 3 1
419669 0 19 3 3
419155 0 20 3 1
419851 0 20 3 1
419852 0 20 3 1
420425 0 20 3 1
420428 0 20 3 2
420357 0 23 3 1
420185 0 24 3 4
419466 0 25 3 1
419778 0 25 3 3
419779 0 25 3 3
419923 0 25 3 1
420437 0 26 3 2
420439 0 26 3 2
420768 0 27 3 3
420772 0 27 3 3
419487 0 28 3 3
419532 0 28 3 1
419657 0 28 3 0
419658 0 28 3 0
420187 0 28 3 1
420189 0 28 3 1
420193 0 28 3 1
419646 0 29 3 1
419648 0 29 3 1
420039 0 29 3 1
420040 0 29 3 1
420044 0 29 3 1
420045 0 29 3 1
420039 0 29 3 3
420040 0 29 3 3
420041 0 29 3 3
420452 1 29 3 1
419504 0 30 3 1
420556 1 30 3 1
420558 1 30 3 1
419533 0 31 3 3
419965 1 31 3 1
419966 1 31 3 1
419967 1 31 3 1
419968 1 31 3 1
419503 0 32 3 1
420187 0 32 3 3
420189 0 32 3 3
420190 0 32 3 3
420191 0 32 3 3
420192 0 32 3 3
419538 0 33 3 1
420437 0 33 3 0
420439 0 33 3 0
420476 1 33 3 1
420478 1 33 3 1
420555 1 33 3 1
420557 1 33 3 1
420559 1 33 3 1
419793 0 34 3 1
420691 1 35 3 1
420086 0 37 3 1
420088 0 37 3 1
420376 1 37 3 1
420377 1 37 3 1
420674 0 37 3 3
420675 0 37 3 3
420676 0 37 3 3
419304 0 38 3 3
419306 0 38 3 3
419966 1 38 3 1
420198 0 38 3 3
420554 0 38 3 3
420555 0 38 3 3
420556 0 38 3 3
420557 0 38 3 3
420559 0 38 3 3
420688 0 38 3 1
420692 0 38 3 1
420680 0 39 3 3
420682 0 39 3 3
420685 0 39 3 3
420706 0 39 3 1
420709 0 39 3 1
354815 0 40 3 2
354817 0 40 3 2
419156 0 40 3 1
420773 0 40 3 1
420775 0 40 3 1
420778 0 40 3 1
420779 0 40 3 1
420196 0 41 3 2
420199 0 41 3 2
420415 0 41 3 1
420727 0 41 3 1
409518 0 42 3 3
409520 0 42 3 3
420188 0 42 3 1
420822 0 42 3 1
342312 0 43 3 2
419928 0 43 3 1
419930 0 43 3 1
420730 0 43 3 1
416893 0 44 3 3
420370 0 44 3 1
419195 0 45 3 3
420414 0 45 3 3
420416 0 45 3 3
419345 0 46 3 3
419541 0 46 3 1
419544 0 46 3 1
419545 0 46 3 1
420261 0 46 3 3
420262 0 46 3 3
420620 0 46 3 1
420621 0 46 3 1
420873 0 46 3 1
420874 0 46 3 1
420875 0 46 3 1
475045 0 46 3 3
475046 0 46 3 3
420227 0 48 3 1
420872 0 48 3 3
420873 0 48 3 3
422960 0 48 3 3
419853 0 49 3 2
419855 0 49 3 2
420113 0 49 3 1
420115 0 49 3 1
420117 0 49 3 1
420682 1 50 3 1
420683 1 50 3 1
420684 1 50 3 1
419872 0 51 3 1
419873 0 51 3 1
419232 0 52 3 1
419234 0 52 3 1
419236 0 52 3 1
464961 0 53 3 3
464962 0 53 3 3
464963 0 53 3 3
464964 0 53 3 3
397693 1 54 3 4
397694 1 54 3 4
397695 1 54 3 4
420421 0 55 3 0
419410 0 60 3 1
419413 0 60 3 1
420420 1 60 3 1
420423 1 60 3 1
