317568 1 2 4 3
299738 1 3 3 3
202348 1 3 3 1
194574 1 3 3 3
88376 1 3 3 3
10705 1 3 3 3
10706 0 3 3 3
10707 0 3 3 3
194573 0 3 3 3
194575 0 3 3 3
194576 0 3 3 3
299737 0 3 3 3
317567 1 3 3 3
321482 1 4 2 3
74202 1 4 2 3
202349 1 4 3 1
321480 0 4 3 3
321483 0 4 3 3
129471 1 5 2 3
387025 1 5 1 1
387026 0 5 3 1
386663 1 6 2 1
386664 0 6 3 1
386665 0 6 5 1
386661 1 7 3 1
202349 1 8 3 3
202348 0 8 3 3
386662 1 8 3 1
386548 1 9 3 1
203147 1 9 2 4
388576 1 10 1 4
321013 1 12 2 3
202977 1 12 2 3
202975 0 12 3 3
321011 1 15 3 0
202637 1 15 3 3
202638 0 15 3 3
321014 0 15 3 0
319426 1 19 5 1
319890 1 19 2 1
319427 0 19 3 1
319428 0 19 4 1
319429 0 19 3 1
319430 0 19 3 1
319891 0 19 3 1
319633 1 21 4 1
319430 1 21 3 1
320602 1 22 3 1
319629 1 22 3 1
319631 1 22 3 1
319632 1 22 3 1
319634 1 22 3 1
320603 0 22 3 1
319427 1 23 3 1
319429 0 23 3 1
319430 0 23 3 1
320489 1 25 3 1
320945 1 26 3 1
319292 1 26 2 1
319294 0 26 3 1
319295 0 26 3 1
320490 1 26 3 1
320491 1 26 3 1
320944 0 26 3 1
320947 0 26 3 1
320896 1 28 2 1
320251 1 28 2 1
320741 1 28 1 1
320252 0 28 3 1
320254 0 28 3 1
320738 0 28 3 1
320739 0 28 3 1
320740 0 28 3 1
320742 0 28 3 1
320894 0 28 3 1
320898 0 28 3 1
320483 1 29 2 4
320739 0 30 3 1
320741 0 30 3 1
320743 0 30 3 1
321263 1 31 4 1
320252 1 32 2 1
328271 1 32 1 3
320250 0 32 3 1
320251 0 32 3 1
320253 0 32 3 1
321261 1 32 3 1
321264 1 32 3 1
320157 1 34 2 3
320155 0 34 3 3
321262 1 36 2 1
321024 1 36 1 3
321022 0 36 3 3
321023 0 36 3 3
321025 0 36 3 3
321261 0 36 3 1
321263 0 36 3 1
147510 1 38 3 3
320441 1 40 2 0
320442 0 40 3 0
320443 0 40 3 0
320445 0 40 3 0
320677 1 44 3 1
320142 1 44 1 1
320141 0 44 3 1
320143 0 44 3 1
320144 0 44 3 1
320676 1 45 4 1
320679 1 46 1 3
320678 0 46 3 3
