317568 2 1 3 0
10705 3 2 3 0
88376 3 2 3 0
194574 3 2 3 0
202348 3 2 1 0
299738 3 2 3 1
74202 4 3 3 0
321482 4 3 3 0
129471 5 3 3 1
387025 5 4 1 0
386663 6 3 1 0
386661 7 2 1 0
202349 8 2 3 0
203147 9 3 4 0
386548 9 2 1 0
388576 10 4 4 1
202977 12 3 3 1
321013 12 3 3 0
202637 15 2 3 0
321011 15 2 0 0
319426 19 2 1 0
319890 19 3 1 0
319428 20 2 1 0
319633 21 1 1 0
320602 22 2 1 0
319427 23 2 1 0
320489 25 2 1 0
319292 26 3 1 0
320945 26 2 1 0
320251 28 3 1 1
320741 28 4 1 0
320896 28 3 1 0
320483 29 3 4 1
320740 30 4 1 0
321263 31 1 1 0
320252 32 3 1 0
328271 32 4 3 0
320157 34 3 3 0
321024 36 4 3 1
321262 36 3 1 0
147510 38 2 3 0
320441 40 3 0 0
320142 44 4 1 0
320677 44 2 1 0
320679 46 4 3 0
