401857 7
401858 7
333188 8
333192 8
218919 9
559343 9
142274 10
143875 11
213738 11
213739 11
265904 12
265905 12
454141 12
454144 12
478881 12
478884 12
452584 13
213378 14
213380 14
431229 14
142690 15
212869 16
212870 16
454142 16
454143 16
143201 17
143451 17
213778 18
213779 18
399263 18
399264 18
397325 19
397327 19
397328 19
453887 19
453890 19
454142 20
454143 20
142168 21
397869 21
397870 21
213782 22
399417 22
399662 22
399663 22
454213 22
454840 22
454841 22
452817 23
453347 23
453349 23
398469 24
398471 24
454208 24
454209 24
454370 24
454372 24
454374 24
454909 24
213783 25
213784 25
213785 25
213786 25
397126 25
397852 25
454126 25
454130 25
142546 26
142548 26
142549 26
142550 26
142780 26
142782 26
143472 26
143473 26
397127 26
397128 26
397129 26
397131 26
399658 26
454211 26
454212 26
454572 26
454576 26
398187 27
399664 27
452917 27
452918 27
453257 27
453991 27
454566 27
454567 27
454569 27
454910 27
213562 28
399655 28
399657 28
399659 28
454125 28
454129 28
143868 29
143869 29
142720 30
452668 30
143464 31
143465 31
143467 31
143469 31
143470 31
213856 31
213859 31
397853 31
397854 31
397855 31
453259 31
453418 31
453419 31
453873 31
453874 31
453875 31
143466 32
90546 33
101890 33
101892 33
142847 33
142849 33
142860 33
142980 33
142981 33
143309 33
143598 33
143599 33
142000 34
142001 34
143086 34
143088 34
143563 34
143872 34
143873 34
143467 35
143468 35
143469 35
452589 35
452590 35
452591 35
453625 35
454649 35
454650 35
143182 36
143183 36
453877 36
453878 36
142706 37
143305 37
143306 37
143307 37
143308 37
398088 37
452920 37
452922 37
452925 37
398187 38
398188 38
452898 38
452907 38
452908 38
142150 39
143241 39
143242 39
143244 39
453029 39
453030 39
454302 39
454303 39
142477 40
143180 40
143184 40
395135 40
395136 40
395137 40
452777 41
452779 41
452780 41
452909 41
453762 41
453763 41
142899 42
453507 43
453509 43
452901 44
142224 45
453326 45
453328 45
454196 45
454197 45
454824 45
142265 46
142269 46
452576 46
452578 46
452587 46
452589 46
452591 46
452592 46
452889 46
453815 46
453817 46
205422 47
205425 47
452577 47
453182 47
453998 47
453999 47
454694 47
454696 47
453014 48
453497 48
453500 48
453816 48
453818 48
143890 49
239655 49
239657 49
239659 49
239660 49
453620 49
453621 49
453622 49
239656 50
239658 50
453395 50
142266 51
359791 51
359792 51
359794 51
452575 51
452578 51
452579 51
454284 51
454286 51
454453 51
142213 53
454285 53
454288 53
453236 54
455000 54
453235 55
453237 55
452844 56
452845 56
452846 56
452847 56
452848 56
453674 56
453678 56
454355 57
453565 58
453567 58
88111 62
454528 65
454529 65
454530 69
454531 69
454532 69
454533 69
453540 73
