390031 0 3 3 3
390032 0 3 3 3
464577 1 3 3 1
464579 1 3 3 1
473489 0 3 3 3
163599 0 4 3 3
367798 1 4 3 1
367800 1 4 3 1
367801 1 4 3 1
471822 0 4 3 1
471823 0 4 3 1
471826 0 4 3 1
536438 0 6 3 1
347345 0 8 3 1
347348 0 8 3 1
347349 0 8 3 1
367797 0 8 3 1
367799 0 8 3 1
460655 0 8 3 4
460998 0 8 3 1
459528 0 9 3 1
477903 0 9 3 1
479049 0 9 3 1
459523 0 11 3 1
459526 0 11 3 1
459528 0 11 3 1
460996 1 11 3 3
460999 1 11 3 3
347344 0 12 3 1
347346 0 12 3 1
347348 0 12 3 1
347349 0 12 3 1
459797 0 12 3 3
459798 0 12 3 3
477589 1 12 3 1
477590 1 12 3 1
477591 1 12 3 1
477600 0 12 3 1
478401 1 12 3 1
478403 1 12 3 1
158967 0 13 3 1
158968 0 13 3 1
158969 0 13 3 1
346004 1 13 3 1
346006 1 13 3 1
347048 0 13 3 1
347050 0 13 3 3
347051 0 13 3 3
477481 0 13 3 1
477483 0 13 3 1
460129 0 14 3 1
460130 0 14 3 1
460131 0 14 3 1
460352 0 14 3 2
479101 0 14 3 1
479102 0 14 3 1
346003 0 15 3 3
346004 0 15 3 3
346699 0 15 3 4
442321 0 15 3 3
477597 0 15 3 3
477598 0 15 3 3
477774 1 15 3 1
477898 0 15 3 1
478529 0 15 3 1
478531 0 15 3 1
478532 0 15 3 1
479159 0 15 3 3
158965 0 16 3 4
158968 0 16 3 4
477590 0 16 3 3
478060 0 16 3 2
478062 0 16 3 2
478339 0 16 3 3
478498 0 16 3 1
478499 0 16 3 1
450557 0 17 3 3
450559 0 17 3 3
477871 0 17 3 1
477873 0 17 3 1
478449 0 17 3 2
477486 0 18 3 1
477489 0 18 3 1
478175 0 18 3 1
478337 0 18 3 0
478340 0 18 3 0
478339 0 18 3 1
478340 0 18 3 1
478495 0 18 3 3
478496 0 18 3 3
550288 0 18 3 3
160179 1 19 3 1
160182 1 19 3 1
307727 0 19 3 2
307728 0 19 3 2
459972 0 19 3 0
459974 0 19 3 0
477823 1 19 3 1
477824 1 19 3 1
478754 0 19 3 1
479040 0 19 3 1
479043 0 19 3 1
479044 0 19 3 1
346004 0 20 3 3
346005 0 20 3 3
477880 0 20 3 1
477882 0 20 3 1
477884 0 20 3 1
478310 0 20 3 1
478312 0 20 3 1
478313 0 20 3 1
478628 0 20 3 1
478819 0 20 3 1
459181 0 21 3 3
459182 0 21 3 3
459185 0 21 3 3
477707 0 21 3 1
477534 0 22 3 3
477536 0 22 3 3
477879 0 22 3 3
477881 0 22 3 3
477882 0 22 3 3
478495 0 22 3 3
478497 0 22 3 3
478499 0 22 3 3
308128 0 23 3 3
308129 0 23 3 3
346467 0 23 3 1
346469 0 23 3 1
346471 0 23 3 1
346540 0 23 3 1
346543 0 23 3 1
477879 0 23 3 1
477883 0 23 3 1
479180 0 23 3 0
479181 0 23 3 0
479182 0 23 3 0
459458 0 24 3 3
478183 0 24 3 0
478310 0 24 3 3
478314 0 24 3 3
478917 0 24 3 1
478919 0 24 3 1
477582 0 25 3 3
477583 0 25 3 3
287039 0 26 3 1
287042 0 26 3 1
287043 0 26 3 1
287044 0 26 3 1
460371 0 26 3 0
478502 0 26 3 1
478503 0 26 3 1
478506 0 26 3 1
478507 0 26 3 1
459299 1 27 3 0
459300 1 27 3 0
478192 0 27 3 1
308889 0 28 3 4
460367 0 28 3 3
478177 0 28 3 1
478179 0 28 3 1
347288 0 29 3 1
347291 0 29 3 1
347292 0 29 3 1
347294 0 29 3 1
478484 0 29 3 1
477699 0 30 3 3
477701 0 30 3 3
478377 0 30 3 1
478453 0 30 3 3
478457 0 30 3 3
479146 0 30 3 1
479147 0 30 3 1
339046 0 31 3 3
339047 0 31 3 3
339049 0 31 3 3
459299 1 31 3 0
479147 0 32 3 0
479148 0 32 3 0
478041 1 33 3 1
287045 0 34 3 3
347399 1 34 3 1
347402 1 34 3 1
347403 1 34 3 1
479142 0 34 3 3
479143 0 34 3 3
479145 0 34 3 3
346099 0 36 3 1
346100 0 36 3 1
346104 0 36 3 1
347288 0 36 3 2
347289 0 36 3 2
347290 0 36 3 2
347292 0 36 3 2
347294 0 36 3 2
477433 0 37 3 1
347288 1 38 3 3
347290 1 38 3 3
347292 1 38 3 3
347294 1 38 3 3
460594 0 38 3 1
460597 0 38 3 1
459652 0 39 3 1
460954 0 39 3 1
346462 0 40 3 1
346463 0 40 3 1
347289 0 40 3 3
347290 0 40 3 3
347292 0 40 3 3
460106 0 40 3 1
460107 0 40 3 1
460680 0 40 3 1
460681 0 40 3 1
460843 0 40 3 3
460539 0 41 3 3
422339 0 42 3 3
422341 0 42 3 3
477716 0 42 3 1
345923 0 43 3 1
345925 0 43 3 1
346194 1 43 3 1
346196 1 43 3 1
346197 1 43 3 1
459644 0 43 3 1
459645 0 43 3 1
460901 0 43 3 1
477875 0 43 3 3
460442 0 44 3 3
460443 0 44 3 3
460445 0 44 3 3
220806 0 46 3 2
220807 0 46 3 2
220809 0 46 3 2
477876 0 46 3 1
477878 0 46 3 1
477714 0 48 3 3
477715 0 48 3 3
478342 1 49 3 1
478343 1 49 3 1
478344 1 49 3 1
457953 0 52 3 0
457954 0 52 3 0
478388 1 52 3 1
478389 1 52 3 1
305580 0 55 3 1
305581 0 55 3 1
477488 0 55 3 1
477489 0 55 3 1
478386 0 56 3 3
478387 0 56 3 3
478389 0 56 3 3
478388 0 56 3 3
305578 1 58 3 3
305579 1 58 3 3
305807 0 58 3 1
306776 1 59 3 1
305578 0 61 3 1
305580 0 61 3 1
306503 1 61 3 0
306506 1 61 3 0
305559 1 62 3 1
307371 0 62 3 1
307374 0 62 3 1
307375 0 62 3 1
307377 0 62 3 1
305383 1 63 3 1
306776 0 64 3 3
307314 0 64 3 1
305330 0 65 3 1
305331 0 65 3 1
307373 0 65 3 1
307375 0 65 3 1
28544 0 66 3 2
306386 0 66 3 1
306388 0 66 3 1
306502 1 66 3 1
306503 1 66 3 1
305119 0 67 3 1
306775 0 67 3 3
307032 1 67 3 1
307035 1 67 3 1
307036 1 67 3 1
307033 0 68 3 1
307034 0 68 3 1
307035 0 68 3 1
307190 0 68 3 1
305503 0 69 3 1
305505 0 69 3 1
306280 0 69 3 1
306282 0 69 3 1
305781 0 70 3 1
306723 0 70 3 1
306724 0 70 3 1
306726 0 70 3 1
305938 0 71 3 1
305941 0 71 3 1
305530 0 72 3 3
305531 0 72 3 3
305939 0 72 3 1
305941 0 72 3 1
307187 0 73 3 3
306090 0 74 3 1
374851 0 78 3 3
131853 0 80 3 3
131855 0 80 3 3
