464576 1 2 4 1
473490 1 3 3 3
367797 1 3 3 1
283621 1 3 3 3
23019 1 3 3 2
390031 0 3 3 3
390032 0 3 3 3
464577 1 3 3 1
464579 1 3 3 1
473489 0 3 3 3
471824 1 4 2 1
163600 1 4 2 3
163599 0 4 3 3
367798 1 4 3 1
367800 1 4 3 1
367801 1 4 3 1
471822 0 4 3 1
471823 0 4 3 1
471826 0 4 3 1
461111 1 5 2 1
536437 1 6 3 1
536438 0 6 3 1
459680 1 7 3 3
460656 1 8 3 4
459799 1 8 3 1
460997 1 8 2 1
367798 1 8 2 1
347347 1 8 1 1
347345 0 8 3 1
347348 0 8 3 1
347349 0 8 3 1
367797 0 8 3 1
367799 0 8 3 1
460655 0 8 3 4
460998 0 8 3 1
477900 1 9 3 1
460607 1 9 3 4
479048 1 9 1 1
459524 1 9 1 1
459528 0 9 3 1
477903 0 9 3 1
479049 0 9 3 1
477588 1 11 3 1
459525 1 11 3 1
478400 1 11 2 1
459523 0 11 3 1
459526 0 11 3 1
459528 0 11 3 1
460996 1 11 3 3
460999 1 11 3 3
346003 0 12 6 3
477598 1 12 2 1
459800 1 12 2 3
347345 1 12 2 1
347344 0 12 3 1
347346 0 12 3 1
347348 0 12 3 1
347349 0 12 3 1
459797 0 12 3 3
459798 0 12 5 3
477589 1 12 3 1
477590 1 12 3 1
477591 1 12 3 1
477600 0 12 3 1
478401 1 12 3 1
478403 1 12 3 1
347053 1 13 3 3
477480 1 13 2 1
347051 0 13 3 3
158965 1 13 1 1
158967 0 13 3 1
158968 0 13 3 1
158969 0 13 3 1
346004 1 13 3 1
346006 1 13 3 1
347048 0 13 3 1
347050 0 13 3 3
477481 0 13 3 1
477483 0 13 3 1
477772 1 14 3 1
460353 1 14 3 2
479099 1 14 2 1
460129 0 14 3 1
460130 0 14 3 1
460131 0 14 3 1
460352 0 14 3 2
479101 0 14 3 1
479102 0 14 3 1
479160 1 15 3 3
442325 1 15 3 3
346700 1 15 3 4
346005 1 15 3 3
478530 1 15 2 1
477896 1 15 2 1
477600 1 15 2 3
346004 0 15 3 3
346699 0 15 3 4
442321 0 15 3 3
477597 0 15 3 3
477598 0 15 3 3
477774 1 15 3 1
477898 0 15 3 1
478529 0 15 3 1
478531 0 15 3 1
478532 0 15 3 1
479159 0 15 3 3
459972 1 16 3 1
478061 1 16 2 2
477591 1 16 2 3
158969 1 16 2 4
478497 1 16 1 1
478340 1 16 1 3
158965 0 16 3 4
158968 0 16 3 4
477590 0 16 3 3
478060 0 16 3 2
478062 0 16 3 2
478339 0 16 3 3
478498 0 16 3 1
478499 0 16 3 1
477557 1 17 2 4
478451 1 17 1 2
450561 1 17 1 3
450557 0 17 3 3
450559 0 17 3 3
477871 0 17 3 1
477873 0 17 3 1
478449 0 17 3 2
478570 1 18 3 2
478338 1 18 3 1
477822 1 18 3 1
460027 1 18 3 4
478336 1 18 2 0
478174 1 18 2 1
477763 1 18 2 3
477487 1 18 2 1
160180 1 18 2 1
550289 1 18 1 3
477486 0 18 3 1
477489 0 18 3 1
478175 0 18 3 1
478337 0 18 3 0
478340 0 18 3 0
478339 0 18 3 1
478340 0 18 3 1
478495 0 18 3 3
478496 0 18 3 3
550288 0 18 3 3
478223 1 19 3 1
459970 1 19 3 0
307726 1 19 3 2
479041 1 19 2 1
478756 1 19 2 1
160179 1 19 3 1
160182 1 19 3 1
307727 0 19 3 2
307728 0 19 3 2
459972 0 19 3 0
459974 0 19 3 0
477823 1 19 3 1
477824 1 19 3 1
478754 0 19 3 1
479040 0 19 3 1
479043 0 19 3 1
479044 0 19 3 1
478834 1 20 3 4
478818 1 20 3 1
478311 1 20 3 1
477881 1 20 2 1
346006 1 20 2 3
478627 1 20 1 1
346004 0 20 3 3
346005 0 20 3 3
477880 0 20 3 1
477882 0 20 3 1
477884 0 20 3 1
478310 0 20 3 1
478312 0 20 3 1
478313 0 20 3 1
478628 0 20 3 1
478819 0 20 3 1
459186 1 21 2 3
477708 1 21 1 1
28670 1 21 1 3
459181 0 21 3 3
459182 0 21 3 3
459185 0 21 3 3
477707 0 21 3 1
489458 1 22 2 2
478498 1 22 2 3
477883 0 22 4 1
477535 1 22 2 3
477534 0 22 3 3
477536 0 22 3 3
477879 0 22 3 3
477881 0 22 3 3
477882 0 22 3 3
478495 0 22 3 3
478497 0 22 3 3
478499 0 22 3 3
346468 1 23 3 1
479179 1 23 2 0
308132 1 23 2 3
477880 1 23 1 1
346542 1 23 1 1
308128 0 23 3 3
308129 0 23 3 3
346467 0 23 3 1
346469 0 23 3 1
346471 0 23 3 1
346540 0 23 3 1
346543 0 23 3 1
477879 0 23 3 1
479180 0 23 3 0
479181 0 23 3 0
479182 0 23 3 0
478918 1 24 3 1
478182 1 24 3 0
478313 1 24 2 3
459459 1 24 2 3
459458 0 24 3 3
478183 0 24 3 0
478310 0 24 3 3
478314 0 24 3 3
478917 0 24 3 1
478919 0 24 3 1
477584 1 25 2 3
477582 0 25 3 3
477583 0 25 3 3
478505 1 26 2 1
460367 1 26 2 0
459298 1 26 2 0
287041 1 26 2 1
287039 0 26 3 1
287042 0 26 3 1
287043 0 26 3 1
287044 0 26 3 1
460371 0 26 3 0
478502 0 26 3 1
478503 0 26 3 1
478506 0 26 3 1
478507 0 26 3 1
478190 1 27 3 1
459299 1 27 3 0
459300 1 27 3 0
478192 0 27 3 1
308890 1 28 3 4
478178 1 28 2 1
308889 0 28 3 4
460367 0 28 3 3
478177 0 28 3 1
478179 0 28 3 1
347290 1 29 3 1
478483 1 29 2 1
452407 1 29 2 3
347288 0 29 3 1
347291 0 29 3 1
347292 0 29 3 1
347294 0 29 3 1
478484 0 29 3 1
478458 1 30 3 3
459297 1 30 3 0
478376 1 30 2 1
477700 1 30 2 3
479148 1 30 1 1
477699 0 30 3 3
477701 0 30 3 3
478377 0 30 3 1
478453 0 30 3 3
478457 0 30 3 3
479146 0 30 3 1
479147 0 30 3 1
478077 1 31 3 3
339048 1 31 2 3
339046 0 31 3 3
339047 0 31 3 3
339049 0 31 3 3
459299 1 31 3 0
476544 1 32 3 3
478040 1 32 2 1
478288 1 32 1 4
479147 0 32 3 0
479148 0 32 3 0
347401 1 33 3 1
452408 1 33 2 3
478041 1 33 3 1
478244 1 34 3 4
287046 1 34 3 3
479144 1 34 2 3
287045 0 34 3 3
347399 1 34 3 1
347402 1 34 3 1
347403 1 34 3 1
479142 0 34 3 3
479143 0 34 3 3
479145 0 34 3 3
346101 1 36 3 1
347291 1 36 2 2
346099 0 36 3 1
346100 0 36 3 1
346104 0 36 3 1
347288 0 36 3 2
347289 0 36 3 2
347290 0 36 3 2
347292 0 36 3 2
347294 0 36 3 2
347293 0 37 13 3
345951 1 37 4 0
478800 1 37 2 3
477431 1 37 1 1
477433 0 37 3 1
346096 1 38 3 3
460304 1 38 2 1
460596 1 38 1 1
347288 1 38 3 3
347290 1 38 3 3
347292 1 38 3 3
347294 1 38 3 3
460594 0 38 3 1
460597 0 38 3 1
460956 1 39 3 1
459651 1 39 2 1
459652 0 39 3 1
460954 0 39 3 1
460844 1 40 3 3
460842 1 40 2 1
460679 1 40 2 1
460103 1 40 2 1
346461 1 40 2 1
346462 0 40 3 1
346463 0 40 3 1
347289 0 40 3 3
347290 0 40 3 3
347292 0 40 3 3
460106 0 40 3 1
460107 0 40 3 1
460680 0 40 3 1
460681 0 40 3 1
460843 0 40 3 3
478351 1 41 2 3
477924 1 41 2 1
460538 1 41 2 3
460539 0 41 3 3
346193 1 42 4 1
478353 1 42 2 3
422342 1 42 2 3
477713 1 42 1 1
422339 0 42 3 3
422341 0 42 3 3
477716 0 42 3 1
345922 1 43 3 1
477877 1 43 2 3
459643 1 43 2 1
460900 1 43 1 1
345923 0 43 3 1
345925 0 43 3 1
346194 1 43 3 1
346196 1 43 3 1
346197 1 43 3 1
459644 0 43 3 1
459645 0 43 3 1
460901 0 43 3 1
477875 0 43 3 3
460444 1 44 3 3
460442 0 44 3 3
460443 0 44 3 3
460445 0 44 3 3
305573 1 45 3 2
477875 1 46 1 1
220806 0 46 3 2
220807 0 46 3 2
220809 0 46 3 2
477876 0 46 3 1
477878 0 46 3 1
478341 1 48 4 1
477717 1 48 3 3
477714 0 48 3 3
477715 0 48 3 3
478342 1 49 3 1
478343 1 49 3 1
478344 1 49 3 1
478386 1 51 3 1
457952 1 52 2 0
457953 0 52 3 0
457954 0 52 3 0
478388 1 52 3 1
478389 1 52 3 1
477486 1 55 2 1
305578 1 55 2 1
305580 0 55 3 1
305581 0 55 3 1
477488 0 55 3 1
477489 0 55 3 1
478389 0 56 3 3
478386 0 56 3 3
478387 0 56 3 3
478388 0 56 5 3
306580 1 57 1 1
306774 1 58 4 1
305805 1 58 2 1
305578 1 58 3 3
305579 1 58 3 3
305807 0 58 3 1
477949 1 59 3 1
306776 1 59 3 1
306502 1 60 3 0
305560 1 61 3 1
305579 1 61 1 1
305578 0 61 3 1
305580 0 61 3 1
306503 1 61 3 0
306506 1 61 3 0
305382 1 62 4 1
307372 1 62 1 1
305559 1 62 3 1
307371 0 62 3 1
307374 0 62 3 1
307375 0 62 3 1
307377 0 62 3 1
307267 1 63 2 3
305383 1 63 3 1
306775 1 64 2 3
307313 1 64 1 1
306776 0 64 3 3
307314 0 64 3 1
307374 1 65 2 1
306504 1 65 2 1
305329 1 65 1 1
305330 0 65 3 1
305331 0 65 3 1
307373 0 65 3 1
307375 0 65 3 1
307034 0 66 5 1
306387 1 66 3 1
28545 1 66 3 2
28544 0 66 3 2
306386 0 66 3 1
306388 0 66 3 1
306502 1 66 3 1
306503 1 66 3 1
306776 1 67 2 3
305117 1 67 2 1
305119 0 67 3 1
306775 0 67 3 3
307032 1 67 4 1
307035 1 67 3 1
307036 1 67 3 1
305640 1 68 3 3
307033 0 68 3 1
307035 0 68 3 1
307190 0 68 3 1
306676 1 69 2 1
306279 1 69 2 1
305504 1 69 2 1
305503 0 69 3 1
305505 0 69 3 1
306280 0 69 3 1
306282 0 69 3 1
306725 1 70 3 1
305779 1 70 3 1
305530 1 70 2 1
305781 0 70 3 1
306723 0 70 3 1
306724 0 70 3 1
306726 0 70 3 1
305939 0 71 4 1
305938 0 71 4 1
305941 0 71 3 1
305532 1 72 3 3
305722 1 72 2 3
305447 1 72 2 1
305530 0 72 3 3
305531 0 72 3 3
305941 0 72 3 1
307186 1 73 2 3
307187 0 73 3 3
306088 1 74 2 1
306090 0 74 3 1
374850 1 78 2 3
307118 1 78 1 4
374851 0 78 3 3
131854 1 80 2 3
131853 0 80 3 3
131855 0 80 3 3
