243138 9
243139 9
244402 10
244404 10
244406 10
322789 10
460982 11
460983 11
460984 11
538174 11
35009 12
292524 12
292525 12
292526 12
292529 12
292530 12
109952 13
109953 13
545854 13
545855 13
34336 14
291221 14
291223 14
291621 14
291100 15
290332 16
290334 16
290336 16
293073 16
293074 16
293077 16
244895 17
244896 17
244899 17
291620 17
33507 18
33508 18
202895 18
290558 18
290559 18
290980 19
290981 19
291372 19
244559 20
244562 20
33503 21
33504 21
33505 21
33506 21
291309 21
291311 21
291312 21
550491 22
550492 22
290331 23
290333 23
290336 23
291942 23
291943 23
244561 24
244872 24
272133 24
272137 24
292745 24
290822 26
290823 26
290824 26
291258 26
291310 26
243822 27
292988 27
292989 27
243819 28
243821 28
290444 28
290445 28
291261 28
291579 28
291581 28
291778 28
402464 28
402465 28
290372 29
290374 29
292208 29
292990 30
324904 30
290332 31
290334 31
290336 31
292793 31
291775 33
291776 33
291777 33
293163 37
293164 37
293167 37
290729 40
290731 40
292535 40
292536 40
291797 43
291798 43
292366 44
