66328 10
66329 10
220830 10
274670 10
274674 10
274675 10
274676 10
282805 11
282806 11
282809 11
419510 12
419512 12
419513 12
422188 13
420330 14
420331 15
420384 15
420381 16
420382 16
420385 16
419509 19
419512 19
420490 20
420492 20
420488 21
420489 21
420491 21
420639 21
419140 26
419141 26
420690 26
420692 26
419110 27
419413 28
419444 28
419445 28
420059 28
420061 28
420062 28
420451 28
420535 28
419505 29
420536 32
420710 32
420711 32
420351 33
420353 33
517623 35
517625 35
302552 36
302555 36
420508 40
