274809 9
215739 10
215740 10
228251 10
319749 10
319751 10
319752 10
360871 10
360873 10
530502 10
530503 10
475491 11
228248 12
228250 12
321003 12
229397 14
229398 14
227964 16
227965 16
321002 16
93402 17
290405 17
290408 17
448796 17
448797 17
448799 17
292059 19
292612 19
292614 19
292615 19
290406 21
290407 21
291899 21
293213 21
293214 21
290665 22
290666 22
290889 22
290891 22
291011 22
291318 23
291319 23
291320 23
228254 24
228255 24
293010 24
293012 24
293013 24
293015 24
7628 25
7630 25
291898 25
291001 26
291004 26
291005 26
292857 27
292860 27
290481 28
290485 28
293011 28
293014 28
47002 29
291397 29
371555 29
371556 29
121467 30
292591 31
292592 31
292593 31
292595 31
121469 35
121470 35
292545 35
292546 35
292547 35
292548 35
292549 35
292985 35
292986 35
292988 35
290581 37
290798 37
290799 37
292989 37
292990 37
371277 37
371278 37
371281 37
371276 38
371280 38
291091 40
291093 40
290874 43
290875 43
419719 43
291965 44
291967 44
291058 45
291059 45
292179 45
124498 46
124501 46
290731 48
290733 48
114873 50
290377 50
290380 50
290450 50
290451 50
290518 50
290732 50
291614 50
292173 50
292405 51
292407 51
128043 52
128045 52
291653 52
292675 52
290738 54
293197 54
291553 55
291554 55
291717 55
291719 55
291720 55
292189 55
290907 56
290908 56
290699 58
291037 58
291206 58
291208 58
291452 58
292649 58
292651 58
292035 59
292036 59
292037 59
293205 59
293206 59
293208 59
290737 60
290320 61
290530 62
290531 62
290532 62
291205 62
291209 62
291176 63
340420 63
340421 63
291139 64
291140 64
340419 64
291119 65
291120 65
291657 65
291660 65
290713 66
291208 66
291434 66
291437 66
291438 66
292275 66
134306 67
290512 67
291092 67
291093 67
291174 67
291177 67
291178 67
292044 67
290793 68
291145 68
292030 68
292031 68
290790 69
291123 69
292033 69
496313 69
291116 70
291196 70
292581 70
292582 70
292583 70
290794 71
290796 71
290797 71
290798 71
290881 72
290882 72
438358 72
438360 72
438362 72
438363 72
280010 73
323489 73
291197 74
292442 74
26205 75
292984 75
292985 75
292987 75
438359 76
438361 76
531926 76
292681 77
292682 77
292684 77
292470 78
292472 78
292473 78
291265 80
291393 83
292839 83
291394 87
115762 89
132581 89
