464576 2 1 1 0
23019 3 2 2 0
283621 3 2 3 0
367797 3 2 1 0
473490 3 2 3 0
163600 4 3 3 1
471824 4 3 1 0
461111 5 3 1 0
536437 6 2 1 0
459680 7 2 3 1
347347 8 4 1 0
367798 8 3 1 0
459799 8 2 1 0
460656 8 2 4 1
460997 8 3 1 0
459524 9 4 1 0
460607 9 2 4 0
477900 9 2 1 0
479048 9 4 1 0
459525 11 2 1 0
477588 11 2 1 0
478400 11 3 1 0
346003 12 1 1 0
347345 12 3 1 0
459798 12 2 1 0
459800 12 3 3 0
477598 12 3 1 0
158965 13 4 1 0
347051 13 4 1 0
347053 13 2 3 0
477480 13 3 1 0
460353 14 2 2 0
477772 14 2 1 0
479099 14 3 1 0
346005 15 2 3 0
346700 15 2 4 0
442325 15 2 3 0
477600 15 3 3 0
477896 15 3 1 0
478530 15 3 1 0
479160 15 2 3 0
158969 16 3 4 0
459972 16 2 1 0
477591 16 3 3 0
478061 16 3 2 0
478340 16 4 3 0
478497 16 4 1 0
450561 17 4 3 0
459538 17 2 1 0
460601 17 2 1 0
477771 17 3 1 1
478451 17 4 2 0
479083 17 3 1 0
479100 17 2 1 0
458377 18 4 3 0
459459 18 3 3 1
460388 18 2 3 0
478461 18 3 1 0
478592 18 3 1 0
479032 18 3 3 0
479098 18 2 1 0
479111 18 3 1 0
505374 18 3 3 0
550289 18 4 3 0
219244 19 3 3 0
352902 19 3 2 1
455807 19 3 3 0
456525 20 3 3 0
477798 20 2 1 0
478455 20 3 1 0
479087 20 3 3 0
479158 20 4 1 0
459497 21 4 3 0
347945 22 3 1 0
456524 22 3 2 0
478462 22 2 2 0
460410 23 3 1 1
461159 25 2 1 0
459540 26 3 3 1
198330 27 4 3 0
291405 27 3 2 0
459539 27 4 1 0
346329 28 4 1 0
346326 29 2 1 0
459959 30 3 3 0
460217 31 2 1 0
459911 32 4 1 0
460673 34 3 3 0
460553 35 3 1 0
461046 36 4 1 0
461049 38 3 3 0
460554 40 3 3 0
460216 41 4 1 0
365099 45 4 3 0
