559326 1 3 3 0
233713 1 3 3 3
559327 0 3 5 0
559328 0 3 5 0
433029 1 4 2 4
318361 1 4 2 1
281898 1 4 2 1
214792 1 4 2 1
18354 1 4 2 3
214790 0 4 5 1
214793 0 4 5 1
214794 0 4 5 1
233712 1 4 5 3
281900 0 4 5 1
318359 0 4 5 1
318360 0 4 5 1
318363 0 4 5 1
100586 1 5 1 1
49054 1 5 1 3
49053 0 5 5 3
100587 0 5 5 1
100589 0 5 5 1
317048 1 6 3 1
317050 0 6 5 1
560292 0 6 5 4
84750 1 7 2 4
318360 0 7 5 0
318363 0 7 5 0
229467 1 8 3 1
560418 1 8 2 4
229465 0 8 5 1
229466 0 8 5 1
229469 0 8 5 1
448595 1 9 3 2
228009 1 9 2 3
84724 1 9 2 2
84721 0 9 5 2
84725 0 9 5 2
84726 0 9 7 2
84721 0 11 5 3
84724 0 11 5 3
84725 0 11 5 3
282474 1 14 1 0
282475 0 14 5 0
282120 1 15 3 0
282121 0 15 5 0
282122 0 15 5 0
282177 1 17 3 1
282252 1 18 2 1
282253 0 18 5 1
281717 1 20 2 3
282264 1 21 3 3
282370 1 22 2 3
282367 0 22 5 3
282366 1 26 2 1
282369 0 26 5 1
282370 0 26 5 1
282371 0 26 5 1
282368 0 27 5 2
282370 0 27 5 2
282371 0 27 5 2
169718 1 30 2 4
379056 1 34 2 3
379051 0 34 5 3
379052 0 34 5 3
379053 0 34 5 3
379055 0 34 5 3
199509 1 35 3 2
506712 1 38 3 2
506711 0 38 7 2
506713 0 38 5 2
506714 0 38 7 2
335758 1 41 3 3
335759 0 41 5 3
527083 1 44 3 3
527080 0 44 5 3
527082 1 50 2 1
525441 1 57 3 1
525442 0 57 5 1
525443 0 57 5 1
