66332 4 3 3 0
179002 4 3 3 0
220831 4 3 3 0
179918 5 4 3 0
274671 5 4 1 0
360624 5 4 2 0
282808 6 5 3 0
419509 6 2 1 0
422187 7 2 3 1
179923 8 2 3 0
214754 8 4 3 0
419108 8 1 1 0
420328 8 3 1 0
115997 10 2 1 0
116387 10 3 1 0
420033 11 2 1 0
420680 12 2 1 0
117487 13 4 1 0
420608 13 3 1 0
117488 14 3 1 0
419465 14 2 1 0
419941 14 2 1 0
419514 15 4 3 0
420689 15 3 1 0
115619 16 3 1 0
419971 16 2 1 0
117489 17 2 3 0
419949 18 3 1 0
116485 19 4 2 0
116966 19 2 4 0
117470 19 1 1 0
420684 19 4 1 0
116248 20 4 1 0
116572 20 4 1 0
117125 20 3 1 0
292818 21 3 4 0
419756 21 2 3 0
115763 22 3 1 0
116372 22 3 1 0
116440 22 3 1 0
115620 23 4 3 0
115766 23 2 3 0
116845 23 3 1 0
116847 23 2 3 0
117180 23 3 1 0
240656 24 3 3 0
253361 24 2 2 1
116640 25 2 1 0
117162 25 3 1 0
116221 26 3 1 0
116846 26 4 1 0
117425 26 3 1 0
419749 26 4 3 0
116446 27 4 1 0
116839 27 3 3 0
115762 28 4 3 0
117031 28 3 1 0
116591 31 3 1 0
117177 32 1 0 0
117526 32 3 1 0
116716 33 4 1 0
117179 33 2 1 0
115920 34 2 1 0
115924 37 4 4 0
472911 38 4 3 0
117506 40 2 4 0
116164 42 2 3 0
117527 42 4 1 0
116234 43 1 1 0
116238 43 3 3 1
117505 43 2 3 1
457010 43 1 1 0
116237 45 2 1 0
455460 45 3 2 1
457009 46 2 1 0
456160 47 1 1 1
456375 47 3 3 0
456162 48 3 3 0
456532 48 2 3 0
456147 49 4 1 0
455379 55 2 1 0
456909 56 1 1 1
457053 56 2 3 1
456477 58 3 0 0
456907 58 2 1 0
456319 59 3 1 0
455053 61 3 1 0
455613 61 2 1 0
456351 61 2 1 0
456373 61 3 1 0
455266 62 4 1 0
455347 62 2 1 0
455826 62 2 1 0
456677 62 2 1 0
456926 62 2 3 0
456265 63 3 1 0
457039 63 3 1 0
456082 64 2 1 0
456925 64 4 3 0
456933 64 2 4 0
455141 65 3 1 0
455822 65 2 0 0
456350 65 3 1 0
456371 65 3 0 0
455606 66 4 3 0
457041 66 3 1 0
301276 67 3 2 0
455350 67 4 1 0
455828 67 2 1 0
455140 68 3 1 0
457044 68 4 1 0
455563 69 3 4 1
455780 69 3 1 1
455136 70 3 1 0
456191 70 3 2 0
456046 71 3 4 0
456918 71 3 1 0
457045 71 3 1 0
455344 72 3 1 0
455827 73 4 1 0
456006 73 1 1 0
456192 73 2 2 1
456200 73 4 1 0
541885 73 3 1 0
455588 74 3 2 0
455808 74 2 1 0
456134 75 4 1 0
456301 75 3 1 0
456631 75 3 1 0
457047 75 3 3 0
455077 76 4 1 0
541664 76 2 1 0
455101 77 3 3 1
455425 77 4 1 0
456130 77 3 1 0
456335 77 2 3 0
456627 77 3 1 1
541430 77 4 1 0
455912 78 4 1 0
456530 78 2 1 0
455111 79 3 2 0
455823 79 3 1 0
456355 79 2 1 0
456630 80 3 3 0
455130 81 2 3 0
456565 81 4 1 0
240395 85 3 3 0
455129 88 3 3 1
144627 90 2 3 0
455133 93 3 0 0
542009 93 2 3 0
541300 103 1 1 0
