220831 1 4 2 3
179002 1 4 2 3
66332 1 4 2 3
66328 0 4 3 3
220830 0 4 3 3
274670 0 4 3 1
274674 0 4 3 1
274675 0 4 3 1
360624 1 5 1 2
274671 1 5 1 1
179918 1 5 1 3
179919 0 5 3 3
419509 1 6 3 1
282808 1 6 0 3
419510 0 6 3 1
419511 0 6 3 1
419512 0 6 3 1
419514 0 6 3 1
422187 1 7 3 3
419108 1 8 4 1
179923 1 8 3 3
420328 1 8 2 1
214754 1 8 1 3
179921 0 8 3 3
419105 1 9 3 1
419107 1 9 3 1
115997 1 10 3 1
116387 1 10 2 1
116390 0 10 3 1
420033 1 11 3 1
420035 0 11 3 1
420036 0 11 3 1
420680 1 12 3 1
419105 0 12 3 1
420681 0 12 3 1
420682 0 12 3 1
420685 0 12 3 1
420608 1 13 2 1
117487 1 13 1 1
117486 0 13 3 1
117488 0 13 4 1
420607 0 13 3 1
419941 1 14 3 1
419465 1 14 3 1
117486 0 14 3 1
117487 0 14 3 1
117490 0 14 3 1
419464 0 14 3 1
420689 1 15 2 1
419514 1 15 1 3
419511 0 15 3 3
419512 0 15 3 3
419513 0 15 3 3
420688 0 15 3 1
420690 0 15 3 1
420691 0 15 3 1
419971 1 16 3 1
115619 1 16 2 1
115618 0 16 3 1
115620 0 16 3 1
115621 0 16 3 1
419972 0 16 3 1
419974 0 16 3 1
117489 1 17 3 3
117486 0 17 3 3
419949 1 18 2 1
419952 0 18 3 1
117470 1 19 4 1
116966 1 19 3 4
420684 1 19 1 1
116485 1 19 1 2
116484 0 19 3 2
420681 0 19 3 1
420686 0 19 3 1
117125 1 20 2 1
116572 1 20 1 1
116248 1 20 1 1
115619 0 20 3 0
117124 0 20 3 1
117126 0 20 3 1
117127 0 20 3 1
117128 0 20 3 1
117471 1 20 3 1
117473 1 20 3 1
117474 1 20 3 1
419756 1 21 3 3
292818 1 21 2 4
116440 1 22 2 1
116372 1 22 2 1
115763 1 22 2 1
116373 0 22 3 1
116374 0 22 3 1
115766 1 23 3 3
117180 1 23 2 1
116845 1 23 2 1
115620 1 23 1 3
115621 0 23 3 3
115765 0 23 3 3
116847 0 23 5 1
117177 0 23 3 1
117179 0 23 3 1
253361 1 24 3 2
240656 1 24 2 3
116640 1 25 3 1
117162 1 25 2 1
116642 0 25 3 1
117425 1 26 2 1
116221 1 26 2 1
419749 1 26 1 3
116846 1 26 1 1
116839 1 27 2 3
116446 1 27 1 1
116448 0 27 3 1
116449 0 27 3 1
116450 0 27 3 1
116838 0 27 3 3
116840 0 27 3 3
117426 1 27 3 1
117031 1 28 2 1
115762 1 28 1 3
117030 0 28 3 1
117192 0 30 3 1
116591 1 31 2 1
116593 0 31 3 1
117177 0 32 4 1
117526 1 32 2 1
117529 0 32 3 1
116716 1 33 1 1
117179 1 33 5 0
117182 1 33 3 0
115920 1 34 3 1
115918 0 34 3 1
115919 0 34 3 1
115921 0 34 3 1
115924 1 37 1 4
115923 0 37 3 4
472911 1 38 1 3
117506 1 40 3 4
117505 0 40 3 4
116164 1 42 3 3
117527 1 42 1 1
116163 0 42 3 3
117526 0 42 3 1
457010 1 43 4 1
116234 0 43 5 1
117505 1 43 3 3
116238 1 43 2 3
117506 0 43 3 3
116235 1 44 3 1
116236 1 44 3 1
116237 1 44 4 3
116239 1 44 3 3
455460 1 45 2 2
116235 0 45 3 1
457009 1 46 3 1
456160 0 47 4 3
456375 1 47 2 3
456532 1 48 3 3
456162 1 48 2 3
456158 1 48 3 1
456161 1 48 3 1
456161 0 48 3 3
456530 0 48 3 3
456531 0 48 3 3
456147 1 49 1 1
456149 0 49 3 1
455379 1 55 3 1
456909 1 56 4 1
457053 1 56 3 3
457054 0 56 3 3
456907 1 57 4 1
456477 1 58 2 0
456319 1 59 2 1
456478 1 59 3 0
456479 0 59 3 2
456481 0 59 3 2
456910 1 59 3 1
456348 0 60 3 1
456349 0 60 3 1
456351 1 61 3 1
455613 1 61 3 1
456373 1 61 2 1
455053 1 61 2 1
456371 0 61 3 1
456372 0 61 3 1
456374 0 61 3 1
456375 0 61 3 1
456926 1 62 3 3
456677 1 62 3 1
455826 1 62 3 1
455347 1 62 3 1
455266 1 62 1 1
455052 1 62 3 1
455056 1 62 3 1
455267 0 62 3 1
456675 0 62 3 1
456921 0 62 3 3
457039 1 63 2 1
456265 1 63 2 1
455345 1 63 3 1
455346 1 63 3 1
455348 1 63 3 1
456266 0 63 3 1
457040 0 63 3 1
457042 0 63 3 1
456933 1 64 3 4
456082 1 64 3 1
456925 1 64 1 3
456920 0 64 3 3
456921 0 64 3 3
456923 0 64 3 3
456924 0 64 3 3
455822 1 65 3 0
456371 1 65 2 0
456350 1 65 2 1
455141 1 65 2 1
455140 0 65 3 1
455142 0 65 3 1
455143 0 65 3 1
455602 0 65 3 3
455605 0 65 3 3
456083 1 65 3 1
456084 1 65 3 1
456372 0 65 3 0
456374 0 65 3 0
457041 1 66 2 1
455606 1 66 1 3
455823 1 66 3 0
455828 1 67 3 1
301276 1 67 2 2
455350 1 67 1 1
455351 0 67 3 1
455352 0 67 3 1
457039 1 67 3 1
455140 1 68 2 1
457044 1 68 1 1
455139 0 68 3 1
455780 1 69 2 1
455563 1 69 2 4
455781 0 69 3 1
456191 1 70 2 2
455136 1 70 2 1
455137 0 70 3 1
457045 1 71 2 1
456918 1 71 2 1
456046 1 71 2 4
456848 0 71 3 3
457044 0 71 3 1
457046 0 71 3 1
455344 1 72 2 1
455346 0 72 3 1
455348 0 72 3 1
455100 0 73 13 3
456006 1 73 4 1
456192 1 73 3 2
541885 1 73 2 1
456200 1 73 1 1
455827 1 73 1 1
455828 0 73 3 1
456199 0 73 3 1
541887 0 73 3 1
455808 1 74 3 1
455588 1 74 2 2
455030 0 74 3 1
455101 1 74 3 3
455811 0 74 3 1
456008 1 74 3 1
457047 1 75 2 3
456631 1 75 2 1
456301 1 75 2 1
456134 1 75 1 1
456135 0 75 3 1
456303 0 75 3 1
457044 0 75 3 3
457046 0 75 3 3
541664 1 76 3 1
455077 1 76 1 1
456634 1 76 3 1
456635 1 76 3 1
456335 1 77 3 3
456627 1 77 2 1
456130 1 77 2 1
455101 1 77 2 3
541430 1 77 1 1
455425 1 77 1 1
455098 0 77 3 3
455099 0 77 3 3
455426 0 77 3 1
456131 0 77 3 1
456630 0 77 3 1
541428 0 77 3 1
541663 1 77 3 1
541665 1 77 3 1
456530 1 78 3 1
455912 1 78 1 1
455913 0 78 3 1
455914 0 78 3 1
456531 0 78 3 1
456355 1 79 3 1
455823 1 79 2 1
455111 1 79 2 2
455107 0 79 3 2
455108 0 79 3 2
455110 0 79 3 2
455113 0 79 3 2
456630 1 80 2 3
455825 1 80 3 1
456628 0 80 3 3
455130 1 81 3 3
456565 1 81 1 1
456568 0 81 3 1
456570 0 81 3 1
456141 0 83 3 1
240395 1 85 2 3
455129 1 88 2 3
455127 0 88 3 3
144627 1 90 3 3
542009 1 93 3 3
455133 1 93 2 0
455134 0 93 3 0
455137 0 93 3 0
455138 0 93 3 0
541300 1 103 4 1
542007 1 94 3 3
