147624 7
478646 7
517119 7
517122 7
517123 7
229066 8
229067 8
229068 8
229069 8
457050 8
333110 10
277075 11
479114 12
384462 13
277073 15
34532 16
384460 16
384461 16
384463 16
277080 18
406611 19
276518 20
277168 21
277932 21
129023 24
277583 24
276219 25
276224 25
277745 25
340885 25
340886 25
277562 26
277568 26
277909 26
276196 27
277482 27
340887 27
340888 27
340890 27
252563 28
252565 28
252566 28
276197 28
276198 28
276369 28
276674 28
276947 28
276247 29
251994 30
251998 30
276453 30
276610 30
276612 30
277678 30
277679 30
276370 31
276371 31
277257 31
277292 31
253266 32
276945 32
276947 32
276949 32
277360 32
252285 33
253024 33
276954 33
276955 33
276956 33
277252 33
277256 33
341300 33
341302 33
12753 34
277449 34
251565 35
252482 35
252483 35
252861 35
252863 35
253340 35
253342 35
253344 35
277362 35
252676 36
252678 36
252680 36
252681 36
277045 36
277514 36
341456 36
341458 36
20898 37
251268 37
251269 37
251270 37
277345 37
277348 37
277573 37
341457 37
251706 38
251711 38
252152 38
252154 38
277859 38
341810 38
342352 38
342353 38
147500 39
251567 39
251709 39
252286 39
252287 39
252288 39
277012 39
277014 39
277700 39
252188 40
252941 40
276927 40
342491 40
167270 41
167273 41
251556 41
251561 41
251618 41
251710 41
276784 41
276786 41
276787 41
276788 41
340919 41
340924 41
251455 42
251457 42
251805 42
253091 42
276391 42
341315 42
341317 42
342496 42
342500 42
342501 42
251282 44
251707 44
251708 44
251711 44
252940 44
252942 44
277696 44
277699 44
251557 45
251558 45
23758 46
252506 46
251556 47
252822 47
252823 47
252825 47
256590 47
53516 48
252358 48
277383 49
252355 50
252357 50
252564 51
252566 51
251391 52
251374 53
251966 53
252661 53
253010 53
310560 53
252822 55
252823 55
277161 55
351474 56
276868 57
276869 57
136861 58
136864 58
279940 58
350322 59
277867 61
344428 61
252761 64
252764 64
277042 64
49068 65
49071 65
351474 65
217553 66
217555 66
252437 66
252440 66
396341 66
396342 66
396344 66
253282 68
253286 68
252762 69
251440 70
251442 70
253364 70
253368 70
255313 70
278769 70
350320 70
245584 71
245585 71
245587 71
252437 71
252439 71
252441 71
252442 71
252443 71
252764 71
252765 71
351783 71
252472 72
252473 72
351296 72
9088 73
253284 73
252966 74
252968 74
322991 74
322992 74
64001 76
251534 76
252275 76
252277 76
143752 77
251390 77
395922 77
252767 78
252768 78
292664 78
396175 78
396439 78
64003 79
395877 79
395880 79
396218 79
396411 79
396416 79
406375 79
396280 80
397008 80
396438 81
243717 82
243718 82
243720 82
251270 82
292663 82
351523 82
351524 82
395468 82
395469 82
395470 82
395878 82
395881 82
396196 82
396197 82
396425 82
396777 82
396778 82
251523 83
323349 83
397009 83
45166 84
45167 84
253041 84
351171 84
351174 84
395454 84
396424 84
396426 84
396577 84
396579 84
351259 85
351261 85
397010 85
397011 85
323354 86
351599 86
396126 86
396127 86
396413 86
396416 86
120199 87
120201 87
351130 87
351133 87
253208 88
263990 88
396486 88
396488 88
396489 88
397002 88
253400 89
350788 89
350789 89
350790 89
350911 89
350912 89
350914 89
351173 89
395571 89
252570 90
395355 90
395359 90
395361 90
395815 90
251913 91
252891 91
396182 91
396786 91
396787 91
395671 92
396143 92
396144 92
395668 94
395670 94
396785 94
552306 94
251763 96
251764 96
396368 96
396369 96
396370 96
396509 96
396510 96
350715 97
395552 97
395553 97
396359 97
396646 97
396647 97
396142 98
396144 98
395361 99
395362 99
350869 100
395657 100
395659 100
396218 100
396508 100
251419 101
396373 101
396374 101
92243 102
92244 102
252115 102
252117 102
396142 102
396143 102
396494 103
396496 103
396497 103
397057 103
252208 105
350249 105
350252 105
350278 105
395472 105
395473 105
395474 105
396372 107
350934 108
291208 110
291209 110
350272 110
350273 110
350275 110
252142 111
252144 111
252143 112
350208 112
350211 112
350212 112
350213 112
396091 112
396466 112
291867 113
291868 113
292989 113
395862 114
395863 114
395802 115
290905 118
350382 118
350383 118
350500 118
350501 118
350502 118
350166 119
395411 119
293135 123
293138 123
351146 123
350168 125
350170 125
350336 125
350339 125
395285 126
350831 129
350836 129
291294 130
291298 130
350537 130
350539 130
351149 131
350897 132
350900 132
351405 133
351407 133
108441 134
144471 134
144472 134
144473 134
350536 134
350540 134
350569 134
292464 135
292465 135
350165 135
350167 135
350169 135
290495 136
291156 137
293043 137
293046 137
293205 137
293044 140
293065 140
293066 140
293067 140
291783 142
291785 142
291786 142
292193 142
421862 142
290743 144
290748 144
37170 145
37172 145
291369 145
292478 145
290744 146
291712 146
291714 146
292953 147
291311 148
291312 148
273542 150
290743 150
290744 150
290746 150
276002 151
292712 151
292714 151
292715 151
292716 151
292713 152
292821 152
290743 154
290744 154
290747 154
292078 154
292079 154
460866 155
190029 156
291358 156
291360 156
292291 159
292634 159
464622 159
508851 160
290681 161
290760 161
290764 161
290766 161
290930 162
290931 162
460433 162
290343 165
291952 166
292709 166
460389 166
460390 166
460924 167
290759 168
460919 168
290332 169
290344 169
459859 170
290330 172
290331 172
459597 172
459598 172
292431 173
291225 174
291226 174
292869 174
553787 174
553789 174
290565 175
291568 175
460072 175
460073 175
460074 175
254057 176
254058 176
460906 176
553788 176
292738 177
292087 179
292092 179
292662 179
459141 179
459176 179
459178 179
51219 180
292736 180
207013 182
207016 182
139450 183
290552 183
290498 190
292986 191
293212 191
146207 194
459868 194
101475 195
309730 201
143751 336
