18354 1 3 6 3 0
49054 1 2 6 3 0
84619 0 6 6 4 0
100586 1 2 6 1 0
102512 0 6 6 3 0
153270 0 6 6 3 0
214792 1 3 6 1 0
215309 0 6 6 4 1
228007 0 6 6 3 0
233713 1 4 6 3 1
247867 0 6 6 3 0
273694 0 6 6 2 0
281898 1 3 6 1 0
318361 1 3 6 1 0
356114 0 6 6 3 0
358992 0 6 6 3 0
382743 0 6 6 3 0
433029 1 3 6 4 1
499241 0 6 6 3 0
559326 1 4 6 0 0
228005 0 6 7 1 0
273343 0 6 8 4 0
318359 1 2 8 0 0
433033 0 6 8 0 0
560291 0 6 8 4 1
49048 0 6 9 3 0
84750 1 3 9 4 0
317048 1 4 9 1 0
282786 0 6 10 1 0
291827 0 6 10 2 0
560416 0 6 10 4 1
282782 0 6 11 3 0
292743 0 6 11 3 0
317052 0 6 12 3 1
318360 0 6 12 1 0
544719 1 4 12 3 0
108093 1 3 15 3 1
282785 0 6 15 1 0
317050 0 6 18 1 0
353983 0 6 19 3 0
317049 0 6 20 1 0
282789 0 6 21 3 0
317147 1 3 22 3 0
317960 1 3 22 3 0
317146 0 6 25 2 0
317870 1 3 25 2 0
317868 1 3 26 2 0
282336 1 2 27 2 0
317148 1 2 27 3 0
317865 1 4 28 1 0
317961 1 3 28 3 0
318788 1 2 29 4 0
317864 1 3 30 0 0
317366 1 3 31 3 0
99534 0 6 32 3 0
193938 1 5 33 2 0
317365 0 6 33 3 0
555572 1 2 33 3 0
317363 0 6 34 0 0
193936 0 6 36 1 0
193933 0 6 37 3 0
193941 1 3 37 3 0
317361 0 6 37 3 0
193970 0 6 38 3 0
520323 0 6 38 3 0
193935 1 3 39 1 0
193942 0 6 41 3 0
194682 0 6 42 1 0
193943 0 6 45 3 0
324567 1 5 45 3 1
194684 1 3 46 1 0
194546 1 2 47 1 0
134787 0 6 48 3 0
194558 1 3 49 1 0
194544 0 6 50 0 0
194617 0 6 50 1 0
194676 1 2 50 1 0
194157 1 3 51 1 1
193686 1 2 52 1 0
193774 0 6 52 1 0
193795 0 6 52 1 0
194545 0 6 52 0 0
194548 1 2 52 3 0
194610 0 6 53 1 0
193435 1 4 54 1 0
193765 0 6 54 1 0
193792 0 6 54 0 0
193883 0 6 54 1 0
194331 0 6 54 1 0
194616 0 6 54 1 0
193704 0 6 55 1 0
193789 0 6 55 1 0
193793 0 6 55 1 0
193959 0 6 55 1 0
193794 0 6 56 1 0
193884 1 2 56 2 1
194028 0 6 56 3 0
194552 0 6 56 1 0
194673 1 3 56 3 0
193588 1 4 57 1 0
193617 1 4 57 1 0
193960 0 6 57 2 0
194194 0 6 57 1 0
194619 1 3 57 2 0
193317 0 6 59 1 0
193412 1 3 59 1 0
194105 0 6 59 1 0
194137 1 4 59 1 0
194195 0 6 59 1 0
193407 0 6 60 1 0
193913 1 3 60 3 0
194124 0 6 60 1 0
194196 1 4 60 1 0
194380 1 3 60 1 0
194621 0 6 60 3 1
154347 1 2 61 2 0
193416 0 6 61 3 0
193885 1 3 61 3 0
194606 0 6 61 1 0
154349 0 6 62 3 0
193616 1 3 62 1 0
528899 0 6 62 3 0
154344 0 6 63 1 0
193318 1 4 63 1 0
193619 0 6 63 2 0
194283 0 6 63 1 0
194444 0 6 63 1 0
193320 1 4 64 1 0
193413 1 4 64 1 0
193582 0 6 64 1 0
193618 0 6 64 2 0
193902 0 6 64 1 0
194199 0 6 64 3 0
194289 0 6 64 1 0
194381 0 6 64 2 0
194607 1 4 64 3 0
249703 1 4 64 3 0
154348 1 4 65 3 0
194608 0 6 65 3 1
154343 1 3 66 1 0
193584 1 4 66 2 0
193769 1 5 66 1 0
193937 0 6 66 1 0
194355 1 2 66 4 1
194629 0 6 66 1 0
440441 0 6 66 3 1
554134 0 6 66 3 0
154345 1 2 67 1 1
193522 0 6 67 3 0
193978 0 6 67 1 0
194487 0 6 67 4 0
193414 1 5 68 1 0
194615 0 6 68 1 0
193403 0 6 69 2 1
193589 0 6 69 3 0
193641 0 6 69 1 0
193979 0 6 69 3 0
193982 1 4 69 4 1
194354 1 4 69 3 0
194582 1 2 69 1 0
193427 0 6 71 1 0
193515 1 5 71 3 0
193643 1 4 71 3 0
194123 1 3 71 1 1
194618 0 6 71 1 0
193411 0 6 72 0 0
193415 1 4 72 3 0
193585 1 3 72 0 0
193587 0 6 72 1 0
193958 0 6 72 4 1
193999 1 4 72 1 0
194069 0 6 72 1 0
193365 1 3 73 1 0
193976 1 3 73 1 0
193223 0 6 74 1 0
193591 1 3 74 1 0
239729 0 6 74 3 0
20692 1 4 75 3 0
193586 0 6 75 1 0
194559 0 6 75 1 0
194578 0 6 75 4 0
194581 1 2 75 0 0
193580 1 3 76 0 0
193949 1 3 76 1 1
194414 0 6 76 4 0
193220 1 3 77 1 0
193361 1 3 77 1 0
193363 1 3 77 1 0
193388 0 6 77 1 1
193422 1 2 77 3 1
193948 0 6 77 1 0
194126 0 6 77 3 0
193312 1 5 78 1 0
193592 1 3 78 1 0
194017 0 6 78 1 0
194579 0 6 78 2 0
193119 0 6 80 2 1
193221 0 6 80 1 0
193590 0 6 80 3 1
194583 0 6 80 1 0
193367 1 3 81 3 0
193436 0 6 81 1 0
194585 0 6 81 4 0
257389 1 3 81 3 0
193114 1 3 82 2 0
193311 0 6 83 1 0
193366 0 6 83 3 0
227534 0 6 85 2 0
124919 1 2 89 3 0
192559 0 6 90 2 0
