464576 2 1 1 0
23019 3 2 2 0
283621 3 2 3 0
367797 3 2 1 0
473490 3 2 3 0
163600 4 3 3 1
471824 4 3 1 0
461111 5 3 1 0
536437 6 2 1 0
459680 7 2 3 1
347347 8 4 1 0
367798 8 3 1 0
389023 8 2 4 0
390030 8 2 1 0
460997 8 3 1 0
477480 9 3 1 0
477486 9 2 1 0
478420 11 2 1 0
367756 12 2 1 0
367799 12 4 1 1
477481 12 4 1 0
477997 12 3 1 1
346783 13 4 1 0
470385 13 3 1 0
477487 13 3 1 0
478497 13 4 1 0
478519 13 2 1 0
459525 14 4 1 0
368909 15 3 1 0
459799 15 2 1 0
478419 15 3 1 0
478741 16 4 1 0
367795 17 3 2 0
478386 17 3 1 0
479083 17 3 1 0
459716 18 4 1 0
368258 19 4 1 0
443359 19 3 3 1
477490 19 4 1 0
477626 19 4 0 0
478367 19 2 0 0
479092 19 1 0 0
478225 20 3 3 0
536197 20 3 1 0
169702 23 3 3 1
535803 23 4 1 0
535839 23 2 1 0
536676 23 2 1 0
478193 25 3 0 0
478368 25 5 2 0
535812 26 3 1 0
536094 26 1 1 0
536458 26 2 1 0
477694 27 3 0 0
535518 27 3 1 0
536162 28 3 1 0
535811 29 2 1 0
535863 29 3 1 0
535644 30 4 1 0
535816 30 3 3 0
536093 30 3 1 0
537113 31 4 1 0
536457 32 3 1 0
477695 33 4 1 0
536700 33 4 1 0
479313 34 2 1 0
480325 34 2 1 0
480930 35 1 1 0
535746 35 3 2 0
478590 37 3 1 0
536610 37 3 1 0
352713 38 3 3 0
479764 38 3 1 0
479768 38 4 1 0
479770 38 2 1 0
535745 38 2 2 0
535884 38 2 4 0
479919 39 3 0 0
480327 39 2 1 0
536242 39 3 1 0
479920 40 5 1 0
479769 41 2 1 0
479922 41 3 2 0
535748 42 3 3 0
479314 43 3 1 0
478593 44 2 3 0
478594 45 3 3 0
479777 45 2 1 0
480864 45 2 3 0
537385 45 4 3 0
479923 46 4 3 0
480355 46 2 1 0
480329 47 3 3 0
536821 48 3 1 0
536066 49 3 1 0
117186 50 3 2 0
480692 51 1 1 0
536068 51 4 3 0
481941 55 2 2 0
480390 57 3 3 0
480695 57 4 2 0
313727 61 4 3 0
480391 62 3 4 0
485239 62 4 3 0
