12264 0 6 6 3 0
23745 1 3 6 3 0
135107 0 6 6 3 0
156253 1 4 6 1 0
170835 0 6 6 2 1
177181 1 2 6 3 1
193766 0 6 6 2 0
200660 0 6 6 3 0
250431 0 6 6 1 0
285440 0 6 6 3 0
315363 1 2 6 4 1
417367 1 4 6 3 0
420321 1 3 6 4 0
446788 0 6 6 3 0
461946 0 6 6 3 0
467587 0 6 6 3 0
492188 1 3 6 3 0
514951 0 6 6 2 0
539819 1 4 6 3 0
547591 1 3 6 1 0
153836 0 6 7 2 1
163399 1 3 7 3 1
113873 0 6 8 3 0
169930 1 2 8 3 0
176689 1 1 8 4 0
157456 1 3 9 1 0
353819 0 6 9 4 0
492189 0 6 9 3 0
156256 0 6 10 3 0
163405 0 6 10 3 0
250153 1 4 10 1 0
400507 0 6 10 3 0
402351 0 6 10 3 0
524135 0 6 10 2 0
547590 0 6 10 1 0
548149 0 6 10 1 0
300202 1 3 11 3 0
310507 1 2 11 3 0
156872 1 3 12 4 1
157457 0 6 12 1 0
157458 1 2 12 3 0
548151 0 6 12 3 0
156863 0 6 13 1 0
402350 1 3 13 2 0
156255 1 4 14 3 0
156472 0 6 14 1 0
156859 1 4 14 1 0
238028 1 3 14 3 0
250154 1 3 14 3 0
353820 0 6 14 4 0
26664 1 3 15 3 1
156314 1 4 15 3 0
156423 0 6 15 1 0
155948 0 6 16 1 0
156131 0 6 16 1 0
156062 1 2 17 3 0
156422 0 6 17 1 0
156426 0 6 17 3 0
156861 0 6 17 3 0
157402 0 6 17 1 0
547120 1 2 18 4 0
156424 0 6 19 3 0
156425 0 6 19 3 0
157407 1 3 19 1 0
148522 1 4 20 3 0
156631 1 4 20 1 0
157108 0 6 20 1 0
157401 1 4 20 1 0
48747 1 4 21 3 0
157403 0 6 21 1 0
48745 1 3 22 1 0
156254 0 6 22 1 0
157400 1 4 22 1 0
156345 0 6 23 3 0
157490 1 3 23 1 0
49007 0 6 24 1 0
48549 1 3 25 1 0
49105 0 6 25 1 0
50010 1 4 25 1 0
157107 1 2 26 1 0
48730 0 6 27 2 0
49009 0 6 28 3 0
49952 1 3 28 1 0
50013 0 6 28 3 0
175082 1 3 30 3 0
50008 0 6 31 1 0
251777 1 3 31 3 0
50014 1 3 32 3 0
50012 0 6 33 3 1
523524 1 5 33 2 0
33366 1 4 34 3 0
48813 1 4 34 1 0
49010 0 6 34 3 0
208990 0 6 34 2 0
251772 1 3 34 3 0
251769 1 4 35 0 0
549668 1 3 35 3 0
48566 1 3 36 3 0
48729 0 6 36 1 0
48816 0 6 36 3 0
50006 0 6 36 3 0
33369 1 3 37 4 0
199436 1 3 37 4 0
251773 1 2 38 1 0
549673 1 4 38 1 0
17396 0 6 39 3 0
48728 1 2 39 4 0
312475 0 6 39 3 0
321109 1 4 40 2 1
359908 0 6 40 2 1
548273 1 3 40 1 0
48727 0 6 41 3 1
549952 1 4 41 1 0
548274 0 6 43 3 0
549535 1 4 43 1 0
197042 1 2 44 2 0
549067 0 6 44 1 0
549068 1 3 44 1 0
549674 1 3 44 2 0
549951 1 3 44 1 0
549536 0 6 45 1 0
549856 0 6 45 1 0
548551 0 6 46 1 0
549069 0 6 46 3 0
550037 0 6 46 1 0
548835 0 6 47 1 0
549070 1 2 47 3 0
549539 0 6 48 3 0
549742 1 3 48 1 0
549820 1 4 48 1 0
548394 1 5 49 1 0
550039 1 3 49 3 1
548668 0 6 50 1 0
548556 0 6 51 3 0
550082 1 2 51 1 0
549533 0 6 52 2 0
549537 0 6 52 1 0
329382 1 5 53 3 0
550081 1 2 53 1 0
548475 1 4 54 1 0
549075 1 3 54 1 0
549296 1 4 54 1 0
548525 0 6 55 1 0
548555 1 4 55 2 0
549894 0 6 55 1 0
544227 0 6 56 3 0
548387 1 4 56 4 1
549679 1 4 56 1 0
550083 1 3 56 3 0
550084 0 6 56 3 0
549681 1 3 57 1 0
549857 1 4 57 1 0
549867 1 3 57 1 0
548307 0 6 58 1 0
548493 0 6 58 1 0
548721 1 2 58 1 0
548968 1 2 58 4 0
549021 1 4 58 1 0
549035 1 4 58 1 0
549680 0 6 58 1 0
550077 0 6 58 2 0
177390 1 4 59 3 1
549036 0 6 59 1 0
373659 0 6 60 2 0
436855 0 6 60 3 1
548515 0 6 60 3 0
548821 0 6 60 1 0
549121 1 3 60 1 0
549184 1 3 60 4 1
549321 1 4 60 1 0
548513 1 4 61 1 0
548856 1 3 61 1 0
548898 0 6 61 1 0
549020 1 3 61 1 0
549039 1 3 61 3 0
549120 0 6 61 1 0
549299 1 4 61 1 0
549337 0 6 61 1 0
287376 1 2 62 3 0
548722 1 2 62 1 0
548301 0 6 63 1 0
548767 0 6 63 1 1
548877 0 6 63 4 0
550021 1 4 63 1 0
436860 0 6 64 3 0
548900 1 4 64 3 1
549123 1 3 64 3 0
549148 1 2 64 1 0
549154 0 6 64 1 0
549905 0 6 64 1 0
374867 1 3 65 1 0
548302 1 4 65 3 0
548303 1 3 65 3 1
548923 1 4 65 1 0
549126 0 6 65 4 0
549147 1 5 65 1 0
549066 0 6 66 4 1
549152 0 6 66 1 0
549451 1 4 66 1 0
549573 1 4 66 2 0
549906 1 4 66 3 0
374869 1 3 67 1 0
549230 0 6 67 1 0
548300 1 3 68 2 0
548461 1 2 68 3 0
549149 1 4 68 1 0
549885 1 4 68 2 0
374348 1 3 69 1 0
549037 1 5 69 1 0
31121 1 5 70 2 0
374866 1 3 70 1 1
548452 1 4 70 3 1
548926 1 3 70 3 0
549254 1 4 70 1 0
549886 0 6 70 2 1
550095 1 2 70 1 0
548400 0 6 71 4 0
548536 1 4 71 1 0
548545 1 2 71 1 0
549188 0 6 71 1 0
549348 0 6 71 1 0
550001 0 6 72 1 0
549376 1 3 73 1 0
373827 1 3 74 1 0
548538 1 3 74 1 0
548559 0 6 74 3 0
549255 0 6 74 3 0
549286 0 6 74 1 0
550096 0 6 74 1 0
373835 1 3 75 4 1
548517 0 6 75 1 0
549253 1 4 75 1 0
548548 1 4 76 3 0
549377 0 6 76 1 0
374767 1 2 77 1 0
548547 0 6 77 3 0
548868 1 3 77 1 1
549428 1 3 77 4 0
549793 0 6 77 1 1
549010 0 6 78 1 0
548438 0 6 81 1 0
548866 1 3 81 1 0
548872 0 6 82 3 0
549142 1 3 83 1 0
548439 0 6 84 1 0
548636 1 4 84 1 0
548779 1 3 85 1 0
548715 1 4 86 1 0
549771 1 3 87 1 0
549145 0 6 88 3 0
548718 0 6 89 2 0
549855 1 3 90 3 0
548720 1 4 93 3 0
