66328 0 4 3 3
220830 0 4 3 3
274670 0 4 3 1
274674 0 4 3 1
274675 0 4 3 1
179919 0 5 3 3
419510 0 6 3 1
419511 0 6 3 1
419512 0 6 3 1
419514 0 6 3 1
179921 0 8 3 3
419105 1 9 3 1
419107 1 9 3 1
116390 0 10 3 1
420035 0 11 3 1
420036 0 11 3 1
419105 0 12 3 1
420681 0 12 3 1
420682 0 12 3 1
420685 0 12 3 1
117486 0 13 3 1
117488 0 13 3 1
420607 0 13 3 1
117486 0 14 3 1
117487 0 14 3 1
117490 0 14 3 1
419463 0 14 3 1
419509 0 15 3 3
419510 0 15 3 3
419511 0 15 3 3
419943 1 15 3 1
420691 0 15 3 1
420692 0 15 3 1
115620 0 16 3 1
419973 0 16 3 1
419974 0 16 3 1
420492 1 17 3 1
419447 1 19 3 1
420475 0 19 3 1
420478 0 19 3 1
419848 0 20 3 1
419851 0 20 3 1
117234 0 21 3 1
117333 0 22 3 1
117334 0 22 3 1
117335 0 22 3 1
420686 1 22 3 3
419992 1 23 3 1
419995 1 23 3 1
420188 0 23 3 1
420190 0 23 3 1
117232 0 24 3 1
117233 0 24 3 1
117235 0 24 3 1
419410 1 24 3 1
419413 1 24 3 1
419766 0 24 3 1
419764 0 24 3 3
419848 0 24 3 3
419852 0 24 3 3
419275 0 25 3 3
419276 0 25 3 3
116171 0 26 3 3
116173 0 26 3 3
116915 0 26 3 2
419677 0 26 3 1
420122 0 26 3 1
117025 0 27 3 3
117026 0 27 3 3
117027 0 27 3 3
419540 0 28 3 2
116088 1 29 3 1
116089 1 29 3 1
116215 0 30 3 3
419983 0 30 3 3
420248 0 31 3 2
420249 0 31 3 2
116700 0 32 3 3
116215 0 33 3 3
55917 0 35 3 2
554024 0 35 3 3
115981 0 41 3 3
