66328 8
220830 8
274670 8
274674 8
274675 8
179919 9
419510 10
419511 10
419512 10
419514 10
179921 12
419107 13
116390 14
420035 15
420036 15
419105 16
420681 16
420682 16
420685 16
117488 17
420607 17
117486 18
117487 18
117490 18
419463 18
419509 19
419510 19
419511 19
419943 19
420691 19
420692 19
115620 20
419973 20
419974 20
420492 21
419447 23
420475 23
420478 23
419848 24
419851 24
117234 25
117333 26
117334 26
117335 26
420686 26
419992 27
419995 27
420188 27
420190 27
117232 28
117233 28
117235 28
419410 28
419413 28
419764 28
419766 28
419848 28
419852 28
419275 29
419276 29
116171 30
116173 30
116915 30
419677 30
420122 30
117025 31
117026 31
117027 31
419540 32
116088 33
116089 33
419983 34
420248 35
420249 35
116700 36
116215 37
55917 39
554024 39
115981 45
