274808 3 2 0 0
64554 4 3 3 0
215741 4 3 3 0
319748 4 3 0 0
360872 4 3 3 0
530501 4 3 0 0
475493 5 4 3 0
228249 6 3 1 0
320999 6 2 0 1
292612 7 2 1 0
434921 7 1 1 0
321002 8 1 1 0
174324 9 3 2 0
234046 9 3 1 0
233821 10 3 1 0
321001 10 3 1 0
168710 11 3 3 1
228284 12 1 4 1
234017 16 1 0 0
234132 17 3 1 0
234183 17 3 3 0
232660 20 1 1 0
232681 23 2 1 0
233237 23 1 1 0
232682 25 3 3 0
232990 25 1 1 0
233368 25 4 1 1
234247 25 3 1 0
233159 26 2 1 0
233088 27 2 1 0
234426 27 3 3 0
233718 29 3 1 0
233717 32 2 1 0
232895 34 4 1 0
218306 39 2 3 1
233807 39 3 1 0
233806 41 3 1 0
233533 42 3 1 0
234229 42 3 1 0
234524 45 3 3 0
234565 45 2 1 0
236656 48 2 2 0
276702 51 3 3 0
276701 52 2 3 0
276697 55 3 1 0
276971 64 3 2 0
274522 68 4 3 0
274518 69 1 0 1
274521 69 3 3 0
274519 70 3 1 0
274520 73 2 1 0
275322 75 3 1 0
274251 76 1 1 0
274550 76 2 1 0
314658 76 1 3 0
274270 77 1 1 0
275508 78 2 1 0
275115 79 3 4 0
274252 80 3 1 0
274345 80 4 0 0
274549 80 3 1 0
274875 80 3 1 0
275110 80 2 1 0
275114 80 3 3 0
275160 80 2 1 0
275445 80 3 1 0
275515 80 3 3 0
276004 80 4 4 1
274668 81 2 1 0
275463 81 2 1 0
275483 81 3 1 0
274361 82 3 1 0
275349 82 2 1 0
274876 83 2 3 1
275245 83 2 1 0
275469 83 2 2 0
275506 83 3 3 1
275622 83 3 1 0
275718 83 3 3 0
274362 84 4 3 0
274717 84 2 4 1
274817 84 3 3 0
275159 84 3 1 0
275309 84 4 1 0
275485 84 2 1 0
275596 84 2 3 0
275760 84 4 1 0
100914 85 2 1 0
274363 85 2 3 0
274814 85 2 0 0
275446 85 2 1 0
275694 85 3 1 0
101498 86 2 1 0
275102 86 3 3 0
410695 86 3 4 1
275101 87 3 3 0
275621 87 3 0 0
99568 88 2 1 1
274311 88 1 1 0
275475 89 2 1 0
275680 89 3 1 0
275098 91 3 0 0
275683 91 2 3 0
275696 91 3 3 0
100091 92 2 1 0
100118 92 1 1 0
101357 92 2 1 0
101495 92 2 0 0
274827 92 2 1 0
275631 92 4 1 0
100657 93 2 1 0
275088 93 3 1 0
275092 93 2 1 0
101082 94 4 0 0
101186 94 3 1 0
101497 94 1 1 0
274829 94 3 3 0
100065 95 2 1 0
99488 96 2 1 1
100789 96 3 1 0
101677 96 3 1 0
101838 96 3 4 1
101681 97 3 1 0
101355 98 4 1 0
101394 98 3 1 0
99491 99 3 3 0
100249 99 2 1 0
101682 99 3 3 0
274836 99 4 4 1
101680 100 4 1 0
101755 100 3 1 0
100250 101 3 2 0
100043 102 3 4 1
100956 102 2 1 0
100159 103 3 1 0
100302 103 2 1 1
100826 103 3 1 0
101291 103 2 1 0
101472 103 3 1 0
99646 104 2 1 0
100803 104 3 1 0
101690 104 2 1 0
205917 104 3 3 0
100621 105 3 1 0
100732 105 2 1 0
101274 105 3 1 0
101474 105 3 1 0
99414 106 2 1 0
100001 106 3 1 0
100024 106 4 4 1
100304 106 3 3 0
100943 106 2 1 1
345895 106 3 3 0
101273 107 3 0 0
101857 107 2 1 0
99416 108 2 1 0
99439 108 4 3 0
99861 108 3 1 1
101265 108 1 0 0
100460 109 4 0 0
100681 109 5 1 0
100687 109 2 1 0
100623 110 3 3 0
100929 110 3 4 0
99739 111 2 1 0
99889 111 3 1 0
100495 111 2 1 0
99774 112 3 1 0
100419 112 1 1 0
100675 112 3 3 0
101267 112 3 3 0
99440 113 4 3 0
100243 113 2 1 0
100671 113 1 1 0
101268 113 3 3 0
101315 113 3 3 0
101468 113 4 3 0
101607 113 2 1 0
352244 113 3 3 0
492807 113 3 3 0
99853 114 1 1 0
100613 114 2 1 0
101430 114 3 1 0
100151 115 4 1 0
100673 115 4 1 0
100757 115 3 1 0
100924 115 4 3 0
492812 115 2 1 0
100246 116 2 3 1
99961 117 4 4 0
100511 117 3 1 0
101614 117 3 3 0
236710 117 2 3 0
192727 118 1 3 0
99948 119 2 4 1
101269 119 3 1 0
101272 119 2 3 0
100319 120 4 1 0
100998 120 2 1 1
101839 120 2 1 0
99716 121 4 1 0
100369 121 3 3 1
491944 121 3 0 0
99947 122 2 4 1
100509 122 3 1 0
101294 122 2 1 0
101481 122 3 0 0
101609 122 3 3 0
99386 123 2 1 0
100620 123 4 4 1
100643 124 3 1 0
101295 124 2 1 0
101409 124 2 1 0
145980 124 4 3 0
99429 125 3 1 0
99763 125 3 3 0
100081 125 3 2 0
101759 125 4 1 0
101404 127 3 4 1
101410 127 2 2 1
202223 127 4 3 0
101296 128 3 3 0
101761 128 3 3 0
101808 128 4 1 0
100808 129 3 1 0
101153 129 3 3 0
99833 130 3 1 0
101334 130 3 1 0
123742 131 3 3 0
101664 132 3 0 0
99424 133 2 3 0
100866 133 3 1 0
101333 133 3 1 0
101776 133 3 3 1
99831 134 4 1 0
101030 134 2 3 0
101666 134 3 3 0
107426 134 3 2 0
101663 135 3 0 0
100089 136 3 1 0
101668 136 4 3 0
99433 137 3 3 0
100886 138 3 3 0
107425 139 3 2 0
337564 139 4 2 1
101660 140 3 4 0
290270 140 2 4 1
368367 140 4 3 0
100759 141 3 3 0
236576 147 2 2 1
