274808 1 3 3 0
530501 1 4 2 0
360872 1 4 2 3
319748 1 4 2 0
215741 1 4 2 3
64554 1 4 2 3
215739 0 4 5 3
215740 0 4 5 3
228250 0 4 5 0
228251 0 4 5 0
319751 0 4 5 0
360871 0 4 5 3
360873 0 4 5 3
475493 1 5 1 3
475491 0 5 5 3
320999 1 6 3 0
228249 1 6 2 1
228248 0 6 5 1
321000 0 6 5 0
321002 0 6 7 0
434921 1 7 4 1
292612 1 7 3 1
434920 1 8 5 1
434924 1 8 5 1
234046 1 9 2 1
174324 1 9 2 2
174322 0 9 5 2
174325 0 9 5 2
234048 0 9 5 1
320999 1 9 5 1
321000 1 9 5 1
321001 1 10 2 1
233821 1 10 2 1
233823 0 10 5 1
321000 0 10 5 1
321004 0 10 5 1
168710 0 11 5 3
168709 0 11 5 3
169063 0 11 5 3
228284 1 12 4 4
234019 0 14 8 1
234017 1 16 4 0
234183 1 17 2 3
234132 1 17 2 1
234020 1 17 5 0
234131 0 17 5 1
234133 0 17 5 1
234181 0 17 5 3
232660 1 20 4 1
232663 1 21 5 1
233237 1 23 4 1
232681 0 23 7 3
232990 1 25 4 1
234247 1 25 2 1
232682 1 25 2 3
233368 1 25 1 1
233367 0 25 5 1
234248 0 25 5 1
233159 1 26 3 1
232992 1 26 5 1
233158 0 26 5 1
233088 1 27 3 1
234426 1 27 2 3
233089 0 27 5 1
233718 1 29 2 1
233720 0 29 5 1
233722 0 29 5 1
233717 1 32 3 1
233721 1 33 5 1
232895 1 34 1 1
218306 1 39 3 3
233807 1 39 2 1
233805 0 39 5 1
233809 0 39 5 1
233806 1 41 2 1
233807 0 41 5 1
234229 1 42 2 1
233533 1 42 2 1
234228 0 42 5 1
234232 0 42 5 1
234565 1 45 3 1
234524 1 45 2 3
234523 0 45 5 3
234566 1 46 5 1
236656 1 48 3 2
276702 0 51 6 3
276701 1 52 3 3
276697 1 55 2 1
276696 1 56 5 1
276699 1 56 5 1
276700 1 56 5 1
276971 1 64 2 2
276970 0 64 5 2
274522 1 68 1 3
274518 1 69 4 0
274521 1 69 2 3
274519 1 70 5 3
274520 0 70 6 1
274522 1 70 5 3
274519 0 73 5 1
274521 0 73 5 1
275322 1 75 2 1
275323 0 75 5 1
314658 1 76 4 3
274251 1 76 4 1
274550 1 76 3 1
274270 1 77 4 1
275508 1 78 3 1
274268 1 78 5 1
274271 1 78 5 1
275115 1 79 2 4
275112 0 79 5 4
275160 1 80 3 1
275110 0 80 5 3
275515 1 80 2 3
275445 1 80 2 1
275114 1 80 2 3
274875 1 80 2 1
274549 1 80 2 1
274252 1 80 2 1
276004 1 80 1 4
274345 1 80 1 0
274251 0 80 5 1
275111 0 80 5 1
275112 0 80 5 1
275162 0 80 5 1
275463 1 81 3 1
274668 1 81 3 1
275483 1 81 2 1
275487 0 81 5 1
275349 1 82 3 1
274361 1 82 2 1
275350 0 82 5 1
275462 1 82 5 1
275464 1 82 5 1
275469 1 83 3 2
275245 1 83 3 1
274876 1 83 3 3
275718 1 83 2 3
275622 1 83 2 1
275506 1 83 2 3
274363 0 83 7 3
274874 0 83 5 3
274875 0 83 5 3
275247 0 83 5 1
275467 0 83 5 2
275621 0 83 5 1
275714 0 83 5 3
275716 0 83 5 3
275717 0 83 5 3
275596 1 84 3 3
275485 1 84 3 1
274717 1 84 3 4
275159 1 84 2 1
274817 1 84 2 3
275760 1 84 1 1
275309 1 84 1 1
274362 1 84 1 3
275160 0 84 5 1
275310 0 84 5 1
275311 0 84 5 1
275761 0 84 5 1
275762 0 84 5 1
275446 1 85 3 1
274814 1 85 3 0
100914 1 85 3 1
275694 1 85 2 1
100912 0 85 5 1
100915 0 85 5 1
275693 0 85 5 1
275695 0 85 5 1
275696 0 85 5 1
101498 1 86 3 1
410695 1 86 2 4
275102 1 86 2 3
426891 0 86 5 3
275101 1 87 2 3
275100 0 87 5 3
274311 1 88 4 1
99568 1 88 3 1
275475 1 89 3 1
275680 1 89 2 1
275683 0 89 7 1
275696 1 91 2 3
275098 1 91 2 0
275100 0 91 5 0
275102 0 91 5 0
275682 0 91 5 3
100118 1 92 4 1
274827 0 92 7 3
101495 1 92 3 0
101357 1 92 3 1
100091 1 92 3 1
275631 1 92 1 1
100092 0 92 5 1
101356 0 92 5 1
101498 0 92 5 0
101499 0 92 5 0
275693 1 92 5 3
275092 1 93 3 1
100657 1 93 3 1
275088 1 93 2 1
100656 0 93 5 1
100658 0 93 5 1
275090 0 93 5 1
101497 1 94 4 1
274829 1 94 2 3
101186 1 94 2 1
101082 1 94 1 0
101088 0 94 5 0
101184 0 94 5 1
101185 0 94 5 1
275091 1 94 5 1
275097 1 94 5 1
100065 1 95 3 1
100066 0 95 5 1
101495 1 95 5 1
99488 1 96 3 1
101838 1 96 2 4
101677 1 96 2 1
100789 1 96 2 1
99490 0 96 5 1
99491 0 96 6 1
100788 0 96 5 1
100792 0 96 5 1
101681 0 96 5 1
101683 0 96 5 1
101837 0 96 5 4
274508 0 97 5 1
274509 0 97 5 1
101394 1 98 2 1
101355 1 98 1 1
101358 0 98 5 1
101359 0 98 5 1
101682 1 98 5 1
101683 1 98 5 1
100249 1 99 3 1
274836 1 99 1 4
101678 0 99 5 3
101680 0 99 5 3
101681 0 99 5 3
101683 0 99 5 3
274837 0 99 5 4
101755 1 100 2 1
100915 0 100 5 1
101679 0 100 5 1
101754 0 100 5 1
100250 1 101 2 2
100252 0 101 5 2
100956 1 102 3 1
100043 1 102 2 4
101291 1 103 3 1
100302 1 103 3 1
101472 1 103 2 1
100826 1 103 2 1
100159 1 103 2 1
100160 0 103 5 1
100955 1 103 5 1
100957 1 103 5 1
100958 1 103 5 1
101292 0 103 5 1
101690 1 104 3 1
99646 1 104 3 1
205917 1 104 2 3
100803 1 104 2 1
100804 0 104 5 1
100806 0 104 5 1
100807 0 104 5 1
100732 1 105 3 1
101474 1 105 2 1
101274 1 105 2 1
100621 1 105 2 1
100622 0 105 5 1
101275 0 105 5 1
101276 0 105 5 1
101471 0 105 5 1
101473 0 105 5 1
101476 0 105 5 1
101688 1 105 5 1
101691 1 105 5 1
100943 1 106 3 1
99414 1 106 3 1
345895 1 106 2 3
100304 1 106 2 3
100001 1 106 2 1
100024 1 106 1 4
99415 0 106 5 1
100023 0 106 5 4
101857 1 107 3 1
101273 1 107 2 0
101856 0 107 5 1
101858 0 107 5 1
101859 0 107 5 1
101265 1 108 4 0
99416 1 108 3 1
99861 1 108 2 1
99439 1 108 1 3
99437 0 108 5 3
99440 0 108 5 3
99859 0 108 5 1
99860 0 108 5 1
100687 1 109 3 1
100460 1 109 1 0
100681 1 109 0 1
100465 0 109 5 0
100688 0 109 5 1
100690 0 109 5 1
101267 1 109 6 0
100929 1 110 2 4
100623 1 110 2 3
100621 0 110 5 3
100622 0 110 5 3
100495 1 111 3 1
99739 1 111 3 1
99889 1 111 2 1
99890 0 111 5 1
100419 1 112 4 1
100675 1 112 2 3
99774 1 112 2 1
99773 0 112 5 1
100671 1 113 4 1
101607 1 113 3 1
100243 1 113 3 1
492807 1 113 2 3
352244 1 113 2 3
101315 1 113 2 3
101268 1 113 2 3
101468 1 113 1 3
99440 1 113 1 3
99438 0 113 5 3
100420 1 113 5 1
100421 1 113 5 1
101265 0 113 5 3
101266 0 113 5 3
101267 0 113 5 3
101464 0 113 5 3
101606 0 113 5 1
101609 0 113 5 1
101610 0 113 5 1
492804 0 113 5 3
492805 0 113 5 3
492806 0 113 5 3
99853 1 114 4 1
100613 1 114 3 1
101430 1 114 2 1
100244 1 114 5 1
100247 1 114 5 1
100615 0 114 5 1
100616 0 114 5 1
100674 1 114 5 1
100676 1 114 5 1
101433 0 114 5 1
492812 1 115 3 1
100757 1 115 2 1
100924 1 115 1 3
100673 1 115 1 1
100151 1 115 1 1
99857 1 115 5 1
100152 0 115 5 1
100153 0 115 5 1
100154 0 115 5 1
100674 0 115 5 1
100755 0 115 5 1
100760 0 115 5 1
100246 1 116 3 3
100243 0 116 5 3
100247 0 116 5 3
492814 1 116 5 1
236710 1 117 3 3
101614 1 117 2 3
100511 1 117 2 1
99961 1 117 1 4
236711 0 117 5 3
192727 1 118 4 3
100512 1 118 5 1
101272 1 119 3 3
99948 1 119 3 4
101269 1 119 2 1
101270 0 119 5 1
101839 1 120 3 1
100998 1 120 3 1
100319 1 120 1 1
100997 0 120 5 1
491944 1 121 2 0
100369 1 121 2 3
99716 1 121 1 1
491946 0 121 5 0
491947 0 121 5 0
101294 1 122 3 1
99947 1 122 3 4
101609 1 122 2 3
101481 1 122 2 0
100509 1 122 2 1
99948 0 122 5 4
100512 0 122 5 1
101293 0 122 5 1
101296 0 122 5 1
99386 1 123 3 1
100620 1 123 1 4
99388 0 123 5 1
99389 0 123 5 1
101409 1 124 3 1
101295 1 124 3 1
100643 1 124 2 1
145980 1 124 1 3
100645 0 124 5 1
101002 0 124 5 2
101003 0 124 5 2
145979 0 124 5 3
100081 1 125 2 2
99763 1 125 2 3
99429 1 125 2 1
101759 1 125 1 1
99762 0 125 5 3
99764 0 125 5 3
100079 0 125 5 2
100080 0 125 5 2
101293 1 125 5 1
101138 0 126 8 0
99665 0 126 5 3
101141 0 126 6 1
101410 1 127 3 2
101404 1 127 2 4
202223 1 127 1 3
202220 0 127 5 3
202221 0 127 5 3
202222 0 127 5 3
202224 0 127 5 3
101761 1 128 2 3
101296 1 128 2 3
101808 1 128 1 1
101295 0 128 5 3
101297 0 128 5 3
101809 0 128 5 1
101153 1 129 2 3
100808 1 129 2 1
101150 0 129 5 3
101334 1 130 2 1
99833 1 130 2 1
99832 0 130 5 1
99835 0 130 5 1
123742 1 131 2 3
100081 0 131 5 2
100082 0 131 5 2
101664 1 132 2 0
101665 0 132 5 0
101667 0 132 5 0
99424 1 133 3 3
101776 1 133 2 3
101333 1 133 2 1
100866 1 133 2 1
99420 0 133 5 3
99422 0 133 5 3
99423 0 133 5 3
100868 0 133 5 1
101030 1 134 3 3
107426 1 134 2 2
101666 1 134 2 3
99831 1 134 1 1
99833 0 134 5 1
101665 0 134 5 3
101667 0 134 5 3
101663 1 135 2 0
100089 1 136 2 1
101668 1 136 1 3
100090 0 136 5 1
100091 0 136 5 1
100093 0 136 5 1
99433 1 137 2 3
99431 0 137 5 3
100886 1 138 2 3
107425 1 139 2 2
337564 1 139 1 2
107427 0 139 5 2
290270 1 140 3 4
101660 1 140 2 4
368367 1 140 1 3
101659 0 140 5 4
368364 0 140 5 3
100759 1 141 2 3
100758 0 141 5 3
236576 1 147 3 2
236575 1 148 5 2
