464576 2 1 1 0
23019 3 2 2 0
283621 3 2 3 0
367797 3 2 1 0
473490 3 2 3 0
163600 4 3 3 1
471824 4 3 1 0
461111 5 3 1 0
536437 6 2 1 0
459680 7 2 3 1
347347 8 4 1 0
367798 8 3 1 0
389023 8 2 4 0
390030 8 2 1 0
460997 8 3 1 0
477480 9 3 1 0
477486 9 2 1 0
363295 11 1 3 1
347344 12 3 1 0
367799 12 4 1 1
459108 12 1 1 0
477481 12 4 1 0
345999 13 2 4 0
346774 13 4 3 1
478561 13 4 4 1
363296 14 3 3 0
367800 14 2 3 0
470878 14 2 1 0
536438 14 4 3 0
347348 15 2 1 0
347698 15 3 1 0
460277 16 4 1 1
470683 16 2 1 0
470839 16 3 1 0
478679 17 4 4 1
479027 17 3 1 1
346528 18 4 1 0
346529 18 2 1 0
460535 18 4 4 0
479150 18 4 3 0
470527 19 2 2 0
470899 19 4 1 0
346193 20 3 1 0
346345 20 2 1 0
469322 20 3 3 0
478686 20 4 1 0
346375 21 3 3 0
470901 21 2 3 0
347575 22 3 1 0
427597 23 3 3 0
470462 23 2 1 0
470521 23 3 2 1
346211 24 4 1 0
346249 24 3 2 1
346316 25 4 2 0
346468 25 3 1 0
400336 25 3 3 0
468648 25 4 3 0
470185 25 1 0 0
481040 25 2 3 0
562551 25 3 2 0
346449 26 3 3 0
470522 26 2 1 0
473417 26 2 0 0
346047 27 3 1 0
470590 27 2 1 0
481041 27 3 3 0
346447 28 4 0 1
347444 28 3 2 0
551987 28 1 3 0
346208 29 4 3 1
477985 29 3 1 0
347441 30 2 1 0
470459 30 3 1 1
551988 30 4 3 1
347437 31 3 3 0
231743 32 3 3 0
346210 32 2 1 0
347141 32 3 3 0
470523 32 4 1 0
470870 32 3 4 0
346391 33 3 1 0
346956 33 4 3 0
401288 33 3 3 0
471419 33 2 1 0
329673 34 2 1 0
329675 34 4 3 0
64185 35 2 2 0
94619 35 3 2 0
346686 35 3 3 0
471750 35 1 3 0
347312 36 4 4 0
470556 36 3 1 0
470681 36 3 1 0
471434 36 2 1 0
328098 37 3 1 0
328099 37 2 2 0
470286 37 2 1 0
470682 37 2 1 0
471749 37 2 3 0
347850 38 3 1 0
470674 38 2 1 0
328979 39 2 1 0
471009 39 3 2 1
477526 39 3 3 0
328523 40 3 1 0
470257 40 2 1 0
470571 40 3 1 0
347845 41 2 1 0
471843 41 3 1 0
328284 42 1 1 0
328981 42 3 3 0
471240 42 3 1 0
521283 42 4 3 0
347960 44 2 1 0
347797 46 3 1 0
347843 46 2 1 0
347892 47 2 1 0
347956 47 1 0 0
347959 48 5 1 0
347023 49 2 0 0
347961 49 4 3 0
347025 50 4 1 0
347893 51 3 1 0
346284 52 1 0 0
346286 53 3 1 0
346285 56 2 1 0
346289 57 3 3 0
346437 57 3 1 0
347636 59 2 1 0
346945 60 3 1 0
347138 60 2 1 0
346983 62 1 1 0
347903 62 3 3 0
347313 63 3 1 0
347502 63 2 1 0
347503 65 3 3 1
347902 66 4 3 0
81384 68 3 2 0
347641 68 3 1 1
346393 71 3 1 0
36660 72 2 1 0
81377 72 3 3 0
347778 75 2 3 1
347773 82 2 3 0
