66332 1 3 6 3 0
83815 0 6 6 4 0
114646 0 6 6 3 0
117078 0 6 6 1 0
156260 0 6 6 3 0
179002 1 3 6 3 0
179918 1 2 6 3 0
215365 0 6 6 1 0
220831 1 3 6 3 0
226169 0 6 6 3 0
254397 0 6 6 3 0
274671 1 2 6 1 0
282808 1 1 6 3 0
297979 0 6 6 2 0
360624 1 2 6 2 0
419512 0 6 6 1 0
426617 0 6 6 2 1
527550 0 6 6 3 0
539580 0 6 6 2 1
553745 0 6 6 3 0
271417 0 6 8 3 0
527551 0 6 8 3 1
214754 1 2 9 3 0
220833 0 6 9 4 0
255832 0 6 9 3 0
419509 1 4 9 1 0
274672 0 6 10 2 0
419485 0 6 10 1 0
419510 0 6 10 1 0
420328 1 3 10 1 0
422187 1 4 10 3 1
66328 0 6 11 1 0
179923 1 4 11 3 0
214872 0 6 11 3 0
419891 0 6 11 1 0
116387 1 3 12 1 0
116955 0 6 12 1 0
419108 1 5 12 1 0
419965 0 6 12 1 0
115997 1 4 13 1 0
116956 0 6 13 1 0
419107 0 6 13 1 0
419530 0 6 13 1 0
117487 1 2 14 1 0
179921 0 6 14 1 0
420033 1 4 14 1 0
420489 0 6 14 1 0
116254 0 6 15 1 0
116278 0 6 15 3 0
116384 1 3 15 1 0
116926 0 6 15 1 0
116957 0 6 15 2 0
419106 0 6 15 1 0
419871 1 3 15 1 0
419964 0 6 15 1 0
115747 0 6 16 1 1
116392 0 6 16 3 0
116677 0 6 16 1 0
117336 0 6 16 1 0
179922 0 6 16 3 0
419966 1 5 16 1 0
420037 1 2 16 3 0
420490 1 3 16 1 0
115781 0 6 17 1 0
115982 0 6 17 1 0
117300 0 6 17 1 0
117488 1 3 17 1 0
419542 0 6 17 1 0
420100 1 4 17 1 0
420476 0 6 17 1 1
115803 0 6 18 1 0
116596 0 6 18 1 0
117142 1 5 18 4 1
117489 1 3 18 3 0
420076 0 6 18 4 0
420488 1 4 18 1 0
420719 0 6 18 1 0
115694 0 6 19 1 0
116385 0 6 19 3 0
117266 0 6 19 4 0
117887 0 6 19 3 0
293109 1 4 19 3 0
419754 1 3 19 1 0
419870 0 6 19 1 0
419963 0 6 19 1 1
419967 0 6 19 3 0
115631 1 4 20 1 1
115663 1 4 20 1 0
116549 0 6 20 3 0
116748 1 3 20 1 1
117044 1 2 20 1 0
172410 0 6 20 3 0
414335 1 3 20 3 0
419210 0 6 20 1 0
419973 0 6 20 1 0
420681 0 6 20 1 0
420721 1 3 20 3 0
420749 0 6 20 1 0
115753 0 6 21 3 0
116255 0 6 21 3 0
116394 0 6 21 3 1
116459 0 6 21 2 1
116772 0 6 21 3 1
117256 0 6 21 1 0
356541 0 6 21 2 0
419759 1 3 21 1 0
419974 0 6 21 3 0
420433 0 6 21 1 0
420730 1 4 21 1 0
420873 1 3 21 1 0
115661 1 4 22 0 0
123261 1 4 22 3 0
419971 0 6 22 1 0
420607 0 6 22 1 0
420800 1 4 22 1 0
555997 0 6 22 2 0
115626 1 3 23 2 0
117261 1 3 23 3 0
157908 0 6 23 3 0
419594 0 6 23 1 0
420740 1 3 23 3 0
115619 0 6 24 1 0
115632 0 6 24 1 0
116744 0 6 24 3 0
116750 0 6 24 3 0
117258 0 6 24 2 0
117459 0 6 24 1 0
260920 0 6 24 3 1
414331 1 3 24 0 0
419753 1 3 24 0 0
420434 1 4 24 3 0
420571 0 6 24 1 1
420611 1 3 24 4 1
420734 1 4 24 3 0
420875 1 2 24 3 0
115627 0 6 25 2 0
157259 0 6 25 3 0
304217 0 6 25 2 0
357243 1 4 25 3 0
419175 1 4 25 1 0
419188 1 3 25 1 0
419440 1 4 25 1 0
419647 0 6 25 1 0
419757 0 6 25 3 0
419994 1 3 25 1 0
115629 0 6 26 0 0
116746 1 3 26 3 0
117162 0 6 26 1 0
364712 1 2 26 3 0
419441 1 4 26 3 0
420561 0 6 26 1 0
420801 0 6 26 1 1
115628 1 4 27 2 0
117371 0 6 27 1 0
333576 1 4 27 3 0
414775 1 3 27 2 0
416472 0 6 27 3 0
419446 0 6 27 3 0
419765 1 3 27 1 0
420261 0 6 27 1 0
420568 1 3 27 2 1
420744 0 6 27 3 0
116116 1 3 28 1 0
419154 0 6 28 1 0
419235 0 6 28 1 0
419593 1 4 28 0 0
115617 0 6 29 3 0
116942 0 6 29 1 1
117242 1 3 29 1 0
157481 0 6 29 3 0
115630 1 3 30 0 0
115633 1 3 30 3 0
116115 1 3 30 0 0
153070 1 2 30 3 0
204286 1 3 30 3 0
420070 1 3 30 1 0
471028 0 6 30 3 0
116758 1 3 31 1 0
116944 1 3 31 1 0
117243 0 6 31 1 0
119084 0 6 31 3 0
420156 0 6 31 2 0
420259 0 6 31 3 0
419369 1 3 32 1 0
419941 0 6 32 1 0
420214 1 2 32 1 0
116114 1 2 33 2 1
116685 0 6 33 1 0
116704 0 6 33 4 0
116760 0 6 33 3 0
420180 1 3 33 1 0
420674 1 4 33 1 0
519816 0 6 33 3 0
116773 1 4 34 0 0
153067 0 6 34 4 1
342623 0 6 34 3 0
419940 0 6 34 1 0
116943 0 6 35 1 0
136212 0 6 35 3 0
419511 1 4 35 1 0
419939 1 3 35 1 0
116700 0 6 36 3 0
420184 1 3 36 3 0
420557 0 6 36 1 0
420679 0 6 36 3 0
343167 1 3 37 3 0
419881 0 6 37 1 0
429939 0 6 37 3 0
419780 0 6 38 3 0
419946 1 3 38 3 0
420421 0 6 38 1 0
343166 0 6 39 3 0
419165 1 3 39 2 0
419670 1 4 39 1 0
420424 0 6 39 3 0
420466 0 6 39 1 0
116699 0 6 40 3 0
419166 1 2 40 3 0
419882 1 3 40 2 0
420418 0 6 41 4 1
420420 1 5 41 0 0
420774 0 6 41 1 0
419223 0 6 42 1 0
420006 1 3 42 3 0
420422 0 6 42 1 0
419573 0 6 43 4 0
419778 0 6 43 1 1
420335 0 6 43 3 0
420429 0 6 43 3 0
116701 0 6 44 3 1
419224 1 3 44 2 0
292542 1 3 45 3 0
419738 1 4 45 2 0
419937 0 6 45 3 0
420431 0 6 45 4 1
419225 0 6 46 3 0
419286 0 6 46 1 1
421178 1 3 46 3 0
406257 0 6 47 2 0
419810 1 3 48 1 1
420690 0 6 49 1 0
421177 0 6 50 1 0
253858 1 3 52 3 0
