147625 3 2 3 0
478644 3 2 1 0
229070 4 3 3 0
277067 4 3 4 1
317846 4 3 4 0
457051 4 3 3 0
34698 5 1 1 0
333111 6 3 1 0
478887 6 2 1 0
479115 6 2 1 1
277073 7 2 1 0
277663 7 2 4 1
332878 8 1 1 0
332883 8 1 3 1
479117 8 3 3 1
384465 9 3 3 0
479190 9 2 0 0
277072 10 2 1 0
331995 11 1 1 0
26334 12 2 3 0
332882 12 3 3 0
384460 12 2 0 0
477603 12 2 1 0
332105 13 4 1 0
277076 14 3 1 0
331855 14 2 3 0
333277 14 3 1 0
384464 14 3 3 0
477772 14 2 0 0
384145 16 2 3 0
477774 16 3 1 0
277319 17 2 0 0
331883 17 3 3 0
332106 17 3 2 0
333410 17 2 1 0
277079 18 3 1 1
277320 18 4 1 0
332007 18 2 1 1
332494 18 3 1 0
333278 18 4 3 0
477720 18 3 1 0
477773 18 1 0 0
477783 18 3 3 0
479182 18 3 1 0
332904 19 2 1 0
333301 19 3 3 0
474650 19 3 3 0
277580 20 3 1 0
332289 20 3 1 0
332569 20 3 3 0
332699 20 1 1 0
492228 20 2 2 1
277451 21 3 1 0
479181 21 4 0 0
331747 22 3 1 0
332905 22 3 2 0
333412 22 3 3 0
393337 22 4 3 0
477912 22 2 4 0
276886 23 1 1 0
277407 23 2 0 0
331722 23 2 3 0
331752 23 2 3 0
277579 24 3 1 0
330278 24 3 3 1
332903 24 2 0 0
382979 24 2 3 0
276785 25 3 1 0
332295 25 4 3 0
478636 25 3 0 0
331760 26 3 3 0
477865 26 4 3 0
477911 26 4 3 0
474395 27 3 3 1
277409 30 4 3 0
331137 30 2 1 0
331186 30 3 1 0
331750 30 4 3 1
433749 30 3 3 0
334605 32 2 3 0
77423 33 4 3 0
331136 33 3 1 1
331201 33 2 1 0
276661 34 4 1 0
276664 34 3 3 1
330764 34 2 1 1
331147 34 2 4 1
276222 35 2 1 0
276416 35 3 1 0
277938 35 2 1 0
330354 35 3 1 0
331180 36 3 1 0
331351 36 3 1 0
333777 36 4 4 1
273470 37 3 3 1
276242 37 2 1 0
331140 37 3 3 0
331577 37 3 1 0
277730 38 3 1 0
316036 38 3 4 1
330686 38 3 1 0
276780 39 2 1 1
277713 39 3 1 0
277726 39 1 0 0
329995 39 3 4 0
331245 39 4 3 1
331303 39 1 1 0
277913 40 2 1 1
276758 41 1 1 0
277901 41 2 1 0
563126 41 3 1 0
276897 42 3 1 0
277012 42 3 1 0
277013 42 2 3 0
277253 42 3 1 0
329999 42 4 3 0
276372 43 2 1 0
276467 43 2 1 0
276712 43 2 1 0
276838 43 2 1 0
277665 43 3 1 0
277979 43 2 4 1
561053 43 4 1 0
562496 43 2 1 0
563139 43 2 4 0
276359 44 4 1 0
276452 44 4 1 0
276630 44 2 1 0
277445 44 3 1 0
277647 44 3 3 0
277794 44 3 1 0
277957 44 2 1 0
334477 44 2 1 0
276304 45 2 2 0
277254 45 2 1 0
277564 45 1 1 0
331228 45 2 3 0
561003 45 3 1 0
561737 45 3 1 0
561934 45 3 4 1
563127 45 3 1 0
276496 46 4 1 0
276708 46 3 1 0
277446 46 2 1 0
561826 46 3 1 0
561901 46 2 1 0
276351 47 3 1 0
277958 47 3 3 0
334347 47 2 3 0
561072 47 2 1 0
562208 47 3 1 0
563065 47 3 1 0
276611 48 4 1 0
277305 48 2 0 0
277447 48 3 3 0
562261 48 3 1 0
277565 49 3 1 0
277744 49 3 1 1
561001 49 3 0 0
561738 49 4 3 1
277732 50 1 3 0
334144 50 2 3 0
561075 50 2 3 0
562633 50 2 1 0
562662 50 2 0 0
563368 50 4 4 1
276722 51 4 3 0
277183 51 1 1 0
277307 51 3 1 0
277743 51 2 0 0
561079 51 3 2 0
561128 51 4 1 1
561140 51 4 1 0
562121 51 2 1 0
562734 51 2 3 0
563027 51 1 4 1
563403 51 3 1 0
424482 52 3 3 0
561942 52 2 1 0
562211 52 2 3 1
562260 52 3 1 0
562450 52 1 1 0
276369 53 3 1 0
534234 53 2 2 0
561550 53 2 1 0
276881 54 4 1 1
277422 54 2 3 1
277756 54 2 0 0
277927 54 2 4 0
561018 54 3 1 0
562148 54 3 1 0
562593 54 2 1 0
562794 54 2 1 0
276734 55 3 1 0
277120 55 3 3 0
277185 55 2 1 0
277562 55 1 0 0
562457 55 4 1 0
562801 55 2 1 1
278004 56 3 1 0
284675 56 2 3 0
561017 56 3 1 0
562976 56 1 1 0
563046 56 3 1 0
469153 57 3 1 1
561280 57 3 3 0
562985 57 3 1 0
563047 57 2 1 1
274988 58 2 3 0
277908 58 3 3 1
562799 58 2 1 0
562822 58 2 1 0
276824 59 3 1 0
277914 59 3 2 0
469159 59 3 1 0
561020 59 3 1 0
561313 59 3 1 0
561559 59 3 4 0
562130 59 2 1 0
562446 59 2 1 0
562803 59 4 3 0
278005 60 4 1 0
345799 60 3 3 0
561315 60 2 3 0
561757 60 2 3 1
562805 60 3 3 0
70101 61 3 3 0
561206 61 3 1 0
562802 61 2 3 1
276692 62 2 1 0
560814 62 3 3 0
562436 62 3 1 0
562693 62 3 1 0
561374 63 4 3 0
562203 63 3 1 0
562960 63 4 3 0
278006 64 4 3 0
561515 64 2 3 0
561303 65 3 1 0
90475 66 3 3 0
270230 66 1 1 0
276691 66 3 0 0
277362 66 3 1 1
562274 66 3 1 0
271434 67 2 1 0
271636 67 4 1 0
562694 67 3 3 1
271776 68 3 1 0
563228 68 4 1 0
57886 69 3 3 0
132913 69 2 3 0
277151 69 3 3 0
277361 69 2 1 0
561306 69 3 1 0
563321 69 2 1 0
560968 70 2 1 0
562846 70 1 3 0
563400 70 3 3 0
271778 71 2 3 0
277360 71 2 0 0
464922 71 2 3 0
271106 73 4 4 1
561616 73 2 1 0
561733 73 1 1 1
563326 73 3 3 1
562558 76 2 1 0
270360 77 3 1 0
561148 77 2 1 0
561807 77 2 1 1
562833 77 2 1 1
562773 78 3 1 0
563064 78 1 1 0
562304 80 2 1 0
562859 80 2 1 0
271272 82 3 1 0
271811 82 4 3 0
560771 82 3 1 1
560888 82 3 1 0
561440 82 2 1 0
270759 83 1 1 0
562600 84 2 1 0
18796 85 3 3 0
563189 85 3 4 0
270756 86 3 1 0
561701 86 2 4 1
562575 86 2 1 0
270762 87 3 3 0
562155 87 2 1 0
563188 87 2 3 1
25885 88 3 3 0
25882 89 4 1 0
562019 89 1 1 0
563451 89 3 4 1
269822 90 4 1 0
481936 90 2 3 0
270758 91 3 1 0
562653 91 3 3 0
271522 92 1 1 0
561664 92 4 1 0
561666 92 3 1 0
271524 93 2 3 0
561669 93 3 3 0
26198 94 4 3 0
271875 95 1 3 0
271877 95 2 1 0
481934 95 2 3 0
293267 96 3 3 0
436793 96 4 3 0
269860 97 3 3 0
269486 98 4 3 0
481060 99 3 3 0
270760 100 3 1 0
269859 102 2 3 0
449531 104 3 3 0
270761 105 3 3 0
269857 108 2 4 0
269862 112 4 3 0
