464576 1 2 4 1
473490 1 3 3 3
367797 1 3 3 1
283621 1 3 3 3
23019 1 3 3 2
390031 0 3 5 3
464579 1 3 5 1
473489 0 3 5 3
471824 1 4 2 1
163600 1 4 2 3
163599 0 4 5 3
367801 1 4 5 1
471822 0 4 5 1
461111 1 5 2 1
461112 0 5 5 1
536437 1 6 3 1
536436 0 6 5 1
536439 0 6 5 1
459680 1 7 3 3
390030 1 8 3 1
389023 1 8 3 4
460997 1 8 2 1
367798 1 8 2 1
347347 1 8 1 1
367797 0 8 5 1
367800 0 8 5 1
389022 0 8 5 4
390031 0 8 5 1
390032 0 8 5 1
390033 0 8 5 1
477486 1 9 3 1
477480 1 9 2 1
477485 0 9 5 1
477488 0 9 5 1
363295 1 11 4 3
459108 1 12 4 1
347344 1 12 2 1
477481 1 12 1 1
367799 1 12 1 1
477480 0 12 5 1
477483 0 12 5 1
345999 1 13 3 4
478561 1 13 1 4
346774 1 13 1 3
346773 0 13 5 3
459107 1 13 5 1
470878 1 14 3 1
367800 1 14 3 3
363296 1 14 2 3
536438 1 14 1 3
367798 0 14 5 3
470879 0 14 5 1
347348 1 15 3 1
347698 1 15 2 1
347345 0 15 5 1
363297 1 15 5 3
470683 1 16 3 1
470839 1 16 2 1
460277 1 16 1 1
460278 0 16 5 1
470680 0 16 5 1
479027 1 17 2 1
478679 1 17 1 4
470527 0 17 7 1
470840 1 17 5 1
346529 1 18 3 1
479150 1 18 1 3
460535 1 18 1 4
346528 1 18 1 1
479146 0 18 5 3
479147 0 18 5 3
479148 0 18 5 3
470899 1 19 1 1
470898 0 19 5 1
470900 0 19 5 1
470902 0 19 5 1
479028 1 20 3 1
346345 1 20 3 1
469322 1 20 2 3
346193 1 20 2 1
478686 1 20 1 1
478685 0 20 5 1
478687 0 20 5 1
479029 0 20 5 1
479030 0 20 5 1
346346 1 21 5 1
346347 1 21 5 1
478704 1 22 2 1
347640 1 22 2 1
347643 0 22 5 1
478703 0 22 5 1
478707 0 22 6 1
478706 1 23 3 1
478708 0 23 5 1
347986 1 24 3 1
346531 1 24 3 1
346532 0 24 5 1
347988 0 24 5 1
346874 1 25 3 1
54383 1 25 2 2
479025 1 25 1 0
346877 0 25 5 1
477915 1 26 3 4
347009 1 26 3 1
478950 1 26 2 1
347730 1 26 2 1
347008 0 26 5 1
478951 0 26 6 1
478703 1 27 4 1
347987 1 27 2 1
347989 0 27 5 1
347990 0 27 5 1
478708 1 28 5 1
478754 1 29 2 1
478952 0 29 5 3
478755 1 30 3 1
477421 1 31 1 1
477419 0 31 5 1
477422 0 31 5 1
478756 1 31 5 1
477516 1 33 3 1
477880 1 33 2 1
477517 0 33 5 1
477808 0 35 5 1
477811 0 35 5 1
478756 1 36 1 1
477810 1 36 1 1
478757 0 36 5 1
477944 1 37 4 1
477943 1 37 1 1
355003 1 38 3 1
477517 1 38 1 3
355001 0 38 5 1
477809 0 38 5 1
477810 0 38 5 1
477812 0 38 5 1
477544 1 39 3 0
477516 0 39 5 1
478483 1 40 3 1
478918 1 40 2 1
478616 1 40 2 1
478154 1 40 2 3
354989 1 40 2 0
354992 0 40 5 0
477545 1 40 5 0
477811 0 40 5 1
478152 0 40 5 3
478617 0 40 5 1
478619 0 40 5 1
478917 0 40 5 1
478920 0 40 5 1
478623 1 41 2 3
478624 0 41 5 3
478349 1 42 2 1
478350 0 42 5 1
478697 0 43 6 3
477638 1 43 1 3
477639 0 43 5 3
478699 0 43 5 1
477802 1 45 3 1
477794 1 45 2 1
478707 1 46 3 3
478792 1 46 1 1
478704 0 46 5 3
478708 0 46 5 3
478793 0 46 5 1
477805 1 47 3 1
355065 1 47 3 1
478555 1 47 1 2
355064 0 47 5 1
477806 0 47 5 1
478557 0 47 5 2
477795 0 48 6 0
477796 0 48 5 0
479109 1 49 3 1
479098 1 49 2 1
479099 0 49 5 1
479111 1 50 2 1
477479 0 50 5 3
478465 1 51 3 0
478495 1 51 2 1
477462 1 51 2 1
477461 0 51 5 1
477463 0 51 5 1
477793 0 51 5 2
478498 0 51 5 1
478499 0 51 5 1
479159 1 52 3 1
478279 0 53 5 1
478660 1 53 1 1
478280 1 53 1 1
478661 0 53 5 1
477713 1 54 3 1
479120 1 54 2 1
477715 0 54 5 1
479119 0 54 5 1
479121 0 54 5 1
479122 0 54 5 1
477487 1 55 1 1
477488 0 55 5 1
478806 0 55 5 1
478807 0 55 5 1
478278 1 56 3 0
426764 1 57 2 1
426760 0 57 5 1
426761 0 57 5 1
426763 0 57 5 1
478281 1 57 5 0
478470 1 59 2 1
479455 1 60 1 3
479059 1 61 2 3
478282 1 57 5 0
