317568 2 1 3 0
10705 3 2 3 0
88376 3 2 3 0
194574 3 2 3 0
202348 3 2 1 0
299738 3 2 3 1
321482 4 3 3 0
74202 5 4 3 0
129471 5 3 3 1
387025 5 4 1 0
386663 6 3 1 0
386661 7 2 1 0
387790 8 2 1 0
13354 9 2 4 1
203147 9 3 4 0
386530 10 1 1 0
202535 12 2 4 1
386664 12 3 3 0
386891 12 3 4 0
387849 12 2 3 0
388737 13 2 1 0
202913 14 1 1 0
387847 16 4 1 0
386533 18 4 3 0
387846 19 3 1 0
388231 19 3 4 0
388391 19 4 1 0
93207 20 2 4 1
387799 20 3 1 1
93425 21 4 0 0
387099 22 2 1 0
387856 23 4 3 0
93419 24 2 1 0
388392 24 4 1 0
93356 25 2 0 0
387260 25 2 1 0
387854 25 3 1 0
388295 26 2 3 0
387120 27 2 1 0
388294 28 5 1 0
388489 29 2 3 0
387116 30 3 3 0
387852 30 4 0 0
387461 31 3 1 0
388211 31 3 1 0
387851 33 3 0 0
388542 33 2 1 1
387575 34 4 1 0
490794 34 3 3 0
94059 35 2 4 1
387261 35 3 3 0
94081 36 4 1 0
388212 36 4 3 0
388481 36 1 3 0
94020 37 4 1 0
386502 38 3 2 0
387993 38 4 1 0
94021 40 3 2 0
387831 40 3 4 0
388210 40 3 3 0
19158 42 3 3 0
438107 44 2 2 0
454260 44 3 3 0
394499 47 3 1 0
437332 47 3 2 0
