66332 1 3 6 3 0
83815 0 6 6 4 0
114646 0 6 6 3 0
117078 0 6 6 1 0
156260 0 6 6 3 0
179002 1 3 6 3 0
179918 1 2 6 3 0
215365 0 6 6 1 0
220831 1 3 6 3 0
226169 0 6 6 3 0
254397 0 6 6 3 0
274671 1 2 6 1 0
282808 1 1 6 3 0
297979 0 6 6 2 0
360624 1 2 6 2 0
419512 0 6 6 1 0
426617 0 6 6 2 1
527550 0 6 6 3 0
539580 0 6 6 2 1
553745 0 6 6 3 0
271417 0 6 8 3 0
527551 0 6 8 3 1
214754 1 2 9 3 0
220833 0 6 9 4 0
255832 0 6 9 3 0
419509 1 4 9 1 0
274672 0 6 10 2 0
419485 0 6 10 1 0
419510 0 6 10 1 0
420328 1 3 10 1 0
422187 1 4 10 3 1
66328 0 6 11 1 0
179923 1 4 11 3 0
214872 0 6 11 3 0
419891 0 6 11 1 0
271415 0 6 12 1 0
419513 0 6 12 3 0
420437 1 4 12 1 0
419444 0 6 13 1 0
420467 1 2 13 1 0
422185 1 4 13 3 1
270046 0 6 14 1 0
419411 1 4 14 1 0
420261 1 3 14 1 0
420863 0 6 14 1 0
271188 0 6 15 4 0
420490 1 3 15 1 0
293140 0 6 16 3 1
419759 1 4 16 1 0
420042 0 6 16 1 0
270312 1 4 17 1 1
419922 1 4 17 1 0
420214 0 6 17 1 0
270047 0 6 18 1 0
271765 1 3 18 1 0
419964 1 4 18 1 0
420438 0 6 18 2 0
420439 0 6 18 2 0
420477 1 3 18 3 0
420719 0 6 18 1 0
291881 0 6 19 3 0
419575 0 6 19 4 1
419860 1 4 19 4 1
419904 1 3 19 3 0
419968 1 4 19 3 0
420489 0 6 19 1 0
420800 0 6 19 1 0
270314 0 6 20 1 0
270717 1 3 20 1 0
411441 0 6 20 3 0
416903 1 3 20 3 0
420701 0 6 20 2 0
271764 0 6 21 1 0
290911 0 6 21 3 0
419903 0 6 21 2 0
419965 0 6 21 1 0
419966 1 3 21 1 0
420488 1 3 21 1 0
420801 1 4 21 1 1
309401 0 6 22 3 0
416904 0 6 22 3 0
419220 0 6 22 2 0
420803 0 6 22 3 1
270639 0 6 23 1 0
270664 1 4 23 1 0
271662 0 6 23 3 0
420380 0 6 23 3 0
270317 1 3 24 3 0
303085 0 6 24 3 0
419859 0 6 24 4 1
420120 0 6 24 1 0
420704 0 6 24 2 0
271372 1 4 25 0 0
271660 1 4 25 1 0
271763 1 2 25 0 0
270714 0 6 26 1 0
271170 1 3 26 1 0
271767 1 5 26 3 0
420608 1 5 26 1 0
271373 1 3 27 1 0
271658 0 6 27 0 0
358569 0 6 27 3 0
420121 0 6 27 1 0
271376 0 6 28 2 0
420609 1 3 28 2 0
420705 1 2 28 2 0
270340 0 6 29 1 1
271343 0 6 29 3 0
271659 1 5 29 1 1
271734 1 3 29 1 0
420607 1 3 29 1 0
271171 0 6 30 2 0
271735 1 3 30 1 0
390966 1 2 31 3 0
270343 1 3 32 3 0
270716 0 6 32 1 0
269870 1 2 33 1 0
270336 0 6 33 1 0
270344 0 6 33 4 1
270105 0 6 34 1 0
270781 0 6 34 1 0
270829 1 4 34 1 1
270306 0 6 36 1 0
270782 1 3 36 1 0
270736 1 3 37 1 0
271252 0 6 37 1 0
269869 0 6 38 1 0
270000 1 2 38 4 0
270731 0 6 38 1 0
271609 0 6 38 4 0
270975 0 6 39 1 0
270265 0 6 40 1 0
270830 0 6 40 3 0
270976 1 4 40 1 0
452255 1 3 42 3 0
271141 0 6 43 1 0
271364 0 6 44 1 0
270270 1 4 45 0 0
271377 0 6 45 3 0
338963 0 6 47 3 0
407086 1 3 48 3 0
