220831 1 4 2 3
179002 1 4 2 3
66332 1 4 2 3
66328 0 4 3 3
66329 0 4 3 3
220830 0 4 3 3
274670 0 4 3 1
274674 0 4 3 1
274675 0 4 3 1
274676 0 4 3 1
360624 1 5 1 2
274671 1 5 1 1
179918 1 5 1 3
179919 0 5 3 3
282806 0 5 3 3
282807 0 5 3 3
282809 0 5 3 3
360623 0 5 3 2
419509 1 6 3 1
282808 1 6 0 3
419510 0 6 3 1
419512 0 6 3 1
419513 0 6 3 1
419514 0 6 3 1
422187 1 7 3 3
179923 1 8 3 3
420328 1 8 2 1
214754 1 8 1 3
179921 0 8 3 3
214755 0 8 3 3
420331 0 8 3 1
420437 1 9 3 1
420438 0 9 3 1
422185 1 10 3 3
422183 0 10 3 3
419411 1 11 3 1
419410 0 11 3 1
419412 0 11 3 1
420261 1 12 2 1
420467 1 12 1 1
420262 0 12 3 1
419759 1 13 3 1
420490 1 13 2 1
419760 0 13 3 1
419761 0 13 3 1
420488 0 13 3 1
420491 0 13 3 1
420492 0 13 3 1
419922 1 14 3 1
270312 1 14 3 1
270313 0 14 3 1
419964 0 15 4 3
419963 0 15 3 1
419965 0 15 3 1
419966 0 15 3 1
419967 0 15 3 1
419968 0 15 4 1
419860 1 16 3 4
420477 1 16 2 3
271765 1 16 2 1
271766 0 16 3 1
419965 0 16 3 3
419966 0 16 3 3
419967 0 16 3 3
420488 0 16 3 1
420490 0 16 3 1
420491 0 16 3 1
420492 0 16 3 1
419904 1 17 2 3
419903 0 17 3 3
419905 0 17 3 3
420801 1 18 3 1
416903 1 18 2 3
270717 1 18 2 1
270715 0 18 3 1
270718 0 18 3 1
270719 0 18 3 1
420800 0 18 3 1
420488 1 19 2 1
419966 1 19 2 1
416901 1 19 3 3
416904 1 19 3 3
419963 0 19 3 1
419964 0 19 3 1
419965 0 19 3 1
419968 0 19 3 1
270664 1 20 3 1
419904 0 20 3 2
419905 0 20 3 2
420608 1 22 4 1
271767 0 22 5 0
271660 1 22 3 1
271372 1 22 3 0
270317 1 22 2 3
270313 0 22 3 3
270315 0 22 3 3
271373 0 22 3 0
271375 0 22 3 0
420703 0 22 3 2
420705 0 22 3 2
271763 1 23 3 3
271764 1 23 3 3
271765 1 23 3 3
420607 1 23 3 1
271170 1 24 2 1
271172 0 24 3 1
271764 0 24 3 0
271766 0 24 3 0
271659 1 25 4 1
271373 1 25 2 1
420609 0 26 4 1
271658 1 26 3 1
271660 1 26 3 1
271661 1 26 3 1
271662 1 26 3 1
420607 0 26 4 2
420610 0 26 3 2
271734 0 27 4 1
420705 1 27 1 2
271735 0 27 4 1
271736 0 27 3 1
271737 0 27 3 1
420608 0 27 3 1
420610 0 27 3 1
420703 0 27 3 2
271736 0 28 3 1
271738 0 28 3 1
270343 1 30 2 3
390966 1 30 1 3
270342 0 30 3 3
390963 0 30 3 3
390964 0 30 3 3
390965 0 30 3 3
390967 0 30 3 3
270829 1 31 3 1
270830 0 31 3 1
269870 1 32 1 1
269869 0 32 3 1
269871 0 32 3 1
270782 1 34 2 1
270781 0 34 3 1
270783 0 34 3 1
270784 0 34 3 1
270736 1 35 2 1
270738 0 35 3 1
270976 1 37 3 1
270000 1 37 1 4
270001 0 37 3 4
452255 1 40 2 3
452252 0 40 3 3
452254 0 40 3 3
270270 1 42 3 0
407086 1 46 2 3
270269 1 43 3 0
