274808 1 3 3 0
274809 0 3 3 0
530501 1 4 2 0
360872 1 4 2 3
319748 1 4 2 0
215741 1 4 2 3
64554 1 4 2 3
215739 0 4 3 3
215740 0 4 3 3
228250 0 4 3 0
228251 0 4 3 0
319749 0 4 3 0
319751 0 4 3 0
319752 0 4 3 0
360871 0 4 3 3
360873 0 4 3 3
530502 0 4 3 0
530503 0 4 3 0
475493 1 5 1 3
475491 0 5 3 3
475492 0 5 3 3
320999 1 6 3 0
228249 1 6 2 1
228248 0 6 3 1
321002 0 6 3 0
321003 0 6 3 0
321004 0 6 3 0
292612 1 7 3 1
434927 1 8 3 4
321001 1 9 4 1
321002 1 9 2 1
234046 1 9 2 1
174324 1 9 2 2
321004 0 9 3 1
321003 1 10 3 1
321004 1 10 3 1
233698 1 11 3 4
174322 1 11 2 0
174325 0 11 3 0
435224 0 11 3 3
320370 1 12 2 3
109545 1 12 2 3
234048 1 12 1 3
233717 1 12 1 1
109544 0 12 3 3
233718 0 12 3 1
233723 0 12 3 1
234047 0 12 3 3
320369 0 12 3 3
320371 1 14 2 3
320370 0 14 3 3
432535 1 15 3 3
292153 1 15 2 0
292154 1 16 3 0
292156 1 16 3 0
56222 1 20 2 3
56221 0 20 3 3
