401859 2 1 4 1
45746 3 2 4 0
333187 3 2 0 0
429161 5 4 3 0
559342 5 4 4 0
142271 6 3 1 0
142273 6 2 1 0
143873 6 2 1 0
218918 6 5 2 0
213741 7 3 3 0
478883 7 2 3 0
265907 8 3 3 0
454142 8 3 1 0
143893 10 2 1 0
213379 10 3 1 0
431231 10 3 2 0
142689 11 4 1 0
212871 11 2 3 0
452869 12 2 3 0
454141 12 4 1 1
454699 12 3 3 0
143203 13 2 1 0
143450 13 3 4 0
213777 14 3 1 0
399262 14 4 1 0
142721 15 3 4 0
143080 15 4 1 0
143509 15 3 1 0
453637 15 2 1 0
142745 16 3 1 0
213768 16 4 1 0
214066 16 4 4 1
453412 16 2 3 0
454143 16 4 1 0
213028 17 2 1 0
213329 17 4 1 0
453418 17 2 3 0
454305 17 2 1 1
143738 18 3 3 0
453010 18 2 2 0
213380 19 4 2 0
142485 20 4 3 0
431240 20 4 2 0
453895 20 3 1 0
454783 20 4 1 0
213031 21 3 3 0
213330 21 3 1 0
213333 21 3 0 1
452696 21 2 1 0
142478 22 2 1 0
142763 22 4 0 0
213625 22 2 1 0
214235 22 3 1 0
405206 22 3 3 0
454152 22 2 1 0
454837 22 3 1 0
142967 23 2 0 0
143180 23 2 1 0
213023 23 3 4 0
213667 23 1 1 0
453990 23 3 1 0
201689 24 3 3 0
453988 24 3 0 0
142680 25 3 3 1
213067 25 3 3 0
452576 25 3 1 0
452587 25 2 1 0
452588 25 3 1 0
454150 25 2 3 0
454838 25 2 1 0
142479 26 4 3 0
213672 26 3 3 0
453857 26 4 3 1
454682 26 3 1 0
213001 27 2 1 0
213335 27 2 1 0
453486 27 2 1 0
453744 27 2 1 0
454928 27 3 3 0
142874 28 4 0 0
201072 28 3 3 0
452594 28 3 3 0
453384 28 1 1 0
470437 28 3 3 0
14382 29 2 3 0
213063 29 3 1 0
213216 29 2 1 0
213676 29 3 2 1
214429 29 3 1 0
453524 29 3 1 0
143220 30 3 1 0
212817 30 3 1 0
213487 30 2 1 0
439661 30 3 3 0
142163 31 3 1 0
143417 31 3 1 0
200981 31 3 3 0
213752 31 3 1 0
213960 31 3 3 0
453001 31 4 3 0
454153 31 2 3 1
143322 32 3 3 0
453795 32 3 0 0
454129 32 3 3 0
454555 32 4 4 1
52658 33 2 3 0
142267 33 2 1 0
212963 33 4 4 0
213390 33 2 1 0
214380 33 4 1 0
452910 33 2 1 0
453798 33 2 1 0
143328 34 3 1 0
213962 34 3 3 0
214294 34 3 1 0
453526 34 3 3 0
142298 35 3 1 0
142354 35 2 1 0
143418 35 3 1 0
214167 35 2 1 0
215557 35 2 2 0
453660 35 3 1 0
471024 35 2 3 0
122948 36 3 3 0
142533 36 2 1 0
143416 36 4 1 0
143789 36 2 3 0
213450 36 3 1 0
214138 36 2 1 0
214146 36 4 1 0
214307 36 3 1 1
454880 36 3 1 0
142262 37 1 1 0
142265 37 3 1 0
143223 37 3 2 0
143758 37 2 1 0
143782 37 2 2 0
143864 37 1 1 0
143870 37 4 1 0
214139 37 2 1 1
214298 37 2 3 0
214303 37 3 1 0
269469 37 3 3 1
440867 37 2 3 0
113245 38 3 3 0
142351 38 3 1 0
213095 38 4 1 0
213453 38 2 3 1
213475 38 2 1 0
213562 38 3 3 0
213637 38 1 1 0
214108 38 2 1 0
352621 38 4 3 0
453892 38 3 0 0
453922 38 2 1 0
454648 38 4 1 0
142534 39 3 1 0
143091 39 3 1 0
143419 39 4 3 1
143446 39 4 3 0
143523 39 1 1 0
213476 39 1 1 0
214305 39 4 3 0
453886 39 2 1 0
454881 39 3 3 1
524916 39 4 3 0
142220 40 3 3 1
142496 40 3 1 0
142531 40 3 3 0
142613 40 4 1 0
142614 40 2 3 0
213478 40 3 3 0
213940 40 2 3 1
453620 40 2 1 0
37974 41 3 3 0
142263 41 3 3 0
142676 41 4 1 0
143137 41 2 1 0
213179 41 3 4 1
453923 41 2 3 0
142707 42 2 1 0
214221 42 4 3 0
214407 43 4 3 1
142501 44 3 3 0
213376 44 3 3 0
143102 45 3 1 0
143568 45 3 3 0
452921 45 3 1 0
142330 46 1 1 0
143140 46 2 3 0
213507 46 3 3 0
452919 46 3 3 0
142517 47 2 1 0
143191 47 2 1 0
453499 47 4 3 0
143469 48 3 3 0
391499 49 2 2 0
453498 49 3 1 0
453746 49 2 3 0
142432 50 4 1 0
143189 50 2 0 0
143252 50 4 1 0
143466 51 3 1 0
143558 52 3 1 0
212997 52 3 3 0
94901 55 2 3 0
143305 55 2 1 0
143196 58 2 1 0
142757 60 2 3 1
142914 60 3 1 0
143064 61 1 1 1
143065 66 4 3 0
464861 67 4 3 0
143889 68 2 3 0
143069 69 2 1 0
143691 70 4 1 0
208323 73 4 3 0
384124 78 2 3 0
