376202 2 1 2 1
451137 2 1 1 0
252671 3 2 3 0
114826 4 3 0 0
189712 4 3 4 0
222932 4 2 1 0
387689 4 3 4 0
459233 4 3 4 1
49186 5 4 3 0
223274 5 4 1 0
210361 6 2 3 0
105204 7 2 3 0
222748 7 3 1 0
458381 7 4 1 0
49181 8 3 3 0
459237 8 3 3 0
222749 9 3 3 0
223276 9 4 3 0
458387 9 1 3 0
49178 11 2 3 0
457254 11 3 1 0
459100 11 3 1 0
222747 12 2 1 0
458843 12 3 1 0
49177 14 2 3 1
458384 14 2 2 0
459076 14 2 1 0
459101 14 2 3 0
518671 14 3 3 0
458595 15 4 1 0
458600 15 3 1 0
519236 16 1 1 0
11702 17 2 4 1
221618 18 3 3 0
458976 18 3 1 0
459077 18 3 3 0
342027 19 3 3 0
458277 20 2 3 0
222404 21 2 1 0
222405 21 4 1 0
458929 21 3 1 0
342117 22 2 1 0
187813 24 3 3 0
222955 24 2 1 0
342324 24 2 1 0
158886 25 3 3 1
342164 25 3 1 0
457428 25 3 1 0
341281 27 3 1 0
458606 28 2 1 0
123322 29 3 3 1
150265 29 2 3 0
551905 29 3 3 0
342466 30 4 4 0
422149 30 2 3 0
150256 31 2 3 0
341282 31 3 1 0
458513 31 3 3 1
192250 32 4 2 1
341270 32 2 2 0
341828 32 4 0 0
458607 32 2 3 1
458721 32 2 1 0
458988 32 3 1 0
159647 33 3 2 0
341284 33 2 1 0
31693 34 4 2 1
149833 35 3 3 0
149831 37 2 1 0
217039 37 4 4 0
341814 37 3 1 0
341010 38 2 3 0
7341 39 2 4 1
31690 39 4 1 0
341981 39 3 1 0
471201 39 3 3 1
341038 40 2 1 0
458722 40 2 2 0
7333 41 4 1 0
31691 41 3 1 1
341815 41 3 1 0
341980 41 3 0 0
176161 43 2 3 0
517125 43 3 3 0
7334 44 2 1 0
32034 44 2 1 0
32372 44 2 1 0
176167 44 1 1 0
32934 45 2 2 1
149637 45 2 1 0
32690 46 4 1 0
341037 46 3 1 0
32031 47 3 3 0
340967 48 4 1 0
341115 48 2 1 0
342111 48 3 1 0
341481 49 2 1 0
342070 49 2 1 0
33416 50 1 1 0
341380 50 3 1 0
32605 51 2 1 0
342066 51 2 1 0
342113 51 3 1 0
7335 53 3 1 0
341615 53 3 1 0
341116 54 3 1 0
31952 55 2 1 0
32608 55 4 1 0
33069 55 4 4 0
342114 55 3 1 0
31872 56 2 1 0
32862 56 2 1 0
342395 56 2 1 0
32253 57 3 1 0
342227 57 2 1 0
32515 58 3 1 0
342228 58 2 3 0
342180 59 4 1 0
342394 59 2 1 0
32426 60 1 1 0
32452 60 2 1 0
342069 60 3 1 0
342392 60 3 1 0
32569 61 3 1 0
344057 61 2 3 0
342393 62 2 1 0
32108 63 3 3 0
32442 64 3 1 0
342038 64 3 3 0
342383 64 3 1 0
32990 66 3 1 0
32352 68 3 1 0
5998 69 3 1 0
341210 69 2 1 0
31832 70 2 0 0
32347 70 3 0 0
32355 70 3 3 0
341877 70 2 2 0
285922 71 3 2 0
32545 72 3 1 0
340871 72 2 1 0
6925 73 3 1 0
32546 73 3 3 1
32574 73 3 0 0
342004 74 3 3 0
6776 75 4 1 0
7350 75 2 0 0
32544 75 2 1 0
33243 75 4 3 0
341208 75 4 1 0
5701 77 3 1 0
6708 77 2 1 0
32943 77 2 0 0
6112 78 3 1 0
6129 78 3 1 0
7011 78 2 1 0
455654 78 4 3 0
6325 79 2 1 0
342174 79 1 1 0
342436 79 3 1 0
460349 79 3 3 0
265256 80 4 3 0
7009 81 4 1 0
7282 81 3 1 0
31157 81 4 3 0
33244 81 4 3 0
6113 82 3 1 0
6327 82 3 3 0
7195 82 3 1 0
7261 82 3 1 0
5698 84 4 0 1
342509 84 4 1 0
7197 85 4 1 0
7199 85 3 3 0
28453 85 3 3 0
7079 86 3 1 0
6813 87 3 4 0
7010 87 5 1 0
7319 89 3 4 0
341013 89 3 2 0
5786 90 3 1 0
6653 90 3 1 0
6017 91 3 3 0
6809 91 2 1 0
120720 92 3 1 0
436186 92 2 2 0
6891 94 4 4 0
5784 95 3 1 0
6844 96 3 3 0
120789 96 3 1 0
436194 96 3 3 0
5785 97 3 1 0
120775 97 2 1 0
7297 98 2 1 0
7343 98 3 0 0
7243 99 3 1 0
437805 99 2 3 0
5832 100 2 3 0
7120 100 3 0 0
120495 100 4 1 0
120776 100 4 1 0
436949 100 3 1 0
6715 101 2 1 0
120821 101 2 1 0
7156 102 3 3 0
120506 102 2 3 0
120520 102 2 1 1
120820 102 3 1 0
119992 103 3 1 0
120455 103 3 1 0
120504 103 2 1 0
121205 103 4 1 0
120878 104 2 1 0
436980 104 4 1 0
115093 105 4 3 1
121314 105 3 1 0
145820 105 3 2 1
436100 105 3 1 0
437802 105 3 0 0
7359 106 4 1 0
436602 106 4 1 0
5552 107 3 1 0
5763 107 3 1 0
6883 107 4 1 0
36313 107 1 2 1
120866 107 2 3 0
437804 107 3 3 1
5934 108 2 1 0
5961 108 3 1 1
5997 108 3 3 0
119639 109 2 3 0
6721 110 4 2 0
7360 110 3 1 0
36198 110 2 0 0
36311 110 3 0 0
119924 111 4 3 0
390863 111 3 3 0
436102 111 4 3 0
7019 112 3 3 1
119958 112 1 1 0
121059 112 2 1 0
298699 112 2 2 1
5979 113 2 3 0
76320 113 4 3 0
5936 114 3 1 0
36233 114 3 1 0
119917 114 3 3 0
321859 114 3 3 0
24714 115 3 3 0
121058 115 3 0 0
5943 116 3 3 0
24715 117 3 3 0
76312 117 3 1 0
121050 117 3 4 0
7316 118 3 2 0
119626 119 2 1 0
321858 119 2 2 0
348926 119 3 3 0
486018 120 2 3 0
120075 121 1 1 0
263714 122 4 3 0
486016 122 3 2 0
