274808 1 3 3 0
274809 0 3 5 0
530501 1 4 2 0
360872 1 4 2 3
319748 1 4 2 0
215741 1 4 2 3
64554 1 4 2 3
215739 0 4 5 3
215740 0 4 5 3
228250 0 4 5 0
228251 0 4 5 0
319749 0 4 5 0
319751 0 4 5 0
319752 0 4 5 0
360871 0 4 5 3
360873 0 4 5 3
530502 0 4 5 0
530503 0 4 5 0
475493 1 5 1 3
475491 0 5 5 3
475492 0 5 5 3
320999 1 6 3 0
228249 1 6 2 1
228248 0 6 5 1
321002 0 6 6 0
321003 0 6 5 0
321004 0 6 5 0
292612 1 7 3 1
434927 1 8 3 4
321001 0 9 5 1
234046 1 9 2 1
174324 1 9 2 2
174322 0 9 5 2
234045 0 9 5 1
234047 0 9 5 1
234048 0 9 5 1
320999 0 9 5 1
321003 0 9 5 1
321004 0 9 5 1
320999 1 10 5 1
321000 1 10 5 1
321002 1 10 5 1
321004 1 10 5 1
233698 1 11 3 4
174323 0 11 5 0
174325 0 11 5 0
320370 1 12 2 3
109545 1 12 2 3
233717 1 12 1 1
109544 0 12 5 3
233719 0 12 7 1
233720 0 12 5 1
233721 0 12 5 1
233722 0 12 5 1
234045 0 12 5 3
234047 0 12 5 3
362497 0 13 6 3
319303 1 13 3 4
292124 1 13 3 1
320464 1 13 2 3
175145 1 13 2 3
175147 0 13 5 3
292123 0 13 5 1
292125 0 13 5 1
292126 0 13 5 1
362498 0 13 5 3
291585 1 14 4 1
233728 1 14 2 2
320467 0 14 5 2
362495 0 14 5 3
233727 1 15 3 1
320371 1 15 2 3
234359 1 15 1 3
109552 1 15 1 2
233720 1 15 5 1
233721 1 15 5 1
234357 0 15 5 3
234360 0 15 5 3
234361 0 15 5 3
291583 1 15 5 1
291584 1 15 5 1
291586 1 15 5 1
291587 1 15 5 1
329584 1 16 1 4
232638 0 16 5 1
232641 0 16 6 1
111250 1 17 3 1
291397 1 17 2 1
234565 1 17 2 1
111249 0 17 5 1
111252 0 17 5 1
233393 0 18 9 1
482400 1 18 2 3
234240 1 18 2 1
234241 0 18 5 1
291400 1 18 5 1
482398 0 18 5 3
482401 0 18 5 3
233939 1 19 2 1
233265 1 19 2 1
233395 1 19 5 1
233654 0 19 5 1
233937 0 19 5 1
233938 0 19 5 1
233940 0 19 5 1
234357 0 19 5 3
234361 0 19 5 3
233560 1 20 3 1
232510 1 20 3 1
234456 1 20 2 1
234232 1 20 2 1
233394 1 20 2 3
232897 1 20 2 1
232638 1 20 5 3
232639 1 20 5 3
233263 1 20 5 1
233264 1 20 5 1
233267 1 20 5 1
233268 1 20 5 1
233561 0 20 5 1
234228 0 20 5 1
234229 0 20 5 1
234231 0 20 5 1
234233 0 20 5 1
234234 0 20 5 1
234608 0 20 5 1
291708 0 21 5 1
234621 1 21 4 3
291707 1 21 2 1
234618 1 21 2 1
234242 1 21 2 3
234033 1 21 2 1
233605 1 21 1 4
232511 1 21 5 1
232513 1 21 5 1
232514 1 21 5 1
232895 1 21 5 1
232896 1 21 5 1
232898 1 21 5 1
234035 0 21 5 1
516150 1 22 3 3
108337 1 22 3 3
458867 1 22 2 3
233479 1 22 2 1
108336 0 22 5 3
232639 0 22 5 0
232640 0 22 5 0
233480 0 22 5 1
234319 0 22 5 1
234320 0 22 5 1
234619 1 22 5 3
234622 1 22 5 3
291709 1 22 5 1
458863 0 22 5 3
458866 0 22 6 3
291552 0 23 5 1
234179 1 23 3 1
291550 1 23 2 1
234318 1 23 1 1
234180 0 23 5 1
234183 0 23 5 1
291551 0 23 6 1
291554 0 23 5 1
233617 1 24 3 1
233367 1 24 2 1
233263 0 24 5 3
233265 0 24 5 3
233266 0 24 5 3
233267 0 24 5 3
233368 0 24 5 1
233370 0 24 5 1
233616 0 24 5 1
233618 0 24 5 1
232558 1 25 3 1
234143 1 25 2 1
234133 1 25 2 1
233369 1 25 2 1
232649 1 25 2 4
109464 1 25 2 2
109463 0 25 5 2
232557 0 25 5 1
232561 0 25 5 1
233133 0 25 5 3
233136 0 25 5 3
233368 0 25 5 1
233371 0 25 5 1
234131 0 25 5 1
234132 0 25 5 1
234142 0 25 5 1
458862 0 25 5 3
458863 0 25 5 3
458865 0 25 5 3
458867 0 25 5 3
292169 1 26 3 1
291711 1 26 3 1
232938 1 26 3 1
514720 1 26 2 3
234616 1 26 2 1
233989 1 26 2 1
109332 1 26 2 1
109334 0 26 5 1
109336 0 26 5 1
233986 0 26 5 1
233988 0 26 5 1
233991 0 26 5 1
234617 0 26 5 1
234618 0 26 5 1
234619 0 26 5 1
291714 0 26 5 1
292173 0 26 5 1
514718 0 26 5 3
290401 1 27 3 1
233141 1 27 3 3
108694 1 27 3 3
232838 1 27 2 0
291553 1 27 5 1
234174 1 27 1 3
233957 0 27 5 3
233959 0 27 5 3
234173 0 27 5 3
234175 0 27 5 3
290402 0 27 5 1
290403 0 27 5 1
290404 0 27 5 1
291550 1 27 5 1
291552 1 27 5 1
291554 0 27 5 3
183229 1 28 3 2
291709 1 28 2 3
234595 1 28 2 1
233178 1 28 2 1
191905 1 28 2 3
130927 1 28 2 3
233186 1 28 1 3
183228 0 28 5 2
191903 0 28 5 3
233177 0 28 5 1
233179 0 28 5 1
233183 0 28 5 3
233184 0 28 5 3
233185 0 28 5 3
234593 0 28 8 1
234594 0 28 5 1
234597 0 28 5 1
291706 0 28 5 3
291707 0 28 5 3
292060 0 28 5 1
292377 1 29 2 1
110923 1 29 2 3
91648 1 29 2 2
91647 0 29 5 2
91649 0 29 5 2
234131 0 29 5 1
234133 0 29 5 1
292378 0 29 5 1
425456 1 30 3 2
432420 1 30 2 3
171969 1 30 2 3
109951 1 30 2 4
190764 1 30 1 3
190765 0 30 5 3
234595 1 30 5 0
291712 0 30 5 3
291713 0 30 5 3
290366 1 31 4 4
291000 1 31 3 4
234303 1 31 3 1
109333 1 31 1 1
109332 0 31 5 1
109334 0 31 5 1
109336 0 31 5 1
234305 0 31 5 1
425454 1 31 5 2
425457 1 31 5 2
425458 1 31 5 2
292384 1 32 2 3
233812 1 32 2 1
233622 1 32 1 1
233624 0 32 5 1
233811 0 32 5 1
233813 0 32 5 1
233815 0 32 5 1
233816 0 32 5 1
290996 1 32 5 4
290997 1 32 5 4
290998 1 32 5 4
290999 1 32 5 4
292380 0 32 5 3
292383 0 32 5 3
233806 1 33 3 1
292815 1 33 2 1
290635 1 33 2 3
290403 1 33 1 2
292814 0 33 5 1
291478 1 34 2 1
164398 1 34 2 3
290361 1 34 1 0
233804 1 34 5 1
233807 1 34 5 1
233809 1 34 6 1
290362 0 34 5 0
290363 0 34 5 0
290364 0 34 5 0
290403 0 34 5 2
291476 0 34 5 1
233541 1 35 3 1
290404 0 35 6 1
292509 1 35 1 1
234165 1 35 1 1
110645 1 35 1 1
110646 0 35 5 1
110647 0 35 5 1
110648 0 35 5 1
234166 0 35 5 1
290398 0 35 5 3
290400 0 35 5 3
290401 0 35 5 3
290402 0 35 5 3
290403 0 35 5 3
292511 0 35 5 1
292512 0 35 5 1
233428 1 36 4 1
310563 1 36 3 3
293011 1 36 3 1
293214 1 36 2 1
290399 1 36 2 1
290402 0 36 5 1
290403 0 36 5 1
293010 0 36 5 1
293012 0 36 5 1
293014 0 36 5 1
293213 0 36 7 1
293215 0 36 5 1
293217 0 36 5 1
293218 0 36 5 1
191904 0 37 5 1
291479 1 37 3 3
20700 1 37 3 3
293216 1 37 2 1
292817 0 37 5 1
251232 1 37 2 3
191903 1 37 6 1
164404 1 37 2 0
20701 0 37 5 3
164406 0 37 6 0
191905 0 37 5 1
233427 1 37 5 1
233429 1 37 5 1
233804 0 37 5 3
233806 0 37 5 3
233808 0 37 5 3
251228 0 37 5 3
251230 0 37 5 3
251231 0 37 5 3
291476 0 37 5 3
291477 0 37 5 3
291480 0 37 5 3
292814 0 37 5 1
292816 0 37 5 1
292812 0 37 5 3
292815 0 37 5 3
293213 0 37 5 1
293215 0 37 5 1
502814 1 38 3 3
234157 1 38 3 1
40767 1 38 3 3
301562 1 38 2 2
290473 1 38 2 1
292813 1 38 1 1
40765 0 38 5 3
191906 1 38 5 1
234158 0 38 5 1
234159 0 38 5 1
290474 0 38 5 1
293214 0 38 5 1
293215 0 38 5 1
293218 0 38 5 1
502815 0 38 5 3
514866 1 39 2 3
109728 1 39 2 1
25222 1 39 2 1
291254 1 39 1 3
25223 0 39 5 1
25224 0 39 5 1
25227 0 39 5 1
291252 0 39 5 3
291253 0 39 5 3
232630 1 40 2 1
110903 1 40 2 1
178993 1 40 1 2
110904 0 40 5 1
110908 0 40 5 1
110909 0 40 5 1
164404 0 40 5 3
178994 0 40 5 2
232631 0 40 5 1
290659 0 40 5 1
504922 1 41 3 2
110995 1 41 2 1
233426 0 41 6 1
233430 0 41 5 1
504920 0 41 5 2
504923 0 41 5 2
178995 1 42 3 3
226863 1 42 2 2
110897 1 42 2 1
110899 0 42 5 1
110993 1 42 5 1
110996 1 42 5 1
178993 0 42 5 3
226862 0 42 5 2
441071 1 43 3 4
110472 1 43 1 1
110079 0 43 5 1
110474 0 43 5 1
441069 0 43 5 4
441070 0 43 5 4
287291 1 44 3 0
226856 1 44 2 4
25225 1 44 2 3
25222 0 44 5 3
25226 0 44 5 3
25227 0 44 5 3
226855 0 44 5 4
233428 0 44 5 1
233429 0 44 5 1
233430 0 44 5 1
287292 0 44 5 0
233157 1 45 2 1
232628 1 45 2 0
110473 1 45 2 3
233465 1 45 1 3
110470 0 45 5 3
110474 0 45 5 3
232629 0 45 5 0
232631 0 45 5 0
233158 0 45 5 1
290662 1 46 4 0
390771 0 46 5 3
346219 1 47 3 3
109072 1 47 3 1
21743 1 47 3 3
233823 1 47 2 1
110082 0 47 6 1
109449 1 47 2 3
390772 1 47 1 3
306562 1 47 1 2
290663 1 47 1 3
109446 0 47 5 3
109447 0 47 5 3
109448 0 47 5 3
110472 0 47 5 3
110473 0 47 5 3
233822 0 47 5 1
233824 0 47 5 1
290661 1 47 5 0
290664 1 47 5 0
306563 0 47 5 2
306564 0 47 5 2
110990 1 48 4 4
539465 1 48 3 3
93522 1 48 2 3
110079 1 48 1 1
93521 0 48 5 3
109073 1 48 5 1
110081 0 48 5 1
110083 0 48 5 1
501860 1 49 2 3
233202 1 49 2 2
233159 1 49 2 1
109797 1 49 2 1
27198 1 49 2 3
27197 0 49 5 3
109796 0 49 5 1
109799 0 49 5 1
233158 0 49 5 1
233161 0 49 5 1
498589 0 49 5 3
220185 1 50 3 3
109898 0 50 5 1
109308 1 50 3 2
233833 1 50 2 4
155050 1 50 2 1
111370 1 50 2 1
109897 0 50 5 3
109673 1 50 2 1
109281 1 50 1 4
109672 0 50 5 1
109674 0 50 5 1
109675 0 50 5 1
109899 0 50 5 3
111368 0 50 5 1
111371 0 50 5 1
111372 0 50 5 1
155052 0 50 5 1
155053 0 50 5 1
155054 0 50 5 1
220187 0 50 5 3
232750 1 51 3 1
504454 1 51 2 1
234391 1 51 2 1
233844 1 51 2 3
110471 1 51 2 1
93615 0 51 5 4
109734 0 51 5 3
110473 0 51 5 1
233840 0 51 5 3
233841 0 51 5 3
233843 0 51 5 3
234393 0 51 5 1
504456 0 51 5 1
110556 1 52 3 1
110087 1 52 3 3
109892 0 52 6 1
460482 1 52 2 2
110667 1 52 1 1
109890 0 52 5 1
109891 0 52 5 1
109894 0 52 5 1
110086 0 52 5 3
232752 1 52 5 1
232754 1 52 5 1
109305 1 53 3 3
501743 1 53 2 3
233410 1 53 1 1
110083 1 53 1 3
109301 0 53 5 3
109304 0 53 5 3
109891 0 53 5 1
109893 0 53 5 1
109894 0 53 5 1
109895 0 53 5 1
110558 1 53 5 1
110559 1 53 5 1
233409 0 53 5 1
233411 0 53 5 1
358107 1 54 2 1
503252 1 54 1 1
27213 1 54 1 3
27214 0 54 5 3
358108 0 54 5 1
501741 1 54 5 3
110038 1 55 3 1
109289 1 55 3 0
81493 1 55 3 4
232891 1 55 2 1
110039 0 55 5 1
232892 0 55 5 1
232893 0 55 5 1
233409 0 55 5 2
389994 0 55 5 4
109296 1 56 3 1
504157 1 56 2 1
503253 1 56 2 1
233579 1 56 2 1
154760 1 56 2 1
81133 0 56 5 3
109288 1 56 5 0
109290 1 56 5 0
109292 1 56 5 0
109293 1 56 5 0
109297 0 56 5 1
109298 0 56 5 1
109299 0 56 5 1
109300 0 56 5 1
154761 0 56 5 1
233581 0 56 5 1
358104 0 56 5 3
503251 0 56 5 1
503254 0 56 5 1
503874 1 57 3 1
503260 1 57 3 1
110557 1 57 2 1
110556 0 57 5 1
110559 0 57 5 1
503875 0 57 5 1
503273 1 58 3 1
233994 1 58 3 1
233346 1 58 3 1
505155 1 58 2 1
138337 1 58 2 3
138338 0 58 5 3
153410 0 58 5 3
233998 0 58 5 1
233999 0 58 5 1
503261 1 58 5 1
503271 0 58 5 1
503274 0 58 5 1
505154 0 58 5 1
505156 0 58 5 1
233345 1 59 3 0
503889 1 59 2 3
503536 1 59 2 3
121448 1 59 2 2
110037 1 59 2 1
110034 1 59 2 3
109844 1 59 2 1
109845 0 59 5 1
109846 0 59 5 1
110035 0 59 5 3
110038 0 59 5 1
110040 0 59 5 1
110038 0 59 5 2
121447 0 59 5 2
233348 0 59 5 0
355834 0 59 5 3
355835 0 59 5 3
503535 0 59 5 3
504714 1 60 3 1
503436 1 60 3 1
232529 1 60 3 1
81118 1 60 3 4
504716 0 60 5 1
234372 1 61 3 1
234370 1 61 3 0
154075 1 61 3 1
233591 1 61 2 1
460742 1 61 1 3
81117 1 61 5 4
154076 0 61 5 1
154077 0 61 5 1
232530 1 61 5 1
232531 1 61 5 1
234371 0 61 5 0
234373 0 61 5 1
234375 0 61 5 1
460741 0 61 5 3
503434 1 61 5 1
503435 1 61 5 1
503437 1 61 5 1
153604 1 62 4 1
503128 1 62 3 1
234207 1 62 3 1
268374 1 62 2 3
504471 1 62 1 1
109845 0 62 5 1
109847 0 62 5 1
233592 1 62 5 1
233593 1 62 5 1
234206 0 62 5 1
234209 0 62 5 1
504469 0 62 5 1
504470 0 62 5 1
504473 0 62 5 1
233070 1 63 3 1
504709 1 63 2 1
233695 1 63 2 0
359049 1 63 1 3
153602 1 63 5 1
153603 1 63 5 1
153605 1 63 5 1
233068 0 63 5 1
233071 0 63 5 1
233073 0 63 5 1
268373 1 63 5 3
359050 0 63 5 3
503132 1 63 5 1
503511 1 64 3 1
268289 1 64 3 3
232958 1 64 3 1
232887 1 64 3 2
154864 1 64 3 1
358300 1 64 2 3
233807 1 64 2 1
155093 1 64 2 1
153935 1 64 2 1
153933 0 64 5 1
153934 0 64 5 1
153936 0 64 5 1
153937 0 64 5 1
154863 0 64 5 1
154866 0 64 5 1
154867 0 64 5 1
155095 0 64 6 1
155097 0 64 8 1
232959 0 64 5 1
233804 0 64 5 1
233806 0 64 5 1
268287 0 64 5 3
268288 0 64 5 3
358299 0 64 5 3
503131 1 65 4 1
153903 1 65 4 1
503272 1 65 3 1
233290 1 65 3 1
232885 1 65 5 2
232886 1 65 5 2
232888 1 65 5 2
233291 0 65 5 1
503510 1 65 5 1
503513 1 65 5 1
504087 1 66 3 1
503767 1 66 2 1
234374 1 66 2 3
109206 1 66 2 1
504051 1 66 1 1
109208 0 66 5 1
155094 1 66 5 3
234371 0 66 5 3
234372 0 66 5 3
503128 1 66 5 1
503129 1 66 5 1
503132 1 66 5 1
503133 1 66 5 1
503273 1 66 5 1
503275 1 66 5 1
503765 0 66 5 1
503768 0 66 5 1
503769 0 66 5 1
504088 0 66 5 1
504089 0 66 5 1
504090 0 66 5 1
153223 1 67 3 1
110683 1 67 3 1
268290 1 67 2 3
109334 1 67 2 1
109333 0 67 5 1
109335 0 67 5 1
109336 0 67 5 1
268287 0 67 5 3
268288 0 67 5 3
268289 0 67 5 3
505175 0 67 5 1
505177 0 67 5 1
503863 1 68 3 1
113531 1 68 2 3
504972 1 68 1 1
108959 1 68 1 1
153224 1 68 5 1
153225 1 68 5 1
155093 1 68 5 1
155094 1 68 5 1
155096 1 68 5 1
504807 1 69 3 1
503012 1 69 2 1
502986 1 69 2 1
460139 1 69 2 1
233069 1 69 2 1
233068 0 69 5 1
233070 0 69 5 1
233071 0 69 5 1
233072 0 69 5 1
502987 0 69 5 1
503013 0 69 5 1
503014 0 69 5 1
503862 1 69 5 1
503866 1 69 5 1
503867 1 69 5 1
460516 1 70 3 1
460218 1 70 3 1
504951 1 70 2 1
110362 1 70 2 3
27434 1 70 1 3
27431 0 70 5 3
27432 0 70 5 3
27433 0 70 5 3
460141 1 70 5 1
460517 0 70 5 1
504810 1 70 5 1
505177 0 70 5 1
505178 0 70 5 1
503923 1 71 3 1
503858 1 71 3 3
502988 1 71 2 3
258031 1 71 2 2
459955 1 71 1 1
258030 0 71 5 2
258032 0 71 5 2
459956 0 71 5 1
460219 1 71 5 1
502986 0 71 5 3
503856 0 71 5 3
503857 0 71 5 3
503922 0 71 5 1
503924 0 71 5 1
503925 0 71 5 1
504950 0 72 7 0
504672 0 72 6 1
504808 1 72 2 1
111019 1 72 2 1
107827 1 72 2 3
505169 1 72 1 0
504313 1 72 1 1
63782 1 72 1 2
110685 0 72 5 3
111018 0 72 5 1
111020 0 72 5 1
111021 0 72 5 1
111022 0 72 5 1
504316 0 72 5 1
504670 0 72 5 1
504671 0 72 5 1
504809 0 72 5 1
504810 0 72 5 1
504949 0 72 5 0
504952 0 72 5 0
504953 0 72 5 0
504674 1 73 3 1
460655 1 73 3 1
454141 1 73 1 3
27431 0 73 5 2
27434 0 73 5 2
454140 0 73 5 3
504673 0 73 5 1
504675 0 73 5 1
232779 1 74 3 1
110272 1 74 3 1
509631 1 74 2 1
149412 1 74 2 3
149410 0 74 5 3
460657 1 74 5 1
504951 0 74 5 0
509634 0 74 5 1
504764 1 75 2 1
503844 1 75 1 1
110271 1 75 5 1
110273 1 75 5 1
110275 1 75 5 1
110277 1 75 5 1
502938 0 75 5 4
503847 0 75 5 1
504807 0 75 5 3
504809 0 75 5 3
504282 1 76 3 4
25028 0 76 7 1
504933 1 76 2 2
504283 0 76 5 4
504930 0 76 5 2
504932 0 76 5 2
504934 0 76 5 2
503672 1 77 3 1
340105 1 77 2 3
110274 1 77 5 0
110277 1 77 5 0
340104 0 77 5 3
503673 0 77 5 1
534731 1 78 3 3
25027 1 78 2 1
505171 1 78 1 3
25030 0 78 5 1
25031 0 78 5 1
505169 0 78 5 3
505170 0 78 5 3
503218 1 79 4 0
503503 1 79 2 0
503504 0 79 5 0
503505 0 79 5 0
503507 0 79 5 0
216747 1 80 2 3
216746 0 80 5 3
503220 1 80 5 0
503221 1 80 5 0
504481 1 81 4 1
504904 1 81 2 2
504063 1 81 1 1
503506 0 81 5 0
503509 0 81 5 0
504065 0 81 5 1
504066 0 81 5 1
504409 1 82 3 2
110522 1 82 3 3
503457 1 82 2 1
503180 1 82 2 1
24827 1 82 2 1
24828 0 82 5 1
24829 0 82 5 1
24830 0 82 6 1
110523 0 82 5 3
503179 0 82 5 1
503458 0 82 5 1
503459 0 82 5 1
504408 0 82 5 2
504482 1 82 5 1
504483 1 82 5 1
504485 1 82 5 1
503181 1 83 4 1
504702 0 83 5 3
504701 0 83 5 3
503553 1 83 2 0
502926 1 83 2 1
502931 1 83 1 3
502927 0 83 5 1
502930 0 83 5 3
503531 0 83 5 3
503532 0 83 5 3
503555 0 83 5 0
504699 0 83 5 3
504700 0 83 5 3
503182 1 84 5 1
503018 1 84 2 1
503183 0 84 5 2
503219 0 84 5 3
502970 1 85 4 1
505092 1 85 2 1
504729 1 85 2 1
502983 1 85 2 1
76406 1 85 2 3
24827 0 85 5 3
24828 0 85 5 3
24829 0 85 5 3
24831 0 85 5 3
502984 0 85 5 1
503017 1 85 5 1
503020 1 85 5 1
504727 0 85 5 1
504730 0 85 5 1
505094 0 85 5 1
505095 0 85 5 1
503579 1 86 2 1
502971 1 86 5 1
502972 1 86 5 1
503577 0 86 5 1
503578 0 86 5 1
503580 0 86 5 1
504442 1 87 3 4
503019 1 87 3 1
504597 1 87 2 1
504445 1 87 2 1
503165 1 87 2 3
503017 0 87 5 1
503018 0 87 5 1
503020 0 87 5 1
504441 0 87 5 4
504599 0 87 5 1
504193 1 88 4 1
25239 1 88 2 1
25240 0 88 5 1
25241 0 88 5 1
504479 0 88 5 1
503229 0 89 5 1
503234 0 89 5 1
504195 1 89 5 1
504598 1 90 2 3
503232 1 90 2 1
503026 1 90 2 1
25418 1 90 2 1
503027 0 90 5 1
503029 0 90 5 1
502970 1 91 5 3
502971 1 91 5 3
504599 1 91 5 3
503200 1 92 3 1
502913 1 92 7 1
502912 0 92 8 1
25422 1 93 1 3
25419 0 93 5 3
25421 0 93 5 3
503426 1 94 3 3
25562 1 94 1 4
503424 0 94 5 3
504431 0 95 9 1
504430 1 96 5 1
504433 1 96 5 1
505076 1 98 2 2
505074 0 98 5 2
505075 0 98 5 2
505077 0 98 5 2
503663 0 99 7 3
503661 0 99 5 1
503662 0 99 5 1
503666 0 99 6 1
503664 0 101 5 3
503662 0 101 5 1
503666 0 101 5 1
503667 0 101 6 1
503662 0 101 5 3
503662 0 104 5 3
503663 0 104 5 3
503665 0 104 5 3
503661 1 106 3 0
55439 1 106 2 2
55436 0 106 5 2
503663 0 106 5 0
503664 0 106 5 0
503666 0 106 5 0
55434 1 107 3 3
503667 0 106 5 0
