10706 9
10707 9
194573 9
194575 9
194576 9
299737 9
317567 9
202349 10
321480 10
321483 10
387027 11
386661 12
386664 14
386665 14
387789 15
387792 15
386533 17
386661 18
386662 18
386663 18
93447 20
93450 20
386530 20
386531 20
386532 20
387043 20
387045 20
387846 21
388312 21
291359 23
291361 23
387046 23
387047 23
387048 23
387336 23
386619 24
387847 24
388489 24
388490 24
386529 25
386533 25
388491 25
387845 26
387848 26
345776 27
386951 27
387460 27
387463 27
387592 27
341955 28
386835 28
386837 28
388614 28
388619 28
386987 30
386989 30
387171 30
387172 30
387173 30
387175 30
387846 30
387847 30
387849 30
386952 31
386953 31
388390 31
388617 31
388618 31
386988 33
386991 33
387131 33
387132 33
388615 33
388616 33
386903 34
386904 34
386905 34
386954 34
386955 34
386956 34
386951 35
388548 36
388613 36
388384 37
388385 37
388388 37
388444 37
388446 37
388447 37
388544 37
388545 37
388547 37
388614 37
388619 37
388390 38
388394 38
388395 38
469376 38
388692 39
388693 39
357692 40
387909 40
386450 41
386525 41
387548 41
388667 41
388312 43
388313 43
388565 43
388567 43
388568 43
386459 44
387778 44
386981 47
386982 47
387148 47
387151 47
388666 47
386460 48
386461 48
386983 48
386984 48
387159 48
388457 48
387731 49
387149 52
387150 52
387733 52
