10705 1 4 6 3 0
14048 0 6 6 3 0
74202 1 2 6 3 0
88376 1 4 6 3 0
93452 0 6 6 1 0
127315 0 6 6 1 0
194574 1 4 6 3 0
197340 0 6 6 3 1
202348 1 4 6 1 0
216501 0 6 6 3 0
299738 1 4 6 3 1
317568 1 5 6 3 0
321482 1 3 6 3 0
350526 0 6 6 3 0
367941 0 6 6 4 1
387025 1 2 6 1 0
423867 0 6 6 3 1
460969 0 6 6 3 0
467013 0 6 6 3 0
489064 0 6 6 3 0
129471 1 3 7 3 1
386663 1 3 8 1 0
55504 0 6 9 2 1
203706 0 6 9 2 0
14050 0 6 10 2 0
93456 0 6 10 4 1
127311 0 6 10 3 0
386661 1 4 10 1 0
203147 1 3 11 4 0
338433 0 6 11 2 1
386531 0 6 11 1 0
387790 1 4 11 1 0
13354 1 4 12 4 1
203707 0 6 12 2 0
387346 0 6 12 1 0
388589 0 6 12 1 0
387845 0 6 13 1 0
93447 0 6 14 0 0
338434 0 6 14 3 0
386530 1 5 14 1 0
386664 1 3 14 3 0
386891 1 3 14 4 0
387783 0 6 14 1 0
388590 0 6 14 3 0
202915 0 6 15 4 1
387850 0 6 15 3 1
388588 0 6 15 1 0
93448 1 4 16 0 0
387044 1 4 16 1 0
388266 1 3 16 1 0
93153 1 3 17 4 1
386533 1 4 17 3 0
387502 0 6 17 1 0
388313 1 4 17 1 0
388491 0 6 17 1 0
387047 0 6 18 3 1
387847 1 4 18 1 0
388222 1 3 18 1 0
291360 1 3 19 3 0
387045 1 4 19 1 0
387081 0 6 19 1 1
387334 1 3 19 1 0
388486 1 2 19 0 0
386618 1 3 20 1 0
387504 1 3 20 2 0
388269 0 6 20 3 0
386532 1 3 21 3 0
387043 0 6 21 1 0
387335 0 6 21 1 0
387508 1 3 21 4 0
387846 1 2 21 1 0
387849 1 4 21 3 0
388221 0 6 21 1 0
388366 0 6 21 1 0
388494 1 3 21 3 0
386953 1 2 22 1 0
387082 0 6 22 1 0
387143 0 6 22 1 0
387461 1 2 22 1 0
419092 0 6 22 3 0
55101 0 6 23 3 1
387291 0 6 23 4 0
387844 0 6 23 3 0
341956 1 3 24 3 0
345778 1 4 24 3 1
386619 0 6 24 3 1
386834 1 3 24 1 0
386956 1 3 24 3 0
387172 0 6 24 1 0
387460 0 6 24 1 0
387593 1 4 24 3 0
387898 1 4 24 2 1
419093 0 6 24 3 0
468623 0 6 24 3 0
386904 1 4 25 1 0
387168 0 6 25 1 1
388616 1 4 25 1 0
386836 0 6 26 3 0
386951 0 6 26 0 0
386988 1 3 26 1 0
387166 0 6 26 3 0
387174 1 3 26 3 0
387848 1 3 26 1 0
386835 0 6 27 1 0
387459 0 6 27 3 0
387561 0 6 27 1 0
388510 1 4 27 4 0
388614 0 6 27 1 0
386954 0 6 28 1 0
387130 1 2 28 1 0
387344 1 5 28 3 0
388391 0 6 28 1 0
388613 1 2 28 1 0
387128 1 5 29 1 0
386952 1 3 30 0 0
386987 1 5 30 1 0
387824 0 6 30 3 0
388390 0 6 30 0 0
469629 1 3 30 3 0
386906 1 4 31 3 0
386955 1 4 31 2 0
387559 0 6 31 1 1
388393 1 4 31 1 1
388617 1 2 31 2 0
388542 1 3 32 1 1
388615 0 6 32 1 0
388618 1 3 33 3 1
388383 1 5 34 1 0
388392 1 3 34 1 0
388445 1 4 34 1 0
388543 1 4 34 1 0
388692 0 6 34 1 0
403698 0 6 34 3 1
469375 1 3 34 3 0
387061 0 6 35 1 0
387908 1 3 35 1 0
388395 0 6 35 3 0
357693 1 3 36 3 0
386691 0 6 36 1 0
387550 1 2 36 4 0
388691 1 4 36 1 0
386449 1 3 37 1 0
386524 1 3 37 1 0
386539 0 6 37 3 0
386878 0 6 37 1 0
388666 1 4 37 1 0
387063 0 6 38 1 0
387548 0 6 38 3 1
387681 0 6 38 1 0
388457 0 6 38 1 0
386461 1 2 39 1 0
386538 0 6 39 3 1
387066 0 6 39 3 1
387320 0 6 39 1 0
388314 1 3 39 1 0
388566 1 3 39 1 0
387059 1 4 40 3 0
387062 0 6 40 1 0
387553 0 6 40 3 0
387776 1 3 40 1 1
388564 0 6 40 0 0
386728 0 6 41 1 0
386973 0 6 41 1 1
386982 1 2 41 1 0
387156 0 6 41 1 0
387470 0 6 41 3 0
388081 0 6 41 1 0
388561 0 6 41 1 0
544706 1 3 41 3 0
386450 0 6 42 1 0
387765 0 6 42 3 0
388668 1 2 42 3 0
388567 0 6 43 3 0
544704 1 5 43 1 0
386462 1 4 44 2 1
386983 1 5 44 3 0
387149 1 4 44 1 0
387157 1 4 44 1 0
387733 1 2 44 3 0
388458 1 3 44 3 1
388565 0 6 44 1 0
386981 1 4 45 0 0
388079 0 6 45 0 0
386984 0 6 46 3 0
387151 0 6 46 1 0
388676 0 6 47 4 1
387148 1 4 48 1 0
387153 1 3 48 3 0
387731 1 5 49 0 0
