464576 1 2 4 1
473490 1 3 3 3
367797 1 3 3 1
283621 1 3 3 3
23019 1 3 3 2
390031 0 3 5 3
390032 0 3 5 3
464577 1 3 5 1
464579 1 3 5 1
473489 0 3 5 3
471824 1 4 2 1
163600 1 4 2 3
163599 0 4 5 3
367798 1 4 5 1
367800 1 4 5 1
367801 1 4 5 1
471822 0 4 5 1
471823 0 4 5 1
471826 0 4 5 1
461111 1 5 2 1
536437 1 6 3 1
536438 0 6 5 1
459680 1 7 3 3
460656 1 8 3 4
459799 1 8 3 1
460997 1 8 2 1
347347 1 8 1 1
347345 0 8 5 1
347348 0 8 5 1
347349 0 8 5 1
367797 0 8 5 1
367799 0 8 5 1
460655 0 8 5 4
460998 0 8 7 1
477900 1 9 3 1
460607 1 9 3 4
479048 1 9 1 1
459524 1 9 1 1
459528 0 9 5 1
477903 0 9 5 1
479049 0 9 5 1
477588 1 11 3 1
459525 1 11 3 1
478400 1 11 2 1
459523 0 11 5 1
459526 0 11 5 1
459528 0 11 5 1
460996 1 11 5 3
460999 1 11 5 3
346003 0 12 8 3
459798 0 12 5 3
477598 1 12 2 1
459800 1 12 2 3
347344 0 12 5 1
347346 0 12 5 1
347348 0 12 5 1
347349 0 12 5 1
459797 0 12 5 3
477589 1 12 5 1
477590 1 12 5 1
477591 1 12 5 1
477600 0 12 6 1
478401 1 12 5 1
478403 1 12 5 1
347053 0 13 5 1
477480 1 13 2 1
347051 0 13 5 3
158965 1 13 1 1
158966 0 13 5 1
158968 0 13 5 1
346004 1 13 5 1
347048 0 13 5 3
347050 0 13 5 3
347052 0 13 5 3
477483 0 13 5 1
477484 0 13 5 1
477772 1 14 3 1
460353 1 14 3 2
479099 1 14 2 1
460129 0 14 5 1
460130 0 14 5 1
479098 0 14 5 1
479100 0 14 5 1
479102 0 14 5 1
479160 1 15 3 3
442325 1 15 3 3
346700 1 15 3 4
346005 1 15 3 3
478530 1 15 2 1
477896 1 15 2 1
346004 0 15 5 3
346006 0 15 5 3
346699 0 15 5 4
442323 0 15 5 3
477598 0 15 5 3
477599 0 15 5 3
477771 1 15 5 1
479159 0 15 5 3
479161 0 15 5 3
459972 1 16 3 1
478061 1 16 2 2
158969 1 16 2 4
478497 1 16 1 1
158965 0 16 5 4
158967 0 16 5 4
158968 0 16 5 4
459970 0 16 5 1
459973 0 16 5 1
478059 0 16 5 2
478060 0 16 5 2
478062 0 16 5 2
478336 0 16 5 3
478337 0 16 5 3
478499 0 16 5 1
477907 1 17 3 2
460601 1 17 3 1
459538 1 17 3 1
479083 1 17 2 1
478451 1 17 1 2
450561 1 17 1 3
478340 1 17 0 3
450557 0 17 5 3
450560 0 17 5 3
460602 0 17 5 1
477774 0 17 5 1
478452 0 17 5 2
479082 0 17 5 1
479085 0 17 5 1
479086 0 17 5 1
479088 0 17 6 1
479163 1 18 3 4
477902 1 18 3 3
477464 1 18 3 3
505374 1 18 2 3
550289 1 18 1 3
458377 1 18 1 3
477462 0 18 5 3
477903 0 18 5 3
477905 1 18 5 2
477906 1 18 5 2
477908 1 18 5 2
505373 0 18 5 3
550290 0 18 5 3
478851 1 19 3 1
347574 1 19 2 1
347576 0 19 5 1
347577 0 19 5 1
479162 1 19 5 4
459458 1 20 3 3
347289 1 20 3 1
71111 1 20 3 3
450706 1 20 2 0
71110 0 20 5 3
158977 0 20 5 2
347290 0 20 5 1
347292 0 20 5 1
450707 0 20 5 0
459456 0 20 5 3
459457 0 20 5 3
459459 0 20 5 3
478852 1 20 5 1
478853 1 20 5 1
478854 1 20 5 1
479098 1 21 3 1
474266 1 21 3 3
459537 1 21 3 1
479087 1 21 5 3
460304 1 21 2 1
346461 1 21 2 1
37113 1 21 2 3
459725 1 21 1 4
37114 0 21 5 3
346459 0 21 5 1
346463 0 21 5 1
459536 0 21 5 1
459726 0 21 5 4
460305 0 21 5 1
460307 0 21 5 1
460308 0 21 5 1
479083 0 21 5 3
479084 0 21 5 3
479085 0 21 5 3
479088 0 21 5 3
479082 1 21 5 3
479083 1 21 5 3
479084 1 21 5 3
479085 1 21 5 3
479100 0 21 5 1
479101 0 21 5 1
478096 1 22 3 3
460778 1 22 3 1
477455 1 22 1 1
477454 0 22 5 1
478094 0 22 5 3
460315 1 23 4 1
460769 1 23 2 1
153737 0 23 5 3
153738 0 23 5 3
153739 0 23 5 3
459666 1 24 3 1
459663 0 24 5 1
459664 0 24 5 1
459668 0 24 5 1
460314 1 24 5 1
460319 1 24 5 1
477602 1 25 2 1
460616 1 25 2 1
460617 0 25 5 1
460320 1 26 3 3
347642 1 26 2 1
347643 0 26 5 1
477605 1 26 5 1
460314 1 27 5 3
460315 1 27 5 3
460316 1 27 5 3
460317 1 27 5 3
459663 0 28 5 1
459667 0 28 5 1
459668 0 28 5 1
460363 1 29 1 1
460364 0 29 5 1
460365 0 29 5 1
459174 1 30 2 1
460101 1 30 1 1
459173 0 30 5 1
459175 0 30 5 1
460102 0 30 5 1
460374 1 32 3 1
460376 0 32 5 1
460377 0 32 5 1
460508 1 33 3 1
459668 1 33 1 3
459664 0 33 5 3
459665 0 33 5 3
459667 0 33 5 3
346853 1 34 4 1
460051 1 34 3 1
346228 1 34 1 1
346230 0 34 5 1
459176 0 34 5 3
460048 0 34 5 1
460509 1 34 5 1
460842 1 35 3 1
346555 1 35 2 3
459175 1 35 1 3
346166 1 35 1 1
346165 0 35 5 1
346168 0 35 5 1
346232 0 35 5 3
346233 0 35 5 3
346234 0 35 5 3
346236 0 35 6 3
346851 1 35 5 1
346854 1 35 5 1
346855 1 35 5 1
460844 0 35 5 1
346787 1 36 3 1
347290 1 36 2 1
459440 1 36 1 4
346786 0 36 5 1
346788 0 36 7 1
347291 0 36 5 1
347293 0 36 6 1
347294 0 36 5 1
346365 1 37 3 4
250964 1 37 3 3
460053 1 37 2 3
346541 1 37 1 1
250962 0 37 5 3
346169 0 37 5 1
346171 0 37 5 1
346174 0 37 5 1
460050 0 37 6 3
460052 0 37 5 3
346554 1 38 3 3
346007 1 38 3 1
346850 1 38 2 1
346008 0 38 5 1
346233 0 38 5 3
346851 0 38 5 1
346852 0 38 5 1
460049 1 39 4 0
459654 1 39 2 1
459176 1 39 1 3
347294 0 39 5 3
459175 0 39 5 3
459655 0 39 5 1
459656 0 39 5 1
459942 1 40 2 1
460371 1 40 1 3
346549 1 40 1 4
459944 0 40 5 1
460048 1 40 5 0
460052 1 40 5 0
460368 0 40 5 3
460370 0 40 5 3
460372 0 40 5 3
347988 1 41 3 1
347501 1 41 3 1
459937 1 41 2 0
347291 1 41 2 2
346552 1 41 2 3
346100 1 41 1 1
346099 0 41 5 1
346102 0 41 5 1
346550 0 41 5 3
346551 0 41 5 3
347288 0 41 5 2
347290 0 41 5 2
347293 0 41 5 2
347294 0 41 5 2
347987 0 41 5 1
459939 0 41 5 0
459940 0 41 5 0
459941 0 41 5 0
346169 1 42 5 1
346170 1 42 5 1
346174 1 42 5 1
347500 1 42 5 1
347502 1 42 5 1
347015 1 43 4 1
347490 1 43 2 4
347907 1 44 2 1
346642 1 44 2 3
347647 1 44 1 3
347017 1 44 5 1
347489 1 44 5 4
347646 0 44 5 3
347648 0 44 5 3
347908 0 44 5 1
347909 0 44 5 1
459388 0 45 5 3
459389 0 45 5 3
346275 1 46 4 3
347989 1 46 3 1
545594 1 46 2 2
459390 1 46 1 3
347646 0 46 5 4
347988 0 46 5 1
347990 0 46 5 1
545593 0 46 5 2
347959 1 47 2 1
327118 1 47 2 3
346274 1 47 5 3
347956 0 47 5 1
347961 0 47 5 1
347935 1 48 2 1
347937 0 48 5 1
460637 1 49 2 4
460636 0 49 5 4
347985 0 50 6 2
347698 1 50 1 1
347984 1 51 3 2
347393 1 52 1 3
345991 1 53 3 1
345990 0 53 6 1
345994 0 53 5 1
346040 1 55 1 1
346041 0 55 5 1
346042 0 55 5 1
346043 0 55 5 1
346044 0 55 6 1
347884 1 56 1 1
345992 0 56 5 0
345993 0 56 5 0
347886 0 56 5 1
346042 0 58 5 3
347150 0 58 5 1
347149 1 59 0 1
346039 0 60 5 1
346041 0 60 5 1
346044 0 60 5 1
347855 1 61 3 1
345994 1 61 1 2
345990 0 61 5 2
345991 0 61 5 2
347857 0 61 5 1
347148 1 62 2 3
347853 1 63 3 0
347854 0 63 5 0
347856 0 63 5 0
347394 1 64 1 0
347033 1 64 1 1
347035 0 64 5 1
347395 0 64 5 0
347396 0 64 5 0
346201 1 74 2 3
346199 0 74 5 3
346200 0 74 5 3
347103 1 75 3 0
347104 1 76 5 0
347105 1 76 5 0
