390031 9
390032 9
464577 9
464579 9
473489 9
163599 10
367798 10
367800 10
367801 10
471822 10
471823 10
471826 10
536438 12
347345 14
367797 14
367799 14
460655 14
460998 14
477903 15
479049 15
459523 17
459526 17
459528 17
460996 17
460999 17
347344 18
347346 18
347348 18
347349 18
459797 18
459798 18
477589 18
477590 18
477591 18
477600 18
478401 18
478403 18
158966 19
347048 19
347050 19
347051 19
347052 19
347053 19
477483 19
477484 19
460129 20
460130 20
479098 20
479100 20
479102 20
346003 21
346004 21
346006 21
346699 21
442323 21
477598 21
477599 21
477771 21
479159 21
479161 21
158965 22
158967 22
158968 22
459970 22
459973 22
478059 22
478060 22
478062 22
478336 22
478337 22
478499 22
450557 23
450560 23
460602 23
477774 23
478452 23
479086 23
477462 24
477903 24
477905 24
477906 24
477908 24
505373 24
550290 24
347576 25
347577 25
479162 25
71110 26
158977 26
347290 26
347292 26
450707 26
459456 26
459457 26
459459 26
478852 26
478853 26
478854 26
37114 27
346459 27
346463 27
459536 27
459726 27
460305 27
460307 27
460308 27
479082 27
479083 27
479084 27
479085 27
479087 27
479088 27
479100 27
479101 27
477454 28
478094 28
153737 29
153738 29
153739 29
459664 30
460319 30
460617 31
347643 32
477605 32
460314 33
460315 33
460316 33
460317 33
459663 34
459668 34
460364 35
460365 35
459173 36
459175 36
460102 36
460376 38
460377 38
459664 39
459665 39
459667 39
346230 40
459176 40
460048 40
460509 40
346165 41
346168 41
346232 41
346234 41
346236 41
346854 41
346855 41
460844 41
346786 42
346788 42
347291 42
250962 43
346171 43
460050 43
346008 44
346233 44
346851 44
346852 44
459175 45
459655 45
459656 45
459944 46
460048 46
460052 46
460368 46
460370 46
460372 46
346099 47
346102 47
346550 47
346551 47
347288 47
347290 47
347293 47
347294 47
347987 47
459939 47
459940 47
459941 47
346169 48
346170 48
346174 48
347500 48
347502 48
347017 50
347489 50
347648 50
347908 50
347909 50
459388 51
459389 51
347646 52
347988 52
347990 52
545593 52
346274 53
347956 53
347961 53
347937 54
460636 55
347985 57
345990 59
345994 59
346043 61
345992 62
345993 62
347886 62
346042 64
347150 64
346039 66
346041 66
346044 66
345990 67
345991 67
347857 67
347854 69
347856 69
347035 70
347395 70
347396 70
346199 80
346200 80
347104 82
347105 82
