274809 9
215739 10
215740 10
228250 10
228251 10
319749 10
319751 10
319752 10
360871 10
360873 10
530502 10
530503 10
475491 11
475492 11
228248 12
174322 15
234048 15
321001 15
321003 15
320999 16
321000 16
321002 16
321004 16
174323 17
174325 17
109544 18
233719 18
233722 18
234045 18
234047 18
175147 19
292123 19
292125 19
292126 19
362498 19
320467 20
362495 20
362497 20
233720 21
233721 21
234360 21
291583 21
291584 21
291586 21
291587 21
232641 22
111249 23
111252 23
291400 24
482398 24
482401 24
233395 25
233654 25
233937 25
233938 25
233940 25
234357 25
234361 25
232638 26
232639 26
233263 26
233264 26
233266 26
233267 26
233268 26
233559 26
234231 26
234234 26
234607 26
232511 27
232512 27
232895 27
234034 27
234241 27
232640 28
233480 28
233481 28
234320 28
291707 28
291709 28
458864 28
232896 29
234458 29
291551 29
291552 29
291554 29
234454 30
234456 30
234457 30
233629 31
233630 31
234618 31
234619 31
234620 31
292749 31
109361 32
109364 32
109365 32
110530 32
110533 32
110534 32
233476 32
234300 32
234622 32
232510 33
291634 33
104305 34
104307 34
233822 34
233823 34
233824 34
233975 34
233978 34
234621 34
232763 35
44436 36
44437 36
44439 36
232901 36
232903 36
232905 36
233022 36
234303 36
290803 36
290804 36
290910 37
290912 37
290913 37
233050 38
233054 38
234174 38
234175 38
292593 38
292595 38
290885 40
290887 40
290888 40
233021 41
234064 42
234222 42
234223 42
234166 44
234167 44
234374 44
234298 45
234308 47
234309 47
234371 47
234372 47
234373 47
233841 48
233842 48
233843 48
443081 49
443082 49
233710 50
233716 50
234414 50
234569 50
234570 52
234572 52
233711 53
233714 53
232615 54
232616 54
232800 54
232802 54
234485 55
233715 56
232676 57
232801 57
232803 57
234340 61
232675 62
233725 62
233738 62
233419 66
233986 66
233987 66
233992 66
233998 68
233999 68
234003 69
234004 69
234142 70
234145 70
234146 70
91100 78
99728 82
