66332 1 3 6 3 0
83815 0 6 6 4 0
114646 0 6 6 3 0
117078 0 6 6 1 0
156260 0 6 6 3 0
179002 1 3 6 3 0
179918 1 2 6 3 0
215365 0 6 6 1 0
220831 1 3 6 3 0
226169 0 6 6 3 0
254397 0 6 6 3 0
274671 1 3 6 1 0
282808 1 1 6 3 0
297979 0 6 6 2 0
360624 1 2 6 2 0
419512 0 6 6 1 0
426617 0 6 6 2 1
527550 0 6 6 3 0
539580 0 6 6 2 1
553745 0 6 6 3 0
271417 0 6 8 3 0
527551 0 6 8 3 1
214754 1 2 9 3 0
220833 0 6 9 4 0
255832 0 6 9 3 0
419509 1 4 9 1 0
274672 0 6 10 2 0
419485 0 6 10 1 0
419510 0 6 10 1 0
420328 1 3 10 1 0
422187 1 4 10 3 1
156259 0 6 11 3 0
214872 0 6 11 3 0
282815 1 2 11 3 0
317417 0 6 11 3 0
420382 1 4 11 1 0
206542 1 4 12 3 0
255833 1 3 12 3 0
270579 1 3 12 4 1
271415 1 2 12 1 0
419502 0 6 12 1 0
419518 1 4 12 1 0
157373 1 3 13 4 0
271374 0 6 13 1 0
420383 0 6 13 1 0
271372 1 3 14 0 0
419503 1 4 14 1 0
419754 0 6 14 1 0
420839 1 3 14 1 0
17472 0 6 15 3 1
270849 1 4 15 4 1
419511 0 6 15 1 0
419676 1 4 15 1 0
420386 1 3 15 3 0
420467 0 6 15 1 0
420489 1 3 15 1 0
191910 1 3 16 3 1
274674 0 6 16 2 1
419505 0 6 16 3 0
419823 1 4 16 2 0
420793 0 6 16 1 0
270799 0 6 17 1 0
419519 0 6 17 1 0
419680 0 6 17 1 0
420583 0 6 17 4 0
271157 1 3 18 0 0
271368 1 4 18 3 0
271373 0 6 18 1 0
271377 1 5 18 3 0
271502 1 4 18 0 0
375689 0 6 18 2 0
419122 1 3 18 1 0
420385 0 6 18 2 1
420665 0 6 18 2 0
270187 0 6 19 1 0
420469 0 6 19 3 1
420490 0 6 19 1 0
420561 0 6 19 1 0
420742 0 6 19 1 0
429058 1 3 19 2 0
271371 1 4 20 3 0
419108 1 4 20 1 0
419963 1 4 20 1 1
420468 0 6 20 3 1
271760 0 6 21 1 0
419191 1 4 21 1 0
419194 1 3 21 1 0
419966 0 6 21 1 0
420491 0 6 21 3 0
33647 0 6 22 3 1
270668 0 6 22 1 0
419329 1 4 22 1 1
420587 0 6 22 2 1
420630 1 2 22 3 0
5542 1 4 23 3 1
419530 1 4 23 1 0
419596 0 6 23 1 0
419949 1 3 23 1 0
420180 0 6 23 1 0
420225 1 2 23 1 0
429059 1 2 23 3 1
419411 1 3 24 1 0
419940 1 3 24 1 0
420466 0 6 24 1 0
270592 0 6 25 1 0
419959 1 3 25 1 0
59924 1 3 26 3 0
419537 1 3 26 1 0
420010 0 6 26 3 0
420081 1 3 26 3 0
420224 0 6 26 2 0
420228 0 6 27 3 0
59922 0 6 28 2 0
269820 0 6 28 1 0
271754 1 4 28 1 0
416222 1 4 28 2 0
420182 1 2 28 2 1
420313 1 2 28 1 0
271741 1 3 29 1 0
16513 0 6 30 3 0
116301 0 6 30 3 0
270453 1 3 30 1 0
420226 1 3 30 2 0
270597 0 6 31 1 0
271746 1 4 31 3 0
60555 1 4 32 4 0
270156 1 5 32 1 0
271164 1 3 32 1 0
271747 1 3 32 1 0
270748 1 5 33 1 0
271742 1 4 33 1 0
372649 1 3 33 4 1
420300 1 3 33 1 0
270142 0 6 34 1 0
270158 0 6 34 3 0
271116 1 2 34 1 0
420316 1 4 34 3 0
59185 1 2 35 4 1
270782 1 3 35 1 0
271017 1 3 35 1 0
271242 0 6 35 1 0
271994 1 3 35 1 0
59186 1 2 36 4 0
222773 1 4 36 3 0
269859 1 3 36 1 0
270019 1 3 36 3 0
270140 0 6 36 1 0
271166 0 6 36 3 1
271273 1 3 36 1 0
271575 1 3 36 4 1
271841 1 3 36 2 0
371161 1 4 36 3 0
271748 1 4 37 1 0
419140 1 2 37 1 0
419810 0 6 37 1 1
420309 1 3 37 1 0
244924 1 3 38 2 0
270105 0 6 38 1 0
270143 0 6 38 1 0
271497 1 4 38 1 0
420310 1 4 38 2 0
552708 0 6 38 3 0
270348 1 3 39 3 0
270781 0 6 39 1 0
271016 0 6 39 1 0
326616 1 2 39 3 0
419139 1 4 39 1 0
419142 1 4 39 3 0
244925 0 6 40 2 1
269858 0 6 40 1 0
269870 1 5 40 1 0
270022 0 6 40 2 1
271996 0 6 40 2 0
420301 1 2 40 1 1
3154 1 4 41 3 0
261864 0 6 41 3 1
269869 0 6 41 1 0
270144 0 6 41 3 0
270145 1 4 41 3 0
270347 0 6 41 3 0
3152 1 2 42 0 1
270692 0 6 42 1 0
271358 1 2 42 1 0
271969 0 6 42 3 0
419158 1 3 42 1 0
420571 0 6 42 1 1
420774 0 6 42 1 0
271128 0 6 43 1 0
552500 0 6 43 3 0
270141 1 3 44 1 0
270726 1 4 44 4 1
270784 1 2 44 3 0
420743 1 3 44 1 0
135853 1 2 45 3 0
271299 0 6 45 1 0
377890 0 6 45 3 1
420165 0 6 45 1 0
420299 0 6 45 0 0
420719 1 2 45 1 0
429935 0 6 45 3 0
261863 1 3 46 3 0
271129 0 6 46 1 0
419157 1 4 46 1 0
419994 0 6 46 1 0
271195 0 6 47 1 0
420174 1 5 47 1 0
420751 1 5 47 3 1
446491 1 4 47 3 0
271205 0 6 48 3 0
419267 1 4 48 1 0
419941 1 3 48 1 0
420325 1 4 48 4 0
420814 0 6 48 2 0
263109 0 6 49 3 1
271202 1 3 49 1 0
417183 0 6 49 3 0
419160 0 6 49 3 0
419649 1 4 49 3 1
419688 1 3 49 3 0
420718 0 6 49 0 0
446490 1 3 49 3 0
271201 0 6 50 1 0
271203 0 6 50 1 0
419419 1 4 50 3 0
419435 0 6 50 1 0
420042 0 6 50 1 0
420164 0 6 50 1 0
420175 1 3 50 1 0
420324 0 6 50 4 0
420433 1 2 50 1 0
420449 0 6 50 1 0
270605 0 6 51 4 1
271197 0 6 51 3 0
420037 1 4 51 3 0
434152 1 4 51 3 0
224469 0 6 52 2 0
269855 0 6 52 1 0
270716 0 6 52 1 0
271200 0 6 52 1 0
419465 1 4 52 1 0
419578 1 3 52 1 0
419792 0 6 52 1 0
420149 0 6 52 4 0
420717 0 6 52 4 1
420769 1 2 52 1 0
473062 0 6 52 3 0
270229 1 2 53 1 0
271199 1 3 53 1 0
419958 0 6 53 4 0
420033 1 3 53 1 0
420040 0 6 53 1 0
420432 0 6 53 1 1
420632 0 6 53 1 0
420721 1 4 53 3 0
269857 1 4 54 3 1
416543 0 6 54 2 0
419266 1 4 54 1 0
419794 1 4 54 3 0
419881 1 4 54 1 0
419939 1 4 54 1 0
420001 0 6 54 1 0
420121 0 6 54 1 0
269919 1 4 55 2 0
270436 0 6 55 1 0
271892 0 6 55 1 0
419154 0 6 55 1 0
419623 1 3 55 1 1
419765 0 6 55 1 0
419922 1 3 55 1 0
420087 1 2 55 1 0
420764 0 6 55 0 0
472389 0 6 55 2 0
35298 1 3 56 3 0
271930 1 3 56 4 0
416544 0 6 56 2 0
419622 1 3 56 1 0
419957 1 2 56 4 0
420770 0 6 56 1 0
270228 1 2 57 1 0
270230 0 6 57 3 1
270232 0 6 57 0 0
420088 1 2 57 1 1
420124 1 3 57 4 1
420141 1 4 57 4 0
420777 0 6 57 1 0
269861 1 3 58 3 0
419151 0 6 58 4 0
419625 0 6 58 3 0
419850 0 6 58 1 0
420002 0 6 58 3 0
420039 1 3 58 1 0
420767 1 2 58 3 0
425940 1 4 58 3 0
429401 0 6 59 3 0
271506 0 6 60 1 0
419349 1 3 60 1 0
419851 0 6 60 3 0
419960 0 6 60 1 1
420086 0 6 60 1 0
420391 0 6 60 1 0
270231 0 6 61 3 0
419352 1 3 61 3 0
271507 0 6 62 1 0
419255 0 6 62 1 0
419522 0 6 62 1 0
419641 1 3 62 1 0
419852 1 2 62 3 0
420255 0 6 62 1 0
419216 1 2 63 1 0
419643 1 4 64 1 0
419755 0 6 64 1 0
420376 0 6 64 1 0
270203 1 3 65 1 1
419524 0 6 65 3 0
420395 1 4 65 3 0
420479 1 2 65 1 1
270205 0 6 66 1 0
417169 0 6 66 3 0
420256 0 6 66 1 0
427883 1 3 66 3 0
269932 1 4 67 1 0
270206 0 6 67 3 0
419219 0 6 67 3 0
420371 0 6 67 1 0
419466 1 4 68 3 1
419527 1 3 68 3 0
420808 0 6 68 2 1
270253 0 6 69 1 1
270479 0 6 69 1 0
419402 0 6 69 1 0
103725 1 4 70 3 1
420009 0 6 70 1 0
431658 0 6 70 4 0
269935 1 2 71 3 0
270207 1 3 71 3 0
271718 1 3 71 1 0
419405 1 3 71 1 0
419401 0 6 72 0 0
420345 0 6 72 1 0
270286 0 6 75 1 0
271135 0 6 75 1 1
271216 0 6 75 1 0
271243 1 2 75 1 0
271719 1 3 75 2 0
271764 1 2 77 1 0
420703 0 6 77 1 0
270278 1 4 78 1 0
271826 1 3 78 1 0
271936 1 4 78 1 0
420624 0 6 78 1 0
269977 0 6 79 1 1
419353 1 3 79 1 0
270516 0 6 80 1 0
271043 1 2 80 1 0
271244 1 4 80 1 0
271367 0 6 80 1 0
270135 1 3 81 4 1
270245 0 6 81 1 0
271463 1 3 81 1 0
420701 0 6 81 2 0
270517 1 4 82 1 0
271192 1 3 82 1 0
271366 1 4 82 1 0
271487 0 6 82 1 0
271827 1 4 82 3 0
271933 0 6 82 1 0
271938 1 2 82 2 0
419297 1 3 82 1 0
420705 1 2 82 2 0
270254 1 2 83 1 0
271170 1 3 83 1 0
271364 0 6 83 1 0
271940 0 6 83 3 0
420103 0 6 83 1 0
270580 0 6 84 1 0
271871 1 2 84 4 0
270860 1 4 85 1 0
271141 0 6 85 1 0
271460 1 2 85 1 0
271465 1 2 85 3 0
271505 0 6 85 1 0
271941 0 6 85 3 1
270975 1 2 86 1 0
271196 0 6 86 1 0
271365 1 4 86 1 0
271486 0 6 86 1 0
270924 0 6 87 1 0
271032 1 3 87 1 0
271075 1 3 87 1 0
271169 0 6 87 0 0
420704 1 3 87 2 0
515847 0 6 87 2 1
270255 0 6 88 3 0
270858 0 6 88 1 0
271191 0 6 88 2 0
271859 1 3 88 3 0
270859 0 6 89 1 0
270925 0 6 89 1 1
270926 1 3 89 1 0
271176 1 3 89 1 0
270312 0 6 90 1 1
270602 0 6 90 1 0
270777 1 2 90 2 0
270923 0 6 90 0 0
270110 1 3 91 1 0
270928 1 4 91 2 0
270977 0 6 91 3 1
355604 0 6 91 2 0
270314 0 6 92 1 0
270598 1 5 92 2 0
271177 1 4 92 2 0
271856 0 6 92 3 0
557404 1 4 92 3 0
270018 0 6 93 1 0
270109 0 6 93 0 0
270313 1 4 93 1 0
270927 1 5 93 1 0
271173 0 6 93 3 0
272668 0 6 93 3 1
274588 0 6 93 3 0
360286 1 3 93 3 0
101202 0 6 94 3 0
270475 0 6 94 0 0
270601 1 3 94 3 0
270902 0 6 94 1 0
557401 0 6 94 3 0
270113 0 6 95 1 0
270599 0 6 95 2 0
270755 0 6 95 1 0
271462 1 4 95 1 0
277475 0 6 95 3 0
557958 0 6 95 3 0
270322 1 3 96 0 0
270448 0 6 96 3 0
125187 1 3 97 3 0
270316 1 3 97 2 0
270446 0 6 98 1 0
270679 1 4 98 0 0
270933 0 6 98 1 0
271978 0 6 100 1 0
190028 0 6 101 2 0
270326 1 3 101 3 0
271902 0 6 101 1 0
271977 1 3 106 0 0
