10705 1 4 6 3 0
14048 0 6 6 3 0
74202 1 3 6 3 0
88376 1 4 6 3 0
93452 0 6 6 1 0
127315 0 6 6 1 0
194574 1 4 6 3 0
197340 0 6 6 3 1
202348 1 4 6 1 0
216501 0 6 6 3 0
299738 1 4 6 3 1
317568 1 5 6 3 0
321482 1 3 6 3 0
350526 0 6 6 3 0
367941 0 6 6 4 1
387025 1 2 6 1 0
423867 0 6 6 3 1
460969 0 6 6 3 0
467013 0 6 6 3 0
489064 0 6 6 3 0
129471 1 3 7 3 1
386663 1 3 8 1 0
55504 0 6 9 2 1
203706 0 6 9 2 0
14050 0 6 10 2 0
93456 0 6 10 4 1
127311 0 6 10 3 0
386661 1 4 10 1 0
93451 0 6 11 0 0
202349 1 4 11 3 0
203147 1 3 11 4 0
388576 1 2 11 4 1
449341 0 6 11 3 0
14047 1 3 12 3 0
93453 1 3 12 1 0
386530 1 4 12 1 0
387961 0 6 12 1 0
388258 0 6 12 1 0
94687 0 6 13 0 0
55502 0 6 14 0 0
382932 1 3 14 3 0
388261 0 6 14 1 0
386665 1 3 15 3 0
387299 0 6 15 2 0
387285 1 4 16 1 0
388256 0 6 16 1 0
388257 1 3 16 1 0
449344 1 2 16 3 0
481683 0 6 16 3 0
312562 1 4 17 3 0
382934 1 3 18 3 0
382937 0 6 18 3 0
481684 1 4 18 3 0
386788 1 2 19 3 1
387855 1 4 19 1 0
386691 1 2 20 1 0
386662 0 6 21 1 1
386786 0 6 22 1 0
387853 1 3 22 1 0
382933 1 3 23 3 0
386982 1 2 23 1 0
386981 1 4 24 0 0
387366 1 3 26 1 0
387559 0 6 26 1 1
387241 0 6 28 1 0
388008 0 6 28 1 0
387324 1 4 30 1 0
387794 0 6 31 1 0
388629 0 6 31 1 0
387568 1 3 32 4 1
387293 1 2 33 1 0
387806 1 4 33 3 0
388055 1 3 33 1 0
387754 1 4 34 1 0
387429 1 5 35 1 0
387567 0 6 35 4 0
386708 1 4 36 4 1
387431 1 3 36 1 0
387985 1 4 36 3 0
388056 1 3 36 3 1
388122 1 3 36 1 0
388445 1 3 36 1 0
386973 1 4 37 1 1
387759 0 6 37 3 0
387306 1 3 38 1 0
387432 1 4 38 1 0
387746 0 6 38 1 0
388143 0 6 38 1 0
388599 1 4 38 3 0
388047 0 6 39 3 1
386503 0 6 40 3 1
387063 1 3 40 1 0
388094 0 6 40 1 1
183475 1 3 41 3 0
349681 0 6 41 2 0
387757 0 6 42 2 1
388545 0 6 42 1 0
182381 1 4 45 3 0
388033 1 4 45 1 0
348701 1 2 46 4 1
