5882 0 6 6 3 1
49186 1 2 6 3 0
114826 1 3 6 0 0
133738 0 6 6 3 0
189712 1 3 6 4 0
223274 1 2 6 1 0
252671 1 4 6 3 0
290155 0 6 6 3 0
342984 0 6 6 3 0
376202 1 5 6 2 1
387689 1 3 6 4 0
419736 0 6 6 4 0
431278 0 6 6 3 1
439280 0 6 6 3 0
451137 1 5 6 1 0
458382 0 6 6 1 0
459233 1 3 6 4 1
473573 0 6 6 4 1
492557 0 6 6 3 0
222932 1 4 7 1 0
223044 0 6 7 1 0
431277 0 6 7 1 1
113510 0 6 8 0 0
223275 0 6 8 3 0
458381 1 2 8 1 0
210361 1 4 9 3 0
222748 1 3 9 1 0
458652 0 6 9 1 0
49181 1 3 10 3 0
105204 1 4 10 3 0
223276 1 2 10 3 0
357068 0 6 10 3 0
457408 0 6 10 1 0
459237 1 3 10 3 0
222749 1 3 11 3 0
49180 0 6 12 1 0
113509 1 2 12 3 1
113512 0 6 12 1 0
222342 0 6 12 1 0
458379 0 6 12 3 0
459075 0 6 12 1 0
105203 0 6 13 3 0
192092 0 6 13 3 0
221841 1 3 13 1 1
357177 0 6 13 3 0
458662 0 6 13 1 0
76989 0 6 14 3 0
222370 1 3 14 1 0
223202 0 6 14 1 0
319250 0 6 14 3 0
457089 1 4 14 1 0
458383 0 6 14 1 0
459034 0 6 14 1 0
76979 0 6 15 0 0
113506 0 6 15 0 0
222078 0 6 15 1 0
222369 1 3 15 1 1
223288 0 6 15 1 0
223600 1 3 15 1 0
458061 0 6 15 1 0
458384 0 6 15 2 0
222794 0 6 16 1 0
457558 1 4 16 1 0
457696 0 6 16 1 0
459083 0 6 16 1 0
49179 1 4 17 1 0
222402 0 6 17 1 0
222887 1 3 17 2 0
223397 0 6 17 1 0
223425 0 6 17 1 0
458241 1 3 17 1 0
458380 0 6 17 3 0
222079 0 6 18 3 0
222371 0 6 18 3 0
222436 0 6 18 1 0
222489 1 3 18 1 0
222898 0 6 18 1 0
247211 1 4 18 3 0
357176 0 6 18 3 0
384651 0 6 18 3 0
457201 1 5 18 1 0
458168 1 3 18 1 0
49728 1 3 19 1 1
223169 0 6 19 4 0
223601 1 2 19 3 0
385402 0 6 19 3 0
457407 1 3 19 1 0
458240 1 3 19 1 0
458322 0 6 19 3 0
49729 0 6 20 3 0
221062 1 2 20 3 0
223602 1 3 20 3 0
219966 1 4 21 3 0
221781 1 4 21 3 0
222400 0 6 21 0 0
222432 0 6 21 1 0
222434 1 3 21 1 0
222532 0 6 21 1 0
223514 0 6 21 2 0
236886 1 4 21 2 0
459079 1 3 21 3 0
222080 0 6 22 3 0
222488 0 6 22 0 0
311728 0 6 22 3 0
457254 1 4 22 1 0
457693 1 4 22 1 0
458116 1 5 22 1 0
458166 0 6 22 1 0
546944 0 6 22 3 0
547622 0 6 22 3 0
49517 1 2 23 1 0
316224 0 6 23 3 0
457614 1 3 23 2 0
49727 0 6 24 3 0
221776 0 6 24 0 0
222491 0 6 24 3 0
334620 0 6 24 3 0
508662 1 4 24 3 1
546664 1 4 24 4 1
222077 1 4 25 1 0
223088 0 6 25 0 0
223168 0 6 25 4 0
223515 0 6 25 3 0
49519 0 6 26 3 0
222904 0 6 26 2 0
223091 0 6 26 3 0
223162 0 6 26 3 0
281826 0 6 26 2 0
457070 1 4 26 1 1
457255 1 4 26 1 0
457257 1 4 26 3 0
458167 0 6 26 1 0
458585 0 6 26 1 0
48724 0 6 27 1 0
49458 1 3 27 1 0
49883 1 2 27 2 0
50283 0 6 27 3 0
222908 0 6 27 1 0
223306 0 6 27 0 0
318122 1 3 27 2 0
457071 1 3 27 1 0
458777 1 3 27 1 0
504277 1 3 27 3 0
546663 1 2 27 4 0
49724 1 3 28 1 0
221873 1 3 28 4 1
457543 1 3 28 1 0
458505 1 2 28 3 0
48903 1 5 29 1 0
222906 1 5 29 0 1
457259 1 4 29 1 0
48823 1 3 30 1 0
49723 0 6 30 1 0
222907 1 2 30 1 0
457072 0 6 30 3 0
457726 0 6 30 1 0
458060 0 6 30 1 0
458586 1 3 30 1 0
48736 1 3 31 3 0
49885 1 3 31 3 1
458677 1 4 31 1 0
459054 1 2 31 1 0
222910 1 2 32 3 0
223029 0 6 32 1 0
457528 1 3 32 1 0
457556 1 3 32 3 1
49077 0 6 33 1 0
457722 0 6 33 1 0
457128 0 6 34 1 0
457555 0 6 34 3 1
457568 0 6 34 1 0
457774 0 6 34 1 0
458711 1 3 34 1 0
223006 1 3 35 1 0
457509 0 6 35 1 0
457976 0 6 35 1 0
458204 1 3 35 1 1
458234 0 6 35 1 0
458660 1 3 35 1 0
223008 0 6 36 3 0
457130 1 2 36 3 0
457527 0 6 36 1 0
458661 0 6 36 1 0
459021 0 6 36 1 0
48650 0 6 37 1 0
223494 0 6 37 1 0
457154 0 6 37 1 0
223002 0 6 38 2 0
457127 1 3 38 1 0
457566 0 6 38 2 0
457975 0 6 38 1 0
458160 0 6 38 1 0
458663 1 4 38 1 0
459111 1 3 38 1 0
222766 0 6 39 1 0
457119 0 6 39 1 0
457406 0 6 39 1 0
457874 1 4 39 1 0
458656 1 4 39 1 0
458664 1 4 39 3 0
458851 1 2 39 1 0
457973 1 3 40 0 0
458255 1 3 40 1 0
458714 0 6 40 1 0
458798 0 6 40 1 0
221571 0 6 41 4 0
457382 1 4 41 1 0
458358 1 3 41 1 1
458857 0 6 41 1 0
459112 0 6 41 3 0
457904 0 6 42 1 0
457978 1 4 42 3 0
458075 0 6 42 1 0
458361 0 6 42 1 0
458657 0 6 42 1 0
458658 0 6 42 3 0
459110 1 5 42 1 0
457974 1 3 43 0 0
458145 1 3 43 1 0
459076 0 6 43 1 0
222999 1 4 44 1 0
457085 1 2 44 3 0
457490 1 2 44 1 0
458074 1 3 44 0 0
458254 1 3 44 1 0
458334 0 6 44 1 0
458386 0 6 44 3 0
458717 0 6 44 3 0
458795 1 3 44 1 0
457821 0 6 46 1 0
457896 0 6 46 1 0
458015 0 6 46 1 0
221950 1 1 47 1 0
223000 0 6 47 1 0
457894 1 3 47 1 0
458146 1 4 47 1 0
458345 1 4 47 1 0
457349 1 4 48 1 0
457489 0 6 48 1 0
457905 0 6 48 1 0
458014 1 3 48 1 1
458077 0 6 48 3 0
458081 0 6 48 0 0
458115 0 6 48 1 0
458799 1 3 48 3 0
458893 1 4 48 1 0
457083 0 6 49 2 0
457348 1 3 49 0 0
457898 0 6 49 3 0
457910 1 3 49 3 0
458157 0 6 49 3 0
458354 0 6 49 3 0
458512 1 3 49 1 1
458797 0 6 49 1 0
239949 0 6 50 3 0
458259 1 5 50 1 0
458339 1 3 50 1 0
457492 0 6 51 3 0
457899 1 4 51 3 1
332954 0 6 52 3 0
457077 0 6 52 1 0
457353 1 2 52 3 0
457491 0 6 52 3 0
457820 1 5 52 0 1
458083 0 6 52 1 0
458148 0 6 52 3 1
458262 0 6 52 3 0
458514 1 2 52 3 0
458800 1 2 52 3 1
457515 0 6 53 3 0
458508 1 2 53 4 0
458541 1 3 53 1 0
377153 1 3 54 3 0
423639 0 6 54 3 0
457458 1 3 54 1 0
458017 1 4 54 3 0
458158 0 6 54 3 0
458335 1 3 54 2 0
457720 1 4 55 2 0
458258 1 3 55 1 0
458338 1 5 55 0 0
458263 0 6 56 3 0
423635 0 6 57 3 0
457459 1 2 57 2 0
458261 1 3 57 3 0
458264 1 3 57 4 1
458324 0 6 57 3 1
458341 1 3 57 3 1
458545 1 4 57 3 0
458548 1 4 57 1 0
458725 0 6 57 3 1
420087 1 2 58 2 0
458342 0 6 58 3 0
458547 1 3 58 1 0
458608 0 6 58 3 0
417140 1 3 59 4 1
458260 0 6 59 2 0
458340 0 6 59 1 0
458550 1 3 59 3 0
458551 1 4 59 3 0
422799 0 6 60 4 1
458546 0 6 60 4 1
458330 0 6 61 1 0
458343 1 3 61 3 0
467620 0 6 62 3 0
417139 0 6 63 2 1
424060 1 2 65 4 0
467118 1 3 67 3 0
445044 1 3 70 3 0
426301 0 6 71 2 0
467110 1 3 71 1 0
467111 0 6 73 1 0
426305 1 4 74 3 0
468194 0 6 75 1 0
132151 1 4 77 3 0
467112 0 6 77 1 0
468193 0 6 77 1 0
132152 0 6 78 3 0
466600 1 3 79 3 0
131338 1 3 80 3 1
468196 1 3 81 3 0
132149 0 6 82 3 0
467610 1 3 83 3 0
468197 0 6 83 3 0
131343 1 3 85 1 0
131341 0 6 87 1 0
467357 0 6 88 3 0
131344 0 6 90 1 0
131145 1 4 91 1 0
