66328 0 4 3 3
220830 0 4 3 3
274670 0 4 3 1
274674 0 4 3 1
274675 0 4 3 1
282807 0 5 3 3
360623 0 5 3 2
422188 0 7 3 3
420385 1 9 3 1
270578 0 10 3 4
419520 1 10 3 1
157372 0 11 3 4
271374 0 12 3 0
271377 0 12 3 0
419502 1 12 3 1
420382 0 13 3 3
420384 0 13 3 3
420840 1 13 3 1
271366 0 15 3 3
271367 0 15 3 3
271156 0 16 3 0
419126 0 16 3 1
375688 0 17 3 2
375690 0 17 3 2
375691 0 17 3 2
419105 0 17 3 1
419109 0 17 3 1
419110 0 17 3 1
429055 0 17 3 2
429060 0 17 3 2
419193 1 19 3 1
419328 0 19 3 1
419951 0 21 3 1
420629 0 21 3 3
419410 0 22 3 1
419412 0 22 3 1
420226 0 22 3 1
429057 0 22 3 3
429060 0 22 3 3
419960 0 23 3 1
59925 0 24 3 3
420184 0 27 3 2
271745 0 28 3 3
60554 0 29 3 4
270157 1 29 3 1
270158 1 29 3 1
270414 1 30 3 3
270750 1 30 3 1
271744 0 30 3 1
271749 0 30 3 1
420301 0 31 3 1
420314 0 31 3 3
270781 0 33 3 1
270783 0 33 3 1
271995 1 34 3 1
271996 1 34 3 1
271360 1 35 3 1
271444 0 35 3 1
270631 0 37 3 1
270731 0 38 3 1
270732 0 38 3 1
270734 0 38 3 1
270735 0 38 3 1
271185 0 38 3 1
271187 0 38 3 1
271644 0 38 3 1
271441 0 39 3 1
271740 1 39 3 1
270734 0 40 3 1
270730 1 41 3 1
270734 1 41 3 1
270929 0 41 3 1
271186 0 41 3 3
271553 0 41 3 1
272007 0 42 3 1
271532 0 45 3 1
271535 0 45 3 1
271600 0 46 3 1
271603 0 46 3 1
270058 0 47 3 1
271749 1 47 3 1
44467 0 48 3 3
44469 0 48 3 3
270924 0 48 3 0
270927 0 48 3 0
270929 0 48 3 0
270925 0 49 3 2
270929 0 49 3 2
270229 0 50 3 1
270492 0 50 3 1
270599 0 50 3 2
271897 0 51 3 2
110557 0 53 3 3
270502 0 53 3 1
270504 0 53 3 1
270505 0 53 3 1
270506 0 53 3 1
271237 0 53 3 1
271484 1 53 3 3
270503 0 55 3 3
270504 0 55 3 3
270502 0 56 3 3
270505 0 56 3 3
270596 0 56 3 3
270598 0 56 3 3
270599 0 56 3 3
271737 0 56 3 1
270096 0 57 3 1
318699 0 57 3 0
270651 0 60 3 3
270652 0 60 3 3
271200 0 61 3 1
271202 0 61 3 1
271204 0 61 3 1
271205 0 61 3 1
271367 0 61 3 1
271724 0 62 3 4
170276 1 67 3 3
271763 0 68 3 1
271765 0 68 3 1
271199 1 69 3 1
271203 1 69 3 1
270134 0 70 3 4
270824 0 71 3 1
271316 0 71 3 1
270142 1 75 3 3
271765 0 75 3 3
271766 0 75 3 3
83196 0 77 3 3
271936 0 81 3 3
271937 0 81 3 3
271937 0 85 3 2
271941 0 85 3 2
272627 0 85 3 1
272629 0 85 3 1
272630 0 85 3 1
274134 0 86 3 1
441438 0 86 3 2
12619 0 88 3 2
349296 1 88 3 3
349299 1 88 3 3
349300 1 88 3 3
349301 1 88 3 3
272746 1 89 3 1
272747 1 89 3 1
272748 1 89 3 1
272987 0 89 3 3
272990 0 89 3 3
272989 0 89 3 3
273207 0 90 3 1
48922 1 93 3 1
48926 1 93 3 1
271259 1 93 3 3
272643 0 93 3 0
272645 0 93 3 0
274011 0 93 3 1
272990 1 95 3 1
385474 0 96 3 1
385476 0 96 3 1
385479 0 96 3 1
274169 0 97 3 0
274170 0 97 3 0
385476 0 100 3 1
272186 0 106 3 1
272382 0 108 3 1
170274 1 323 3 3
