147624 7
478646 7
517119 7
517122 7
517123 7
229066 8
229067 8
229068 8
229069 8
457050 8
34700 10
333110 10
333112 10
333113 10
478888 10
479114 10
479116 10
277070 11
277075 11
479115 12
332877 13
332880 13
332881 13
384461 13
384462 13
384464 13
277073 14
479189 14
479193 14
332878 16
332879 16
332106 17
332108 17
333374 18
479189 18
479192 18
277720 19
277721 19
276499 20
333376 21
477961 21
276488 22
336505 22
332604 24
333276 24
333379 24
333380 24
277808 25
276635 27
477966 28
276664 30
277190 30
277194 30
277320 30
277324 30
276264 31
277494 31
277668 32
477620 32
477885 32
276767 33
276770 33
276772 33
277582 33
277583 33
478842 33
276218 34
276220 34
276300 34
276302 34
276303 34
277196 34
277478 34
277852 34
478859 34
478860 34
277497 35
277667 35
478840 35
478841 35
276304 36
276306 36
276453 36
277567 36
331891 36
276402 37
276760 37
333258 37
333259 37
277053 38
277480 38
332680 38
478267 38
276827 39
277566 39
333205 39
333207 39
276757 41
276830 41
277558 42
277559 42
277560 42
277745 42
276896 43
276947 43
277350 43
331827 43
332539 43
478723 43
478724 43
478725 43
478726 43
276632 44
333013 44
333014 44
478269 44
276496 45
276497 45
276362 46
277076 46
277185 46
277187 46
277188 46
332517 46
333211 46
333213 46
333214 46
275416 47
277151 47
277332 47
277333 47
332592 47
332593 47
332595 47
332597 47
333308 47
333310 47
276359 48
276360 48
276556 48
276559 48
277757 48
277997 48
277998 48
332705 48
333381 48
335760 48
335761 48
335763 48
478267 48
332316 49
277184 50
277472 51
335759 51
276195 52
276197 52
276198 52
276199 52
277756 52
277757 52
276645 53
276648 53
277032 54
277086 54
332595 54
332597 54
276996 55
276997 55
145267 56
277029 56
336298 56
336301 56
69061 57
277083 57
277084 57
277190 57
277192 57
277193 57
335682 57
335683 57
277520 58
276570 59
277265 60
271454 61
69259 62
69260 62
277118 62
305651 64
69262 65
276190 66
276671 66
68092 68
68093 68
277456 69
67658 71
68972 71
277511 71
68094 72
68095 72
68520 72
69008 73
69149 74
69152 74
276512 74
277548 74
277550 74
67950 76
68822 76
68824 76
68826 76
276661 76
276664 76
277343 76
277344 76
451927 76
68501 78
68503 78
68506 78
69150 78
69152 78
68491 79
68494 79
68495 79
68772 79
68773 79
68775 79
69296 79
69502 82
277209 82
277210 82
277211 82
277881 82
149695 83
68865 85
186126 85
186128 85
68863 87
69126 87
69434 88
69437 88
68866 89
68760 92
69079 93
69082 93
232027 93
232028 93
68194 95
68195 95
68035 96
68036 96
68192 100
289610 100
231481 102
289602 102
68699 103
68701 103
68703 103
68705 103
68700 105
68702 105
68704 105
288735 105
67645 107
67646 107
67649 107
288408 107
289107 119
