243138 0 3 5 3
244402 0 4 5 1
244404 0 4 5 1
244406 0 4 5 1
291621 0 4 5 1
334391 0 4 5 2
538173 0 5 5 2
291623 0 6 5 3
292524 0 6 5 1
292528 0 6 5 1
292529 0 6 5 1
109954 0 7 5 3
545854 0 7 5 3
545857 0 7 5 3
35155 1 10 5 1
116540 0 10 5 1
116541 0 10 5 1
116542 0 10 5 1
291223 1 10 5 0
34036 0 13 5 3
291469 1 13 5 1
34690 1 14 5 1
34692 1 14 5 1
64453 0 15 5 3
117159 1 16 5 1
117162 1 16 5 1
33516 0 17 5 1
34880 0 17 5 1
34882 0 17 5 1
64187 0 17 5 4
291260 0 18 5 1
291467 1 18 5 3
64456 0 19 5 1
244902 0 19 5 1
244905 0 19 5 1
291467 0 19 5 1
34861 0 20 5 1
34862 0 20 5 1
64459 0 20 5 1
33745 1 21 5 1
34244 0 21 5 1
34650 0 21 5 1
33764 0 22 5 1
33765 0 22 5 1
34860 0 22 5 1
34863 0 22 5 1
292519 1 22 5 1
117436 0 23 5 1
117438 0 23 5 3
277078 0 23 5 1
290974 0 23 5 1
290975 0 23 5 1
292610 0 23 5 1
292613 0 23 5 1
445468 0 23 5 0
445469 0 23 5 0
33744 0 24 5 1
34205 0 24 5 3
115984 0 24 5 1
34241 1 25 5 3
34243 1 25 5 3
116316 0 25 5 1
158840 0 25 5 3
292902 0 25 5 1
116601 1 26 5 1
201080 1 26 5 2
33922 0 27 5 3
33923 0 27 5 3
117437 0 27 5 3
445466 0 27 5 2
445468 0 27 5 2
291639 0 28 5 1
292302 0 28 5 1
444601 0 28 5 1
290294 0 29 5 1
290295 0 29 5 1
291937 0 29 5 3
291938 0 29 5 3
292908 0 29 5 2
292911 0 29 5 2
444547 0 29 5 1
30364 0 30 5 3
291424 0 30 5 1
291425 0 30 5 1
116315 0 31 5 4
116318 0 31 5 4
273567 0 31 5 3
273568 0 31 5 3
290350 0 31 5 3
292300 1 31 5 1
292301 1 31 5 1
292302 1 31 5 1
34842 1 32 5 4
117220 0 32 5 1
291552 1 32 5 1
291558 1 32 5 1
292947 0 32 5 1
34117 0 33 5 4
115981 0 33 5 3
115983 0 33 5 3
292908 0 34 5 3
117570 0 35 5 1
117573 0 35 5 1
117575 0 35 5 1
293034 0 36 5 1
293037 0 36 5 1
352830 0 36 5 2
467724 0 36 5 2
115655 0 38 5 3
292281 0 38 5 1
292283 0 38 5 1
444300 0 38 5 1
445523 0 38 5 1
445529 0 38 5 1
290923 0 39 5 2
292676 1 39 5 3
352249 0 39 5 2
291647 0 40 5 1
291648 0 40 5 1
291987 0 40 5 1
291990 0 40 5 1
390125 0 40 5 3
390127 0 40 5 3
445523 0 40 5 1
445525 0 40 5 1
445526 0 40 5 1
445527 0 40 5 1
34445 0 41 5 1
115844 0 41 5 1
115846 0 41 5 1
291400 1 41 5 1
445526 0 41 5 1
445527 0 41 5 1
445528 0 41 5 1
445529 0 41 5 1
292173 0 42 5 1
292174 0 42 5 1
292779 0 43 5 1
292780 0 43 5 1
116997 0 44 5 1
116999 0 44 5 1
292170 0 44 5 1
292173 0 44 5 1
446148 0 44 5 1
446149 0 44 5 1
165250 0 45 5 4
290559 0 45 5 1
117366 0 46 5 1
117367 0 46 5 1
444551 0 46 5 3
444553 0 46 5 3
446105 0 46 5 3
446106 0 46 5 3
446107 0 46 5 3
446109 0 46 5 3
272802 0 47 5 1
446103 1 47 5 3
446104 1 47 5 3
446109 1 47 5 3
462137 0 47 5 3
462138 0 47 5 3
272806 0 48 5 1
272832 0 52 5 1
272834 0 52 5 1
444499 0 53 5 3
290800 0 54 5 1
444236 0 55 5 1
444815 0 55 5 3
445162 0 56 5 1
291585 0 57 5 1
445731 0 57 5 1
444322 0 59 5 1
444323 0 59 5 1
445108 0 59 5 1
445111 0 59 5 1
446023 0 59 5 3
446027 0 59 5 3
292793 1 60 5 1
292796 1 60 5 1
34085 0 61 5 1
444324 0 61 5 3
292834 0 62 5 1
292837 0 62 5 1
445140 1 62 5 1
446145 0 62 5 3
445111 0 63 5 3
444574 0 64 5 1
446036 0 64 5 1
446040 0 64 5 1
444303 0 65 5 1
444304 0 65 5 1
444609 0 65 5 1
292758 0 66 5 1
292759 0 66 5 1
292836 0 66 5 3
444782 0 66 5 1
445114 0 66 5 1
445116 0 66 5 1
59785 0 67 5 2
59786 0 67 5 2
59787 0 67 5 2
291915 1 68 5 1
445723 0 69 5 3
494723 0 69 5 3
494724 0 69 5 3
291912 0 70 5 3
445294 0 70 5 1
291913 0 71 5 1
445727 0 71 5 1
463986 0 71 5 2
463988 0 71 5 2
133917 0 72 5 3
444520 0 72 5 1
444521 0 72 5 1
444524 0 72 5 1
59788 0 74 5 3
444652 0 74 5 1
444654 0 74 5 1
445018 1 74 5 1
560155 1 74 5 1
560156 1 74 5 1
560159 1 74 5 1
444242 1 75 5 1
444244 1 75 5 1
446009 1 76 5 1
559868 0 76 5 1
560156 0 77 5 1
560158 0 77 5 1
445842 0 79 5 3
559351 0 79 5 1
559534 0 80 5 1
423959 0 81 5 3
423960 0 81 5 3
443670 1 81 5 3
559989 1 81 5 3
559626 1 82 5 1
559836 0 82 5 2
559841 0 82 5 2
560674 0 82 5 3
306076 0 83 5 3
306080 0 83 5 3
560238 0 83 5 4
559350 0 84 5 3
445989 0 85 5 1
445991 0 85 5 1
559286 1 85 5 1
306079 0 86 5 3
444724 0 86 5 1
444725 0 86 5 1
414397 0 87 5 3
444374 0 87 5 4
444375 0 87 5 4
444377 0 87 5 4
445939 0 87 5 1
445941 0 87 5 1
559333 0 87 5 1
559335 0 87 5 1
444375 0 88 5 1
444378 0 88 5 1
444379 0 88 5 1
444669 0 88 5 1
559705 0 88 5 1
559706 0 88 5 1
560310 0 88 5 1
560314 0 88 5 1
560315 0 88 5 1
445985 0 89 5 1
445990 0 89 5 1
475912 0 89 5 2
475913 0 89 5 2
475916 0 89 5 2
559863 0 89 5 1
445988 0 90 5 1
445998 1 90 5 1
445999 1 90 5 1
559285 0 90 5 3
445938 0 91 5 0
445940 0 91 5 0
445941 0 91 5 0
445940 0 91 5 3
445941 0 91 5 3
560662 0 91 5 3
445287 0 93 5 1
559168 0 93 5 1
559169 0 93 5 1
559861 0 93 5 3
560244 0 93 5 3
560245 0 93 5 3
231510 0 94 5 3
392763 0 94 5 2
392765 0 94 5 2
392763 0 94 5 3
392765 0 94 5 3
445424 0 94 5 1
445425 0 94 5 1
445426 0 94 5 1
559609 0 94 5 4
560448 0 94 5 1
445289 1 95 5 3
559605 0 95 5 3
445285 0 98 5 1
445287 0 98 5 1
445366 0 98 5 1
559611 0 98 5 3
559613 0 98 5 3
445423 0 100 5 1
559606 0 100 5 2
559607 0 100 5 2
559612 1 101 5 1
560397 0 101 5 1
445066 0 102 5 3
445328 0 103 5 1
445423 1 106 5 3
559726 0 106 5 1
559191 0 109 5 1
559727 0 111 5 3
560079 0 113 5 1
559659 0 115 5 1
559662 0 115 5 1
559663 0 115 5 1
560341 0 116 5 1
560342 0 116 5 1
559585 1 117 5 1
534939 0 120 5 3
534942 0 120 5 3
6016 0 121 5 3
6018 0 121 5 3
190998 0 121 5 3
190999 0 121 5 3
191000 0 121 5 3
560555 0 122 5 1
190999 0 125 5 1
191001 0 125 5 1
560556 0 125 5 1
560515 0 128 5 1
559515 1 132 5 1
190015 0 133 5 1
559647 0 133 5 1
191528 0 136 5 1
191530 0 136 5 1
559009 1 137 5 1
559829 1 137 5 1
559831 1 137 5 1
560174 0 137 5 1
560175 0 137 5 1
560177 0 137 5 1
190617 0 138 5 1
190619 0 138 5 1
559518 0 139 5 1
190849 1 140 5 1
560321 0 143 5 1
559016 0 144 5 3
133443 0 160 5 3
