274671 1 4 2 1
220831 1 4 2 3
179002 1 4 2 3
66332 1 4 2 3
66328 0 4 5 3
220830 0 4 5 3
274670 0 4 5 1
274674 0 4 5 1
274675 0 4 5 1
360624 1 5 1 2
179918 1 5 1 3
282807 0 5 5 3
360623 0 5 5 2
419509 1 6 3 1
282808 1 6 0 3
422187 1 7 3 3
422188 0 7 5 3
420382 1 8 3 1
420328 1 8 2 1
214754 1 8 1 3
419518 1 9 3 1
206542 1 9 3 3
420383 1 9 5 1
270579 1 10 2 4
255833 1 10 2 3
282815 1 10 1 3
419521 1 10 5 1
419503 1 11 3 1
157373 1 11 2 4
271415 1 11 1 1
157372 0 11 5 4
271414 0 11 5 1
271417 0 11 5 1
419676 1 12 3 1
420839 1 12 2 1
271372 1 12 2 0
271374 0 12 5 0
419504 1 12 5 1
419505 1 12 5 1
420449 1 13 3 1
420489 1 13 2 1
420840 1 13 5 1
420218 1 14 3 1
420576 1 14 2 1
420220 0 14 5 1
420221 0 14 5 1
420578 0 14 5 1
271672 1 15 3 1
271416 1 15 2 3
271414 0 15 5 3
271417 0 15 5 3
419597 1 16 3 3
420373 1 16 2 4
419537 1 16 2 1
356192 1 16 2 3
356191 0 16 5 3
420450 1 17 2 2
419753 1 17 2 0
419843 1 18 3 3
44446 1 18 3 1
98054 1 18 2 3
98053 0 18 5 3
419755 1 18 5 0
234893 1 19 2 2
270927 1 19 1 1
44447 1 19 5 1
234895 0 19 5 2
270925 0 19 5 1
275894 1 22 2 4
356143 1 24 2 2
420124 1 25 2 4
253619 1 25 2 3
356141 0 24 5 2
