274808 1 3 3 0
530501 1 4 2 0
360872 1 4 2 3
319748 1 4 2 0
228248 1 4 2 0
215741 1 4 2 3
64554 1 4 2 3
215739 0 4 5 3
215740 0 4 5 3
228250 0 4 5 0
228251 0 4 5 0
319751 0 4 5 0
360871 0 4 5 3
360873 0 4 5 3
475493 1 5 1 3
475491 0 5 5 3
475492 0 5 5 3
320999 1 6 3 0
228249 1 6 2 1
228248 0 6 5 1
321000 0 6 5 0
321004 0 6 5 0
292612 1 7 3 1
229396 1 8 3 1
229395 0 8 5 1
448796 1 9 2 0
448800 0 9 5 0
448801 0 9 5 0
228896 1 12 1 1
228898 0 12 5 1
229323 1 13 3 1
303081 1 13 2 3
233088 1 13 1 1
233087 0 13 5 1
321006 1 15 4 3
229322 1 15 4 3
448750 1 16 3 1
229208 1 16 2 4
321007 1 16 5 3
321005 1 17 3 1
1274 0 18 5 3
