464576 2 1 1 0
23019 3 2 2 0
283621 3 2 3 0
367797 3 2 1 0
473490 3 2 3 0
163600 4 3 3 1
471824 4 3 1 0
461111 5 3 1 0
536437 6 2 1 0
459680 7 2 3 1
347347 8 4 1 0
367798 8 3 1 0
389023 8 2 4 0
390030 8 2 1 0
460997 8 3 1 0
477480 9 3 1 0
477486 9 2 1 0
363295 11 1 3 1
347344 12 3 1 0
367799 12 4 1 1
459108 12 1 1 0
477481 12 4 1 0
345999 13 2 4 0
346774 13 4 3 1
478561 13 4 4 1
363296 14 3 3 0
367800 14 2 3 0
470878 14 2 1 0
536438 14 4 3 0
347348 15 2 1 0
347698 15 3 1 0
460277 16 4 1 1
470683 16 2 1 0
470839 16 3 1 0
478679 17 4 4 1
479027 17 3 1 1
346528 18 4 1 0
346529 18 2 1 0
460535 18 4 4 0
479150 18 4 3 0
470527 19 2 2 0
470899 19 4 1 0
346193 20 3 1 0
346227 20 3 1 0
346345 20 2 1 0
469322 20 3 3 0
478686 20 4 1 0
346375 21 3 3 0
470536 21 3 4 0
470901 21 2 3 0
346448 22 3 1 0
347575 22 3 1 0
427597 23 3 3 0
470462 23 2 1 0
470521 23 3 2 1
116876 24 3 3 0
346211 24 4 1 0
346249 24 3 2 1
346316 25 4 2 0
368070 25 2 1 0
468648 25 4 3 0
84905 26 4 3 0
347636 26 3 1 0
346225 27 4 3 1
346235 28 2 3 0
346321 28 3 3 0
368060 28 2 1 0
368074 28 3 3 0
368459 29 2 1 0
471067 29 1 0 0
532211 29 4 3 0
545828 29 2 3 0
346799 30 2 2 0
367587 31 3 1 0
368062 31 3 3 0
470188 31 3 2 0
346320 32 2 1 0
367557 32 3 1 0
471365 32 3 1 0
471868 32 3 1 0
116199 33 3 3 0
347458 33 4 3 0
367849 33 4 1 0
367852 33 3 3 0
471241 34 2 1 0
471693 34 3 2 0
346391 35 4 1 0
347211 35 4 1 0
364233 35 3 3 0
368061 35 3 1 0
422693 35 2 3 0
470385 35 3 1 0
471242 35 2 3 0
367586 36 4 1 0
470673 36 4 1 0
471239 37 4 1 0
347087 38 4 0 0
471063 38 2 1 0
471192 38 2 2 0
346393 40 4 1 0
368059 40 2 1 0
368614 40 2 1 0
470677 40 3 3 0
120594 41 3 3 0
367781 41 2 1 1
368619 41 2 1 0
470285 41 3 1 0
308630 43 2 3 0
367782 43 4 2 0
368136 43 2 1 1
470256 43 3 1 0
470273 43 1 1 0
98903 44 2 3 1
346210 44 3 1 0
470278 44 2 1 0
347092 45 2 1 0
308629 46 2 3 1
367821 46 2 1 0
309128 47 3 1 0
346505 48 3 1 0
367582 48 1 1 0
471853 48 2 1 0
470280 49 3 3 0
471782 49 2 1 0
432912 50 1 1 0
433785 50 3 1 0
309130 51 2 3 0
346502 51 2 4 1
367692 51 3 1 0
368106 51 2 1 0
347378 52 3 1 0
367822 52 4 3 0
470898 52 2 1 0
471781 52 3 1 0
367131 53 2 1 0
367811 53 4 1 0
368312 53 4 1 0
432913 53 3 3 0
471817 53 3 1 0
347231 54 3 1 0
367246 54 2 1 0
367998 54 2 1 0
368315 54 3 1 0
309119 55 3 1 1
367736 55 3 1 0
471816 55 2 1 0
542727 56 4 3 0
368316 57 2 3 0
432868 58 3 1 0
309341 59 3 1 0
341098 59 3 3 0
308052 61 2 1 0
90184 62 2 2 0
308360 62 2 4 0
309561 62 3 3 0
308084 63 3 1 0
308369 63 3 1 0
307504 64 4 1 0
308368 65 3 1 0
309462 65 3 4 0
309558 65 4 3 1
309559 65 3 1 0
307589 66 3 1 0
309537 66 2 1 0
345931 66 1 1 0
309189 67 3 1 0
347886 67 2 3 0
307625 68 2 0 0
307750 68 4 1 0
308371 69 3 1 0
307578 70 3 1 0
309554 71 3 1 0
309619 71 2 1 0
347885 71 3 3 0
307832 72 1 0 0
309174 72 3 1 0
309402 72 2 1 0
309614 74 3 1 0
308053 75 3 1 0
309625 75 1 4 1
329714 75 3 1 0
13580 76 2 0 0
345933 76 3 3 0
308237 77 3 1 0
308523 78 2 1 0
308681 78 3 1 0
309486 78 3 1 1
328624 78 2 1 1
329355 78 3 1 0
308238 79 2 2 0
329717 79 3 3 0
13582 80 3 1 1
13583 80 3 3 0
309498 80 3 2 0
308480 81 3 3 1
308667 81 3 4 0
309175 81 4 3 0
329243 81 2 4 0
308724 82 3 3 0
14007 83 3 1 0
308121 84 3 1 0
329377 84 4 1 0
14548 85 2 1 0
308482 85 3 4 1
308972 85 3 3 0
329376 85 2 1 0
328617 86 3 2 0
257904 87 3 3 0
328182 87 4 1 0
328351 87 2 1 0
307690 88 3 3 0
329740 89 2 1 0
308347 90 3 1 0
308973 90 3 3 0
328261 90 2 1 0
328550 90 2 1 0
328557 90 2 1 0
329375 90 4 1 0
562733 90 3 2 0
257903 91 3 1 0
328185 91 2 3 1
328417 91 2 3 0
328778 92 2 1 0
328922 92 3 1 0
329617 93 3 1 0
562586 93 3 1 0
183829 94 2 3 0
308180 94 2 0 0
328892 94 4 1 0
390134 94 3 3 0
328555 95 3 1 0
328974 95 2 1 0
329753 95 1 3 1
308182 96 2 2 1
329030 96 4 1 0
308179 97 2 0 0
328329 97 4 1 0
328779 97 3 1 0
329403 97 2 1 0
441728 98 4 3 0
308181 100 3 2 0
328947 100 4 1 0
328205 101 2 3 1
328211 101 2 3 0
329118 101 2 1 0
328122 103 3 4 1
329117 104 3 1 0
329278 104 2 1 0
329425 104 2 2 0
282574 105 3 3 1
328743 105 4 1 0
399637 106 3 2 0
314678 107 3 3 1
328209 107 4 1 0
329045 107 3 1 0
329058 107 4 1 0
329119 108 4 3 0
328249 109 4 1 0
329786 112 3 1 0
