464576 1 2 4 1
473490 1 3 3 3
367797 1 3 3 1
283621 1 3 3 3
23019 1 3 3 2
390031 0 3 5 3
464579 1 3 5 1
473489 0 3 5 3
471824 1 4 2 1
163600 1 4 2 3
163599 0 4 5 3
367801 1 4 5 1
471822 0 4 5 1
461111 1 5 2 1
461112 0 5 5 1
536437 1 6 3 1
536436 0 6 5 1
536439 0 6 5 1
459680 1 7 3 3
390030 1 8 3 1
389023 1 8 3 4
460997 1 8 2 1
367798 1 8 2 1
347347 1 8 1 1
367797 0 8 5 1
367800 0 8 5 1
389022 0 8 5 4
390031 0 8 5 1
390032 0 8 5 1
390033 0 8 5 1
477486 1 9 3 1
477480 1 9 2 1
477485 0 9 5 1
477488 0 9 5 1
363295 1 11 4 3
459108 1 12 4 1
347344 1 12 2 1
477481 1 12 1 1
367799 1 12 1 1
477480 0 12 5 1
477483 0 12 5 1
345999 1 13 3 4
478561 1 13 1 4
346774 1 13 1 3
346773 0 13 5 3
459107 1 13 5 1
470878 1 14 3 1
367800 1 14 3 3
363296 1 14 2 3
536438 1 14 1 3
367798 0 14 5 3
470879 0 14 5 1
347348 1 15 3 1
347698 1 15 2 1
347345 0 15 5 1
363297 1 15 5 3
470683 1 16 3 1
470839 1 16 2 1
460277 1 16 1 1
460278 0 16 5 1
470680 0 16 5 1
479027 1 17 2 1
478679 1 17 1 4
470838 1 17 5 1
470843 1 17 5 1
346529 0 18 5 1
479150 1 18 1 3
460535 1 18 1 4
346528 1 18 1 1
346530 0 18 5 1
479149 0 18 5 3
470527 1 19 3 2
470899 1 19 1 1
346528 1 19 5 1
346530 1 19 5 1
470526 0 19 5 2
470900 0 19 5 1
346345 1 20 3 1
469322 1 20 2 3
346227 1 20 2 1
346193 1 20 2 1
478686 1 20 1 1
346195 0 20 5 1
346196 0 20 5 1
478687 0 20 5 1
470901 1 21 3 3
470536 1 21 2 4
346375 1 21 2 3
346346 1 21 5 1
346347 1 21 5 1
346374 0 21 5 3
346376 0 21 5 3
470902 0 21 5 3
347575 1 22 2 1
346448 1 22 2 1
346447 0 22 5 1
346449 0 22 5 1
347576 0 22 5 1
475333 0 22 5 2
470462 1 23 3 1
470521 1 23 2 2
427597 1 23 2 3
470459 0 23 5 1
470461 0 23 5 1
346249 1 24 2 2
116876 1 24 2 3
346211 1 24 1 1
116875 0 24 5 3
346212 0 24 5 1
346213 0 24 5 1
346250 0 24 5 2
368070 1 25 3 1
468648 1 25 1 3
346316 1 25 1 2
368069 0 25 5 1
368071 0 25 5 1
368072 0 25 5 1
347636 1 26 2 1
84905 1 26 1 3
347639 0 26 5 1
346225 1 27 1 3
368060 1 28 3 1
346235 1 28 3 3
368074 1 28 2 3
346321 1 28 2 3
471067 1 29 4 0
545828 1 29 3 3
368459 1 29 3 1
532211 1 29 1 3
346799 1 30 3 2
346801 0 30 5 2
471068 1 30 5 0
471069 1 30 5 0
470188 1 31 2 2
368062 1 31 2 3
367587 1 31 2 1
367588 0 31 5 1
470189 0 31 5 2
346320 1 32 3 1
471868 1 32 2 1
471365 1 32 2 1
367557 1 32 2 1
346321 0 32 5 1
471366 0 32 5 1
367852 1 33 2 3
116199 1 33 2 3
367849 1 33 1 1
347458 1 33 1 3
367851 0 33 5 1
471241 0 34 6 3
471693 1 34 2 2
471242 1 35 5 1
422693 1 35 3 3
470385 1 35 2 1
368061 1 35 2 1
364233 1 35 2 3
347211 1 35 1 1
346391 1 35 1 1
346390 0 35 5 1
346392 0 35 5 1
368059 0 35 5 1
368060 0 35 5 1
422691 0 35 5 3
471239 1 35 5 1
470673 1 36 1 1
367586 1 36 1 1
470677 0 36 5 1
471242 0 37 5 1
471192 1 38 3 2
471063 1 38 3 1
347087 1 38 1 0
347088 0 38 5 0
347089 0 38 5 0
471064 1 39 5 1
471065 1 39 5 1
471066 1 39 5 1
368614 1 40 3 1
368059 1 40 3 1
346393 1 40 1 1
346390 0 40 5 1
368617 0 40 5 1
470673 0 40 5 3
470674 0 40 5 3
368619 1 41 3 1
367781 1 41 3 1
470285 1 41 2 1
120594 1 41 2 3
120591 0 41 5 3
368062 1 41 5 1
368063 1 41 5 1
368618 0 41 5 1
470287 0 41 5 1
346099 0 42 5 3
470273 1 43 4 1
368136 1 43 3 1
308630 1 43 3 3
470256 1 43 2 1
367782 1 43 1 2
470259 0 43 5 1
470278 1 44 3 1
98903 1 44 3 3
346210 1 44 2 1
98904 0 44 5 3
346213 0 44 5 1
470274 1 44 5 1
470275 1 44 5 1
347092 1 45 3 1
347093 0 45 5 1
347094 0 45 5 1
470280 1 45 5 1
367821 1 46 3 1
308629 1 46 3 3
367823 0 46 5 1
309128 1 47 2 1
309130 0 47 5 1
367582 1 48 4 1
471853 1 48 3 1
346505 1 48 2 1
471854 0 48 5 1
471782 1 49 3 1
367584 1 49 5 1
432912 1 50 4 1
433785 1 50 2 1
433787 0 50 5 1
433789 0 50 5 1
367794 0 51 13 4
368106 1 51 3 1
346502 1 51 3 4
367692 1 51 2 1
309127 0 51 5 3
367691 0 51 5 1
368107 0 51 5 1
432911 1 51 5 1
470898 1 52 3 1
471781 1 52 2 1
347378 1 52 2 1
367822 1 52 1 3
470899 0 52 5 1
470901 0 52 5 1
471783 0 52 5 1
367131 1 53 3 1
471817 1 53 2 1
432913 1 53 2 3
368312 1 53 1 1
367811 1 53 1 1
367129 0 53 5 1
368314 0 53 5 1
367998 1 54 3 1
367246 1 54 3 1
368315 1 54 2 1
347231 1 54 2 1
347232 0 54 5 1
347234 0 54 5 1
367244 0 54 5 1
367999 0 54 5 1
471816 1 55 3 1
367736 1 55 2 1
309119 1 55 2 1
309118 0 55 5 1
367735 0 55 5 1
367737 0 55 5 1
367739 0 55 5 1
368312 1 55 5 1
471817 0 55 5 1
542727 1 56 1 3
542728 0 56 5 3
368316 1 57 3 3
432868 1 58 2 1
341098 1 59 2 3
309341 1 59 2 1
309342 0 59 5 1
309345 0 59 5 1
432869 1 59 5 1
308052 1 61 3 1
308054 0 61 5 1
308360 1 62 3 4
90184 1 62 3 2
309561 1 62 2 3
90182 0 62 5 2
90183 0 62 5 2
308369 1 63 2 1
308084 1 63 2 1
308368 0 63 5 1
307504 1 64 1 1
307507 0 64 5 1
307508 0 64 5 1
308086 1 64 5 1
309559 1 65 2 1
309462 1 65 2 4
309558 1 65 1 3
345931 1 66 4 1
309537 1 66 3 1
307589 1 66 2 1
307588 0 66 5 1
347886 1 67 3 3
309189 1 67 2 1
309190 0 67 5 1
309192 0 67 5 1
309193 0 67 5 1
309540 1 67 5 1
345933 1 67 5 1
307625 1 68 3 0
307750 1 68 1 1
307753 0 68 5 1
308371 1 69 2 1
307628 1 69 5 0
307578 1 70 2 1
309619 1 71 3 1
347885 1 71 2 3
309554 1 71 2 1
309555 0 71 5 1
309558 0 71 5 1
347886 0 71 5 3
307832 1 72 4 0
309402 1 72 3 1
309174 1 72 2 1
307834 1 73 5 0
309175 1 73 5 1
309590 0 74 13 3
309614 1 74 2 1
309615 0 74 5 1
309625 1 75 4 4
329714 1 75 2 1
308053 1 75 2 1
329713 0 75 5 1
329715 0 75 5 1
329716 0 75 5 1
13580 1 76 3 0
345933 1 76 2 3
308237 1 77 2 1
308238 0 77 7 1
328624 1 78 3 1
308523 1 78 3 1
329355 1 78 2 1
309486 1 78 2 1
308681 1 78 2 1
308526 0 78 5 1
308680 0 78 5 1
308683 0 78 5 1
328623 0 78 5 1
329356 0 78 5 1
329357 0 78 5 1
329717 1 79 2 3
309488 1 79 5 1
329716 0 79 5 3
329718 0 79 5 3
309498 1 80 2 2
13583 1 80 2 3
13582 1 80 2 1
13580 0 80 5 1
13581 0 80 5 1
13584 0 80 5 1
13580 0 80 5 3
13584 0 80 5 3
329243 1 81 3 4
308667 1 81 2 4
308480 1 81 2 3
309175 1 81 1 3
308668 0 81 5 4
329244 0 81 5 4
308724 1 82 2 3
308725 0 82 5 3
14007 1 83 2 1
14009 0 83 5 1
308121 1 84 2 1
329377 1 84 1 1
329376 0 84 5 1
14548 1 85 3 1
308972 1 85 2 3
308482 1 85 2 4
308969 0 85 5 3
308970 0 85 5 3
308971 0 85 5 3
308973 0 85 5 3
329377 0 85 5 1
328617 1 86 2 2
328615 0 86 5 2
328351 1 87 3 1
257904 1 87 2 3
328182 1 87 1 1
257903 0 87 5 3
257905 0 87 5 3
328184 0 87 5 1
307690 1 88 2 3
307686 0 88 5 3
307688 0 88 5 3
328350 1 88 5 1
328353 1 88 5 1
329740 1 89 3 1
329741 0 89 5 1
328557 1 90 3 1
328550 1 90 3 1
328261 1 90 3 1
562733 1 90 2 2
308973 1 90 2 3
308347 1 90 2 1
329375 1 90 1 1
308967 0 90 5 3
308970 0 90 5 3
328551 0 90 5 1
328552 0 90 5 1
329378 0 90 5 1
329379 0 90 5 1
562732 0 90 5 2
328417 1 91 3 3
328185 1 91 3 3
328182 0 91 5 3
328183 0 91 5 3
328415 0 91 5 3
328778 1 92 3 1
328922 1 92 2 1
328779 0 92 5 1
328921 0 92 5 1
328924 0 92 5 1
562586 1 93 2 1
329617 1 93 2 1
562587 0 93 5 1
562588 0 93 5 1
308180 1 94 3 0
183829 1 94 3 3
390134 1 94 2 3
328892 1 94 1 1
328893 0 94 5 1
329753 1 95 4 3
328974 1 95 3 1
328555 1 95 2 1
328558 0 95 5 1
308182 1 96 3 2
329030 1 96 1 1
329032 0 96 5 1
329403 1 97 3 1
308179 1 97 3 0
328779 1 97 2 1
328329 1 97 1 1
441728 1 98 1 3
308180 1 98 5 0
328778 1 98 5 1
308181 1 100 2 2
328947 1 100 1 1
328948 0 100 5 1
329118 1 101 3 1
328211 1 101 3 3
328205 1 101 3 3
329116 0 101 5 1
329120 0 101 5 1
328122 1 103 2 4
329425 1 104 3 2
329278 1 104 3 1
329117 1 104 2 1
329277 0 104 5 1
329280 0 104 5 1
282574 1 105 2 3
328743 1 105 1 1
282575 0 105 5 3
328742 0 105 5 1
329116 1 105 5 1
329120 1 105 5 1
399637 1 106 2 2
399636 0 106 5 2
329045 1 107 2 1
314678 1 107 2 3
329058 1 107 1 1
328209 1 107 1 1
314679 0 107 5 3
328210 0 107 5 1
329043 0 107 5 1
329046 0 107 5 1
329047 0 107 5 1
329119 1 108 1 3
329116 0 108 5 3
329120 0 108 5 3
328249 1 109 1 1
329786 1 112 2 1
328251 0 109 5 1
