25140 0 6 6 3 0
34336 0 6 6 1 0
60623 0 6 6 4 0
109952 1 5 6 1 0
111648 0 6 6 2 0
116754 0 6 6 1 0
185401 0 6 6 2 0
227975 0 6 6 3 0
243140 1 4 6 3 0
244403 1 3 6 1 0
291620 1 3 6 1 0
322788 1 3 6 3 0
334392 1 3 6 2 0
344763 1 4 6 3 0
414589 1 4 6 3 0
431229 0 6 6 3 0
442048 0 6 6 3 0
460981 1 2 6 1 0
482424 0 6 6 3 0
538175 1 2 6 2 0
292527 1 2 7 1 0
300201 1 4 7 2 0
35008 1 3 8 1 1
244895 0 6 8 1 0
291622 1 3 8 3 0
244898 0 6 9 1 0
306088 0 6 9 3 0
344762 0 6 9 3 0
345642 1 4 9 4 1
545856 1 3 9 3 0
109955 1 4 10 3 0
269810 0 6 10 4 1
291101 0 6 10 1 0
291222 1 4 10 1 0
292904 0 6 10 1 0
34034 0 6 11 1 0
116539 1 2 11 1 0
243062 0 6 11 1 1
244656 1 3 11 1 0
486291 0 6 11 3 0
538176 0 6 11 2 0
538982 0 6 11 3 0
34815 0 6 12 3 0
174216 1 3 12 3 0
244899 0 6 12 3 1
291221 1 4 12 0 0
345647 0 6 12 2 0
33734 0 6 13 1 0
34465 0 6 13 1 0
35152 1 5 13 1 0
243064 0 6 13 3 1
244012 1 2 13 4 1
345536 1 3 13 3 0
34173 0 6 14 1 0
244655 0 6 14 1 0
244896 0 6 14 1 0
34035 1 3 15 3 0
116040 0 6 15 1 0
291467 1 4 15 1 0
34169 0 6 16 3 0
34514 0 6 16 1 0
34691 1 4 16 1 0
64454 1 2 16 3 0
116540 0 6 16 1 0
291100 0 6 16 1 0
291775 0 6 16 1 0
33813 0 6 17 2 0
34309 1 3 17 3 0
35219 0 6 17 2 0
33518 1 2 18 1 0
33735 0 6 18 2 0
34690 0 6 18 1 0
34881 1 2 18 1 0
35220 0 6 18 2 0
64189 1 2 18 4 0
117160 1 4 18 1 0
283477 0 6 18 3 0
291777 0 6 18 3 0
292620 0 6 18 1 0
33697 0 6 19 1 0
34022 0 6 19 1 0
116182 0 6 19 1 0
244897 1 2 19 1 0
291259 1 2 19 1 0
291468 1 3 19 3 0
34225 0 6 20 1 0
117159 0 6 20 1 0
292262 0 6 20 1 1
34085 0 6 21 1 0
34227 1 4 21 3 0
34750 1 3 21 1 0
64455 1 3 21 1 0
116181 1 3 21 3 0
244903 1 3 21 1 0
249709 0 6 21 2 0
290408 0 6 21 1 0
293122 0 6 21 1 0
33737 0 6 22 3 1
34768 0 6 22 1 0
34860 1 3 22 1 0
35284 1 3 22 1 0
64456 1 3 22 1 0
64462 0 6 22 2 0
116837 1 4 22 1 0
277210 0 6 22 3 0
291466 1 4 22 1 0
292621 1 4 22 1 0
445616 1 3 22 3 0
33551 0 6 23 1 0
33744 1 4 23 1 0
33923 0 6 23 4 1
34241 1 3 23 1 0
34632 1 4 23 1 0
34648 1 3 23 1 1
34749 0 6 23 0 0
63891 1 2 23 1 0
64183 1 4 23 3 1
117264 0 6 23 2 0
292143 0 6 23 1 0
445610 0 6 23 4 0
33738 1 3 24 2 0
33766 1 3 24 1 1
34353 0 6 24 1 1
34421 1 3 24 1 1
34767 1 3 24 0 0
34859 1 3 24 1 0
35295 0 6 24 1 0
64267 0 6 24 1 0
65352 0 6 24 3 0
117437 0 6 24 1 0
277076 1 2 24 1 0
290403 1 3 24 2 0
292693 1 4 24 1 0
292861 0 6 24 1 0
33578 0 6 25 1 0
34754 0 6 25 3 1
35235 0 6 25 1 0
64972 0 6 25 1 0
65103 0 6 25 1 0
117435 1 3 25 1 0
290509 0 6 25 1 0
290548 1 3 25 1 0
291004 1 4 25 4 0
292517 1 5 25 1 0
292611 1 3 25 1 0
293123 1 2 25 1 0
293203 0 6 25 1 0
445466 1 3 25 0 0
33765 0 6 26 1 0
34207 1 3 26 3 1
117439 1 4 26 3 0
277233 0 6 26 1 0
290973 1 4 26 1 0
292575 1 3 26 1 0
33743 1 4 27 1 0
34244 1 4 27 3 0
34352 1 3 27 1 0
34662 0 6 27 0 0
35283 0 6 27 1 0
64458 0 6 27 2 0
115982 1 4 27 1 0
116315 1 3 27 1 0
117434 1 4 27 1 0
158841 1 3 27 3 0
185598 0 6 27 3 0
277082 0 6 27 3 1
290971 0 6 27 1 1
291637 0 6 27 1 0
292905 1 3 27 1 0
445467 1 3 27 1 0
34359 1 3 28 3 0
34858 0 6 28 1 0
35236 0 6 28 1 0
119141 0 6 28 3 0
201079 1 4 28 2 0
292519 0 6 28 3 0
293126 1 4 28 3 0
33921 1 3 29 3 0
33928 1 4 29 4 0
34206 0 6 29 3 0
115655 0 6 29 1 1
116597 1 5 29 1 0
291454 0 6 29 1 1
291734 0 6 29 1 0
292300 1 2 29 1 0
292573 0 6 29 1 0
292613 0 6 29 3 0
292706 0 6 29 1 0
445468 1 3 29 1 0
445469 1 3 29 2 0
445470 1 2 29 2 0
34345 0 6 30 1 0
115850 0 6 30 1 0
117438 1 4 30 3 0
268889 0 6 30 3 0
273569 0 6 30 3 1
291638 1 3 30 1 0
291937 1 3 30 1 0
292640 0 6 30 4 0
292907 0 6 30 3 0
293124 0 6 30 3 0
30365 1 2 31 3 0
34752 0 6 31 3 0
34862 0 6 31 3 0
116316 0 6 31 1 0
272067 0 6 31 4 1
290293 1 3 31 1 0
291422 1 2 31 1 0
291477 1 4 31 1 0
291939 1 3 31 3 0
292947 0 6 31 1 0
293235 0 6 31 1 0
444548 0 6 31 1 0
444599 1 4 31 1 0
33854 0 6 32 1 0
34663 0 6 32 2 0
115981 0 6 32 1 0
115983 0 6 32 3 0
115985 0 6 32 2 0
268354 0 6 32 3 1
292278 0 6 32 1 0
292688 0 6 32 1 0
292910 1 4 32 2 0
293107 0 6 32 4 1
309556 0 6 32 3 0
378920 0 6 32 3 1
34843 1 3 33 4 0
72031 0 6 33 3 1
116319 1 3 33 4 1
117179 1 3 33 1 0
273570 1 3 33 3 0
290331 0 6 33 1 0
290983 1 3 33 1 0
292454 0 6 33 1 0
34116 1 2 34 4 1
34718 1 2 34 3 0
116618 0 6 34 4 0
117217 1 3 34 1 0
117293 0 6 34 1 0
268353 0 6 34 2 0
290351 1 4 34 3 0
291517 1 4 34 1 1
291554 1 4 34 1 0
292179 0 6 34 3 0
292244 0 6 34 3 0
292299 1 5 34 1 0
445227 0 6 34 1 0
35018 0 6 35 1 0
115880 0 6 35 1 0
274219 0 6 35 1 0
292932 0 6 35 1 1
292948 1 4 35 1 0
33856 0 6 36 3 0
71809 0 6 36 3 0
115984 1 4 36 3 0
116126 0 6 36 1 0
117134 0 6 36 1 1
117181 0 6 36 1 0
291423 0 6 36 1 0
291556 1 4 36 1 0
292144 0 6 36 1 0
292177 0 6 36 3 0
358092 1 5 36 4 0
444552 0 6 36 1 1
35019 0 6 37 1 0
116318 0 6 37 3 0
117411 0 6 37 1 0
117571 1 3 37 1 0
291518 0 6 37 1 0
292365 0 6 37 4 0
292457 0 6 37 3 0
292911 1 4 37 3 0
352830 0 6 37 2 1
358091 1 3 37 4 1
444587 1 2 37 1 0
115654 0 6 38 1 0
291046 1 3 38 1 0
292838 0 6 38 1 1
293035 1 3 38 1 0
293221 1 3 38 1 1
352831 1 3 38 2 0
467723 1 3 38 2 0
34917 0 6 39 4 0
115657 1 2 39 3 0
115882 0 6 39 3 0
116127 1 4 39 3 0
292282 1 2 39 1 0
445229 0 6 39 3 0
445526 1 2 39 1 0
117180 0 6 40 1 0
117573 0 6 40 1 0
272158 0 6 40 1 0
444298 1 3 40 1 0
115844 0 6 41 1 0
272162 0 6 41 3 0
290922 1 3 41 2 0
292908 1 4 41 1 1
291399 1 3 42 1 0
291645 1 3 42 1 0
291986 1 3 42 1 0
292679 1 5 42 3 0
352248 1 4 42 2 0
390126 1 3 42 3 0
444553 0 6 42 1 0
446103 0 6 42 1 0
34447 1 3 43 1 0
115842 1 3 43 1 0
115847 1 3 43 3 0
116878 1 3 43 1 0
165248 1 4 43 3 0
290972 0 6 43 1 0
292117 0 6 43 3 0
292169 0 6 43 1 0
445524 1 4 43 1 0
446057 0 6 43 1 0
116000 1 3 44 1 0
445523 1 4 44 1 0
272759 1 3 45 4 1
292170 0 6 45 1 0
292678 0 6 45 3 0
292778 1 3 45 1 0
444551 1 4 45 1 0
445390 0 6 45 1 0
446054 0 6 45 3 0
165249 1 2 46 4 0
272519 0 6 46 1 0
445392 0 6 46 1 0
446147 1 3 46 1 0
34838 0 6 47 1 0
116998 1 4 47 1 0
291646 0 6 47 1 0
291875 0 6 47 1 0
292172 1 4 47 1 0
445871 0 6 47 1 0
446042 0 6 47 1 0
446108 1 2 47 3 0
115999 0 6 48 0 0
116001 0 6 48 1 0
117365 1 3 48 1 0
290560 1 4 48 1 0
444556 0 6 48 3 0
445872 0 6 48 1 0
446059 0 6 48 3 0
272804 1 2 49 1 0
291442 0 6 49 1 1
291876 0 6 49 2 0
446106 1 4 49 3 0
446107 0 6 49 3 0
448245 1 3 49 3 0
448297 0 6 49 3 0
34840 0 6 50 3 0
272803 1 4 50 1 0
292173 0 6 50 3 0
292676 0 6 50 0 0
292973 0 6 50 1 0
446145 0 6 50 0 0
462139 1 4 50 3 0
34170 1 4 51 1 0
35268 0 6 51 1 0
117363 1 2 51 1 0
290738 0 6 51 1 0
292204 0 6 51 3 0
444491 0 6 51 1 0
290805 0 6 52 3 0
446128 0 6 52 3 0
291020 0 6 53 1 0
291280 1 3 53 1 0
446146 0 6 53 1 0
34171 1 2 54 1 0
35197 0 6 54 3 0
156342 1 3 54 3 1
272805 0 6 54 2 0
272833 1 3 54 1 1
290747 0 6 54 3 0
290803 0 6 54 1 0
291274 0 6 54 1 0
440544 1 3 54 3 0
444495 0 6 54 1 0
445011 0 6 54 1 0
290744 0 6 55 1 0
292976 0 6 55 3 1
444500 1 3 55 3 0
446139 0 6 55 2 0
33623 0 6 56 1 0
290799 1 3 56 1 0
444235 1 2 56 1 0
445504 1 4 56 4 0
33624 0 6 57 1 0
444320 1 4 57 3 0
444790 0 6 57 1 1
444817 1 3 57 3 0
445541 0 6 57 1 0
446038 0 6 57 1 0
33625 0 6 58 3 0
272834 0 6 58 3 0
291797 0 6 58 1 1
444234 0 6 58 1 0
444297 0 6 58 1 0
444816 1 3 58 3 0
445161 1 3 58 1 0
290800 0 6 59 2 0
291583 1 3 59 1 0
292450 0 6 59 1 0
440543 0 6 59 3 1
445730 1 3 59 1 0
446150 0 6 59 4 1
444321 1 2 60 1 0
444815 0 6 60 2 0
445195 1 4 60 2 0
33626 0 6 61 3 1
34163 0 6 61 1 0
290745 0 6 61 1 0
290746 1 3 61 2 0
291815 0 6 61 1 0
444278 0 6 61 1 0
445109 1 3 61 1 0
445190 1 4 61 2 0
446026 1 3 61 3 0
446137 0 6 61 1 0
291799 1 4 62 3 0
444322 0 6 62 1 1
444733 0 6 62 3 1
445572 1 3 62 3 0
34084 1 3 63 1 0
34852 0 6 63 1 0
35091 1 4 63 3 0
291798 0 6 63 1 0
292794 1 5 63 1 0
292835 1 2 63 1 0
444313 0 6 63 1 0
445138 1 3 63 1 0
445310 0 6 63 1 0
445383 1 3 63 1 0
445880 1 3 63 1 0
446140 0 6 63 2 0
446148 0 6 63 3 0
291015 0 6 64 1 0
291651 0 6 64 1 0
444299 0 6 64 3 1
444323 1 4 64 3 0
446099 0 6 64 3 0
446149 1 3 64 3 0
292677 1 3 65 1 0
444303 0 6 65 1 0
444726 0 6 65 1 0
445113 1 3 65 3 0
445930 0 6 65 1 0
34164 0 6 66 2 0
446008 1 3 66 3 0
463984 1 3 66 3 0
267040 0 6 67 3 0
290417 1 3 67 1 0
291721 1 3 67 1 0
444573 1 4 67 1 0
445141 1 3 67 3 0
446037 1 4 67 1 0
290287 0 6 68 3 1
292757 1 3 68 1 0
292837 1 3 68 3 0
444302 1 4 68 1 0
444607 1 4 68 1 0
444781 1 3 68 1 0
560141 0 6 68 3 0
291913 1 3 69 1 0
445111 0 6 69 2 0
445115 1 4 69 1 0
445140 0 6 69 3 0
445367 1 4 69 1 0
445881 0 6 69 1 1
8953 1 4 70 3 0
50919 0 6 70 3 0
59788 1 4 70 2 0
444408 0 6 70 1 0
445377 0 6 70 2 1
446031 0 6 70 1 0
446036 0 6 70 1 0
446132 0 6 70 1 0
463983 0 6 70 3 0
559080 0 6 70 1 0
291701 1 3 71 4 0
292730 0 6 71 1 0
444748 0 6 71 1 0
444929 1 4 71 1 0
445578 1 4 71 3 1
445723 1 3 71 1 0
445760 0 6 71 3 1
445886 0 6 71 1 0
494725 1 3 71 3 0
4783 1 3 72 3 0
444735 1 2 72 3 0
445114 0 6 72 1 0
445293 1 3 72 1 0
445669 1 3 72 1 0
445725 1 4 72 3 1
506335 0 6 72 3 0
29127 0 6 73 3 0
291912 1 3 73 1 0
291915 1 4 73 3 1
445959 1 3 73 1 0
446035 0 6 73 0 0
463985 1 3 73 2 0
559317 0 6 73 1 1
560445 0 6 73 3 0
414996 0 6 74 2 0
445726 1 4 74 1 0
445878 0 6 74 4 0
445957 0 6 74 1 0
446130 1 3 74 0 0
494716 1 3 74 1 0
59789 1 2 75 3 0
133920 1 4 75 3 0
441155 1 3 75 3 0
444519 1 4 75 1 0
445007 0 6 75 1 0
445020 1 3 75 1 0
445306 0 6 75 1 0
445378 0 6 75 3 0
464330 1 3 75 3 1
506000 0 6 75 2 0
560157 1 3 75 1 0
560444 1 3 75 3 0
444241 1 3 76 1 0
445117 0 6 76 3 0
445303 0 6 76 1 0
445729 0 6 76 3 0
445732 1 2 76 3 0
559318 0 6 76 1 0
559838 0 6 76 1 0
560170 0 6 76 1 0
560436 0 6 76 1 0
444653 1 4 77 1 0
445598 1 2 77 1 0
445670 0 6 77 1 0
494641 1 4 77 1 0
495458 0 6 77 1 0
496169 0 6 77 1 0
499792 0 6 77 2 0
505805 0 6 77 4 0
559865 1 2 77 1 1
143378 0 6 78 3 0
445842 0 6 78 1 0
446010 1 4 78 1 0
495651 1 2 78 1 0
559316 1 2 78 1 0
559574 1 2 78 1 0
559626 1 4 78 1 0
560097 0 6 78 1 0
445021 1 4 79 3 0
445728 0 6 79 3 1
559349 1 4 79 1 0
559866 0 6 79 1 0
559992 0 6 79 1 0
559320 0 6 80 3 0
559573 0 6 80 0 0
559837 0 6 80 1 0
560155 1 4 80 1 0
444494 0 6 81 1 0
445844 1 3 81 3 0
494644 0 6 81 3 0
559191 0 6 81 1 0
559536 1 2 81 1 0
560027 1 5 81 1 0
560268 0 6 81 1 0
445696 0 6 82 1 0
445986 0 6 82 1 0
446011 1 3 82 3 0
559350 1 4 82 1 0
559366 0 6 82 1 0
559790 0 6 82 1 0
559989 1 4 82 1 1
423961 1 3 83 3 0
445727 0 6 83 2 0
445843 0 6 83 1 0
512458 1 4 83 3 0
559517 1 4 83 1 0
559836 1 3 83 0 0
560319 0 6 83 1 0
560419 0 6 83 4 1
560517 1 3 83 1 0
560691 1 2 83 1 0
444952 1 4 84 1 0
559274 1 3 84 1 0
559736 1 4 84 1 1
559991 1 4 84 1 0
560158 1 4 84 3 0
560223 0 6 84 1 0
560381 1 4 84 4 0
560583 1 3 84 3 1
559365 0 6 85 1 0
559516 0 6 85 1 0
559912 1 3 85 1 0
560159 1 4 85 3 0
444618 1 3 86 1 0
445361 0 6 86 4 0
494642 1 3 86 1 0
559192 1 4 86 1 0
559364 1 4 86 1 0
559988 1 4 86 0 0
560007 0 6 86 1 0
560224 0 6 86 1 0
560554 1 3 86 1 0
560559 0 6 86 1 0
560564 0 6 86 1 0
560598 0 6 86 1 0
445589 0 6 87 1 0
559292 0 6 87 1 0
559987 0 6 87 4 0
560497 1 3 87 1 0
360693 0 6 88 3 0
445353 1 4 88 1 0
445735 0 6 88 3 0
494913 0 6 88 1 0
559368 1 3 88 3 0
559515 0 6 88 0 0
559591 0 6 88 1 0
560556 0 6 88 3 0
560582 1 3 88 3 0
560585 1 4 88 1 0
560694 1 3 88 3 0
444951 1 4 89 1 0
445851 0 6 89 2 0
494624 1 4 89 3 0
500084 1 3 89 3 0
559209 0 6 89 1 0
559261 1 3 89 4 0
559291 0 6 89 0 0
559409 0 6 89 1 0
559519 0 6 89 3 0
559737 0 6 89 3 0
559800 1 3 89 1 0
559808 1 3 89 1 0
560284 1 2 89 1 0
560438 0 6 89 3 0
560638 1 5 89 1 0
494643 0 6 90 1 0
495813 0 6 90 1 0
559383 1 3 90 1 0
559990 0 6 90 1 0
560004 0 6 90 1 1
560059 0 6 90 1 0
560493 0 6 90 1 0
560553 0 6 90 1 0
560612 0 6 90 1 0
360692 1 2 91 3 1
445340 1 2 91 0 0
511178 1 4 91 3 0
559262 0 6 91 4 1
559294 0 6 91 3 0
559410 0 6 91 1 0
559504 0 6 91 1 0
559874 1 2 91 1 0
560487 0 6 91 3 1
560488 0 6 91 3 0
560496 1 3 91 1 0
559184 1 3 92 1 0
559257 0 6 92 1 0
559293 0 6 92 2 0
559436 1 4 92 1 0
560362 0 6 92 1 0
560499 1 3 92 3 0
559106 0 6 93 2 1
559152 1 3 93 1 0
559252 0 6 93 0 0
559411 1 4 93 3 0
559781 0 6 93 1 0
559876 0 6 93 3 0
560033 0 6 93 1 0
560494 0 6 93 1 0
560510 0 6 93 1 0
560544 1 4 93 1 0
560581 0 6 93 1 0
560623 0 6 93 1 0
559140 0 6 94 0 0
559385 1 2 94 3 0
559607 1 3 94 3 0
559688 1 4 94 1 0
559801 0 6 94 1 1
560552 1 3 94 1 0
494815 0 6 95 1 0
559044 1 4 95 1 0
559153 1 3 95 1 0
559361 1 3 95 1 1
559407 1 3 95 4 1
559412 0 6 95 3 0
559518 0 6 95 3 0
559551 1 3 95 1 0
559747 1 4 95 1 0
559775 1 4 95 1 0
560005 0 6 95 1 0
560134 1 2 95 1 0
50109 0 6 96 3 0
129913 1 3 96 3 0
362570 1 3 96 3 0
559282 0 6 96 1 0
559413 0 6 96 4 1
559783 1 4 96 3 0
560003 0 6 96 1 0
560573 0 6 96 1 0
560603 1 3 96 2 0
559019 1 4 97 3 0
559408 0 6 97 4 1
559450 0 6 97 1 0
559471 0 6 97 1 0
560571 0 6 97 1 0
560624 0 6 97 1 0
560625 1 3 97 1 0
132611 0 6 98 3 0
359873 0 6 98 3 1
494814 1 4 98 1 0
559141 1 4 98 1 0
559284 0 6 98 1 0
559360 0 6 98 1 0
559780 1 4 98 4 0
560104 1 4 98 1 0
560558 1 3 98 1 0
560604 1 4 98 2 0
237734 1 2 99 3 0
493867 0 6 99 3 0
495644 0 6 99 1 1
559218 1 4 99 1 0
559359 0 6 99 0 0
559362 1 3 99 3 0
559550 0 6 99 1 0
560031 1 2 99 1 0
318573 1 3 100 3 0
559018 0 6 100 3 1
559803 1 4 100 3 0
560006 1 4 100 1 0
560089 0 6 100 1 0
560110 1 5 100 1 0
560217 0 6 100 3 0
560555 0 6 100 1 0
560617 0 6 100 1 0
494816 0 6 101 2 0
494818 0 6 101 3 0
559016 0 6 101 1 1
560105 1 3 101 1 0
560108 1 2 101 3 0
125503 0 6 102 3 0
495643 1 2 102 1 0
560394 1 3 102 3 1
560626 0 6 102 1 0
494960 1 3 103 1 0
559156 0 6 103 1 0
559535 0 6 103 1 0
559860 0 6 103 4 0
560038 1 3 103 3 0
560106 0 6 103 1 0
560358 0 6 103 1 0
560621 1 3 103 1 0
562451 0 6 103 3 0
423990 1 2 104 2 1
481804 1 3 104 3 0
493868 0 6 104 3 0
559337 1 3 104 1 0
560179 1 4 104 1 0
494804 0 6 105 1 0
559017 0 6 105 1 0
559158 0 6 105 2 1
105039 1 3 106 3 0
204035 1 3 106 3 1
530232 1 3 106 3 0
559255 1 3 106 1 0
560052 1 3 106 1 0
560085 0 6 106 1 0
560180 1 4 106 1 0
560395 1 4 106 3 1
560557 1 3 106 3 1
494961 1 4 107 2 0
562450 1 4 107 3 0
496144 1 2 108 1 0
559377 1 2 108 1 1
560025 0 6 108 1 0
560392 1 5 108 1 1
560675 1 3 108 1 0
24362 0 6 109 2 0
559022 1 4 109 1 0
559339 1 3 109 2 0
560181 1 4 109 1 0
560393 0 6 110 1 1
495812 1 2 111 1 0
559495 0 6 111 3 0
559764 1 3 111 3 0
559116 1 4 112 1 0
559381 1 5 112 3 0
560426 0 6 112 3 0
560640 0 6 112 1 1
129436 1 4 113 3 0
494896 1 3 113 1 0
495625 1 4 113 1 0
495811 1 2 113 3 0
495970 0 6 113 3 1
496145 1 3 113 1 0
559025 0 6 113 3 0
559376 0 6 113 4 0
559379 1 2 113 1 0
559672 0 6 113 1 0
560645 1 3 113 1 0
494390 0 6 114 1 0
496130 1 4 114 1 0
559494 0 6 114 3 0
560182 1 3 114 1 0
560184 0 6 114 3 0
560634 1 3 114 0 0
494829 1 3 115 1 0
495089 0 6 115 2 0
559003 0 6 115 1 0
559382 1 5 115 3 0
560058 0 6 115 1 0
494388 1 3 116 3 1
494685 0 6 116 1 0
495624 0 6 116 0 1
495815 1 4 116 3 0
496148 0 6 116 1 0
559378 1 3 116 1 0
559437 0 6 116 1 0
494895 1 2 117 1 0
494898 1 3 117 1 0
494901 0 6 117 0 0
495975 0 6 117 3 0
559123 0 6 117 1 0
559169 1 3 117 3 1
560631 0 6 117 2 0
494672 1 3 118 3 0
494825 0 6 118 1 0
422774 1 3 119 3 0
494897 0 6 119 1 1
494903 1 3 119 1 0
559609 0 6 119 4 1
351847 1 4 120 4 0
390176 0 6 120 3 0
494910 0 6 120 0 0
495100 1 3 120 3 0
559380 0 6 120 1 0
560632 0 6 120 3 0
494905 1 3 121 3 0
233061 0 6 122 3 0
467003 0 6 122 3 0
494773 1 4 122 3 0
496054 0 6 122 3 0
422775 0 6 123 0 0
494904 1 3 123 3 0
495243 1 3 123 1 0
423479 1 4 125 3 0
496057 1 4 126 1 0
353446 0 6 127 3 0
495140 0 6 127 1 0
495245 0 6 127 3 0
495588 0 6 127 4 1
496056 1 3 127 0 0
495295 0 6 129 1 0
496060 0 6 129 2 0
496061 1 4 129 3 0
496313 0 6 130 1 0
496055 1 4 131 0 0
496058 0 6 131 1 0
495300 1 3 133 3 0
495557 0 6 133 1 0
495551 0 6 136 0 0
495552 1 2 137 1 0
495296 0 6 138 1 0
