147624 0 3 5 3
478646 0 3 5 1
517119 0 3 5 3
517122 0 3 5 3
517123 0 3 5 3
229066 0 4 5 3
229067 0 4 5 3
229068 0 4 5 3
229069 0 4 5 3
457050 0 4 5 3
34700 1 6 5 1
333110 0 6 5 1
333112 0 6 5 1
333113 0 6 5 1
478888 0 6 5 1
479114 0 6 5 1
479116 0 6 5 1
277070 0 7 5 1
277075 0 7 5 1
479115 0 8 5 3
332880 1 9 5 1
332882 1 9 5 1
332881 1 9 5 3
277075 0 10 5 1
479191 1 10 5 0
26332 0 12 5 3
332878 0 12 5 3
332879 0 12 5 3
332883 0 12 5 3
477604 0 12 5 1
332108 0 13 5 1
384462 1 13 5 0
384464 1 13 5 0
331853 0 14 5 3
331854 0 14 5 3
331856 0 14 5 3
333279 0 14 5 1
384465 0 14 5 3
477773 0 14 5 0
477774 0 14 5 0
477777 0 14 5 0
277080 1 15 5 1
477776 0 16 5 1
477778 0 16 5 1
277322 0 17 5 0
331881 0 17 5 3
331882 0 17 5 3
332107 0 17 5 2
277076 0 18 5 1
277078 0 18 5 1
333411 1 18 5 1
333412 1 18 5 1
477721 0 18 5 1
477722 0 18 5 1
477724 0 18 5 1
332009 1 19 5 1
332496 1 19 5 1
332906 0 19 5 1
333299 0 19 5 3
474648 0 19 5 3
477774 1 19 5 0
477776 1 19 5 0
477778 1 19 5 0
479184 1 19 5 1
277581 0 20 5 1
332290 0 20 5 1
492230 0 20 5 2
479184 0 21 5 0
333410 0 22 5 3
393338 0 22 5 3
477911 1 23 5 4
276887 1 24 5 1
276916 1 24 5 3
332905 0 24 5 0
382980 0 24 5 3
331759 0 26 5 3
477912 0 26 5 3
474394 0 27 5 3
276776 0 30 5 2
330568 1 31 5 1
331577 0 31 5 1
331579 0 31 5 1
288278 0 33 5 2
330271 1 33 5 0
330564 0 33 5 3
330565 0 33 5 3
330566 0 33 5 3
330838 0 34 5 0
331404 0 34 5 1
331406 0 34 5 1
331408 0 34 5 1
331413 1 34 5 1
330182 1 35 5 1
331548 0 35 5 3
331549 0 35 5 3
331550 0 35 5 3
330015 0 36 5 1
330016 0 36 5 1
330368 0 36 5 1
330371 0 36 5 1
330174 1 37 5 1
329975 0 38 5 0
318187 0 39 5 3
318190 0 39 5 3
268318 1 40 5 1
268320 1 40 5 1
330172 0 41 5 3
330174 0 41 5 3
330175 0 41 5 3
330281 0 41 5 0
268316 0 46 5 3
268320 0 46 5 3
279462 0 50 5 3
279464 0 50 5 3
279464 0 54 5 1
279461 0 55 5 3
279462 0 55 5 3
279465 0 55 5 3
