147625 3 2 3 0
478644 3 2 1 0
229070 4 3 3 0
277067 4 3 4 1
317846 4 3 4 0
457051 4 3 3 0
34698 5 1 1 0
333111 6 3 1 0
478887 6 2 1 0
479115 6 2 1 1
277073 7 2 1 0
277663 7 2 4 1
332878 8 1 1 0
332883 8 1 3 1
479117 8 3 3 1
384465 9 3 3 0
479190 9 2 0 0
277072 10 2 1 0
331995 11 1 1 0
26334 12 2 3 0
332882 12 3 3 0
384460 12 2 0 0
477603 12 2 1 0
332105 13 4 1 0
277076 14 3 1 0
331855 14 2 3 0
333277 14 3 1 0
384464 14 3 3 0
477772 14 2 0 0
384145 16 2 3 0
477774 16 3 1 0
277319 17 2 0 0
331883 17 3 3 0
332106 17 3 2 0
333410 17 2 1 0
277079 18 3 1 1
277320 18 4 1 0
332007 18 2 1 1
332494 18 3 1 0
333278 18 4 3 0
477720 18 3 1 0
477773 18 1 0 0
477783 18 3 3 0
479182 18 3 1 0
332904 19 2 1 0
333301 19 3 3 0
474650 19 3 3 0
277580 20 3 1 0
332289 20 3 1 0
332569 20 3 3 0
332699 20 1 1 0
492228 20 2 2 1
277451 21 3 1 0
479181 21 4 0 0
331747 22 3 1 0
332905 22 3 2 0
333412 22 3 3 0
393337 22 4 3 0
477912 22 2 4 0
276886 23 1 1 0
277407 23 2 0 0
331722 23 2 3 0
331752 23 2 3 0
277579 24 3 1 0
330278 24 3 3 1
332903 24 2 0 0
382979 24 2 3 0
477855 24 4 3 0
276785 25 3 1 0
332295 25 4 3 0
478636 25 3 0 0
331760 26 3 3 0
477865 26 4 3 0
477911 26 4 3 0
474395 27 3 3 1
330271 29 2 1 0
332707 29 3 0 0
276777 30 4 2 0
285942 30 2 2 0
330564 30 3 1 0
331448 30 3 1 0
75843 31 4 2 1
331578 31 3 1 0
329969 32 2 3 0
330182 32 2 1 0
330270 32 2 0 0
330567 33 2 3 0
331410 33 1 1 0
331549 33 1 1 0
331550 33 3 1 0
293009 34 3 3 0
330181 34 1 1 0
330836 34 3 0 0
331402 34 4 1 0
331582 34 2 0 0
330013 35 2 1 0
330337 35 3 1 0
331552 35 2 3 0
331579 35 3 3 0
330173 36 1 1 0
330329 36 3 3 0
330369 36 2 1 0
330014 37 3 1 0
329973 38 2 0 0
330434 38 3 4 0
331405 38 3 1 1
268317 39 2 1 0
318189 39 4 3 0
330753 40 3 1 0
330176 41 4 3 0
330279 41 2 0 0
465058 41 2 3 0
457091 43 3 3 0
8127 44 3 3 1
278599 44 3 3 0
268318 46 3 3 0
330754 46 3 3 1
275552 48 3 3 0
279465 50 3 3 0
279461 54 3 1 0
330522 54 4 1 0
279464 55 4 3 0
