5882 0 6 6 3 1
49186 1 2 6 3 0
114826 1 3 6 0 0
133738 0 6 6 3 0
189712 1 3 6 4 0
223274 1 2 6 1 0
252671 1 4 6 3 0
290155 0 6 6 3 0
342984 0 6 6 3 0
376202 1 5 6 2 1
387689 1 3 6 4 0
419736 0 6 6 4 0
431278 0 6 6 3 1
439280 0 6 6 3 0
451137 1 5 6 1 0
458382 0 6 6 1 0
459233 1 3 6 4 1
473573 0 6 6 4 1
492557 0 6 6 3 0
222932 1 4 7 1 0
223044 0 6 7 1 0
431277 0 6 7 1 1
113510 0 6 8 0 0
223275 0 6 8 3 0
458381 1 2 8 1 0
210361 1 4 9 3 0
222748 1 3 9 1 0
458652 0 6 9 1 0
49181 1 3 10 3 0
105204 1 4 10 3 0
223276 1 2 10 3 0
357068 0 6 10 3 0
457408 0 6 10 1 0
459237 1 3 10 3 0
222749 1 3 11 3 0
49180 0 6 12 1 0
113509 1 2 12 3 1
113512 0 6 12 1 0
222342 0 6 12 1 0
458379 0 6 12 3 0
459075 0 6 12 1 0
105203 0 6 13 3 0
192092 0 6 13 3 0
221841 1 3 13 1 1
357177 0 6 13 3 0
458662 0 6 13 1 0
76989 0 6 14 3 0
222370 1 3 14 1 0
223202 0 6 14 1 0
319250 0 6 14 3 0
457089 1 4 14 1 0
458383 0 6 14 1 0
459034 0 6 14 1 0
76979 0 6 15 0 0
113506 0 6 15 0 0
222078 0 6 15 1 0
222369 1 3 15 1 1
223288 0 6 15 1 0
223600 1 3 15 1 0
458061 0 6 15 1 0
458384 0 6 15 2 0
113523 0 6 16 3 0
222747 1 4 16 1 0
457407 1 4 16 1 0
76990 0 6 17 3 1
113519 0 6 17 0 0
223351 0 6 17 1 0
223501 1 4 17 3 0
457696 1 3 17 1 0
221676 0 6 18 1 1
222533 0 6 18 1 0
222645 0 6 18 1 1
223204 0 6 18 3 0
223531 1 4 18 1 0
500953 1 3 18 3 0
183123 0 6 19 3 0
222750 0 6 19 3 0
458276 1 4 19 1 1
222648 1 4 20 3 0
222651 1 3 20 3 1
222727 1 3 20 3 0
223533 1 2 20 3 0
161619 0 6 21 4 0
171382 0 6 22 3 1
457694 0 6 22 1 0
500952 1 4 22 3 0
101618 0 6 23 3 0
222649 1 2 23 3 0
223425 0 6 23 1 0
457693 1 3 23 1 0
134190 1 3 24 3 0
183122 0 6 24 3 0
221742 1 5 24 1 0
443690 1 3 24 3 0
457350 0 6 24 1 0
221741 0 6 25 1 0
221743 1 5 25 1 0
383588 0 6 25 2 0
500958 1 4 25 3 0
152829 0 6 26 3 0
457695 0 6 26 1 1
222644 1 3 27 1 0
457597 0 6 27 1 0
134189 1 3 28 3 0
221740 0 6 28 1 1
222278 0 6 28 4 0
370905 0 6 28 2 0
457353 0 6 28 3 0
508515 0 6 28 2 0
457596 1 4 29 1 0
18076 0 6 30 3 0
152826 1 3 30 1 0
222828 0 6 30 1 0
457599 0 6 30 3 0
152827 1 3 31 2 0
369294 1 3 31 3 0
457698 0 6 31 3 0
134470 1 3 32 3 0
457416 0 6 32 1 1
151329 0 6 33 1 0
152607 0 6 33 1 0
222111 1 3 33 1 0
222830 0 6 33 3 1
223331 1 4 33 4 0
151054 1 4 34 1 0
152974 1 3 34 1 0
152605 1 4 35 3 1
152681 1 2 35 1 0
152726 0 6 35 1 0
221592 0 6 35 1 0
222320 1 2 35 4 0
153180 1 3 36 1 1
152862 1 3 37 1 0
152976 1 2 37 3 0
151577 0 6 38 1 0
152015 1 3 38 1 0
152892 1 4 38 1 0
153182 0 6 38 2 0
151505 0 6 39 1 0
151765 1 3 39 1 0
152045 1 3 39 1 0
152606 0 6 39 1 1
151409 0 6 40 1 0
151701 0 6 40 1 0
152016 0 6 40 3 0
152552 1 4 40 1 0
152608 1 5 40 1 0
152682 0 6 40 1 0
152813 0 6 40 1 0
151220 0 6 41 1 0
151408 0 6 41 1 0
151507 1 4 41 2 0
151717 0 6 41 1 0
152610 0 6 41 3 0
152684 1 2 41 3 0
153183 1 3 41 2 0
223350 0 6 41 1 0
15987 0 6 42 3 0
150861 0 6 42 1 0
151413 0 6 42 1 0
152396 0 6 42 1 0
152609 1 4 42 3 1
152812 1 2 42 1 0
152861 0 6 42 1 0
150875 0 6 43 1 0
151415 1 2 43 1 0
151590 0 6 43 1 0
152014 0 6 43 0 0
152043 0 6 43 4 0
152048 0 6 43 1 1
152629 1 4 43 1 0
152767 1 4 43 1 0
152809 0 6 43 1 0
153053 0 6 43 1 0
223355 1 3 43 1 0
151221 1 3 44 3 1
152000 1 3 44 1 0
152765 0 6 44 0 0
152860 1 2 44 1 0
551173 0 6 44 3 0
151245 1 4 45 1 0
152319 1 3 45 1 0
152626 0 6 45 1 0
152216 1 3 46 1 0
152397 1 5 46 1 0
152624 1 2 46 1 0
152754 0 6 46 1 0
152899 1 4 46 1 0
153051 0 6 46 1 0
153155 1 2 46 1 0
153173 1 2 46 1 0
109660 1 4 47 3 0
150860 1 4 47 0 0
151719 1 4 47 3 0
152006 1 3 47 1 0
152066 1 3 47 1 0
152515 1 3 47 1 0
152630 0 6 47 3 0
152806 0 6 47 0 0
152808 0 6 47 1 0
153160 1 5 47 4 0
212523 0 6 47 3 1
150877 0 6 48 3 0
151015 1 2 48 3 0
151716 1 2 48 1 0
151924 0 6 48 2 0
152007 1 3 48 1 0
153159 0 6 48 3 0
125610 1 2 49 3 0
151191 1 4 49 0 0
151414 1 1 49 1 0
151681 1 2 49 1 0
152893 1 3 49 1 0
152897 1 5 49 0 0
153157 0 6 49 1 0
151764 1 4 50 1 0
152452 1 4 50 1 0
152625 0 6 50 1 0
152811 0 6 50 3 0
152963 0 6 50 2 0
151080 1 4 51 4 0
151766 0 6 51 1 0
152620 1 3 51 3 0
152836 0 6 51 1 0
153156 0 6 51 1 0
150862 0 6 52 3 0
151014 1 3 52 3 0
212522 1 4 52 3 0
125807 1 3 53 3 0
151136 0 6 53 1 1
151283 1 2 53 4 0
151683 1 3 53 3 1
152904 0 6 53 3 0
152970 0 6 53 4 0
151684 1 3 54 3 1
152901 1 2 54 3 1
547900 1 3 54 3 0
151682 0 6 55 2 0
152453 0 6 55 3 0
125806 0 6 57 3 0
151171 1 2 57 3 0
151699 0 6 57 3 0
547898 0 6 58 1 0
125015 1 4 59 3 0
126255 1 2 59 3 1
152119 0 6 59 4 0
125014 0 6 60 3 0
140405 0 6 60 3 1
151178 0 6 61 3 0
126608 1 3 62 3 1
151172 1 4 62 4 0
237210 1 3 63 3 0
548048 0 6 63 1 0
548197 1 4 63 1 0
124961 0 6 64 3 0
532974 1 4 64 2 0
124959 0 6 66 1 0
126605 1 2 66 1 0
237338 1 3 67 3 0
532973 1 4 67 1 0
546714 0 6 67 4 0
548047 1 3 67 1 0
305913 0 6 68 2 0
548231 0 6 68 1 1
546712 0 6 69 3 0
126808 1 4 70 1 0
125966 0 6 71 1 0
547264 0 6 71 1 0
546581 0 6 72 2 0
126809 1 2 74 1 0
547270 1 3 74 3 0
339014 1 3 75 3 0
126810 0 6 76 1 0
546582 0 6 76 2 1
526710 1 4 77 3 0
547266 1 3 78 3 0
125849 1 3 79 4 0
126052 0 6 79 1 0
125845 0 6 80 1 0
126470 1 3 80 1 0
125727 0 6 82 1 1
192257 1 4 82 3 0
477349 1 3 82 3 0
515441 0 6 82 3 0
526711 0 6 82 3 0
533159 0 6 82 3 0
547273 0 6 82 3 0
125338 0 6 83 1 0
125425 0 6 83 4 0
125844 1 5 83 1 0
126047 0 6 83 0 0
126286 1 3 83 1 0
515440 0 6 83 3 0
125491 1 4 84 1 0
125493 1 4 85 1 0
125487 1 2 86 4 0
125496 1 3 86 1 0
125846 1 4 86 1 0
405272 1 3 86 3 0
506824 1 3 86 2 0
125378 1 3 88 1 1
126051 1 3 88 1 0
506821 1 3 88 3 0
125363 1 3 90 1 0
405529 1 4 90 3 0
405659 0 6 90 3 1
125560 1 3 92 1 0
258162 0 6 92 4 1
124861 1 4 93 1 1
125558 1 3 94 4 1
126347 0 6 94 1 0
196910 1 2 94 3 0
125492 0 6 96 1 0
125565 0 6 96 1 1
126013 1 4 96 1 0
125557 1 4 98 4 0
125566 1 3 98 1 1
125743 1 2 98 1 0
125564 1 4 99 1 0
126413 0 6 99 3 0
125815 1 4 100 1 0
126148 0 6 100 1 0
126195 0 6 100 4 0
125903 1 3 102 1 0
126032 0 6 102 1 0
126199 1 4 102 1 0
125818 0 6 103 1 0
126031 0 6 103 1 0
126060 0 6 104 1 0
126197 0 6 104 1 0
126027 0 6 105 2 0
126583 0 6 105 1 0
124852 0 6 106 3 0
125723 1 4 107 1 0
125159 0 6 108 1 0
126350 0 6 109 1 0
125898 0 6 110 3 0
126271 1 2 110 1 0
126398 0 6 110 3 0
125160 0 6 111 3 0
126348 1 3 111 3 0
126353 0 6 111 3 1
125521 1 4 112 1 0
126456 1 4 112 1 0
174056 1 3 113 3 1
126076 0 6 114 1 0
126167 0 6 114 1 0
126664 0 6 114 3 0
125910 0 6 115 1 0
126356 1 4 115 1 0
126457 1 3 115 1 0
126168 1 2 116 1 0
126369 0 6 116 1 0
442280 0 6 116 3 0
124847 1 2 117 1 0
125604 0 6 118 1 0
126169 1 3 118 1 0
126354 0 6 118 1 0
125295 1 4 119 1 0
125817 1 3 119 1 0
125911 1 4 119 1 1
126176 1 4 119 1 0
126091 1 3 120 1 1
126192 0 6 120 1 0
125238 0 6 121 1 0
125296 1 3 121 1 0
125603 1 2 121 1 0
125816 1 3 121 1 0
125244 1 3 122 1 0
126092 0 6 122 1 0
126357 0 6 122 3 0
125605 1 3 124 1 0
125819 0 6 124 3 0
126523 0 6 124 1 0
126319 0 6 126 1 0
125246 0 6 127 3 0
126196 1 2 128 4 1
126525 0 6 129 1 0
126526 1 3 130 3 0
125393 0 6 132 1 0
125391 0 6 136 1 0
125584 0 6 138 1 0
125583 0 6 140 1 0
125585 1 4 142 1 0
125136 0 6 143 1 0
125587 1 3 143 3 0
126606 0 6 143 2 0
125099 0 6 145 2 0
125133 0 6 147 0 0
126609 0 6 147 3 0
125582 0 6 148 1 0
126577 1 2 148 3 0
305742 0 6 148 3 0
68463 1 4 150 3 0
305743 1 3 151 3 0
125134 1 4 152 1 0
125137 1 3 152 3 0
125138 1 4 152 3 0
305741 1 3 152 2 0
127421 1 3 153 1 0
129286 1 4 153 3 0
305709 0 6 153 3 0
125586 0 6 154 3 0
127211 0 6 154 3 0
127424 1 3 154 3 0
127423 0 6 155 3 0
306898 0 6 155 3 0
126150 0 6 156 3 0
127035 1 2 156 3 0
125651 0 6 159 4 0
126149 1 3 161 3 0
127040 1 3 161 3 0
128849 0 6 165 3 0
272566 0 6 165 3 0
550341 0 6 167 3 0
149742 1 4 169 3 1
550337 0 6 169 1 0
113934 0 6 171 3 0
550368 1 4 172 1 0
551092 0 6 172 1 0
114025 0 6 174 3 0
551824 1 4 174 1 0
550367 0 6 175 1 0
551091 1 1 176 1 0
551094 0 6 176 3 0
551436 1 4 176 1 0
551732 0 6 176 1 0
550359 0 6 177 1 0
550735 0 6 177 1 0
551826 0 6 177 3 0
551098 1 3 178 4 0
551435 0 6 178 1 0
551730 0 6 178 1 0
551822 1 3 178 1 0
550366 0 6 179 1 0
550369 1 4 179 3 0
550880 0 6 179 1 0
550948 0 6 179 1 0
551729 1 3 179 1 0
551734 1 3 179 3 0
551735 0 6 179 1 0
550205 1 5 180 4 0
551048 1 3 180 4 1
551647 1 4 180 3 0
551077 1 4 181 1 1
551240 1 4 181 1 1
550358 0 6 182 0 0
551731 1 3 182 1 0
551733 1 3 182 3 0
550813 0 6 184 1 0
447898 0 6 185 3 0
551728 1 3 185 3 0
550361 0 6 186 3 0
550760 1 4 187 1 0
550803 1 4 188 1 0
550762 1 3 189 3 0
447894 0 6 190 1 0
447467 1 4 191 1 0
550804 1 4 191 2 0
446198 0 6 192 1 0
550759 1 2 192 1 0
446907 0 6 194 1 1
447933 0 6 194 3 0
448058 1 4 196 1 0
446197 0 6 198 3 0
446908 0 6 199 1 0
448128 0 6 199 1 0
446193 1 3 200 1 0
446194 1 4 200 1 0
446362 0 6 201 4 0
448131 1 2 201 3 0
446371 0 6 203 1 0
446576 1 2 203 1 0
448106 0 6 203 1 0
447049 0 6 204 1 0
447927 1 4 205 1 0
448105 0 6 205 0 0
447589 1 3 206 1 0
446448 0 6 207 1 1
446713 0 6 207 1 0
447048 0 6 207 0 0
447439 1 4 207 1 0
447986 0 6 207 1 0
446777 0 6 208 1 0
446957 0 6 208 1 0
447131 1 3 208 1 0
446370 1 4 209 1 0
447132 1 4 209 1 0
447998 0 6 209 0 0
448107 1 3 209 1 0
446779 1 2 210 3 0
446894 0 6 210 1 0
447590 1 4 210 1 0
448035 0 6 210 1 0
111656 1 4 211 3 1
446190 1 4 211 1 0
446714 1 2 211 3 0
447671 0 6 211 1 0
446236 0 6 212 1 0
446446 0 6 212 0 0
446450 0 6 212 3 0
446692 1 2 212 1 0
446950 1 2 212 1 0
447283 0 6 214 1 0
447460 1 2 214 1 0
447676 1 4 214 1 0
447683 0 6 214 0 0
447871 0 6 214 1 0
446324 0 6 215 1 0
447726 0 6 215 1 0
447943 0 6 215 1 0
446379 1 4 216 1 0
447358 1 2 216 2 0
447732 1 5 216 3 0
446693 1 4 217 1 0
447279 0 6 217 0 0
447700 1 3 217 1 0
447814 1 4 217 1 0
448080 1 3 217 4 1
446377 0 6 218 1 0
446661 0 6 218 1 0
446672 1 4 218 1 0
447280 0 6 218 2 0
447691 0 6 218 2 0
447729 0 6 218 2 1
446327 0 6 219 0 0
446695 0 6 220 1 0
446710 0 6 220 4 0
447284 0 6 220 1 0
447699 1 4 220 1 0
447701 1 4 220 1 1
447815 0 6 220 3 0
446671 1 3 221 0 0
447580 0 6 221 3 0
446673 0 6 222 1 0
446947 0 6 222 4 1
446330 1 3 223 3 1
447706 1 4 223 1 0
446915 0 6 224 3 0
447422 1 4 225 1 1
447287 0 6 226 1 0
447709 1 3 226 3 0
448084 1 4 226 1 0
446913 0 6 228 0 0
448098 1 2 230 0 0
447597 1 4 231 0 0
447599 1 4 234 3 0
447604 0 6 237 3 0
