376202 2 1 2 1
451137 2 1 1 0
252671 3 2 3 0
114826 4 3 0 0
189712 4 3 4 0
222932 4 2 1 0
387689 4 3 4 0
459233 4 3 4 1
49186 5 4 3 0
223274 5 4 1 0
210361 6 2 3 0
105204 7 2 3 0
222748 7 3 1 0
458381 7 4 1 0
49181 8 3 3 0
459237 8 3 3 0
222749 9 3 3 0
223276 9 4 3 0
113509 11 4 3 1
221841 11 3 1 1
457089 11 2 1 0
222370 12 3 1 0
222369 13 3 1 1
222747 13 2 1 0
223600 13 3 1 0
457407 13 2 1 0
223501 14 2 3 0
223531 15 2 1 0
457696 15 3 1 0
458276 16 2 1 1
500953 16 3 3 0
222648 17 2 3 0
222651 18 3 3 1
222727 18 3 3 0
223533 19 4 3 0
500952 19 2 3 0
221742 20 1 1 0
221743 21 1 1 0
457693 21 3 1 0
134190 22 3 3 0
222649 22 4 3 0
443690 22 3 3 0
500958 22 2 3 0
222644 25 3 1 0
134189 26 3 3 0
457596 26 2 1 0
152826 28 3 1 0
152827 29 3 2 0
369294 29 3 3 0
134470 30 3 3 0
223331 30 2 4 0
151054 31 2 1 0
222111 31 3 1 0
152605 32 2 3 1
152974 32 3 1 0
152681 34 4 1 0
153180 34 3 1 1
222320 34 4 4 0
152862 35 3 1 0
152892 35 2 1 0
152015 36 3 1 0
152608 36 1 1 0
152976 36 4 3 0
151765 37 3 1 0
152045 37 3 1 0
152552 37 2 1 0
151507 38 2 2 0
152609 39 2 3 1
153183 39 3 2 0
152629 40 2 1 0
152684 40 4 3 0
152767 40 2 1 0
152812 41 4 1 0
223355 41 3 1 0
151221 42 3 3 1
151245 42 2 1 0
151415 42 4 1 0
152000 42 3 1 0
152397 42 1 1 0
152319 43 3 1 0
152860 43 4 1 0
152899 43 2 1 0
153160 43 1 4 0
109660 44 2 3 0
150860 44 2 0 0
151719 44 2 3 0
152216 44 3 1 0
152006 45 3 1 0
152066 45 3 1 0
152515 45 3 1 0
152624 45 4 1 0
152897 45 1 0 0
153155 45 4 1 0
153173 45 4 1 0
151191 46 2 0 0
152007 46 3 1 0
151015 47 4 3 0
151716 47 4 1 0
151764 47 2 1 0
152452 47 2 1 0
152893 47 3 1 0
125610 48 4 3 0
151080 48 2 4 0
151681 48 4 1 0
151414 49 5 1 0
152620 49 3 3 0
212522 49 2 3 0
151014 50 3 3 0
125807 51 3 3 0
151683 51 3 3 1
151283 52 4 4 0
151684 52 3 3 1
547900 52 3 3 0
152901 53 4 3 1
125015 56 2 3 0
151171 56 4 3 0
126255 58 4 3 1
151172 59 2 4 0
126608 60 3 3 1
548197 60 2 1 0
237210 61 3 3 0
532974 61 2 2 0
532973 64 2 1 0
126605 65 4 1 0
237338 65 3 3 0
548047 65 3 1 0
126808 67 2 1 0
547270 72 3 3 0
126809 73 4 1 0
339014 73 3 3 0
526710 74 2 3 0
547266 76 3 3 0
125849 77 3 4 0
126470 78 3 1 0
125844 79 1 1 0
192257 79 2 3 0
477349 80 3 3 0
125491 81 2 1 0
126286 81 3 1 0
125493 82 2 1 0
125846 83 2 1 0
125496 84 3 1 0
405272 84 3 3 0
506824 84 3 2 0
125487 85 4 4 0
125378 86 3 1 1
126051 86 3 1 0
506821 86 3 3 0
405529 87 2 3 0
125363 88 3 1 0
124861 90 2 1 1
125560 90 3 1 0
125558 92 3 4 1
126013 93 2 1 0
196910 93 4 3 0
125557 95 2 4 0
125564 96 2 1 0
125566 96 3 1 1
125743 97 4 1 0
125815 97 2 1 0
126199 99 2 1 0
125903 100 3 1 0
125723 104 2 1 0
125521 109 2 1 0
126271 109 4 1 0
126348 109 3 3 0
126456 109 2 1 0
174056 111 3 3 1
126356 112 2 1 0
126457 113 3 1 0
126168 115 4 1 0
124847 116 4 1 0
125295 116 2 1 0
125911 116 2 1 1
126169 116 3 1 0
126176 116 2 1 0
125817 117 3 1 0
126091 118 3 1 1
125296 119 3 1 0
125816 119 3 1 0
125244 120 3 1 0
125603 120 4 1 0
125605 122 3 1 0
126196 127 4 4 1
126526 128 3 3 0
125585 139 2 1 0
125587 141 3 3 0
68463 147 2 3 0
126577 147 4 3 0
125134 149 2 1 0
125138 149 2 3 0
305743 149 3 3 0
125137 150 3 3 0
129286 150 2 3 0
305741 150 3 2 0
127421 151 3 1 0
127424 152 3 3 0
127035 155 4 3 0
126149 159 3 3 0
127040 159 3 3 0
149742 166 2 3 1
550368 169 2 1 0
551824 171 2 1 0
551436 173 2 1 0
550205 176 1 4 0
550369 176 2 3 0
551091 176 5 1 0
551098 176 3 4 0
551822 176 3 1 0
551647 177 2 3 0
551729 177 3 1 0
551734 177 3 3 0
551048 178 3 4 1
551077 178 2 1 1
551240 178 2 1 1
551731 180 3 1 0
551733 180 3 3 0
551728 183 3 3 0
550760 184 2 1 0
550803 185 2 1 0
550762 187 3 3 0
447467 188 2 1 0
550804 188 2 2 0
550759 191 4 1 0
448058 193 2 1 0
446194 197 2 1 0
446193 198 3 1 0
448131 200 4 3 0
446576 202 4 1 0
447927 202 2 1 0
447439 204 2 1 0
447589 204 3 1 0
446370 206 2 1 0
447131 206 3 1 0
447132 206 2 1 0
447590 207 2 1 0
448107 207 3 1 0
111656 208 2 3 1
446190 208 2 1 0
446779 209 4 3 0
446714 210 4 3 0
446692 211 4 1 0
446950 211 4 1 0
447676 211 2 1 0
447732 212 1 3 0
446379 213 2 1 0
447460 213 4 1 0
446693 214 2 1 0
447814 214 2 1 0
446672 215 2 1 0
447358 215 4 2 0
447700 215 3 1 0
448080 215 3 4 1
447699 217 2 1 0
447701 217 2 1 1
446671 219 3 0 0
447706 220 2 1 0
446330 221 3 3 1
447422 222 2 1 1
448084 223 2 1 0
447709 224 3 3 0
447597 228 2 0 0
448098 229 4 0 0
447599 231 2 3 0
