252670 0 3 5 3
189711 0 4 5 4
459234 0 4 5 4
222933 1 5 5 1
222934 1 5 5 1
223275 0 5 5 1
222749 0 7 5 1
49180 0 8 5 3
49182 0 8 5 3
459235 0 8 5 3
113506 0 11 5 3
221842 0 11 5 1
222371 0 12 5 1
222372 0 12 5 1
222371 0 13 5 1
222372 0 13 5 1
222748 0 13 5 1
222749 0 13 5 1
222750 0 13 5 1
459035 0 13 5 1
459038 0 13 5 1
223497 0 14 5 3
457409 1 14 5 1
113519 0 15 5 3
223533 1 16 5 1
222649 0 17 5 3
223532 0 19 5 3
500950 0 19 5 3
500953 0 19 5 3
221745 1 22 5 1
222646 0 22 5 3
500955 0 22 5 3
222648 0 25 5 1
222649 0 25 5 1
134190 0 26 5 3
508513 0 27 5 2
508514 0 27 5 2
152825 0 28 5 1
152829 0 28 5 1
222112 0 31 5 1
152682 0 34 5 1
153182 0 34 5 1
152863 0 35 5 1
152894 0 35 5 1
152975 0 36 5 3
152046 0 37 5 1
152047 0 37 5 1
152609 1 37 5 1
152610 1 37 5 1
151505 0 38 5 2
150860 0 39 5 1
150862 0 39 5 1
152606 0 39 5 3
152681 0 40 5 3
152683 0 40 5 3
153184 1 40 5 2
152769 1 41 5 1
152815 0 41 5 1
223357 0 41 5 1
223358 0 41 5 1
223360 0 41 5 1
151220 0 42 5 3
152001 0 42 5 1
151246 1 43 5 1
152318 0 43 5 1
152321 0 43 5 1
152864 0 43 5 1
152898 0 43 5 1
152901 0 43 5 1
109661 0 44 5 3
151717 0 44 5 3
151720 0 44 5 3
152218 0 44 5 1
152756 0 44 5 1
152757 0 44 5 1
151925 0 45 5 2
152008 0 45 5 1
152625 0 45 5 1
152627 0 45 5 1
152628 0 45 5 1
153174 0 45 5 1
152006 0 46 5 1
152898 1 46 5 0
151193 1 47 5 0
151194 1 47 5 0
152894 0 47 5 1
152896 0 47 5 1
151415 0 48 5 1
151683 0 48 5 1
151765 1 48 5 1
152618 0 49 5 3
152619 0 49 5 3
212523 0 49 5 3
151684 0 51 5 3
151681 0 52 5 3
151682 0 52 5 3
151683 0 52 5 3
547899 0 52 5 3
547901 0 52 5 3
152897 0 53 5 3
152898 0 53 5 3
151683 0 54 5 2
126606 0 60 5 3
126609 0 60 5 3
532973 0 61 5 2
532976 0 61 5 2
532974 0 64 5 1
126606 0 65 5 1
126607 0 65 5 1
126608 0 65 5 1
548048 0 65 5 1
339012 0 73 5 3
526711 0 74 5 3
547265 0 76 5 3
125847 0 77 5 4
126053 0 77 5 1
126054 0 77 5 1
126055 0 77 5 1
125847 1 80 5 1
125848 1 80 5 1
125849 1 80 5 1
125492 0 81 5 1
125495 0 81 6 1
125845 0 83 5 1
506823 0 84 5 2
126052 0 86 5 1
125364 0 88 5 1
124863 0 90 5 1
125563 0 90 5 1
196909 0 93 5 3
125565 0 96 5 1
125564 0 96 5 1
125568 0 96 5 1
125745 0 97 5 1
125819 0 97 5 1
126200 0 99 5 1
125522 0 109 5 1
126347 0 109 5 3
126349 0 109 5 3
126457 0 109 5 1
126459 0 109 5 1
174055 1 112 5 3
126458 0 113 5 1
442277 0 113 5 3
442279 0 113 5 3
126171 0 115 5 1
126170 1 115 5 3
126171 1 115 5 3
125913 0 116 5 1
125296 1 117 5 1
125297 1 117 5 1
125819 0 117 5 1
126092 0 118 5 1
125295 1 119 5 3
125815 0 119 5 1
125819 0 119 5 1
125604 0 122 5 1
126523 0 128 5 3
125582 0 139 5 1
125586 0 139 5 1
125133 0 149 5 3
125134 0 149 5 3
125136 0 149 5 3
305741 0 149 5 3
125134 0 150 5 3
305740 0 150 5 2
127422 0 152 5 3
127034 0 155 5 3
126146 1 160 5 3
550365 1 170 5 1
551438 0 173 5 1
551092 0 175 5 1
551094 0 175 5 1
551730 0 177 5 1
551734 0 177 5 1
551078 1 179 5 1
551734 0 179 5 3
551733 0 180 5 1
551734 0 180 5 1
550759 0 187 5 3
550760 0 187 5 3
550761 0 187 5 3
447468 0 188 5 1
447469 0 188 5 1
550801 0 188 5 2
550803 0 188 5 2
550805 0 188 5 2
448059 0 193 5 1
448061 0 193 5 1
448063 0 193 5 1
446195 0 198 5 1
446196 0 198 5 1
446193 1 198 5 1
446196 1 198 5 1
448132 0 200 5 3
446577 0 202 5 1
447929 0 202 5 1
446712 0 205 5 1
447440 1 205 5 1
446371 0 206 5 1
447131 0 206 5 1
448105 0 207 5 1
448106 0 207 5 1
448108 0 207 5 1
446191 0 208 5 1
446192 0 208 5 1
447588 1 208 5 1
446713 0 210 5 3
446951 0 211 5 1
446952 0 211 5 1
446953 0 211 5 1
447675 0 211 5 1
446377 0 213 5 1
446381 0 213 5 1
447459 0 213 5 1
447726 1 213 5 3
447727 1 213 5 3
446692 0 214 5 1
446695 0 214 5 1
447813 0 214 5 1
447816 0 214 5 1
446674 0 215 5 1
447357 0 215 5 2
447703 0 215 5 1
447699 1 218 5 1
446670 0 219 5 0
446673 0 219 5 0
447707 0 220 5 1
446328 0 221 5 3
447424 1 223 5 1
448085 1 224 5 1
447706 1 225 5 3
