464579 9
473489 9
163599 10
367801 10
471822 10
461112 11
536436 12
536439 12
367797 14
367800 14
389022 14
390031 14
390032 14
390033 14
477485 15
477488 15
477480 18
477483 18
346773 19
459107 19
367798 20
470879 20
347345 21
363297 21
460278 22
470680 22
470527 23
470840 23
479146 24
479147 24
479148 24
470898 25
470900 25
470902 25
478685 26
478687 26
479030 26
346346 27
347987 30
347990 30
479029 31
347190 32
533920 32
533922 32
478703 33
478949 33
533797 36
151505 37
478468 38
478472 38
478473 38
534204 38
346168 39
478755 39
478756 39
346165 42
477534 42
478495 42
478496 42
533903 44
478492 45
478493 45
477796 46
477882 46
477536 47
478632 47
533984 47
533985 47
533986 47
478233 48
478490 49
478491 49
478922 49
478924 49
478451 50
478452 50
534365 50
534369 50
478775 52
534742 53
477563 56
477564 56
534781 59
534783 59
128121 60
128123 60
534816 62
