66328 0 4 3 3
66329 0 4 3 3
220830 0 4 3 3
274670 0 4 3 1
274674 0 4 3 1
274675 0 4 3 1
274676 0 4 3 1
282805 0 5 3 3
282806 0 5 3 3
282809 0 5 3 3
419510 0 6 3 1
419512 0 6 3 1
419513 0 6 3 1
422188 0 7 3 3
420330 0 8 3 1
420381 1 9 3 1
420383 1 9 3 1
420386 1 9 3 1
420382 0 10 3 1
420385 0 10 3 1
419510 0 13 3 1
419513 0 13 3 1
420382 0 13 3 1
420384 0 13 3 1
420491 0 14 3 1
420492 0 14 3 1
203996 1 15 3 2
203997 1 15 3 2
204000 1 15 3 2
419880 0 16 3 1
419882 0 16 3 1
419883 0 16 3 1
420426 0 16 3 1
420427 0 16 3 1
420429 0 16 3 1
164335 0 18 3 3
419851 0 18 3 1
419669 1 19 3 1
419669 0 19 3 3
419671 0 19 3 3
419845 0 19 3 1
419846 0 19 3 1
419670 0 20 3 1
420428 0 20 3 2
420430 0 20 3 2
420545 0 23 3 0
420547 0 23 3 0
420549 0 23 3 0
420550 0 23 3 0
310389 0 25 3 2
277144 0 27 3 3
409281 0 27 3 2
409282 0 27 3 2
486108 0 29 3 4
