66332 1 3 6 3 0
83815 0 6 6 4 0
114646 0 6 6 3 0
117078 0 6 6 1 0
156260 0 6 6 3 0
179002 1 3 6 3 0
179918 1 2 6 3 0
215365 0 6 6 1 0
220831 1 3 6 3 0
226169 0 6 6 3 0
254397 0 6 6 3 0
274671 1 3 6 1 0
282808 1 1 6 3 0
297979 0 6 6 2 0
360624 1 2 6 2 0
419512 0 6 6 1 0
426617 0 6 6 2 1
527550 0 6 6 3 0
539580 0 6 6 2 1
553745 0 6 6 3 0
271417 0 6 8 3 0
527551 0 6 8 3 1
214754 1 2 9 3 0
220833 0 6 9 4 0
255832 0 6 9 3 0
419509 1 4 9 1 0
274672 0 6 10 2 0
419485 0 6 10 1 0
419510 0 6 10 1 0
420328 1 3 10 1 0
422187 1 4 10 3 1
156259 0 6 11 3 0
214872 0 6 11 3 0
317417 0 6 11 3 0
420382 1 4 11 1 0
117565 0 6 12 1 0
420330 1 4 12 3 0
420489 0 6 12 1 0
68985 0 6 13 3 0
420329 0 6 13 1 0
420384 1 4 13 1 0
420492 0 6 13 3 0
419511 1 2 14 1 0
420331 0 6 14 3 0
164336 0 6 15 3 0
420383 1 3 15 1 0
420381 0 6 16 0 0
203998 1 4 17 2 0
419941 1 4 17 1 0
420490 1 4 17 1 0
419881 1 3 18 1 0
420433 0 6 18 1 0
419849 1 2 19 1 0
420425 1 4 19 1 0
164337 1 3 20 3 0
419670 1 3 20 1 0
419845 0 6 20 1 0
420466 0 6 20 1 0
419672 1 3 21 3 0
419797 0 6 21 4 0
419819 0 6 21 1 0
419844 1 3 21 1 0
420427 1 2 21 2 0
420428 0 6 21 2 0
419669 1 3 22 1 0
419939 0 6 22 1 0
420430 0 6 22 3 0
164335 1 2 23 2 0
416420 0 6 23 3 0
310392 0 6 24 3 0
419170 0 6 24 4 0
420547 0 6 24 1 0
420544 1 3 25 0 0
310390 1 2 26 2 1
419976 0 6 26 3 0
419992 0 6 26 1 0
429935 0 6 26 3 0
472338 0 6 27 2 0
311738 0 6 28 2 0
474358 0 6 28 3 0
485670 0 6 29 2 0
277143 1 4 30 3 0
409280 1 4 30 2 0
474353 0 6 30 1 0
486109 1 3 31 4 0
397489 1 4 32 2 1
277144 1 4 33 3 1
474036 0 6 33 1 1
