478644 1 3 3 1
147625 1 3 3 3
147623 0 3 3 3
147624 0 3 3 3
478645 0 3 3 1
478646 0 3 3 1
517119 0 3 3 3
517122 0 3 3 3
517123 0 3 3 3
457051 1 4 2 3
317846 1 4 2 4
277067 1 4 2 4
229070 1 4 2 3
229068 0 4 3 3
457049 0 4 3 3
34698 1 5 4 1
479115 1 6 3 1
478887 1 6 3 1
333111 1 6 2 1
333113 0 6 3 1
479114 0 6 3 1
277665 1 7 3 1
332221 1 8 3 1
277666 1 8 3 1
332220 0 8 3 1
332222 0 8 3 1
332223 0 8 3 1
434747 1 9 3 3
333110 1 9 3 1
228750 1 9 2 3
34798 1 9 2 1
34799 0 9 3 1
228748 0 9 3 3
333113 0 9 3 1
434742 0 9 3 3
434743 0 9 3 3
434744 0 9 3 3
434745 0 9 3 3
434746 0 9 3 3
251873 1 10 3 4
149011 1 10 3 3
251874 0 10 3 4
230734 1 11 3 3
230732 0 11 3 3
478643 1 14 3 1
477581 1 14 2 1
35160 1 14 1 1
35161 0 14 3 1
35162 0 14 3 1
477584 0 14 3 1
478644 0 14 3 1
478645 0 14 3 1
479098 1 15 1 3
434742 1 16 2 1
434743 0 16 3 1
434745 0 16 3 1
434746 0 16 3 1
434747 0 16 3 1
478974 1 17 3 1
477583 1 17 3 3
477581 0 17 3 3
477582 0 17 3 3
478976 0 17 3 1
434688 1 18 2 1
434686 0 18 3 1
434690 0 18 3 1
434626 1 19 3 1
434744 1 19 1 1
434627 0 19 3 1
434628 0 19 3 1
434629 0 19 3 1
434741 0 19 3 1
434742 0 19 3 1
434743 0 19 3 1
434745 0 19 3 1
434746 0 19 3 1
34035 0 20 13 3
434755 1 20 2 4
434754 0 20 3 4
478969 1 21 2 2
434465 1 21 2 1
478554 1 21 1 4
34034 1 21 1 1
34036 0 21 3 1
434466 0 21 3 1
478967 0 21 3 2
478970 0 21 3 2
478971 0 21 3 2
434628 1 22 2 2
434626 0 22 3 2
434629 0 22 3 2
434475 1 23 3 3
435366 1 23 2 1
434206 1 23 2 1
434207 0 23 3 1
435363 0 23 3 1
435365 0 23 3 1
435367 0 23 3 1
434476 1 24 3 3
434899 1 25 2 3
435111 1 25 1 3
434897 0 25 3 3
435112 0 25 3 3
434410 0 26 4 1
434408 0 26 3 1
434409 1 27 3 1
435304 1 27 2 1
434411 0 27 3 1
434413 0 27 3 1
435301 0 27 3 1
435302 0 27 3 1
435305 0 27 3 1
434748 1 28 2 1
435370 1 28 1 3
435369 0 28 3 3
435371 0 28 3 3
435421 0 29 3 1
434749 1 29 3 1
435422 0 29 5 1
435423 0 29 3 1
435424 0 29 3 1
435190 0 30 5 0
110067 1 30 3 3
434892 1 30 1 3
110065 0 30 3 3
434400 1 31 2 0
435337 1 32 3 1
435187 1 32 3 0
434749 1 32 3 1
434195 1 32 3 1
434703 1 32 1 1
434196 0 32 3 1
434198 0 32 3 1
434750 0 32 3 1
434751 0 32 3 1
435189 0 32 3 0
435191 0 32 3 0
435338 0 32 3 1
435995 1 33 2 1
434180 1 33 2 1
434738 1 33 1 1
434181 0 33 3 1
434740 0 33 3 1
435996 0 33 3 1
435997 0 33 3 1
435491 1 34 3 4
433872 1 34 3 4
436015 1 34 2 1
435201 1 34 2 0
433873 0 34 3 4
435202 0 34 3 0
436017 0 34 3 1
436020 0 34 3 1
435492 1 35 3 0
434176 1 35 3 1
435806 1 35 1 1
435189 1 35 1 1
435187 0 35 3 1
435190 0 35 3 1
435808 0 35 3 1
436009 1 36 4 1
436018 1 36 2 1
435528 0 36 4 3
435192 1 36 2 3
434413 1 36 2 3
434198 1 36 2 3
434831 1 36 1 1
434181 1 36 3 1
434195 0 36 3 3
434410 0 36 3 3
434412 0 36 3 3
435187 0 36 3 3
435189 0 36 3 3
435493 1 36 3 0
435529 0 36 4 1
435530 0 36 3 1
436016 0 36 3 1
436017 0 36 3 1
436020 0 36 3 1
435822 1 37 3 3
435821 0 37 3 3
435384 1 38 2 1
435383 0 38 3 1
435385 0 38 3 1
435386 0 38 3 1
449257 1 39 3 3
433997 1 39 3 1
419436 1 39 2 3
208105 1 39 2 3
435528 0 39 3 3
436017 1 40 3 1
436016 1 40 2 1
435670 1 40 2 1
433872 1 40 3 4
433999 1 40 3 1
434000 1 40 3 1
436015 0 40 3 1
436018 0 40 3 1
436015 1 41 3 1
436018 1 41 3 1
436019 1 41 3 1
436020 1 41 3 1
478767 1 42 3 3
434168 1 42 2 1
433588 1 42 1 3
433586 0 42 3 3
434898 1 43 3 1
434899 0 43 3 1
478766 1 43 3 3
435446 1 44 3 1
434612 1 44 2 1
433933 1 44 2 4
433934 0 44 3 4
434614 0 44 3 1
435445 0 44 3 1
435448 0 44 3 1
435254 1 45 2 1
433923 1 45 1 1
434418 1 46 3 1
434419 0 46 3 1
436011 1 47 3 3
436008 0 47 3 3
436009 0 47 3 3
436010 0 47 3 3
434302 1 49 3 3
434419 1 50 2 3
434298 1 50 3 3
434300 1 50 3 3
431738 1 51 2 3
431737 0 51 3 3
436008 1 54 2 0
433872 1 296 3 4
