401857 1 3 3 4
401858 1 3 3 4
333188 1 4 3 0
333192 1 4 3 0
218919 0 5 3 2
559343 0 5 3 4
142274 0 6 3 1
143875 1 7 3 1
213738 0 7 3 3
213739 0 7 3 3
265904 0 8 3 3
265905 0 8 3 3
454141 0 8 3 1
454143 0 8 3 1
454144 0 8 3 1
478881 1 8 3 3
478884 1 8 3 3
452584 0 9 3 3
213378 0 10 3 1
213380 0 10 3 1
431229 0 10 3 2
142690 0 11 3 1
212869 1 12 3 3
212870 1 12 3 3
454142 0 12 3 1
454143 0 12 3 1
143201 0 13 3 1
143451 0 13 3 4
213778 0 14 3 1
213779 0 14 3 1
399263 0 14 3 1
399264 0 14 3 1
397325 0 15 3 1
397327 0 15 3 1
397328 0 15 3 1
453887 0 15 3 1
453890 0 15 3 1
454142 0 16 3 3
454143 0 16 3 3
142168 0 17 3 4
397869 0 17 3 3
397870 0 17 3 3
213782 0 18 3 1
213784 0 18 3 1
213786 0 18 3 1
399417 1 18 3 1
399662 0 18 3 1
399663 0 18 3 1
454212 0 18 3 0
454213 0 18 3 0
454840 1 18 3 1
454841 1 18 3 1
397129 0 19 3 1
452817 1 19 3 1
453347 0 19 3 1
453349 0 19 3 1
398469 0 20 3 3
398471 0 20 3 3
454208 1 20 3 1
454209 1 20 3 1
454212 1 20 3 1
454370 1 20 3 0
454372 1 20 3 0
454374 1 20 3 0
454909 0 20 3 1
454910 0 20 3 1
213783 1 21 3 1
213784 1 21 3 1
213785 1 21 3 1
213786 1 21 3 1
397126 0 21 3 1
397127 0 21 3 1
397128 0 21 3 1
397131 0 21 3 1
397852 0 21 3 1
454126 0 21 3 1
454129 0 21 3 1
454130 0 21 3 1
142546 0 22 3 1
142548 0 22 3 1
142549 0 22 3 1
142550 0 22 3 1
142780 0 22 3 3
142782 0 22 3 3
143472 0 22 3 1
143473 0 22 3 1
397127 1 22 3 3
397128 1 22 3 3
397129 1 22 3 3
397131 1 22 3 3
399655 0 22 3 1
399657 0 22 3 1
399658 0 22 3 1
454211 0 22 3 0
454212 0 22 3 0
454572 0 22 3 0
454576 0 22 3 0
398187 1 23 3 1
399664 0 23 3 1
452917 1 23 3 1
452918 1 23 3 1
453257 0 23 3 3
453991 0 23 3 1
454566 0 23 3 3
454567 0 23 3 3
454569 0 23 3 3
454910 0 23 3 3
213562 0 24 3 1
399655 1 24 3 3
399657 1 24 3 3
399659 1 24 3 3
454125 0 24 3 1
454129 0 24 3 1
143868 0 25 3 1
143869 0 25 3 1
142720 0 26 3 4
452668 0 26 3 0
143469 0 27 3 1
143470 0 27 3 1
143464 1 27 3 1
143465 1 27 3 1
143466 1 27 3 1
143467 1 27 3 1
143470 1 27 3 1
213856 1 27 3 3
213859 1 27 3 3
397853 0 27 3 0
397854 0 27 3 0
397855 0 27 3 0
453259 0 27 3 0
453418 0 27 3 0
453419 0 27 3 0
453873 0 27 3 1
453874 0 27 3 1
453875 0 27 3 1
143466 0 28 3 1
143468 0 28 3 1
90549 0 29 3 2
101890 0 29 3 3
101892 0 29 3 3
142846 1 29 3 1
142849 1 29 3 1
142857 1 29 3 1
143306 0 29 3 1
143309 0 29 3 1
453623 0 29 3 4
141999 1 30 3 1
143872 0 30 3 3
143873 0 30 3 3
143875 0 30 3 3
143466 0 31 3 3
143468 0 31 3 3
143686 0 31 3 3
452589 0 31 3 1
453625 0 31 3 3
453626 0 31 3 3
454649 1 31 3 1
454650 1 31 3 1
143179 0 32 3 1
143180 0 32 3 1
143183 0 32 3 1
143184 0 32 3 1
453873 0 32 3 1
453874 0 32 3 1
453877 0 32 3 1
453878 0 32 3 1
454177 1 32 3 1
454179 1 32 3 1
454180 1 32 3 1
142267 0 34 3 1
142269 0 34 3 1
142270 0 34 3 1
454854 0 34 3 3
454856 0 34 3 3
142142 0 35 3 4
142960 0 35 3 1
454230 0 35 3 1
454233 0 35 3 1
454234 0 35 3 1
454235 0 35 3 1
142675 0 36 3 1
142676 0 36 3 1
142677 0 36 3 1
143221 1 36 3 1
143222 1 36 3 1
143224 1 36 3 1
213397 0 36 3 0
213398 0 36 3 0
213399 0 36 3 0
454196 1 36 3 1
454199 1 36 3 1
142501 0 37 3 1
454580 0 37 3 1
143181 0 38 3 1
143189 0 38 3 3
143190 0 38 3 3
143191 0 38 3 3
452706 0 38 3 0
452709 0 38 3 0
452710 0 38 3 0
453369 1 38 3 1
453372 1 38 3 1
139676 0 39 3 3
139677 0 39 3 3
142124 0 39 3 1
142125 0 39 3 1
142267 1 39 3 1
142270 1 39 3 1
213395 0 39 3 3
453247 0 39 3 1
453248 0 39 3 1
453899 0 39 3 3
213252 0 40 3 3
213253 0 40 3 3
453872 0 40 3 1
453878 0 40 3 1
142121 0 41 3 3
142122 0 41 3 3
142123 0 41 3 3
142124 0 41 3 3
142499 0 41 3 3
143236 0 41 3 3
143237 0 41 3 3
143238 0 41 3 3
143239 0 41 3 3
452704 0 41 3 2
452705 0 41 3 2
452706 0 41 3 2
452710 0 41 3 2
453325 0 41 3 1
453328 0 41 3 1
454251 0 42 3 1
454306 0 42 3 1
454307 0 42 3 1
454648 1 42 3 3
454650 1 42 3 3
452729 0 44 3 4
453539 1 44 3 1
453540 1 44 3 1
214085 1 45 3 0
452896 1 45 3 1
452898 1 45 3 1
453193 0 45 3 1
453518 0 45 3 1
453522 0 45 3 1
454305 0 45 3 1
454308 0 45 3 1
142121 1 46 3 0
142122 1 46 3 0
213252 0 46 3 2
213254 0 46 3 2
454248 1 47 3 3
454250 1 47 3 3
454251 1 47 3 3
143437 0 48 3 1
143439 0 48 3 1
143442 0 48 3 1
143812 0 48 3 1
143813 0 48 3 1
143814 0 48 3 1
143816 0 48 3 1
143817 0 48 3 1
214183 0 48 3 2
214184 0 48 3 2
453795 0 48 3 1
453800 0 48 3 1
454148 0 48 3 3
143441 1 49 3 0
142587 1 50 3 1
142588 1 50 3 1
142589 1 50 3 1
143673 1 50 3 1
143675 1 50 3 1
454255 0 51 3 1
142587 0 52 3 3
143021 0 52 3 1
143022 0 52 3 1
143024 0 52 3 1
143812 0 53 3 3
143813 0 53 3 3
143814 0 53 3 3
143815 0 53 3 3
143928 0 53 3 2
143929 0 53 3 2
143537 0 54 3 2
453455 0 55 3 1
453456 0 55 3 1
142979 0 57 3 1
453163 0 58 3 1
142355 0 59 3 1
142979 0 59 3 3
142980 0 59 3 3
453278 0 59 3 2
452920 0 62 3 1
452924 0 62 3 1
452925 0 62 3 1
291142 0 63 3 3
291143 0 63 3 3
452588 0 63 3 3
452590 0 63 3 3
452591 0 63 3 3
452592 0 63 3 3
452921 0 66 3 3
452922 0 66 3 3
452923 0 66 3 3
142364 1 68 3 1
142365 1 68 3 1
142366 1 68 3 1
142367 1 68 3 1
452587 0 68 3 1
452588 0 68 3 1
452589 0 68 3 1
452591 0 68 3 1
142164 1 69 3 1
142165 1 69 3 1
142167 1 69 3 1
452921 1 69 3 0
452924 1 69 3 0
452925 1 69 3 0
282195 0 70 3 3
454836 0 71 3 1
454838 0 71 3 1
