390031 0 3 3 3
390032 0 3 3 3
464577 1 3 3 1
464579 1 3 3 1
473489 0 3 3 3
163599 0 4 3 3
367798 1 4 3 1
367800 1 4 3 1
367801 1 4 3 1
471822 0 4 3 1
471823 0 4 3 1
471826 0 4 3 1
536438 0 6 3 1
347345 0 8 3 1
347348 0 8 3 1
347349 0 8 3 1
367797 0 8 3 1
367799 0 8 3 1
460655 0 8 3 4
460998 0 8 3 1
459528 0 9 3 1
477903 0 9 3 1
479049 0 9 3 1
459523 0 11 3 1
459526 0 11 3 1
459528 0 11 3 1
460996 1 11 3 3
460999 1 11 3 3
347344 0 12 3 1
347346 0 12 3 1
347348 0 12 3 1
347349 0 12 3 1
459797 0 12 3 3
459798 0 12 3 3
477589 1 12 3 1
477590 1 12 3 1
477591 1 12 3 1
477600 0 12 3 1
478401 1 12 3 1
478403 1 12 3 1
158967 0 13 3 1
158968 0 13 3 1
158969 0 13 3 1
346004 1 13 3 1
346006 1 13 3 1
347048 0 13 3 1
347050 0 13 3 3
347051 0 13 3 3
477481 0 13 3 1
477483 0 13 3 1
460129 0 14 3 1
460130 0 14 3 1
460131 0 14 3 1
460132 0 14 3 1
479100 0 14 3 1
346699 0 15 3 4
442322 0 15 3 3
442324 0 15 3 3
477598 0 15 3 3
477599 0 15 3 3
477773 1 15 3 1
478531 0 15 3 1
158965 0 16 3 4
158966 0 16 3 4
158968 0 16 3 4
459970 0 16 3 1
459973 0 16 3 1
459974 0 16 3 1
477588 0 16 3 3
477590 0 16 3 3
478060 0 16 3 2
478062 0 16 3 2
478495 0 16 3 1
478496 0 16 3 1
478448 0 17 3 2
478449 0 17 3 2
478450 0 17 3 2
478452 0 17 3 2
450558 0 18 3 0
450560 0 18 3 0
450561 0 18 3 0
478917 0 18 3 3
478919 0 18 3 3
550290 0 18 3 3
160181 1 19 3 1
478338 1 19 3 3
347149 0 20 3 1
347152 0 20 3 1
347154 0 20 3 1
422545 0 20 3 2
422547 0 20 3 2
477459 0 20 3 1
477460 0 20 3 1
477772 1 20 3 1
477900 0 20 3 3
477901 0 20 3 3
478042 0 20 3 1
478043 0 20 3 1
480691 0 20 3 2
480695 0 20 3 2
480697 0 20 3 2
346274 0 21 3 1
346275 0 21 3 1
460862 0 21 3 1
460865 0 21 3 1
477588 0 21 3 1
477591 0 21 3 1
422895 0 22 3 2
422897 0 22 3 2
422898 0 22 3 2
450627 0 22 3 0
478917 0 22 3 3
170693 0 23 3 2
170694 0 23 3 2
346194 1 23 3 1
346195 1 23 3 1
346196 1 23 3 1
346197 1 23 3 1
347345 0 23 3 1
347348 0 23 3 1
478469 0 23 3 3
478470 0 23 3 3
478472 0 23 3 3
347400 0 24 3 0
349977 0 24 3 3
425044 0 24 3 3
425047 0 24 3 3
347048 0 25 3 1
347053 0 25 3 1
346071 0 26 3 1
346072 0 26 3 1
425043 0 26 3 1
347011 0 27 3 1
451220 0 27 3 3
346067 0 28 3 1
346068 0 28 3 1
346529 1 29 3 1
346530 1 29 3 1
347347 0 29 3 3
346222 0 30 3 1
346223 0 30 3 1
346601 0 31 3 1
346603 0 31 3 1
346604 0 31 3 1
346940 0 31 3 1
346941 0 31 3 1
346942 0 31 3 1
347326 0 31 3 1
347327 0 31 3 1
346343 0 32 3 1
347344 1 32 3 1
347346 1 32 3 1
347347 1 32 3 1
347349 1 32 3 1
346240 0 33 3 1
346241 0 33 3 1
346242 0 33 3 1
346945 0 33 3 1
348021 0 33 3 1
545762 0 33 3 3
346467 1 34 3 1
346471 1 34 3 1
347245 0 34 3 3
347247 0 34 3 3
346209 1 35 3 1
346210 1 35 3 1
346213 1 35 3 1
347023 0 35 3 1
347027 0 35 3 1
347642 1 35 3 1
347391 0 37 3 3
348016 1 37 3 1
348022 1 37 3 1
545833 1 38 3 3
202661 0 39 3 2
391397 1 39 3 3
346415 0 40 3 0
346418 0 40 3 0
263997 0 41 3 3
263998 0 41 3 3
348017 0 41 3 3
348019 0 41 3 3
347024 1 42 3 0
346859 1 47 3 0
346860 1 47 3 0
347323 0 50 3 3
347320 1 54 3 2
347324 1 54 3 2
