274808 3 2 0 0
64554 4 3 3 0
215741 4 3 3 0
228248 4 3 0 0
319748 4 3 0 0
360872 4 3 3 0
530501 4 3 0 0
475493 5 4 3 0
228249 6 3 1 0
320999 6 2 0 1
292612 7 2 1 0
229396 8 2 1 0
73383 10 2 2 0
227963 10 2 2 0
290406 10 3 1 0
321000 10 3 1 0
431257 10 3 3 0
93403 11 4 3 0
227950 11 3 1 0
290665 11 3 1 0
448801 11 3 3 0
227942 13 2 1 0
321002 13 3 1 0
227953 14 2 2 0
291310 14 2 2 0
291315 14 3 1 0
293215 14 3 1 1
227940 16 3 0 0
229886 16 4 1 0
291397 16 1 1 0
291830 16 2 1 0
291837 16 3 1 0
229648 17 3 3 0
291312 17 2 4 1
229223 18 1 1 0
291039 18 4 1 0
321003 19 3 3 0
291040 21 2 3 0
291283 22 2 4 1
291907 22 4 1 0
228278 23 2 3 0
291910 23 3 3 0
291551 24 4 1 0
293107 24 1 1 0
291896 25 3 1 0
290733 27 4 1 0
291553 27 3 3 0
292172 27 3 1 0
203567 30 2 3 0
292124 31 3 1 0
290837 33 3 1 0
290798 34 4 3 0
292204 34 3 3 0
475799 35 3 3 0
290632 36 3 1 0
429157 36 2 2 0
346348 39 3 3 0
290363 43 2 1 1
354658 45 4 3 0
291001 46 2 1 0
292863 48 3 3 0
290361 49 2 0 0
323488 51 3 2 0
441132 64 3 3 0
