274808 1 3 3 0
274809 0 3 3 0
530501 1 4 2 0
360872 1 4 2 3
319748 1 4 2 0
228248 1 4 2 0
215741 1 4 2 3
64554 1 4 2 3
215739 0 4 3 3
215740 0 4 3 3
228250 0 4 3 0
228251 0 4 3 0
319749 0 4 3 0
319751 0 4 3 0
319752 0 4 3 0
360871 0 4 3 3
360873 0 4 3 3
530502 0 4 3 0
530503 0 4 3 0
475493 1 5 1 3
475491 0 5 3 3
320999 1 6 3 0
228249 1 6 2 1
228248 0 6 3 1
228250 0 6 3 1
321003 0 6 3 0
292612 1 7 3 1
229396 1 8 3 1
229397 0 8 3 1
229398 0 8 3 1
227963 1 10 3 2
73383 1 10 3 2
431257 1 10 2 3
321000 1 10 2 1
290406 1 10 2 1
320999 0 10 3 1
321002 0 10 3 1
321003 0 10 3 1
321004 0 10 3 1
448801 1 11 2 3
290665 1 11 2 1
227950 1 11 2 1
93403 1 11 1 3
227949 0 11 3 1
227952 0 11 3 1
227954 0 11 3 1
290407 1 11 3 1
448796 0 11 3 3
448797 0 11 3 3
448799 0 11 3 3
227942 1 13 3 1
321002 1 13 2 1
291310 1 14 3 2
227953 1 14 3 2
293215 1 14 2 1
291315 1 14 2 1
227949 0 14 3 2
227952 0 14 3 2
291311 0 14 3 2
291312 0 14 3 2
291317 0 14 3 1
291318 0 14 3 1
291319 0 14 3 1
291320 0 14 3 1
293218 0 14 3 1
291397 1 16 4 1
291830 1 16 3 1
291837 1 16 2 1
227940 1 16 2 0
229886 1 16 1 1
227942 0 16 3 0
227943 0 16 3 0
227945 0 16 3 0
229887 0 16 3 1
229888 0 16 3 1
291831 0 16 3 1
291832 0 16 3 1
291834 0 16 3 1
291840 0 16 3 1
291312 1 17 3 4
229648 1 17 2 3
229644 0 17 3 3
229646 0 17 3 3
229647 0 17 3 3
291311 0 17 3 4
291398 1 17 3 1
229223 1 18 4 1
291039 1 18 1 1
291040 0 18 3 1
291041 0 18 3 1
321003 1 19 2 3
229224 1 19 3 1
320999 0 19 3 3
321002 0 19 3 3
291040 1 21 3 3
291039 0 21 3 3
291041 0 21 3 3
291283 1 22 3 4
291907 1 22 1 1
291282 0 22 3 4
228278 1 23 3 3
291910 1 23 2 3
228277 0 23 3 3
228279 0 23 3 3
291908 0 23 3 3
293107 1 24 4 1
291551 1 24 1 1
291552 0 24 3 1
291554 0 24 3 1
291896 1 25 2 1
291897 0 25 3 1
291898 0 25 3 1
293110 1 25 3 1
292172 1 27 2 1
291553 1 27 2 3
290733 1 27 1 1
290731 0 27 3 1
290732 0 27 3 1
292169 0 27 3 1
292171 0 27 3 1
292173 0 27 3 1
292174 0 27 3 1
203567 1 30 3 3
292170 0 30 3 1
292171 0 30 3 1
292173 0 30 3 1
292174 0 30 3 1
292124 1 31 2 1
292123 0 31 3 1
292125 0 31 3 1
292126 0 31 3 1
290837 1 33 2 1
290836 0 33 3 1
290838 0 33 3 1
290839 0 33 3 1
290840 0 33 3 1
292204 1 34 2 3
290798 1 34 1 3
290795 0 34 3 3
290797 0 34 3 3
290799 0 34 3 3
292205 0 34 3 3
475799 1 35 2 3
475800 0 35 3 3
429157 1 36 3 2
290632 1 36 2 1
290633 0 36 3 1
290634 0 36 3 1
290635 0 36 3 1
429154 0 36 3 2
346348 1 39 2 3
346347 0 39 3 3
290363 1 43 3 1
354658 1 45 1 3
354657 0 45 3 3
291001 1 46 3 1
291003 0 46 3 1
292863 1 48 2 3
290361 1 49 3 0
290362 0 49 3 0
290364 0 49 3 0
290365 0 49 3 0
323488 1 51 2 2
441132 1 64 2 3
441128 1 65 3 3
441130 1 65 3 3
