478644 1 3 3 1
147625 1 3 3 3
147623 0 3 3 3
147624 0 3 3 3
478645 0 3 3 1
478646 0 3 3 1
517119 0 3 3 3
517122 0 3 3 3
517123 0 3 3 3
457051 1 4 2 3
317846 1 4 2 4
277067 1 4 2 4
229070 1 4 2 3
229068 0 4 3 3
457049 0 4 3 3
34698 1 5 4 1
479115 1 6 3 1
478887 1 6 3 1
333111 1 6 2 1
34699 1 6 3 1
333110 0 6 3 1
478888 0 6 3 1
478889 0 6 3 1
479116 0 6 3 1
479117 0 6 3 1
277665 1 7 3 1
332221 1 8 3 1
277666 1 8 3 1
277668 1 8 3 1
434747 1 9 3 3
228750 1 9 2 3
34798 1 9 2 1
34800 0 9 3 1
228747 0 9 3 3
228748 0 9 3 3
228749 0 9 3 3
434741 0 9 3 3
434742 0 9 3 3
434743 0 9 3 3
434744 0 9 3 3
434745 0 9 3 3
479190 1 10 3 0
34802 1 10 3 0
34859 1 10 2 1
34858 0 10 3 1
479191 0 10 3 0
479192 0 10 3 0
477485 1 11 3 1
332223 1 11 2 3
34803 1 11 3 0
34805 1 11 3 0
276248 1 12 3 1
252838 1 12 3 2
34528 1 12 3 1
33824 1 12 3 3
477591 1 12 2 1
34529 0 12 3 1
34531 0 12 3 1
252835 0 12 3 2
252836 0 12 3 2
477593 0 12 3 1
477725 1 13 3 1
479189 1 13 1 0
230663 1 13 1 2
230664 0 13 3 2
479190 0 13 3 0
479191 0 13 3 0
479192 0 13 3 0
479194 0 13 3 0
479137 1 14 3 1
478643 1 14 3 1
477569 1 14 3 4
478324 1 14 2 1
478327 0 14 3 1
479139 0 14 3 1
276249 1 15 3 3
34803 1 15 2 1
34797 1 15 2 1
34800 0 15 3 1
34801 0 15 3 1
34804 0 15 3 1
276247 0 15 3 3
477530 1 16 3 1
276302 1 16 3 1
230665 1 16 2 4
33597 1 16 2 1
277294 1 16 1 1
33598 0 16 3 1
33599 0 16 3 1
230663 0 16 3 4
276300 0 16 3 1
276306 0 16 3 1
277291 0 16 3 1
277293 0 16 3 1
277295 0 16 3 1
477529 0 16 3 1
477532 0 16 3 1
477533 0 16 3 1
477883 0 17 24 3
277055 1 17 2 3
276158 1 17 2 1
276155 0 17 3 1
276157 0 17 3 1
277054 0 17 3 3
277053 1 18 3 3
277052 0 18 3 3
477884 1 18 3 3
478880 1 19 3 1
33598 1 19 2 1
276301 1 19 3 0
276302 1 19 3 0
276303 1 19 3 0
276304 1 19 3 0
277291 1 20 3 0
477687 1 20 2 1
276782 1 20 2 3
276780 0 20 3 3
276781 0 20 3 3
277296 0 20 3 0
477689 0 20 3 1
478022 1 21 3 3
478021 0 21 3 3
230613 1 21 2 3
34072 1 21 2 1
34073 0 21 3 1
34074 0 21 3 1
230611 0 21 3 3
478023 0 21 3 1
476151 1 22 1 2
476148 0 22 3 2
476149 0 22 3 2
476152 0 22 3 2
476153 0 22 3 2
478021 0 22 3 3
35248 1 26 3 3
35249 0 26 3 3
257527 1 29 2 2
257525 0 29 3 2
257526 0 29 3 2
