317568 1 2 4 3
299738 1 3 3 3
202348 1 3 3 1
194574 1 3 3 3
88376 1 3 3 3
10705 1 3 3 3
10706 0 3 5 3
10707 0 3 5 3
194573 0 3 5 3
194575 0 3 5 3
194576 0 3 5 3
299737 0 3 5 3
317567 1 3 5 3
321482 1 4 2 3
74202 1 4 2 3
202349 1 4 5 1
321480 0 4 5 3
321483 0 4 5 3
129471 1 5 2 3
387025 1 5 1 1
387026 0 5 5 1
386663 1 6 2 1
386664 0 6 5 1
386665 0 6 5 1
386661 1 7 3 1
202348 0 8 5 3
386662 1 8 5 1
386665 1 8 5 1
386548 1 9 3 1
203147 1 9 2 4
388576 1 10 1 4
386549 1 10 5 1
321013 1 12 2 3
202977 1 12 2 3
202976 0 12 5 3
321011 0 12 5 3
321012 0 12 5 3
93543 1 14 1 3
387908 1 15 3 1
386789 1 17 2 3
386787 0 17 5 3
388470 0 17 5 1
387912 1 20 2 3
387908 0 20 5 3
387910 0 20 5 3
