478644 1 3 3 1
147625 1 3 3 3
147623 0 3 5 3
147624 0 3 5 3
478645 0 3 5 1
478646 0 3 5 1
517119 0 3 5 3
517122 0 3 5 3
517123 0 3 5 3
457051 1 4 2 3
317846 1 4 2 4
277067 1 4 2 4
229070 1 4 2 3
229068 0 4 5 3
457049 0 4 5 3
34698 1 5 4 1
479115 1 6 3 1
478887 1 6 3 1
333111 1 6 2 1
333113 0 6 5 1
479114 0 6 5 1
277665 1 7 3 1
332221 1 8 3 1
277666 1 8 5 1
332220 0 8 5 1
332222 0 8 5 1
332223 0 8 5 1
434747 1 9 3 3
333110 1 9 3 1
228750 1 9 2 3
34798 1 9 2 1
34797 0 9 5 1
34799 0 9 5 1
333111 0 9 5 1
333112 0 9 5 1
434742 0 9 5 3
434744 0 9 5 3
434745 0 9 5 3
434746 0 9 5 3
251873 1 10 3 4
149011 1 10 3 3
251874 0 10 5 4
230734 1 11 3 3
165150 1 12 3 2
3816 1 13 3 3
3814 1 14 5 3
3815 1 14 5 3
34800 1 18 2 3
34798 0 18 5 3
34799 0 18 5 3
