20730 0 6 6 3 0
45746 1 4 6 4 0
66788 0 6 6 4 1
88172 0 6 6 3 0
143924 0 6 6 1 0
200130 0 6 6 3 1
213739 0 6 6 1 0
216787 0 6 6 4 0
218918 1 1 6 2 0
244111 0 6 6 4 0
280374 0 6 6 3 1
333187 1 4 6 0 0
399676 0 6 6 1 0
401859 1 5 6 4 1
429161 1 2 6 3 0
431229 0 6 6 1 0
453649 0 6 6 1 0
478882 0 6 6 1 1
555295 0 6 6 3 0
559342 1 2 6 4 0
143923 0 6 7 0 0
142271 1 3 8 1 0
283144 0 6 8 3 0
399675 0 6 8 0 0
560274 0 6 8 3 1
142273 1 4 9 1 0
143873 1 4 9 1 0
213741 1 3 9 3 0
265907 1 3 10 3 0
454142 1 3 10 1 0
478883 1 4 10 3 0
143891 0 6 11 4 1
212869 0 6 11 1 0
399594 0 6 11 1 0
452585 0 6 11 3 1
454146 1 3 11 2 0
142689 1 2 12 1 0
143925 0 6 12 3 1
213379 1 3 12 1 0
399677 0 6 12 1 0
431231 1 3 12 2 0
452867 0 6 12 1 1
143893 1 4 13 1 0
212870 0 6 13 1 0
213602 0 6 13 3 0
454141 1 2 13 1 1
454692 0 6 13 4 1
212871 1 4 14 3 0
303295 0 6 14 3 0
398221 0 6 14 1 1
452866 0 6 14 1 0
454699 1 3 14 3 0
142160 0 6 15 1 0
143450 1 3 15 4 0
213378 0 6 15 1 0
399262 1 2 15 1 0
452869 1 4 15 3 0
143080 1 2 16 1 0
143203 1 4 16 1 0
213570 0 6 16 1 0
213777 1 3 16 1 0
452816 0 6 16 1 0
453416 0 6 16 1 1
142348 0 6 17 1 0
213668 1 3 17 1 0
214281 0 6 17 1 0
399338 0 6 17 1 0
454698 0 6 17 2 0
472124 1 3 17 3 0
142158 1 4 18 0 0
142159 0 6 18 0 0
398226 1 2 18 1 0
398496 1 4 18 1 1
399263 1 2 18 1 0
452588 1 3 18 1 0
452843 0 6 18 1 0
453184 0 6 18 1 0
453876 0 6 18 1 0
143673 1 4 19 1 1
212841 1 3 19 1 0
213667 0 6 19 1 0
304184 0 6 19 1 0
397342 0 6 19 1 0
398227 1 3 19 1 0
398336 0 6 19 1 0
398432 1 4 19 1 0
453872 1 3 19 0 0
453952 1 2 19 1 0
142161 1 5 20 3 1
398395 1 3 20 1 0
399604 0 6 20 1 0
453837 1 4 20 1 1
142162 1 3 21 3 0
142170 0 6 21 2 0
142924 0 6 21 1 0
213246 1 3 21 1 0
213313 0 6 21 3 0
397347 0 6 21 3 0
398333 1 4 21 0 0
398958 0 6 21 1 0
399290 0 6 21 1 0
452809 1 4 21 0 0
452846 0 6 21 3 1
452848 0 6 21 3 0
304545 1 4 22 1 0
397722 0 6 22 1 0
397732 1 3 22 1 1
398056 0 6 22 1 0
398098 1 4 22 1 0
398369 1 3 22 1 0
398431 1 2 22 1 0
398498 0 6 22 3 0
398805 1 2 22 1 0
399009 0 6 22 1 0
399603 1 4 22 1 0
452818 0 6 22 3 0
453013 1 2 22 1 0
453894 1 2 22 1 1
454562 0 6 22 1 0
89829 0 6 23 2 0
212842 0 6 23 1 0
304183 1 3 23 1 0
397341 0 6 23 1 0
398804 1 3 23 1 0
399011 0 6 23 2 0
432649 1 3 23 3 0
453186 1 5 23 3 0
454262 0 6 23 1 0
525026 1 4 23 3 0
375392 0 6 24 4 0
398131 1 3 24 1 0
398268 0 6 24 1 0
398396 0 6 24 3 0
398485 0 6 24 1 0
398638 0 6 24 3 0
399197 0 6 24 1 0
399568 1 4 24 1 0
104856 0 6 25 3 0
397140 1 2 25 1 1
397326 1 4 25 1 0
397329 0 6 25 4 0
397344 0 6 25 3 0
397599 0 6 25 1 0
397864 0 6 25 1 0
398423 1 3 25 0 0
399533 1 3 25 1 0
432650 0 6 25 4 0
437671 0 6 25 3 0
453281 1 3 25 1 0
453538 1 3 25 1 0
453895 0 6 25 1 0
454116 1 4 25 4 0
454833 1 3 25 4 0
454847 0 6 25 1 0
96657 0 6 26 2 1
131635 0 6 26 3 0
376060 0 6 26 3 0
398581 0 6 26 1 0
398635 0 6 26 1 0
398738 1 3 26 1 0
398794 1 4 26 1 0
399122 0 6 26 1 0
399548 0 6 26 2 0
453922 1 3 26 1 0
304178 0 6 27 1 0
397158 0 6 27 1 0
397207 0 6 27 1 0
397325 0 6 27 0 0
397587 0 6 27 1 0
398101 0 6 27 3 0
398556 0 6 27 1 0
398801 1 2 27 2 0
398807 0 6 27 3 0
399174 1 3 27 1 0
525027 0 6 27 4 0
398120 0 6 28 1 0
398582 0 6 28 3 0
453924 0 6 28 3 0
492050 0 6 28 4 1
298077 1 3 29 3 0
397268 1 4 29 1 0
397478 0 6 29 1 0
397589 1 2 29 3 0
398135 1 3 29 1 0
398483 0 6 29 4 0
398766 0 6 29 1 0
399196 1 3 29 0 1
399535 0 6 29 2 0
452589 0 6 29 1 0
453185 1 3 29 2 0
104857 0 6 30 3 0
397173 1 3 30 1 0
398048 1 4 30 1 1
398297 1 2 30 1 0
398737 0 6 30 1 0
454970 1 3 30 4 0
397159 0 6 31 3 0
397177 1 2 31 3 0
397267 1 5 31 0 0
397289 1 4 31 1 0
397476 0 6 31 0 1
398137 0 6 31 3 0
398603 0 6 31 1 0
398720 0 6 31 3 0
303769 0 6 32 1 0
303808 1 3 32 1 0
397127 0 6 32 1 0
397271 1 4 32 1 0
398488 0 6 32 1 0
407942 0 6 32 3 0
452815 1 3 32 1 0
453160 1 2 32 4 1
453695 1 3 32 3 0
104854 1 3 33 1 0
397187 0 6 33 1 0
398042 1 4 33 1 0
398051 0 6 33 1 0
398075 0 6 33 1 0
398099 0 6 33 1 0
398122 0 6 33 3 0
398408 0 6 33 1 0
398463 0 6 33 1 1
398605 0 6 33 1 0
398606 1 4 33 1 0
398833 1 3 33 1 0
454612 1 2 33 1 0
14706 1 4 34 3 0
303771 0 6 34 3 0
303847 1 4 34 1 0
304129 1 3 34 3 0
397830 0 6 34 1 1
398117 1 4 34 3 0
398267 1 2 34 1 0
398407 0 6 34 1 0
398489 1 4 34 1 0
399210 1 4 34 1 0
453239 0 6 34 1 0
453693 1 3 34 2 0
485711 1 4 34 3 0
303363 0 6 35 1 0
303536 1 4 35 1 0
398296 0 6 35 1 0
398592 0 6 35 1 0
398604 0 6 35 1 0
399209 0 6 35 1 1
453383 0 6 35 1 0
454611 1 5 35 0 0
303361 1 4 36 0 0
304472 0 6 36 1 0
304578 0 6 36 1 0
305055 1 3 36 1 0
397752 1 4 36 1 0
398035 1 3 36 1 0
398464 0 6 36 1 0
398627 1 3 36 1 0
399547 0 6 36 1 0
452896 1 4 36 1 0
453234 1 2 36 1 0
454390 0 6 36 1 0
454614 0 6 36 3 0
482916 0 6 36 3 0
303334 1 4 37 3 0
303898 0 6 37 1 0
304173 0 6 37 1 0
304883 1 3 37 1 0
338014 1 3 37 3 1
397128 1 5 37 1 1
397652 1 3 37 1 0
398462 0 6 37 1 0
398490 0 6 37 1 0
398832 0 6 37 1 0
398835 0 6 37 3 1
453300 1 4 37 0 0
453385 0 6 37 3 0
303441 1 4 38 1 0
303539 1 3 38 3 1
304117 1 4 38 1 0
304215 1 3 38 1 0
304507 0 6 38 1 0
304543 0 6 38 1 0
304551 0 6 38 1 0
304581 1 3 38 3 0
305037 1 3 38 0 0
305081 1 3 38 1 0
397188 0 6 38 1 0
397735 0 6 38 3 0
397828 1 4 38 0 0
398036 0 6 38 1 0
398436 1 3 38 1 0
398557 1 3 38 1 0
398594 0 6 38 1 0
398625 0 6 38 0 0
398630 0 6 38 3 0
398959 1 2 38 1 0
399562 1 2 38 1 0
422687 0 6 38 3 1
452688 0 6 38 4 0
485710 0 6 38 0 0
125841 0 6 39 3 0
303364 1 3 39 1 0
303632 1 5 39 1 0
304544 1 3 39 1 0
305089 0 6 39 1 0
338959 0 6 39 2 0
397221 1 3 39 1 0
399661 1 4 39 1 0
432223 0 6 39 1 0
452900 0 6 39 3 0
454102 1 3 39 1 0
454870 0 6 39 4 0
303280 0 6 40 1 0
303335 1 4 40 3 1
303342 1 3 40 4 0
303442 1 2 40 2 0
304216 1 3 40 1 0
397334 1 3 40 1 0
397811 0 6 40 1 0
398038 1 2 40 3 0
398266 0 6 40 0 0
398460 0 6 40 3 0
398558 0 6 40 2 0
398613 0 6 40 0 0
399008 0 6 40 0 0
432227 0 6 40 3 0
433819 1 2 40 1 0
452705 0 6 40 1 0
452897 1 2 40 1 0
453681 0 6 40 1 0
526376 1 4 40 3 0
303312 1 4 41 1 0
303432 0 6 41 1 0
303887 1 5 41 1 0
303941 0 6 41 1 0
304309 1 4 41 1 0
304395 1 4 41 3 0
304577 0 6 41 1 0
304804 0 6 41 4 0
304917 1 3 41 1 0
304943 0 6 41 1 0
397206 0 6 41 1 0
397469 1 4 41 1 0
398258 1 3 41 1 0
399511 1 2 41 1 0
399561 1 4 41 1 0
432225 0 6 41 3 0
452695 1 4 41 3 0
453233 1 3 41 0 0
453237 0 6 41 3 0
453386 1 3 41 3 0
303333 0 6 42 1 0
303362 0 6 42 1 0
303366 1 4 42 3 1
304554 0 6 42 3 1
304572 0 6 42 1 0
304950 0 6 42 3 0
338010 0 6 42 1 1
397461 0 6 42 1 0
398597 0 6 42 3 1
399370 0 6 42 1 0
399596 0 6 42 1 0
399656 1 3 42 1 0
422688 1 4 42 3 0
425403 1 3 42 3 0
432222 1 2 42 3 0
452704 0 6 42 0 0
303444 0 6 43 2 0
303538 1 4 43 3 1
303631 0 6 43 1 0
303886 0 6 43 0 0
303903 0 6 43 1 0
303939 0 6 43 1 0
304497 0 6 43 3 0
329902 1 4 43 3 0
338011 1 4 43 1 0
397336 1 4 43 3 0
397812 0 6 43 1 0
397902 1 2 43 3 0
398277 1 3 43 1 1
398629 0 6 43 3 1
398956 0 6 43 1 0
399184 0 6 43 1 0
399560 0 6 43 0 0
399567 0 6 43 1 0
432439 0 6 43 4 0
453680 0 6 43 1 0
303314 1 4 44 2 0
303446 0 6 44 3 0
303889 1 5 44 1 0
303942 0 6 44 3 0
304919 1 2 44 3 1
390904 0 6 44 3 0
397468 0 6 44 0 0
397519 1 4 44 1 0
398459 0 6 44 3 0
398559 0 6 44 2 0
398560 1 3 44 3 0
399546 1 4 44 0 0
399655 1 4 44 1 0
453679 0 6 44 0 0
453682 1 3 44 3 0
456244 1 3 44 3 0
303783 0 6 45 1 0
304574 1 5 45 3 0
304947 1 3 45 1 0
304949 1 4 45 3 0
397573 1 3 45 1 0
397755 0 6 45 1 0
398043 0 6 45 2 0
398839 0 6 45 1 0
399512 0 6 45 1 0
399513 1 5 45 1 0
425399 1 3 45 1 0
425406 1 2 45 1 0
432220 1 3 45 2 0
432620 0 6 45 1 0
433821 1 4 45 3 0
475197 0 6 45 3 0
303890 1 2 46 3 0
304537 1 3 46 1 0
304944 1 4 46 3 0
397123 1 4 46 3 1
397314 0 6 46 4 0
397520 0 6 46 1 0
397695 0 6 46 1 0
397715 0 6 46 1 0
397815 0 6 46 1 0
397931 0 6 46 1 0
398707 0 6 46 1 0
558756 0 6 46 3 0
282418 0 6 47 3 0
303548 0 6 47 1 0
303668 1 2 47 3 0
303891 0 6 47 3 0
303934 0 6 47 1 0
303943 1 5 47 3 0
303964 1 3 47 1 0
304575 0 6 47 0 0
397122 1 3 47 3 0
397464 1 2 47 1 0
397524 0 6 47 1 0
398813 1 2 47 1 0
399658 1 3 47 3 0
425398 1 3 47 1 0
425470 1 4 47 3 0
456242 0 6 47 1 0
475195 0 6 47 1 0
303867 0 6 48 1 0
361579 1 3 48 3 1
397522 0 6 48 3 1
398469 1 4 48 1 0
399187 1 3 48 3 1
425117 1 4 48 1 0
425405 0 6 48 0 0
433818 1 3 48 1 1
452709 0 6 48 3 0
455576 1 4 48 1 0
189836 1 3 49 3 0
303869 0 6 49 3 0
304516 0 6 49 1 0
305006 1 2 49 1 0
397466 1 4 49 3 0
397567 1 4 49 0 0
397571 1 4 49 0 0
399086 1 3 49 1 0
425404 1 2 49 3 0
425408 1 3 49 3 0
425409 0 6 49 3 0
42918 0 6 50 3 0
304150 0 6 50 1 0
304524 1 4 50 1 0
304945 0 6 50 3 0
397523 0 6 50 3 0
397653 0 6 50 1 0
397712 0 6 50 0 0
397829 0 6 50 1 0
425189 1 3 50 1 0
200486 0 6 51 3 0
303803 0 6 51 1 0
304653 1 2 51 1 0
397814 0 6 51 1 1
405280 0 6 51 3 0
425407 1 3 51 1 0
425496 1 3 51 1 1
456104 1 3 51 1 0
481726 1 4 51 3 0
505565 1 4 51 3 0
191260 1 4 52 3 0
303802 0 6 52 1 0
304519 1 3 52 3 0
397521 0 6 52 1 0
397580 0 6 52 1 0
398523 0 6 52 0 1
398706 1 3 52 1 0
398841 0 6 52 1 0
433810 1 5 52 1 1
452710 1 4 52 3 0
189838 1 4 53 1 0
303549 1 4 53 1 0
304515 1 2 53 3 0
452703 0 6 53 3 0
305005 0 6 54 1 0
397817 1 3 54 3 0
398507 1 3 54 1 0
424843 0 6 54 1 0
425188 1 3 54 1 0
455564 0 6 54 1 0
530854 1 4 54 3 1
126765 1 3 55 3 0
200485 1 2 55 2 0
303727 0 6 55 1 0
304527 0 6 55 3 1
397576 1 3 55 2 0
398840 1 5 55 1 0
399406 1 4 55 3 0
455436 1 2 55 1 0
189479 1 2 56 1 0
200480 0 6 56 3 0
303234 1 4 56 1 0
304002 1 3 56 1 0
397582 1 2 56 3 0
416297 1 2 56 3 0
425497 1 4 56 1 0
189480 0 6 57 1 0
190629 1 4 57 1 0
190780 1 4 57 3 0
301475 1 4 57 4 1
303552 1 2 57 3 1
304018 0 6 57 1 0
305082 0 6 57 1 0
200481 1 4 58 3 0
424453 0 6 58 1 0
424834 0 6 58 1 0
425187 0 6 58 0 0
425853 1 3 58 1 0
455438 1 3 58 3 0
456492 1 3 58 1 0
457020 1 3 58 1 0
189481 1 4 59 3 0
303726 1 3 59 1 0
303733 1 5 59 1 0
304116 0 6 59 3 0
398842 0 6 59 3 0
425190 1 3 59 1 0
450441 1 4 59 3 0
190035 1 3 60 1 0
301476 1 4 60 4 1
424344 1 3 60 1 0
424680 0 6 60 1 0
424996 1 3 60 1 0
126766 0 6 61 3 0
190122 0 6 61 3 0
190334 1 5 61 1 0
190628 1 3 61 1 0
200478 0 6 61 1 0
304019 1 4 61 3 0
424454 0 6 61 1 1
424831 1 3 61 0 0
424997 1 4 61 3 1
425196 0 6 61 3 0
425794 0 6 61 1 0
191147 0 6 62 3 0
116515 0 6 63 3 0
274658 1 2 63 2 0
424347 1 4 63 3 0
425041 0 6 63 1 0
190337 1 3 64 1 0
424346 1 3 64 3 0
425004 1 4 64 2 0
425111 1 4 64 1 0
163508 1 3 65 3 0
179382 1 4 65 3 0
190036 0 6 65 1 0
200349 0 6 65 1 0
424715 0 6 65 1 0
424971 0 6 65 0 0
425786 1 2 65 0 0
167775 1 2 66 1 0
200419 0 6 66 3 0
201063 0 6 66 1 0
313201 1 4 66 2 0
425113 0 6 66 1 0
425388 0 6 66 1 0
168034 1 4 67 1 0
190626 0 6 67 0 0
201062 0 6 67 0 0
313546 1 4 67 3 0
424717 1 2 67 3 0
425359 0 6 67 1 0
167981 0 6 68 1 0
190336 1 2 68 1 0
191436 0 6 68 1 0
200350 1 2 68 1 0
200683 1 4 68 2 0
424833 0 6 68 1 0
425110 0 6 68 1 0
209620 0 6 69 2 0
222971 0 6 69 3 0
424714 1 3 69 1 0
425787 0 6 69 1 0
167496 1 4 70 1 0
168037 1 4 70 3 0
190333 0 6 70 0 0
190465 1 4 70 0 0
200923 1 4 70 1 0
424649 0 6 71 1 0
424722 0 6 71 0 0
424835 1 2 71 3 0
167213 1 4 72 1 0
167495 0 6 72 1 0
190342 1 3 72 3 0
190469 1 4 72 2 1
190509 0 6 72 3 0
191435 1 2 72 1 0
200373 0 6 72 1 0
201068 1 3 72 1 0
424259 0 6 72 1 0
425047 0 6 72 0 0
425357 1 2 72 3 0
425483 1 5 72 1 0
473745 1 4 72 4 1
190468 0 6 73 2 0
191536 1 4 73 1 1
424713 0 6 73 1 0
167669 0 6 74 1 0
190466 1 2 74 0 0
190472 1 3 74 1 0
201203 0 6 74 1 0
424832 1 5 74 1 0
563140 1 3 74 2 0
191531 1 3 75 0 0
424393 1 3 75 1 0
424755 1 3 75 0 0
425485 0 6 75 1 0
167214 0 6 76 1 0
167215 0 6 76 3 0
189476 1 4 76 4 0
424258 0 6 76 1 0
424648 1 3 76 0 0
425468 0 6 76 1 0
191438 0 6 77 3 0
191537 0 6 77 3 0
191697 1 3 77 1 1
199649 1 2 77 1 0
563138 1 4 77 0 0
563141 0 6 77 2 0
424394 0 6 78 1 0
424657 0 6 78 3 0
425677 0 6 78 1 0
189477 0 6 79 4 0
189914 0 6 79 1 0
424647 1 2 79 0 0
563139 0 6 79 1 0
191696 1 4 80 1 0
424650 0 6 80 1 0
425463 0 6 80 1 0
425576 0 6 80 1 0
136900 0 6 81 3 1
425570 1 2 81 1 0
473982 0 6 81 2 0
190630 1 5 82 1 0
425678 0 6 82 3 1
561727 0 6 83 1 0
424542 0 6 84 0 0
425016 1 4 84 3 0
425571 0 6 84 1 0
425575 0 6 84 4 0
460445 0 6 84 3 0
521423 0 6 84 3 0
424434 0 6 86 1 0
424589 1 3 87 1 0
424543 0 6 88 0 0
424756 0 6 88 1 0
425572 0 6 88 3 0
424421 1 5 89 1 0
424545 0 6 90 3 1
424710 1 2 91 2 1
424544 1 3 93 1 0
424591 0 6 93 3 0
424705 0 6 93 0 0
425504 1 2 93 1 0
425370 1 2 95 1 0
425705 0 6 95 1 0
424749 0 6 96 1 0
424706 1 3 98 3 0
425058 0 6 98 1 0
267304 0 6 100 3 1
425064 0 6 100 2 0
424563 0 6 102 1 0
424748 1 2 102 1 0
424994 0 6 102 3 0
424987 1 3 103 1 0
425062 0 6 103 3 0
480667 1 4 103 3 0
424598 0 6 104 1 0
425151 0 6 104 1 0
102320 0 6 105 3 0
424566 0 6 105 1 0
432164 1 3 105 3 1
424374 1 3 106 1 0
424602 0 6 106 3 0
119702 0 6 107 3 0
424359 0 6 107 1 0
424597 1 3 107 1 0
424741 1 2 107 0 0
432163 1 3 107 3 0
424360 1 3 108 1 0
424372 0 6 108 0 0
424599 1 3 108 1 0
424852 1 3 108 3 0
425134 1 4 108 1 0
424358 1 4 109 0 0
424371 1 3 109 0 0
424375 0 6 109 3 1
424600 0 6 109 1 0
425037 0 6 109 0 1
425360 1 3 109 1 1
425754 1 3 109 1 0
425132 1 4 110 1 0
425561 0 6 110 1 0
424889 0 6 111 1 0
425025 0 6 111 1 0
425358 1 3 111 1 0
424361 0 6 112 2 1
424364 0 6 112 3 0
424805 1 4 112 1 0
424850 0 6 112 3 0
425456 1 3 112 3 0
424231 1 3 113 1 0
424376 0 6 113 3 0
424894 0 6 113 1 0
425130 0 6 113 4 0
425755 0 6 113 1 1
425757 0 6 113 3 1
425777 0 6 113 1 0
352136 1 2 114 3 0
425026 1 3 114 1 0
425100 1 2 114 1 0
425753 1 3 114 1 1
425812 1 3 114 1 0
424803 1 5 115 0 0
425421 1 3 115 1 0
352135 1 3 116 2 0
352137 0 6 116 3 0
353463 0 6 116 1 0
424804 1 3 117 1 0
424849 1 4 117 1 0
425029 0 6 117 3 0
425276 0 6 117 1 0
425792 1 4 117 3 0
425814 0 6 117 3 0
424247 1 3 118 1 0
424892 0 6 118 1 0
425387 1 2 118 1 0
425813 0 6 118 1 0
352132 0 6 119 1 0
425102 1 2 119 3 0
425277 0 6 119 3 1
425815 0 6 119 3 0
424718 0 6 120 4 0
424823 1 4 120 3 0
424848 1 3 120 1 0
424891 0 6 120 0 0
425275 0 6 120 1 0
425424 1 2 120 1 0
425594 1 3 120 1 0
425789 0 6 120 0 0
425834 1 4 120 4 1
353471 1 3 121 1 1
424969 1 3 121 3 0
425867 0 6 121 1 0
24220 0 6 122 2 0
424707 0 6 122 1 0
425038 0 6 122 1 0
425790 1 2 122 0 0
424824 0 6 123 3 0
425602 1 4 123 1 0
352883 0 6 124 1 0
425428 1 5 124 1 0
425512 1 3 124 1 0
425783 0 6 124 1 0
424972 0 6 125 1 0
424708 1 3 126 3 0
425604 1 2 126 3 0
353473 1 3 127 3 0
425511 1 3 127 1 0
425858 1 3 127 1 0
424980 0 6 128 1 0
352922 1 4 129 1 0
425605 1 3 129 3 0
353449 0 6 130 1 0
424916 0 6 131 2 0
425857 1 4 131 0 0
424984 0 6 132 3 0
425646 1 3 132 1 0
425770 0 6 134 1 0
425767 1 4 138 3 0
425769 0 6 138 1 0
425772 0 6 140 3 0
