390031 0 3 5 3
390032 0 3 5 3
464577 1 3 5 1
464579 1 3 5 1
473489 0 3 5 3
163599 0 4 5 3
367798 1 4 5 1
367800 1 4 5 1
367801 1 4 5 1
471822 0 4 5 1
471823 0 4 5 1
471826 0 4 5 1
536438 0 6 5 1
347345 0 8 5 1
347348 0 8 5 1
347349 0 8 5 1
367797 0 8 5 1
367799 0 8 5 1
460655 0 8 5 4
460998 0 8 5 1
459528 0 9 5 1
477903 0 9 5 1
479049 0 9 5 1
459523 0 11 5 1
459526 0 11 5 1
459528 0 11 5 1
460996 1 11 5 3
460999 1 11 5 3
347344 0 12 5 1
347346 0 12 5 1
347348 0 12 5 1
347349 0 12 5 1
459797 0 12 5 3
459798 0 12 5 3
477589 1 12 5 1
477590 1 12 5 1
477591 1 12 5 1
477600 0 12 5 1
478401 1 12 5 1
478403 1 12 5 1
158966 0 13 5 1
158968 0 13 5 1
346004 1 13 5 1
347053 0 13 5 1
347048 0 13 5 3
347050 0 13 5 3
347051 0 13 5 3
347052 0 13 5 3
477483 0 13 5 1
477484 0 13 5 1
460129 0 14 5 1
460130 0 14 5 1
479098 0 14 5 1
479100 0 14 5 1
479102 0 14 5 1
346003 0 15 5 3
346004 0 15 5 3
346006 0 15 5 3
346699 0 15 5 4
442323 0 15 5 3
477598 0 15 5 3
477599 0 15 5 3
477771 1 15 5 1
479159 0 15 5 3
479161 0 15 5 3
158965 0 16 5 4
158967 0 16 5 4
158968 0 16 5 4
459970 0 16 5 1
459973 0 16 5 1
478059 0 16 5 2
478060 0 16 5 2
478062 0 16 5 2
478336 0 16 5 3
478337 0 16 5 3
478499 0 16 5 1
450560 0 17 5 3
460602 0 17 5 1
478449 0 17 5 2
478450 0 17 5 2
479082 0 17 5 1
479087 0 17 5 1
479088 0 17 5 1
458378 0 18 5 3
477461 0 18 5 3
477899 0 18 5 3
477900 0 18 5 3
477903 0 18 5 3
477908 1 18 5 2
505373 0 18 5 3
550288 0 18 5 3
550290 0 18 5 3
347575 0 19 5 1
347577 0 19 5 1
479162 1 19 5 4
158975 0 20 5 2
158976 0 20 5 2
158977 0 20 5 2
450707 0 20 5 0
478853 1 20 5 1
478854 1 20 5 1
37114 0 21 5 3
346459 0 21 5 1
346460 0 21 5 1
346463 0 21 5 1
459726 0 21 5 4
460306 0 21 5 1
460307 0 21 5 1
460308 0 21 5 1
479082 1 21 5 3
479084 1 21 5 3
479086 1 21 5 3
479087 1 21 5 3
479100 0 22 5 1
460770 0 23 5 1
460771 0 23 5 1
460772 0 23 5 1
460773 0 23 5 1
460774 0 23 5 1
477588 0 23 5 1
347641 0 24 5 1
450627 1 25 5 0
479082 0 25 5 3
346851 0 26 5 1
346855 0 26 5 1
460772 0 26 5 1
460774 0 26 5 1
346809 0 27 5 3
528125 1 27 5 2
347007 0 28 5 1
347008 0 28 5 1
347010 0 28 5 1
347267 0 28 5 3
461072 0 28 5 3
478707 0 28 5 1
478907 0 28 5 2
477986 0 29 5 1
477988 0 29 5 1
478787 0 29 5 3
346458 0 30 5 2
346460 0 30 5 2
346461 0 30 5 2
460769 0 30 5 3
460771 0 30 5 3
461066 0 30 5 2
478703 0 30 5 1
478704 0 30 5 1
478705 0 30 5 1
346923 1 31 5 1
346926 1 31 5 1
346927 1 31 5 1
347245 1 31 5 1
346851 0 32 5 3
346852 0 32 5 3
346262 0 33 5 1
346263 0 33 5 1
346265 0 33 5 1
118130 0 34 5 3
346471 0 34 5 1
346472 0 34 5 1
347252 1 34 5 1
347255 1 34 5 1
347258 1 34 5 1
346266 0 36 5 2
346116 1 38 5 1
346468 0 39 5 0
346469 0 39 5 0
346470 0 39 5 0
347439 0 40 5 3
188667 0 41 5 0
188669 0 41 5 0
188670 0 41 5 0
188671 0 41 5 0
346586 0 41 5 1
346587 0 41 5 1
346804 0 41 5 1
346807 0 41 5 1
346808 0 41 5 1
346194 0 42 5 1
346197 0 42 5 1
347836 0 42 5 1
347060 1 43 5 1
347063 1 43 5 1
347156 0 43 5 3
347791 0 43 5 1
347792 0 43 5 1
347842 0 43 5 1
347845 0 43 5 1
347848 0 43 5 1
346229 1 44 5 1
346230 1 44 5 1
346231 1 44 5 1
346211 0 45 5 3
345935 0 48 5 1
345937 0 48 5 1
345938 0 48 5 1
346084 0 48 5 1
346086 0 48 5 1
346087 0 48 5 1
347769 0 48 5 1
347773 0 48 5 1
347774 0 48 5 1
346359 1 49 5 3
346361 1 49 5 3
346558 0 49 5 1
346559 0 49 5 1
347433 0 49 5 1
347770 0 49 5 0
347771 0 49 5 0
347772 0 49 5 0
347773 0 49 5 0
347774 0 49 5 0
346768 0 50 5 1
346770 0 50 5 1
346771 0 50 5 1
347844 0 50 5 1
347846 0 50 5 1
345990 0 51 5 1
345994 0 51 5 1
346084 0 51 5 3
346086 0 51 5 3
346209 1 51 5 1
346212 1 51 5 1
346498 0 51 5 2
346705 0 51 5 1
346708 0 51 5 1
346709 0 51 5 1
346710 0 51 5 1
347667 0 51 5 1
347669 0 51 5 1
347670 0 51 5 1
346503 0 52 5 1
346506 0 52 5 1
346498 0 53 5 1
346500 0 53 5 1
346501 0 53 5 1
346644 0 53 5 1
347582 0 53 5 3
347583 0 53 5 3
347584 0 53 5 3
347798 1 53 5 1
346099 0 54 5 3
346101 0 54 5 3
346528 1 54 5 1
346530 1 54 5 1
347023 0 54 5 1
347025 0 54 5 1
347390 0 54 5 1
347392 0 54 5 1
346168 0 55 5 1
346641 0 55 5 3
347756 0 55 5 1
347760 0 55 5 1
347757 0 56 5 3
347758 0 56 5 3
347842 0 56 5 1
347843 0 56 5 1
347846 0 56 5 1
347847 0 56 5 1
346107 0 57 5 1
346110 0 57 5 1
346452 0 57 5 3
346453 0 57 5 3
346455 0 57 5 3
346506 0 57 5 1
346729 0 57 5 4
347441 0 57 5 3
347442 0 57 5 3
347443 0 57 5 3
346039 0 58 5 1
346043 0 58 5 1
346902 0 58 5 1
346787 0 59 5 0
346788 0 59 5 0
346990 0 59 5 4
347697 0 60 5 1
347699 0 60 5 1
347700 0 60 5 1
347121 0 61 5 1
347442 0 61 5 2
347443 0 61 5 2
346100 1 62 5 1
346102 1 62 5 1
346103 1 62 5 1
347441 0 62 5 1
347444 0 62 5 1
345952 0 63 5 1
345954 0 63 5 1
347021 0 63 5 3
347339 0 63 5 1
347341 0 63 5 1
347340 0 63 5 3
347341 0 63 5 3
347343 0 63 5 3
331461 0 64 5 3
346720 0 65 5 1
346721 0 65 5 1
106720 0 66 5 3
178618 0 66 5 3
346786 1 66 5 3
347316 0 67 5 1
347318 0 67 5 1
49554 0 68 5 2
339724 0 68 5 3
346945 0 68 5 1
346947 0 68 5 1
346948 0 68 5 1
346949 0 68 5 1
346640 1 69 5 1
347344 0 69 5 1
347347 0 69 5 1
250556 0 70 5 3
250557 0 70 5 3
346277 0 70 5 1
347106 0 70 5 1
347114 0 70 5 1
347959 0 70 5 1
347961 0 70 5 1
347962 0 70 5 1
346947 0 72 5 1
346948 0 72 5 1
311495 1 73 5 3
252546 0 74 5 2
252547 0 74 5 2
346945 0 74 5 3
346950 0 74 5 3
346542 0 75 5 1
346543 0 75 5 1
346544 0 75 5 1
446767 0 76 5 3
27151 0 78 5 3
346540 0 84 5 1
346543 0 84 5 1
346544 0 84 5 1
