109952 1 2 4 1
414589 1 3 3 3
344763 1 3 3 3
243140 1 3 3 3
243138 0 3 3 3
243139 0 3 3 3
344762 0 3 3 3
300201 1 4 3 2
334392 1 4 2 2
322788 1 4 2 3
291620 1 4 2 1
244403 1 4 2 1
244406 0 4 3 1
291619 0 4 3 1
291621 0 4 3 1
334391 0 4 3 2
538175 1 5 1 2
460981 1 5 1 1
538176 0 5 3 2
300199 1 6 3 2
244265 1 6 3 3
322794 1 6 2 3
291618 1 6 2 4
243139 1 6 2 3
116756 1 6 2 3
35008 1 6 2 1
292527 1 6 1 1
243138 0 6 3 3
243140 0 6 3 3
244263 0 6 3 3
244264 0 6 3 3
292529 0 6 3 1
292530 0 6 3 1
300198 0 6 3 2
244404 1 7 1 1
116881 1 7 1 1
244403 0 7 3 1
244405 0 7 3 1
35011 0 8 5 3
34334 1 8 3 1
548893 1 8 2 3
34335 0 8 3 1
35008 0 8 3 3
35010 0 8 3 3
548892 0 8 3 3
292525 1 9 3 1
292526 0 9 3 0
292527 0 9 3 0
292528 0 9 3 0
292524 0 9 5 1
291616 1 10 2 3
262390 1 10 2 3
262389 0 10 3 3
116126 1 11 3 1
290872 1 11 2 1
290874 0 11 3 1
290875 0 11 3 1
292530 1 12 3 3
292611 1 12 1 1
116127 1 12 3 1
116873 0 12 3 1
116874 0 12 3 1
292613 0 12 3 1
445379 1 13 1 3
292525 1 13 3 3
474606 1 14 2 3
292593 1 14 2 1
292882 1 14 1 4
292883 0 14 3 4
474605 0 14 3 3
474607 0 14 3 3
244189 1 15 4 1
291015 1 15 3 1
474616 1 15 2 3
292528 1 15 2 1
291014 0 15 3 1
292525 0 15 3 1
292527 0 15 3 1
292530 0 15 3 1
474615 0 15 3 3
292453 1 16 2 3
161323 1 16 2 3
116490 1 16 2 1
116491 0 16 3 1
244191 1 16 3 1
244192 1 16 3 1
292450 0 16 3 3
292589 1 17 3 1
116127 1 17 2 3
116125 0 17 3 3
117224 1 18 4 1
292504 0 18 5 1
161322 1 18 2 1
292526 1 18 1 1
161324 0 18 3 1
292525 0 18 3 1
292529 0 18 3 1
404008 1 19 2 3
291020 1 19 2 1
117225 1 19 3 1
117226 1 19 3 1
117227 1 19 3 1
404006 0 19 3 3
404007 0 19 3 3
291019 1 20 4 0
292284 1 20 3 1
160320 1 20 3 1
292505 1 20 2 1
35314 1 20 2 1
35315 0 20 3 1
292286 0 20 3 1
292529 1 21 3 3
292076 1 21 2 3
116941 1 21 1 1
116940 0 21 3 1
116944 0 21 3 1
160319 1 21 3 1
160321 1 21 3 1
291021 1 21 3 0
292262 1 22 3 1
117984 1 22 3 3
116323 1 22 2 3
116281 1 22 2 1
292527 1 22 3 3
378666 1 23 3 3
290478 1 23 3 1
292672 1 23 2 1
116485 1 23 2 1
161329 1 23 1 2
161325 0 23 3 2
161327 0 23 3 2
290477 0 23 3 1
292673 0 23 3 1
290749 1 24 3 1
293042 1 24 2 4
292869 1 24 2 1
291381 1 25 3 1
445350 1 25 2 2
293074 1 25 2 1
291555 1 25 2 1
117580 1 25 2 1
116944 1 25 2 3
292670 1 25 1 1
292517 1 25 1 1
116942 0 25 3 3
117582 0 25 3 1
117583 0 25 3 1
117584 0 25 3 1
291554 0 25 3 1
291556 0 25 3 1
292520 0 25 3 1
292674 0 25 3 1
292675 0 25 3 1
293073 0 25 3 1
293075 0 25 3 1
116851 0 26 8 0
290594 1 26 3 1
292683 1 26 2 4
292143 1 26 1 1
116853 1 26 1 1
116854 0 26 3 1
116855 0 26 3 1
291379 1 26 3 1
291383 1 26 3 1
292144 0 26 3 1
293054 0 26 3 1
293056 0 26 3 1
291679 1 27 3 1
290300 1 27 3 1
552852 1 27 2 3
292519 1 27 2 3
117585 1 27 2 3
117076 1 27 2 1
293055 1 27 1 1
116572 1 27 1 3
116570 0 27 3 3
116573 0 27 3 3
116850 1 27 3 0
117075 0 27 3 1
117077 0 27 3 1
117580 0 27 3 3
117584 0 27 3 3
290595 1 27 3 1
292520 0 27 3 3
290968 1 28 4 1
292270 1 28 3 3
291797 1 28 3 1
292733 1 28 2 1
290757 1 28 2 0
290479 1 28 1 3
116948 1 28 1 3
116946 0 28 3 3
290477 0 28 3 3
290478 0 28 3 3
290759 0 28 3 0
290761 0 28 3 0
291680 1 28 3 1
292268 0 28 3 3
290372 1 29 4 1
291178 1 29 3 4
117146 1 29 3 1
116923 1 29 3 1
291473 1 29 2 1
145681 1 29 2 3
290716 1 29 1 3
290392 1 29 1 1
116925 0 29 3 1
145679 0 29 3 3
290391 0 29 3 1
290394 0 29 3 1
291177 0 29 3 4
291474 0 29 3 1
291475 0 29 3 1
292519 0 29 3 1
293235 0 29 3 1
292736 1 30 3 3
292908 1 30 2 1
292649 1 30 2 1
116710 1 30 2 1
291707 1 30 1 1
291383 1 30 1 3
291274 1 30 1 1
116848 1 30 1 1
116714 0 30 3 1
290375 1 30 3 1
290377 1 30 3 1
291273 0 30 3 1
291276 0 30 3 1
291379 0 30 3 3
291380 0 30 3 3
291381 0 30 3 3
291382 0 30 3 3
291706 0 30 3 1
291708 0 30 3 1
292733 0 30 3 3
292734 0 30 3 3
292735 0 30 3 3
290612 1 31 4 1
292973 1 31 3 1
291802 1 31 3 3
117117 1 31 2 1
291922 1 31 1 1
116850 1 31 1 0
116854 0 31 3 0
117115 0 31 3 1
117116 0 31 3 1
117119 0 31 3 1
292650 1 31 3 1
292651 1 31 3 1
292902 0 31 3 1
292906 0 31 3 1
290299 1 32 4 1
291583 1 32 3 1
116328 1 32 3 1
291998 1 32 1 1
290516 1 32 1 2
116169 1 32 1 3
117455 1 33 3 1
115977 1 33 3 1
293070 1 33 2 2
290803 1 33 2 1
116690 1 33 2 1
115937 1 33 2 1
291454 1 33 1 1
290986 1 33 1 4
290509 1 33 1 1
117366 1 33 1 1
115978 0 33 3 1
116327 1 33 3 1
116691 0 33 3 1
116694 0 33 3 1
117363 0 33 3 1
117365 0 33 3 1
117423 0 33 3 1
290303 1 33 3 1
290304 1 33 3 1
290375 0 33 3 1
290377 0 33 3 1
290804 0 33 3 1
290805 0 33 3 1
291457 0 33 3 1
291487 1 34 3 4
291456 1 34 3 3
117118 1 34 3 3
290373 1 34 2 1
115910 1 34 2 1
292835 1 34 1 1
292788 1 34 1 1
292479 1 34 1 1
291604 1 34 1 1
118087 1 34 1 3
117117 0 34 3 3
117457 1 34 3 1
118083 0 34 3 3
291455 0 34 3 3
291603 0 34 3 1
292789 0 34 3 1
116326 0 35 8 0
292689 1 35 4 3
115911 1 35 4 2
293172 1 35 3 1
293188 1 35 2 1
293084 1 35 2 2
293067 1 35 2 3
117173 1 35 2 1
116406 1 35 2 3
116772 0 35 3 1
293066 0 35 3 3
293086 0 35 3 2
293189 0 35 3 1
293190 0 35 3 1
292769 1 36 3 1
291325 1 36 3 4
291026 1 36 3 1
117473 1 36 3 3
117365 1 36 3 1
487792 1 36 2 2
291981 1 36 2 2
291206 1 36 2 4
117116 1 36 2 1
115721 1 36 2 1
115736 1 36 1 1
115739 0 36 3 1
115741 0 36 3 1
115912 1 36 3 2
117117 0 36 3 1
117363 0 36 3 1
117366 0 36 3 1
291205 0 36 3 4
291983 0 36 3 2
292690 1 36 3 3
292772 0 36 3 1
180809 1 37 4 3
291646 1 37 3 1
117214 1 37 3 2
116773 1 37 3 3
291836 1 37 2 1
291776 1 37 2 1
290301 1 37 2 1
292001 1 37 1 3
116400 1 37 1 4
116000 1 37 1 1
115938 1 37 1 3
116003 0 37 3 1
116769 0 37 3 3
116771 0 37 3 3
117211 0 37 3 2
117213 0 37 3 2
290298 0 37 3 1
290302 0 37 3 1
290304 0 37 3 1
291775 0 37 3 1
291777 0 37 3 1
291834 0 37 3 1
362335 1 38 3 2
293175 1 38 3 3
117216 1 38 2 3
116316 1 38 2 1
116317 0 38 3 1
116318 0 38 3 1
292686 1 39 3 0
128956 1 39 3 3
116995 1 39 3 2
115737 1 39 3 1
109665 1 39 3 2
291199 1 39 2 2
115902 1 39 2 1
291937 1 39 1 1
115738 1 39 1 1
115741 0 39 3 1
116996 0 39 3 2
128955 0 39 3 3
291935 0 39 3 1
291938 0 39 3 1
117074 1 40 3 0
116577 1 40 3 1
116523 1 40 3 3
325320 1 40 2 3
292728 1 40 2 3
292543 1 40 2 1
290302 1 40 2 2
117370 1 40 2 1
115976 1 40 2 0
109661 1 40 3 2
109664 1 40 3 2
116522 0 40 3 3
116580 0 40 3 1
117076 0 40 3 0
117077 0 40 3 0
290300 0 40 3 2
290304 0 40 3 2
292544 0 40 3 1
292726 0 40 3 3
325319 0 40 3 3
523011 1 41 3 2
291526 1 41 3 1
117499 1 41 3 1
117160 1 41 3 1
116338 1 41 3 1
115613 1 41 3 1
117369 1 41 2 0
115720 1 41 1 1
115614 0 41 3 1
115616 0 41 3 1
116337 0 41 3 1
116339 0 41 3 1
116340 0 41 3 1
117130 1 42 4 1
290418 1 42 3 1
117371 1 42 2 2
117147 1 42 2 2
114182 1 42 2 1
291676 1 42 1 2
117148 0 42 3 2
117159 1 42 3 1
117161 1 42 3 1
117162 1 42 3 1
117497 1 42 3 1
117501 1 42 3 1
291675 0 42 3 2
238130 1 43 4 3
291069 1 43 3 2
35891 1 43 3 2
290477 1 43 2 1
117331 0 43 3 2
234595 1 43 1 2
117332 1 43 1 2
116983 1 43 1 1
116320 1 43 1 4
115758 1 43 1 1
115760 0 43 3 1
115762 0 43 3 1
116981 0 43 3 1
117132 0 43 3 1
117330 0 43 3 2
290419 1 43 3 1
290478 0 43 3 1
291070 0 43 3 2
291756 1 44 3 1
291527 1 44 3 2
117372 1 44 3 2
117002 1 44 3 4
523012 0 44 4 2
116563 1 44 2 1
116565 0 44 3 1
117369 0 44 3 2
238129 1 44 3 3
290655 0 44 3 4
291113 0 44 3 3
291529 0 44 3 2
291758 0 44 3 1
523015 1 45 3 2
292757 1 45 3 1
116982 1 45 3 1
115620 1 45 3 2
54487 1 45 3 2
452137 1 45 2 2
292544 1 45 2 3
290466 1 45 2 1
290292 1 45 2 2
114427 1 45 2 1
54488 0 45 3 2
114428 0 45 3 1
114429 0 45 3 1
114430 0 45 3 1
115621 0 45 3 2
116981 0 45 3 1
116984 0 45 3 1
116985 0 45 3 1
290468 0 45 3 1
292543 0 45 3 3
292758 0 45 3 1
452138 0 45 3 2
523014 0 45 3 2
115880 1 46 4 1
477172 1 46 3 3
291959 1 46 3 1
291452 1 46 3 3
291064 1 46 3 1
117046 1 46 3 1
117239 1 46 2 1
117238 0 46 3 1
291062 0 46 3 1
415440 1 47 3 3
115882 1 47 3 1
291960 1 47 3 1
291962 1 47 3 1
452138 1 48 3 2
116562 1 48 2 0
43238 1 48 1 3
116565 0 48 3 0
291537 1 49 2 1
155501 1 49 2 3
115633 0 49 3 3
115635 0 49 3 3
115636 0 49 3 3
291638 1 50 3 1
117153 1 50 2 1
291071 1 50 1 3
30109 1 50 1 4
291072 0 50 3 3
116257 1 51 3 3
116252 1 51 3 1
115621 1 51 3 2
521489 1 51 2 3
117570 1 51 2 1
115840 1 51 2 1
68694 1 51 2 3
116565 1 51 1 3
68691 0 51 3 3
68693 0 51 3 3
116256 0 51 3 3
116566 0 51 3 3
117573 0 51 3 1
117575 0 51 3 1
521486 0 51 3 3
263963 1 52 4 3
292299 1 52 3 1
30111 1 52 2 0
116251 1 52 3 1
116465 0 52 3 1
116466 0 52 3 1
292301 1 53 3 3
228415 1 53 3 3
117571 1 53 3 1
116801 1 53 3 1
116079 1 53 3 3
291072 1 53 2 3
117409 1 53 2 3
30112 1 53 2 1
116021 1 53 1 1
116023 0 53 3 1
116024 0 53 3 1
116802 0 53 3 1
228416 0 53 3 3
116509 1 54 3 3
274465 1 54 2 3
54685 1 54 2 3
116077 1 54 3 3
116465 0 54 3 1
116467 0 54 3 1
274464 0 54 3 3
292300 1 54 3 3
292302 1 55 3 3
207891 1 55 3 2
291023 1 55 1 1
148817 1 55 1 2
148816 0 55 3 2
291024 1 56 4 3
116418 1 56 3 1
293857 1 56 2 3
116796 1 56 2 0
116797 0 56 3 0
292811 1 57 3 0
291009 1 57 3 3
290948 1 57 3 1
362250 1 57 2 3
115820 1 57 2 1
115672 1 57 2 4
116997 1 57 1 1
116984 1 57 1 3
291025 1 57 3 3
293015 1 58 3 1
409294 1 58 2 3
292814 1 58 3 0
293013 0 58 3 1
293014 0 58 3 1
409288 0 58 3 3
409289 0 58 3 3
117422 1 59 3 3
116986 1 59 1 1
116988 0 59 3 1
190602 1 60 2 3
293013 0 61 5 3
290954 1 61 3 3
290490 1 61 3 3
290951 1 61 2 0
290486 1 61 2 1
115819 1 61 2 0
115821 0 61 3 0
290487 0 61 3 3
290491 0 61 3 3
290953 0 61 3 0
290952 0 61 3 3
190975 1 62 3 3
274497 1 62 2 1
259035 1 62 2 1
152280 1 62 2 3
373165 1 62 1 1
152279 0 62 3 3
259038 0 62 3 1
274498 0 62 3 1
293015 1 62 3 0
373168 0 62 4 1
116749 1 63 3 1
116988 1 63 2 1
293017 1 63 1 3
115995 1 63 1 0
115781 1 63 1 1
115780 0 63 3 1
115784 0 63 3 1
115996 0 63 3 0
116989 0 63 3 1
294262 1 64 4 2
170339 1 64 3 3
374221 1 64 2 3
170338 1 64 1 3
116748 1 64 3 1
170336 0 64 3 3
170335 0 64 3 3
259037 0 64 3 3
259038 0 64 3 3
134390 1 65 3 3
116990 1 65 2 3
190604 1 65 1 3
115837 1 65 1 4
116989 0 65 3 3
134389 0 65 3 3
190603 0 65 3 3
294263 1 65 3 2
209141 1 66 3 4
293052 1 66 1 3
290615 1 66 1 1
290617 0 66 3 1
290620 0 66 3 1
293049 0 66 3 3
170336 1 67 3 1
290619 1 67 2 3
170337 0 67 3 1
170339 0 67 3 1
290614 0 67 3 3
290616 0 67 3 3
290620 0 67 3 3
293051 1 68 2 3
275967 1 68 2 1
311882 1 68 1 3
291322 1 68 1 3
275968 0 68 3 1
275969 0 68 3 1
275970 0 68 3 1
290614 0 68 3 1
290620 0 68 3 1
209142 1 69 3 4
274915 1 69 2 1
274914 0 69 3 1
290610 0 69 3 1
290932 1 70 3 3
117407 1 71 4 1
423313 1 71 3 3
290677 1 72 3 3
311881 1 72 2 3
311879 1 72 2 4
293047 1 72 2 3
39471 1 72 2 3
311880 0 72 3 3
17840 1 73 3 3
39472 1 73 3 3
115866 1 74 3 1
116344 1 74 2 1
115865 0 74 3 1
115868 0 74 3 1
116345 0 74 3 1
116346 0 74 3 1
115869 1 76 3 1
115865 0 76 3 1
115867 0 76 3 1
115868 0 76 3 1
116345 1 77 2 2
18038 1 77 2 1
116344 0 77 3 2
115698 1 81 1 1
19188 1 82 1 1
18519 1 85 3 1
117133 1 85 2 1
18734 1 87 3 1
18475 1 88 1 1
18476 0 88 3 1
18477 0 88 3 1
18478 0 88 3 1
18735 1 88 3 1
18737 1 88 3 1
18738 1 88 3 1
19948 1 90 1 3
115956 1 96 2 1
115953 0 96 3 1
115957 0 96 3 1
18478 1 98 1 3
115950 0 99 3 1
116226 0 99 3 1
115954 1 100 1 1
115953 0 100 3 1
117442 1 101 3 2
115685 1 101 2 3
115956 0 101 3 2
115958 0 101 3 2
117440 1 102 3 2
115695 1 104 2 3
115694 0 104 3 3
115955 1 105 2 1
115958 0 105 3 1
116746 1 107 3 3
18673 1 107 3 1
116743 0 107 3 3
18671 1 108 3 1
18674 1 110 2 1
18673 0 110 3 1
18193 1 111 2 3
18194 0 111 3 3
117351 1 112 1 4
117350 0 112 3 4
18174 1 114 2 1
18518 1 116 2 1
18616 1 116 1 1
18519 0 116 3 1
18520 0 116 3 1
18521 0 116 3 1
18858 1 117 3 1
18857 0 117 3 1
18786 1 118 3 1
17924 1 118 2 1
18176 1 119 2 3
18174 0 119 3 3
17192 1 121 3 3
559564 1 122 2 3
559565 0 122 3 3
19869 1 124 3 1
18697 1 125 3 3
18255 1 125 3 1
18254 0 125 3 1
18138 0 126 3 1
19878 1 127 2 1
15362 1 128 4 1
19870 1 129 4 3
19388 1 129 4 1
19764 1 129 2 1
15363 1 129 3 1
15364 1 129 3 1
18045 1 130 2 1
19387 1 130 3 1
19390 1 130 3 1
19765 1 130 3 1
19871 1 130 3 3
19425 1 131 3 1
17944 1 131 1 1
17941 0 131 3 1
17942 0 131 3 1
17945 0 131 3 1
17947 0 131 3 1
19426 0 131 3 1
18342 1 133 3 1
19138 1 133 1 1
17880 1 133 1 1
17879 0 133 3 1
17882 0 133 3 1
17878 1 134 3 1
18879 1 134 2 1
18880 0 134 3 1
19921 1 135 4 1
18341 1 136 3 1
19922 1 136 3 1
19923 1 136 3 1
19927 1 138 3 2
17881 1 138 3 3
18880 1 138 2 1
18632 1 138 2 4
18376 1 138 1 1
17878 0 138 3 3
17882 0 138 3 3
18379 0 138 3 1
18380 0 138 3 1
18878 0 138 3 1
19216 1 140 3 1
18365 1 140 1 1
18366 0 140 3 1
18367 0 140 3 1
18895 0 140 3 1
18896 0 140 3 1
19217 0 140 3 1
20084 1 141 2 4
18676 1 141 2 1
18326 1 141 1 3
18517 0 141 3 1
18680 0 141 3 1
18681 0 141 3 1
20085 0 141 3 4
77656 0 141 3 3
75914 1 142 2 3
18003 0 142 3 1
75913 0 142 3 3
18706 1 143 3 1
18678 1 143 2 1
18516 1 143 1 3
18004 1 143 0 1
18514 0 143 3 3
18517 0 143 3 3
18676 0 143 3 1
18681 0 143 3 1
170227 0 144 24 3
17975 1 144 3 1
17976 0 144 3 1
17977 0 144 3 1
19588 1 145 3 0
18301 1 145 3 3
19718 1 145 2 1
19334 1 145 2 1
18299 0 145 3 3
18300 0 145 3 3
19589 0 145 3 0
19716 0 145 3 1
19717 0 145 3 1
18276 1 146 4 1
18329 1 146 3 1
19592 1 146 2 3
19383 1 146 2 1
17910 1 146 2 1
17775 1 146 2 1
17913 0 146 3 1
17914 0 146 3 1
19590 0 146 3 3
18558 1 147 2 1
18424 1 147 2 1
17883 1 147 2 1
18272 1 147 3 1
18277 1 147 3 1
18311 1 148 4 1
17802 1 148 4 1
19857 1 148 2 1
18229 1 148 2 1
19856 0 148 3 1
19858 0 148 3 1
19860 0 148 3 1
19345 1 149 3 1
19339 1 149 3 3
18738 1 149 3 3
18023 1 149 3 1
19589 1 149 2 0
17804 1 149 3 1
18012 0 149 5 1
18015 0 149 3 1
18025 0 149 3 1
19334 0 149 3 3
19336 0 149 3 3
19337 0 149 3 3
19592 0 149 3 0
19593 0 149 3 0
17914 1 150 4 3
17884 1 150 3 3
18382 1 150 2 1
17776 1 150 2 1
20002 1 150 1 1
17778 0 150 3 1
17779 0 150 3 1
17780 0 150 3 1
18015 1 150 3 0
18384 0 150 3 1
18735 1 150 3 3
19346 1 150 3 1
18130 1 151 3 2
18583 1 151 1 1
17911 1 151 3 3
17912 1 151 3 3
17913 1 151 3 3
18584 0 151 3 1
18230 1 152 3 3
194471 1 152 2 1
18229 0 152 3 3
19654 1 153 3 1
19217 1 153 3 1
18313 1 153 3 3
17804 1 153 3 3
17801 0 153 3 3
18311 0 153 3 3
18999 1 154 2 1
19002 0 154 3 1
18074 1 155 3 0
19488 1 155 2 1
18633 1 155 2 0
18016 1 155 2 3
18015 0 155 3 3
18077 0 155 3 0
18635 0 155 3 0
19486 0 155 3 1
19487 0 155 3 1
19489 0 155 3 1
20016 1 156 2 1
18537 1 156 2 1
18539 0 156 3 1
20019 1 157 3 3
18538 1 157 2 1
18506 1 157 2 1
18505 0 157 3 1
20015 0 157 3 3
240550 1 158 3 2
18993 1 158 3 1
18672 1 159 3 1
127667 1 159 2 3
18862 1 159 2 3
17838 1 159 2 1
91441 1 159 1 2
17839 0 159 3 1
17840 0 159 3 1
18674 0 159 3 1
18675 0 159 3 1
91443 0 159 3 2
19928 1 160 3 3
19927 0 160 3 3
19244 1 161 2 1
19045 1 161 2 3
18075 1 161 2 1
17899 1 162 4 1
18078 1 162 3 1
19243 1 163 3 0
193681 1 163 2 1
186841 1 163 2 3
19095 1 163 2 1
19096 0 163 3 1
193680 0 163 3 1
193683 0 163 3 1
193684 0 163 3 1
19615 1 166 2 1
18188 1 166 2 2
19618 0 166 3 1
19823 1 168 4 3
19829 1 168 3 1
19830 0 168 3 1
19831 0 168 3 1
193515 1 169 2 1
19821 1 169 3 3
19824 1 169 3 3
193514 0 169 3 1
193220 1 170 2 1
193221 0 170 3 1
193236 1 171 2 1
18186 0 171 3 3
18187 0 171 3 3
18189 0 171 3 3
193237 0 171 3 1
19240 1 172 3 2
194620 1 172 2 4
103670 1 172 2 3
103667 0 172 3 3
118688 1 173 4 4
194674 1 173 2 3
19241 1 173 3 2
194357 1 174 3 1
19828 0 174 3 3
19829 0 174 3 3
19831 0 174 3 3
194356 0 174 3 1
194359 0 174 3 1
194672 1 174 3 3
193231 1 175 2 1
19235 0 175 3 3
193230 0 175 3 1
194043 1 176 2 3
194041 0 176 3 3
193217 1 178 3 0
18540 1 178 2 1
18541 0 178 3 1
18543 0 178 3 1
194177 0 179 3 1
194025 1 181 3 1
199358 1 181 1 3
193665 1 182 2 1
18534 1 182 2 3
550707 1 182 1 3
193802 1 182 1 1
193667 0 182 3 1
193804 0 182 3 1
194632 1 183 3 1
332932 1 183 2 3
199359 1 183 2 3
332931 0 183 3 3
194024 1 184 2 1
194030 0 184 3 1
194451 0 184 3 1
194454 0 184 3 1
199356 1 184 3 3
199358 1 184 3 3
193709 1 185 3 1
193661 1 185 3 4
194453 1 185 0 1
194021 1 186 2 1
194022 0 186 3 1
194027 0 186 3 3
194030 0 186 3 3
194164 1 187 2 1
194028 0 187 3 1
194166 0 187 3 1
194329 1 188 2 1
193895 1 188 2 1
153320 1 189 3 2
551166 1 190 3 3
194490 1 190 3 1
193896 1 190 3 1
193725 1 190 3 1
193759 1 190 2 1
487612 0 190 3 3
194573 1 191 2 1
193726 1 191 3 1
193758 1 191 3 1
193762 1 191 3 1
193959 1 192 2 1
193958 0 192 3 1
194572 1 193 4 1
194411 1 193 3 1
22934 1 193 2 3
193304 0 193 3 1
194362 0 193 3 3
194366 0 193 3 1
194369 0 193 3 1
194370 0 193 3 1
355943 1 194 2 3
194573 1 194 3 1
194718 1 195 3 1
133095 1 195 2 3
194493 1 195 1 3
193310 1 195 1 1
193313 0 195 3 1
194111 1 196 2 1
194719 1 196 3 1
194721 1 196 3 1
8103 1 197 3 3
193906 1 197 2 2
193298 1 198 3 1
194368 1 198 2 1
194366 1 198 2 1
193299 0 198 3 1
193300 0 198 3 1
194369 0 198 3 1
392790 1 199 2 3
194161 1 199 1 1
194160 0 199 3 1
392786 0 199 3 3
193998 1 200 3 1
193500 1 200 2 3
193375 1 200 2 1
193496 0 200 3 3
193499 0 200 3 3
193999 0 200 3 1
194485 1 201 3 1
194169 1 201 3 1
194458 1 201 2 1
193239 1 201 2 1
193376 1 201 3 1
194170 0 201 3 1
193465 0 202 13 4
193693 1 202 3 3
193917 1 202 2 3
193240 1 202 3 1
193353 0 202 3 1
194064 1 203 3 1
193992 1 204 2 1
300568 1 204 1 3
193847 1 204 0 1
193995 0 204 3 1
193287 1 205 2 1
193265 1 205 2 1
194372 1 205 1 1
193254 1 205 1 0
193256 0 205 3 0
193257 0 205 3 0
194373 0 205 3 1
193849 1 206 3 3
193993 1 207 3 1
193747 1 207 3 4
193590 1 207 3 3
193410 1 207 3 3
193348 1 207 3 4
194643 1 207 1 3
193407 0 207 3 3
193748 0 207 3 4
193846 1 207 3 3
194639 0 207 3 3
374974 1 208 2 3
476968 1 209 4 3
193253 1 209 3 3
194525 1 209 2 3
193812 1 209 2 1
193252 1 209 2 3
193251 0 209 3 3
193813 0 209 3 1
193437 1 210 3 1
193438 0 210 3 1
194523 1 210 3 3
476967 1 210 3 3
193653 0 211 9 1
194605 1 211 3 1
194276 1 211 3 1
374051 1 211 2 1
194447 1 211 2 1
194275 0 211 4 3
193644 1 211 2 3
193812 0 211 3 1
194448 0 211 3 1
194376 1 212 4 3
194277 1 212 3 3
194566 1 212 1 3
194563 0 212 3 3
194565 0 212 3 3
194606 1 212 3 1
374054 1 212 3 1
374055 1 212 3 1
374052 1 213 3 1
203984 1 213 3 3
194713 1 213 2 2
193811 1 213 2 1
193385 1 213 2 1
193384 0 213 3 1
193386 0 213 3 1
193812 0 213 3 1
194373 1 213 4 3
374053 0 213 3 1
374054 0 213 3 1
193557 1 214 3 3
194524 1 214 2 3
194186 1 214 2 1
193556 0 214 3 3
374051 0 214 3 1
374054 0 215 3 1
374055 0 215 3 1
375053 1 216 3 3
194236 1 216 2 4
193645 1 217 2 3
193299 1 217 2 1
193298 0 217 3 1
193300 0 217 3 1
375051 1 217 3 3
375052 1 217 3 3
363975 1 218 2 3
374188 1 218 1 1
374187 0 218 3 1
374190 0 218 3 1
193940 1 220 4 1
194607 1 220 2 3
194303 1 220 2 1
193758 1 220 1 1
193762 0 220 3 1
194305 0 220 3 1
194304 1 221 3 3
193942 1 221 3 1
404031 1 222 1 3
367741 0 222 3 1
191844 0 224 13 3
191840 1 225 3 3
194403 1 226 2 3
368550 1 226 1 1
194654 1 226 1 3
194652 0 226 3 3
368548 0 226 3 1
368781 1 227 3 1
367909 1 228 4 1
172846 1 228 2 3
172844 0 228 3 3
368354 0 229 4 1
194347 1 229 3 3
194345 0 229 3 3
367910 1 229 3 1
367913 1 229 3 1
368760 1 230 4 1
368351 1 230 3 1
367583 1 230 3 1
368950 1 230 2 1
368350 0 230 3 1
368353 0 230 3 1
368350 1 230 3 1
368355 1 230 3 1
368356 1 230 3 1
368352 1 231 3 1
367587 1 231 3 1
368762 1 231 3 1
368784 1 232 3 3
367584 1 232 3 1
367365 1 232 3 1
367911 1 232 1 1
367368 0 232 3 1
367369 0 232 3 1
367585 0 232 3 1
367908 0 232 3 1
368355 1 232 3 1
368350 0 232 3 1
368355 0 232 3 1
368356 0 232 3 1
369021 1 233 2 1
368535 1 233 2 1
368353 0 233 3 1
368761 1 234 3 3
368757 1 234 3 1
368266 1 234 3 1
368268 1 234 2 1
368758 0 234 3 1
368259 1 235 3 1
369020 1 235 2 3
369018 1 235 2 1
368257 0 235 3 1
368260 0 235 3 1
368261 0 235 3 1
368267 1 235 3 1
368759 1 235 3 3
368762 1 235 3 3
369019 0 235 3 1
367124 1 236 4 0
193034 1 236 3 1
367677 1 236 1 0
193035 0 236 3 1
368268 0 236 3 1
368783 1 237 3 1
368778 1 237 2 3
368758 1 237 2 3
194346 1 237 2 3
194342 0 237 3 3
194343 0 237 3 3
194345 0 237 3 3
367126 1 237 3 0
368785 0 237 3 1
367547 1 238 3 1
282770 1 238 3 2
368716 1 238 2 1
368284 1 238 2 1
367472 1 238 2 3
191848 1 238 2 1
192720 1 238 1 4
192719 0 238 3 4
368720 0 238 3 1
235620 1 239 3 3
367401 1 239 2 4
282768 1 239 3 2
282771 1 239 3 2
282772 1 239 3 2
368717 1 240 4 1
367148 1 240 3 1
135127 1 240 3 3
368920 1 240 2 1
368501 1 240 2 1
193036 1 240 2 0
544620 1 240 1 3
192502 1 240 1 1
135124 0 240 3 3
135126 0 240 3 3
192505 0 240 3 1
193038 0 240 4 0
367124 0 240 3 2
367126 0 240 3 2
367149 0 240 3 1
367151 0 240 3 1
367153 0 240 3 1
368286 1 241 3 3
367971 1 241 2 1
193764 1 241 2 4
192730 1 241 1 1
367972 0 241 3 1
367973 0 241 3 1
368283 0 241 3 3
368500 1 241 3 1
368503 1 241 3 1
368716 1 241 3 1
368719 1 241 3 1
368921 1 241 3 1
368922 1 241 3 1
192122 1 242 3 2
192954 1 242 2 4
515374 1 243 3 4
389077 1 243 3 3
367666 1 243 3 3
367149 1 243 3 1
517130 1 243 2 3
367481 1 243 2 1
192503 1 243 2 1
368698 1 243 1 1
192502 0 243 3 1
192505 0 243 3 1
367148 0 243 3 1
367662 0 243 3 3
367663 0 243 3 3
367664 0 243 3 3
367665 0 243 3 3
368701 0 243 3 1
389078 0 243 3 3
515372 0 243 3 4
367151 1 244 3 2
367184 1 244 2 1
287643 1 244 2 3
287641 0 244 3 3
287642 0 244 3 3
287644 0 244 3 3
308693 0 244 3 3
367815 1 245 3 1
193039 1 245 3 3
368098 1 245 2 3
367658 1 245 2 0
126883 1 245 2 2
193037 0 245 3 3
367150 1 245 3 2
367661 0 245 3 0
368625 1 246 4 1
368898 1 246 3 1
367639 1 246 2 1
367545 1 246 2 1
193162 1 246 1 1
367546 0 246 3 1
367638 0 246 3 1
367640 0 246 3 1
367817 1 246 3 1
368897 0 246 3 1
444666 1 247 2 2
368975 1 247 2 1
368380 1 247 2 1
420891 1 247 1 3
368378 0 247 3 1
368381 0 247 3 1
368624 1 247 3 1
368896 0 247 3 1
368059 1 248 3 1
368974 1 249 3 1
367175 1 249 2 1
367174 0 249 3 1
368060 1 249 3 1
368897 0 249 3 1
529483 1 250 3 3
368466 1 250 3 1
368378 1 250 3 1
367836 1 250 3 1
368265 1 250 2 3
368085 1 250 2 3
367580 1 250 2 1
285545 1 250 2 3
367638 1 250 1 1
367362 1 250 1 3
367360 0 250 3 3
367639 0 250 3 1
368264 0 250 4 3
368381 0 250 3 1
368467 0 250 4 1
368825 0 250 3 1
368976 1 250 3 1
529481 0 250 3 3
368014 1 251 3 1
367664 1 251 3 2
367315 1 251 2 1
420890 1 251 1 3
367666 0 251 3 2
368013 0 251 3 1
420891 0 251 3 3
329086 1 252 2 3
285279 1 252 2 1
367538 1 252 1 4
367317 1 252 3 1
367319 1 252 3 1
367496 0 252 3 1
367497 0 252 3 1
529296 1 253 3 3
100594 1 253 3 3
368982 1 253 2 1
368851 1 253 2 1
192638 1 253 1 3
368849 0 253 3 1
368852 0 253 3 1
368853 0 253 3 1
529295 0 253 3 3
192561 1 254 2 4
368849 0 254 3 3
329085 1 255 4 1
368859 1 255 3 1
285281 1 255 3 3
367494 1 255 2 1
285278 0 255 3 3
368860 0 255 3 1
367486 1 256 3 2
463728 1 256 2 3
367350 1 256 2 1
285509 1 256 2 1
285242 1 256 2 1
285241 0 256 3 1
285244 0 256 3 1
285510 0 256 3 1
285511 0 256 4 1
329087 1 256 3 1
367497 1 256 3 1
329220 1 257 1 1
285508 0 257 3 2
329083 0 257 3 3
329084 0 257 3 3
329221 0 257 3 1
368383 0 258 4 3
367502 1 258 3 1
286161 1 258 3 1
56889 1 258 3 3
285880 1 258 2 1
285052 1 258 2 1
286160 1 258 1 1
56888 0 258 3 3
285053 0 258 4 1
285877 0 258 3 1
285878 0 258 3 1
285882 0 258 3 1
286159 0 258 3 1
286163 0 258 3 1
367503 0 258 3 1
368863 1 259 3 1
368699 1 259 2 1
329313 1 259 2 1
328615 1 259 2 1
284998 1 259 2 1
56647 1 259 2 3
376497 1 259 1 4
368922 1 259 1 3
56644 0 259 3 3
368385 0 259 3 3
368387 0 259 3 3
368862 0 259 3 1
368867 0 259 3 1
368920 0 259 3 3
376495 0 259 3 4
285404 1 260 4 1
329106 1 260 3 3
329083 1 260 3 0
328940 1 260 3 1
285901 1 260 3 3
284694 1 260 3 2
367492 1 260 2 3
368386 1 260 1 3
285244 1 260 1 3
284758 1 260 1 1
192644 0 260 3 1
284759 0 260 3 1
284760 0 260 3 1
284761 0 260 3 1
285243 0 260 3 3
328941 0 260 3 1
328942 0 260 3 1
329084 0 260 3 0
329085 0 260 3 0
329086 0 260 3 0
329107 0 260 3 3
368700 1 260 3 1
305200 1 261 3 2
285471 1 261 3 1
285290 1 261 3 1
192592 1 261 3 3
286167 1 261 2 3
285953 1 261 2 1
285403 1 261 3 1
285405 1 261 3 1
285954 0 261 3 1
285955 0 261 3 1
286164 0 261 3 3
286166 0 261 3 3
286168 0 261 3 3
305199 0 261 3 2
286087 1 262 3 3
54641 1 262 3 3
367176 1 262 2 1
285896 1 262 2 0
54642 0 262 3 3
121135 0 262 3 3
285470 1 262 3 1
285472 1 262 3 1
367264 1 263 2 1
192572 1 263 2 1
156704 1 263 2 3
192573 0 263 3 1
192576 0 263 3 1
285898 1 263 3 0
285899 1 263 3 0
368559 1 264 3 1
285405 1 264 3 3
285295 1 264 3 4
285180 1 264 3 3
368508 1 264 2 4
285884 1 264 2 4
284697 1 264 2 3
192624 1 264 2 0
129163 1 264 2 3
285671 1 264 1 4
285175 0 264 3 3
285176 0 264 3 3
285296 0 264 3 4
368507 0 264 3 4
368712 1 265 3 1
277650 1 265 3 3
493233 1 265 2 3
368770 1 265 2 1
285062 1 265 2 0
284777 1 265 2 1
206217 1 265 2 3
284756 1 265 1 0
192572 0 265 3 3
192574 0 265 3 3
206216 0 265 3 3
284759 0 265 3 0
284760 0 265 3 0
284761 0 265 3 0
285063 0 265 3 0
367954 0 265 3 3
368711 0 265 3 1
368773 0 265 3 1
285177 1 266 3 2
193085 1 266 2 1
422205 1 266 1 3
193084 0 266 3 1
193088 0 266 3 1
285175 0 266 3 2
285296 1 267 3 4
284778 1 267 3 1
192575 1 267 3 3
284901 1 267 2 3
129164 1 267 2 3
284777 0 267 3 1
284779 0 267 3 1
284780 0 267 3 1
368772 1 268 3 3
368673 1 268 3 1
539026 1 268 2 3
367550 1 268 2 1
285377 1 268 2 4
368986 1 268 1 1
368773 0 268 3 3
285213 1 269 2 1
196258 1 269 2 2
196259 0 269 3 2
196260 0 269 3 2
286149 0 269 3 2
368676 1 269 3 1
368662 1 270 3 3
367551 1 270 3 3
342745 1 270 3 3
286156 1 270 2 3
285970 0 270 3 1
342742 0 270 3 3
342743 0 270 3 3
368957 1 271 3 1
286053 1 271 2 1
286054 0 271 3 1
368960 0 271 3 1
286149 1 272 3 2
286144 1 272 1 3
285674 1 272 1 4
286142 0 272 3 3
285970 1 273 3 3
279103 1 273 3 3
279683 1 273 2 3
279682 0 273 3 3
279684 0 273 3 3
285686 1 274 2 3
284683 1 274 2 0
84065 1 274 2 2
368860 1 275 2 3
285968 1 275 2 1
285039 1 275 2 1
101660 1 275 2 4
33210 1 275 2 3
173774 1 275 1 3
173775 0 275 3 3
285037 0 275 3 1
285040 0 275 3 1
284790 1 276 3 0
285969 1 276 3 1
285970 1 276 3 1
368182 1 277 3 0
285853 1 277 3 1
492138 1 277 2 3
364658 1 277 2 3
364659 0 277 3 3
492136 0 277 3 3
492139 0 277 3 3
474591 1 278 3 3
368667 1 278 3 1
285038 1 278 3 1
285039 0 278 3 1
285852 1 278 3 1
285854 1 278 3 1
285856 1 278 3 1
285041 1 279 2 3
100263 1 279 2 3
48899 1 279 2 4
48898 0 279 3 4
285039 0 279 3 3
285040 0 279 3 3
368666 1 279 3 1
368668 1 279 3 1
474590 1 279 3 3
368192 1 280 3 1
367476 1 280 3 0
101785 1 280 1 3
368191 0 280 3 1
90343 1 281 3 3
279162 1 281 2 2
107735 1 281 2 2
284945 1 281 1 1
107734 0 281 3 2
285040 1 282 3 3
491066 1 282 1 4
285041 0 282 3 3
386091 1 283 3 2
279150 1 283 3 2
418223 1 283 2 3
279795 1 283 2 3
284961 1 283 1 1
279149 0 283 3 2
279151 0 283 3 2
284962 0 283 3 1
284964 0 283 3 1
418222 0 283 3 3
266298 1 284 3 2
536815 1 284 2 2
279794 1 284 3 3
285510 1 285 2 1
418222 0 286 13 3
507152 1 286 3 0
477418 1 286 1 3
507153 0 286 3 0
507154 0 286 3 0
452447 1 287 2 3
325138 1 287 2 3
298942 1 287 2 3
285809 1 287 2 3
325137 0 287 3 3
418220 1 287 3 3
285512 1 288 3 3
259879 1 288 2 3
285510 0 288 3 3
285511 0 288 3 3
286234 1 289 4 3
259875 1 289 3 3
286235 1 290 4 3
113009 1 290 3 3
507154 1 290 2 3
507268 1 290 1 3
101782 1 290 1 3
286233 1 290 3 3
507155 0 290 3 3
285100 1 291 3 1
259878 1 291 2 3
285101 0 291 3 1
285998 1 292 3 2
285439 1 292 3 3
285996 0 292 3 2
134349 1 293 1 3
286080 1 294 2 1
113006 1 294 2 1
113010 0 294 5 1
113008 1 296 2 1
285854 1 296 1 1
113006 0 296 3 1
113007 0 296 5 1
285861 0 298 3 0
285862 0 298 3 0
285859 1 299 2 0
113010 1 299 2 3
113006 0 299 3 3
100067 1 301 3 1
324142 1 301 1 4
286082 1 302 0 1
99385 1 307 4 1
101108 0 309 3 1
99631 1 310 3 1
162763 1 310 2 3
148091 0 310 3 3
99388 1 311 3 3
148093 1 311 2 3
99387 0 311 3 3
100109 0 311 3 1
100110 0 311 3 1
99635 1 312 3 0
101108 1 312 1 1
99639 0 312 3 0
101109 0 312 3 1
101111 0 312 3 1
100789 1 313 3 1
101053 1 313 1 1
100791 0 313 3 1
101055 0 313 3 1
100722 1 314 2 3
100354 1 316 1 1
100356 0 316 3 1
101709 1 317 2 1
100587 1 318 3 1
100653 1 318 2 1
100654 0 318 3 1
101626 1 320 2 1
101627 0 320 3 1
101628 0 320 3 1
101525 1 321 3 1
99681 1 322 3 1
99690 1 322 1 1
99689 0 322 3 1
99691 0 322 3 1
99462 1 323 3 3
99680 1 323 3 1
99684 1 323 3 1
101517 1 324 3 1
101293 1 324 3 1
101269 1 324 3 1
101223 1 324 3 1
101711 1 324 2 3
101125 1 324 2 1
99785 1 324 2 1
100906 1 324 1 1
99457 1 324 1 1
99458 1 324 3 3
99461 1 324 3 3
99692 0 324 3 1
99694 0 324 3 1
100907 0 324 3 1
101225 0 324 3 1
101270 0 324 3 1
101296 0 324 3 1
101626 0 324 3 3
101627 0 324 3 3
100355 1 325 3 1
100066 1 325 2 3
100396 1 325 1 4
99786 1 325 3 1
100065 0 325 3 3
100397 0 325 3 4
101129 1 326 3 3
366694 1 326 2 3
100908 0 326 3 3
101126 0 326 3 3
101130 1 327 3 0
100938 1 327 3 1
99790 1 327 3 2
99667 1 327 3 1
497726 1 327 2 3
101296 1 327 2 3
99458 1 327 2 1
99457 0 327 3 1
99462 0 327 3 1
497727 0 327 3 3
99365 1 328 3 1
101183 1 328 2 1
100397 1 328 2 4
100393 1 328 2 1
100122 1 328 2 1
99660 1 328 2 1
99583 1 328 2 2
99659 0 328 3 1
101184 0 328 3 1
101294 1 328 3 3
101032 1 329 3 1
101764 1 329 1 1
101447 1 329 1 1
101285 1 329 1 3
100376 1 329 1 1
100392 1 329 3 1
101284 0 329 3 3
101449 0 329 3 1
101450 0 329 3 1
101765 0 329 3 1
101766 0 329 3 1
439680 1 331 2 3
439679 0 331 3 3
99932 0 332 18 4
100163 1 332 4 3
101613 1 332 3 1
101131 1 332 3 2
99846 1 332 3 0
559955 1 332 2 2
100390 1 332 1 0
99922 1 332 1 1
99853 1 332 1 3
99852 0 332 3 3
101586 0 332 3 1
101589 0 332 3 1
101614 0 332 3 1
99442 1 333 3 1
100541 1 333 2 4
100377 1 333 2 1
100162 1 333 3 3
100375 0 333 3 1
100376 0 333 3 1
100540 0 333 3 4
101130 1 333 3 2
100332 1 334 4 3
99492 0 334 5 1
101258 1 334 2 1
99821 1 334 2 4
101410 1 334 1 4
101259 0 334 3 1
101260 0 334 3 1
100108 1 335 3 1
101157 1 335 1 0
98555 1 335 1 3
99491 1 335 3 1
99495 1 335 3 1
100106 0 335 3 1
100107 0 335 3 1
100619 0 335 3 1
101160 0 335 3 0
100701 1 336 4 1
100838 1 336 2 3
100378 1 336 2 2
100290 1 336 2 1
99493 1 336 2 1
101612 1 336 1 2
100170 1 336 1 1
100169 0 336 3 1
100375 0 336 3 2
100377 0 336 3 2
100379 0 336 3 2
101489 1 337 2 1
101490 0 337 3 1
101491 0 337 3 1
101257 1 338 3 1
100837 1 338 2 1
100838 0 338 3 1
100839 0 338 3 1
99511 1 339 4 1
99996 1 339 1 4
100489 1 340 3 1
100372 1 340 3 1
511555 1 340 2 3
101366 1 340 1 1
99512 1 340 3 1
100290 0 340 3 3
100487 0 340 3 1
100490 0 340 3 1
511554 0 340 3 3
101114 1 341 1 1
100293 0 341 4 1
100297 0 341 3 1
100299 0 341 3 1
101113 0 341 3 1
100296 0 342 3 0
100297 0 342 3 0
101050 1 343 3 3
100279 1 343 3 3
100143 1 343 1 1
101049 0 343 3 3
101113 1 344 3 1
99928 1 344 3 1
3908 1 344 3 3
334962 1 344 1 2
101114 0 344 3 1
101116 0 344 3 1
100371 1 346 1 0
100373 0 346 3 0
327315 0 346 3 3
101115 1 348 2 3
99813 1 348 2 1
100488 1 349 2 1
100456 1 349 2 1
100461 0 349 3 1
100462 0 349 3 1
100489 0 349 3 1
100492 0 349 3 1
101833 1 351 1 1
100300 0 351 3 1
100302 0 351 3 1
100303 0 351 3 1
100458 1 352 1 1
100456 0 352 3 1
100457 0 352 3 1
100461 0 352 3 1
51236 1 353 2 3
51235 0 353 3 3
547252 1 354 2 1
101685 1 354 2 3
101682 0 354 3 3
547251 0 354 3 1
547253 0 354 3 1
547254 0 354 3 1
100832 1 355 2 1
99433 1 355 2 3
100834 0 355 3 1
51237 1 356 3 3
189764 1 356 1 3
51235 0 356 3 3
546607 1 357 3 1
546507 1 357 3 1
100523 1 357 2 1
100166 1 357 2 3
548003 1 357 1 1
100164 0 357 3 3
100165 0 357 3 3
100167 0 357 3 3
100522 0 357 3 1
101209 1 358 3 1
100681 1 358 3 1
100662 1 358 3 4
100680 0 358 3 1
546506 1 358 3 1
546508 1 358 3 1
546509 1 358 3 1
546608 1 358 3 1
234832 1 359 4 3
190335 1 359 0 3
101211 1 359 3 1
546606 1 360 3 1
100808 1 360 2 1
547562 1 360 1 1
100807 0 360 3 1
100809 0 360 3 1
546609 0 360 3 1
547564 0 360 3 1
100522 1 361 3 1
101119 1 361 2 2
99899 1 361 2 1
100167 1 361 1 3
99898 0 361 3 1
99901 0 361 3 1
100430 1 362 2 3
99909 1 362 2 3
99894 1 362 2 1
120024 1 362 1 2
100524 1 362 3 1
120023 0 362 3 2
99979 0 363 3 1
101324 1 363 3 3
