220831 1 4 2 3
179002 1 4 2 3
66332 1 4 2 3
66328 0 4 3 3
66329 0 4 3 3
274674 0 4 3 1
360624 1 5 1 2
274671 1 5 1 1
179918 1 5 1 3
282805 0 5 3 3
282806 0 5 3 3
360623 0 5 3 2
226454 1 6 2 3
282808 1 6 0 3
226449 0 6 3 3
226451 0 6 3 3
420749 1 7 3 1
274675 1 7 3 3
420416 1 7 2 3
115777 0 7 3 1
115778 0 7 3 1
420414 0 7 3 3
420750 0 7 3 1
448230 1 8 1 3
448228 0 8 3 3
448237 1 11 3 3
117268 1 11 2 3
215368 1 11 1 3
117269 0 11 3 3
448236 0 11 3 3
399413 1 12 3 2
419296 1 12 2 1
216145 0 12 3 1
419298 0 12 3 1
216059 1 13 2 1
116011 1 13 2 3
216062 0 13 3 1
419964 1 14 2 1
216060 1 14 2 1
215799 0 15 13 4
215798 1 16 3 4
419941 0 16 3 1
419943 0 16 3 1
419964 0 16 3 1
419968 0 16 3 1
419939 1 17 2 1
117524 1 17 2 1
419966 1 17 1 1
214714 1 18 3 2
216062 1 18 2 3
215672 1 18 2 1
419965 1 18 1 1
216021 1 18 1 1
215089 1 18 1 1
215670 0 18 3 1
216023 0 18 3 1
216025 0 18 3 1
216059 0 18 3 3
216060 0 18 3 3
419963 0 18 3 1
419543 1 19 3 2
215817 1 19 3 1
215991 1 19 2 1
419544 0 19 3 2
419545 0 19 3 2
419448 0 20 8 0
507013 1 20 2 2
419141 1 20 2 1
216153 1 20 2 1
214915 1 20 2 1
216150 0 20 3 1
419560 0 20 3 3
507014 1 21 3 2
215671 1 21 3 1
92281 1 21 3 3
419563 1 21 2 3
419133 1 21 2 0
216199 1 21 2 3
215993 1 21 2 3
215223 1 21 1 3
92280 0 21 3 3
215221 0 21 3 3
216195 0 21 3 3
216198 0 21 3 3
216200 0 21 3 3
419449 1 21 3 0
171795 1 22 4 3
420210 1 22 3 1
419561 1 22 2 1
419540 1 22 3 2
419545 1 22 3 2
419562 0 22 3 1
216155 1 23 3 3
419140 1 23 1 1
215435 1 23 1 1
215436 0 23 3 1
216152 0 23 4 3
216153 0 23 3 3
216196 0 23 3 1
216199 0 23 3 1
419141 0 23 3 1
419142 0 23 3 1
214480 1 24 3 1
214481 0 24 3 1
420208 1 25 3 3
216150 1 25 3 1
216151 1 25 3 1
216153 1 25 3 1
214879 1 26 3 1
214525 1 26 3 1
420602 1 26 2 1
220092 1 26 2 3
221223 1 26 1 2
215674 1 26 1 3
215673 1 26 1 3
20078 1 26 1 3
20076 0 26 3 3
20077 0 26 3 3
215670 0 26 3 3
215671 0 26 3 3
215672 0 26 3 3
420207 1 26 3 3
419732 1 27 2 1
419594 1 27 1 1
214526 1 27 3 1
214527 1 27 3 1
216152 0 27 3 1
216154 0 27 3 1
419595 0 27 3 1
420500 0 27 3 1
304910 1 28 3 3
419896 1 28 2 1
215301 1 28 2 1
143174 1 28 2 2
420501 1 28 1 1
143175 0 28 3 2
215303 0 28 3 1
419431 1 29 3 1
214588 1 29 2 1
195868 1 29 2 2
195866 0 29 3 2
214747 1 30 4 1
354324 1 30 3 3
170846 1 30 2 4
304459 1 31 3 3
214748 1 31 3 1
214590 1 32 2 3
419548 1 33 2 1
214587 1 33 2 0
214586 0 33 3 0
214588 0 33 3 0
214589 0 33 3 0
214591 0 33 3 0
215301 0 33 3 1
215305 0 33 3 1
215685 1 34 3 1
214674 1 34 1 3
214671 0 34 3 3
215689 0 34 3 1
420371 0 34 3 1
420370 1 35 2 1
215944 1 35 2 4
215939 0 35 3 4
215941 0 35 3 4
215942 0 35 3 4
120279 1 36 1 3
120278 0 36 3 3
196410 1 37 3 3
420765 1 37 2 1
214591 1 37 1 3
214586 0 37 3 3
214588 0 37 3 3
419115 1 38 3 1
114867 1 38 3 3
215392 1 38 2 3
215191 1 38 2 1
419876 1 38 1 3
420769 1 39 2 1
214874 1 39 2 1
420768 0 39 3 1
420770 0 39 3 1
214875 1 40 3 3
419875 1 40 2 1
215979 1 40 2 3
420611 1 40 1 4
215194 1 40 1 3
215977 0 40 3 3
215978 0 40 3 3
215980 0 40 3 3
419876 0 40 3 1
419877 1 41 3 3
419874 1 41 3 1
215861 1 41 3 1
215629 1 41 3 1
420410 1 41 2 1
214807 1 41 2 1
214808 0 41 3 1
215628 0 41 3 1
215860 0 41 3 1
215864 0 41 3 1
419876 0 41 3 3
420175 1 42 3 1
215068 1 42 3 3
420766 1 42 2 3
215036 0 42 3 1
215040 0 42 3 1
215067 0 42 3 3
215069 0 42 3 3
420767 0 42 3 3
215039 1 43 3 1
215038 1 43 4 1
215357 1 43 2 1
215325 1 43 1 1
215036 0 43 3 1
215037 0 43 3 1
215041 0 43 3 1
215324 0 43 3 1
215327 0 43 3 1
420242 1 44 3 2
415319 1 44 2 3
415318 0 44 3 3
215749 1 45 2 1
214806 1 45 2 0
214663 1 45 2 1
6047 1 45 2 3
6043 0 45 3 3
215747 0 45 3 1
215750 0 45 3 1
215751 0 45 3 1
414679 1 46 3 3
215748 1 46 2 0
215136 1 46 2 1
215040 1 46 2 3
215137 1 46 1 1
214987 1 46 1 1
214667 1 46 3 1
215035 0 46 3 3
215036 0 46 3 3
215038 0 46 3 3
215039 0 46 3 3
215138 0 46 3 1
215139 0 46 3 1
215747 0 46 3 0
215750 0 46 3 0
414677 0 46 3 3
10936 1 47 4 1
215326 1 47 3 2
10306 1 47 3 1
214808 1 47 2 1
215023 1 47 1 1
214806 0 47 3 1
214810 0 47 3 1
215024 0 47 3 1
215026 0 47 3 1
215327 0 47 3 2
215754 1 48 3 3
214801 1 48 3 0
5899 1 48 3 1
215067 1 48 2 2
214936 1 48 2 0
5897 0 48 3 1
5900 0 48 3 1
10934 1 48 3 1
10935 1 48 3 1
215069 0 48 3 2
215753 0 48 3 3
215867 0 48 3 1
215868 0 48 3 1
215860 1 49 3 1
215747 1 49 2 0
215866 1 49 1 1
214803 1 49 3 0
215424 1 50 2 1
215041 1 50 2 3
215026 1 50 2 3
10305 1 50 1 1
10304 0 50 3 1
10306 0 50 3 1
215025 0 50 3 3
215027 0 50 3 3
215035 0 50 3 3
215037 0 50 3 3
215040 0 50 3 3
215426 0 50 3 1
215859 1 50 3 1
5901 1 51 3 3
216093 1 51 2 1
215752 1 51 2 1
192190 1 51 2 3
9278 1 51 2 3
214810 1 51 1 2
9277 0 51 3 3
9279 0 51 3 3
214808 0 51 3 2
215064 0 51 3 1
216094 0 51 3 1
216095 0 51 3 1
215741 1 52 2 3
214805 1 52 2 2
442440 1 52 1 3
442438 0 52 3 3
215863 0 53 4 1
215753 1 53 2 3
215069 1 53 1 3
215066 0 53 3 3
215067 0 53 3 3
215752 0 53 3 3
215754 0 53 3 3
215861 0 53 3 3
192189 1 54 3 3
9719 1 54 3 4
215971 1 54 2 1
215859 1 54 2 1
120112 1 54 2 2
192187 0 54 3 3
192188 0 54 3 3
215860 0 54 3 1
215972 0 54 3 1
11917 0 56 21 2
215958 1 56 4 1
215064 1 56 3 1
6154 1 56 2 1
215069 0 56 3 1
7129 1 57 2 1
10304 1 57 1 1
10305 0 57 3 1
10306 0 57 3 1
11918 1 57 3 2
10251 1 58 3 4
5568 1 58 1 3
215999 1 59 3 1
6421 1 59 3 1
216000 0 59 3 1
6304 1 60 2 1
522121 1 60 1 3
9754 1 60 1 1
9473 1 60 1 1
6306 0 60 3 1
9474 0 60 3 1
9757 0 60 3 1
522117 0 60 3 3
522122 0 60 3 3
214645 1 61 3 1
10257 1 61 3 3
5563 1 61 3 3
10250 1 61 2 4
522118 1 61 1 1
215549 1 61 1 1
5877 1 61 1 1
5567 1 61 1 3
5560 0 61 3 3
5562 0 61 3 3
5565 0 61 3 3
5876 0 61 3 1
522119 0 61 3 1
522120 0 61 3 1
522122 0 61 3 1
10101 1 62 2 1
10253 1 62 3 3
10255 1 62 3 3
214648 1 62 3 1
215968 1 63 3 0
6865 1 63 3 0
6866 0 63 3 0
6867 0 63 3 0
215657 0 63 3 3
29484 1 64 2 2
9758 1 64 2 3
5551 1 64 2 3
9755 0 64 3 3
9757 0 64 3 1
29482 0 64 3 2
215969 1 64 3 0
215971 1 64 3 0
215972 1 64 3 0
215973 1 64 3 0
215974 1 64 3 0
231496 1 65 4 3
24389 1 65 3 3
215795 1 65 2 2
6303 1 65 2 1
24388 0 65 3 3
215793 0 65 3 2
215796 0 65 3 2
7043 1 66 3 0
9756 1 66 2 1
9754 0 66 3 1
231492 1 66 3 3
10319 1 67 3 1
5876 1 67 3 1
375363 1 67 2 1
29485 1 67 2 1
6584 1 67 2 1
5877 0 67 3 1
5880 0 67 3 1
6585 0 67 3 1
375365 0 67 3 1
22111 1 68 3 3
6412 1 68 3 1
5818 1 68 3 1
10440 1 68 2 2
9518 1 68 2 1
9517 0 68 3 1
9519 0 68 3 1
9520 0 68 3 1
9521 0 68 3 1
10442 0 68 3 2
22108 0 68 3 3
22109 0 68 3 3
9267 1 69 3 1
215972 1 69 2 1
215788 1 69 1 2
6414 1 69 3 1
9268 0 69 3 1
9269 0 69 3 1
215969 0 69 3 1
215971 0 69 3 1
523009 1 70 2 1
9512 1 70 2 3
6901 1 70 2 1
6902 0 70 3 1
6903 0 70 3 1
6904 0 70 3 1
9510 0 70 3 3
523010 0 70 3 1
6869 1 71 1 3
22111 0 71 3 1
22112 0 71 3 1
215131 1 72 2 4
215130 0 72 3 4
214716 1 73 3 2
10678 1 73 1 1
10681 0 73 3 1
6868 1 74 1 2
9281 1 76 3 1
523001 1 76 2 0
22108 1 76 2 1
22112 0 76 3 1
523002 0 76 3 0
523003 0 76 3 0
523004 0 76 3 0
20742 1 77 3 1
10097 1 77 2 1
522687 1 78 4 4
21809 1 79 3 1
523216 0 79 3 1
523217 1 80 0 1
21808 1 80 3 1
20114 1 81 3 1
20283 1 81 2 1
10102 1 81 2 1
10103 0 81 3 1
20284 0 81 3 1
20590 1 82 3 1
21808 1 83 1 1
9624 1 84 3 1
9232 1 84 3 0
20982 1 84 2 1
10128 1 84 2 1
9235 0 84 3 0
20981 0 84 3 1
22376 0 84 3 1
22338 1 85 4 2
20116 1 85 3 1
9535 1 85 2 1
22373 1 85 1 1
9536 0 85 3 1
9621 1 85 3 1
9622 1 85 3 1
9623 1 85 3 1
9625 1 85 3 1
9626 1 85 3 1
10130 1 85 3 1
22375 0 86 13 3
21311 1 86 3 1
21244 1 86 3 1
20595 1 86 3 0
9705 1 86 3 1
522680 1 86 2 1
10127 1 86 2 1
20794 1 86 1 3
9297 1 86 1 1
9298 0 86 3 1
10128 0 86 3 1
10129 0 86 3 1
20114 1 86 3 1
20118 1 86 3 1
20793 0 86 3 3
21314 0 86 3 1
22336 1 86 3 2
522681 0 86 3 1
10523 1 87 3 1
521760 1 87 2 3
21779 1 87 1 1
9704 1 87 3 1
9706 1 87 3 1
9707 1 87 3 1
20594 1 87 3 0
21782 0 87 3 1
21783 0 87 3 1
22373 1 87 3 3
22374 1 87 3 3
521757 0 87 3 3
521732 1 88 3 1
10618 1 88 3 1
20978 1 88 2 1
20586 1 88 2 0
22001 1 88 1 1
10522 1 88 3 1
10524 1 88 3 1
10525 1 88 3 1
10526 1 88 3 1
10616 0 88 3 1
10619 0 88 3 1
22002 0 88 3 1
22003 0 88 3 1
22005 0 88 3 1
521734 0 88 3 1
22372 1 89 3 1
9853 1 89 3 1
488423 1 89 2 3
21781 1 89 2 1
21245 1 89 2 1
9569 1 89 2 3
21876 1 89 1 3
20981 1 89 1 0
10560 1 89 1 1
9568 0 89 3 3
10559 0 89 3 1
10561 0 89 3 1
21872 0 89 3 3
21873 0 89 3 3
21874 0 89 4 3
22373 0 89 3 1
22374 0 89 3 1
22376 0 89 3 1
488421 0 89 3 3
488424 0 89 3 3
9741 1 90 4 1
10380 1 90 3 1
10203 1 90 3 1
20983 1 90 2 3
20911 1 90 2 1
20588 1 90 2 2
9566 1 90 2 1
9568 0 90 3 1
20586 0 90 3 2
20982 0 90 3 3
21875 0 90 3 1
21876 0 90 3 1
20958 1 91 4 1
20318 1 91 4 1
39526 1 91 3 3
22327 1 91 3 1
21246 1 91 3 2
10524 1 91 3 1
21783 1 91 2 3
21243 0 91 3 2
20897 1 91 2 1
10607 1 91 2 2
21075 1 91 1 1
10708 1 91 1 1
9503 1 91 1 1
9505 0 91 3 1
9742 1 91 3 1
9743 1 91 3 1
10202 1 91 3 1
10205 1 91 3 1
10206 1 91 3 1
10522 0 91 3 1
10525 0 91 3 1
10527 0 91 3 1
10707 0 91 3 1
21076 0 91 3 1
21781 0 91 3 3
21782 0 91 3 3
21014 1 92 4 1
10061 1 92 4 0
20319 1 92 3 1
20320 1 92 3 1
20321 1 92 3 1
20960 1 92 3 1
22328 1 92 3 1
22330 1 92 4 1
69765 1 93 3 2
21004 1 93 3 1
20907 1 93 3 1
20331 1 93 3 1
10598 1 93 3 1
21938 1 93 2 1
20457 1 93 2 1
9854 1 93 2 2
10062 1 93 3 0
10064 1 93 3 0
10065 1 93 3 0
20455 0 93 3 1
20458 0 93 3 1
20908 0 93 3 1
20909 0 93 3 1
21013 1 93 3 1
22329 0 93 3 1
69763 0 93 3 2
22003 1 94 3 1
10609 1 94 3 3
22174 1 94 2 3
9742 1 94 2 1
522574 1 94 1 1
5889 1 94 1 3
5888 0 94 3 3
9744 0 94 3 1
10610 0 94 3 3
20332 1 94 3 1
21534 0 94 3 1
21999 0 94 3 1
22002 0 94 3 1
522576 0 94 3 1
522578 0 94 3 1
20960 0 95 4 3
21137 1 95 3 1
20574 1 95 3 3
20342 1 95 2 1
10119 1 95 2 1
21549 1 95 1 1
21548 0 95 3 1
21551 0 95 3 1
30715 1 96 3 3
523110 1 96 2 3
21018 1 96 2 1
20974 1 96 2 1
523035 1 96 1 0
10605 0 96 3 3
20959 0 96 3 3
20973 0 96 3 1
20977 0 96 3 1
21083 1 97 3 2
6972 1 97 3 4
22331 1 97 2 1
21168 1 97 2 4
20573 1 97 2 2
10118 1 97 2 4
21550 1 97 1 1
5887 1 97 1 4
21019 1 97 3 1
21081 0 97 3 2
21085 0 97 3 2
21551 0 97 3 1
22327 0 97 3 1
488516 1 98 4 1
488180 1 98 3 1
153910 1 98 3 2
21650 1 98 3 0
21015 1 98 3 3
21013 0 98 3 3
21014 0 98 3 3
21653 0 98 3 0
153912 0 98 3 2
522568 1 99 4 2
22221 1 99 3 3
488420 1 99 2 0
21552 1 99 2 3
21548 0 99 3 3
21135 1 99 1 1
488423 0 99 3 0
488424 0 99 3 0
488518 1 99 3 1
488519 1 99 3 1
21999 1 100 2 1
21665 1 100 2 1
20961 1 100 2 2
7287 1 100 1 3
20958 0 100 3 2
20960 0 100 3 2
21667 0 100 3 1
22001 0 100 3 1
22219 1 100 3 3
522567 1 100 3 2
207206 1 101 3 3
21653 1 101 3 1
523013 1 101 2 3
21651 1 101 2 1
10609 0 101 3 1
9776 1 102 2 1
22226 1 102 1 1
10606 1 102 1 1
9777 0 102 3 1
523014 1 102 3 3
521806 1 103 3 1
125412 1 103 3 1
43946 1 103 3 3
522589 1 103 2 1
43940 1 103 2 2
10825 1 103 2 1
10601 1 103 2 3
488012 1 103 1 1
21139 1 103 1 3
10600 0 103 3 3
10826 0 103 3 1
43942 0 103 3 3
43943 0 103 3 3
125413 0 103 3 1
488011 0 103 3 1
522587 0 103 3 1
522592 0 103 3 1
21723 1 104 3 1
522578 1 104 2 3
20745 1 104 2 1
9944 1 104 2 1
9946 0 104 3 1
9947 0 104 3 1
20746 0 104 3 1
20748 0 104 3 1
21725 0 104 3 1
521537 1 105 3 1
521398 1 105 3 1
10850 1 105 3 0
522588 1 105 2 1
20494 1 105 2 1
10853 0 105 3 0
521964 0 105 3 1
522587 0 105 3 1
125701 1 106 3 1
21128 1 106 3 0
521965 1 106 0 1
21129 0 106 3 0
125699 0 106 3 1
125703 0 106 3 1
521399 1 106 3 1
521808 1 107 3 3
118647 1 107 3 3
488010 1 107 2 0
9944 0 107 3 3
118645 0 107 3 3
521806 0 107 3 3
521809 0 107 3 3
20748 1 108 1 3
9947 1 108 1 3
4196 1 108 1 3
4197 0 108 3 3
20747 0 108 3 3
488011 1 108 3 0
488013 1 108 3 0
523098 1 109 2 1
22104 1 109 2 1
523099 1 109 1 1
185772 1 109 1 3
185770 0 109 3 3
185771 0 109 3 3
523100 0 109 3 1
523102 0 109 4 1
487080 1 110 4 1
487793 1 110 3 1
522990 1 110 2 1
125675 1 110 2 1
82176 1 110 2 1
487420 1 110 1 1
75059 0 110 3 3
487421 0 110 3 1
487794 0 110 3 1
522989 0 110 3 1
445841 1 111 3 3
487425 1 111 2 3
118645 1 111 2 1
75063 1 111 2 3
21132 1 111 2 3
487485 1 111 1 3
21129 0 111 3 3
21130 0 111 3 3
21131 0 111 3 3
118646 0 111 3 1
118647 0 111 3 1
487483 0 111 3 3
523098 1 111 3 3
523099 1 111 3 3
20747 1 112 3 3
225024 1 112 2 3
4203 1 112 2 4
20744 0 112 3 3
225021 0 112 3 3
125700 1 113 4 1
522674 1 113 2 1
521560 1 113 2 1
521562 0 113 3 1
522675 0 113 3 1
306936 1 114 3 3
81281 1 114 3 1
4202 1 114 3 3
488506 1 114 2 1
126577 1 114 2 3
84864 1 114 2 3
21689 1 114 1 1
21128 1 114 3 3
21132 1 114 3 3
125701 1 114 3 1
125703 1 114 3 1
126574 0 114 3 3
488507 0 114 3 1
488508 0 114 3 1
536565 0 114 3 3
488357 1 115 4 2
521556 1 115 2 1
487362 1 115 2 1
21170 1 115 2 2
522989 1 115 1 0
521385 1 115 1 1
522991 0 115 4 0
521871 1 116 4 1
487082 1 116 3 1
522689 1 116 2 1
521991 1 116 2 1
488711 1 116 2 3
488071 1 116 1 1
484622 0 116 3 1
484623 0 116 3 1
487080 0 116 3 1
488069 0 116 3 1
488070 0 116 3 1
521990 0 116 3 1
521993 0 116 3 1
522691 0 116 3 1
522992 0 116 3 3
522990 0 116 3 3
522991 0 116 3 3
488695 1 117 3 1
126578 1 117 3 3
522993 1 117 2 3
487650 1 117 2 1
231229 1 117 2 1
125395 1 117 2 3
125390 0 117 3 3
488696 0 117 3 1
488699 0 117 3 1
488712 1 117 3 3
541944 1 118 2 3
486852 1 118 2 1
483915 1 118 2 1
183471 1 118 2 3
183468 0 118 4 3
488707 0 118 3 1
488709 0 118 3 1
488710 0 118 3 1
488711 0 118 3 1
522062 0 119 23 1
521299 1 119 3 0
487680 1 119 3 1
230895 1 119 3 1
126574 1 119 3 1
488122 1 119 2 1
487984 1 119 2 1
484619 1 119 2 1
21690 1 119 1 3
126575 0 119 3 1
183469 0 119 3 1
183470 0 119 3 1
183472 0 119 3 1
230897 0 119 3 1
484620 0 119 3 1
487982 0 119 3 1
487983 0 119 3 1
521298 0 119 3 0
521300 0 119 3 0
521301 0 119 4 0
213052 1 120 3 3
522593 1 120 2 1
521705 1 120 2 4
521555 1 120 2 0
82066 1 120 2 3
158675 1 120 1 4
487679 1 120 3 1
487681 1 120 3 1
487682 1 120 3 1
488124 1 120 3 1
522063 1 120 5 1
522616 1 121 3 1
183470 0 121 3 1
521302 1 121 3 3
522064 1 121 3 1
522615 0 121 3 1
521424 1 122 3 3
482948 1 122 3 3
230900 1 122 3 1
488696 1 122 1 1
81965 0 122 3 2
230902 0 122 3 1
488699 0 122 3 1
521420 0 122 3 3
521423 0 122 3 3
522617 1 123 3 3
82055 1 123 2 1
488707 1 123 1 1
232226 1 123 1 1
82053 0 123 4 1
82056 0 123 3 1
82057 0 123 3 1
232228 0 123 3 1
232230 0 123 3 1
488709 0 123 3 1
488710 0 123 3 1
486971 1 124 3 1
82054 0 124 4 3
486973 0 124 3 1
486975 0 124 3 1
486866 1 125 3 1
488194 1 125 2 1
230901 1 125 2 1
82055 1 125 3 1
82058 0 125 3 3
230904 0 125 3 1
486867 0 125 3 1
486868 0 125 3 1
486869 0 125 3 1
486870 0 125 3 1
231906 1 126 4 4
487955 1 126 2 1
22480 1 126 2 3
522328 1 126 1 1
488295 1 126 1 0
483936 1 126 1 1
22479 0 126 3 3
483935 0 126 3 1
487865 0 126 3 1
487866 0 126 3 1
487957 0 126 5 1
488297 0 126 3 0
521425 1 127 4 3
230494 1 127 3 1
488222 1 127 1 3
486957 1 127 1 1
521823 1 128 3 1
230941 1 128 3 1
82056 1 128 3 3
82052 0 128 3 3
82057 0 128 3 3
82058 0 128 3 3
230495 1 128 3 1
230497 1 128 3 1
521420 1 128 3 3
522923 1 129 3 1
487230 1 129 3 1
232001 1 129 3 1
231257 1 129 3 3
230942 1 129 3 1
231252 0 129 3 3
231256 0 129 3 3
232003 0 129 3 1
521825 1 129 3 1
487958 1 130 2 3
487956 1 130 2 2
483937 1 130 2 1
230705 1 130 2 3
486868 1 130 1 2
231996 1 130 1 1
230703 0 130 3 3
231999 0 130 3 1
486866 0 130 3 2
486867 0 130 3 2
486870 0 130 3 2
487955 0 130 3 3
179051 1 131 2 1
487131 1 131 1 1
179052 0 131 3 1
231171 0 131 3 3
231173 0 131 3 3
483936 1 131 3 1
483939 1 132 3 3
521726 1 132 2 1
521420 1 132 2 0
484703 1 132 2 1
486972 1 132 1 1
483938 0 132 3 3
486971 0 132 3 1
521423 0 132 3 0
521424 0 132 3 0
521727 0 132 3 1
488884 1 133 2 1
488053 1 133 2 1
230943 1 133 2 3
487804 1 133 1 1
484775 0 133 3 1
484778 0 133 3 1
487803 0 133 3 1
488631 1 134 2 1
484706 1 134 2 1
231851 1 134 2 1
179050 1 134 2 3
166703 1 134 2 3
487392 1 134 1 1
178907 1 134 0 1
487395 0 134 3 1
488885 1 134 3 1
488887 1 134 3 1
522924 0 134 3 3
522925 0 134 3 3
483168 1 135 3 1
231248 1 135 2 4
178613 1 135 2 1
178615 0 135 3 1
521426 0 136 18 4
66252 1 136 3 2
60964 1 136 3 2
487076 1 136 2 1
178910 1 136 1 1
178909 0 136 3 1
178913 0 136 3 1
483167 1 136 3 1
488884 0 136 3 3
488885 0 136 3 3
488888 0 136 3 3
487456 1 137 4 1
488154 1 137 3 2
231919 1 137 3 1
231920 0 137 3 1
231921 0 137 3 1
487074 1 137 3 1
487077 1 137 3 1
488880 1 138 3 1
486880 1 138 3 1
177525 1 138 3 1
539078 1 138 2 3
488559 1 138 2 2
487867 1 138 2 1
487772 0 138 4 3
177866 1 138 2 4
488481 1 138 1 1
231311 1 138 1 1
486879 0 138 3 1
486881 0 138 3 1
486882 0 138 3 1
486883 0 138 3 1
487458 1 138 3 1
487773 0 138 3 1
487870 0 138 3 1
488478 0 138 3 1
539079 0 138 3 3
232105 1 139 3 1
487525 1 139 2 1
230953 1 139 2 1
488173 1 139 1 3
231922 1 139 1 3
230954 0 139 3 1
230956 0 139 3 1
230957 0 139 3 1
230958 0 139 3 1
231920 0 139 3 3
487524 0 139 3 1
487526 0 139 3 1
487776 0 139 3 3
488480 1 140 3 1
488479 1 140 3 0
487355 1 140 3 1
486075 1 140 3 3
484404 1 140 3 1
488674 1 140 2 1
487077 1 140 1 1
486073 0 140 3 3
487074 0 140 3 1
487078 0 140 3 1
487079 0 140 3 1
488671 0 140 3 1
231428 1 141 4 1
488308 1 141 2 1
527389 1 141 1 3
442204 1 141 1 3
344464 1 141 1 3
488306 0 141 3 1
488309 0 141 3 1
488310 0 141 3 1
488481 1 141 3 1
527387 0 141 3 3
527388 0 141 3 3
483195 1 142 3 1
231341 1 142 3 1
488557 1 142 2 3
486888 1 142 2 0
177529 1 142 2 4
231429 1 142 3 1
231430 1 142 3 1
232101 0 142 3 1
232102 0 142 3 1
483194 0 142 3 1
487676 1 143 3 1
487552 1 143 3 0
488603 1 143 2 4
488286 1 143 2 1
484638 1 143 1 3
231343 1 143 3 1
484637 0 143 3 3
486889 1 143 3 0
487677 0 143 3 1
487747 0 143 3 1
488288 0 143 3 1
488289 0 143 3 1
483958 1 144 4 0
487227 1 144 3 3
420927 1 144 3 3
483410 1 144 2 1
71169 1 144 2 3
30363 1 144 2 3
483413 0 144 3 1
483414 0 144 3 1
487222 0 144 3 3
487226 0 144 3 3
487228 0 144 3 3
487553 1 144 3 0
487555 1 144 3 0
483079 1 145 3 1
231430 1 145 3 3
230992 1 145 3 2
488478 1 145 2 0
411003 1 145 2 3
231427 0 145 3 3
231428 0 145 3 3
231429 0 145 3 3
411002 0 145 3 3
483462 0 145 3 1
483960 1 145 3 0
483961 1 145 3 0
483962 1 145 3 0
483963 1 145 3 0
483964 1 145 3 0
483959 0 145 3 3
483960 0 145 3 3
483961 0 145 3 3
483963 0 145 3 3
488480 0 145 3 0
488481 0 145 3 0
488482 0 145 3 0
488597 0 145 3 3
484403 1 146 4 3
50075 1 146 2 0
484406 1 146 1 3
113548 1 146 1 3
113545 0 146 3 3
230991 1 146 3 2
484404 0 146 3 3
484405 0 146 3 3
487224 0 146 3 2
487225 0 146 3 2
522189 1 147 2 1
488463 1 147 2 3
487747 1 147 2 3
484664 1 147 2 1
483413 1 147 2 3
484402 1 147 3 3
487000 1 148 3 0
483468 1 148 3 1
521526 1 148 2 1
488310 1 148 2 3
483922 1 148 2 3
487060 1 148 1 0
486080 1 148 1 3
483919 0 148 3 3
483469 0 148 3 1
483471 0 148 3 1
483920 0 148 3 1
483920 0 148 3 3
484667 0 148 3 1
486077 0 148 3 3
486079 0 148 3 3
486081 0 148 3 3
487746 1 148 3 3
487748 1 148 3 3
488305 0 148 3 3
488307 0 148 3 3
521527 0 148 3 1
488375 1 149 2 3
483585 1 149 2 3
483452 1 149 2 1
488607 1 149 1 3
487225 1 149 1 1
483584 0 149 3 3
487224 0 149 3 1
487228 0 149 3 1
488604 0 149 3 3
487254 1 150 4 3
521895 1 150 2 3
487006 1 150 2 2
483471 0 150 3 1
487059 1 151 3 0
488315 1 151 2 3
487407 1 151 2 2
487003 1 151 2 3
291495 1 151 2 3
291491 0 151 3 3
487001 0 151 3 3
487063 0 151 3 0
487064 0 151 3 0
487253 1 151 3 3
488313 0 151 3 3
487005 1 152 3 1
483466 1 152 2 1
483471 0 152 3 1
487222 0 152 3 3
487406 1 152 3 2
487408 1 152 3 2
487409 1 152 3 2
487410 1 152 3 2
292669 1 153 2 1
292672 0 153 3 1
487068 1 154 2 2
80173 1 154 2 3
487002 1 154 1 3
487000 0 154 3 3
487001 0 154 3 3
487066 0 154 3 2
487065 1 155 2 3
292297 1 155 2 1
291492 1 155 2 1
488395 1 155 1 3
291491 0 155 3 1
292299 0 155 3 1
487059 0 155 3 3
488396 0 155 3 3
411392 1 156 3 3
487062 1 156 2 1
487435 1 156 1 3
411391 0 156 3 3
487060 0 156 3 1
487061 0 156 3 1
487063 0 156 4 1
290426 1 157 4 3
524179 1 157 3 3
291496 1 158 2 3
290425 1 158 3 3
487521 1 159 2 3
290922 1 159 1 4
488448 1 160 2 0
488449 0 160 3 0
290486 1 161 4 1
291386 1 161 2 0
291289 1 161 2 1
291288 0 161 3 1
291390 0 161 3 0
291391 0 161 3 0
291392 0 161 3 0
169315 1 162 2 3
169314 0 162 3 3
290487 1 162 3 1
292075 1 163 4 1
292506 1 164 1 1
291386 0 164 3 1
291388 0 164 3 1
290489 1 165 3 3
291713 1 165 2 0
291390 1 165 0 1
290487 0 165 3 3
291715 0 165 3 0
291714 1 166 3 0
290753 1 166 3 0
292516 1 167 3 2
125011 1 167 3 3
292377 1 167 2 3
125008 0 167 3 3
125009 0 167 3 3
290754 1 167 3 0
290755 1 167 3 0
291713 1 167 3 0
292375 0 167 3 3
292376 0 167 4 3
291187 1 168 3 1
314153 1 168 2 3
446746 1 168 1 1
291190 0 168 3 1
292373 0 168 3 1
292375 0 168 3 1
314154 0 168 3 3
446745 0 168 3 1
292378 1 169 2 3
291304 1 169 2 3
291302 0 169 3 3
292376 0 169 3 3
291260 1 170 2 1
291259 0 170 3 1
291263 0 170 3 1
290306 1 171 3 1
290308 0 171 3 1
342922 0 171 3 1
342924 0 171 3 1
342925 0 171 3 1
515542 0 172 13 3
342921 1 172 4 1
291262 1 172 2 2
113854 1 172 1 3
291259 0 172 3 2
291260 0 172 3 2
343658 1 173 2 1
342922 1 173 3 1
343657 0 173 3 1
343659 0 173 3 1
341591 1 174 4 3
446215 1 174 2 1
446216 0 174 3 1
343008 1 175 3 1
343195 1 175 2 4
343009 1 175 2 3
292064 1 175 1 1
341589 1 175 3 3
343010 0 175 3 1
447291 1 176 3 1
447114 1 176 3 1
343269 1 176 3 1
343562 1 176 1 1
343270 0 176 3 1
343564 0 176 3 1
447293 0 176 3 1
344117 1 177 2 1
344119 0 177 3 1
447112 1 177 3 1
447115 1 177 3 1
447923 1 178 4 1
344118 1 178 3 3
344122 1 179 2 1
329438 1 179 2 3
290615 1 179 2 3
290612 1 180 3 3
290613 1 180 3 3
343010 1 181 1 3
342694 1 182 4 1
329440 1 182 3 4
290845 1 182 3 1
293042 1 182 2 3
292065 1 182 1 3
342920 0 183 8 0
447728 1 183 2 1
329437 1 183 3 4
329438 1 183 3 4
342693 1 183 3 1
342696 1 183 3 1
198714 1 184 4 2
342925 1 184 3 0
447730 1 184 3 1
343070 1 185 3 1
255142 1 185 3 2
290441 1 185 1 4
255141 0 185 3 2
447880 1 186 3 1
342858 1 186 2 1
223556 1 186 2 3
447883 0 186 5 1
342695 1 187 2 1
329439 1 187 2 3
255134 1 187 2 0
255136 0 187 3 0
255138 0 187 3 0
255139 0 187 3 0
329438 0 187 3 3
342857 1 187 3 1
342861 1 187 3 1
344007 1 188 2 1
343782 1 188 1 4
343469 1 188 1 1
344009 0 188 3 1
342697 1 189 4 3
292063 1 189 2 1
292066 0 189 3 1
307575 0 190 4 4
290844 1 190 1 1
307574 1 191 2 4
254144 1 191 2 0
254149 0 191 3 0
254150 0 191 3 0
291182 1 192 3 2
447921 1 192 2 3
271373 1 192 2 1
271375 0 192 3 1
291179 0 192 3 2
447917 0 192 3 3
447884 1 193 3 3
290810 1 193 3 1
254145 1 193 2 1
254144 0 193 3 1
254147 0 193 3 1
254148 0 193 3 1
447883 0 193 3 3
342693 1 194 3 0
306099 1 194 3 3
293088 1 195 4 1
446308 1 195 3 1
342690 1 195 3 2
292752 1 195 3 1
342689 0 195 3 2
309037 1 195 1 4
241877 0 195 3 3
292754 0 195 3 1
342691 0 195 3 1
342692 0 195 3 1
342697 1 195 3 0
446309 1 196 3 1
447879 1 196 2 3
271365 0 196 3 3
271366 0 196 3 3
447878 0 196 3 3
291373 1 197 2 1
271377 1 197 2 3
271372 0 197 3 3
254247 1 198 3 2
241876 1 198 3 2
447649 1 198 2 4
254245 0 198 3 2
448091 0 198 3 2
271365 1 199 4 1
290432 1 199 3 3
324811 1 199 1 2
290431 0 199 3 3
324810 0 199 3 2
85750 1 200 3 2
82636 1 200 1 2
271364 1 200 3 1
271368 1 200 3 1
271369 1 200 3 1
342612 1 202 1 1
255555 1 202 1 1
253981 0 202 3 1
253983 0 202 3 1
253984 0 202 3 1
255556 0 202 3 1
255558 0 202 3 1
342609 0 202 3 1
342611 0 202 3 1
342613 0 202 3 1
255554 1 203 4 0
344173 1 203 3 1
255119 1 203 3 1
384641 1 203 2 3
343818 1 203 2 1
254246 1 203 2 2
254245 0 203 3 2
343821 0 203 3 1
344176 0 203 3 1
384638 0 203 3 3
384639 0 203 3 3
291657 1 204 2 0
290718 1 204 2 1
255178 1 204 2 1
255117 1 204 3 1
255121 1 204 3 1
255177 0 204 3 1
255179 0 204 3 1
255182 0 204 3 1
255556 1 204 3 0
255557 1 204 3 0
291661 0 204 3 0
292440 1 205 3 1
255588 1 205 3 1
291028 1 205 2 1
290720 1 205 1 1
290721 0 205 3 1
292442 0 205 3 1
292443 0 205 3 1
292444 0 205 3 1
291232 1 206 4 1
342765 1 206 2 2
255915 1 206 2 1
291330 1 206 1 1
255917 0 206 3 1
291029 1 206 3 1
342764 0 206 3 2
343985 1 207 3 1
343946 1 207 3 1
255117 1 207 2 0
253693 1 207 2 1
253698 0 207 3 1
291231 1 207 3 1
291233 1 207 3 1
343127 1 208 3 4
290723 1 208 2 3
255414 1 208 2 1
255415 0 208 3 1
290718 0 208 3 3
290720 0 208 3 3
292210 0 208 3 3
292212 0 208 3 3
343126 0 208 3 4
343233 1 209 4 1
290570 1 209 3 1
255391 1 209 3 1
255118 1 209 3 0
254837 1 209 2 1
254838 0 209 3 1
290572 0 209 3 1
291057 0 210 13 4
344176 1 210 3 3
343707 1 210 3 1
343511 1 210 3 1
291772 1 210 2 1
291231 1 210 2 0
291770 0 210 3 1
343234 1 210 3 1
343235 1 210 3 1
343512 0 210 3 1
343513 0 210 3 1
344173 0 210 3 3
344174 0 210 3 3
344175 0 210 3 3
288818 1 211 3 3
276575 1 211 2 3
255587 1 211 2 1
254924 1 211 2 1
254925 0 211 3 1
255588 0 211 3 1
255589 0 211 3 1
276570 0 211 3 3
288815 0 211 3 3
291233 1 211 3 0
343636 0 211 3 1
343236 1 212 3 3
342670 1 212 3 4
290571 1 212 3 1
255300 1 212 3 0
292900 1 212 2 1
292176 1 212 2 1
253972 1 212 2 1
547776 1 212 1 3
291920 1 212 1 1
255303 0 212 3 0
291919 0 212 3 1
290512 1 213 3 2
254220 1 213 3 1
204212 1 213 3 3
255093 1 213 2 1
254890 1 213 2 1
254838 1 213 2 1
253971 1 213 3 1
253973 1 213 3 1
254840 0 213 3 1
254894 0 213 3 1
254895 0 213 3 1
255097 0 213 3 1
343233 1 213 3 3
290851 1 214 2 0
517373 1 215 4 3
291010 1 215 4 0
290504 1 215 3 0
400677 1 215 2 4
255518 1 215 2 1
255309 1 215 2 1
254390 1 215 2 4
253944 1 215 1 1
253943 0 215 3 1
255311 0 215 3 1
290506 0 215 3 0
291709 1 216 3 3
255023 1 216 3 1
291790 1 216 2 1
255842 1 216 2 1
555787 1 216 1 3
291013 1 216 3 0
291014 1 216 3 0
291706 0 216 3 3
555788 0 216 4 3
291689 1 217 3 1
343233 0 217 3 1
255837 1 218 3 3
255932 1 218 2 1
254893 1 218 2 1
255843 1 218 1 1
254890 0 218 3 1
254892 0 218 3 1
254894 0 218 3 1
255834 0 218 3 3
255835 0 218 3 3
292984 1 219 4 1
255332 1 219 4 1
255847 1 219 3 3
255116 1 219 2 3
255096 1 219 2 3
254363 1 219 2 0
254341 1 219 2 3
255403 1 219 1 1
255094 0 219 3 3
255097 0 219 3 3
255406 0 219 3 1
342631 1 220 2 1
291787 1 220 2 1
291788 1 220 1 1
254918 1 220 1 1
254366 1 220 3 0
254367 1 220 3 0
291791 0 220 3 1
291789 0 220 3 1
291790 0 220 3 1
292986 1 220 3 1
342630 0 220 3 1
342633 0 220 3 1
255833 1 221 3 3
255084 1 221 2 1
254891 1 221 3 1
255086 0 221 3 1
252555 1 222 4 0
252565 1 222 3 3
290649 1 222 2 1
255878 1 222 2 1
253967 1 222 2 3
252562 0 222 3 3
255018 1 223 3 1
254368 1 223 3 3
342809 1 223 2 1
292704 1 223 2 3
255515 1 223 2 1
255106 1 223 2 2
254926 1 223 2 3
254357 0 223 4 3
255791 1 223 1 2
253854 1 223 1 1
254358 0 223 3 1
254924 0 223 3 3
254360 1 224 3 3
254054 1 224 3 1
253656 1 224 3 3
165836 1 224 3 3
13799 1 224 3 3
343315 1 224 2 1
254537 1 224 1 0
13800 0 224 3 3
253685 0 224 3 1
253686 0 224 3 1
254051 0 224 3 1
254055 0 224 3 1
254056 0 224 3 1
254366 1 224 3 3
255880 1 225 2 3
255567 1 225 2 4
255292 1 225 2 1
254458 1 225 2 0
254427 1 225 1 1
255568 0 225 3 4
255878 0 225 3 3
142743 1 226 2 2
254774 1 226 1 4
254542 1 226 1 3
254461 1 226 3 0
254541 0 226 3 3
254773 0 226 3 4
254673 1 227 3 1
13800 1 227 3 3
254426 1 227 2 1
254324 1 227 2 3
254323 0 227 3 3
254460 1 228 3 1
142744 1 228 3 3
142743 0 228 3 3
254425 1 228 3 1
254427 1 228 3 1
254425 0 228 3 3
302639 1 229 3 2
255879 1 229 2 3
302636 1 230 3 2
302637 1 230 3 2
254461 1 231 3 3
255398 1 231 2 0
254458 0 231 3 3
255400 0 231 3 0
379725 1 232 2 3
253638 1 232 2 3
379726 0 232 3 3
254020 1 235 4 1
254018 1 235 2 0
302637 1 235 1 1
302636 0 235 3 1
254421 1 237 2 3
29567 1 237 1 1
254021 1 240 2 1
53054 1 240 1 3
254020 0 240 3 1
254019 1 241 2 1
29364 1 241 2 1
29365 0 241 5 1
29367 0 241 3 1
28770 1 244 3 1
255034 1 246 3 1
23674 1 246 3 3
255032 0 246 3 1
255035 0 246 3 1
28651 1 249 1 1
28653 0 249 3 1
254293 1 250 2 1
139635 1 258 3 2
28652 1 258 1 1
28603 1 258 1 3
28653 0 258 3 1
28601 1 260 3 2
214078 1 264 3 3
214077 0 264 3 3
29294 1 265 2 1
29293 0 265 3 1
29293 1 269 3 0
28596 1 269 2 1
28597 0 269 3 1
28781 0 269 3 1
29295 1 270 3 0
133298 1 271 3 4
133299 0 271 3 4
406515 0 273 13 3
133730 1 274 3 4
406512 1 274 3 3
133729 1 275 3 4
20337 1 353 3 4
