538056 0 17 4 0 13
437035 0 30 3 0 13
300833 0 118 3 0 13
522044 0 130 3 0 13
185500 0 155 3 1 24
395980 0 156 3 0 13
414555 0 156 3 1 24
396365 0 159 4 1 18
418819 0 159 4 1 18
201494 0 169 3 0 13
115527 0 181 3 0 13
200436 1 182 3 0 13
520027 0 187 3 1 24
470031 0 194 4 1 18
379965 1 195 3 0 13
375875 0 198 3 0 13
401504 0 209 3 0 13
325285 0 212 3 0 13
73346 0 213 3 0 13
380827 0 216 4 0 13
379956 0 224 0 0 8
50630 0 234 3 0 13
208667 0 246 3 0 13
524718 0 249 4 0 13
518108 0 288 3 0 13
407894 0 296 0 0 8
407036 0 321 4 0 13
407792 0 347 4 1 18
39068 1 354 3 0 13
