18354 1 3 6 3 0
49054 1 2 6 3 0
84619 0 6 6 4 0
100586 1 2 6 1 0
102512 0 6 6 3 0
153270 0 6 6 3 0
214792 1 3 6 1 0
215309 0 6 6 4 1
228007 0 6 6 3 0
233713 1 4 6 3 1
247867 0 6 6 3 0
273694 0 6 6 2 0
281898 1 3 6 1 0
318361 1 3 6 1 0
356114 0 6 6 3 0
358992 0 6 6 3 0
382743 0 6 6 3 0
433029 1 3 6 4 1
499241 0 6 6 3 0
559326 1 4 6 0 0
228005 0 6 7 1 0
100589 0 6 8 3 0
273343 0 6 8 4 0
560291 0 6 8 4 1
84750 1 3 9 4 0
214794 0 6 9 3 1
228006 0 6 9 1 0
356119 1 2 9 2 0
19134 0 6 10 4 0
49052 0 6 10 0 0
229296 1 3 10 1 0
317986 1 4 10 1 0
229062 0 6 11 1 0
322522 0 6 12 2 0
227886 1 4 13 1 0
317642 0 6 13 3 0
356122 0 6 13 3 1
229021 0 6 15 1 0
325141 0 6 15 3 0
229955 1 3 16 1 0
468127 0 6 16 2 1
227890 0 6 17 3 0
229018 0 6 17 2 0
229381 0 6 18 1 0
229954 0 6 18 0 0
228510 1 4 19 1 0
228728 0 6 19 1 0
229308 0 6 19 1 0
468122 0 6 19 3 0
50033 0 6 20 3 0
331915 1 3 20 3 0
229413 0 6 21 1 1
229800 0 6 22 1 0
229972 1 4 22 1 0
162623 0 6 23 3 0
229309 1 2 23 3 0
229310 1 2 23 3 0
229984 1 5 23 1 0
177801 1 2 24 1 0
228205 1 3 24 1 0
177781 0 6 25 1 0
229412 1 4 25 0 0
3533 1 4 26 3 0
228204 1 4 26 1 0
181028 1 3 27 3 1
229221 1 4 27 1 0
177690 0 6 28 1 0
179017 0 6 28 1 0
228246 0 6 28 3 0
253487 1 3 28 3 1
177784 0 6 29 3 0
177800 1 4 29 1 0
177803 1 4 29 3 0
178706 1 3 29 1 0
179263 0 6 29 1 0
178994 0 6 30 1 0
177944 0 6 31 1 1
178290 1 2 31 1 0
178321 0 6 31 1 0
178337 0 6 31 1 1
178463 1 2 31 1 1
179205 1 4 31 3 1
179295 1 4 31 1 0
177802 0 6 32 3 1
177983 1 2 32 1 0
178939 1 3 32 1 0
179274 1 3 32 1 0
454424 0 6 32 2 0
177835 1 3 33 1 0
177942 0 6 33 1 0
177943 0 6 33 1 0
178202 1 3 33 1 0
178338 1 5 33 3 1
178462 0 6 33 1 0
179298 0 6 33 3 0
179323 0 6 33 1 0
96543 0 6 34 3 1
177931 1 3 34 1 0
177940 0 6 34 1 0
177982 0 6 34 1 0
178020 0 6 34 1 0
178024 0 6 34 4 0
178583 1 4 34 4 0
178992 1 3 34 0 0
179203 1 4 34 0 0
179277 1 4 34 1 1
179294 0 6 34 0 0
179371 1 5 34 1 0
177453 0 6 35 1 0
178092 0 6 35 1 0
178248 0 6 35 1 0
178276 1 3 35 1 0
178339 0 6 35 3 1
178943 0 6 35 3 1
178993 1 3 35 1 0
400765 0 6 35 2 0
177436 1 3 36 1 0
177518 1 4 36 1 0
177627 0 6 36 1 0
177834 1 2 36 4 0
178201 0 6 36 1 0
178293 0 6 36 3 0
179128 0 6 36 1 0
179194 1 5 36 4 0
179204 0 6 36 0 0
179226 1 5 36 1 0
179279 1 4 36 3 1
169365 1 4 37 3 0
177929 1 2 37 0 1
177933 1 3 37 2 0
177939 0 6 37 4 0
178237 1 3 37 1 0
178398 0 6 37 1 0
178418 1 2 37 1 0
178995 1 3 37 3 0
178996 0 6 37 3 0
199822 0 6 37 3 0
177941 0 6 38 1 0
179224 1 3 38 1 0
177439 0 6 39 3 0
177950 1 2 39 1 0
178239 1 4 39 3 0
179126 1 3 39 0 0
179222 0 6 39 0 0
179346 0 6 39 3 0
179383 1 3 39 1 0
354848 1 3 39 2 1
177440 0 6 40 3 0
177952 1 3 40 1 0
199820 0 6 40 1 1
177519 0 6 41 1 0
177628 0 6 41 3 0
177630 1 3 41 1 0
177906 0 6 41 1 0
178206 1 3 41 3 0
178240 0 6 41 3 1
179127 1 4 41 0 0
179225 0 6 41 1 0
179415 0 6 41 1 0
177435 0 6 42 1 0
177522 1 3 42 1 0
177669 0 6 42 1 0
177848 1 4 42 4 0
178501 0 6 42 1 1
201605 1 3 42 1 0
354842 0 6 42 0 0
177653 0 6 43 1 0
178269 0 6 43 1 1
178502 0 6 43 3 0
336969 0 6 43 3 0
170412 0 6 44 4 0
177437 1 2 44 1 0
177523 1 4 44 3 0
177670 1 4 44 3 0
177786 1 4 44 1 0
177905 1 4 44 1 0
178040 1 5 44 1 0
178639 0 6 44 1 0
178789 0 6 44 1 0
179408 1 4 44 1 0
355968 1 3 44 0 0
177521 0 6 45 1 0
177631 1 4 45 1 0
177908 0 6 45 3 0
177909 0 6 45 3 0
178034 0 6 45 1 0
178163 1 3 45 3 1
178236 1 3 45 1 0
178638 0 6 45 1 1
179223 1 2 45 1 1
183984 0 6 45 2 0
199821 1 3 45 1 0
355435 0 6 45 0 0
167847 0 6 46 2 0
177654 1 3 46 1 0
178522 0 6 46 1 1
354844 1 2 46 1 0
179169 0 6 47 1 0
336830 0 6 47 4 0
174002 1 4 48 3 0
178164 1 3 48 3 0
178959 1 3 48 1 0
178963 0 6 48 1 0
200272 1 5 48 1 0
355967 0 6 48 0 0
158226 0 6 49 2 0
178520 0 6 49 1 1
178641 1 2 49 3 0
178647 1 3 49 1 0
178761 0 6 49 1 0
178792 1 3 49 3 0
179189 0 6 49 1 0
179344 0 6 49 1 0
183983 0 6 49 1 1
200851 1 5 49 1 0
201068 0 6 49 1 0
354841 0 6 49 0 0
98586 1 2 50 3 0
177884 0 6 50 1 0
178041 0 6 50 3 0
178521 0 6 50 1 0
179220 0 6 50 3 0
179329 1 4 50 1 0
200556 0 6 50 1 0
200906 0 6 50 1 0
158223 0 6 51 0 0
177500 1 3 51 1 0
177827 1 3 51 3 0
201378 1 3 51 1 0
179221 1 3 52 3 0
199721 0 6 52 1 0
200557 0 6 52 1 0
200850 1 3 52 1 0
200853 1 2 52 3 0
98962 0 6 53 2 0
158225 0 6 53 1 1
177851 1 4 53 1 0
178519 0 6 53 1 0
178523 0 6 53 2 0
178748 1 3 53 1 0
178907 0 6 53 1 1
183981 0 6 53 1 0
199705 1 2 53 1 0
200246 1 2 53 1 0
200465 0 6 53 4 1
201566 1 4 53 1 0
119756 0 6 54 3 0
158231 0 6 54 1 0
172189 0 6 54 3 0
177883 0 6 54 1 0
178642 1 2 54 3 0
199720 0 6 54 1 0
199722 0 6 54 3 1
200811 1 3 54 1 0
200896 1 3 54 1 0
201003 0 6 54 1 0
201246 1 4 54 4 0
201375 0 6 54 1 0
201408 0 6 54 3 1
201570 0 6 54 3 0
201800 0 6 54 1 0
120547 0 6 55 2 0
178038 0 6 55 4 1
178543 0 6 55 1 0
199884 0 6 55 1 0
201568 1 4 55 1 0
32994 0 6 56 3 0
178262 1 4 56 4 1
178749 0 6 56 1 1
199716 0 6 56 1 0
200559 0 6 56 3 0
201004 0 6 56 3 0
201576 0 6 56 1 0
178908 0 6 57 3 0
179000 1 4 57 3 0
199881 1 3 57 1 0
200259 0 6 57 3 0
200565 0 6 57 4 1
200895 1 3 57 0 0
201002 0 6 57 1 0
201801 0 6 57 1 0
314368 1 3 57 2 0
32995 0 6 58 3 0
199657 0 6 58 1 0
199814 1 3 58 3 0
199935 0 6 58 1 0
200113 0 6 58 1 0
200247 0 6 58 3 1
447093 0 6 58 3 1
119758 1 3 59 1 1
123919 1 2 59 3 0
166295 1 3 59 3 0
178999 1 3 59 3 1
200424 1 3 59 1 0
200786 0 6 59 1 1
201247 0 6 59 1 0
201574 0 6 59 3 0
474828 0 6 59 3 0
91476 1 4 60 3 0
119757 1 3 60 0 0
162935 1 3 60 3 0
179008 1 3 60 2 0
201578 0 6 60 3 0
417347 0 6 60 3 0
121277 0 6 61 1 1
177893 0 6 61 4 1
199661 1 3 61 3 0
200178 1 3 61 1 0
200566 0 6 61 4 0
200587 1 3 61 1 0
201000 0 6 61 0 0
201411 0 6 61 3 1
123917 0 6 62 3 0
166296 0 6 62 3 0
166301 1 2 62 1 0
179009 0 6 62 3 1
179804 1 3 62 2 1
199680 0 6 62 1 0
200111 1 3 62 3 1
200406 1 5 62 1 0
201194 1 2 62 3 0
201345 1 4 62 1 0
216477 1 4 62 2 0
320798 1 4 62 3 0
542181 0 6 62 3 0
120149 1 4 63 1 0
166298 0 6 63 4 0
177892 1 4 63 4 1
177894 1 3 63 4 1
199666 0 6 63 1 0
199683 1 2 63 3 0
200018 0 6 63 1 0
200414 0 6 63 1 0
200437 1 2 63 1 0
200499 0 6 63 4 1
200949 1 3 63 1 0
201344 0 6 63 0 0
417343 1 3 63 3 1
119759 0 6 64 3 0
123916 1 2 64 3 0
199936 1 4 64 1 0
200159 1 3 64 1 0
200194 0 6 64 3 0
201347 0 6 64 3 0
201409 0 6 64 2 0
201751 0 6 64 1 0
119751 1 3 65 1 0
120770 1 3 65 1 0
177900 0 6 65 3 0
200588 0 6 65 3 1
200630 0 6 65 1 0
200937 0 6 65 1 0
200938 1 3 65 1 0
201193 0 6 65 3 0
416128 1 3 65 3 1
199681 0 6 66 2 0
200436 0 6 66 1 0
200973 1 1 66 1 0
114609 0 6 67 3 0
179007 1 3 67 1 1
199696 1 4 67 1 0
199778 1 4 67 1 0
199889 1 4 67 3 0
199966 0 6 67 1 0
201647 1 3 67 1 0
201753 1 4 67 3 0
203573 0 6 67 3 0
199693 1 3 68 1 1
199834 0 6 68 4 0
200160 0 6 68 1 0
200162 1 4 68 3 1
200299 1 3 68 1 0
200438 1 3 68 3 0
200450 0 6 68 3 0
200939 1 3 68 1 0
200990 0 6 68 1 0
201520 1 3 68 4 1
40712 0 6 69 3 0
119750 0 6 69 1 0
120773 0 6 69 3 1
177513 1 3 69 4 1
179005 0 6 69 1 0
200416 0 6 69 3 0
200941 0 6 69 3 0
200994 1 2 69 3 0
201348 1 4 69 3 0
201591 1 2 69 1 0
529323 1 2 69 3 0
133763 1 5 70 3 1
178033 0 6 70 1 0
199777 1 3 70 4 0
199782 1 4 70 3 1
199955 0 6 70 0 0
200184 1 4 70 1 0
200738 1 4 70 3 0
201140 1 2 70 1 1
201328 0 6 70 1 0
201750 0 6 70 3 0
201752 1 4 70 1 0
201754 1 3 70 3 0
464891 1 2 70 3 0
201067 1 3 71 1 0
201603 1 3 71 2 0
121071 0 6 72 3 0
199956 0 6 72 1 0
200183 0 6 72 0 0
200283 1 4 72 4 0
200989 0 6 72 1 0
201560 1 4 72 1 0
201648 1 3 72 1 0
357130 0 6 72 4 0
120142 1 3 73 1 0
145303 1 3 73 3 0
177830 1 2 73 1 0
178254 0 6 73 1 0
200023 1 3 73 1 0
200449 0 6 73 1 0
200580 0 6 73 3 0
200792 1 3 73 1 0
200963 1 3 73 3 1
200976 0 6 73 1 0
200992 0 6 73 1 1
201757 0 6 73 3 0
72380 0 6 74 3 0
120143 0 6 74 1 0
121072 0 6 74 3 0
201723 0 6 74 1 0
201756 0 6 74 4 1
133762 0 6 75 1 0
199915 1 2 75 0 0
200102 0 6 75 1 0
200578 0 6 75 1 0
200795 0 6 75 1 0
201755 0 6 75 4 1
201443 1 4 76 1 0
201512 0 6 76 1 0
120145 0 6 77 3 0
121073 0 6 77 3 0
145302 1 3 77 3 0
177829 0 6 77 1 1
177837 1 3 77 3 0
179343 0 6 77 1 0
199734 0 6 77 1 0
199959 0 6 77 1 0
200172 0 6 77 0 0
200867 0 6 77 4 0
200977 0 6 77 1 0
201725 0 6 77 3 0
133093 1 3 78 1 1
200716 1 3 78 1 0
200793 0 6 78 1 0
200796 0 6 78 3 1
201164 0 6 78 3 1
300466 1 3 78 3 0
121002 1 3 79 3 0
121194 1 3 79 1 0
177832 0 6 79 3 0
178894 1 3 79 3 0
201077 0 6 79 4 0
201165 0 6 79 3 0
201514 1 3 79 3 0
199960 0 6 80 1 0
201282 0 6 80 1 0
120637 0 6 81 2 0
144436 0 6 81 3 0
181512 0 6 81 3 0
200174 0 6 81 3 0
200195 1 4 81 1 0
203937 0 6 81 3 0
305252 0 6 81 2 0
418311 0 6 81 3 0
199732 0 6 82 1 0
201283 0 6 82 3 0
66329 1 2 83 3 0
121075 1 3 83 2 0
126890 0 6 83 3 0
179412 0 6 83 1 0
200176 0 6 83 1 0
203936 0 6 83 1 0
120999 0 6 84 1 0
120638 0 6 85 2 0
181510 1 3 85 2 0
201284 1 3 85 3 0
246492 1 4 85 2 1
120826 0 6 86 1 0
120998 0 6 86 1 0
121000 0 6 86 1 0
203302 1 3 86 1 0
235232 1 3 86 3 0
121074 1 3 87 2 0
179413 0 6 87 1 0
20987 1 4 88 3 0
121309 0 6 88 1 0
144639 1 2 88 3 1
203301 1 2 88 1 0
120827 0 6 89 3 0
203369 0 6 89 1 0
20641 1 4 90 3 1
120996 0 6 90 1 0
243586 1 4 90 3 0
179324 0 6 91 1 0
250302 0 6 91 3 0
121047 1 5 92 1 0
20638 0 6 93 0 0
120995 1 1 93 1 0
202589 0 6 93 1 0
203959 0 6 93 3 1
120957 0 6 94 4 0
121050 0 6 94 1 0
202819 1 3 94 1 0
120520 1 4 95 1 0
136955 1 2 95 3 0
121048 0 6 96 1 0
202591 0 6 96 1 0
202820 0 6 96 3 0
119603 0 6 97 1 0
202540 1 3 97 1 0
202595 0 6 97 3 0
263301 1 1 97 2 0
121049 0 6 98 1 0
202251 1 2 98 3 0
202592 1 3 98 1 0
203300 0 6 98 1 0
340791 0 6 98 3 0
465455 1 2 98 3 0
120700 0 6 99 1 0
136949 1 4 99 3 0
202590 1 5 99 1 0
69409 1 4 100 3 1
102127 1 4 100 3 0
120636 1 3 100 1 0
120704 0 6 100 1 0
203200 0 6 100 1 0
263302 0 6 100 3 1
119608 1 3 101 3 0
119912 0 6 101 1 0
202459 0 6 101 1 0
202541 0 6 101 1 0
202542 0 6 101 1 0
203304 0 6 101 3 0
99559 1 3 102 3 0
202593 0 6 102 2 0
203581 0 6 102 1 1
119645 1 4 103 1 0
119672 1 4 103 1 0
119781 0 6 103 1 0
120131 0 6 103 1 1
120702 1 3 103 3 0
203201 1 3 103 2 0
203459 0 6 103 4 0
465456 0 6 103 3 0
120640 1 2 104 2 0
121310 1 3 104 1 0
203461 0 6 104 1 0
210804 0 6 105 3 0
112981 0 6 106 3 0
120300 1 2 106 3 0
120305 0 6 106 3 1
203199 0 6 106 1 0
203954 1 4 106 1 0
321556 0 6 106 3 1
339455 1 3 106 2 0
119789 0 6 107 0 0
120635 0 6 107 0 0
220062 1 2 107 3 1
308980 1 3 107 3 0
499166 0 6 107 3 0
119840 0 6 108 1 0
120049 0 6 108 1 0
134392 1 2 108 3 0
203956 0 6 108 2 0
119674 1 3 109 3 0
203460 1 3 109 1 0
203955 1 3 109 1 0
217835 1 4 109 1 0
486740 1 4 109 3 0
507990 1 3 109 2 1
120632 0 6 110 1 0
121193 0 6 110 4 0
304455 1 3 110 2 1
119839 0 6 111 3 0
119843 0 6 111 3 0
120600 1 3 111 1 0
217914 0 6 111 1 0
312749 0 6 111 2 0
119776 1 2 112 2 0
119792 0 6 112 3 0
119841 1 4 112 1 0
121218 1 5 112 1 0
203108 0 6 112 1 0
203359 0 6 112 1 0
498877 0 6 112 3 1
499167 0 6 112 3 0
7674 1 4 113 2 0
120429 1 5 113 1 1
120602 1 3 113 3 0
121135 0 6 113 1 0
121141 0 6 113 3 0
134391 1 3 113 3 0
202436 0 6 113 1 0
203947 0 6 113 3 0
120601 0 6 114 1 0
328956 1 2 114 3 0
27701 0 6 115 3 0
117885 0 6 115 3 0
120598 1 5 115 1 0
202439 0 6 115 3 0
203934 1 3 116 1 0
202434 1 4 117 1 0
216630 1 2 117 1 0
411340 0 6 117 3 0
120037 1 5 118 1 0
203823 0 6 118 1 0
290511 0 6 118 2 0
203935 0 6 119 1 0
202981 0 6 120 1 0
290508 1 4 120 4 0
202438 1 3 121 3 1
216356 0 6 121 1 0
411341 0 6 121 3 0
218024 1 4 123 2 0
316920 0 6 123 3 0
318819 1 2 123 3 0
217818 0 6 125 1 0
318820 1 2 125 3 0
217685 1 4 126 1 0
218640 1 2 126 4 0
318824 1 5 126 3 0
527257 0 6 126 3 1
216978 0 6 127 1 0
217742 1 3 127 1 0
217076 1 3 129 1 0
217741 0 6 129 1 1
217737 0 6 130 1 0
318823 0 6 130 3 0
216228 1 3 131 1 0
216405 0 6 132 1 0
217360 1 2 132 1 0
217074 0 6 133 3 0
216941 1 4 134 1 0
216969 0 6 134 1 0
217361 0 6 134 1 0
216213 1 3 136 2 0
216885 0 6 136 1 0
216968 0 6 136 1 0
217363 1 3 136 1 0
217854 0 6 136 1 0
217362 1 4 137 1 0
216970 1 2 139 3 0
271762 1 4 139 3 0
217006 1 3 140 1 0
216215 1 3 141 3 0
217120 0 6 142 1 0
217366 0 6 142 1 0
216800 1 3 143 1 0
217861 1 4 143 1 0
217159 1 3 144 1 0
217191 1 2 144 1 0
188224 1 4 145 3 0
217019 0 6 145 1 0
217069 0 6 145 1 0
217266 0 6 145 4 1
217853 0 6 145 1 0
217007 0 6 146 1 0
217190 0 6 146 1 0
217248 0 6 146 1 0
197734 1 3 147 3 0
216799 1 4 147 1 0
217250 0 6 147 1 0
217344 0 6 147 1 0
217705 0 6 147 1 0
233163 1 4 147 3 0
217139 0 6 148 1 0
176470 1 3 149 3 0
216798 1 4 149 0 0
217024 0 6 149 3 1
217347 0 6 149 3 0
217380 1 4 149 1 0
217709 1 5 149 3 0
216578 0 6 150 1 0
217008 0 6 150 1 0
217192 0 6 150 3 1
217241 0 6 150 1 0
46984 1 4 151 3 0
188225 0 6 151 3 1
216350 1 4 151 1 0
216490 0 6 151 1 0
216583 0 6 151 3 0
412833 0 6 151 2 0
188222 0 6 152 2 0
216954 0 6 152 1 0
217014 0 6 152 0 0
217030 1 2 152 1 0
217104 1 4 152 1 0
217244 1 3 152 3 1
216491 0 6 153 1 0
216693 0 6 153 1 0
216801 0 6 153 1 0
217200 1 4 153 3 0
217226 1 3 153 3 0
217601 0 6 153 1 0
217706 0 6 153 1 0
271218 0 6 153 2 1
327117 0 6 153 3 1
46983 1 3 154 3 0
216493 1 3 154 3 0
216810 0 6 154 4 1
217031 0 6 154 1 0
217580 1 2 154 1 0
217793 1 4 154 1 0
187735 0 6 155 3 0
216764 1 4 155 3 0
217103 1 4 155 1 0
217199 0 6 155 3 0
217261 0 6 155 1 0
217581 1 5 155 1 0
217778 0 6 155 4 0
272361 1 3 155 3 0
406055 1 2 155 3 0
216335 1 3 156 3 0
216739 0 6 156 1 0
217688 0 6 156 1 1
216449 0 6 157 1 0
216648 0 6 157 4 0
216692 0 6 157 0 0
216828 0 6 157 1 0
217505 0 6 157 1 0
217794 1 3 157 3 1
217937 1 4 157 3 1
272358 1 3 157 0 0
216336 0 6 158 4 0
216393 0 6 158 4 1
216643 0 6 158 1 0
216766 0 6 158 2 0
217136 0 6 158 1 0
217583 0 6 158 3 0
217690 0 6 158 1 0
217934 0 6 158 1 0
272928 0 6 158 3 0
158088 1 2 159 3 0
216450 1 2 159 3 0
216882 0 6 159 3 0
216934 1 2 159 1 0
216936 1 5 159 1 0
217060 0 6 159 1 0
217708 0 6 159 3 0
137283 1 4 160 3 0
216725 0 6 160 1 0
217002 0 6 160 1 0
217063 0 6 160 3 0
217405 1 4 160 1 0
217689 1 3 160 1 0
217777 0 6 160 4 0
217935 0 6 160 2 0
216399 1 4 161 1 0
216579 1 3 161 1 0
217037 0 6 161 1 0
217134 0 6 161 1 1
237602 0 6 161 3 1
216451 0 6 162 3 0
216503 0 6 162 1 0
216529 0 6 162 1 0
216694 0 6 162 1 1
216863 0 6 162 1 0
216933 1 4 162 1 0
216937 0 6 162 3 0
217125 0 6 162 1 0
217578 0 6 162 0 0
272359 0 6 162 0 0
216401 0 6 163 3 0
216729 0 6 163 1 0
216744 1 2 163 1 0
216277 1 3 164 1 0
216548 1 3 164 1 1
216848 1 4 164 4 1
216859 1 4 164 1 0
216906 1 4 164 1 0
217126 0 6 164 3 1
217447 1 3 164 1 1
217644 1 4 164 1 0
335624 0 6 164 3 0
216226 0 6 165 0 0
216413 1 3 165 1 0
216551 0 6 165 2 0
217135 0 6 165 1 0
216471 0 6 166 1 0
216504 1 2 166 1 0
216546 1 3 166 4 1
216731 0 6 166 3 0
217376 0 6 166 1 0
346742 0 6 166 3 0
188066 1 3 167 2 0
216411 0 6 167 3 0
216530 1 5 167 1 0
216743 1 3 167 1 0
217128 0 6 167 1 0
217268 1 3 167 2 0
217791 1 2 167 2 0
217929 0 6 167 1 0
272499 1 5 167 0 0
486682 1 4 167 2 0
216279 1 2 168 3 0
216728 0 6 168 0 0
216862 0 6 168 2 0
217699 0 6 168 3 0
189142 0 6 169 3 0
216224 0 6 169 3 0
216745 1 2 169 3 0
217133 1 4 169 1 0
217445 0 6 169 1 0
188067 0 6 170 3 0
216469 1 3 170 0 0
216531 0 6 170 3 0
216993 0 6 170 1 0
346748 0 6 170 3 1
216276 0 6 171 1 0
216746 1 4 171 3 0
216860 0 6 171 1 0
217503 1 4 171 4 1
216242 0 6 172 1 0
216466 1 3 172 1 0
216907 1 3 172 1 0
217427 1 3 172 1 0
217446 0 6 172 1 0
217648 0 6 172 1 0
217062 0 6 173 1 0
347494 0 6 173 4 0
486683 1 2 173 2 1
216905 0 6 174 1 0
217121 1 5 174 1 0
217448 0 6 174 3 0
217681 0 6 174 1 1
217839 0 6 174 1 0
217550 0 6 175 1 0
216378 1 3 176 1 0
216908 1 3 178 3 1
217449 0 6 178 3 0
216914 1 3 181 3 0
96772 0 6 182 3 1
