274808 3 2 0 0
64554 4 3 3 0
215741 4 3 3 0
319748 4 3 0 0
360872 4 3 3 0
530501 4 3 0 0
78422 5 2 3 0
435523 5 1 1 0
475493 5 4 3 0
290406 7 4 1 0
292550 8 3 3 0
274817 9 1 3 0
291946 10 1 3 0
290405 11 2 1 0
435456 11 4 1 0
196 12 3 3 0
291000 13 2 4 0
290407 14 3 3 0
292549 14 4 3 0
293028 15 3 3 0
116938 16 3 3 0
233168 16 3 1 0
234271 16 2 1 0
290379 16 1 3 0
291040 16 4 3 0
291793 16 3 3 0
292548 16 3 1 0
292857 16 4 1 0
233720 17 1 1 0
292170 17 3 1 0
367074 17 3 3 0
290709 18 2 1 0
292406 18 1 1 0
293213 18 3 1 0
233178 19 4 1 0
291550 19 4 1 0
291718 19 2 1 0
292527 19 2 1 0
292792 19 4 1 0
292801 19 2 1 0
450582 19 2 3 0
132691 20 3 3 0
233369 20 3 1 0
234469 20 4 1 0
290408 20 3 3 0
292951 20 2 1 0
292071 21 2 1 0
292804 21 4 1 0
292941 21 3 0 0
145794 22 3 3 0
233717 22 3 1 0
291035 22 2 1 0
291837 22 2 1 0
292270 22 2 1 0
293221 22 2 3 0
309427 22 2 3 1
327365 22 3 2 0
333411 22 3 3 0
60073 23 3 3 0
151177 23 3 2 0
290318 23 3 1 0
290378 23 4 1 0
360935 23 3 3 0
553952 23 2 3 0
233718 24 4 1 0
234472 24 3 4 0
290948 24 2 1 0
291111 24 2 1 0
292426 24 2 3 0
292591 24 1 1 0
292657 24 4 1 0
366183 24 3 3 0
104442 25 2 2 0
151176 25 2 1 0
151178 25 1 1 0
290457 25 4 1 0
290817 25 1 1 0
293037 25 1 0 0
327364 25 2 0 0
382430 25 2 2 1
450617 25 2 4 0
290492 26 2 1 0
290569 26 2 1 0
291631 26 3 1 0
291903 26 2 1 0
292659 26 3 3 0
333409 26 3 1 0
233723 27 3 3 0
290519 27 3 1 0
292720 27 1 1 0
292806 27 2 3 1
366182 27 2 1 0
547986 27 3 2 0
59112 28 1 1 0
60511 28 4 1 1
232728 28 2 1 0
233977 28 4 1 0
290381 28 2 4 0
292274 28 2 1 0
290452 29 4 1 0
290521 29 3 3 0
291708 29 2 1 0
291900 29 2 0 0
292595 29 3 3 0
331902 29 4 3 0
382432 29 3 3 0
234606 30 2 1 0
290398 30 4 0 0
292032 30 4 1 0
461764 30 3 1 0
490586 30 3 2 0
233541 31 3 1 0
290710 31 3 1 0
292299 31 3 1 0
292719 31 3 1 0
462321 31 2 1 0
229987 32 3 3 0
233097 32 3 3 0
273774 32 3 3 0
290520 32 2 2 0
292721 32 3 3 0
461732 32 3 1 0
462134 32 2 1 0
462178 32 2 1 0
230303 33 1 4 0
291183 33 3 3 0
291259 33 4 1 0
291707 33 4 1 0
429248 33 3 3 0
233263 34 2 1 0
234440 34 4 1 0
292491 34 3 1 0
311304 34 3 3 0
512509 34 3 1 0
59104 35 3 1 0
59113 35 3 1 0
59621 35 1 1 0
232897 35 3 1 0
233056 35 2 1 0
290697 35 2 1 0
290750 35 4 4 0
291902 35 3 1 0
6631 36 3 3 0
39964 36 3 3 0
232895 36 2 1 0
233264 36 2 1 0
233622 36 3 1 0
291252 36 2 1 0
292378 36 4 1 0
292440 36 2 1 0
309591 36 2 2 0
58623 37 2 1 0
60805 37 3 3 0
85556 37 3 3 0
165244 37 2 3 0
233294 37 2 1 0
233605 37 2 4 0
233842 37 2 1 0
279545 37 2 3 0
290296 37 3 1 0
290704 37 3 3 0
290802 37 5 1 0
293231 37 2 3 0
366180 37 3 1 0
547329 37 4 3 0
233627 38 3 1 0
234033 38 2 1 0
257378 38 3 3 0
290716 38 2 1 0
291260 38 4 3 0
291261 38 3 3 0
292813 38 2 1 0
60855 39 1 1 0
292978 39 3 1 0
20992 40 4 3 0
58587 40 2 1 0
59288 40 3 2 0
60457 40 3 1 0
165245 40 3 3 0
172039 40 3 3 0
233098 40 4 3 0
233174 40 4 3 0
290298 40 3 1 0
291254 40 3 3 1
292716 40 1 3 0
293206 40 3 1 0
58559 41 3 1 0
232863 41 2 1 0
291257 41 4 1 0
58585 42 3 1 0
58628 42 2 3 0
232779 42 3 1 0
232865 42 2 2 0
233630 42 4 3 0
233969 42 3 1 0
290748 42 2 4 1
292780 42 4 1 0
292815 42 3 1 0
292981 42 3 3 0
293131 42 3 1 0
58680 43 3 1 0
85557 43 4 3 0
232904 43 3 3 0
234034 43 3 3 0
290718 43 3 3 0
291495 43 4 1 0
292626 43 3 1 0
293136 43 3 3 0
58563 44 3 3 0
59004 44 3 1 0
60858 44 2 3 0
234296 44 3 1 0
489965 44 2 3 0
58906 45 1 1 0
59704 45 1 1 0
222025 45 3 3 0
232780 45 3 3 0
278635 45 3 3 0
291029 45 4 1 0
291496 45 4 1 0
482985 45 3 3 0
53084 46 3 3 0
58565 46 4 1 0
58584 46 3 4 0
59395 46 2 1 0
59636 46 2 1 0
60067 46 3 1 0
233970 46 3 3 0
239818 46 2 3 0
291105 46 3 0 0
291345 46 4 3 0
291995 46 1 1 0
292603 46 3 2 0
293134 46 3 2 1
364126 46 3 3 0
365425 46 4 1 0
382328 46 3 3 0
59200 47 3 3 1
59751 47 4 2 0
232601 47 1 1 0
290308 47 4 1 0
291034 47 4 3 0
291511 47 3 1 0
292816 47 4 3 1
292822 47 4 3 0
45579 48 3 2 0
60075 48 2 1 0
60533 48 3 1 0
60661 48 4 1 0
60700 48 2 1 0
232511 48 1 1 0
233008 48 2 1 0
234339 48 2 1 0
291107 48 4 3 0
292683 48 3 1 0
365423 48 2 1 0
36085 49 2 3 0
58672 49 2 1 1
60145 49 2 1 0
60146 49 3 1 0
232513 49 3 3 0
290454 49 4 3 1
364127 49 2 3 0
58632 50 3 1 0
59393 50 2 0 0
60232 50 3 1 0
60409 50 3 1 0
60435 50 1 1 0
60532 50 3 0 0
60703 50 3 3 0
232512 50 3 2 1
232894 50 2 3 1
291499 50 3 3 0
291610 50 3 2 1
291618 50 3 1 0
291996 50 3 3 0
292881 50 3 2 1
293146 50 3 1 0
354054 50 3 3 0
389310 50 3 3 0
53081 51 3 1 0
59498 51 4 1 0
59634 51 4 1 0
60237 51 2 1 0
60701 51 2 1 0
233016 51 2 2 0
239819 51 3 3 0
290878 51 3 1 0
53080 52 3 1 0
59500 52 2 3 0
59960 52 2 1 0
60234 52 2 3 0
60235 52 1 3 0
60526 52 3 1 0
130152 52 3 3 1
232879 52 3 1 0
234303 52 2 1 0
290310 52 4 1 0
58832 53 2 1 0
59191 53 3 1 0
59202 53 2 3 0
59845 53 4 1 0
233339 53 4 1 0
278763 53 2 3 0
292874 53 3 1 0
59735 54 3 1 0
59818 54 4 1 0
238611 54 2 1 0
290534 54 2 1 0
290927 54 3 1 0
291133 54 3 1 0
448826 54 2 2 0
53386 55 2 1 0
58673 55 4 3 0
58783 55 3 3 0
58831 55 2 1 1
60288 55 4 1 0
60677 55 1 1 0
60702 55 3 3 0
60790 55 2 3 0
102910 55 3 2 0
234620 55 4 1 0
290906 55 2 1 0
292875 55 3 3 0
292984 55 2 1 0
31170 56 4 4 0
58819 56 2 3 0
59847 56 2 2 0
59962 56 2 3 0
232881 56 3 3 0
237075 56 2 1 0
290301 56 3 2 0
290425 56 1 2 0
290708 56 4 1 0
291207 56 4 1 0
292047 56 2 3 0
292188 56 2 1 0
292889 56 4 1 0
500021 56 1 3 0
20515 57 3 3 0
29079 57 2 4 0
53083 57 3 3 0
58766 57 2 3 0
59137 57 3 4 1
59361 57 3 1 0
112007 57 2 3 0
158424 57 4 2 0
232568 57 3 4 0
291782 57 3 1 0
291866 57 3 3 0
58949 58 3 4 1
59737 58 1 3 0
59982 58 3 4 0
231841 58 3 2 1
290620 58 3 1 0
291190 58 2 3 0
291209 58 2 3 1
291519 58 3 1 0
52732 59 2 1 0
59151 59 3 3 0
60284 59 3 3 0
233071 59 3 1 0
234356 59 2 1 0
290907 59 2 3 0
290926 59 3 1 0
31169 60 3 4 0
59134 60 2 3 0
362208 60 3 1 0
59961 61 2 3 0
111709 61 3 3 0
112144 61 2 3 0
219903 61 3 3 1
232998 61 2 1 0
233127 61 3 1 0
233290 61 2 1 0
291783 61 3 3 0
292184 61 3 1 0
20607 62 2 1 0
21524 62 2 1 0
52738 62 3 1 0
53404 62 2 1 0
59198 62 3 1 0
60095 62 2 4 0
80796 62 2 3 0
232630 62 3 1 0
233346 62 1 1 0
233812 62 2 1 0
291380 62 4 3 0
291517 62 3 0 0
293103 62 2 1 0
22207 63 3 1 0
52660 63 1 1 0
53252 63 3 1 1
58007 63 2 3 1
234077 63 3 3 0
234357 63 3 1 0
360328 63 2 1 0
511714 63 3 3 0
52733 64 2 1 0
52737 64 3 1 0
53940 64 3 1 0
59549 64 2 1 0
80795 64 3 2 0
233821 64 3 1 0
234358 64 4 2 0
291308 64 3 3 0
292284 64 4 3 0
292382 64 3 1 0
293175 64 3 3 0
21391 65 3 1 0
53531 65 2 4 1
53891 65 2 1 0
291456 65 4 0 0
291706 65 2 0 0
292652 65 2 3 0
21671 66 1 1 0
52417 66 3 1 0
53401 66 4 1 0
54201 66 2 1 0
80797 66 3 3 1
186440 66 3 3 0
186894 66 3 4 1
233258 66 3 4 0
233938 66 3 1 0
234072 66 4 0 0
291136 66 2 3 0
291309 66 2 3 0
291422 66 3 3 0
292285 66 2 3 0
10964 67 2 2 0
20541 67 4 1 0
21249 67 4 1 0
22176 67 2 1 0
52834 67 1 1 0
53863 67 4 1 0
232631 67 3 3 0
233686 67 2 3 0
233823 67 3 1 0
284469 67 2 3 0
291307 67 3 2 0
322469 67 2 3 0
526986 67 3 3 0
21405 68 3 1 0
52694 68 4 1 0
52696 68 2 3 0
107649 68 2 2 1
276401 68 3 3 0
361460 68 2 1 0
459533 68 2 3 0
16818 69 4 2 0
20276 69 2 1 0
20463 69 2 1 0
20542 69 4 3 0
52524 69 3 1 0
52802 69 2 1 0
52835 69 2 1 0
60501 69 3 0 0
60509 69 3 3 0
232665 69 3 3 1
233094 69 3 0 0
284653 69 2 0 0
292651 69 3 3 1
314586 69 2 1 0
20115 70 2 1 0
20794 70 1 1 0
20911 70 2 1 0
21053 70 4 1 0
21930 70 2 1 0
52527 70 2 1 1
54284 70 3 1 0
234133 70 4 1 0
20513 71 2 1 0
21055 71 3 2 0
22020 71 3 1 0
22388 71 2 1 0
45677 71 4 2 0
54168 71 3 1 0
54281 71 2 1 0
54291 71 4 1 0
141700 71 3 3 0
234131 71 3 1 0
234135 71 2 3 0
280545 71 3 3 0
361239 71 3 1 0
10872 72 2 3 0
20149 72 4 1 0
21056 72 3 3 1
21190 72 3 0 0
146948 72 2 3 0
291458 72 4 2 0
313556 72 3 3 0
10871 73 2 3 0
20519 73 1 0 0
21052 73 2 1 0
21057 73 2 3 0
21675 73 2 3 0
60503 73 3 1 0
60505 73 4 3 0
233930 73 2 4 0
234127 73 2 0 0
234132 73 4 1 0
21685 74 1 1 0
22021 74 2 2 1
52674 74 3 1 0
53219 74 2 1 0
54046 74 3 1 0
54292 74 2 1 0
94237 74 4 3 0
233986 74 2 1 0
315347 74 4 2 0
362465 74 4 1 0
20726 75 2 0 0
21196 75 3 3 0
21686 75 4 1 0
22279 75 2 1 0
52675 75 2 1 0
54119 75 2 1 0
54225 75 2 1 0
273264 75 2 2 1
361231 75 1 3 0
361473 75 2 1 0
401303 75 3 3 0
20512 76 3 1 0
52345 76 3 1 0
52470 76 2 1 1
59923 76 2 1 0
106595 76 2 2 0
203609 76 4 3 0
234134 76 3 2 0
280544 76 3 1 0
361919 76 1 1 0
362333 76 2 1 0
362466 76 2 1 0
21407 77 4 3 0
52663 77 2 3 0
107134 77 3 1 0
234094 77 3 0 0
234524 77 2 3 0
360128 77 2 3 1
362025 77 2 1 0
20879 78 2 1 0
21403 78 3 1 0
21979 78 2 1 0
27125 78 3 3 0
53232 78 2 1 0
53466 78 2 1 0
53569 78 2 4 0
54120 78 2 1 0
107899 78 3 1 0
108049 78 2 1 0
138150 78 2 3 0
203608 78 4 3 0
233988 78 2 1 0
280542 78 4 1 0
280543 78 3 1 0
332203 78 4 2 0
361047 78 3 3 0
361212 78 2 1 0
361693 78 2 2 0
21102 79 3 1 0
53135 79 3 1 0
93132 79 2 1 0
359972 79 1 1 0
20880 80 3 1 1
21414 80 3 3 0
52630 80 3 1 0
53238 80 1 1 1
53770 80 3 1 0
54022 80 2 1 0
93800 80 2 1 0
138149 80 3 1 0
232980 80 3 1 0
280217 80 3 1 0
361213 80 2 3 0
361944 80 2 3 0
20110 81 3 1 0
22258 81 4 1 0
52638 81 3 3 0
54053 81 2 4 0
58593 81 1 1 0
93084 81 2 1 0
107902 81 3 3 0
280170 81 3 1 0
360124 81 2 1 1
360988 81 2 1 0
361210 81 3 1 0
362336 81 3 3 0
362562 81 4 1 0
362570 81 2 1 0
20127 82 3 1 0
52609 82 3 1 0
52619 82 3 1 0
54260 82 3 1 0
107136 82 4 2 0
107683 82 3 3 0
139061 82 1 1 0
233389 82 3 1 0
359974 82 2 1 0
361313 82 3 1 0
362371 82 3 1 0
362564 82 2 3 1
21627 83 3 1 0
23585 83 1 3 0
93196 83 2 3 0
94470 83 3 1 0
232982 83 3 3 0
295658 83 3 2 0
361475 83 4 2 0
362383 83 3 1 0
391026 83 3 1 0
401365 83 2 0 0
20116 84 2 1 0
21337 84 2 0 1
52347 84 3 1 0
52615 84 3 1 0
52756 84 2 2 0
52790 84 3 3 0
53417 84 4 1 0
53468 84 4 1 0
54021 84 3 0 0
93311 84 3 1 0
93735 84 2 1 0
280321 84 2 1 0
280345 84 2 1 0
280346 84 3 1 0
280407 84 2 1 0
280826 84 4 3 0
280991 84 2 1 0
360414 84 2 1 0
361481 84 2 3 0
361805 84 2 3 0
435099 84 4 4 1
52348 85 2 2 0
52356 85 3 4 0
53727 85 2 1 0
54200 85 3 3 0
54250 85 2 1 0
93731 85 3 1 0
93996 85 3 1 0
233051 85 3 1 0
280698 85 2 1 0
351170 85 2 3 0
361059 85 3 1 0
361332 85 3 1 0
20125 86 2 1 0
20645 86 1 3 0
52344 86 2 1 0
52610 86 2 3 0
52906 86 2 2 0
52907 86 2 2 0
53134 86 4 1 0
53853 86 2 1 1
93613 86 3 3 1
94074 86 3 1 0
94296 86 3 1 0
210900 86 3 2 1
234390 86 3 1 0
234455 86 1 0 0
236644 86 3 0 0
236645 86 4 1 0
280823 86 2 1 1
359975 86 2 3 0
361211 86 3 1 0
361827 86 2 1 0
361967 86 4 1 0
20103 87 5 1 0
20628 87 2 1 0
52614 87 3 1 0
54276 87 2 3 0
66191 87 1 3 0
93840 87 3 3 0
94411 87 2 1 0
209074 87 3 3 0
216213 87 3 3 0
232869 87 3 1 0
234185 87 3 1 0
280110 87 4 3 0
280171 87 4 3 1
280231 87 4 3 0
280344 87 2 1 0
280476 87 2 3 0
351167 87 2 1 0
359940 87 2 1 0
362370 87 3 1 0
400921 87 3 3 0
472032 87 3 3 1
23582 88 3 0 0
53799 88 3 1 0
54028 88 3 1 0
93310 88 3 1 0
93317 88 3 3 0
94052 88 4 3 0
94518 88 2 2 0
113261 88 3 1 1
233853 88 2 1 0
233992 88 3 3 0
274389 88 3 2 0
280155 88 3 1 0
281078 88 3 1 0
281361 88 4 2 0
317184 88 3 3 0
360892 88 3 4 1
361901 88 2 1 0
416927 88 2 3 0
435453 88 4 2 0
20309 89 3 1 1
66190 89 2 3 0
93838 89 3 1 0
94410 89 2 1 1
133373 89 1 3 0
198275 89 4 3 0
235243 89 3 1 0
280230 89 3 3 0
280473 89 3 1 0
280699 89 3 1 0
280992 89 3 1 0
360436 89 2 1 0
360684 89 3 1 0
361037 89 3 1 0
361390 89 3 1 1
361975 89 3 1 0
362137 89 4 1 1
362372 89 3 3 1
20629 90 3 1 0
21076 90 4 1 0
53798 90 2 1 0
83794 90 3 4 0
209075 90 2 3 0
232733 90 3 3 0
281190 90 4 1 0
360080 90 3 2 0
360103 90 3 1 0
360737 90 3 3 1
360821 90 1 1 0
361474 90 3 1 0
20117 91 3 3 0
20173 91 3 2 0
20315 91 3 1 0
22107 91 3 1 0
22132 91 3 1 0
23586 91 3 3 0
53094 91 1 1 0
53807 91 3 1 0
54025 91 2 0 0
66192 91 2 0 0
93982 91 4 4 0
94593 91 4 4 0
108509 91 2 1 0
234187 91 2 3 0
235725 91 3 1 0
281162 91 2 2 0
360104 91 3 1 0
360963 91 3 1 0
361391 91 2 1 0
362139 91 4 3 1
416932 91 2 3 0
433275 91 2 2 0
481221 91 3 3 0
16865 92 2 3 0
20678 92 2 3 0
53471 92 4 4 0
53678 92 4 3 0
280482 92 2 3 0
281258 92 3 1 0
360216 92 3 1 0
360439 92 2 3 0
360675 92 2 1 0
361340 92 3 1 0
362510 92 4 1 0
21521 93 2 1 0
21835 93 3 1 0
22002 93 1 1 0
22108 93 1 1 0
37395 93 4 3 0
52483 93 1 1 0
93522 93 4 3 1
228476 93 2 2 0
233852 93 4 1 0
234046 93 2 1 0
235248 93 3 1 0
235509 93 3 1 0
269092 93 3 3 1
279872 93 4 1 0
280153 93 2 3 0
280479 93 3 3 0
280487 93 4 1 0
280746 93 2 1 0
281191 93 3 1 0
361579 93 3 1 0
361631 93 2 1 0
528979 93 3 3 0
20527 94 3 1 0
20820 94 2 2 0
21079 94 3 1 0
37738 94 3 3 0
52362 94 3 1 0
54146 94 4 3 1
66184 94 3 1 0
67633 94 4 0 0
93031 94 1 1 0
93934 94 3 0 0
233922 94 3 4 0
281044 94 2 1 0
360761 94 2 1 0
361196 94 2 1 0
12358 95 2 3 1
20713 95 1 1 0
21268 95 3 1 0
21776 95 2 1 0
22004 95 3 3 0
52404 95 2 1 0
52842 95 2 4 1
53026 95 1 1 0
65909 95 3 2 0
93027 95 4 4 1
93935 95 2 1 0
93960 95 2 3 0
94695 95 4 0 0
232833 95 3 1 0
233293 95 1 1 0
345633 95 3 2 0
359872 95 2 1 0
360306 95 4 1 0
360585 95 3 1 0
360677 95 2 3 0
361273 95 3 3 0
361527 95 4 1 0
20775 96 2 0 0
20818 96 3 0 0
52651 96 2 0 0
52747 96 3 4 0
54228 96 1 1 0
93860 96 2 1 0
94171 96 4 1 0
94180 96 3 1 0
280355 96 3 1 0
293544 96 3 4 1
328290 96 3 2 0
359817 96 2 1 0
359952 96 4 1 0
360217 96 3 1 0
360784 96 2 1 0
21203 97 4 1 0
53096 97 2 3 1
81003 97 3 3 0
94173 97 3 3 0
108830 97 3 3 0
233138 97 2 1 0
280485 97 3 0 0
361634 97 3 1 0
361900 97 2 1 0
20448 98 2 1 0
20614 98 1 1 0
52927 98 3 3 0
68820 98 2 4 1
94172 98 1 1 0
107574 98 3 2 0
108463 98 2 1 0
130701 98 2 3 0
193876 98 3 2 0
220749 98 2 2 0
278337 98 2 3 0
279873 98 4 1 0
279944 98 3 1 0
281216 98 3 1 0
359839 98 2 1 0
359925 98 3 3 0
360095 98 3 1 0
360102 98 3 1 0
360336 98 2 2 1
360586 98 2 2 0
361278 98 1 1 0
362549 98 2 1 0
362649 98 3 1 0
528778 98 2 1 0
20781 99 4 3 0
21819 99 3 3 0
66180 99 2 4 1
93795 99 3 2 0
108511 99 3 3 1
193217 99 3 3 0
269574 99 3 3 1
280488 99 2 3 0
280882 99 2 1 0
281203 99 3 1 0
361348 99 3 1 0
361611 99 3 1 0
361743 99 2 1 0
362302 99 3 3 1
380784 99 4 3 0
430186 99 3 2 0
21775 100 3 0 0
52495 100 2 2 0
94225 100 4 1 1
95008 100 4 1 0
235856 100 3 1 0
280300 100 2 1 0
280438 100 4 1 0
280511 100 3 1 0
281059 100 2 3 1
359956 100 3 3 0
359984 100 3 1 0
360240 100 4 1 0
360510 100 1 1 0
360792 100 3 1 0
361768 100 2 1 0
361802 100 2 1 0
362615 100 4 1 1
380054 100 4 2 0
20450 101 3 1 0
20777 101 3 1 0
20821 101 3 2 0
22028 101 3 4 1
22199 101 2 2 0
69089 101 3 3 0
93870 101 3 3 0
143867 101 2 3 0
217146 101 3 4 0
279861 101 3 1 0
279957 101 3 1 0
280260 101 2 4 1
280887 101 3 1 0
359958 101 4 3 0
359990 101 1 1 0
360286 101 3 3 0
360338 101 2 3 0
361747 101 3 3 0
361990 101 2 3 0
362113 101 3 1 0
362552 101 2 3 0
20712 102 2 1 0
20776 102 3 0 0
21396 102 3 1 0
21778 102 2 3 0
217147 102 2 4 0
218923 102 3 3 0
234045 102 3 1 0
360098 102 4 3 0
360996 102 3 1 0
361233 102 3 1 0
361782 102 2 1 0
528969 102 3 1 0
20449 103 3 1 0
20521 103 3 3 0
33862 103 3 2 1
48880 103 4 3 0
53608 103 3 1 0
93929 103 3 1 0
94476 103 3 1 1
97919 103 3 3 0
204609 103 1 3 0
360673 103 3 1 1
361317 103 2 1 0
361745 103 2 2 0
361913 103 2 3 0
362307 103 3 1 0
20522 104 3 3 0
21177 104 2 2 0
21569 104 2 1 0
22193 104 3 1 0
54272 104 3 3 0
120379 104 2 2 0
280517 104 3 1 0
280576 104 2 1 0
302750 104 2 3 0
361888 104 3 4 0
362099 104 3 1 0
21451 105 3 1 1
35119 105 2 1 0
93395 105 3 3 0
94160 105 3 1 0
94350 105 3 0 0
235332 105 4 1 0
236365 105 2 1 0
279812 105 2 1 0
280117 105 4 1 0
280149 105 3 4 1
280239 105 3 3 0
280688 105 2 1 0
361006 105 3 1 0
362010 105 3 3 0
370734 105 3 3 0
431481 105 4 3 0
20685 106 4 3 0
21254 106 3 2 0
21777 106 2 3 0
51171 106 3 3 0
53603 106 2 1 0
54269 106 3 1 0
68702 106 2 3 0
101385 106 3 3 0
263053 106 2 3 0
266168 106 4 2 0
280312 106 1 1 0
281023 106 1 0 0
281030 106 3 1 0
360512 106 4 3 0
361075 106 2 1 0
362115 106 4 3 0
362155 106 2 1 0
21175 107 1 0 0
22369 107 4 1 0
93393 107 3 1 0
93885 107 4 2 0
218102 107 2 3 1
235104 107 3 1 0
263054 107 1 3 0
279813 107 1 1 0
279974 107 4 1 0
280649 107 4 1 0
280949 107 2 1 0
337292 107 3 3 0
362062 107 3 1 0
370733 107 3 2 0
430453 107 3 4 1
20517 108 3 4 0
21255 108 3 2 0
21544 108 3 4 0
34347 108 3 1 0
93088 108 4 1 0
182112 108 3 3 0
235103 108 2 1 0
267996 108 3 1 0
269590 108 3 4 1
279967 108 3 1 0
280118 108 2 1 0
280236 108 2 0 0
280471 108 3 3 0
281048 108 3 1 0
360926 108 3 4 1
360932 108 3 2 0
361534 108 3 3 1
369735 108 2 3 0
400908 108 3 1 0
431051 108 4 3 0
508704 108 1 3 0
21568 109 3 1 0
34599 109 4 1 0
35126 109 3 3 0
93391 109 3 1 0
267239 109 3 3 0
280714 109 3 3 0
360571 109 2 1 0
21855 110 2 2 0
21887 110 5 1 0
22367 110 2 1 0
35125 110 3 3 0
94053 110 3 1 0
94247 110 4 3 0
94399 110 3 3 0
114392 110 3 3 0
126875 110 4 2 0
181370 110 4 3 0
196225 110 3 2 0
264506 110 2 4 1
267995 110 3 0 1
279888 110 3 1 0
279929 110 3 1 0
303798 110 3 3 0
360644 110 3 3 1
362000 110 2 1 0
362154 110 3 1 0
21256 111 2 1 0
22234 111 4 2 0
32612 111 3 3 0
34699 111 3 1 0
53605 111 3 3 0
84927 111 2 2 0
235406 111 3 0 1
236517 111 1 1 0
280805 111 2 4 0
281037 111 3 1 0
281054 111 2 3 0
282648 111 4 2 0
362425 111 3 3 1
368360 111 3 4 0
427757 111 2 3 0
491532 111 2 3 0
34919 112 2 1 0
53610 112 3 3 0
68776 112 3 0 0
91722 112 2 3 0
93133 112 3 1 0
219638 112 2 1 0
235410 112 4 3 1
279767 112 2 1 0
280055 112 3 3 0
280244 112 3 1 0
280651 112 4 1 0
361085 112 3 1 0
400907 112 3 0 0
21147 113 3 1 0
21964 113 2 3 0
34579 113 3 1 0
34787 113 3 1 0
66222 113 3 3 0
68778 113 1 2 0
82874 113 2 3 0
93585 113 4 1 0
94244 113 3 0 0
234988 113 2 1 0
235006 113 2 1 0
235316 113 2 1 0
236498 113 2 1 1
236541 113 3 1 0
267998 113 4 3 0
279887 113 3 0 0
360845 113 4 3 0
361847 113 3 3 0
362359 113 3 0 0
524017 113 3 2 0
22370 114 2 3 1
32614 114 4 1 0
33966 114 3 1 1
34583 114 2 1 0
53604 114 2 3 0
93584 114 2 1 0
235468 114 2 1 0
235771 114 4 1 0
235882 114 1 0 0
236515 114 2 1 0
279445 114 3 3 0
280050 114 3 1 0
280954 114 3 0 0
281024 114 4 2 0
328269 114 2 2 1
362056 114 3 3 0
20322 115 3 4 1
21397 115 4 3 0
32613 115 2 1 0
33057 115 3 1 0
34045 115 4 1 0
84924 115 3 0 0
93869 115 4 1 0
94138 115 2 1 0
94485 115 3 1 0
113265 115 3 3 0
195041 115 2 4 0
235115 115 3 3 0
236578 115 2 1 0
236580 115 3 1 0
242095 115 2 3 0
268416 115 2 1 0
280664 115 3 1 0
344070 115 2 3 0
364303 115 4 3 0
400910 115 4 3 0
22365 116 3 3 1
34929 116 2 2 0
35253 116 2 2 0
67456 116 3 3 0
93279 116 2 0 0
93375 116 2 3 0
234992 116 2 3 0
235286 116 4 0 0
235462 116 3 1 0
235473 116 3 1 0
235474 116 2 1 0
236519 116 2 3 0
268386 116 3 3 0
279898 116 3 3 0
280801 116 3 1 0
280928 116 3 1 0
360520 116 4 4 0
400876 116 3 1 0
401031 116 2 1 0
403931 116 3 3 1
33961 117 2 1 0
93376 117 3 1 0
93581 117 2 1 0
94441 117 3 0 0
234990 117 2 1 0
235008 117 3 1 0
236015 117 2 0 0
236017 117 4 1 0
236204 117 3 1 0
236228 117 3 1 0
236332 117 3 1 0
242094 117 3 3 0
280196 117 2 1 0
361087 117 4 1 0
361282 117 4 0 0
361599 117 4 1 0
361788 117 3 3 0
368656 117 4 1 0
526558 117 3 3 0
26635 118 3 3 0
35123 118 4 1 0
92827 118 3 2 0
94141 118 3 3 0
157701 118 3 2 0
235772 118 3 2 1
236025 118 2 1 0
267999 118 3 3 1
282559 118 3 2 1
361291 118 3 3 0
400401 118 2 1 0
401330 118 1 1 0
33341 119 2 3 0
46598 119 3 3 1
70697 119 2 3 1
92840 119 2 4 0
94442 119 1 1 0
94680 119 2 1 0
207662 119 2 3 0
210763 119 2 4 1
234733 119 2 0 0
235560 119 1 1 0
260896 119 3 3 0
279768 119 4 3 1
280802 119 4 1 0
364304 119 3 2 0
400963 119 2 0 0
401281 119 3 1 0
441028 119 2 2 0
33061 120 4 3 0
33712 120 4 1 0
33962 120 3 3 0
93586 120 2 1 0
94095 120 3 0 0
234987 120 3 1 0
235773 120 3 2 0
236019 120 4 2 0
236297 120 4 1 0
261421 120 2 2 1
350205 120 3 3 0
361292 120 3 3 0
34233 121 3 3 0
34443 121 2 1 0
34451 121 3 2 0
93068 121 3 0 0
93123 121 4 1 0
93321 121 2 4 0
94097 121 4 1 0
234735 121 4 1 0
235069 121 4 1 0
235551 121 3 1 0
235775 121 4 3 0
236016 121 4 1 0
236230 121 3 3 1
236619 121 2 4 0
236727 121 3 3 0
280629 121 4 1 0
361284 121 3 1 0
401033 121 1 3 1
403932 121 4 3 0
494269 121 2 4 0
33981 122 2 1 0
34007 122 3 1 0
93124 122 3 3 0
93276 122 4 1 1
93304 122 3 3 1
93994 122 3 4 0
234788 122 2 1 0
235081 122 3 1 0
235579 122 4 1 0
235757 122 3 1 0
236024 122 3 1 0
236474 122 3 1 0
236475 122 3 1 0
279009 122 2 2 0
318364 122 2 3 0
400647 122 2 1 0
401283 122 3 3 1
31888 123 2 1 0
34009 123 2 3 0
34890 123 4 1 0
94292 123 3 3 1
94894 123 3 4 0
234825 123 2 1 0
234976 123 3 1 0
234979 123 2 1 0
235079 123 3 0 0
235235 123 2 1 0
235361 123 3 1 0
235866 123 1 1 0
236050 123 2 1 0
236472 123 3 0 0
236516 123 4 1 0
236631 123 3 1 1
236741 123 3 1 1
261791 123 3 3 0
318365 123 2 4 0
400331 123 3 3 0
400814 123 3 1 0
401329 123 2 1 0
551130 123 3 4 0
34086 124 2 1 0
92096 124 4 2 1
236477 124 2 3 1
261420 124 3 0 0
280796 124 2 3 0
400398 124 3 0 0
400810 124 2 1 0
400866 124 4 1 0
400867 124 3 1 0
401282 124 4 1 0
32259 125 3 1 0
33713 125 3 1 0
33956 125 4 1 0
34001 125 1 3 0
34096 125 2 1 0
93862 125 3 1 1
94007 125 1 1 0
94421 125 2 0 0
94605 125 2 1 0
121196 125 2 3 0
176446 125 3 2 0
234787 125 5 1 0
234818 125 2 3 0
234883 125 1 1 0
234897 125 2 4 1
235244 125 4 1 0
235466 125 3 3 0
235583 125 3 3 0
235714 125 3 1 0
236555 125 2 0 0
280443 125 3 3 0
280603 125 3 3 0
280960 125 2 3 0
541318 125 3 3 0
33989 126 3 3 1
34453 126 4 3 0
94600 126 3 1 0
96121 126 4 3 0
236250 126 3 0 0
279714 126 2 2 0
280412 126 3 1 0
397688 126 3 2 0
400301 126 2 2 0
33555 127 3 1 0
34087 127 3 1 0
34753 127 2 1 0
93536 127 2 4 0
94422 127 3 0 0
95323 127 4 1 0
235317 127 3 1 0
235835 127 4 4 1
236641 127 3 3 0
261792 127 4 4 1
289012 127 1 2 0
343788 127 3 3 0
400323 127 4 3 0
400402 127 2 1 1
400568 127 1 3 0
400859 127 3 1 0
401342 127 2 3 0
465245 127 2 3 0
33756 128 3 1 0
34336 128 2 1 0
35023 128 3 1 0
44570 128 4 3 0
96349 128 1 3 1
113701 128 3 2 0
235234 128 3 3 0
235979 128 4 4 0
236330 128 3 3 0
293543 128 4 3 0
318492 128 1 1 0
318494 128 2 3 0
397689 128 3 2 1
399745 128 4 3 0
400861 128 3 3 0
401065 128 4 1 0
491233 128 3 1 0
33957 129 3 3 0
35225 129 1 1 0
132525 129 2 2 1
235653 129 4 1 0
235959 129 3 1 0
242563 129 3 4 1
280605 129 3 2 0
282312 129 4 3 1
333094 129 3 3 0
399891 129 2 1 1
400194 129 3 3 0
34270 130 4 1 0
34532 130 2 3 0
95133 130 1 3 1
95237 130 2 1 0
95271 130 3 0 0
95340 130 3 1 0
235987 130 2 3 0
236064 130 3 3 0
280919 130 4 3 0
400260 130 2 1 0
400304 130 3 1 0
400343 130 3 1 1
400503 130 3 1 0
425045 130 3 3 0
550643 130 3 1 0
33575 131 3 1 0
33892 131 3 1 0
34458 131 2 4 1
35216 131 4 0 0
35226 131 2 3 0
93977 131 4 1 1
95274 131 3 3 0
235233 131 2 3 0
235283 131 3 3 0
235797 131 2 1 0
236723 131 3 2 1
303681 131 2 4 1
399703 131 4 1 0
401343 131 3 3 0
34432 132 3 3 0
199130 132 2 1 0
199541 132 1 1 0
224623 132 2 3 0
235287 132 3 2 0
236377 132 3 3 0
400226 132 2 3 0
400886 132 4 3 0
550434 132 3 1 0
33578 133 3 1 0
34341 133 2 3 0
35073 133 4 3 0
41245 133 4 3 0
50265 133 4 3 0
95387 133 2 1 0
199092 133 2 1 0
234019 133 3 3 0
235932 133 2 1 0
236724 133 3 2 1
269636 133 3 1 0
318493 133 3 3 0
399849 133 2 1 0
400279 133 4 1 0
400281 133 3 3 0
400505 133 3 1 0
401036 133 1 1 1
401375 133 2 1 0
541353 133 3 2 0
550436 133 3 1 0
5312 134 4 3 0
33657 134 2 1 0
33898 134 4 2 0
34337 134 3 1 0
34340 134 2 3 1
95241 134 3 3 0
96053 134 2 3 0
117506 134 3 3 0
199133 134 3 3 1
234020 134 2 3 0
234716 134 2 1 0
236557 134 2 1 0
399702 134 3 1 0
399853 134 2 3 0
400681 134 3 1 0
464846 134 4 1 0
464867 134 2 1 0
465436 134 2 1 0
465683 134 3 1 0
466500 134 1 1 1
492508 134 3 3 1
551305 134 3 1 0
33598 135 3 1 0
34010 135 2 4 1
34756 135 3 1 0
35185 135 2 1 0
41236 135 3 3 0
79187 135 2 2 0
93978 135 4 1 0
94264 135 3 0 0
96054 135 2 3 1
140964 135 3 3 0
234834 135 4 1 0
236065 135 4 3 0
251948 135 4 3 0
268725 135 2 1 0
269269 135 4 1 0
361897 135 3 3 0
399966 135 3 0 0
400132 135 2 0 0
550667 135 2 1 0
34013 136 2 3 1
82606 136 2 2 0
197391 136 1 3 0
199122 136 3 1 0
235677 136 3 1 0
303682 136 3 4 1
400037 136 3 1 0
400082 136 3 1 0
405291 136 3 3 1
464839 136 2 0 0
465082 136 1 0 0
504237 136 2 3 0
33517 137 4 3 0
34090 137 3 1 0
34428 137 4 1 0
34509 137 3 1 0
95701 137 4 1 0
96040 137 4 2 0
232875 137 2 3 1
399747 137 3 1 0
399851 137 2 1 0
399996 137 2 4 0
400030 137 2 1 0
400040 137 3 2 0
400507 137 2 3 0
405292 137 3 4 1
465497 137 3 1 0
493054 137 2 1 0
537002 137 3 3 0
33607 138 2 3 0
34808 138 3 1 0
79188 138 3 3 0
96355 138 2 1 0
199539 138 4 1 0
200373 138 3 3 0
234018 138 3 1 0
235990 138 2 2 1
268998 138 2 1 0
400328 138 4 1 0
400506 138 4 3 0
466046 138 2 0 0
466048 138 2 2 0
466093 138 3 3 1
492192 138 2 1 0
34254 139 2 1 0
34489 139 3 1 0
41235 139 3 1 0
93746 139 3 0 0
197222 139 2 1 0
199538 139 2 1 0
235678 139 4 2 0
268726 139 3 3 1
400036 139 2 0 0
400083 139 2 1 0
401076 139 4 1 0
401092 139 2 1 0
464849 139 4 3 0
466203 139 2 1 0
491035 139 2 1 0
491189 139 2 3 1
492096 139 2 1 0
492409 139 2 3 0
492968 139 3 1 0
550669 139 2 3 0
33656 140 3 1 1
34005 140 3 1 0
44565 140 3 1 0
44684 140 3 1 0
45476 140 2 3 1
45875 140 2 1 0
95972 140 3 1 0
234312 140 3 3 0
269646 140 3 1 1
401093 140 2 1 0
430898 140 3 3 0
464866 140 3 1 0
491483 140 4 3 1
491585 140 3 1 0
551311 140 3 3 0
551879 140 2 1 0
551880 140 3 1 0
34383 141 3 1 0
34765 141 3 3 0
34924 141 4 1 0
34983 141 3 4 0
41161 141 2 1 0
200181 141 3 1 1
203621 141 2 1 0
236376 141 2 3 0
268686 141 3 1 0
268727 141 3 3 1
269185 141 2 1 0
400026 141 3 1 0
464842 141 2 1 0
464855 141 1 1 0
464856 141 4 3 0
465347 141 3 3 0
474875 141 3 3 0
491517 141 2 1 0
492231 141 2 4 1
492271 141 2 1 0
493041 141 3 1 0
523012 141 3 0 0
33668 142 3 1 0
34256 142 3 3 0
34618 142 2 1 0
34794 142 2 3 0
34926 142 3 3 0
44552 142 1 1 0
44569 142 3 3 0
95565 142 2 1 0
96406 142 3 1 0
136086 142 4 3 0
381037 142 2 3 0
399844 142 3 1 0
400029 142 4 1 0
400690 142 3 4 1
401012 142 3 1 0
401287 142 2 1 0
430897 142 3 3 0
464132 142 3 3 0
464843 142 4 3 0
465345 142 2 1 0
465572 142 2 3 0
495187 142 3 3 0
527941 142 2 3 0
33733 143 3 1 0
34334 143 3 3 0
41237 143 3 3 1
44508 143 3 1 0
44803 143 3 1 0
45525 143 4 1 0
96148 143 3 1 0
96325 143 2 1 1
268231 143 5 1 0
268497 143 3 3 1
358936 143 3 3 0
401084 143 3 1 0
401089 143 2 1 0
465495 143 4 1 0
465895 143 3 4 0
466056 143 2 1 0
466396 143 3 1 0
491036 143 4 1 0
493132 143 2 1 0
34762 144 3 0 0
39747 144 2 1 0
39915 144 2 3 0
44369 144 3 1 0
44576 144 2 1 0
44683 144 3 1 0
96409 144 2 3 0
117509 144 3 4 0
267623 144 2 1 1
415261 144 3 1 1
420167 144 3 2 0
465133 144 3 1 0
466091 144 2 1 0
466216 144 3 1 0
491405 144 1 1 0
492056 144 3 1 0
20730 145 4 2 0
34204 145 3 1 0
39741 145 3 3 0
44782 145 2 1 0
94769 145 3 1 0
94812 145 1 1 0
96151 145 3 3 0
127111 145 2 4 1
236439 145 4 2 0
252551 145 2 3 0
267828 145 3 1 0
268876 145 2 1 1
357777 145 2 3 0
399926 145 1 1 0
400024 145 3 0 0
400049 145 2 1 1
401785 145 3 1 1
465135 145 1 3 0
466223 145 2 1 0
466412 145 2 3 0
491908 145 4 1 0
492438 145 3 1 0
493011 145 2 0 0
527939 145 2 3 0
551164 145 2 1 0
551580 145 1 1 0
34620 146 3 3 0
34798 146 3 3 0
34885 146 3 1 0
39749 146 2 1 0
39750 146 2 3 0
41521 146 1 1 0
44685 146 3 3 0
44805 146 3 3 0
45452 146 3 3 0
94761 146 2 0 0
95655 146 2 1 0
96150 146 3 2 0
96154 146 2 1 0
236174 146 3 3 0
268232 146 2 1 0
268496 146 2 3 0
268589 146 4 1 0
268734 146 2 1 0
268904 146 2 2 0
415250 146 4 1 0
466055 146 2 1 0
491043 146 1 1 0
491738 146 4 1 0
33659 147 4 3 0
33876 147 3 4 1
33984 147 3 3 1
34294 147 4 3 0
34342 147 3 3 1
40811 147 2 2 0
44596 147 1 1 0
44783 147 1 1 0
44808 147 3 1 0
45659 147 3 1 0
95193 147 4 1 0
95472 147 3 1 0
113736 147 3 3 0
148502 147 3 2 0
203531 147 3 3 0
268718 147 3 1 0
268901 147 2 1 0
357445 147 3 4 1
400242 147 2 1 0
400380 147 2 1 0
401081 147 2 3 0
465350 147 3 3 0
465894 147 3 4 0
466012 147 3 1 0
491960 147 3 1 0
492467 147 3 1 0
492723 147 3 2 0
527760 147 2 1 0
34152 148 3 1 0
34809 148 3 1 0
34886 148 3 1 0
44209 148 2 1 0
44332 148 3 1 0
44549 148 2 1 1
44859 148 3 1 0
45166 148 2 4 0
56052 148 3 3 0
75939 148 2 3 1
94813 148 2 1 0
95572 148 2 1 0
132696 148 3 3 0
267742 148 2 4 0
268046 148 3 1 0
269275 148 2 1 0
413663 148 2 1 0
415257 148 3 1 0
465748 148 2 3 1
491057 148 3 3 0
491374 148 2 1 0
492134 148 3 1 0
492186 148 2 1 0
492493 148 2 1 1
527937 148 4 1 0
551162 148 3 3 0
33610 149 2 1 0
33611 149 1 3 0
34439 149 2 1 0
40920 149 3 1 0
41523 149 2 1 0
45224 149 2 1 0
45282 149 2 3 0
95189 149 3 1 0
267583 149 2 1 0
269328 149 3 4 1
297674 149 3 4 0
316406 149 3 2 0
322006 149 1 2 0
383799 149 2 3 0
413665 149 2 3 0
415157 149 3 1 0
415229 149 2 1 0
415251 149 3 1 0
466370 149 2 3 0
466382 149 3 1 0
491711 149 3 3 0
492276 149 4 0 0
492341 149 3 1 0
527543 149 2 1 0
527761 149 1 1 0
34155 150 3 3 0
34163 150 3 1 0
34815 150 3 1 0
39748 150 3 1 0
41524 150 2 3 0
44257 150 3 1 0
44586 150 1 1 0
44721 150 3 1 0
44784 150 3 3 0
44823 150 1 1 1
94763 150 4 2 0
94874 150 3 1 0
95474 150 2 1 0
95660 150 3 1 0
95816 150 2 1 0
96324 150 3 1 0
268597 150 3 0 0
268791 150 2 1 0
268902 150 2 1 0
269010 150 3 1 0
400048 150 3 1 0
401790 150 4 4 0
413660 150 3 1 0
414344 150 1 2 0
415228 150 4 1 0
464826 150 2 3 0
491161 150 2 1 0
491636 150 2 1 0
493127 150 3 1 0
527938 150 3 3 0
33711 151 2 1 0
33716 151 4 1 0
34575 151 3 1 0
34792 151 4 4 0
41054 151 2 1 0
44339 151 3 1 0
44627 151 4 1 0
45100 151 2 0 0
45685 151 2 1 0
45841 151 2 1 0
93684 151 3 2 0
94764 151 3 2 0
94875 151 2 1 0
96327 151 3 3 1
189141 151 3 3 0
211241 151 3 3 0
268235 151 3 3 0
268599 151 3 3 0
268870 151 3 1 0
268936 151 2 1 0
269769 151 5 1 0
304825 151 2 3 0
399924 151 3 1 0
400162 151 2 3 0
401091 151 2 1 0
401270 151 2 2 0
409297 151 2 3 0
413589 151 3 2 0
414121 151 3 2 0
414248 151 3 1 0
414542 151 2 1 1
465346 151 4 3 0
465476 151 3 1 0
491256 151 3 1 0
491435 151 3 1 0
492137 151 3 3 0
492274 151 3 4 0
492703 151 3 3 0
41721 152 3 3 1
44258 152 3 3 1
44271 152 3 1 0
44807 152 4 1 1
44809 152 2 3 0
44836 152 2 1 0
45046 152 4 1 0
45788 152 2 2 0
55027 152 4 4 1
64115 152 3 3 0
95644 152 3 1 0
96130 152 4 1 0
96326 152 2 3 0
268029 152 2 3 0
269530 152 3 3 0
400418 152 4 4 0
401167 152 1 1 0
413585 152 2 3 0
414209 152 2 1 0
415158 152 2 2 0
415467 152 2 3 0
420284 152 3 1 0
465570 152 2 1 0
486953 152 2 3 0
491434 152 2 1 0
491482 152 4 1 0
491630 152 2 1 0
491995 152 3 1 0
492238 152 2 1 0
493129 152 3 3 0
527542 152 2 1 0
33745 153 4 1 0
34441 153 2 3 1
34674 153 2 3 0
34810 153 4 1 0
39532 153 2 1 0
39628 153 3 1 0
44265 153 3 3 0
44420 153 2 1 0
44466 153 4 1 0
44583 153 2 0 0
44584 153 1 0 0
44865 153 3 1 0
45222 153 4 1 0
45284 153 5 0 0
45688 153 2 0 0
45842 153 2 1 0
74106 153 3 3 0
94957 153 3 1 0
94961 153 2 3 0
95540 153 3 1 0
267584 153 2 3 1
267630 153 4 4 0
267736 153 4 4 0
268239 153 3 0 0
268780 153 3 1 0
357782 153 3 3 0
383421 153 3 3 0
413376 153 4 1 0
413773 153 4 3 0
414250 153 2 3 0
414982 153 3 1 0
415148 153 3 4 0
491063 153 2 1 0
491448 153 2 1 0
491476 153 2 3 0
491631 153 2 1 0
492068 153 2 4 1
492129 153 2 1 0
492210 153 3 0 1
492275 153 3 0 0
22125 154 3 3 0
33841 154 2 1 0
35011 154 3 1 0
44303 154 3 1 0
44601 154 3 3 0
44637 154 2 0 0
44696 154 2 1 0
45364 154 3 1 1
45686 154 3 3 0
94402 154 2 3 0
95740 154 3 3 0
267603 154 4 1 0
267629 154 2 4 0
268792 154 3 3 0
269171 154 4 3 0
315369 154 2 3 0
370796 154 2 3 0
413236 154 2 1 0
413274 154 2 1 0
413328 154 1 1 0
413588 154 3 1 0
413990 154 2 1 0
414101 154 4 3 1
415074 154 4 1 0
420283 154 3 1 0
491662 154 3 3 1
492126 154 2 1 0
492672 154 2 1 0
492696 154 3 1 0
492918 154 1 1 0
9119 155 3 3 1
12441 155 2 3 1
34440 155 4 3 0
35182 155 2 1 0
40705 155 3 1 0
44461 155 3 3 0
44512 155 2 1 0
44906 155 3 1 0
45130 155 3 1 0
45211 155 2 4 0
45288 155 4 3 0
45680 155 4 3 0
74111 155 2 4 0
94962 155 3 4 0
95618 155 2 3 1
95847 155 3 1 0
96131 155 3 3 0
171245 155 3 3 0
203896 155 4 2 0
267585 155 2 3 0
269392 155 3 2 1
269734 155 2 3 0
414106 155 3 1 0
431785 155 2 3 0
465518 155 3 3 1
491956 155 2 3 0
491964 155 3 3 0
44587 156 4 3 1
45426 156 3 1 0
45683 156 2 1 0
185720 156 4 3 0
268358 156 4 2 0
268924 156 3 3 0
269178 156 4 3 0
269225 156 2 1 0
414849 156 2 4 1
414870 156 4 1 0
415046 156 2 1 1
415457 156 3 1 0
491534 156 4 1 0
491761 156 2 1 0
491765 156 2 1 0
491783 156 3 4 0
491946 156 2 1 0
492212 156 3 1 0
493152 156 3 1 0
503794 156 1 3 0
563244 156 2 3 0
33781 157 3 3 0
34673 157 3 1 0
39629 157 3 3 0
44719 157 3 1 0
45102 157 5 1 0
45425 157 2 0 0
45867 157 4 4 0
75005 157 3 1 0
94816 157 3 1 0
94915 157 4 1 0
95541 157 3 1 0
96171 157 4 4 0
226834 157 3 2 0
414442 157 4 1 0
414555 157 3 1 0
414630 157 3 1 0
414826 157 2 1 0
415189 157 3 1 0
422648 157 4 3 0
486959 157 4 3 0
491607 157 3 1 0
492447 157 3 1 0
492677 157 3 3 0
492902 157 3 0 0
493113 157 2 1 0
33829 158 2 4 0
35012 158 4 1 0
37892 158 2 3 0
78549 158 4 3 0
95437 158 3 1 0
130430 158 3 3 1
185718 158 3 2 0
268708 158 3 1 0
414319 158 2 4 0
414958 158 3 3 0
415190 158 3 1 0
415195 158 1 1 0
465196 158 2 3 1
466542 158 1 1 0
491474 158 2 4 0
491512 158 4 3 0
491535 158 3 1 0
491594 158 3 1 0
8360 159 4 3 0
33842 159 3 2 0
41058 159 1 1 0
45689 159 2 2 0
49024 159 3 3 1
94831 159 2 1 0
94956 159 2 2 0
95216 159 2 3 0
95790 159 3 3 0
96139 159 3 1 0
267481 159 3 1 0
268005 159 2 1 0
401163 159 2 1 0
412708 159 1 3 0
413131 159 3 2 0
413255 159 3 1 0
413329 159 3 1 0
413991 159 4 1 0
414134 159 4 1 0
465521 159 4 2 0
466403 159 3 1 0
491065 159 2 1 0
491593 159 2 4 0
492495 159 4 3 0
492628 159 2 1 0
492860 159 3 1 0
493115 159 2 3 0
493153 159 4 3 0
41419 160 3 1 0
44577 160 3 3 0
44674 160 3 4 1
51496 160 3 3 0
96137 160 3 1 0
136601 160 3 3 1
164175 160 4 3 0
171243 160 3 1 0
268064 160 3 1 0
269179 160 3 3 0
411122 160 4 3 0
414298 160 4 1 0
414489 160 3 1 0
414821 160 2 1 0
414896 160 2 1 0
415005 160 2 1 0
415037 160 3 4 0
415402 160 3 1 0
415522 160 2 1 0
465050 160 2 3 1
491438 160 3 1 0
491686 160 2 3 0
491818 160 3 1 0
492482 160 2 1 0
492570 160 4 4 1
493037 160 2 1 0
495034 160 2 1 0
39714 161 2 1 0
75037 161 3 2 0
94821 161 3 1 0
96270 161 4 1 1
96317 161 2 1 0
269202 161 2 0 0
284126 161 2 3 0
401290 161 2 1 0
414046 161 3 1 0
414047 161 2 1 0
414235 161 3 1 0
414843 161 4 1 0
414871 161 4 3 0
414913 161 1 1 1
419546 161 3 1 0
420280 161 4 3 0
465520 161 2 2 0
465794 161 3 1 0
491472 161 3 3 0
491544 161 3 3 0
491766 161 3 1 0
491973 161 4 2 0
492327 161 3 1 0
12205 162 3 3 0
33641 162 2 3 0
34521 162 4 3 0
34625 162 2 3 0
74027 162 2 4 1
89636 162 4 3 1
94984 162 3 1 0
95465 162 2 1 0
95921 162 4 1 0
268711 162 3 3 0
268842 162 4 3 0
275022 162 3 3 0
318891 162 1 1 0
400425 162 3 1 0
413369 162 3 3 0
413448 162 4 4 0
414394 162 3 1 0
419988 162 2 1 0
466063 162 3 2 0
466377 162 4 1 0
491494 162 2 1 0
33798 163 4 1 0
34122 163 4 4 0
34623 163 4 1 0
40854 163 2 1 0
41420 163 2 1 0
96141 163 3 3 0
259986 163 3 3 0
269226 163 2 1 0
319049 163 4 1 0
413319 163 2 3 0
413454 163 2 1 1
414162 163 3 2 0
414166 163 3 3 0
414443 163 2 1 0
415203 163 2 3 0
465242 163 4 1 0
491628 163 4 3 0
491822 163 3 3 0
492357 163 3 1 0
492646 163 3 1 0
493004 163 3 1 0
29536 164 2 4 1
40666 164 2 1 0
41291 164 4 3 0
58745 164 2 3 1
74965 164 2 3 0
95628 164 3 1 0
95929 164 4 1 0
95961 164 4 1 0
96223 164 4 2 0
313508 164 2 3 0
400428 164 3 3 0
413559 164 3 3 0
414631 164 2 1 0
414844 164 3 1 0
414845 164 1 1 0
418713 164 1 3 0
420367 164 3 4 0
457084 164 4 1 0
457085 164 2 1 0
465802 164 2 1 0
491257 164 2 1 0
491598 164 2 2 0
491757 164 2 2 0
492746 164 4 1 0
35335 165 3 1 0
39805 165 3 1 0
40853 165 2 1 0
41765 165 2 1 0
51495 165 4 2 0
75044 165 4 3 0
81325 165 3 3 0
94785 165 3 3 0
94988 165 4 1 0
95373 165 3 1 0
96276 165 2 1 0
113520 165 2 2 0
171240 165 2 1 0
268840 165 3 0 0
414229 165 3 1 0
414232 165 3 1 0
414745 165 3 4 1
419526 165 3 1 0
438329 165 3 1 1
465708 165 3 1 0
466074 165 4 3 0
489301 165 2 1 0
491821 165 3 3 0
491833 165 3 2 0
492106 165 1 1 0
492548 165 4 1 0
33568 166 4 1 0
33646 166 4 2 0
34030 166 2 1 0
39901 166 2 1 0
40458 166 2 1 0
41498 166 2 1 0
96135 166 4 1 0
96215 166 3 3 1
259303 166 4 3 0
259983 166 3 0 0
267483 166 2 1 0
268281 166 4 3 1
269206 166 2 3 0
413555 166 3 1 0
413561 166 3 1 1
413880 166 2 1 0
414006 166 1 3 0
414123 166 2 0 0
414137 166 4 4 0
414276 166 2 1 0
415033 166 3 3 0
415440 166 3 2 0
419320 166 2 1 1
437479 166 2 0 0
466372 166 3 3 0
491193 166 3 1 1
491444 166 2 2 0
492082 166 1 4 0
493046 166 1 1 0
8299 167 3 3 0
9307 167 4 3 0
33638 167 2 1 0
42031 167 1 1 0
72142 167 3 3 0
72337 167 3 1 0
95634 167 3 2 0
118577 167 4 3 0
142386 167 2 3 0
226253 167 4 3 0
268055 167 3 4 1
268704 167 4 1 0
319052 167 3 3 0
414909 167 2 1 0
420031 167 2 1 0
438351 167 2 1 0
466637 167 2 3 0
489975 167 1 1 0
491050 167 3 3 0
491196 167 2 3 0
491775 167 3 4 0
493002 167 2 0 0
493058 167 2 3 0
11329 168 4 3 0
34622 168 3 0 0
41461 168 1 1 0
41762 168 3 1 0
95374 168 3 3 0
233307 168 2 2 1
268713 168 4 1 0
322573 168 3 3 0
413136 168 2 1 0
413868 168 4 1 0
414273 168 3 3 0
414847 168 3 3 0
415255 168 2 0 0
438331 168 2 3 0
465805 168 4 3 0
484737 168 4 3 0
491302 168 3 1 0
39806 169 3 3 0
40933 169 1 1 0
41764 169 3 1 0
85764 169 3 2 0
95613 169 2 1 0
95828 169 4 1 0
95830 169 2 3 0
145528 169 3 3 1
259301 169 2 1 0
269283 169 3 1 0
400427 169 1 3 0
413114 169 3 1 0
413178 169 3 1 1
413793 169 3 1 0
413865 169 2 0 0
414234 169 3 1 0
414916 169 2 3 0
419319 169 2 0 0
453042 169 3 3 0
491259 169 3 3 1
491645 169 3 3 0
491648 169 2 0 0
492145 169 1 4 0
492885 169 2 3 0
493006 169 3 3 0
34191 170 2 3 0
34388 170 2 0 0
72147 170 3 1 0
72277 170 2 1 0
72828 170 2 3 0
117660 170 4 2 0
142133 170 2 1 0
142941 170 2 3 0
258654 170 3 1 0
269049 170 3 3 0
269768 170 3 1 0
281534 170 4 3 1
400424 170 4 1 0
414124 170 1 0 0
414212 170 4 1 0
414253 170 2 0 0
414609 170 3 4 0
419920 170 3 1 0
438349 170 2 0 0
464878 170 2 1 0
465698 170 4 1 1
491452 170 3 3 0
492774 170 2 1 0
560430 170 3 3 0
35316 171 1 1 0
39990 171 4 1 0
71423 171 3 1 0
72015 171 2 1 0
94776 171 2 1 0
241441 171 2 2 0
297081 171 2 2 0
413177 171 3 1 0
413283 171 3 0 0
414240 171 4 1 1
414753 171 2 3 0
491642 171 2 1 0
491774 171 3 4 0
491812 171 3 3 1
12396 172 3 1 1
85763 172 2 0 0
95324 172 2 1 0
269188 172 2 1 0
380129 172 3 3 1
399716 172 3 1 0
400065 172 4 1 0
404817 172 4 4 0
414275 172 4 1 0
414657 172 3 3 1
415162 172 2 4 0
415435 172 3 3 0
440819 172 3 2 0
491051 172 4 4 0
492001 172 3 1 0
492002 172 4 1 0
492891 172 3 0 0
34058 173 2 3 0
41553 173 3 1 0
57858 173 2 3 0
71427 173 3 3 1
72145 173 3 1 1
72675 173 3 1 0
94778 173 3 3 0
99080 173 5 3 0
142135 173 1 1 0
150526 173 3 3 0
233308 173 4 3 0
258368 173 2 1 0
269472 173 2 1 0
269473 173 2 1 0
360353 173 3 1 0
400514 173 2 3 0
413576 173 4 1 0
465210 173 2 1 0
465803 173 3 1 0
491331 173 3 1 0
491451 173 2 3 0
491649 173 2 1 0
530982 173 2 3 0
12741 174 2 1 0
40306 174 2 1 0
40777 174 3 3 0
47942 174 2 3 0
72146 174 2 1 0
72803 174 3 1 0
72807 174 2 3 0
85770 174 3 2 0
96020 174 4 1 0
142936 174 3 3 0
258581 174 4 2 0
267485 174 3 3 0
268286 174 3 3 0
420008 174 2 1 0
489973 174 4 1 0
491168 174 3 1 0
491843 174 2 4 1
492142 174 3 3 0
39929 175 3 3 1
40327 175 1 3 1
40351 175 2 2 0
41776 175 2 1 0
233185 175 1 1 0
267476 175 2 3 1
269119 175 4 3 0
361691 175 3 1 0
400219 175 2 2 0
413286 175 4 3 0
414277 175 3 3 1
414660 175 2 3 0
415429 175 3 2 0
464876 175 2 4 1
464877 175 4 1 0
465228 175 2 1 0
492999 175 3 1 0
11386 176 3 1 0
12398 176 4 3 0
12767 176 3 3 0
12867 176 3 0 0
34770 176 3 0 0
40004 176 4 0 0
40244 176 4 1 0
40307 176 3 2 0
40467 176 3 3 0
40980 176 3 1 0
41505 176 2 1 0
41719 176 1 1 0
72395 176 3 1 0
95265 176 4 1 0
95871 176 2 0 0
161916 176 4 3 0
268289 176 3 3 0
360351 176 2 1 0
360354 176 4 1 0
360396 176 3 1 0
401199 176 3 1 0
415320 176 3 3 1
465130 176 3 1 0
465348 176 2 1 0
491219 176 3 3 0
491318 176 3 4 0
491334 176 2 3 1
491651 176 2 2 0
491652 176 2 2 0
492925 176 3 0 0
40460 177 4 1 0
40927 177 2 1 0
40963 177 2 1 1
41730 177 2 1 0
47941 177 3 3 0
71506 177 2 1 0
72622 177 3 1 0
73162 177 3 1 0
95757 177 2 3 0
142137 177 3 3 0
208937 177 3 3 0
209465 177 3 2 0
233191 177 2 3 0
233554 177 3 1 0
233933 177 1 0 0
233937 177 2 1 0
269470 177 3 3 0
269479 177 4 1 0
338824 177 4 3 0
410110 177 1 0 0
413947 177 4 0 0
414478 177 2 3 0
414893 177 1 4 0
415326 177 2 1 0
415415 177 1 3 0
415422 177 4 3 0
420000 177 3 3 0
464879 177 2 1 0
465786 177 3 4 1
491914 177 2 3 1
492603 177 1 0 0
492606 177 2 1 0
561020 177 3 2 0
12489 178 3 1 0
12798 178 2 1 0
39624 178 3 3 1
39856 178 3 3 0
40464 178 4 1 0
40928 178 4 1 0
41628 178 3 1 0
41778 178 3 3 0
41820 178 2 4 1
72964 178 3 3 0
95445 178 3 1 0
96023 178 3 3 0
242331 178 3 2 0
258367 178 3 1 0
260128 178 2 3 0
267871 178 4 3 0
413491 178 3 1 0
414664 178 3 1 0
414687 178 2 1 0
415152 178 2 1 0
464874 178 3 4 0
466471 178 3 1 0
492101 178 1 3 0
492700 178 4 1 0
11112 179 3 1 0
11388 179 3 3 0
12796 179 2 0 0
39552 179 3 1 0
40803 179 3 1 0
41317 179 4 1 0
41903 179 2 1 0
72198 179 4 1 0
72804 179 3 1 0
72965 179 4 3 0
95142 179 3 3 0
95502 179 4 1 0
96198 179 1 1 0
96489 179 3 1 0
269115 179 2 1 0
269367 179 3 2 0
360973 179 2 2 0
401007 179 4 1 0
413647 179 4 1 0
413879 179 3 1 0
414278 179 3 3 0
414923 179 2 1 0
439924 179 2 1 0
465230 179 3 3 1
465571 179 3 1 0
491227 179 3 1 0
493045 179 1 1 0
12873 180 2 3 0
39597 180 3 3 0
39708 180 4 1 0
72638 180 4 1 0
72962 180 4 1 0
90701 180 2 4 0
94737 180 1 1 0
94738 180 4 1 0
207875 180 2 3 0
233818 180 2 0 0
269394 180 4 1 0
400990 180 2 1 0
413845 180 4 1 0
414270 180 1 1 0
415027 180 2 3 0
415327 180 3 3 1
466472 180 3 1 0
492974 180 3 1 0
493077 180 3 1 0
8284 181 3 3 0
12482 181 4 3 0
39999 181 3 1 0
40186 181 3 1 0
40884 181 3 1 0
40945 181 3 1 0
40982 181 4 3 0
42123 181 3 1 0
71655 181 4 3 0
72267 181 3 1 0
94864 181 2 1 0
95574 181 4 1 0
233186 181 4 3 0
233936 181 2 3 0
258365 181 3 3 0
292599 181 3 3 0
413504 181 3 1 0
413739 181 2 0 0
414244 181 3 4 0
415155 181 2 3 0
441393 181 2 0 1
476754 181 3 3 0
492883 181 2 1 0
11839 182 3 1 0
12872 182 3 3 0
19928 182 3 3 0
40205 182 3 2 0
40214 182 4 1 0
40319 182 2 2 0
40512 182 4 1 0
40801 182 1 1 0
41318 182 3 1 0
41321 182 3 3 0
42119 182 2 1 0
71530 182 2 1 0
71556 182 4 1 0
72228 182 2 0 0
72621 182 3 1 0
137491 182 3 3 1
221202 182 4 3 0
233393 182 3 1 0
234425 182 4 3 1
244595 182 2 3 0
399737 182 3 1 0
400028 182 3 2 0
404474 182 1 1 0
410385 182 4 0 0
413475 182 2 3 0
413649 182 2 3 1
413695 182 2 4 0
414098 182 4 3 0
414237 182 2 3 0
414924 182 2 1 0
415154 182 2 3 0
440816 182 2 1 0
491549 182 1 1 0
492705 182 3 4 0
12491 183 4 1 0
39819 183 2 1 0
39897 183 4 1 0
39899 183 2 3 0
40340 183 3 1 0
41282 183 2 1 0
41604 183 3 3 0
41605 183 4 3 0
41934 183 4 1 0
57497 183 3 3 0
71794 183 3 1 0
73228 183 4 1 0
94740 183 2 3 0
94829 183 2 1 0
95269 183 2 1 0
233184 183 3 1 0
268102 183 3 4 1
268994 183 3 3 0
269425 183 3 1 0
400894 183 2 1 0
401293 183 2 1 0
413096 183 3 1 0
413161 183 3 1 0
413648 183 3 3 0
465056 183 3 3 0
466470 183 2 1 0
492847 183 2 3 0
11303 184 3 4 1
12799 184 3 3 0
12800 184 2 3 0
12814 184 4 3 0
41527 184 2 1 1
41742 184 4 1 0
42077 184 2 1 0
71793 184 4 1 0
72140 184 2 1 0
72411 184 2 1 0
72637 184 5 1 0
73062 184 3 1 0
94739 184 3 3 0
95328 184 3 4 0
137496 184 2 3 0
146501 184 2 3 0
221193 184 4 2 0
221194 184 2 2 0
268022 184 3 1 0
269467 184 1 1 0
336005 184 3 3 0
413466 184 1 3 0
414051 184 2 4 0
414801 184 3 0 0
414892 184 2 4 0
492535 184 3 2 0
2897 185 1 1 0
8571 185 2 3 0
12308 185 3 1 0
12512 185 3 1 0
12525 185 1 1 0
39603 185 2 1 0
40477 185 3 2 1
40565 185 2 1 0
40722 185 2 1 0
40766 185 3 1 0
41320 185 3 3 0
41323 185 2 4 0
71649 185 3 0 0
71791 185 2 1 0
71874 185 4 0 0
72369 185 4 1 0
72636 185 4 1 0
73017 185 3 1 0
73018 185 1 1 0
89547 185 1 4 1
96002 185 4 1 0
171645 185 4 3 0
233232 185 1 1 0
267688 185 2 1 0
269700 185 4 1 0
399711 185 3 1 0
400353 185 3 4 0
400509 185 3 1 0
413162 185 3 3 0
414607 185 3 3 0
415153 185 3 1 0
418906 185 3 3 1
430521 185 4 3 0
465362 185 2 2 0
465454 185 2 1 0
465924 185 4 1 0
492532 185 4 0 1
492697 185 4 2 0
11365 186 3 1 0
11368 186 2 3 0
11838 186 3 0 0
39830 186 2 1 0
40000 186 4 3 0
40165 186 1 1 0
40905 186 2 1 0
40939 186 2 1 0
41538 186 2 3 0
41600 186 4 2 0
41693 186 3 1 0
41743 186 3 2 0
71529 186 3 1 0
71862 186 3 1 0
72068 186 3 0 0
72119 186 3 2 1
72686 186 3 4 0
73049 186 3 1 0
73069 186 3 1 0
73163 186 4 1 0
103346 186 3 1 0
233230 186 1 1 0
268250 186 1 1 0
268873 186 4 3 0
400828 186 3 1 0
413315 186 1 4 0
414067 186 1 1 0
503957 186 3 2 0
12078 187 4 1 0
12870 187 1 1 0
41283 187 2 1 0
41284 187 2 3 0
41335 187 2 1 0
41933 187 3 1 0
69083 187 2 3 0
71405 187 3 1 0
71538 187 2 1 0
71540 187 3 2 1
71745 187 2 0 0
72111 187 2 1 0
72137 187 2 1 0
72849 187 4 1 0
73202 187 4 0 0
73229 187 3 1 0
95386 187 3 1 0
95807 187 2 1 0
96003 187 4 1 0
96312 187 2 1 0
269349 187 2 2 0
269522 187 4 3 0
361357 187 3 4 0
368579 187 3 3 0
391700 187 4 3 0
400589 187 3 1 0
421145 187 3 1 0
470987 187 3 3 0
491552 187 3 3 0
534127 187 4 3 0
542241 187 2 3 1
2376 188 3 1 0
2896 188 1 1 0
11740 188 3 1 0
11893 188 2 1 0
11989 188 2 1 0
12309 188 1 1 0
39605 188 2 1 0
40092 188 3 1 0
40443 188 3 4 0
40484 188 3 2 0
40619 188 3 1 0
40753 188 3 1 0
40754 188 4 1 0
41250 188 3 3 0
41528 188 2 3 0
68670 188 4 3 0
71657 188 3 1 1
71817 188 2 1 0
72174 188 2 1 0
72230 188 4 1 0
72623 188 2 1 0
72823 188 2 0 1
73024 188 2 3 0
73048 188 3 1 0
95545 188 3 1 0
96005 188 2 3 0
137492 188 3 4 1
193519 188 3 3 1
258661 188 3 1 0
259602 188 2 1 0
267670 188 3 1 0
267755 188 3 3 0
268023 188 3 3 1
268024 188 3 3 0
268941 188 2 3 0
269348 188 3 1 0
269697 188 2 3 0
409284 188 2 1 0
413834 188 2 1 0
414804 188 3 2 1
418903 188 2 1 0
422136 188 3 3 0
440745 188 3 1 0
465004 188 2 1 0
492536 188 3 2 0
2374 189 3 0 1
11339 189 3 1 0
11891 189 1 1 0
39823 189 3 1 0
40191 189 4 1 1
40442 189 2 3 0
41503 189 2 1 0
71946 189 2 1 0
72123 189 3 1 0
72229 189 3 1 0
72779 189 3 1 0
72944 189 3 1 0
72989 189 2 1 1
88779 189 3 3 1
95937 189 2 3 1
114112 189 4 1 0
137494 189 3 2 0
193526 189 1 1 0
208767 189 2 3 0
258363 189 1 2 1
258625 189 3 1 0
326419 189 3 3 0
388074 189 3 3 0
409269 189 3 0 0
413182 189 2 1 0
413467 189 2 3 0
414799 189 3 3 0
415423 189 3 3 0
492975 189 3 1 0
528510 189 3 3 0
11206 190 3 4 0
11221 190 2 3 0
39918 190 3 1 0
40065 190 2 2 0
40627 190 3 0 0
40987 190 2 1 0
41391 190 3 1 0
41423 190 3 1 0
41486 190 3 1 1
71406 190 2 3 0
71553 190 4 1 0
71789 190 4 1 1
72113 190 3 3 1
72227 190 1 0 0
72641 190 1 1 0
73052 190 2 3 0
95398 190 3 3 0
95604 190 3 2 0
96202 190 3 1 0
114422 190 4 3 0
224299 190 2 3 1
234193 190 3 2 0
268032 190 2 4 0
268490 190 3 1 1
269518 190 4 1 0
399935 190 4 1 0
412499 190 4 3 0
413538 190 5 1 0
415240 190 2 4 1
465823 190 3 1 0
491423 190 2 3 0
2806 191 2 1 0
11148 191 3 1 0
11287 191 4 4 1
11538 191 3 3 1
11787 191 4 3 0
11892 191 3 1 0
39606 191 3 3 0
39876 191 4 1 0
39880 191 3 3 0
39919 191 2 3 0
40009 191 4 3 1
40325 191 4 3 1
40415 191 3 1 0
40938 191 3 1 0
41739 191 2 0 0
41867 191 3 1 0
69080 191 3 2 1
71455 191 1 1 0
71663 191 3 3 0
72254 191 4 3 0
72910 191 3 1 0
260077 191 2 3 1
268170 191 3 1 0
268937 191 2 1 0
269350 191 4 3 0
322103 191 3 3 0
342076 191 3 3 1
399773 191 2 1 0
400131 191 3 3 0
415470 191 3 1 0
465938 191 4 1 0
466196 191 1 1 0
466232 191 3 4 0
536995 191 3 3 0
12263 192 3 0 0
12271 192 3 3 0
39607 192 3 3 0
39824 192 2 2 0
39905 192 2 1 0
40190 192 4 1 0
40972 192 3 1 0
72007 192 4 3 1
72741 192 3 1 0
72914 192 3 3 0
73088 192 3 3 0
73205 192 4 1 0
89323 192 2 1 0
182888 192 2 3 0
415421 192 2 2 0
438725 192 3 3 0
465831 192 4 3 0
481234 192 2 2 0
2572 193 2 1 0
39589 193 4 1 0
40944 193 2 1 0
41331 193 4 1 0
41336 193 3 1 0
71410 193 3 1 0
72017 193 3 3 0
72740 193 3 1 0
72776 193 2 3 0
89467 193 2 1 0
95092 193 4 0 0
224298 193 3 3 1
258613 193 3 1 0
267671 193 4 1 0
268673 193 3 1 0
269639 193 3 3 1
277891 193 2 1 0
277893 193 4 1 1
283060 193 2 3 0
405786 193 2 3 0
420440 193 2 3 0
465939 193 3 3 1
11337 194 3 1 0
11961 194 1 1 0
11980 194 3 1 0
12803 194 4 0 0
12855 194 2 0 0
39907 194 3 2 0
40397 194 4 1 0
40447 194 4 1 0
40759 194 3 1 0
41988 194 3 1 1
71413 194 2 3 0
71418 194 4 1 0
71421 194 2 3 0
71738 194 2 4 0
72521 194 3 1 0
73050 194 2 1 0
78562 194 2 3 0
198748 194 2 3 0
221828 194 3 3 0
235179 194 3 3 0
258858 194 3 1 0
269003 194 3 1 1
276594 194 2 1 0
277424 194 3 1 0
333577 194 3 4 1
413290 194 3 1 0
413833 194 3 0 0
464933 194 3 1 0
2483 195 3 1 1
11997 195 3 1 0
38458 195 3 3 0
40612 195 2 1 0
40742 195 4 1 0
41083 195 4 1 0
41341 195 2 1 0
42011 195 2 1 0
71691 195 3 4 1
71896 195 3 3 0
72642 195 3 1 0
72773 195 2 4 0
84639 195 3 3 1
113538 195 3 1 0
182102 195 2 4 0
233246 195 3 3 0
260561 195 3 1 0
264615 195 2 3 0
276987 195 2 1 0
277151 195 4 1 0
277895 195 3 3 0
347997 195 3 3 0
413464 195 3 3 1
465172 195 3 0 0
481231 195 2 0 0
482272 195 2 3 0
11979 196 3 1 0
12500 196 4 1 0
12546 196 3 3 0
40957 196 2 3 0
41340 196 2 1 0
72990 196 3 1 0
95096 196 2 3 0
114111 196 3 1 0
235180 196 2 4 1
268674 196 2 3 0
277425 196 1 1 0
277549 196 4 1 0
413920 196 3 1 0
419096 196 3 4 0
465374 196 3 1 0
491147 196 2 1 0
2807 197 2 3 0
3633 197 2 1 0
8575 197 3 4 1
11335 197 4 3 0
11336 197 3 1 0
17162 197 2 2 1
37160 197 3 3 0
38456 197 3 2 0
40097 197 4 4 0
40321 197 3 4 1
41170 197 2 1 1
71411 197 3 1 0
71412 197 4 1 0
72569 197 3 1 0
72913 197 2 3 0
73206 197 3 1 0
89322 197 4 4 0
268938 197 3 2 0
269459 197 5 1 0
276245 197 2 1 0
276592 197 2 1 0
277892 197 3 1 0
340517 197 2 2 0
400840 197 3 3 0
413922 197 2 3 0
415525 197 3 3 1
465338 197 3 1 0
556795 197 2 3 0
2020 198 4 1 0
2302 198 3 1 0
2571 198 4 1 0
12562 198 2 1 0
40450 198 3 0 0
40914 198 3 3 0
42012 198 2 2 0
42086 198 2 1 0
71936 198 3 1 0
72003 198 4 1 0
73234 198 3 1 0
77013 198 2 3 0
93635 198 3 3 0
113994 198 3 3 0
258860 198 3 3 0
263966 198 4 2 0
269004 198 2 3 0
276572 198 3 1 0
305808 198 4 2 0
362127 198 3 2 1
388447 198 3 3 0
399084 198 3 4 0
461693 198 2 3 0
466162 198 3 1 0
482546 198 3 0 0
12027 199 3 1 0
12288 199 2 3 0
12570 199 4 3 0
12856 199 3 2 0
12857 199 3 2 0
39582 199 3 3 0
40472 199 2 1 0
42013 199 4 2 1
72824 199 3 1 0
130278 199 3 3 0
233506 199 2 1 0
268341 199 1 1 0
277756 199 2 1 0
348093 199 3 3 0
425059 199 2 3 0
465020 199 3 1 0
465125 199 4 1 0
465152 199 2 1 0
465339 199 2 1 0
466033 199 2 1 0
8574 200 4 3 0
11331 200 4 2 0
11428 200 3 0 0
11978 200 4 1 1
40091 200 4 1 0
40610 200 2 4 0
41110 200 3 1 0
41343 200 3 3 1
71937 200 2 3 0
77934 200 3 1 0
113854 200 2 3 0
241219 200 4 3 0
259871 200 2 1 0
259927 200 5 1 0
261465 200 4 1 0
276844 200 3 1 1
277597 200 3 1 0
354778 200 3 3 1
418153 200 3 3 0
465276 200 1 1 0
491146 200 1 1 0
1903 201 2 1 0
3632 201 1 0 0
11159 201 3 1 0
12677 201 2 4 0
40617 201 4 3 0
41555 201 4 1 0
41557 201 2 3 1
71847 201 5 1 0
71848 201 3 3 0
114650 201 2 1 0
187187 201 4 2 0
232811 201 3 1 0
241117 201 1 1 0
277568 201 3 1 0
400839 201 3 3 0
413463 201 3 1 0
414401 201 3 4 0
415518 201 3 3 0
465690 201 3 1 0
465872 201 2 3 0
482549 201 3 1 0
11766 202 3 3 0
17163 202 2 3 0
71574 202 4 3 0
95088 202 3 1 0
267438 202 3 3 0
284486 202 3 1 0
413899 202 3 1 0
413923 202 2 3 0
415448 202 4 4 0
465337 202 2 1 0
465902 202 2 3 0
11486 203 4 1 0
11894 203 3 1 0
40096 203 2 3 0
40956 203 3 1 0
41339 203 2 0 0
78033 203 3 1 0
227836 203 2 2 0
277596 203 2 0 0
277825 203 2 1 0
388445 203 4 1 1
421767 203 3 1 0
426834 203 3 3 1
1896 204 1 1 0
2327 204 2 1 0
11824 204 2 3 0
40454 204 2 3 0
71859 204 4 1 0
71860 204 2 3 0
92114 204 3 3 0
204085 204 4 2 0
260473 204 3 1 0
262170 204 3 1 0
268342 204 4 3 0
276168 204 1 1 0
276377 204 2 1 0
276848 204 3 3 0
277106 204 2 1 0
284488 204 2 3 1
413233 204 2 3 0
464885 204 3 4 1
464962 204 3 3 0
465279 204 3 3 0
465340 204 4 3 0
466449 204 4 4 1
1901 205 3 0 0
11488 205 2 3 0
27313 205 3 4 0
57367 205 3 3 0
71575 205 2 3 0
234365 205 3 1 0
259735 205 2 1 0
260684 205 2 1 0
261554 205 2 1 0
264070 205 2 0 0
276846 205 4 1 0
276926 205 3 4 0
277566 205 1 1 0
354775 205 3 0 1
413900 205 2 3 0
415447 205 2 3 0
1897 206 2 1 1
11380 206 4 1 0
227838 206 2 0 0
232559 206 3 1 0
242001 206 1 1 0
242821 206 2 3 0
242846 206 1 1 0
242919 206 2 3 0
256677 206 4 2 0
259159 206 3 1 0
259940 206 3 1 0
260101 206 2 1 0
261153 206 3 1 0
262790 206 3 1 0
277270 206 3 3 0
277625 206 3 3 0
369683 206 2 3 0
414400 206 2 4 0
465795 206 2 2 0
481074 206 4 1 0
481123 206 3 1 0
1899 207 2 3 0
11122 207 4 3 0
40405 207 1 4 0
114309 207 3 0 0
204530 207 3 4 0
221439 207 4 2 0
227834 207 4 1 0
241014 207 4 1 0
242649 207 2 1 0
261045 207 3 3 0
261111 207 1 1 0
261168 207 3 1 0
276382 207 3 3 0
276839 207 2 1 0
277897 207 2 1 0
284049 207 3 1 0
295202 207 3 3 0
370300 207 4 1 0
378103 207 4 3 1
398532 207 2 3 0
413898 207 3 0 0
422368 207 3 1 0
2651 208 3 1 0
3683 208 3 4 0
196999 208 3 3 0
232558 208 3 1 0
241184 208 2 1 0
252855 208 2 4 1
258420 208 3 1 0
261213 208 4 0 0
261347 208 3 1 0
261349 208 3 3 0
261464 208 3 1 0
276427 208 3 1 0
276501 208 3 1 0
276688 208 3 3 0
277506 208 4 1 0
283703 208 3 0 0
366898 208 3 3 0
399215 208 3 2 0
1898 209 4 1 0
2157 209 2 1 0
2515 209 2 1 0
11530 209 4 2 0
12594 209 2 3 0
36607 209 4 2 1
115388 209 1 1 0
115389 209 4 1 0
205238 209 3 3 0
216239 209 2 2 0
232805 209 1 1 0
241149 209 3 1 0
241210 209 3 3 0
260454 209 3 1 0
260639 209 3 1 0
261149 209 2 1 0
261217 209 2 1 0
262171 209 4 1 0
276160 209 3 0 0
276448 209 1 0 0
277567 209 3 1 0
284535 209 3 1 0
303219 209 2 2 0
354776 209 3 0 0
422376 209 3 1 0
482690 209 3 3 0
1990 210 2 3 1
71573 210 4 0 0
227830 210 3 3 0
241467 210 4 1 0
241469 210 2 1 0
259080 210 4 1 0
260346 210 2 0 0
260450 210 4 1 0
260683 210 2 1 0
261656 210 2 1 0
276684 210 3 0 0
276685 210 4 1 0
277811 210 4 3 0
281501 210 2 3 0
283845 210 2 1 0
283846 210 3 1 0
370298 210 2 1 0
370575 210 2 1 0
420942 210 2 1 0
421762 210 2 1 0
422505 210 3 4 0
424049 210 3 2 1
430407 210 2 2 0
553926 210 2 3 1
2447 211 4 1 0
2615 211 2 3 0
2905 211 2 1 1
81410 211 3 3 0
101836 211 4 3 0
114565 211 2 0 0
141421 211 4 3 0
223277 211 1 3 0
241145 211 1 1 0
241720 211 3 1 0
258419 211 3 0 0
259885 211 1 1 0
259957 211 5 1 0
276504 211 3 3 0
283647 211 3 4 1
283695 211 4 4 0
399419 211 3 3 1
2517 212 2 3 0
2854 212 1 3 0
3270 212 2 1 0
12399 212 2 3 0
115396 212 2 3 0
205236 212 4 2 0
232084 212 3 3 0
241719 212 3 0 0
242204 212 4 1 0
261467 212 2 3 1
261914 212 4 1 0
276158 212 2 3 0
276603 212 2 1 0
277271 212 4 4 1
277644 212 4 1 0
284445 212 3 1 0
2225 213 3 0 0
2612 213 4 1 0
2616 213 4 3 0
12595 213 2 3 0
115007 213 3 1 0
242953 213 1 1 0
242961 213 1 4 0
257836 213 1 3 0
261040 213 3 4 1
276447 213 2 0 0
283237 213 2 1 0
354783 213 4 2 0
421668 213 2 4 0
422377 213 3 1 0
438918 213 4 2 1
533882 213 2 3 0
2239 214 3 1 0
3327 214 2 1 0
3669 214 3 1 0
115009 214 2 3 0
172548 214 3 1 0
241146 214 2 1 0
242546 214 4 1 0
257008 214 2 1 0
258106 214 3 1 0
260734 214 3 1 0
261110 214 3 1 0
261453 214 2 4 1
261855 214 4 3 0
263078 214 3 3 0
276223 214 2 3 0
276329 214 3 0 0
277574 214 4 3 0
283941 214 3 1 0
311725 214 2 3 0
397663 214 3 3 1
422512 214 3 1 0
482172 214 3 1 0
2906 215 3 3 0
2916 215 3 1 1
3151 215 2 1 0
3509 215 4 2 0
113765 215 1 0 0
199427 215 3 3 0
227311 215 4 3 0
241015 215 4 1 0
241501 215 2 1 0
241985 215 2 1 0
242955 215 1 3 0
257834 215 4 1 0
259087 215 3 1 0
260334 215 3 1 0
260737 215 2 3 0
261150 215 4 1 0
261653 215 2 0 0
261857 215 4 1 0
262576 215 2 1 0
276609 215 2 3 0
276841 215 2 1 0
277975 215 2 1 0
283752 215 4 1 1
354957 215 3 3 0
361824 215 2 2 0
370549 215 2 1 0
388030 215 2 3 0
421764 215 3 3 0
422252 215 3 3 0
422384 215 2 1 0
430406 215 3 2 0
482191 215 3 1 0
3096 216 2 1 0
91101 216 3 3 0
114568 216 3 3 0
187119 216 3 3 0
242829 216 3 1 0
256670 216 4 2 0
256761 216 1 1 0
257629 216 2 2 0
257833 216 1 1 0
259088 216 2 3 0
260162 216 2 1 0
261658 216 3 3 0
263082 216 3 4 1
276634 216 2 3 0
277024 216 2 0 0
277575 216 3 3 1
277576 216 4 3 0
283759 216 2 3 0
298832 216 3 3 0
421052 216 2 1 0
421349 216 3 1 0
3025 217 2 1 0
3353 217 2 1 0
3554 217 3 1 0
46026 217 2 3 0
79810 217 1 1 0
114567 217 4 3 0
172579 217 4 1 0
241196 217 1 0 0
241197 217 3 1 1
241505 217 2 1 0
242242 217 2 3 0
256584 217 3 1 0
257009 217 2 1 0
257634 217 4 1 0
258579 217 3 3 0
259437 217 2 2 0
260315 217 2 3 0
260733 217 2 1 0
260932 217 2 1 0
277498 217 2 1 1
277651 217 3 3 1
369153 217 2 1 0
387500 217 3 1 0
390292 217 3 3 0
421360 217 2 4 1
2448 218 3 1 0
2830 218 2 1 0
2944 218 3 1 0
3101 218 2 1 0
3325 218 3 0 0
3331 218 3 1 0
3479 218 3 1 0
20079 218 4 3 0
99203 218 3 3 1
172466 218 2 3 1
172581 218 2 3 0
241660 218 2 3 0
242661 218 4 1 0
257010 218 1 3 0
260736 218 4 3 0
261822 218 1 1 0
261909 218 2 2 0
261962 218 2 1 0
277974 218 2 1 0
277976 218 3 1 0
283942 218 2 1 0
369139 218 2 1 0
430085 218 2 1 0
481385 218 2 1 0
533018 218 2 3 1
2235 219 3 1 0
3334 219 3 3 0
3682 219 3 4 0
41230 219 3 3 0
83432 219 3 3 0
241987 219 3 1 0
242084 219 1 1 0
242956 219 2 3 0
245483 219 2 3 1
256402 219 3 1 0
257632 219 2 2 0
259065 219 3 3 0
259271 219 2 3 0
261119 219 4 1 0
262071 219 2 1 0
262957 219 3 1 1
276635 219 2 3 0
277267 219 4 1 0
421040 219 3 3 0
454350 219 2 3 0
481625 219 3 1 0
481710 219 3 1 0
36587 220 3 3 0
45388 220 4 3 0
47860 220 3 4 1
79808 220 3 0 0
115008 220 4 2 0
187093 220 2 4 0
227316 220 4 4 0
241011 220 3 1 1
241147 220 2 3 0
242007 220 3 1 0
256447 220 3 1 0
257055 220 3 1 0
257832 220 3 1 0
258185 220 2 1 0
260161 220 3 1 0
260853 220 2 1 0
260937 220 2 3 0
260938 220 2 3 0
260987 220 2 1 0
261654 220 2 0 0
262308 220 3 2 1
276799 220 3 2 0
277025 220 2 1 0
278006 220 3 1 0
281719 220 3 3 0
283478 220 3 3 0
386790 220 3 1 0
387169 220 4 1 0
387502 220 4 3 0
498034 220 4 3 0
2069 221 2 1 1
2994 221 3 3 0
88673 221 2 3 0
187089 221 4 2 1
241102 221 2 1 0
241129 221 3 1 0
241503 221 3 3 1
242539 221 3 1 0
259068 221 4 3 0
260593 221 3 3 0
260735 221 2 1 0
261012 221 3 3 0
261120 221 2 1 0
262074 221 3 3 0
262575 221 2 1 0
263263 221 2 1 0
283783 221 2 1 0
283952 221 3 3 1
454351 221 3 3 0
481633 221 3 0 0
482311 221 2 2 1
2093 222 4 1 0
2398 222 2 4 0
3118 222 3 3 0
48482 222 3 2 0
80220 222 2 1 0
80789 222 2 4 0
83430 222 1 2 0
259887 222 4 2 0
260313 222 3 2 1
260742 222 2 1 0
260935 222 3 2 1
261167 222 3 1 0
262073 222 3 3 0
272488 222 2 3 0
276344 222 2 1 0
276559 222 3 1 0
283940 222 2 1 0
283944 222 4 3 0
387530 222 3 1 0
387533 222 3 3 0
388162 222 2 1 0
388239 222 2 1 0
388380 222 3 4 1
430230 222 3 1 0
471204 222 2 3 0
481626 222 4 2 0
536612 222 4 3 0
1870 223 3 1 0
2092 223 1 0 0
2466 223 3 4 0
2568 223 3 1 0
2583 223 4 1 0
2701 223 3 1 0
79576 223 2 3 1
242535 223 4 3 0
242748 223 3 1 0
247923 223 3 3 0
257898 223 2 1 0
260990 223 3 3 1
261905 223 2 1 0
277477 223 3 1 0
421042 223 3 1 0
422283 223 1 1 1
481298 223 2 1 0
482328 223 2 4 0
482369 223 3 3 0
524540 223 3 2 0
2094 224 3 1 0
2270 224 2 1 0
2573 224 2 1 0
2950 224 3 1 0
3123 224 4 3 0
80451 224 2 1 0
106148 224 3 2 0
109655 224 3 4 0
240986 224 2 3 0
257350 224 3 1 0
257729 224 3 1 0
257765 224 3 1 0
259439 224 3 1 0
259903 224 3 1 0
260988 224 3 1 0
261854 224 4 4 1
276231 224 2 1 0
277620 224 3 2 0
284147 224 3 4 1
284278 224 3 1 0
387367 224 2 3 0
430227 224 3 0 0
482340 224 2 3 0
1950 225 3 4 0
1980 225 3 4 1
2501 225 2 1 0
2564 225 1 3 0
2791 225 3 3 0
2971 225 2 2 0
3131 225 2 3 0
139249 225 4 4 0
151456 225 2 3 0
241658 225 2 1 0
241859 225 3 1 0
242664 225 4 3 0
242746 225 3 1 0
242879 225 3 1 0
245481 225 2 1 0
250134 225 4 4 1
257356 225 3 1 0
260747 225 2 1 0
262366 225 4 1 0
262655 225 4 1 1
277003 225 4 1 0
277979 225 3 3 0
283266 225 3 3 0
283399 225 3 2 0
284854 225 2 3 0
384245 225 4 3 0
387371 225 2 1 1
387529 225 3 1 0
388624 225 2 1 0
420889 225 3 3 0
422343 225 2 1 0
428244 225 3 3 0
431588 225 2 1 0
481842 225 3 3 0
482347 225 2 1 0
2096 226 3 3 0
2382 226 2 1 0
2532 226 3 1 0
2747 226 3 3 0
3280 226 4 2 0
79674 226 3 1 0
115217 226 3 3 1
129824 226 4 3 0
241860 226 3 2 0
256299 226 3 3 1
257679 226 3 1 0
260940 226 2 1 0
262248 226 2 1 0
277100 226 3 1 0
283094 226 2 1 0
283594 226 4 1 0
387658 226 1 1 0
421187 226 3 3 0
430229 226 2 1 0
482334 226 4 0 0
482443 226 3 2 0
2008 227 3 1 0
2250 227 4 2 0
2585 227 3 3 0
2618 227 2 4 0
2669 227 1 3 0
2777 227 3 1 0
2930 227 2 3 0
2972 227 3 3 0
3007 227 3 4 0
57323 227 3 3 0
78970 227 2 3 0
114458 227 2 3 0
128142 227 2 3 0
151457 227 2 3 1
181748 227 3 3 0
242050 227 4 1 0
242814 227 2 1 1
247463 227 3 3 0
257678 227 2 0 0
257728 227 1 0 0
257766 227 2 1 0
257767 227 3 1 0
259425 227 3 3 0
261523 227 2 1 0
261974 227 3 4 0
262355 227 2 1 0
262368 227 4 1 0
365862 227 3 3 1
412385 227 3 3 0
421404 227 1 1 0
422784 227 2 3 1
481843 227 3 3 1
482638 227 3 1 0
2272 228 3 1 0
2524 228 2 1 1
2949 228 4 0 0
2996 228 3 4 0
114454 228 4 0 0
198329 228 3 2 0
241609 228 3 1 1
242052 228 3 3 0
256041 228 2 1 1
256318 228 4 1 0
256642 228 2 1 0
258289 228 2 1 1
260713 228 3 1 0
260941 228 2 3 0
277977 228 2 1 0
284341 228 3 1 0
299073 228 3 3 0
341329 228 3 2 0
386527 228 2 1 0
410909 228 4 3 0
454716 228 2 3 0
481485 228 2 1 0
3004 229 3 3 0
3080 229 1 0 0
3149 229 3 3 0
3191 229 4 1 0
3249 229 4 3 0
5076 229 4 3 0
151749 229 3 3 0
180124 229 2 3 1
181583 229 3 3 1
242295 229 3 1 0
242881 229 3 3 0
256297 229 2 1 0
256570 229 2 1 0
257681 229 2 3 1
258072 229 2 1 1
258097 229 2 1 0
258190 229 2 1 0
258288 229 3 1 0
258332 229 2 0 0
261814 229 4 1 0
262251 229 2 0 0
262645 229 4 4 0
262730 229 2 1 0
264686 229 3 1 0
276538 229 3 3 0
276604 229 3 1 1
277992 229 4 1 0
284426 229 4 1 0
284852 229 3 1 0
388345 229 2 1 0
388625 229 3 1 0
422344 229 4 1 0
481409 229 5 1 0
482226 229 3 0 0
517390 229 3 2 0
2526 230 1 3 0
3542 230 3 3 1
79992 230 4 1 0
80878 230 2 1 0
151451 230 4 3 0
241310 230 4 1 0
241612 230 3 3 1
245029 230 3 1 0
256315 230 3 1 0
257352 230 4 3 1
257381 230 2 1 0
257897 230 3 1 0
261285 230 3 1 0
261895 230 3 1 0
262220 230 2 4 0
262277 230 3 0 0
264679 230 1 1 0
277302 230 2 1 1
342471 230 3 3 0
481895 230 2 3 0
2187 231 2 1 1
113886 231 3 1 0
150232 231 4 4 1
241101 231 2 1 0
241607 231 2 0 0
241659 231 4 3 0
241682 231 1 1 0
241978 231 2 3 0
246632 231 3 1 0
256542 231 2 1 0
256927 231 2 1 0
256965 231 4 1 0
257440 231 2 1 0
258136 231 3 1 0
258287 231 2 0 0
260714 231 2 2 0
261489 231 4 1 0
261643 231 3 3 0
262678 231 3 1 0
262731 231 2 1 0
274301 231 2 3 0
276606 231 3 3 0
276886 231 3 1 0
284248 231 2 1 0
284427 231 2 3 0
284432 231 3 3 0
365164 231 3 3 0
421406 231 3 2 0
422785 231 2 3 0
2952 232 4 1 0
79159 232 3 1 0
79922 232 2 1 0
139454 232 3 3 0
241088 232 3 4 1
241330 232 2 2 0
241572 232 2 1 0
242841 232 3 4 1
245284 232 2 3 1
246635 232 2 3 0
256508 232 3 1 0
256789 232 3 1 0
257325 232 2 1 1
258274 232 3 1 0
258290 232 3 2 0
260999 232 4 1 0
262685 232 2 3 0
277401 232 3 1 0
277661 232 2 1 1
402016 232 3 3 0
421361 232 3 1 0
431059 232 3 3 0
471807 232 4 3 0
480988 232 3 1 0
481408 232 3 1 0
481824 232 4 0 0
482143 232 3 1 0
79675 233 2 3 0
84446 233 2 2 0
113741 233 2 1 0
128075 233 2 2 0
150775 233 3 3 0
185382 233 3 2 1
200140 233 4 3 0
241026 233 3 2 0
242364 233 2 4 1
242905 233 2 1 0
245197 233 2 1 0
246303 233 2 2 0
257128 233 1 1 0
257470 233 2 1 0
257968 233 4 1 0
258074 233 2 2 0
262254 233 3 3 1
264687 233 3 1 1
267479 233 2 4 0
276170 233 3 3 0
296446 233 2 2 0
476948 233 3 3 0
479406 233 2 3 0
481490 233 3 3 0
481766 233 2 1 0
482146 233 3 3 0
2273 234 4 1 0
2477 234 3 3 0
3034 234 3 1 0
37801 234 3 2 1
79360 234 3 1 0
90267 234 3 3 0
150587 234 4 3 0
241506 234 2 1 0
245191 234 3 1 0
245223 234 3 1 0
245816 234 1 1 0
246837 234 2 1 0
256509 234 2 3 0
257142 234 2 1 0
262733 234 2 3 0
277399 234 2 0 0
293299 234 2 4 1
421170 234 4 1 0
421172 234 2 1 0
422201 234 2 1 0
430034 234 1 4 1
472362 234 1 2 0
2221 235 3 1 0
177792 235 3 3 0
225291 235 3 2 0
241557 235 3 3 0
245028 235 4 1 0
246634 235 3 1 0
256633 235 3 3 0
257129 235 2 1 1
258278 235 3 3 0
261104 235 3 1 0
262579 235 2 4 0
264678 235 3 1 0
276293 235 3 4 1
276368 235 3 1 1
277400 235 4 0 0
404212 235 3 3 0
412549 235 4 4 1
421577 235 3 1 0
422014 235 3 3 0
467358 235 3 3 0
481013 235 3 1 0
481382 235 3 3 1
481894 235 4 3 0
504306 235 2 3 0
51349 236 3 2 0
84439 236 2 4 0
167001 236 3 3 0
242826 236 3 1 1
242904 236 3 1 0
253866 236 3 1 0
257471 236 3 3 0
258296 236 3 2 0
266935 236 4 3 0
284107 236 4 2 0
364208 236 4 1 0
421372 236 1 0 0
421824 236 3 4 0
493317 236 3 2 0
544908 236 3 2 0
2340 237 2 1 0
79923 237 3 1 0
167447 237 4 2 0
238931 237 3 2 0
241502 237 3 1 0
241576 237 4 1 0
241687 237 3 4 0
246834 237 3 0 1
246839 237 3 2 0
252494 237 3 3 0
256531 237 3 1 0
257971 237 2 3 0
262732 237 4 3 1
364206 237 2 1 0
421123 237 4 1 0
421177 237 2 3 0
422521 237 3 1 0
446543 237 3 2 0
1334 238 2 4 1
51348 238 2 2 0
79162 238 3 2 0
84734 238 2 1 0
114821 238 2 1 0
138362 238 3 3 0
198214 238 2 1 0
241507 238 3 1 0
242845 238 2 1 0
242902 238 4 0 0
245192 238 2 2 0
246039 238 3 1 0
246379 238 4 1 1
246747 238 2 1 0
246836 238 3 1 0
265049 238 2 2 0
292920 238 2 3 0
296444 238 4 4 1
407621 238 4 3 0
421179 238 3 4 0
421943 238 2 4 1
422856 238 3 3 0
481374 238 2 3 0
531495 238 2 1 0
2341 239 3 3 0
3184 239 4 1 0
115224 239 3 1 0
177790 239 3 2 0
180646 239 2 4 0
202064 239 2 1 0
233214 239 2 2 0
245743 239 4 1 0
246305 239 4 3 0
256184 239 2 2 0
256235 239 4 4 1
261299 239 2 3 0
322121 239 4 3 0
358126 239 2 3 0
421374 239 4 3 1
421578 239 3 1 0
421640 239 4 4 0
422855 239 2 3 1
431057 239 3 2 0
461199 239 2 3 1
481016 239 3 4 1
482061 239 2 1 0
493316 239 2 1 0
2208 240 3 4 1
51734 240 2 1 0
82072 240 2 2 0
199500 240 2 1 0
203302 240 3 3 0
240943 240 2 1 0
242828 240 2 1 0
242903 240 4 0 0
246299 240 3 3 0
246835 240 2 0 0
276598 240 3 1 0
276630 240 2 3 1
277048 240 3 1 0
277616 240 4 1 0
314053 240 3 3 0
364209 240 4 3 0
421178 240 2 3 0
421507 240 2 1 0
421712 240 3 3 0
421898 240 2 1 0
421961 240 2 1 0
422077 240 3 1 0
422413 240 2 3 0
1879 241 4 4 1
84733 241 1 1 0
85072 241 2 1 0
85944 241 4 1 0
165227 241 2 3 0
198218 241 2 3 0
238932 241 3 3 0
242316 241 3 3 0
245744 241 3 1 0
246037 241 2 1 0
246040 241 2 3 0
246163 241 2 1 0
256510 241 4 3 0
276381 241 3 1 0
276809 241 3 1 0
282670 241 2 2 0
311708 241 2 3 0
481560 241 4 3 0
482552 241 2 0 0
84735 242 3 1 0
114172 242 3 1 0
197536 242 3 1 0
198216 242 3 1 0
198534 242 3 3 1
199620 242 2 1 1
242314 242 2 1 0
245195 242 3 3 0
245742 242 3 1 0
246065 242 4 1 1
246849 242 2 0 0
256555 242 3 1 0
276631 242 3 3 0
277049 242 3 1 0
277393 242 1 1 0
366329 242 1 3 0
388790 242 3 3 0
398311 242 3 3 0
400047 242 2 3 0
482060 242 3 1 0
482701 242 2 3 0
2820 243 3 1 0
46320 243 2 2 1
120191 243 3 3 0
128077 243 4 3 0
241661 243 2 1 0
242750 243 2 1 0
243439 243 2 3 1
245241 243 2 1 0
246172 243 2 3 0
256589 243 3 1 0
256593 243 4 1 0
276632 243 4 3 0
277050 243 2 1 0
277543 243 1 1 0
277729 243 4 1 0
277731 243 2 1 0
421136 243 4 2 0
421375 243 4 3 0
422522 243 4 1 1
431304 243 1 0 0
487348 243 3 3 0
2109 244 2 3 1
51861 244 3 1 0
52282 244 3 1 0
84551 244 2 1 0
242979 244 3 1 0
245193 244 3 2 0
245502 244 3 1 0
245795 244 1 0 1
246122 244 2 1 0
246785 244 4 1 0
246838 244 2 2 0
276808 244 4 1 0
277658 244 4 3 0
291967 244 3 3 0
383812 244 4 3 0
421899 244 3 1 0
421935 244 3 3 0
421996 244 4 1 0
422021 244 3 1 0
430189 244 3 1 0
462154 244 3 3 1
481185 244 4 1 0
487347 244 2 1 1
16355 245 4 1 0
29850 245 4 3 0
51859 245 2 3 0
52283 245 2 1 0
120192 245 3 3 1
197400 245 3 1 0
198224 245 3 3 0
241399 245 2 1 0
242315 245 4 1 0
245199 245 3 3 0
245504 245 3 3 0
245651 245 4 1 0
245981 245 3 3 0
246582 245 3 1 0
293548 245 2 3 0
366330 245 2 3 0
422461 245 3 4 0
430772 245 3 1 0
431666 245 2 1 0
432948 245 2 2 0
482700 245 2 2 1
16124 246 2 1 0
50643 246 2 1 0
114174 246 3 3 0
114282 246 3 1 0
120188 246 2 1 0
202118 246 4 3 0
238929 246 2 1 0
238934 246 1 3 0
241595 246 2 1 0
245478 246 4 1 0
245514 246 3 1 0
246162 246 4 1 0
246446 246 1 2 0
266609 246 4 3 0
276262 246 3 1 0
277389 246 2 1 0
277544 246 3 3 0
277603 246 4 1 0
277867 246 3 3 1
422406 246 3 3 0
430237 246 3 1 0
114026 247 3 1 0
197217 247 4 1 0
197238 247 3 1 1
199501 247 2 1 0
242412 247 4 1 0
245044 247 2 4 1
245650 247 1 0 0
245674 247 4 0 0
245746 247 3 3 0
246111 247 3 4 0
420921 247 2 0 0
420946 247 3 1 0
421139 247 3 3 0
430234 247 3 1 0
430244 247 3 3 1
481607 247 4 1 0
531796 247 3 1 0
533304 247 3 1 0
15897 248 4 1 0
16985 248 2 1 0
27277 248 2 3 0
47044 248 1 3 1
50426 248 3 3 0
50578 248 2 1 1
50862 248 3 1 0
51726 248 3 1 0
79140 248 3 1 0
80303 248 3 4 0
114025 248 2 0 1
114369 248 2 3 0
114986 248 2 1 0
197492 248 2 3 0
242317 248 2 3 0
242477 248 2 1 0
242869 248 2 1 0
245433 248 2 0 0
245446 248 3 1 0
245798 248 3 1 0
246021 248 2 0 0
246963 248 3 1 0
421069 248 3 3 0
421936 248 2 3 0
481914 248 2 2 0
15702 249 3 2 1
45470 249 4 2 0
80501 249 4 1 0
99296 249 4 3 1
197224 249 2 3 0
245181 249 3 4 0
245503 249 3 2 0
245516 249 2 3 0
245619 249 2 1 1
246353 249 4 1 0
291574 249 3 3 0
293838 249 2 3 0
328265 249 3 3 0
421913 249 3 1 0
421997 249 3 1 0
15678 250 3 1 0
50644 250 3 2 0
51242 250 2 1 0
51950 250 3 1 1
113640 250 2 1 0
113894 250 3 1 0
115504 250 3 3 0
240929 250 4 1 0
245103 250 3 3 0
245388 250 3 4 1
245467 250 3 1 0
245747 250 2 3 0
254088 250 3 4 1
421370 250 3 2 0
421995 250 3 1 0
429996 250 2 3 0
430239 250 3 3 0
431220 250 3 1 1
432940 250 3 3 0
481055 250 1 1 0
481562 250 2 1 1
509547 250 4 3 0
16986 251 4 1 1
17261 251 2 1 0
50415 251 3 1 0
50459 251 3 1 0
79063 251 1 1 0
80096 251 1 1 0
80918 251 2 1 0
113961 251 4 1 0
154570 251 3 2 0
161327 251 3 0 0
240931 251 3 1 0
241400 251 4 3 0
245402 251 3 1 0
246121 251 3 0 0
246292 251 4 4 0
246506 251 3 0 0
246703 251 2 3 0
246751 251 5 1 0
246885 251 3 4 0
353754 251 4 0 0
421914 251 1 2 0
422399 251 4 2 0
424874 251 2 3 0
430580 251 3 1 0
430744 251 2 1 0
431199 251 4 1 0
431388 251 2 1 0
435760 251 3 3 1
16987 252 3 1 0
50294 252 3 4 0
51040 252 3 1 0
80148 252 3 1 0
80493 252 3 1 0
80919 252 3 1 0
113947 252 4 1 0
114513 252 3 4 1
238928 252 4 0 0
241919 252 4 1 0
245475 252 3 3 0
245797 252 3 1 0
245799 252 3 3 0
246462 252 2 1 0
246527 252 4 0 0
246909 252 2 1 0
277390 252 4 1 1
421175 252 2 1 0
431386 252 2 1 0
469169 252 3 1 0
470166 252 4 1 0
16989 253 3 3 1
50372 253 3 3 0
51070 253 2 1 0
51226 253 4 3 0
51611 253 3 2 0
51727 253 4 1 0
52134 253 2 1 0
52312 253 2 1 0
80146 253 3 0 0
80659 253 2 1 0
114027 253 4 2 1
161326 253 2 0 0
198471 253 4 1 0
198662 253 4 3 0
241642 253 3 1 0
242719 253 4 3 0
242847 253 2 1 1
245149 253 3 3 1
245639 253 4 4 1
421411 253 3 0 0
422401 253 3 3 0
434025 253 2 2 0
481379 253 3 1 0
482163 253 2 1 0
15807 254 2 1 0
50316 254 3 1 0
50461 254 2 3 1
50462 254 3 3 0
51060 254 3 3 1
51090 254 3 1 0
51091 254 1 1 0
51618 254 3 3 1
80143 254 4 4 0
80144 254 1 4 0
80580 254 2 1 0
114055 254 3 1 0
115203 254 3 3 0
121681 254 3 3 0
197531 254 4 1 0
197883 254 1 1 0
199070 254 2 1 0
245186 254 3 1 0
245618 254 3 1 0
245807 254 2 1 0
246591 254 3 1 0
422046 254 3 3 0
429959 254 3 1 0
431177 254 2 1 0
469871 254 2 1 0
481563 254 2 1 0
539767 254 2 3 0
16185 255 2 1 0
30989 255 2 3 0
50883 255 2 1 0
51057 255 3 1 0
80533 255 1 1 0
80808 255 3 1 0
113635 255 2 1 0
198472 255 3 2 0
241922 255 3 2 0
246461 255 2 1 0
254554 255 2 3 0
277433 255 4 1 0
292504 255 3 3 0
429785 255 3 1 0
430282 255 2 3 0
431157 255 2 0 0
431330 255 2 1 0
431564 255 2 1 0
475339 255 3 3 0
481521 255 4 3 0
482162 255 3 1 0
519449 255 3 3 0
15573 256 2 1 0
16184 256 4 1 1
16802 256 3 1 0
50311 256 2 1 0
50534 256 2 1 0
50704 256 3 1 0
50859 256 3 3 0
51613 256 2 3 0
52013 256 3 1 0
52103 256 2 1 0
79915 256 3 1 0
115199 256 2 3 0
115204 256 3 3 1
122659 256 2 2 0
197532 256 3 1 0
199002 256 2 1 0
242731 256 2 3 0
324197 256 3 3 0
429788 256 2 3 0
429938 256 2 1 0
430143 256 3 1 0
430396 256 2 3 0
430494 256 3 1 0
430579 256 3 1 0
430764 256 2 1 0
431049 256 1 1 0
431153 256 2 1 0
479878 256 4 3 1
481852 256 2 1 0
482325 256 3 1 0
515153 256 4 2 0
16186 257 3 1 0
16535 257 2 1 0
17074 257 3 1 0
50317 257 3 3 0
51094 257 2 3 0
52229 257 4 1 1
114177 257 2 1 0
114635 257 2 1 0
197529 257 3 1 0
198768 257 3 1 0
198865 257 3 4 0
246099 257 2 1 0
376084 257 2 1 0
421414 257 3 2 0
421455 257 3 1 0
430776 257 4 1 0
431241 257 1 1 0
482165 257 3 3 0
482875 257 2 2 0
532222 257 2 3 0
15400 258 3 4 0
16671 258 3 1 0
16897 258 4 1 0
17302 258 4 3 0
50556 258 3 1 0
51056 258 4 1 0
51278 258 3 1 0
51840 258 3 1 0
52303 258 3 1 0
79247 258 4 4 1
79840 258 3 3 0
80491 258 4 2 0
80581 258 4 2 0
80662 258 3 3 0
242002 258 4 1 0
245621 258 3 3 0
245663 258 3 1 1
246546 258 3 1 0
288150 258 4 3 0
324194 258 2 1 0
420924 258 2 3 0
431156 258 3 4 1
431163 258 3 3 0
431208 258 3 3 0
431566 258 2 1 0
431603 258 2 1 1
431672 258 4 1 0
481780 258 3 1 0
539446 258 3 3 1
16201 259 2 1 0
16259 259 2 1 0
16273 259 2 3 0
16302 259 3 1 0
16348 259 4 1 0
17321 259 3 1 0
50314 259 4 1 0
50937 259 3 4 1
50989 259 3 1 1
51377 259 3 1 0
51581 259 2 1 0
52162 259 3 1 0
114168 259 2 1 0
199147 259 3 0 0
240953 259 3 1 0
241918 259 4 1 1
245526 259 4 3 0
246428 259 2 1 0
421815 259 2 1 0
481564 259 2 1 0
16182 260 4 4 1
17104 260 2 1 0
17144 260 3 4 0
50614 260 4 3 0
51089 260 4 1 0
51381 260 4 3 0
52067 260 4 3 0
52220 260 2 3 1
80396 260 4 3 0
115588 260 2 4 1
122062 260 3 3 0
197534 260 3 3 0
199114 260 3 1 0
199205 260 1 1 0
246101 260 4 3 0
353768 260 2 0 0
421412 260 4 1 0
430109 260 2 1 0
431185 260 3 3 1
481554 260 2 1 0
559344 260 3 3 0
15666 261 1 1 0
16303 261 2 1 0
16305 261 2 3 0
16674 261 2 1 0
50785 261 2 2 1
51935 261 2 3 0
52306 261 2 0 0
54099 261 1 2 0
80759 261 3 3 0
93557 261 4 2 0
114724 261 2 3 0
116383 261 4 3 0
199192 261 3 1 0
199353 261 3 1 0
239199 261 3 1 0
245765 261 2 1 0
246533 261 3 3 0
300910 261 2 2 0
422510 261 2 4 0
468382 261 1 2 0
468806 261 3 3 0
469002 261 4 2 0
15396 262 4 1 0
15624 262 2 1 0
17130 262 2 1 1
17569 262 2 1 0
50496 262 2 1 0
51173 262 1 4 1
98640 262 3 3 0
204944 262 2 3 0
241178 262 4 3 0
245319 262 3 1 0
245371 262 3 1 0
245518 262 3 3 1
246445 262 3 1 0
365604 262 3 3 0
367024 262 4 3 0
421897 262 4 1 0
421901 262 3 3 1
429893 262 3 4 1
430050 262 2 1 0
431565 262 4 1 0
434317 262 2 3 0
468381 262 2 1 0
469880 262 3 1 0
469927 262 1 1 0
481356 262 3 1 0
548000 262 3 2 0
16313 263 3 1 0
16959 263 3 1 0
17264 263 2 4 0
50300 263 3 1 0
177618 263 2 1 0
198137 263 3 1 0
199191 263 1 1 0
199204 263 3 1 0
272933 263 3 3 0
354216 263 2 1 1
419637 263 5 1 0
421068 263 3 3 1
422137 263 3 1 0
430202 263 4 1 0
430444 263 3 1 0
430471 263 1 1 0
431228 263 3 1 0
431322 263 3 3 0
469572 263 3 1 0
469917 263 4 1 0
482130 263 2 1 0
559430 263 2 4 0
15623 264 2 1 0
16301 264 2 0 0
17133 264 3 3 0
17143 264 3 3 0
17322 264 4 1 0
50970 264 3 3 1
51328 264 3 1 0
51934 264 2 3 0
119654 264 3 2 1
122061 264 2 1 0
197702 264 3 1 0
198232 264 2 3 0
199355 264 3 3 0
239200 264 2 1 0
246377 264 4 3 0
265375 264 4 3 0
363003 264 2 3 0
383161 264 2 3 1
421939 264 2 1 0
429874 264 4 1 0
429877 264 3 3 0
469010 264 4 1 0
469220 264 2 1 0
469317 264 2 1 1
469778 264 2 1 0
536875 264 3 3 0
17559 265 2 1 0
17673 265 2 1 0
51326 265 3 1 0
130753 265 3 3 0
239198 265 3 3 0
400744 265 3 3 1
419949 265 3 1 0
429870 265 2 1 0
430110 265 3 3 0
430966 265 3 3 0
431253 265 2 1 0
50920 266 4 1 0
51198 266 3 1 0
52270 266 4 1 0
52308 266 4 2 0
199190 266 2 1 0
199610 266 4 1 0
245055 266 3 1 0
298597 266 2 4 1
419232 266 2 3 1
421211 266 3 1 0
421250 266 3 1 0
429868 266 4 3 0
430301 266 3 4 1
430354 266 4 3 1
468639 266 3 1 0
468794 266 3 1 0
469495 266 2 1 0
469780 266 2 3 0
474343 266 4 2 0
481357 266 3 2 0
481628 266 3 1 0
512312 266 4 3 0
513521 266 3 1 1
17453 267 3 1 0
50661 267 1 1 0
50922 267 3 3 0
50997 267 3 1 0
177620 267 2 3 1
198139 267 3 3 0
245206 267 2 1 0
246540 267 4 4 0
313452 267 3 2 0
362996 267 2 1 0
421102 267 4 3 0
422139 267 4 3 0
430019 267 2 1 0
430049 267 2 1 0
430951 267 2 1 0
431232 267 3 3 0
469322 267 3 3 0
469761 267 4 1 0
527992 267 2 3 0
15518 268 3 3 0
16236 268 4 3 0
17109 268 4 1 0
20167 268 3 3 0
54100 268 3 3 1
197728 268 3 1 0
239197 268 2 3 1
357328 268 4 2 0
421201 268 2 3 0
421210 268 2 1 0
430473 268 2 3 0
430778 268 3 1 0
430810 268 4 1 0
469218 268 2 1 0
473575 268 3 3 0
504730 268 3 3 0
556537 268 3 3 1
17113 269 2 4 1
17582 269 2 3 0
51330 269 3 3 0
52006 269 3 4 0
178517 269 2 3 0
199044 269 3 1 0
246684 269 2 1 0
246772 269 3 1 0
363004 269 3 3 0
414180 269 2 2 0
417135 269 2 2 1
419231 269 3 2 0
420434 269 4 1 0
429914 269 3 3 1
430139 269 1 1 0
430466 269 4 1 0
468808 269 4 3 0
469009 269 4 1 0
15620 270 3 3 0
18243 270 2 3 0
50429 270 3 3 0
50553 270 5 1 0
241407 270 2 1 0
242924 270 2 1 0
245360 270 3 1 0
419958 270 2 1 0
430059 270 2 1 0
430954 270 3 3 0
431488 270 2 3 0
455910 270 4 2 0
468929 270 2 4 1
469012 270 1 1 0
469148 270 3 2 0
470127 270 3 1 0
482029 270 3 1 0
482033 270 2 1 0
513522 270 3 1 0
50548 271 3 1 0
97537 271 3 3 0
192601 271 3 3 0
197723 271 2 4 1
198746 271 3 1 0
245602 271 3 1 0
264239 271 4 3 0
363002 271 3 2 0
369036 271 2 2 0
419235 271 4 3 1
420433 271 3 0 0
429873 271 4 3 0
431604 271 4 3 0
455908 271 3 3 1
469013 271 1 3 0
469897 271 2 4 0
481223 271 4 1 0
493679 271 4 2 0
20161 272 4 3 1
50662 272 2 2 0
178543 272 3 3 0
178746 272 2 1 1
240293 272 1 4 0
245251 272 3 0 0
430812 272 3 3 0
430900 272 2 1 0
430962 272 3 2 0
468699 272 3 1 0
469126 272 1 3 0
469889 272 3 1 0
15551 273 3 1 0
17187 273 4 4 0
50329 273 2 1 0
146063 273 4 3 0
178538 273 4 0 0
178541 273 3 1 0
197231 273 1 1 0
198381 273 3 1 0
239233 273 2 1 1
239498 273 3 1 0
246820 273 4 0 0
342690 273 3 3 0
422133 273 4 1 0
429632 273 3 3 0
473776 273 4 3 0
473777 273 3 3 0
16345 274 2 1 0
16424 274 4 1 0
16946 274 2 0 0
39410 274 4 3 0
140794 274 3 3 0
178142 274 4 2 0
192598 274 2 4 1
249085 274 4 3 0
313451 274 3 1 0
399339 274 3 1 0
437442 274 3 3 0
468596 274 3 1 0
468715 274 3 3 0
15556 275 3 4 0
17309 275 3 1 0
50551 275 3 3 0
178744 275 1 1 0
246822 275 3 3 0
383478 275 3 3 0
418749 275 3 3 0
420675 275 3 1 0
421766 275 2 1 0
430125 275 4 0 0
436487 275 4 2 1
469888 275 3 0 0
534019 275 2 2 1
15550 276 3 0 0
16949 276 1 3 0
17443 276 2 1 0
50663 276 2 3 0
198393 276 4 3 0
246811 276 2 0 0
313460 276 4 2 1
342692 276 2 3 0
420182 276 2 3 0
422135 276 4 2 1
429328 276 2 3 0
431091 276 4 0 0
513520 276 4 0 0
39409 277 4 3 1
140740 277 2 2 0
198384 277 3 2 1
245208 277 4 3 0
302175 277 2 3 0
330479 277 3 3 0
420674 277 4 3 0
436481 277 4 1 0
469733 277 2 3 0
473778 277 4 3 0
534017 277 2 0 0
15408 278 3 1 0
15760 278 2 3 1
17178 278 3 1 0
67196 278 2 3 0
238975 278 4 1 0
239206 278 3 1 0
293088 278 3 4 0
311765 278 4 3 0
383479 278 2 3 0
420369 278 2 1 0
430267 278 3 3 0
468872 278 4 3 0
469122 278 2 0 0
16076 279 3 1 0
17197 279 2 1 0
18241 279 4 0 0
205213 279 3 4 1
238952 279 3 1 0
239248 279 3 1 0
240894 279 3 1 0
278060 279 4 3 0
419904 279 2 1 0
420056 279 2 4 0
420270 279 4 0 0
420410 279 2 1 0
420446 279 3 1 0
420670 279 3 1 0
420678 279 4 1 0
436789 279 4 3 0
16337 280 2 3 0
17489 280 3 4 1
18313 280 2 0 0
22118 280 4 3 0
66996 280 1 3 1
245511 280 3 3 0
313558 280 2 1 0
348626 280 3 1 0
420409 280 2 1 0
430148 280 2 1 0
469125 280 4 3 0
472750 280 4 3 0
15743 281 3 3 1
16075 281 3 0 0
16533 281 3 3 1
16947 281 3 0 0
52720 281 2 3 1
118623 281 4 3 0
239087 281 3 1 1
239914 281 2 3 0
419688 281 2 1 0
419761 281 2 1 0
419793 281 2 1 0
419860 281 4 2 0
420370 281 2 3 0
420411 281 2 1 1
431025 281 4 0 0
438009 281 3 1 0
456880 281 2 2 0
469034 281 2 0 0
470807 281 3 2 0
16531 282 2 2 0
218522 282 2 2 0
239024 282 3 1 0
239322 282 2 1 0
239424 282 2 1 0
239850 282 3 4 1
312804 282 3 1 0
313171 282 3 1 0
348621 282 3 2 0
419359 282 1 1 0
419696 282 3 1 1
419903 282 3 0 0
419925 282 2 4 0
430689 282 2 0 0
430759 282 3 3 0
470056 282 4 1 0
15569 283 2 1 0
15643 283 4 1 0
16792 283 3 3 0
34046 283 3 3 1
53903 283 2 3 0
125723 283 2 3 0
239136 283 3 0 0
239901 283 4 4 0
240367 283 3 0 0
419413 283 4 1 0
419759 283 3 1 0
420216 283 3 1 0
420256 283 3 3 0
420405 283 3 4 1
430147 283 3 1 0
19057 284 3 3 0
239025 284 3 3 0
240778 284 4 3 0
240977 284 3 3 0
397157 284 4 3 0
419414 284 4 3 0
420414 284 3 3 0
420673 284 5 4 1
142377 285 1 3 0
218521 285 3 2 0
238940 285 3 1 0
239325 285 3 1 0
247762 285 2 3 0
311771 285 3 1 0
312803 285 4 1 0
419699 285 2 3 0
419948 285 2 1 0
420581 285 2 3 0
431023 285 3 1 0
436502 285 4 1 0
436598 285 4 3 0
436602 285 2 3 0
438035 285 3 0 0
469037 285 4 2 0
474631 285 2 3 1
502561 285 2 2 0
15871 286 3 3 0
84274 286 3 4 0
110705 286 2 3 0
217858 286 2 3 1
239027 286 3 4 1
239426 286 2 3 0
313020 286 3 0 0
419125 286 1 1 0
429569 286 3 3 0
430253 286 3 1 0
430905 286 2 1 0
470057 286 2 3 0
15542 287 4 1 0
238990 287 4 1 0
239327 287 3 3 0
239918 287 4 1 0
240200 287 4 3 0
240624 287 3 1 0
419277 287 4 3 0
419411 287 3 1 0
419768 287 3 3 1
430044 287 3 1 0
437397 287 4 1 0
437669 287 4 3 0
438018 287 2 3 0
15541 288 2 1 0
17005 288 4 1 0
17657 288 2 3 0
148203 288 4 2 0
239008 288 4 3 0
239138 288 4 1 0
240390 288 3 1 0
240518 288 3 1 0
313355 288 3 4 0
420253 288 3 1 0
431582 288 4 1 0
436734 288 2 0 0
437402 288 3 4 0
470028 288 2 3 0
474630 288 4 3 0
239656 289 4 1 0
419127 289 2 3 1
419691 289 3 3 1
420225 289 2 1 0
430151 289 2 3 0
469425 289 3 1 0
469731 289 3 2 1
160271 290 4 3 0
238870 290 3 1 0
239140 290 4 3 1
239307 290 2 1 0
240475 290 2 1 0
240721 290 3 1 0
381077 290 2 3 0
419670 290 2 1 0
15607 291 4 1 0
19876 291 3 3 0
110703 291 4 3 0
260200 291 4 2 0
419843 291 3 1 0
419951 291 2 1 0
437396 291 3 1 0
469771 291 3 3 0
470040 291 3 1 0
15545 292 3 3 0
15549 292 3 3 0
17701 292 3 1 0
239660 292 3 3 0
240520 292 4 1 0
240522 292 4 3 0
259424 292 2 3 0
313271 292 3 0 0
381076 292 2 3 0
419270 292 3 1 0
419726 292 2 1 0
436480 292 4 0 0
468601 292 4 1 0
16890 293 3 4 1
17341 293 3 3 0
239309 293 3 1 1
419166 293 2 1 0
419727 293 4 1 0
419844 293 1 1 1
420232 293 3 2 0
420693 293 2 1 0
431211 293 5 4 0
446968 293 3 3 0
468419 293 3 1 0
468804 293 3 1 0
239091 294 4 1 0
239769 294 2 1 0
251196 294 2 3 0
419293 294 4 4 0
419338 294 2 1 0
419701 294 3 1 0
437859 294 4 1 0
470042 294 2 1 0
470043 294 4 3 0
529713 294 2 2 0
16748 295 3 1 0
239470 295 2 4 0
390489 295 2 2 0
419824 295 3 1 0
419953 295 3 3 0
431210 295 4 4 1
15926 296 3 3 0
240098 296 4 3 0
240752 296 2 1 0
419933 296 3 1 0
420484 296 2 1 0
430384 296 2 4 0
470039 296 4 1 0
15544 297 3 3 0
109930 297 4 3 0
239039 297 2 3 0
240208 297 2 1 0
259032 297 4 3 1
419167 297 3 1 0
419700 297 2 0 0
419702 297 4 1 0
419950 297 3 1 0
420302 297 2 1 0
430433 297 3 1 0
437860 297 2 1 1
437861 297 2 3 1
15923 298 2 4 0
239768 298 2 0 0
419845 298 2 1 0
420703 298 2 1 0
429299 298 2 2 0
431238 298 3 1 0
431367 298 3 1 0
436463 298 3 1 0
437882 298 3 1 0
469449 298 3 3 0
521185 298 4 3 0
240339 299 3 3 0
399947 299 4 3 0
419168 299 3 3 1
239031 300 2 3 0
240196 300 3 1 0
430385 300 3 4 0
431037 300 1 1 0
239933 301 2 1 0
259031 301 4 3 0
419473 301 3 0 0
419582 301 3 3 0
420486 301 2 3 0
437505 301 3 1 0
437858 301 3 1 0
197593 302 4 3 0
240209 302 2 1 0
419131 302 3 3 0
419544 302 3 1 0
420226 302 3 1 0
420640 302 2 1 0
436625 302 3 3 0
436962 302 2 1 0
437215 302 2 1 0
239779 303 4 1 0
240585 303 1 0 0
240722 303 2 1 0
240802 303 3 1 0
419630 303 4 0 0
437591 303 2 1 0
437743 303 4 1 0
16568 304 3 1 0
239064 304 2 1 0
239936 304 3 1 0
240007 304 3 1 0
240697 304 2 1 0
256114 304 2 2 0
419475 304 3 2 0
419869 304 3 0 0
420600 304 2 1 0
426109 304 2 1 1
436381 304 4 1 0
467679 304 3 3 0
239861 305 2 0 0
240057 305 4 0 0
251032 305 4 3 0
259030 305 4 1 0
419132 305 4 3 0
419618 305 2 1 0
437612 305 4 1 0
486285 305 2 3 0
16575 306 3 3 0
240731 306 2 1 0
240774 306 2 1 0
419529 306 2 4 1
430590 306 4 4 0
436605 306 2 1 1
437593 306 2 3 0
239925 307 2 2 1
239938 307 2 3 0
240008 307 3 3 0
240414 307 3 1 0
240695 307 3 0 0
240866 307 2 1 0
419474 307 3 0 0
420163 307 3 1 1
420263 307 4 1 0
427224 307 4 1 0
437726 307 2 1 0
437952 307 2 1 0
468836 307 3 3 0
16573 308 3 2 0
211602 308 3 2 0
239469 308 2 3 0
240060 308 3 2 0
420160 308 2 2 0
420487 308 3 3 0
420556 308 2 3 0
436651 308 2 3 0
15522 309 4 1 0
16034 309 2 1 0
239828 309 2 1 0
240120 309 4 1 0
240416 309 3 3 0
240720 309 4 4 0
436606 309 2 1 0
485805 309 4 3 0
16276 310 2 1 0
16414 310 2 4 0
16825 310 4 2 0
258784 310 3 1 0
259202 310 2 1 0
259213 310 3 1 0
420001 310 2 0 0
420062 310 3 3 0
426110 310 4 1 0
426188 310 3 2 0
426519 310 2 1 0
427285 310 2 3 0
427286 310 3 1 0
434022 310 3 3 0
436652 310 3 3 0
436735 310 3 1 0
164291 311 3 3 0
239280 311 3 1 0
239812 311 3 3 1
240757 311 3 1 0
295047 311 4 3 0
393008 311 4 3 0
420156 311 2 2 0
420166 311 2 3 0
420261 311 3 1 0
426013 311 2 1 0
436240 311 4 1 0
437491 311 4 3 0
437495 311 2 3 0
530707 311 3 2 0
15975 312 2 0 0
240714 312 2 2 1
240755 312 2 1 0
259217 312 1 3 0
259510 312 2 1 0
260326 312 3 1 0
420009 312 3 3 0
420162 312 4 1 0
420482 312 3 3 0
426186 312 3 1 0
426213 312 1 1 0
426518 312 3 0 0
164290 313 3 3 0
196901 313 3 3 0
239284 313 4 3 1
239801 313 3 3 0
259214 313 3 1 0
426112 313 3 3 0
426497 313 4 1 0
436239 313 2 1 0
437697 313 4 3 0
16279 314 4 3 0
150598 314 3 4 1
259215 314 2 1 0
260223 314 2 2 0
419671 314 3 1 0
426187 314 2 1 0
426500 314 3 1 0
427038 314 3 1 1
433163 314 2 3 0
436199 314 3 1 0
436678 314 1 1 0
437213 314 2 1 0
437692 314 2 2 0
16409 315 3 3 0
239047 315 3 1 0
239124 315 3 1 0
240072 315 3 3 0
426189 315 3 3 0
426543 315 2 1 0
427031 315 3 0 0
427341 315 2 1 0
128712 316 4 3 0
196361 316 3 1 0
239539 316 2 1 0
258474 316 4 1 0
258936 316 2 3 0
420054 316 4 4 1
426190 316 3 3 0
426293 316 2 4 0
426753 316 2 3 1
426822 316 1 1 0
427263 316 1 0 0
437439 316 4 1 0
17016 317 4 1 0
144636 317 3 1 0
239487 317 3 1 0
239892 317 4 1 0
240759 317 3 3 1
425926 317 3 4 0
425944 317 4 1 0
426598 317 2 1 0
426944 317 2 3 0
427194 317 3 1 0
427210 317 4 1 0
436203 317 2 2 0
436232 317 2 2 0
436312 317 1 1 0
437438 317 3 1 0
439631 317 3 2 0
450279 317 3 3 0
502577 317 4 3 0
533649 317 3 3 0
95554 318 3 2 0
196360 318 2 0 0
240126 318 4 1 0
240736 318 3 2 0
240741 318 2 3 0
259382 318 3 3 0
419812 318 3 1 0
426167 318 3 3 0
426547 318 3 1 0
426869 318 3 1 0
427220 318 2 3 0
427515 318 3 1 0
436345 318 3 1 0
436432 318 3 1 1
196363 319 3 3 1
239538 319 2 0 0
255384 319 3 3 0
420669 319 4 1 0
426214 319 2 3 1
427034 319 4 2 0
427164 319 3 1 0
427245 319 4 0 0
427246 319 2 1 0
427430 319 2 3 0
144639 320 1 3 1
144715 320 3 0 0
145118 320 3 1 0
240812 320 3 4 0
419664 320 2 1 0
419811 320 3 1 0
420116 320 1 1 0
425920 320 3 3 0
425967 320 3 3 0
426173 320 3 1 0
427264 320 2 0 0
427453 320 2 1 0
16032 321 3 1 0
144820 321 3 1 0
145157 321 3 1 0
239122 321 3 0 0
239342 321 2 0 0
259331 321 2 0 0
259578 321 1 1 0
425484 321 2 3 0
134771 322 3 3 0
144056 322 3 1 0
239964 322 3 1 0
240068 322 3 4 1
240071 322 4 1 0
240361 322 2 1 0
259383 322 3 3 0
419666 322 4 1 0
436172 322 3 4 0
436186 322 3 1 0
471676 322 3 3 0
144894 323 4 1 0
258390 323 2 1 0
420587 323 1 3 0
423809 323 3 3 0
426478 323 3 1 0
427265 323 4 2 0
427309 323 2 1 0
144010 324 2 1 0
144840 324 2 1 0
239611 324 3 1 0
258475 324 3 3 0
259672 324 2 1 0
259859 324 4 1 0
368543 324 2 3 1
425481 324 3 1 0
426802 324 2 1 0
437409 324 3 3 1
437629 324 3 1 1
520503 324 2 3 0
142595 325 2 1 0
144675 325 2 1 0
144898 325 2 3 0
239085 325 3 4 0
239258 325 2 1 0
258918 325 2 3 0
259978 325 2 0 0
308862 325 4 3 0
426480 325 3 3 0
426762 325 2 1 0
426930 325 2 1 0
427538 325 2 1 0
238851 326 2 0 0
239624 326 3 2 0
240617 326 3 4 0
248249 326 2 3 1
259482 326 2 3 0
259673 326 2 1 0
260430 326 2 0 0
287093 326 3 2 0
438046 326 2 3 1
494275 326 3 3 0
207932 327 4 1 0
240450 327 5 3 0
259430 327 2 1 0
414426 327 2 3 0
425483 327 4 2 0
426144 327 1 1 0
426246 327 2 1 0
427227 327 2 3 0
427305 327 3 3 0
427608 327 2 0 0
427612 327 3 1 0
436630 327 4 0 0
438051 327 1 1 0
444866 327 4 4 1
144307 328 3 1 0
239029 328 4 2 0
426479 328 4 3 0
426725 328 1 1 0
5485 329 2 3 0
144772 329 2 1 0
144799 329 3 1 1
144843 329 2 3 0
207931 329 2 1 0
239345 329 4 3 0
239718 329 4 2 0
240009 329 2 4 0
240254 329 3 3 0
240656 329 2 1 0
259016 329 2 4 0
259195 329 3 3 0
259907 329 3 4 1
301996 329 3 3 0
426558 329 2 1 0
426896 329 4 1 0
74346 330 1 2 0
144301 330 2 0 0
144673 330 3 0 0
239030 330 2 3 0
248518 330 3 3 0
412514 330 2 4 0
425876 330 2 1 0
427122 330 2 0 0
144735 331 3 3 0
144835 331 3 2 0
240657 331 1 1 0
259060 331 4 3 0
259981 331 2 2 0
426170 331 3 2 0
426629 331 3 3 0
426929 331 3 1 0
427334 331 2 1 0
427375 331 3 1 0
436260 331 2 1 0
437169 331 2 1 0
144065 332 3 1 0
145432 332 4 1 0
239337 332 2 3 0
259921 332 2 0 0
408934 332 1 3 0
426055 332 3 1 0
426895 332 2 1 0
427304 332 3 3 1
436120 332 2 1 0
436187 332 4 1 0
438054 332 3 3 1
142957 333 2 1 0
144717 333 3 2 1
145430 333 2 0 0
427124 333 3 1 0
427460 333 4 1 0
517060 333 3 4 0
142856 334 3 1 0
144528 334 3 4 1
144638 334 2 1 0
144768 334 3 1 0
145306 334 3 1 0
239662 334 2 1 0
425915 334 3 1 0
426933 334 3 3 0
427160 334 2 1 0
436297 334 3 1 0
143223 335 3 1 0
145244 335 2 1 0
269062 335 2 2 0
426750 335 2 3 0
427123 335 3 0 0
436188 335 3 1 0
436262 335 3 3 0
516817 335 2 3 0
143376 336 3 1 0
144162 336 3 1 0
144738 336 3 1 0
145285 336 2 2 0
247039 336 2 1 1
393786 336 3 3 0
426550 336 3 3 0
427178 336 2 3 0
427376 336 3 1 0
142849 337 1 1 0
143374 337 2 0 0
143377 337 2 3 0
144352 337 4 1 0
144667 337 1 1 0
238696 337 3 2 0
425964 337 4 1 0
426422 337 4 1 0
142581 338 2 1 0
142885 338 1 0 0
143373 338 3 0 1
144742 338 1 3 0
144933 338 4 4 0
145067 338 3 1 0
258468 338 3 1 1
316578 338 2 3 0
425878 338 4 3 0
425916 338 3 1 0
427028 338 2 1 0
142785 339 2 0 0
143378 339 3 3 0
143698 339 3 0 0
143954 339 2 1 0
145245 339 2 1 0
427625 339 3 3 0
540656 339 3 2 0
145186 340 3 1 0
427271 340 1 0 0
436257 340 4 3 0
142772 341 3 2 0
142851 341 2 3 0
142971 341 2 0 0
143375 341 3 1 0
143829 341 2 3 0
145058 341 3 1 0
427026 341 3 1 0
463703 341 4 3 0
539465 341 3 3 0
142025 342 2 3 0
142333 342 2 1 0
142436 342 3 1 0
142570 342 3 1 0
142774 342 3 3 0
142977 342 2 3 0
144668 342 3 1 0
144685 342 3 1 0
145190 342 3 3 0
145435 342 2 1 0
426365 342 3 1 1
427272 342 4 1 0
430697 342 4 2 0
142847 343 4 0 0
143238 343 2 1 0
143242 343 3 4 0
143402 343 2 2 0
143590 343 2 1 0
143802 343 4 0 0
143984 343 3 1 0
144025 343 3 1 1
144041 343 2 1 0
239724 343 2 3 0
247927 343 2 1 0
425891 343 4 4 0
427208 343 3 3 0
143258 344 4 3 0
143596 344 3 4 0
144670 344 2 2 0
144760 344 4 4 1
144761 344 3 4 0
426903 344 3 3 0
142662 345 2 1 0
143439 345 2 1 0
144671 345 3 3 0
427363 345 2 3 0
142191 346 2 2 0
142328 346 4 1 0
142467 346 4 3 0
142517 346 3 4 1
143195 346 3 3 0
143556 346 4 0 0
144024 346 2 1 0
144028 346 3 1 1
248421 346 2 1 0
539466 346 3 3 0
143215 347 3 3 0
143221 347 3 3 0
144006 347 3 1 0
144221 347 3 4 0
144537 347 2 1 0
144863 347 3 4 0
247651 347 3 4 0
463350 347 2 3 0
142631 348 4 0 0
142633 348 2 1 0
142677 348 3 3 0
142984 348 4 3 1
143443 348 3 1 0
144023 348 2 1 0
247928 348 4 1 0
248235 348 2 1 0
248774 348 2 1 0
336033 348 3 1 0
426082 348 4 0 1
427422 348 2 0 0
545866 348 3 2 0
141988 349 3 1 0
142661 349 3 1 0
142928 349 4 1 0
142939 349 3 3 0
143192 349 3 0 0
143292 349 3 1 0
143436 349 3 1 0
143911 349 4 1 0
144536 349 2 0 0
218116 349 2 3 1
247930 349 3 3 0
545868 349 1 3 1
142675 350 3 2 0
142908 350 3 1 0
144635 350 3 1 0
247118 350 3 1 0
247725 350 3 3 0
247877 350 3 1 0
427547 350 4 1 0
466623 350 3 4 0
545867 350 2 3 1
142882 351 2 1 0
143525 351 4 1 0
144153 351 1 1 0
144519 351 4 1 0
144971 351 3 1 0
247582 351 2 4 0
247818 351 1 1 0
248349 351 2 1 1
248775 351 3 3 0
466618 351 3 1 0
532016 351 3 3 0
142255 352 3 1 0
142911 352 2 3 0
143410 352 3 1 0
145315 352 2 1 0
247724 352 2 3 0
248368 352 3 3 0
248956 352 2 1 0
551779 352 3 3 0
55262 353 2 3 0
143438 353 4 1 0
143526 353 3 1 0
143529 353 3 3 1
247256 353 4 3 1
248361 353 1 1 0
248444 353 2 4 0
248580 353 3 1 0
468205 353 1 1 0
540270 353 2 4 0
142883 354 3 3 1
143429 354 3 1 0
143440 354 4 1 0
248234 354 2 1 0
248347 354 3 1 0
466620 354 2 3 0
142291 355 4 1 0
143766 355 3 1 0
144945 355 3 4 1
247426 355 3 1 0
247720 355 2 3 0
248213 355 3 1 0
426089 355 3 3 1
467779 355 3 1 0
142290 356 3 1 1
143326 356 1 1 0
143394 356 3 4 0
144540 356 3 3 1
247084 356 2 1 0
247323 356 3 3 0
247568 356 3 1 0
248211 356 3 1 0
301694 356 3 3 1
467701 356 2 3 0
247553 357 3 1 0
247570 357 3 3 0
248757 357 2 1 0
466626 357 2 3 0
466628 357 3 1 0
468201 357 2 1 0
142256 358 3 1 0
247572 358 4 1 0
247579 358 2 3 0
248175 358 3 3 0
248282 358 3 4 0
248705 358 3 1 0
248957 358 3 3 0
249765 358 3 3 0
122984 359 2 2 1
142272 359 3 1 0
142294 359 2 3 0
248460 359 2 4 0
249769 359 2 3 0
287703 359 4 3 0
287704 359 3 3 0
427551 359 2 3 0
468202 359 4 1 0
468296 359 2 1 0
482990 359 4 2 0
142271 360 2 1 0
142548 360 3 1 0
153079 360 3 2 0
247567 360 2 1 0
247714 360 3 3 0
525475 360 3 3 0
142558 361 2 1 0
143328 361 3 3 0
247716 361 3 1 0
248164 361 3 3 0
248197 361 3 1 0
249772 361 2 3 1
386025 361 2 3 0
468295 361 1 1 0
77598 362 3 3 0
123275 362 3 3 0
142614 362 3 1 0
227042 362 3 3 0
247016 362 3 1 0
247575 362 3 2 0
281311 362 3 3 0
142992 363 2 1 0
143325 363 1 3 0
167115 363 1 3 0
227005 363 2 3 0
247126 363 3 3 1
247717 363 2 2 0
249767 363 2 1 0
16622 364 3 3 0
142232 364 3 3 0
247712 364 2 1 0
248422 364 3 1 0
293422 364 2 3 0
312899 364 2 4 0
