317568 1 2 4 3
299738 1 3 3 3
202348 1 3 3 1
194574 1 3 3 3
88376 1 3 3 3
10705 1 3 3 3
10707 0 3 3 3
299739 0 3 3 3
317567 1 3 3 3
321482 1 4 2 3
202349 1 4 3 1
321481 0 4 3 3
409249 1 5 3 3
129471 1 5 2 3
387025 1 5 1 1
74202 1 5 1 3
387027 0 5 3 1
409248 0 5 3 3
134815 1 6 3 3
127317 1 6 3 1
387970 1 6 2 1
350527 1 6 2 3
127321 0 6 3 1
134814 0 6 3 3
230420 0 6 3 3
387972 0 6 3 1
387973 0 6 3 1
93453 1 7 2 1
10703 1 7 2 4
386988 1 8 3 1
370849 1 8 3 4
387696 1 9 4 1
284524 1 9 2 3
128338 1 9 2 1
284521 0 9 3 3
284522 0 9 3 3
127322 1 10 4 1
128137 1 10 3 1
302727 1 10 2 2
234765 1 10 2 3
387027 1 10 1 3
127711 1 10 1 2
387699 1 10 3 1
102658 1 11 3 3
370058 1 11 2 3
127689 1 11 1 1
127323 1 11 3 1
127690 0 11 3 1
128139 1 11 3 1
388266 1 12 3 1
387485 1 12 2 1
387308 1 12 2 3
128318 1 12 2 1
128319 0 12 3 1
128320 0 12 3 1
128321 0 12 3 1
387483 0 12 3 1
387486 0 12 3 1
128462 0 13 8 0
128810 1 13 4 1
127691 1 13 3 3
75257 1 13 3 3
128463 1 13 2 1
127690 0 13 3 3
388265 1 13 3 1
388032 1 14 4 0
387130 1 14 3 1
309754 1 14 3 3
127326 1 14 3 3
128078 1 14 2 1
387699 1 14 1 3
387031 1 14 1 2
309753 0 14 3 3
387127 0 14 3 1
387129 0 14 3 1
387132 0 14 3 1
387145 1 15 2 2
387029 1 15 2 3
468121 1 15 1 3
127932 1 15 1 1
127323 1 15 3 3
127324 1 15 3 3
127325 1 15 3 3
388036 1 15 3 0
468122 0 15 3 3
388462 1 16 3 2
127404 1 16 3 1
128249 1 16 2 1
128248 0 16 3 1
128250 0 16 3 1
387146 1 16 3 2
388614 0 16 3 2
388618 0 16 3 2
387142 1 17 2 1
127405 1 17 3 1
127406 1 17 3 1
387143 0 17 3 1
387144 0 17 3 1
387145 0 17 3 1
387146 0 17 3 1
388613 1 18 3 1
387033 1 18 2 3
128850 0 18 4 1
387030 0 18 3 3
387032 0 18 3 3
386861 1 19 2 1
128853 0 19 3 1
386863 0 19 3 1
387142 0 19 3 3
387144 0 19 3 3
387145 0 19 3 3
128077 1 20 3 1
128811 1 20 2 2
127421 1 20 2 1
127422 0 20 3 1
128078 0 20 3 1
128080 0 20 3 1
128813 0 20 3 2
388209 1 21 4 2
128014 1 21 2 2
128013 0 21 3 2
402537 1 22 2 2
546332 1 23 3 2
435956 1 23 2 3
128851 1 23 2 1
128648 1 23 2 2
128852 0 23 3 1
128011 1 24 3 3
128155 1 24 2 1
128181 1 24 1 1
128182 0 24 3 1
128183 0 24 3 1
128184 0 24 3 1
388389 1 25 1 2
127113 1 26 3 1
545896 1 27 2 2
128768 1 27 2 1
127112 1 27 3 1
127114 1 27 3 1
127115 1 27 3 1
128182 1 27 3 3
128770 0 27 3 1
546331 1 28 4 1
546333 1 29 3 1
128611 1 30 3 1
546330 1 34 2 0
546332 0 34 3 0
545917 1 38 3 1
545915 1 38 2 1
545916 0 38 3 1
545918 0 38 3 1
545916 0 38 3 1
545918 0 38 3 1
545919 0 38 3 1
545292 1 39 3 1
545291 0 39 3 1
545295 0 39 3 1
546013 1 42 2 1
546264 1 43 3 1
545220 1 43 1 1
545218 0 43 3 1
545221 0 43 3 1
546265 0 43 3 1
545471 1 44 2 1
546003 1 44 1 1
546005 0 44 3 1
546006 0 44 3 1
545297 1 45 2 3
545294 1 45 1 1
545293 0 45 3 1
545295 0 45 3 1
546266 0 46 4 1
546004 1 46 2 1
546316 0 46 3 1
546269 1 47 3 1
544529 1 47 3 3
546314 1 47 2 1
546306 1 47 1 1
546067 1 47 1 1
544522 1 47 1 1
546069 0 47 3 1
546270 0 47 3 1
546307 0 47 3 1
546308 0 47 3 1
338410 1 48 2 1
338258 1 48 2 1
338259 0 48 3 1
338260 0 48 3 1
338262 0 48 3 1
544822 0 48 3 1
544824 0 48 3 1
544825 0 48 3 1
545600 1 50 3 1
338738 1 50 2 4
338739 0 50 3 4
545603 0 50 3 1
545931 1 51 2 1
545933 0 51 3 1
546270 1 52 2 3
544961 1 52 2 1
337335 1 52 1 1
337333 0 52 3 1
546266 0 52 3 3
546271 0 52 3 3
544900 1 53 3 0
544902 0 53 3 0
338087 1 54 3 2
545599 1 54 2 1
338089 0 54 3 2
337436 1 55 4 1
338692 1 55 3 1
337304 1 55 3 1
337328 1 55 2 1
337849 1 55 1 1
338693 0 55 3 1
545440 0 55 3 1
545694 1 56 2 1
338553 1 56 2 3
337255 1 56 2 1
337256 0 56 3 1
337257 0 56 3 1
337435 1 56 3 1
338552 0 56 3 3
545601 0 56 3 3
545603 0 56 3 3
337309 1 57 3 4
545441 1 57 2 1
544905 1 57 2 3
544562 1 57 2 1
544563 0 57 3 1
544564 0 57 3 1
544567 0 57 3 1
544901 0 57 3 3
338542 1 58 3 1
338364 1 58 3 1
545768 1 58 2 1
544800 1 58 2 1
545933 1 58 1 3
338544 0 58 3 1
544802 0 58 3 1
545769 0 58 3 1
552980 1 59 4 3
338691 1 59 3 0
338365 1 59 3 1
338693 0 59 3 0
546224 1 60 3 3
546223 0 60 3 3
552981 1 60 3 3
544798 1 61 3 1
544803 0 61 3 1
337008 1 62 2 1
276286 1 62 2 3
545932 1 62 1 2
544837 1 62 1 4
276284 0 62 3 3
545931 0 62 3 2
545933 0 62 3 2
338699 1 63 3 3
337305 1 63 2 1
337410 1 63 1 1
338698 0 63 3 3
230549 1 64 3 1
336881 1 64 1 3
230552 0 64 3 1
230553 0 64 3 1
336879 0 64 3 3
336880 0 64 3 3
230548 1 65 3 1
552981 1 65 2 3
546335 1 65 2 1
338097 1 65 2 3
338094 0 65 3 3
337411 1 65 2 3
230551 0 65 3 1
337007 0 65 3 3
337410 0 65 3 3
337412 0 65 3 3
338095 0 65 3 1
338096 0 65 3 1
338091 0 65 3 3
338092 0 65 3 3
338095 0 65 3 3
338096 0 65 3 3
546336 0 65 3 1
230550 1 67 4 1
546238 1 67 3 3
337002 1 67 3 0
337391 1 67 2 1
337307 1 67 2 3
337305 0 67 3 3
337392 0 67 3 1
337394 0 67 3 1
546237 0 67 3 3
337066 1 68 2 1
230548 1 68 3 1
230549 1 68 3 1
230552 1 68 3 1
337642 1 69 2 3
337324 1 69 2 1
337643 0 69 3 3
337390 1 71 2 0
337325 1 71 2 2
337326 0 71 3 2
337392 0 71 3 0
420938 1 72 2 3
337851 1 72 2 2
230043 1 72 2 1
79085 1 72 1 2
79084 0 72 3 2
230042 0 72 3 1
230044 0 72 3 1
337850 0 72 3 2
420939 0 72 3 3
231871 1 73 2 1
231870 0 73 3 1
231873 0 73 3 1
337508 1 74 3 0
230195 1 74 3 1
337640 1 74 1 1
337512 0 74 3 0
337643 0 74 3 1
337546 1 75 3 4
230197 1 75 3 1
337545 0 75 3 4
337641 0 76 3 3
230374 1 77 3 3
337509 1 77 2 1
231331 1 78 4 0
337641 1 79 3 1
231332 1 79 3 0
337643 0 79 3 1
196140 1 80 2 3
196137 0 80 3 3
196139 0 80 3 3
205056 1 81 4 1
338626 1 81 2 4
338624 1 82 3 3
232259 1 82 2 3
205055 1 82 3 1
205058 1 82 3 1
232254 0 82 3 3
338625 0 82 3 3
337311 1 83 2 3
231963 1 83 2 1
231965 1 84 3 1
231966 1 84 3 1
205679 1 85 2 1
204236 1 85 2 1
205677 0 85 3 1
205678 0 85 3 1
204238 1 86 5 1
204239 1 86 3 1
204235 0 86 3 3
204239 0 86 3 3
204994 1 87 4 1
203980 1 87 3 3
205112 1 88 2 1
337022 1 88 1 2
204995 1 88 3 1
337019 0 88 3 2
337021 0 88 3 2
204360 1 89 4 1
205681 1 89 2 3
204969 1 89 2 1
204971 0 89 3 1
205591 1 90 2 1
204362 1 90 3 1
205589 0 90 3 1
205593 0 90 3 1
204813 1 91 3 1
338171 1 91 2 4
205590 1 91 2 1
204811 0 91 3 1
204814 0 91 3 1
204815 0 91 3 1
205592 0 91 3 1
338169 0 91 3 4
204347 1 92 3 1
204345 0 92 3 1
204348 0 92 3 1
230002 1 93 2 3
205688 1 93 2 1
204816 1 93 2 3
204814 0 93 3 3
205690 0 93 3 1
230000 0 93 3 3
230003 0 93 3 3
204304 1 94 2 4
204660 1 96 3 1
204046 1 96 3 1
204351 1 97 3 1
204931 1 97 2 1
204049 1 97 3 1
204661 1 97 3 1
204662 1 97 3 1
232293 1 98 3 3
204038 1 98 3 1
204923 1 98 1 4
204040 0 98 3 1
204736 1 99 3 3
204050 1 99 3 3
204237 1 99 2 1
205242 1 99 1 2
204579 1 99 1 1
204236 0 99 3 1
204238 0 99 3 1
204239 0 99 3 1
204734 0 99 3 3
232290 1 99 4 3
232291 1 99 3 3
205684 1 100 3 1
204673 1 100 3 1
204338 1 100 3 4
204027 1 100 3 1
204672 0 100 3 1
204675 0 100 3 1
205685 0 100 3 1
205717 1 101 2 3
205091 1 101 2 3
204359 1 101 2 4
204160 1 101 1 1
204030 1 101 3 1
204163 0 101 3 1
232289 1 101 3 1
232292 1 101 3 1
204710 1 102 3 1
204235 1 102 3 1
205516 1 102 2 1
205412 1 102 2 1
205215 1 102 2 1
204690 1 102 2 2
204563 1 102 2 1
204236 0 102 3 1
204237 0 102 3 1
204238 0 102 3 1
205218 0 102 3 1
205414 0 102 3 1
232290 1 102 3 1
232293 1 102 3 1
205495 1 103 3 1
204161 1 103 2 1
75458 1 103 2 3
204142 1 103 1 3
204141 0 103 3 3
204159 0 103 3 1
204163 0 103 3 1
204712 1 103 3 1
205494 0 103 3 1
205497 0 103 3 1
173726 1 104 3 3
231447 1 104 2 1
205769 1 104 1 1
205710 1 104 1 3
75459 1 104 3 3
205768 0 104 3 1
231446 0 104 3 1
231448 0 104 3 1
205414 0 105 13 3
205583 1 105 2 1
204963 1 105 2 3
204519 1 105 2 1
204522 0 105 3 1
205787 1 106 2 1
75457 0 106 4 3
205478 1 106 1 1
204413 1 106 1 1
204055 1 106 1 1
75455 0 106 3 1
75456 0 106 3 1
204054 0 106 3 1
204056 0 106 3 1
204414 0 106 3 1
204415 0 106 3 1
205412 1 106 3 3
205413 1 106 3 3
205477 0 106 3 1
205788 0 106 3 1
205709 1 107 2 3
205118 1 107 2 1
204417 1 107 2 4
75459 1 107 1 3
75458 0 107 3 3
205119 0 107 3 1
205120 0 107 3 1
205780 1 108 2 1
205448 1 108 2 3
205022 1 108 2 2
204649 1 108 2 1
204057 0 108 3 1
205020 0 108 3 2
205021 0 108 3 2
205449 0 108 3 3
205703 0 108 3 3
205705 0 108 3 3
205779 0 108 3 1
205788 1 109 3 1
231236 1 109 2 1
204522 1 109 2 3
205706 1 109 1 3
204605 1 109 1 1
204353 1 109 1 3
204350 0 109 3 3
204351 0 109 3 3
204518 0 109 3 3
205235 0 109 3 1
205749 0 110 13 3
205233 1 110 2 1
204829 1 110 2 2
204738 1 110 2 1
76361 1 110 2 1
204647 1 110 1 1
204651 0 110 3 1
204652 0 110 3 1
204830 0 110 3 2
205705 0 110 3 1
231237 1 110 3 1
70466 1 111 3 3
544102 1 111 2 4
75721 1 111 2 1
75724 0 111 3 1
205747 1 111 3 3
205137 1 112 2 1
204018 1 112 2 0
204020 0 112 3 0
204021 0 112 3 0
205139 1 113 4 1
75726 1 113 2 4
487996 1 113 1 3
487994 0 113 3 3
204653 1 114 2 3
205236 1 114 1 3
204355 1 114 1 4
205137 1 114 3 1
205141 1 114 3 1
205142 1 114 3 1
205233 0 114 3 3
204773 1 115 4 4
204641 1 115 3 3
543668 1 115 2 3
205384 1 115 2 0
204639 0 115 3 3
543665 0 115 3 3
76324 1 116 3 1
204394 1 116 2 3
76323 0 116 3 1
76325 0 116 3 1
204837 0 117 18 4
205385 1 118 3 2
204592 0 118 3 2
204593 0 118 3 2
76549 1 119 2 1
75787 1 119 2 3
76546 0 119 3 1
84852 1 121 3 3
75636 1 121 2 3
75635 0 121 3 3
76556 1 122 2 1
205649 1 122 1 1
76557 0 122 3 1
205651 0 122 3 1
205652 0 122 3 1
76546 1 123 3 1
76555 1 124 2 1
76550 1 124 3 1
76556 0 124 3 1
76558 0 124 3 1
205650 1 125 3 1
527979 1 125 2 3
205649 0 125 3 1
205652 0 125 3 1
75140 1 126 2 1
75142 0 126 3 1
76885 1 127 2 2
75722 1 128 1 1
76839 1 129 1 1
76840 0 129 3 1
76841 0 129 3 1
76735 1 130 2 1
75875 1 130 2 0
75152 1 130 2 0
75153 0 130 3 0
75154 0 130 3 0
75588 1 131 3 3
75877 1 131 3 0
76737 1 131 3 1
76739 1 131 3 1
75151 1 132 1 3
75149 0 132 3 3
75150 0 132 3 3
75585 1 132 3 3
75586 1 132 3 3
75587 1 132 3 3
75345 1 133 3 1
138059 1 133 1 3
76784 1 133 1 1
76785 0 133 3 1
76786 0 133 3 1
75213 1 134 1 3
75211 0 134 3 3
75214 0 134 3 3
76270 1 135 1 0
76275 0 135 3 0
76786 0 135 3 3
88810 1 136 2 3
76783 1 136 1 1
76781 0 136 3 1
76782 0 136 4 1
76784 0 136 3 1
76781 0 137 3 1
75972 1 138 3 1
75212 1 138 3 1
210511 1 138 1 3
75976 0 138 3 1
75977 0 138 3 1
210510 0 138 3 3
75349 1 139 3 1
69790 1 139 3 2
75551 1 139 2 1
75211 1 139 3 1
75214 1 139 3 1
75351 0 139 3 1
75552 0 139 3 1
75555 0 139 3 1
76172 1 140 1 3
177968 1 141 1 1
76304 1 141 1 1
177972 0 141 3 1
76175 1 142 3 0
76376 1 142 2 1
76379 0 142 3 1
178520 1 143 2 1
76178 1 143 3 0
76144 1 144 2 1
75674 1 144 1 1
75552 1 144 1 1
76145 0 144 4 1
76148 0 144 3 1
75566 1 145 4 1
177636 1 145 3 1
75582 1 145 2 2
76850 1 146 2 1
177972 1 146 1 3
75553 1 146 1 2
75554 0 146 3 2
75565 1 146 3 1
75568 1 146 3 1
76851 0 146 3 1
178521 1 147 1 3
177405 1 148 3 1
76736 1 148 3 1
178556 1 148 2 1
76849 1 148 2 1
75386 1 148 2 3
75385 0 148 3 3
76738 0 148 3 1
76850 0 148 3 1
177639 1 149 2 3
75825 1 149 2 1
76146 1 149 1 1
75826 0 149 3 1
76145 0 149 3 1
76148 0 149 3 1
177636 0 149 3 3
178555 1 149 3 1
178557 1 149 3 1
177982 1 150 4 1
186475 1 150 2 3
186469 0 150 3 3
75905 1 151 3 1
75772 1 151 3 1
76739 1 151 2 2
178869 1 151 1 2
75904 0 151 3 1
75906 0 151 3 1
178866 0 151 3 2
247845 1 152 3 3
335430 1 152 2 3
76736 1 152 3 2
76740 1 152 3 2
178557 1 152 3 0
335431 0 152 3 3
183051 1 153 2 3
76160 1 153 2 1
76130 1 153 2 1
75595 1 153 2 1
75232 1 153 2 1
75235 0 153 3 1
75596 0 153 3 1
76161 0 153 3 1
76162 0 153 3 1
76587 1 154 4 1
75832 1 154 3 1
75748 1 154 3 1
75834 0 154 3 1
177847 1 155 3 1
76127 1 155 3 0
327751 1 155 2 3
75891 1 155 1 1
76585 1 155 3 1
76589 1 155 3 1
327750 0 155 3 3
75224 1 156 2 1
75235 1 157 2 3
75232 0 157 3 3
75233 0 157 3 3
75532 1 158 2 3
75529 0 158 3 3
75530 0 158 3 3
75531 1 159 3 1
76128 1 159 2 1
76127 0 159 3 1
75837 1 160 2 3
75597 1 160 1 3
75595 0 160 3 3
52159 1 161 1 3
147931 1 162 3 3
52161 1 162 3 4
52157 0 162 3 4
52160 0 162 3 4
76232 1 163 2 3
321428 1 163 1 1
321427 0 163 3 1
75444 1 165 3 1
52157 1 165 2 1
75436 1 166 2 3
75652 1 166 1 3
75434 0 166 3 3
75435 0 166 3 3
75437 0 166 3 3
75650 0 166 3 3
75651 0 166 3 3
321426 1 167 2 3
321424 0 167 3 3
52158 1 168 3 1
76163 1 169 2 1
52157 1 169 3 1
52161 1 169 3 1
381032 1 171 2 3
381030 0 171 3 3
75437 1 172 3 3
76166 1 173 2 3
75963 1 174 1 4
75962 0 174 3 4
76163 1 174 3 3
76165 1 174 3 3
