18354 1 3 6 3 0
49054 1 2 6 3 0
84619 0 6 6 4 0
100586 1 2 6 1 0
102512 0 6 6 3 0
153270 0 6 6 3 0
214792 1 3 6 1 0
215309 0 6 6 4 1
228007 0 6 6 3 0
233713 1 4 6 3 1
247867 0 6 6 3 0
273694 0 6 6 2 0
281898 1 3 6 1 0
318361 1 3 6 1 0
356114 0 6 6 3 0
358992 0 6 6 3 0
382743 0 6 6 3 0
433029 1 3 6 4 1
499241 0 6 6 3 0
559326 1 4 6 0 0
228005 0 6 7 1 0
100589 0 6 8 3 0
273343 0 6 8 4 0
560291 0 6 8 4 1
84750 1 3 9 4 0
214794 0 6 9 3 1
228006 0 6 9 1 0
356119 1 2 9 2 0
19134 0 6 10 4 0
49052 0 6 10 0 0
229296 1 3 10 1 0
317986 1 4 10 1 0
229062 0 6 11 1 0
322522 0 6 12 2 0
227886 1 4 13 1 0
317642 0 6 13 3 0
356122 0 6 13 3 1
229021 0 6 15 1 0
325141 0 6 15 3 0
229955 1 3 16 1 0
468127 0 6 16 2 1
227890 0 6 17 3 0
229018 0 6 17 2 0
229381 0 6 18 1 0
229954 0 6 18 0 0
228510 1 4 19 1 0
228728 0 6 19 1 0
229308 0 6 19 1 0
468122 0 6 19 3 0
50033 0 6 20 3 0
331915 1 3 20 3 0
229413 0 6 21 1 1
229800 0 6 22 1 0
229972 1 4 22 1 0
162623 0 6 23 3 0
229309 1 2 23 3 0
229310 1 2 23 3 0
229984 1 5 23 1 0
177801 1 2 24 1 0
228205 1 3 24 1 0
177781 0 6 25 1 0
177799 0 6 25 1 0
227891 0 6 25 1 0
228204 0 6 25 1 0
228855 1 3 25 1 0
229971 0 6 25 0 0
229973 0 6 25 1 0
229975 1 3 25 3 0
178543 1 3 26 1 0
179223 1 4 26 1 1
229985 0 6 26 1 0
178175 0 6 27 1 0
179224 1 4 27 1 0
228200 1 2 27 1 0
228418 1 4 27 1 0
228543 0 6 27 1 0
229255 0 6 27 1 0
178544 0 6 28 1 0
229986 0 6 28 1 0
177959 0 6 29 1 0
178042 1 4 29 1 0
178177 1 2 29 3 0
228858 0 6 29 3 0
229525 1 2 29 1 1
177785 1 3 30 1 0
178179 1 4 30 3 0
228507 0 6 30 4 0
178248 1 4 31 1 0
179323 1 3 31 1 0
228400 1 3 31 1 0
403895 1 4 31 3 0
41392 0 6 32 3 0
177786 0 6 32 1 0
177918 0 6 32 1 0
178638 1 2 32 1 1
229254 0 6 32 1 0
41381 1 2 33 1 0
178250 0 6 33 3 0
178647 1 3 33 1 0
229164 0 6 33 1 0
229880 0 6 33 1 0
390993 1 5 33 3 0
178462 0 6 34 1 0
228629 0 6 34 4 1
403896 0 6 34 3 0
178639 1 4 35 1 0
178993 0 6 35 1 0
179290 1 3 35 1 0
228142 1 3 35 1 0
228939 0 6 35 1 0
229618 0 6 35 1 0
312710 1 4 35 3 0
434869 1 3 35 3 1
178336 0 6 36 1 0
179441 0 6 36 3 0
229878 0 6 36 0 0
178640 1 2 37 1 0
178939 1 2 37 1 0
179278 1 3 37 1 0
179371 1 4 37 1 0
228275 0 6 37 1 0
229020 1 3 37 1 0
229617 1 3 37 1 0
229670 0 6 37 1 0
177692 0 6 38 1 0
178641 1 4 38 3 0
178646 1 3 38 1 0
179219 1 2 38 1 0
179279 0 6 38 3 1
228144 0 6 38 3 0
228937 1 4 38 1 0
228948 0 6 38 3 0
229638 0 6 38 0 0
229849 0 6 38 1 0
403894 0 6 38 1 0
177858 1 4 39 1 0
179277 1 3 39 1 1
179291 1 2 39 1 0
227940 0 6 39 1 0
229061 0 6 39 1 1
229717 0 6 39 1 0
379798 0 6 39 3 0
179218 0 6 40 0 0
179265 0 6 40 1 0
179292 0 6 40 3 0
227945 1 4 40 1 0
228274 0 6 40 1 0
228693 1 5 40 0 0
229354 1 3 40 1 0
229850 0 6 40 1 0
177615 0 6 41 1 0
177787 0 6 41 1 0
177854 1 4 41 3 1
178864 0 6 41 1 0
178932 1 4 41 1 1
178945 0 6 41 4 1
179270 1 2 41 1 0
228146 0 6 41 1 0
228625 0 6 41 1 0
229019 0 6 41 0 0
229625 0 6 41 0 0
229791 0 6 41 0 0
229807 1 2 41 1 0
256546 1 4 41 3 0
104781 1 4 42 3 0
178139 0 6 42 4 0
179272 0 6 42 2 1
179293 1 4 42 3 0
228033 0 6 42 1 0
228748 0 6 42 1 0
381224 1 4 42 2 0
227944 0 6 43 1 1
228285 0 6 43 1 0
228462 1 3 43 4 1
229064 1 2 43 3 0
229089 0 6 43 1 0
229790 1 4 43 0 0
229804 0 6 43 1 0
229852 0 6 43 3 0
229906 1 5 43 1 0
177851 0 6 44 1 0
179196 1 4 44 0 0
228082 1 3 44 3 0
228147 1 3 44 3 0
228276 1 3 44 3 0
228277 0 6 44 3 0
228600 1 3 44 1 1
229054 1 2 44 1 0
229352 0 6 44 1 0
229627 0 6 44 2 0
229677 1 2 44 1 0
229829 0 6 44 1 0
229838 0 6 44 1 0
178138 0 6 45 3 0
178141 1 4 45 1 0
178337 0 6 45 1 1
179263 0 6 45 1 0
179269 1 3 45 1 0
228002 1 3 45 1 0
228517 1 3 45 1 0
228700 1 4 45 4 1
228754 0 6 45 3 0
229024 0 6 45 3 0
229328 1 5 45 0 0
229697 1 3 45 1 0
229803 0 6 45 0 0
229809 0 6 45 1 0
534174 1 4 45 3 0
95281 1 4 46 3 0
177852 0 6 46 2 0
178087 0 6 46 1 0
178910 0 6 46 1 0
228043 0 6 46 1 0
229353 0 6 46 1 0
229792 1 3 46 1 0
229805 1 2 46 3 0
229905 1 2 46 1 0
30505 1 3 47 3 0
95250 0 6 47 3 1
177982 1 4 47 1 0
178056 0 6 47 1 0
178140 0 6 47 1 0
178144 0 6 47 3 0
178634 0 6 47 1 0
179197 1 3 47 1 0
228117 0 6 47 4 1
228470 1 4 47 4 1
228835 0 6 47 3 0
229095 0 6 47 3 0
229794 1 3 47 2 0
73306 1 2 48 2 0
95279 1 3 48 2 0
178147 1 4 48 3 0
179357 0 6 48 1 0
228069 0 6 48 3 1
228114 1 3 48 1 0
228511 0 6 48 1 0
228601 1 4 48 1 0
229057 0 6 48 3 0
229100 0 6 48 3 0
229245 1 4 48 0 0
229660 1 4 48 1 1
229675 0 6 48 1 0
534469 1 3 48 1 0
228145 0 6 49 0 0
228515 0 6 49 1 0
229251 1 4 49 2 0
229390 0 6 49 1 0
229676 0 6 49 1 0
229699 0 6 49 1 0
285002 1 3 49 3 0
538200 0 6 49 3 0
73305 0 6 50 2 0
95278 1 2 50 1 0
178145 0 6 50 3 0
178390 0 6 50 1 0
179264 0 6 50 1 0
190088 0 6 50 3 0
228115 0 6 50 1 0
228467 0 6 50 3 0
229356 1 3 50 3 0
534468 0 6 50 1 0
95655 1 3 51 1 0
179193 0 6 51 4 1
203857 0 6 51 3 0
225505 1 4 51 3 0
228713 1 3 51 3 1
229698 1 3 51 1 1
534470 1 3 51 3 0
73304 0 6 52 0 0
179403 1 3 52 4 0
190780 1 5 52 3 0
228153 1 2 52 2 0
228375 0 6 52 1 0
228518 0 6 52 1 0
228661 0 6 52 1 0
229171 0 6 52 1 0
229387 1 2 52 1 0
229657 1 4 52 0 0
285001 1 3 52 3 0
533460 1 4 52 1 0
538204 0 6 52 3 0
95482 1 3 53 1 0
95656 0 6 53 1 0
147924 1 3 53 3 0
177769 0 6 53 1 0
228737 1 3 53 1 0
229351 0 6 53 0 0
229925 0 6 53 0 0
12743 1 4 54 3 0
179374 1 2 54 1 0
190778 0 6 54 2 0
225506 0 6 54 3 0
228155 1 5 54 4 1
228157 1 2 54 3 0
229130 1 3 54 1 0
234295 1 3 54 3 0
344560 1 3 54 3 0
86075 0 6 55 3 0
95277 1 2 55 0 0
95654 0 6 55 1 0
115315 0 6 55 3 1
178432 0 6 55 1 0
186512 1 3 55 3 0
228224 0 6 55 3 0
228457 0 6 55 1 0
229375 1 4 55 3 0
534356 0 6 55 1 0
7440 0 6 56 3 0
58355 1 4 56 2 0
95105 1 1 56 3 0
178188 0 6 56 1 0
178823 0 6 56 1 0
189815 0 6 56 4 1
227917 0 6 56 1 0
228298 0 6 56 1 0
228662 0 6 56 1 0
234292 1 3 56 0 0
94922 0 6 57 4 0
177500 1 4 57 1 0
178440 0 6 57 4 1
227887 0 6 57 1 0
227964 1 4 57 3 0
228158 1 3 57 3 0
228536 0 6 57 1 0
228547 0 6 57 1 0
228776 0 6 57 1 0
229128 0 6 57 1 0
402039 1 3 57 3 0
534359 1 3 57 3 0
39369 1 4 58 2 0
58354 1 2 58 0 0
114887 1 3 58 3 1
170347 0 6 58 3 0
171185 1 3 58 3 1
176977 0 6 58 3 0
177631 1 4 58 1 0
179153 1 3 58 1 0
228021 1 2 58 4 1
228104 0 6 58 3 0
228538 0 6 58 3 0
229139 1 2 58 1 0
229355 0 6 58 3 0
526197 0 6 58 3 0
177758 1 4 59 1 0
177835 1 3 59 1 0
178577 1 4 59 1 0
178824 1 5 59 1 0
179189 1 4 59 1 0
227930 0 6 59 1 0
228187 1 4 59 1 0
228293 0 6 59 1 0
228309 0 6 59 3 1
229357 0 6 59 1 0
229940 0 6 59 1 0
285920 0 6 59 2 0
340843 0 6 59 3 0
58360 0 6 60 0 0
95273 0 6 60 1 0
139325 0 6 60 3 0
176973 1 3 60 1 0
177453 1 3 60 1 0
177728 1 3 60 1 0
178516 1 3 60 1 0
178771 1 4 60 1 0
178994 1 4 60 1 0
227911 0 6 60 4 1
228741 1 3 60 1 0
261791 1 3 60 2 0
428351 1 3 60 3 1
527066 0 6 60 4 0
534357 1 4 60 1 0
38380 1 3 61 3 0
154106 0 6 61 2 1
163777 1 4 61 3 0
167267 1 4 61 3 0
176976 1 3 61 3 0
177455 0 6 61 3 0
177472 0 6 61 1 0
177491 1 3 61 1 0
177629 0 6 61 1 0
177762 0 6 61 3 0
177809 0 6 61 1 0
177950 0 6 61 1 0
178518 0 6 61 3 1
178575 1 4 61 0 0
178826 1 3 61 3 0
178848 0 6 61 1 0
178980 0 6 61 1 0
228042 1 4 61 1 0
228705 0 6 61 1 0
229511 0 6 61 1 0
345842 1 2 61 2 0
526194 1 3 61 1 0
58361 0 6 62 1 0
175888 1 2 62 1 1
176975 0 6 62 3 1
177474 0 6 62 3 0
177630 1 4 62 1 0
177836 1 4 62 1 0
178808 0 6 62 4 0
178979 0 6 62 1 0
178992 1 4 62 0 0
227664 0 6 62 3 0
227915 0 6 62 1 0
228969 0 6 62 1 0
228978 0 6 62 1 0
229123 0 6 62 1 0
229132 1 2 62 3 0
229780 0 6 62 1 0
229896 1 3 62 1 0
534087 0 6 62 1 0
58357 1 3 63 3 0
177493 1 4 63 3 0
177760 1 3 63 2 0
178517 0 6 63 3 0
178916 1 3 63 3 0
179332 1 4 63 1 0
217441 0 6 63 2 0
228022 0 6 63 4 1
228174 1 4 63 1 0
228516 0 6 63 1 0
229382 1 4 63 1 0
229509 1 2 63 1 0
410630 1 3 63 3 0
428137 0 6 63 3 0
534310 0 6 63 1 0
38379 1 3 64 3 0
58368 0 6 64 1 0
76314 0 6 64 3 0
167627 1 2 64 3 0
176980 0 6 64 3 1
177489 1 3 64 0 0
177727 0 6 64 1 0
178303 0 6 64 1 0
178323 1 4 64 3 0
178427 1 3 64 1 0
179007 1 3 64 1 1
179107 1 2 64 1 0
191695 0 6 64 3 0
228325 0 6 64 4 1
228377 1 4 64 1 0
228923 0 6 64 1 0
228966 1 2 64 1 0
228973 0 6 64 1 0
229122 0 6 64 1 0
229574 0 6 64 1 0
229779 0 6 64 0 0
229909 0 6 64 1 0
479125 0 6 64 3 0
1080 0 6 65 3 1
27778 0 6 65 3 1
39459 1 4 65 3 1
96149 1 3 65 1 0
106012 1 3 65 3 0
177673 1 2 65 1 0
177951 1 3 65 1 0
178809 1 4 65 4 0
178835 0 6 65 1 0
179300 1 3 65 1 1
179334 0 6 65 3 0
179435 0 6 65 4 0
228046 0 6 65 3 0
228326 0 6 65 1 0
228706 0 6 65 1 0
229389 0 6 65 1 0
229731 1 4 65 1 0
229887 1 4 65 1 0
269428 0 6 65 3 0
340842 1 3 65 3 0
344745 1 3 65 3 0
425419 0 6 65 3 0
428352 1 4 65 4 0
525191 1 3 65 3 1
526193 0 6 65 0 1
526899 1 5 65 1 0
534086 1 4 65 0 0
177591 0 6 66 4 0
177674 0 6 66 1 0
177759 0 6 66 2 1
191694 1 4 66 2 0
228024 0 6 66 3 0
228171 0 6 66 1 0
228650 0 6 66 1 0
228684 0 6 66 1 0
228979 1 2 66 3 0
229055 1 4 66 1 0
229388 1 3 66 1 0
229422 0 6 66 1 0
229897 0 6 66 1 0
402824 0 6 66 3 0
525728 1 3 66 1 0
76315 1 3 67 3 0
177416 1 5 67 1 0
177720 1 4 67 1 0
177730 0 6 67 3 0
177791 0 6 67 1 0
177944 1 2 67 1 1
178319 0 6 67 1 0
178346 1 3 67 1 0
178915 0 6 67 3 0
229117 1 3 67 3 1
229391 0 6 67 3 1
229620 1 3 67 3 0
267192 0 6 67 4 0
269427 1 3 67 2 0
428134 1 3 67 1 0
487963 1 2 67 3 0
526898 0 6 67 1 0
534931 0 6 67 1 0
57933 1 3 68 1 0
96146 0 6 68 0 0
106009 1 4 68 3 0
106013 0 6 68 4 0
161968 0 6 68 3 0
167626 1 4 68 1 0
177952 1 3 68 1 0
178305 0 6 68 3 0
178535 0 6 68 1 0
179086 0 6 68 4 0
179106 0 6 68 0 0
228331 1 2 68 3 0
228485 1 5 68 1 0
229220 1 4 68 1 0
229645 0 6 68 1 0
322625 1 4 68 3 0
397401 1 4 68 3 1
428368 1 4 68 2 0
526195 0 6 68 1 0
526897 1 3 68 0 0
534089 0 6 68 2 0
534876 0 6 68 1 0
10664 0 6 69 3 1
168298 1 4 69 1 0
177690 0 6 69 1 0
177721 0 6 69 3 0
178538 1 4 69 3 0
179103 0 6 69 3 0
179296 1 2 69 1 0
179433 1 4 69 3 0
191147 0 6 69 3 0
227916 1 4 69 1 0
228378 0 6 69 3 0
228649 0 6 69 1 1
229056 1 2 69 1 0
229159 0 6 69 1 0
229383 0 6 69 2 0
229889 0 6 69 1 0
340845 0 6 69 2 0
535233 0 6 69 2 0
27771 1 3 70 2 0
177897 1 3 70 4 0
181543 1 2 70 3 0
209710 1 3 70 3 0
228047 0 6 70 3 0
228173 0 6 70 1 0
228486 0 6 70 3 0
228749 1 4 70 1 0
228922 0 6 70 1 0
229397 0 6 70 3 0
229423 0 6 70 1 0
231654 1 2 70 2 0
403973 0 6 70 3 0
534968 0 6 70 1 1
535136 0 6 70 1 0
11400 0 6 71 3 0
163104 0 6 71 3 1
177717 0 6 71 4 1
178325 0 6 71 3 0
178843 0 6 71 1 0
178912 1 3 71 3 0
228652 1 4 71 1 0
229330 1 4 71 1 0
229648 0 6 71 3 0
267191 1 5 71 3 0
268815 1 2 71 3 0
299783 1 4 71 3 0
423977 0 6 71 3 0
428133 0 6 71 1 0
45157 0 6 72 3 0
107039 0 6 72 2 0
168226 0 6 72 4 1
168295 0 6 72 1 0
177413 0 6 72 0 0
177418 1 3 72 3 0
177939 0 6 72 4 0
178367 0 6 72 1 0
178542 0 6 72 4 0
179108 0 6 72 1 0
196522 1 4 72 2 0
204229 1 4 72 3 0
227958 1 4 72 1 0
228443 0 6 72 1 0
228881 0 6 72 1 0
229158 1 4 72 1 0
267237 0 6 72 2 0
422763 0 6 72 2 0
498062 1 3 72 3 0
27015 0 6 73 4 0
177719 0 6 73 1 0
177941 0 6 73 1 0
228653 1 3 73 3 0
228747 1 2 73 0 0
228756 0 6 73 3 0
228882 0 6 73 1 0
228999 0 6 73 1 0
229329 0 6 73 1 0
229647 1 3 73 1 1
326641 1 3 73 2 0
397400 0 6 73 2 0
529861 0 6 73 3 0
534131 1 3 73 1 0
534832 0 6 73 1 0
106010 0 6 74 3 0
168299 1 4 74 2 0
177718 0 6 74 4 1
178012 1 4 74 1 0
178114 1 3 74 1 0
178519 1 3 74 1 0
178688 0 6 74 1 0
179295 0 6 74 1 0
181545 0 6 74 3 0
216623 0 6 74 2 0
224388 0 6 74 3 0
227836 1 5 74 2 0
229260 0 6 74 1 0
229331 0 6 74 3 1
229597 0 6 74 3 0
229644 1 5 74 0 0
268614 0 6 74 1 0
304337 1 3 74 2 0
341138 0 6 74 3 1
534232 0 6 74 1 0
534730 0 6 74 1 0
535276 1 2 74 1 1
178959 1 3 75 1 0
184077 0 6 75 3 1
228442 0 6 75 1 0
228626 0 6 75 1 0
232378 1 4 75 4 1
342062 0 6 75 4 0
534969 0 6 75 3 1
178414 0 6 76 1 0
179110 1 3 76 3 0
196523 1 4 76 3 0
228441 1 3 76 1 0
229467 0 6 76 1 0
229646 0 6 76 1 0
366146 0 6 76 3 0
534869 0 6 76 1 0
101320 0 6 77 3 0
168296 1 3 77 1 0
177415 1 4 77 1 0
177664 1 5 77 1 0
178054 1 3 77 3 0
178541 1 3 77 3 0
228330 0 6 77 1 0
228627 1 3 77 3 0
228998 0 6 77 0 0
269697 1 2 77 4 0
398543 0 6 77 3 0
398979 0 6 77 3 0
533393 0 6 77 1 0
534130 1 4 77 0 0
534133 1 4 77 3 0
178269 0 6 78 1 1
178521 0 6 78 1 0
228445 0 6 78 3 0
229745 0 6 78 1 0
334690 0 6 78 2 0
424558 1 3 78 3 0
533752 0 6 78 1 0
533882 1 2 78 1 0
534830 0 6 78 0 0
178274 1 3 79 2 0
178733 1 4 79 1 0
533688 0 6 79 1 0
534864 0 6 79 2 0
534871 0 6 79 3 0
101321 0 6 80 3 1
115118 1 3 80 3 1
178053 1 3 80 3 0
178268 1 4 80 0 0
184078 1 4 80 3 0
228018 1 3 80 1 0
228421 1 4 80 1 0
229265 0 6 80 3 0
229468 0 6 80 3 0
229474 0 6 80 1 0
533754 1 2 80 3 0
534063 0 6 80 0 0
177585 1 4 81 1 0
178284 0 6 81 1 0
178735 0 6 81 2 0
179158 1 2 81 1 0
357432 1 3 81 3 0
424559 0 6 81 3 0
528657 0 6 81 3 0
100326 0 6 82 3 0
154791 1 3 82 3 0
178155 0 6 82 1 1
178223 0 6 82 3 0
178281 1 3 82 3 0
178732 0 6 82 1 0
195063 0 6 82 2 0
268892 1 4 82 2 0
534985 1 4 82 4 1
101315 1 3 83 3 0
178270 1 4 83 2 1
178396 0 6 83 1 0
228977 0 6 83 1 0
229918 0 6 83 1 1
272050 1 5 83 2 0
533478 1 2 83 4 0
533730 0 6 83 1 0
533781 1 3 83 1 0
533883 1 3 83 2 1
100511 1 2 84 4 0
315172 0 6 84 3 0
533756 0 6 84 1 0
177772 0 6 85 1 0
177872 0 6 85 1 0
295538 1 4 85 2 0
357423 1 5 85 0 0
360015 0 6 85 3 0
424557 0 6 85 1 0
177417 0 6 86 1 0
178254 0 6 86 1 0
195061 1 3 86 1 0
229472 1 3 86 4 1
272051 1 3 86 3 1
315173 0 6 86 3 0
533755 1 2 86 0 0
101314 0 6 87 3 0
177685 0 6 87 4 1
178400 0 6 87 3 0
229920 0 6 87 3 0
272049 0 6 87 1 0
177874 1 3 88 3 0
190711 0 6 88 3 1
424364 0 6 88 1 0
531737 0 6 88 3 0
533784 1 2 88 3 0
177873 1 3 89 3 1
179404 0 6 89 1 0
325202 0 6 89 3 1
534972 1 4 89 1 0
3434 1 3 90 3 0
35777 0 6 90 3 1
179405 0 6 90 1 0
195065 0 6 90 3 0
228581 1 3 90 3 1
272701 1 3 90 1 0
306035 1 2 90 3 0
534971 0 6 90 0 0
150225 1 3 91 3 0
177678 1 4 91 1 1
177686 0 6 91 4 1
272854 0 6 91 1 0
357424 0 6 91 0 0
534760 0 6 91 4 1
534974 0 6 91 3 0
45004 1 4 92 3 0
157484 1 5 92 3 1
177475 1 3 92 1 0
195064 0 6 92 3 0
533743 1 2 92 0 0
3244 0 6 93 4 0
189863 0 6 93 3 0
272697 0 6 93 2 0
273928 0 6 93 1 0
474353 0 6 93 3 0
178413 0 6 94 1 0
272616 0 6 94 1 0
357426 1 4 94 1 0
357581 1 2 94 2 0
496198 1 3 94 3 0
534759 0 6 94 2 0
44314 0 6 95 4 0
45643 0 6 95 4 0
45793 1 4 95 3 0
214768 1 3 95 3 1
273504 1 4 95 1 0
502526 1 3 95 2 0
533744 0 6 95 1 0
83232 0 6 96 3 0
155894 0 6 96 3 0
535196 1 4 96 1 1
45372 0 6 97 4 1
178717 1 3 97 3 0
272602 1 2 97 1 0
272855 1 4 97 1 0
357427 0 6 97 2 0
533738 0 6 97 2 1
533746 0 6 97 3 0
535190 1 3 97 1 0
44845 1 3 98 4 1
45792 0 6 98 3 0
153519 1 3 98 3 0
167654 0 6 98 3 0
178216 0 6 98 1 0
273735 1 3 98 1 0
274127 0 6 98 1 0
533618 0 6 98 1 1
535194 0 6 98 1 0
166786 0 6 99 2 0
214766 1 4 99 1 0
272664 0 6 99 4 0
533541 1 4 99 1 0
533745 1 4 99 2 0
535191 1 3 99 1 1
535195 0 6 99 1 0
535198 0 6 99 3 0
178525 1 3 100 1 0
272519 0 6 100 1 0
272614 1 3 100 1 0
273010 1 4 100 1 0
273750 1 2 100 1 0
301064 1 3 100 3 0
534019 0 6 100 1 0
534492 0 6 100 1 0
178684 0 6 101 2 0
272017 1 4 101 1 0
274126 0 6 101 0 0
300105 1 4 101 1 0
369941 1 4 101 3 0
533489 1 3 101 1 0
534225 0 6 101 1 0
534987 1 4 101 1 0
45162 0 6 102 3 0
178524 0 6 102 3 0
215504 0 6 102 4 1
272615 1 4 102 1 0
273043 1 3 102 3 0
273858 1 3 102 4 1
274120 0 6 102 1 0
533497 0 6 102 1 0
534140 1 2 102 4 1
534808 0 6 102 1 0
153517 0 6 103 0 0
178526 0 6 103 3 0
272788 0 6 103 1 0
273523 1 3 103 1 0
300106 0 6 103 3 0
313586 0 6 103 2 0
534034 1 3 103 1 0
534239 1 3 103 1 0
534809 0 6 103 1 1
535150 0 6 103 1 0
535193 0 6 103 3 1
535289 1 2 103 1 0
177997 1 5 104 1 0
273069 1 2 104 1 0
273689 1 3 104 1 0
274054 0 6 104 1 0
300107 1 3 104 3 0
378619 0 6 104 3 0
533496 1 4 104 1 0
534021 0 6 104 1 0
534035 1 3 104 3 0
534495 1 4 104 3 0
534683 0 6 104 1 0
534807 1 4 104 1 0
534986 1 3 104 1 0
535068 1 3 104 1 0
535156 1 2 104 3 0
535309 0 6 104 1 0
272099 1 3 105 1 0
273264 0 6 105 1 0
274121 0 6 105 1 0
274132 0 6 105 3 1
533506 1 4 105 3 0
534099 0 6 105 1 0
535313 0 6 105 4 0
272596 1 4 106 1 0
273116 0 6 106 1 0
273250 0 6 106 1 0
533545 1 3 106 1 0
534036 0 6 106 3 0
534202 0 6 106 1 0
534581 1 4 106 2 0
534607 0 6 106 1 0
535288 1 4 106 1 0
272573 0 6 107 1 0
272868 1 3 107 1 1
273263 1 2 107 1 0
273522 0 6 107 1 0
273662 0 6 107 4 0
273692 1 3 107 3 1
273894 1 3 107 4 1
274134 0 6 107 1 0
377486 0 6 107 2 0
533495 0 6 107 1 0
533772 1 4 107 1 0
534811 1 2 107 3 0
534835 0 6 107 1 0
534967 0 6 107 1 0
535067 0 6 107 1 0
535130 1 4 107 1 0
153524 1 2 108 3 0
193650 0 6 108 3 0
273115 0 6 108 0 0
273156 0 6 108 2 0
273787 0 6 108 1 0
273822 1 3 108 1 0
465636 0 6 108 3 0
534081 0 6 108 1 0
534206 0 6 108 3 0
534901 0 6 108 1 0
535149 1 3 108 1 0
535151 1 4 108 1 0
535250 0 6 108 1 0
535319 0 6 108 1 0
180168 0 6 109 3 0
272692 1 3 109 1 0
272835 0 6 109 1 0
273348 0 6 109 3 1
273631 1 3 109 1 0
274137 1 3 109 1 0
339689 1 3 109 3 0
533638 0 6 109 1 0
534188 1 3 109 1 0
534276 1 3 109 1 0
272106 1 3 110 1 0
272107 1 4 110 1 0
272598 0 6 110 3 1
272678 1 3 110 3 0
272989 1 3 110 1 0
273055 0 6 110 0 0
273488 0 6 110 1 0
273660 0 6 110 3 0
273819 0 6 110 0 0
377487 0 6 110 3 0
533546 1 3 110 1 0
534608 0 6 110 3 0
535104 0 6 110 1 0
535129 0 6 110 1 0
272410 0 6 111 3 0
272691 1 3 111 1 1
272693 0 6 111 1 1
273893 0 6 111 3 1
274033 0 6 111 1 0
315895 1 3 111 3 0
533850 0 6 111 1 0
534005 1 3 111 1 0
534045 1 2 111 3 0
534108 1 4 111 1 0
534582 1 4 111 1 0
534791 1 3 111 1 0
272296 1 5 112 1 0
272331 1 4 112 1 0
272342 1 4 112 1 0
272847 1 1 112 3 0
273168 0 6 112 1 0
273790 0 6 112 3 0
273815 1 4 112 1 0
273820 1 4 112 1 1
273985 0 6 112 2 0
274139 1 4 112 3 0
352943 1 3 112 4 0
533637 0 6 112 1 0
533817 0 6 112 1 0
534230 1 4 112 1 0
534627 1 4 112 1 0
534799 0 6 112 3 0
534818 0 6 112 1 0
534837 0 6 112 3 0
535148 0 6 112 1 0
535334 0 6 112 1 0
272110 0 6 113 3 0
272148 1 4 113 1 0
272258 1 3 113 1 0
272522 0 6 113 1 0
349344 1 3 113 3 0
491495 1 4 113 3 1
533447 1 3 113 1 0
533640 1 3 113 3 0
534006 1 4 113 3 1
534630 1 3 113 3 0
534738 0 6 113 1 0
534976 1 4 113 1 0
535045 1 3 113 3 1
272837 1 4 114 3 0
273003 1 3 114 1 0
273170 0 6 114 3 0
273175 0 6 114 4 0
273661 0 6 114 3 1
273789 1 3 114 3 0
273821 0 6 114 1 0
429503 0 6 114 3 0
439441 0 6 114 3 0
533533 0 6 114 1 0
533556 0 6 114 1 1
533658 0 6 114 1 0
533820 1 2 114 3 0
534110 0 6 114 3 0
534189 0 6 114 1 0
534229 0 6 114 1 0
534261 1 3 114 1 0
534306 1 4 114 1 0
534370 1 3 114 1 0
534792 0 6 114 1 0
534824 0 6 114 3 0
272302 0 6 115 1 0
272675 0 6 115 1 0
272929 0 6 115 1 0
273009 1 4 115 1 0
273204 0 6 115 1 0
273304 0 6 115 1 0
273388 0 6 115 1 0
273632 1 3 115 1 0
273633 0 6 115 2 0
273655 1 3 115 3 0
273736 0 6 115 1 0
274214 0 6 115 1 0
286937 1 5 115 3 0
491494 0 6 115 2 0
534260 0 6 115 4 1
534629 1 2 115 3 0
534819 1 3 115 1 0
535046 1 2 115 4 0
535336 1 4 115 1 0
272710 1 3 116 1 0
272874 1 3 116 1 0
272930 0 6 116 2 0
272957 1 3 116 1 0
273166 1 4 116 1 1
273174 1 3 116 4 1
273306 1 3 116 3 0
273888 0 6 116 1 0
315896 0 6 116 3 0
363364 0 6 116 3 0
439440 0 6 116 3 0
463543 1 3 116 3 1
491491 0 6 116 1 0
533607 0 6 116 1 0
534264 1 4 116 3 1
535152 1 4 116 3 1
272149 0 6 117 3 0
272698 1 3 117 1 0
272876 0 6 117 3 0
272880 1 4 117 1 0
272999 0 6 117 1 0
273824 1 3 117 3 0
273890 0 6 117 3 0
414702 0 6 117 3 1
533592 1 3 117 1 0
534307 0 6 117 1 0
534317 0 6 117 1 0
534826 0 6 117 1 0
535312 1 2 117 4 0
272109 0 6 118 3 0
272715 0 6 118 4 0
273002 1 3 118 1 0
273006 0 6 118 0 0
273478 0 6 118 1 0
273757 0 6 118 1 0
277380 0 6 118 3 0
363360 1 3 118 1 0
467908 1 2 118 3 0
533555 0 6 118 1 0
533659 1 3 118 1 0
534054 1 4 118 1 1
534127 0 6 118 1 0
534503 0 6 118 4 1
534554 1 4 118 3 0
534954 0 6 118 1 0
39731 0 6 119 3 0
205725 0 6 119 3 0
269840 1 4 119 3 0
272462 1 2 119 1 0
272595 1 4 119 1 0
272875 0 6 119 1 0
272897 1 3 119 1 0
273068 1 5 119 1 0
274043 1 2 119 2 0
286934 0 6 119 2 0
363365 0 6 119 3 0
363368 0 6 119 3 0
515118 1 2 119 3 0
533559 1 3 119 3 0
533560 0 6 119 1 0
533666 1 2 119 1 0
534233 0 6 119 3 0
534388 1 3 119 1 1
534543 0 6 119 1 0
534823 1 3 119 2 0
535082 1 3 119 3 0
193343 0 6 120 2 1
208871 0 6 120 2 0
272818 0 6 120 1 0
272863 0 6 120 1 0
272878 0 6 120 3 0
273008 0 6 120 2 0
273203 0 6 120 0 0
273482 0 6 120 3 0
273737 1 3 120 1 0
273771 1 2 120 1 0
274034 1 5 120 1 0
274202 0 6 120 1 0
274237 0 6 120 3 0
276874 1 3 120 3 0
438006 1 3 120 1 0
533558 0 6 120 3 0
533668 0 6 120 3 0
534795 0 6 120 1 1
534816 0 6 120 0 0
538374 0 6 120 3 0
56589 0 6 121 2 1
122139 1 3 121 3 0
222670 0 6 121 3 0
256539 1 2 121 3 0
272084 1 4 121 1 0
272932 1 3 121 3 0
273106 0 6 121 1 0
273749 0 6 121 1 0
273988 1 3 121 1 0
336093 1 3 121 3 0
345872 0 6 121 2 0
363308 1 3 121 3 0
534172 1 3 121 1 0
534332 1 2 121 1 0
534349 1 4 121 1 0
534796 1 4 121 1 0
535203 0 6 121 1 0
535249 0 6 121 1 0
272083 1 2 122 1 0
272765 0 6 122 2 0
273016 0 6 122 1 0
273195 1 4 122 3 0
273395 1 3 122 4 1
273788 1 4 122 1 0
273953 1 2 122 1 0
286935 1 3 122 2 0
327907 0 6 122 3 1
364859 0 6 122 1 0
392068 0 6 122 3 0
533524 1 3 122 1 0
534025 0 6 122 3 0
534333 1 3 122 1 0
534348 0 6 122 1 0
534589 1 4 122 0 0
535000 0 6 122 1 0
199340 0 6 123 3 0
272085 1 3 123 3 0
272111 0 6 123 3 0
272776 1 3 123 1 0
272802 0 6 123 1 0
272860 1 4 123 1 0
272896 1 3 123 1 0
273479 0 6 123 1 0
273541 0 6 123 1 0
273738 1 4 123 3 0
273742 0 6 123 3 0
273930 1 4 123 1 0
273990 1 2 123 3 0
274044 1 2 123 2 0
274233 0 6 123 3 0
329297 0 6 123 3 1
345865 0 6 123 3 0
368548 1 3 123 3 1
70335 1 4 124 3 1
90825 0 6 124 3 0
125496 1 4 124 3 0
157740 0 6 124 3 0
214374 0 6 124 3 0
232304 0 6 124 3 1
272554 1 2 124 1 0
272583 1 3 124 1 0
272803 1 2 124 1 0
273404 1 4 124 1 0
273803 0 6 124 1 0
273952 0 6 124 0 0
273989 0 6 124 1 1
276116 0 6 124 3 0
277227 1 5 124 3 0
304271 1 3 124 3 1
384698 0 6 124 3 0
436284 1 2 124 1 0
532964 1 3 124 2 0
533526 1 3 124 3 0
533665 1 3 124 0 0
533975 0 6 124 1 0
534152 0 6 124 1 0
194693 1 4 125 3 0
208872 0 6 125 2 0
223711 0 6 125 2 0
272297 1 3 125 1 0
272571 0 6 125 3 1
272862 1 3 125 1 0
272864 0 6 125 1 0
273865 0 6 125 1 0
274022 1 3 125 1 0
336604 0 6 125 2 0
384693 1 2 125 0 0
436806 1 5 125 1 0
437462 0 6 125 1 1
534390 0 6 125 3 0
199341 0 6 126 3 0
272166 0 6 126 1 0
273384 1 3 126 1 0
273927 0 6 126 1 0
273992 1 4 126 3 0
288043 0 6 126 3 0
304263 0 6 126 1 0
321823 1 4 126 2 0
328531 1 3 126 3 0
390466 1 3 126 3 0
437070 1 4 126 1 0
534170 0 6 126 0 0
534334 1 2 126 3 0
534892 1 5 126 3 0
272236 1 3 127 1 0
293892 0 6 127 2 0
336594 1 4 127 1 1
364862 0 6 127 3 0
384696 1 4 127 1 0
437077 0 6 127 3 0
437463 1 3 127 1 0
494867 1 2 127 2 0
531912 0 6 127 2 1
534024 0 6 127 3 0
534479 0 6 127 1 1
534999 0 6 127 1 0
535205 0 6 127 2 0
100227 0 6 128 3 0
224906 0 6 128 3 0
272585 1 3 128 3 0
273600 0 6 128 3 0
273616 0 6 128 3 0
273806 1 4 128 1 0
273931 1 4 128 1 0
274227 0 6 128 1 1
383860 1 2 128 4 0
437069 0 6 128 0 1
437711 1 2 128 1 0
494773 1 3 128 3 0
535002 0 6 128 3 0
535207 1 3 128 3 0
82758 0 6 129 3 0
125192 1 2 129 3 0
223712 1 3 129 3 1
273544 1 5 129 1 0
273590 0 6 129 1 1
273649 1 3 129 1 0
273740 0 6 129 0 0
303530 1 3 129 1 0
384271 0 6 129 0 1
384621 0 6 129 2 0
384680 1 4 129 3 1
436283 0 6 129 1 0
436287 1 3 129 3 0
436596 0 6 129 1 0
436999 0 6 129 1 0
437072 0 6 129 2 1
466661 1 2 129 3 0
531911 1 2 129 2 0
534585 0 6 129 1 0
179102 0 6 130 4 0
189913 0 6 130 3 0
258406 0 6 130 2 0
273131 0 6 130 1 0
273448 0 6 130 1 0
273597 0 6 130 2 0
273610 1 4 130 1 0
274025 0 6 130 3 0
274026 1 5 130 3 0
281217 1 3 130 2 1
303759 0 6 130 1 0
437913 0 6 130 1 0
534782 1 2 130 4 0
535204 1 2 130 1 0
169827 0 6 131 2 0
272165 0 6 131 1 1
272235 1 3 131 0 0
272560 0 6 131 1 0
272582 1 3 131 3 0
273652 1 5 131 1 0
273741 0 6 131 3 0
273807 0 6 131 1 0
384694 0 6 131 0 0
384695 0 6 131 1 0
436692 0 6 131 1 0
436997 0 6 131 0 0
437628 0 6 131 1 0
437745 0 6 131 1 0
24522 1 3 132 2 0
272189 0 6 132 1 0
272730 0 6 132 1 0
273385 0 6 132 3 0
273472 1 3 132 1 0
273473 1 3 132 1 0
274180 0 6 132 1 0
303764 0 6 132 1 0
303774 1 3 132 1 0
383866 0 6 132 3 1
534754 0 6 132 1 0
535001 0 6 132 3 0
272238 0 6 133 1 0
272608 0 6 133 1 0
272653 1 3 133 1 0
272708 0 6 133 1 0
273041 0 6 133 1 0
273591 0 6 133 3 0
273609 1 4 133 1 0
273648 0 6 133 0 0
303531 1 2 133 3 0
436425 0 6 133 1 0
437924 0 6 133 1 0
519453 0 6 133 4 1
534329 0 6 133 1 0
534482 1 3 133 3 0
534786 0 6 133 1 1
24521 0 6 134 2 1
272027 0 6 134 1 0
273471 0 6 134 1 0
284559 0 6 134 2 1
289839 1 3 134 2 1
303336 0 6 134 1 0
303766 0 6 134 3 0
367246 0 6 134 4 1
436797 0 6 134 1 0
437226 1 5 134 1 0
437445 1 4 134 1 0
533588 0 6 134 1 0
534753 0 6 134 1 0
7233 0 6 135 2 1
123098 1 3 135 3 0
272190 0 6 135 1 0
272192 1 4 135 3 0
272320 0 6 135 1 0
272559 0 6 135 0 0
273127 0 6 135 1 0
273611 0 6 135 1 0
273654 1 2 135 3 0
421582 1 4 135 3 1
436162 0 6 135 3 1
436649 1 5 135 4 0
437172 0 6 135 1 0
437627 1 5 135 1 0
437941 0 6 135 1 0
533415 0 6 135 1 0
533587 1 4 135 1 0
534587 0 6 135 3 0
534975 1 3 135 1 0
259123 1 3 136 0 0
272187 1 3 136 3 0
272191 0 6 136 3 0
272324 0 6 136 1 0
273714 0 6 136 4 0
274141 0 6 136 1 0
280302 0 6 136 3 0
304612 1 4 136 1 0
383472 0 6 136 1 0
388836 0 6 136 3 0
421022 0 6 136 3 0
436530 1 2 136 1 0
437343 1 3 136 1 0
437801 1 3 136 1 0
534507 0 6 136 1 0
534925 0 6 136 1 0
7234 0 6 137 2 0
86495 1 2 137 3 0
259124 0 6 137 1 1
272031 0 6 137 2 0
272034 1 3 137 4 1
272323 0 6 137 3 0
272561 0 6 137 2 0
272652 0 6 137 0 0
272654 0 6 137 1 0
272655 0 6 137 3 0
274142 0 6 137 1 0
383863 0 6 137 1 0
437342 1 5 137 1 0
437484 0 6 137 1 0
437744 1 2 137 1 0
534157 0 6 137 4 0
534691 0 6 137 1 0
259116 0 6 138 2 0
259231 0 6 138 0 0
273494 1 2 138 1 0
273612 0 6 138 3 0
384180 0 6 138 1 0
421270 1 4 138 2 0
436424 1 3 138 1 0
436427 1 3 138 3 0
437227 0 6 138 3 0
534084 1 2 138 3 0
534744 0 6 138 3 0
535413 0 6 138 1 0
79894 0 6 139 3 0
272845 1 2 139 3 0
303290 0 6 139 4 0
303338 0 6 139 1 0
421020 1 5 139 1 0
437559 0 6 139 1 0
437625 1 2 139 0 0
437630 0 6 139 2 0
437631 0 6 139 3 0
437800 0 6 139 1 0
533586 0 6 139 1 0
533591 1 3 139 3 0
533804 0 6 139 1 0
534508 1 4 139 1 0
259115 0 6 140 1 0
259126 1 3 140 2 0
272030 1 4 140 1 0
272180 1 2 140 2 0
273497 1 2 140 3 1
274145 0 6 140 3 0
437341 1 3 140 1 0
437344 1 4 140 3 0
437483 1 4 140 0 1
534693 1 3 140 2 0
273112 0 6 141 0 0
273496 1 3 141 1 1
274192 0 6 141 1 0
302213 0 6 141 3 1
382956 1 5 141 1 0
421021 1 2 141 1 0
436532 0 6 141 3 0
437486 0 6 141 3 0
532142 1 3 141 3 0
533432 1 5 141 1 0
533584 0 6 141 4 0
533594 0 6 141 1 0
534088 0 6 141 2 0
534920 0 6 141 2 0
534927 1 3 141 3 0
79895 0 6 142 3 0
272039 1 3 142 2 0
303341 0 6 142 3 0
436762 1 2 142 1 0
437803 1 3 142 3 0
534203 1 3 142 1 0
534511 1 2 142 0 0
535352 1 4 142 1 0
72688 0 6 143 3 1
259232 1 1 143 1 1
272029 1 2 143 1 0
272032 1 3 143 3 1
272308 1 4 143 3 0
272846 1 3 143 3 0
273270 1 3 143 1 0
437485 0 6 143 2 1
437637 0 6 143 1 0
72687 1 3 144 3 1
272142 0 6 144 4 0
436761 0 6 144 1 0
447347 0 6 144 3 0
533585 0 6 144 0 0
72685 0 6 145 0 1
109067 0 6 145 3 0
304955 0 6 145 4 1
437640 0 6 145 3 0
437868 1 4 145 1 0
533228 1 3 145 2 0
534771 1 3 145 1 0
535353 0 6 145 1 0
259245 0 6 146 1 0
260022 0 6 146 1 0
273269 0 6 146 1 0
421245 0 6 146 1 0
437777 0 6 146 1 0
437802 1 3 146 3 0
534569 1 2 146 3 0
534652 1 3 146 1 0
535016 0 6 146 1 0
73858 1 3 147 3 0
259421 1 4 147 1 0
259736 1 3 147 1 0
272216 0 6 147 1 0
411939 1 3 147 2 0
436188 1 5 147 1 0
436869 0 6 147 1 0
437295 0 6 147 1 0
437487 0 6 147 3 1
533448 0 6 147 1 0
258597 0 6 148 1 0
258908 0 6 148 1 0
260260 0 6 148 1 0
418485 0 6 148 3 0
436180 0 6 148 0 0
436891 0 6 148 1 0
437778 0 6 148 1 0
447346 0 6 148 2 0
533229 0 6 148 2 1
534150 0 6 148 4 1
534650 1 4 148 3 0
241895 1 3 149 2 1
259246 0 6 149 1 0
272263 0 6 149 1 0
272309 0 6 149 3 0
304405 0 6 149 4 1
411940 0 6 149 2 1
436607 1 4 149 1 0
519816 0 6 149 4 0
534770 0 6 149 1 0
535344 0 6 149 1 0
173555 1 3 150 3 0
258403 0 6 150 1 1
259356 0 6 150 1 0
259746 1 3 150 1 0
260511 1 4 150 1 1
421247 0 6 150 2 0
436186 1 4 150 0 0
436187 0 6 150 1 1
436189 1 3 150 3 1
436685 1 4 150 0 0
447354 0 6 150 3 0
534773 0 6 150 3 0
535013 0 6 150 3 0
537254 1 3 150 3 0
260203 1 4 151 1 1
260514 0 6 151 4 1
407062 0 6 151 2 0
410675 0 6 151 3 0
421647 0 6 151 1 0
436301 0 6 151 1 0
436318 1 3 151 1 0
437798 1 2 151 1 0
438049 0 6 151 1 0
534620 0 6 151 1 0
535343 1 4 151 1 0
6615 1 3 152 3 1
172722 0 6 152 2 0
242089 0 6 152 3 0
259131 1 3 152 3 0
260251 0 6 152 1 0
436179 1 4 152 0 0
436300 1 4 152 1 0
436608 0 6 152 1 0
437260 1 4 152 1 0
437799 1 3 152 1 1
438071 1 2 152 1 0
534631 1 3 152 1 0
260206 1 3 153 3 1
260319 0 6 153 1 0
436609 1 3 153 3 1
437360 0 6 153 4 1
437418 1 4 153 1 0
437511 0 6 153 1 0
438072 0 6 153 1 0
505111 0 6 153 2 0
534622 0 6 153 3 0
136298 0 6 154 3 0
258420 0 6 154 1 0
259249 1 2 154 3 0
259929 1 3 154 3 0
260126 0 6 154 1 0
260247 0 6 154 1 0
436094 0 6 154 1 0
436690 1 3 154 3 0
535342 0 6 154 1 0
535346 1 4 154 3 0
98913 1 3 155 2 0
135655 0 6 155 2 0
172655 1 3 155 3 1
258416 1 4 155 1 0
259130 0 6 155 3 0
259347 0 6 155 1 0
259565 0 6 155 1 0
260148 1 2 155 1 1
296277 1 5 155 3 0
436317 0 6 155 1 1
436687 0 6 155 0 1
437030 0 6 155 1 0
437109 1 4 155 1 0
437183 0 6 155 1 0
437417 1 2 155 1 0
437510 0 6 155 0 0
437755 0 6 155 1 0
437830 1 3 155 1 0
438073 0 6 155 3 0
535345 0 6 155 3 0
535348 1 3 155 0 0
197432 0 6 156 2 1
259129 0 6 156 1 0
259434 0 6 156 1 0
259779 0 6 156 1 0
260515 0 6 156 3 0
436851 0 6 156 1 0
437224 1 5 156 1 0
437547 0 6 156 3 0
437832 0 6 156 3 0
438074 0 6 156 3 1
442860 0 6 156 2 0
447352 0 6 156 1 1
533235 0 6 156 3 0
537357 1 4 156 3 0
85312 1 3 157 2 0
136290 0 6 157 3 0
197429 1 3 157 0 0
242090 0 6 157 3 0
259365 0 6 157 1 0
260204 0 6 157 1 0
436093 1 3 157 1 0
436096 1 4 157 3 0
438070 0 6 157 0 0
534623 0 6 157 3 0
84459 1 2 158 3 0
258997 1 3 158 1 0
259928 0 6 158 1 0
260255 1 4 158 1 0
437110 0 6 158 1 0
437420 1 2 158 3 0
437476 0 6 158 1 0
533234 0 6 158 3 1
136291 0 6 159 3 0
197430 0 6 159 0 0
259303 0 6 159 1 0
259967 0 6 159 1 0
260125 1 4 159 1 0
260128 0 6 159 3 0
260397 1 3 159 1 1
260445 0 6 159 1 0
436365 0 6 159 3 0
436500 0 6 159 1 0
436613 1 5 159 1 0
436688 0 6 159 1 0
437023 0 6 159 1 0
437837 0 6 159 1 0
442867 1 4 159 3 0
500465 0 6 159 3 0
9562 0 6 160 3 0
258489 0 6 160 1 0
258876 1 4 160 1 0
258998 0 6 160 1 0
259364 0 6 160 1 0
259412 0 6 160 1 0
259435 1 3 160 1 0
259566 0 6 160 1 0
260065 0 6 160 1 1
260373 1 5 160 1 0
269647 1 4 160 2 0
436570 0 6 160 1 0
436807 0 6 160 1 0
436852 0 6 160 1 0
447528 0 6 160 1 0
85309 1 2 161 3 1
258942 0 6 161 1 0
259032 1 5 161 1 0
259140 1 4 161 1 0
259509 1 3 161 1 1
259968 0 6 161 1 0
260053 0 6 161 1 0
260066 0 6 161 3 1
263871 1 4 161 2 0
436095 0 6 161 3 0
436097 1 2 161 4 0
437111 1 2 161 3 0
437614 1 2 161 1 0
437659 1 2 161 1 0
442862 0 6 161 3 0
258410 1 3 162 1 1
258735 0 6 162 1 0
259040 0 6 162 1 0
259216 1 4 162 1 0
259571 0 6 162 1 0
259969 0 6 162 3 0
260058 1 2 162 3 1
260525 0 6 162 1 0
263872 0 6 162 3 0
437839 1 3 162 3 0
533231 0 6 162 1 1
551908 0 6 162 2 0
141961 0 6 163 3 0
163439 0 6 163 3 0
258975 1 5 163 1 0
259000 0 6 163 3 1
259041 1 2 163 3 0
259305 0 6 163 3 0
259378 0 6 163 1 0
259400 1 4 163 1 0
259527 0 6 163 1 0
259567 0 6 163 3 0
259955 0 6 163 1 0
260083 0 6 163 1 0
260283 0 6 163 1 0
260399 0 6 163 3 0
260450 0 6 163 1 0
269648 0 6 163 2 0
436541 1 2 163 1 0
436693 0 6 163 1 0
437584 0 6 163 1 0
437615 1 3 163 3 0
437660 0 6 163 1 0
437980 0 6 163 3 0
263867 0 6 164 3 1
265056 0 6 164 4 1
436843 1 3 164 4 0
437563 1 3 164 1 0
66025 1 3 165 3 0
97954 1 3 165 2 0
163430 0 6 165 4 0
259302 0 6 165 1 0
259404 1 2 165 1 0
259410 1 2 165 0 0
259427 0 6 165 4 0
259508 1 3 165 0 0
260127 1 3 165 1 0
260644 0 6 165 2 0
436446 0 6 165 1 0
437396 0 6 165 1 0
437583 1 4 165 3 0
442861 0 6 165 2 0
244094 0 6 166 3 0
258409 0 6 166 1 0
258476 1 2 166 1 0
258488 0 6 166 0 0
258734 1 3 166 0 0
258947 1 2 166 3 0
259301 1 4 166 1 0
259317 0 6 166 1 0
259399 0 6 166 1 0
259648 1 3 166 1 0
259731 0 6 166 1 0
259776 1 4 166 3 0
260147 0 6 166 1 0
269643 0 6 166 1 0
436770 1 3 166 1 0
258482 0 6 167 3 1
259068 0 6 167 1 0
259114 0 6 167 1 0
259219 0 6 167 2 0
259402 0 6 167 3 0
259525 0 6 167 1 0
259997 0 6 167 4 1
260261 0 6 167 1 0
260504 1 2 167 1 0
269737 1 3 167 1 0
361111 0 6 167 4 0
436171 1 4 167 1 0
436717 1 4 167 1 0
436986 0 6 167 1 0
437581 0 6 167 1 1
437582 1 3 167 3 0
551909 0 6 167 2 1
239625 0 6 168 2 0
258411 1 3 168 1 0
258477 1 3 168 1 0
259217 1 4 168 1 0
259513 0 6 168 3 0
259931 0 6 168 1 0
259954 0 6 168 1 0
259956 0 6 168 3 0
260084 1 2 168 3 0
260105 0 6 168 1 0
347295 0 6 168 3 0
436266 0 6 168 3 1
436645 0 6 168 1 0
437395 1 4 168 1 0
98428 0 6 169 4 1
258534 1 3 169 4 1
258596 0 6 169 1 0
258660 0 6 169 1 1
258722 0 6 169 1 0
259099 1 3 169 2 0
259112 1 3 169 0 0
259113 0 6 169 0 1
259304 0 6 169 3 0
259318 0 6 169 3 0
259413 1 3 169 1 0
259526 0 6 169 1 0
260106 1 3 169 1 0
260537 0 6 169 2 0
361110 0 6 169 3 0
436170 0 6 169 1 0
436718 1 3 169 1 0
436725 1 4 169 3 0
437394 0 6 169 1 0
551901 0 6 169 2 0
258354 1 2 170 1 0
258359 1 3 170 3 0
258758 1 4 170 1 0
258882 0 6 170 1 0
259147 0 6 170 1 1
259403 1 4 170 0 0
259425 1 2 170 3 0
259733 0 6 170 3 0
259806 1 4 170 0 0
259886 1 3 170 4 1
259932 0 6 170 1 0
260535 0 6 170 0 0
298311 1 3 170 3 0
361112 0 6 170 4 0
361781 0 6 170 3 0
436132 1 3 170 4 0
436726 0 6 170 3 0
436769 1 4 170 1 0
436894 0 6 170 4 0
438779 1 3 170 3 0
258357 1 3 171 1 0
258490 1 4 171 1 0
258661 0 6 171 3 0
258743 1 4 171 1 0
259064 1 3 171 1 0
259111 0 6 171 3 0
259210 1 4 171 1 0
259220 0 6 171 3 0
259814 0 6 171 1 0
259959 0 6 171 0 0
260269 0 6 171 1 0
260506 1 3 171 3 0
268590 1 4 171 1 0
436874 0 6 171 1 0
196548 1 2 172 3 0
239627 0 6 172 3 0
259319 1 2 172 3 0
259446 0 6 172 1 0
259478 1 4 172 1 0
259807 0 6 172 1 1
260107 1 4 172 3 0
361782 0 6 172 3 0
437560 1 2 172 1 0
551910 0 6 172 3 0
44356 1 3 173 3 0
93801 1 3 173 2 0
164718 0 6 173 3 0
258737 1 2 173 3 0
259118 1 3 173 3 0
259813 0 6 173 1 0
259926 0 6 173 3 0
260078 1 3 173 3 0
260153 0 6 173 1 0
268814 0 6 173 1 0
436647 0 6 173 3 0
436975 1 4 173 1 0
437807 1 3 173 1 0
133431 0 6 174 3 1
253326 1 4 174 2 0
258657 1 3 174 2 0
258872 1 2 174 1 0
259067 0 6 174 3 0
259218 1 3 174 2 1
259610 1 4 174 1 0
259984 0 6 174 3 0
260228 0 6 174 1 1
260347 0 6 174 1 0
268244 0 6 174 1 0
268589 0 6 174 1 0
308477 1 4 174 3 1
436176 1 2 174 3 0
436901 0 6 174 3 0
437165 0 6 174 1 0
437997 1 4 174 1 0
498145 0 6 174 3 0
516696 0 6 174 3 0
526050 0 6 174 3 0
551478 1 5 174 3 0
164716 0 6 175 0 0
223825 1 3 175 3 0
258358 0 6 175 1 0
258548 1 3 175 3 0
258841 1 3 175 1 0
259221 0 6 175 3 0
259812 0 6 175 1 0
268820 0 6 175 1 0
437765 0 6 175 2 1
555813 0 6 175 3 0
24559 0 6 176 3 1
120589 0 6 176 3 0
133434 1 4 176 2 0
182169 0 6 176 3 0
223949 0 6 176 3 0
258736 0 6 176 1 0
258843 1 2 176 1 0
259448 1 3 176 2 0
259477 1 3 176 0 0
268379 0 6 176 1 0
436646 1 2 176 3 0
438001 0 6 176 1 0
165419 1 3 177 3 0
242141 0 6 177 2 0
258360 1 2 177 3 0
258428 0 6 177 1 0
258871 0 6 177 1 0
259981 0 6 177 2 0
268818 0 6 177 4 0
407916 0 6 177 3 0
436331 1 2 177 1 0
436641 0 6 177 2 1
436931 1 5 177 1 0
551476 1 4 177 1 0
80897 1 3 178 3 0
134375 0 6 178 3 0
164754 1 5 178 0 0
215172 0 6 178 3 0
223942 1 3 178 1 0
258425 0 6 178 1 0
258431 1 3 178 3 0
258845 0 6 178 3 0
259321 1 3 178 1 0
259847 0 6 178 1 0
438002 1 4 178 1 0
439694 1 4 178 3 0
36630 0 6 179 3 0
67187 0 6 179 2 0
165201 0 6 179 4 0
223815 1 3 179 2 0
223823 1 3 179 1 0
242143 1 2 179 3 1
260446 1 2 179 1 0
266332 1 3 179 3 0
268241 1 3 179 1 0
268846 1 4 179 1 0
269674 0 6 179 3 0
349567 0 6 179 3 0
436928 1 5 179 1 0
436932 0 6 179 1 1
436933 0 6 179 2 0
437701 0 6 179 1 0
36483 1 2 180 3 0
164753 1 4 180 0 0
258802 1 3 180 1 0
258842 1 4 180 1 0
258924 1 3 180 4 0
268465 1 3 180 1 0
280880 0 6 180 3 0
407914 1 3 180 0 0
438004 0 6 180 3 0
456769 1 3 180 3 0
512421 0 6 180 2 0
551165 0 6 180 3 0
551170 1 4 180 3 0
135285 0 6 181 3 1
210233 0 6 181 3 0
223821 1 2 181 0 0
258424 0 6 181 1 0
258427 1 3 181 3 0
258570 0 6 181 3 0
258738 0 6 181 3 0
259275 1 2 181 1 0
259725 1 4 181 1 0
417023 0 6 181 3 0
556099 1 3 181 2 0
215171 0 6 182 0 0
223822 1 4 182 1 0
242140 0 6 182 2 1
259173 0 6 182 1 0
260335 0 6 182 1 0
454222 0 6 182 3 1
525198 0 6 182 2 0
224595 0 6 183 1 0
258422 0 6 183 3 0
258426 1 3 183 3 0
258430 1 3 183 3 1
258807 0 6 183 3 0
268977 0 6 183 1 0
551169 1 3 183 4 1
551171 0 6 183 3 1
258414 1 4 184 1 0
258415 0 6 184 1 0
258849 1 3 184 1 0
259054 0 6 184 1 0
259171 1 4 184 1 0
436494 1 3 184 4 0
437084 1 4 184 4 0
214946 0 6 185 0 0
258423 1 5 185 0 0
258851 1 5 185 1 0
258963 0 6 186 4 0
259073 1 2 186 1 0
259174 1 3 186 1 1
259274 1 4 186 0 0
312254 0 6 186 3 0
409700 1 3 186 3 0
454229 0 6 186 0 0
159690 0 6 187 3 0
215727 0 6 187 0 0
258495 0 6 187 3 0
258517 0 6 187 1 0
259172 1 3 187 1 0
258852 0 6 188 3 0
259074 1 3 188 1 0
259076 1 3 188 3 0
260494 1 3 188 4 0
268978 0 6 188 1 0
313705 0 6 188 2 0
365795 1 4 188 3 0
258773 1 4 189 1 0
259840 1 4 189 1 0
215730 0 6 190 2 0
258822 0 6 191 1 0
259841 1 3 191 3 0
259953 0 6 191 1 0
452627 0 6 191 3 0
258493 1 4 192 0 0
258650 1 4 192 1 0
259652 0 6 192 1 0
260509 0 6 192 4 1
258520 0 6 194 1 1
258821 0 6 194 1 0
259179 1 3 194 1 0
259316 1 3 195 1 0
259492 0 6 195 1 0
369048 0 6 195 3 0
259726 1 4 196 1 0
259842 0 6 196 3 0
35949 1 5 198 3 0
258522 0 6 198 3 0
260227 1 4 198 1 0
258384 0 6 199 1 0
259314 1 4 199 3 0
259599 1 3 199 1 0
550606 1 3 199 2 0
37264 0 6 200 2 0
258519 0 6 200 0 0
259494 0 6 200 2 0
260276 1 4 200 1 0
394472 0 6 200 3 1
260279 0 6 201 3 0
260453 0 6 201 1 0
550169 0 6 201 3 0
262091 1 3 202 4 0
260352 0 6 203 1 0
347730 0 6 203 3 0
259598 0 6 204 1 0
260348 0 6 205 1 0
552125 1 4 205 4 1
259198 1 3 206 1 0
261296 1 2 206 3 0
260346 1 3 208 0 0
262092 1 3 208 4 1
347729 0 6 208 3 0
258472 1 3 209 1 0
260561 1 2 209 1 0
261295 0 6 209 2 0
258348 0 6 210 4 1
259200 0 6 210 3 0
260379 1 4 210 0 0
258473 0 6 211 1 0
259785 0 6 211 4 0
260160 0 6 211 1 0
261286 1 4 211 3 0
260605 0 6 212 0 0
261565 1 3 212 1 0
239612 0 6 213 3 0
258471 0 6 213 0 0
258483 1 3 213 3 1
258701 0 6 213 1 0
258873 0 6 213 1 0
259199 1 3 213 2 0
260378 1 4 213 0 0
262483 1 2 213 1 0
260563 1 2 214 3 0
261446 1 3 214 1 0
261576 1 3 214 3 0
258481 0 6 215 1 0
259145 0 6 215 1 0
261287 1 3 215 3 0
310962 0 6 215 3 1
197297 0 6 216 3 0
258875 0 6 216 3 0
259629 0 6 216 1 0
260430 0 6 216 1 0
261397 1 3 216 0 0
261564 1 3 216 1 0
523970 1 3 216 3 0
239493 0 6 217 1 0
258417 0 6 217 1 0
262482 0 6 217 1 0
258383 1 4 218 0 0
259628 0 6 218 1 0
259637 1 4 218 3 0
261398 1 3 218 1 0
261445 0 6 218 1 0
239492 0 6 219 1 0
259685 1 4 219 1 0
197295 0 6 220 3 0
258538 0 6 220 1 0
261566 0 6 220 1 1
239494 0 6 221 1 0
259987 0 6 221 4 1
262098 0 6 221 1 0
242957 1 4 222 2 0
259686 0 6 222 3 0
261444 0 6 222 0 0
261846 0 6 222 1 0
239364 0 6 224 3 0
239495 1 3 224 3 0
260688 1 3 224 1 0
258716 1 3 225 1 0
260966 1 3 225 1 0
262503 0 6 225 1 0
260685 1 4 226 3 0
262351 1 4 226 1 0
262577 0 6 226 1 0
261847 0 6 227 3 0
258436 0 6 228 3 0
262002 1 3 228 1 0
262353 0 6 228 3 0
260953 0 6 229 1 0
260993 1 3 229 1 0
262001 1 2 229 1 0
262479 1 3 229 1 0
260955 1 4 230 2 0
262498 0 6 230 1 0
262575 0 6 230 1 0
260995 0 6 231 3 0
261003 0 6 231 1 0
261084 1 5 231 1 0
262354 1 4 231 3 0
262532 1 3 231 1 1
260992 1 4 232 1 0
261086 0 6 232 3 0
262003 0 6 232 3 0
262006 0 6 232 4 1
260987 0 6 233 2 0
261002 0 6 233 0 0
261198 0 6 233 1 0
261651 1 4 233 1 0
262065 1 3 233 1 0
262496 0 6 233 0 0
260934 0 6 234 1 0
260956 0 6 234 3 0
261030 1 4 234 1 0
261909 1 5 234 1 0
260954 0 6 235 1 0
261188 1 4 235 3 0
262064 1 3 235 1 0
375067 0 6 237 3 0
261032 1 4 238 3 0
260988 0 6 239 3 0
261029 1 2 239 1 0
261031 1 4 239 1 0
262067 1 3 240 3 0
262308 1 4 240 1 0
376614 0 6 241 1 0
443236 0 6 241 3 1
261028 1 4 242 0 0
262288 1 4 243 1 1
262676 1 4 243 3 0
377031 0 6 243 1 0
257638 1 4 244 3 0
262287 1 4 244 1 0
261955 0 6 245 0 0
262310 1 3 245 3 0
85269 1 3 246 3 0
261264 1 3 246 1 0
375674 1 3 246 1 0
262747 1 4 247 1 0
376429 0 6 247 1 0
262286 0 6 248 0 0
262385 0 6 248 1 0
375070 1 2 248 1 1
377027 0 6 248 3 0
261869 0 6 249 4 1
262303 1 4 249 1 0
262311 0 6 249 3 0
262237 0 6 250 1 0
375673 1 2 250 1 0
376094 1 4 250 1 0
261227 0 6 251 1 0
375679 0 6 251 3 0
375993 1 2 251 1 0
377026 1 3 251 2 0
260690 1 3 252 3 0
261981 0 6 252 1 0
262043 1 2 252 1 0
262345 1 3 252 1 0
261410 1 3 253 3 0
261470 0 6 253 1 0
261699 0 6 253 3 1
262523 0 6 253 1 0
375069 1 2 253 1 0
261719 0 6 254 3 0
262233 1 4 254 1 0
262236 0 6 254 0 0
262302 1 5 254 1 0
375992 1 5 254 1 0
376196 1 5 254 4 1
376669 1 3 254 1 0
261271 0 6 255 1 0
375680 0 6 255 3 0
375995 0 6 255 3 0
260823 1 3 256 1 0
262042 1 3 256 1 0
262115 1 4 256 1 0
262238 1 4 256 3 0
262521 0 6 256 1 0
375071 0 6 256 1 0
260710 0 6 257 1 0
260824 0 6 257 1 0
261021 1 2 257 1 0
261273 1 3 257 3 0
262045 1 3 257 3 0
262103 0 6 257 1 0
377484 0 6 257 3 0
261991 1 4 258 3 0
262304 0 6 258 1 0
262416 0 6 258 1 0
260744 1 4 259 1 0
261223 1 3 259 1 0
261335 1 3 259 1 0
262101 0 6 259 0 0
262525 0 6 259 1 0
261270 0 6 260 1 0
261690 1 2 260 1 0
262578 1 2 260 1 0
260741 0 6 261 1 0
260997 0 6 261 1 0
261688 0 6 261 1 0
262158 1 4 261 1 0
262397 1 2 261 0 0
378637 0 6 261 1 0
260604 0 6 262 4 0
260713 0 6 262 3 0
260927 1 3 262 1 0
261099 0 6 262 1 0
261390 1 3 262 1 0
262160 0 6 262 3 0
262522 0 6 262 1 0
501803 0 6 262 2 0
260671 0 6 263 1 0
261222 1 2 263 1 0
261389 1 4 263 1 0
261691 1 3 263 3 1
261987 0 6 263 1 0
262000 0 6 263 4 0
262161 0 6 263 3 0
262415 0 6 263 0 0
262418 1 3 263 3 0
262611 0 6 263 1 0
377635 0 6 263 1 0
260965 1 4 264 1 0
261681 0 6 264 3 0
262400 0 6 264 3 0
262586 0 6 264 1 1
262596 0 6 264 1 0
262618 1 3 264 1 0
260998 1 3 265 3 0
261101 0 6 265 3 0
261687 0 6 265 1 0
261689 0 6 265 1 0
261841 1 4 265 3 0
262576 1 3 265 1 0
260837 0 6 266 4 1
261277 1 5 266 1 0
261707 1 2 266 4 1
261969 0 6 266 2 0
262075 1 2 266 3 0
262419 1 3 266 3 0
262559 1 3 266 4 0
262754 0 6 266 4 0
262806 0 6 266 2 0
314642 1 3 266 3 0
495693 1 3 266 3 0
501805 0 6 266 3 0
197753 0 6 267 4 0
260968 0 6 267 3 0
261965 1 4 267 0 0
262619 0 6 267 3 0
260670 0 6 268 1 0
260700 0 6 268 3 0
261483 0 6 268 1 0
262560 0 6 268 4 0
262751 0 6 268 3 0
377634 0 6 268 0 1
197752 1 3 269 4 0
260673 1 4 269 1 0
262617 0 6 269 1 0
262654 1 3 269 3 0
298976 0 6 269 4 0
495095 1 3 269 3 0
495702 0 6 269 3 0
41974 1 2 270 3 0
260698 0 6 270 2 1
261337 1 3 270 1 1
379145 1 3 270 3 0
261485 0 6 271 3 1
377310 0 6 271 3 0
379146 1 2 271 3 0
495111 0 6 271 3 0
514052 1 3 271 3 0
261315 1 4 272 1 1
285905 1 3 272 2 0
39641 1 4 273 2 0
261851 0 6 273 1 0
262349 1 3 273 4 1
262780 0 6 273 4 1
379144 1 5 274 1 0
261317 1 4 275 3 0
261316 1 3 276 1 0
262627 1 3 276 1 0
262625 0 6 277 1 0
261318 0 6 278 3 0
262628 1 5 279 1 0
260856 0 6 280 1 0
261024 0 6 280 1 0
262403 1 4 280 1 0
261638 1 3 281 1 0
261082 0 6 282 3 0
262587 0 6 282 1 0
262624 0 6 282 0 0
262626 1 4 282 1 0
66474 1 3 283 3 0
262253 1 5 283 1 0
66472 1 2 284 2 0
262252 0 6 284 1 0
262630 0 6 284 3 0
262017 0 6 285 1 0
260736 0 6 286 4 0
501711 0 6 286 3 0
261517 0 6 288 1 0
42296 1 2 289 3 0
122346 0 6 289 3 0
42295 0 6 291 2 0
96326 0 6 292 3 1
