21914 0 6 6 4 0
23019 1 4 6 2 0
79437 0 6 6 3 0
113273 0 6 6 4 0
145193 0 6 6 4 0
158967 0 6 6 3 0
163600 1 3 6 3 1
283621 1 4 6 3 0
347151 0 6 6 1 0
367797 1 4 6 1 0
388527 0 6 6 1 0
390033 0 6 6 3 0
459526 0 6 6 1 0
464576 1 5 6 1 0
470145 0 6 6 3 0
471824 1 3 6 1 0
473490 1 4 6 3 0
475171 0 6 6 3 0
479049 0 6 6 1 0
536439 0 6 6 3 0
459527 0 6 7 3 0
461111 1 3 7 1 0
459522 0 6 8 0 0
471826 0 6 8 3 1
163598 1 3 9 0 0
163599 0 6 9 2 0
304783 0 6 9 3 0
347149 0 6 9 1 0
347347 1 2 9 1 0
367514 0 6 9 3 0
392223 1 3 9 3 1
460520 1 5 9 1 0
478001 1 4 9 1 0
536437 1 3 9 1 0
346166 0 6 10 1 0
347443 1 3 10 1 0
459525 1 3 10 1 0
471822 0 6 10 0 0
478390 0 6 10 1 0
347339 1 3 11 0 1
347344 0 6 11 1 0
367798 0 6 11 1 0
459235 1 4 11 0 0
459460 0 6 11 1 0
479048 0 6 11 1 0
537316 1 4 11 1 0
346673 0 6 12 1 0
347442 1 3 12 1 0
478002 1 3 12 3 1
478083 0 6 12 1 0
536119 1 3 12 1 0
558999 0 6 12 3 1
346582 1 2 13 1 0
347345 0 6 13 1 0
459523 0 6 13 1 0
478792 1 3 13 1 0
536569 1 3 13 4 1
315918 0 6 14 4 0
346100 0 6 14 1 0
346528 1 3 14 1 0
346550 1 4 14 1 0
346901 0 6 14 1 0
347348 0 6 14 1 0
347466 1 5 14 0 1
367799 1 4 14 1 1
477434 1 3 14 1 0
477572 0 6 14 1 0
536202 0 6 14 1 1
339443 1 4 15 3 0
346672 1 2 15 1 0
347320 1 3 15 0 0
347346 0 6 15 1 0
347642 0 6 15 1 0
460688 0 6 15 1 0
478705 0 6 15 1 0
478965 1 4 15 1 0
537319 1 3 15 3 1
346047 1 2 16 1 0
346049 0 6 16 1 0
346102 0 6 16 2 0
346285 1 4 16 1 0
346443 0 6 16 1 0
346584 0 6 16 3 0
346674 1 3 16 3 0
347470 0 6 16 0 0
367801 0 6 16 3 0
368909 0 6 16 1 0
432725 0 6 16 3 0
477486 0 6 16 1 0
477573 1 3 16 1 0
478280 0 6 16 1 0
478302 1 3 16 1 0
478518 0 6 16 1 0
478706 1 4 16 1 0
478791 0 6 16 0 0
536451 1 4 16 1 0
536741 1 4 16 1 0
537187 0 6 16 1 1
537318 0 6 16 3 0
127998 0 6 17 3 0
339439 0 6 17 0 0
346264 0 6 17 1 1
346541 0 6 17 1 0
347377 1 4 17 1 0
347468 1 3 17 3 0
347683 1 3 17 1 1
478190 1 2 17 1 0
536450 1 3 17 1 1
313170 0 6 18 2 0
345931 0 6 18 1 0
346286 0 6 18 1 0
346359 0 6 18 1 0
346455 0 6 18 3 0
346649 0 6 18 1 0
347009 0 6 18 1 0
347471 1 3 18 0 0
347651 1 2 18 1 0
347698 1 3 18 1 0
347730 1 3 18 1 0
367402 0 6 18 1 1
367849 1 2 18 1 0
477487 1 3 18 1 0
477522 1 4 18 1 0
477571 1 4 18 0 0
477900 1 3 18 1 0
478191 0 6 18 2 0
478337 0 6 18 1 0
478519 0 6 18 1 0
478777 0 6 18 1 0
537255 0 6 18 1 0
346101 1 2 19 1 0
346106 0 6 19 4 0
346363 0 6 19 2 0
346818 0 6 19 1 0
346902 0 6 19 3 0
347640 1 2 19 1 0
368907 1 4 19 0 0
477718 1 3 19 1 0
477822 1 3 19 1 0
477896 0 6 19 1 0
478177 0 6 19 1 0
478303 0 6 19 3 0
478522 1 3 19 3 1
478704 0 6 19 1 0
535454 1 4 19 1 0
536452 0 6 19 1 0
345953 1 4 20 1 0
346003 0 6 20 1 0
346263 0 6 20 1 0
346284 1 3 20 0 0
346852 1 3 20 1 1
347157 1 5 20 1 0
347321 1 3 20 0 0
347370 0 6 20 3 0
347378 1 4 20 1 0
347571 0 6 20 4 0
347641 0 6 20 1 1
348019 0 6 20 1 0
477574 1 3 20 2 0
477678 0 6 20 1 0
477776 1 2 20 1 0
477924 1 4 20 1 0
478526 0 6 20 1 0
479147 0 6 20 1 0
536453 1 3 20 3 0
538278 0 6 20 3 0
346262 0 6 21 0 0
346305 1 4 21 0 0
346529 1 4 21 1 0
346845 1 2 21 3 0
347371 1 3 21 2 0
347986 1 4 21 1 0
368908 1 3 21 1 0
368911 1 3 21 3 0
477482 0 6 21 1 0
477523 1 4 21 1 0
477684 0 6 21 3 1
478011 0 6 21 0 0
478052 1 2 21 1 0
478758 1 4 21 0 0
478825 1 3 21 1 1
478960 0 6 21 1 0
535453 1 2 21 1 0
536116 0 6 21 1 0
536964 0 6 21 1 0
303677 0 6 22 3 0
345954 0 6 22 3 0
346004 0 6 22 1 0
346227 1 3 22 1 0
346602 1 2 22 1 0
346858 1 3 22 0 1
347089 0 6 22 1 0
347472 0 6 22 2 1
347731 0 6 22 1 0
368457 0 6 22 1 0
477719 0 6 22 1 0
477923 1 5 22 1 0
478827 0 6 22 1 0
536465 0 6 22 1 0
345927 0 6 23 1 0
346007 0 6 23 1 0
346211 0 6 23 1 0
346610 0 6 23 3 0
347290 0 6 23 1 0
347989 1 4 23 1 0
477720 1 3 23 1 0
477985 1 3 23 1 0
478013 1 3 23 3 0
345951 0 6 24 0 0
346238 1 4 24 1 0
346289 0 6 24 3 0
346850 0 6 24 1 0
346853 0 6 24 1 0
346855 1 3 24 3 0
347840 0 6 24 4 0
347987 0 6 24 1 0
347988 1 3 24 1 0
368458 0 6 24 1 0
477491 1 2 24 1 0
477524 0 6 24 1 0
477525 0 6 24 3 0
477575 0 6 24 2 0
477680 1 2 24 2 0
477809 0 6 24 1 1
478012 1 3 24 0 0
478224 1 3 24 1 0
478757 0 6 24 3 1
478760 1 3 24 2 0
478764 0 6 24 1 0
535975 1 3 24 1 0
536464 0 6 24 0 0
346005 0 6 25 3 0
346188 0 6 25 2 0
346484 0 6 25 1 0
347999 0 6 25 1 0
367517 0 6 25 3 0
477560 0 6 25 3 0
477708 1 3 25 1 0
477808 1 4 25 1 0
477899 1 3 25 1 0
478413 1 2 25 1 0
478585 0 6 25 4 1
478642 1 2 25 3 0
478963 1 2 25 3 1
479139 0 6 25 4 1
479402 0 6 25 3 0
236872 0 6 26 3 0
346069 1 3 26 3 0
346545 0 6 26 1 0
346604 0 6 26 3 0
346641 1 3 26 1 0
346851 0 6 26 1 0
346854 1 4 26 3 0
346894 0 6 26 4 1
347088 0 6 26 1 0
347340 1 2 26 1 0
347431 0 6 26 1 1
367679 1 3 26 4 1
477480 0 6 26 1 0
477481 1 3 26 1 0
477682 1 4 26 0 0
477901 1 2 26 1 0
478051 0 6 26 0 0
478505 1 3 26 1 0
478686 0 6 26 1 0
536226 1 4 26 1 0
346453 0 6 27 1 0
346939 0 6 27 1 0
347830 0 6 27 1 0
347843 1 2 27 1 0
347974 0 6 27 1 0
352160 1 3 27 3 0
367563 0 6 27 1 0
368284 0 6 27 4 0
455219 1 3 27 3 0
477455 0 6 27 1 0
477493 1 3 27 3 0
477789 1 4 27 1 1
477807 0 6 27 1 0
477810 0 6 27 1 0
478506 0 6 27 1 0
478922 0 6 27 1 0
479083 1 4 27 1 0
535410 0 6 27 1 0
535963 0 6 27 1 0
345992 0 6 28 1 0
346209 0 6 28 1 0
346241 0 6 28 3 1
346485 0 6 28 3 0
346861 1 2 28 2 1
346890 0 6 28 0 0
346969 0 6 28 4 0
347432 1 2 28 1 0
347848 1 4 28 3 0
477465 0 6 28 4 1
477494 0 6 28 3 0
477649 0 6 28 1 0
477666 0 6 28 1 0
477713 0 6 28 1 0
477803 0 6 28 1 0
477890 1 3 28 1 0
477903 1 2 28 3 0
478412 0 6 28 3 0
478503 0 6 28 1 0
478688 1 3 28 3 0
479152 0 6 28 1 0
536228 1 5 28 3 0
536467 0 6 28 3 0
537050 1 3 28 1 0
548281 0 6 28 2 0
343873 0 6 29 3 0
346436 0 6 29 1 1
346643 1 3 29 1 0
347033 0 6 29 1 0
347433 0 6 29 2 0
347842 1 3 29 0 1
347946 0 6 29 1 0
352161 0 6 29 4 0
368459 0 6 29 1 0
477603 0 6 29 1 1
477717 1 3 29 3 0
477811 0 6 29 3 0
477812 1 4 29 3 0
478223 1 3 29 1 0
478232 1 3 29 1 0
478494 0 6 29 4 1
478502 0 6 29 1 0
478508 0 6 29 3 0
478955 1 3 29 1 0
479401 0 6 29 3 0
480497 1 3 29 3 0
536227 1 3 29 3 0
6781 1 4 30 3 1
345922 1 4 30 1 0
345984 0 6 30 3 1
346193 1 4 30 1 0
346551 0 6 30 1 1
346859 0 6 30 0 0
346860 1 3 30 2 0
347035 1 3 30 3 1
347341 0 6 30 2 0
347502 0 6 30 1 0
352157 0 6 30 1 0
367680 0 6 30 4 0
368283 0 6 30 3 0
477478 0 6 30 3 0
477714 0 6 30 1 0
477788 0 6 30 0 0
479078 0 6 30 4 0
479082 0 6 30 1 0
479400 1 3 30 2 1
535579 0 6 30 1 0
537055 0 6 30 2 0
104033 1 3 31 3 0
346719 1 2 31 1 0
347214 1 4 31 1 0
347317 0 6 31 1 0
347390 0 6 31 1 0
347504 1 4 31 3 0
347545 1 2 31 1 0
362445 0 6 31 3 0
477771 1 3 31 1 1
477898 0 6 31 3 0
477986 1 4 31 1 0
478233 1 4 31 1 0
478450 1 2 31 1 0
478592 0 6 31 1 0
478755 1 3 31 1 0
536840 1 2 31 1 0
537059 0 6 31 3 1
345991 1 3 32 1 0
346431 0 6 32 1 0
346553 1 3 32 3 0
346623 0 6 32 1 0
347034 1 3 32 2 0
347096 1 4 32 3 0
347189 0 6 32 1 0
347213 1 4 32 0 0
347391 1 3 32 1 0
347500 1 3 32 1 0
347546 1 4 32 1 0
347996 0 6 32 1 0
352158 1 5 32 1 1
477887 1 4 32 2 0
477891 0 6 32 3 0
478685 0 6 32 1 0
478694 0 6 32 3 0
478737 0 6 32 0 0
478920 0 6 32 3 1
479079 1 4 32 1 0
479109 0 6 32 1 0
486645 0 6 32 3 0
532708 0 6 32 3 1
343868 0 6 33 3 0
346399 1 3 33 4 1
346460 0 6 33 1 0
347326 1 2 33 1 0
347995 1 3 33 1 0
349113 0 6 33 3 0
353872 0 6 33 4 0
458018 0 6 33 3 0
477715 0 6 33 1 0
477761 1 2 33 4 0
478171 0 6 33 1 0
478221 1 3 33 3 0
478591 0 6 33 1 0
478636 0 6 33 2 0
536445 0 6 33 3 0
536841 1 4 33 1 0
220953 1 3 34 3 0
346170 1 3 34 1 0
346195 0 6 34 2 0
347302 0 6 34 1 0
347327 1 3 34 3 0
347392 1 4 34 3 0
347845 0 6 34 1 0
347945 0 6 34 1 0
360644 1 2 34 4 1
477804 1 4 34 1 0
477897 0 6 34 3 1
478490 1 3 34 1 0
479074 0 6 34 1 0
480376 0 6 34 3 0
508681 1 3 34 2 1
535563 1 3 34 1 0
536588 0 6 34 1 0
537299 1 2 34 1 0
555748 1 3 34 3 0
345912 0 6 35 1 0
346605 0 6 35 1 0
347315 1 2 35 3 0
347449 1 4 35 1 0
347501 1 4 35 1 0
347547 0 6 35 2 0
347552 0 6 35 1 0
347834 1 3 35 1 0
347846 0 6 35 2 0
477716 1 2 35 3 0
477772 1 3 35 1 0
477892 0 6 35 3 0
477937 0 6 35 1 0
478170 1 4 35 1 0
478594 1 3 35 3 0
487822 0 6 35 2 0
532709 0 6 35 3 0
536428 1 2 35 1 0
536843 1 3 35 3 0
108551 0 6 36 2 0
346549 0 6 36 4 0
347324 0 6 36 3 0
347401 1 3 36 1 0
477420 1 5 36 1 0
477774 0 6 36 3 1
478593 0 6 36 3 0
478695 1 2 36 3 0
479115 1 4 36 2 1
535565 1 3 36 3 1
535957 0 6 36 1 0
536104 0 6 36 1 0
536508 1 3 36 1 0
537041 0 6 36 1 0
98447 1 3 37 2 0
345917 0 6 37 3 0
346265 1 3 37 2 0
346287 0 6 37 1 0
346463 1 2 37 3 0
346648 1 3 37 1 0
347216 1 3 37 3 0
347553 0 6 37 1 0
477471 0 6 37 3 0
477806 1 4 37 3 0
478032 0 6 37 0 0
478131 0 6 37 1 0
478640 1 2 37 2 0
487816 0 6 37 2 0
529498 1 2 37 2 0
535572 1 4 37 3 0
536612 1 3 37 1 0
555749 1 4 37 3 1
260992 1 2 38 2 0
346172 1 4 38 1 0
346174 0 6 38 3 0
346205 1 4 38 1 0
347548 0 6 38 3 1
347618 0 6 38 1 1
349111 0 6 38 1 0
410842 0 6 38 2 1
426298 1 3 38 3 1
477695 0 6 38 1 0
477773 1 3 38 3 0
477784 1 4 38 1 0
478492 1 3 38 3 1
478693 0 6 38 1 0
478941 1 3 38 1 0
479107 0 6 38 0 0
479118 0 6 38 3 0
482155 0 6 38 2 0
532706 0 6 38 2 0
536150 1 2 38 1 0
537085 0 6 38 1 0
558962 1 4 38 2 0
346798 1 4 39 1 0
393407 0 6 39 3 0
432771 0 6 39 3 0
477421 0 6 39 1 0
478222 1 5 39 3 0
478350 0 6 39 1 0
479022 0 6 39 3 0
535958 0 6 39 3 0
536149 1 3 39 1 1
536427 0 6 39 1 0
536970 1 3 39 2 0
537300 0 6 39 3 0
346171 0 6 40 1 0
347074 0 6 40 1 0
347237 0 6 40 4 1
347266 1 3 40 3 0
347399 1 4 40 0 0
347400 0 6 40 0 0
347491 0 6 40 3 0
348213 0 6 40 1 0
477777 0 6 40 3 1
478495 1 3 40 1 1
479111 1 3 40 1 0
487815 0 6 40 2 0
535920 0 6 40 3 0
536148 1 3 40 3 0
536507 0 6 40 1 0
536942 1 4 40 1 0
555746 1 3 40 0 0
558963 0 6 40 2 0
345946 1 3 41 1 1
346054 0 6 41 1 1
346203 1 2 41 0 0
346838 0 6 41 3 1
346919 1 3 41 2 0
350018 1 4 41 1 0
412651 0 6 41 4 1
426299 0 6 41 3 0
477867 1 2 41 3 0
478349 1 3 41 1 0
482544 1 4 41 3 1
536906 0 6 41 1 0
537040 0 6 41 1 0
346169 0 6 42 1 0
346487 0 6 42 1 0
346800 0 6 42 3 0
346921 0 6 42 3 0
347868 1 4 42 1 0
347939 0 6 42 1 0
348024 0 6 42 4 0
349110 1 2 42 1 0
415207 0 6 42 2 0
477696 1 4 42 3 0
477802 0 6 42 1 0
478491 0 6 42 2 0
478975 0 6 42 1 0
482542 0 6 42 1 0
511663 1 2 42 2 0
530992 0 6 42 2 0
536509 0 6 42 3 0
536520 1 3 42 2 1
537409 1 2 42 4 1
346052 0 6 43 3 0
347242 0 6 43 3 0
347403 1 3 43 3 0
349109 1 2 43 1 0
350020 1 4 43 1 0
431295 0 6 43 2 1
479114 1 4 43 2 0
480591 1 2 43 4 0
482203 0 6 43 1 0
535779 0 6 43 1 0
535929 1 4 43 1 0
536296 0 6 43 1 0
347255 0 6 44 1 0
348108 0 6 44 1 0
348214 0 6 44 1 0
348349 0 6 44 1 0
348885 1 3 44 1 1
349590 0 6 44 1 0
349727 1 3 44 1 0
349836 1 3 44 1 0
349932 0 6 44 3 0
353798 0 6 44 3 0
477749 0 6 44 1 0
477907 0 6 44 2 0
478020 1 4 44 2 0
479112 0 6 44 3 0
481218 0 6 44 3 0
481855 0 6 44 1 0
482154 0 6 44 1 0
535461 0 6 44 1 0
536615 1 4 44 1 0
537211 0 6 44 1 0
345948 0 6 45 3 1
477422 1 3 45 3 1
478352 0 6 45 3 1
481857 1 2 45 3 0
535588 0 6 45 1 0
536295 1 4 45 1 1
536297 1 4 45 3 0
536519 1 2 45 2 0
536521 0 6 45 2 1
537212 0 6 45 2 0
346486 1 3 46 0 0
346807 0 6 46 3 0
347169 1 5 46 4 1
348127 0 6 46 1 0
348354 1 3 46 1 0
348744 0 6 46 1 0
349103 0 6 46 3 0
349589 1 4 46 1 0
477866 0 6 46 3 0
481613 0 6 46 3 0
535778 0 6 46 1 0
536298 1 3 46 3 0
346806 1 3 47 1 0
348007 1 2 47 3 0
349306 0 6 47 1 0
350067 0 6 47 1 0
477902 0 6 47 3 1
479120 1 4 47 1 0
481755 1 4 47 2 0
481854 0 6 47 1 0
535593 1 4 47 4 1
535826 1 3 47 1 0
536441 1 3 47 1 0
536608 0 6 47 1 0
536992 0 6 47 1 0
537111 1 3 47 1 0
208124 1 4 48 3 0
256741 1 2 48 3 0
346888 0 6 48 4 1
348126 1 2 48 1 0
348191 1 4 48 1 0
348517 1 4 48 1 0
349835 1 5 48 1 0
420925 1 3 48 3 1
427622 0 6 48 4 0
478351 1 3 48 3 0
481691 0 6 48 4 1
481980 1 3 48 2 0
535782 0 6 48 3 0
537207 0 6 48 0 0
144119 0 6 49 2 0
151257 1 2 49 2 0
346810 0 6 49 3 1
348352 0 6 49 3 0
348858 1 4 49 1 0
349689 0 6 49 1 0
350027 1 2 49 1 0
481618 1 5 49 2 0
535863 1 4 49 1 0
536560 1 4 49 1 0
536610 1 2 49 1 0
94981 0 6 50 3 0
107856 1 3 50 2 0
145382 1 3 50 3 0
208123 0 6 50 3 0
348125 1 2 50 0 0
348343 1 2 50 1 1
349772 0 6 50 1 0
481050 0 6 50 1 0
481870 0 6 50 4 1
482699 0 6 50 3 0
536162 0 6 50 1 0
537370 1 4 50 1 0
155465 1 3 51 4 0
163062 1 3 51 3 0
346808 0 6 51 3 1
348134 0 6 51 3 0
348745 0 6 51 3 1
348784 1 3 51 1 0
349834 1 3 51 3 0
350024 1 3 51 1 0
420924 0 6 51 3 0
535562 0 6 51 1 0
535827 0 6 51 1 1
537113 0 6 51 1 0
155464 0 6 52 4 0
233433 1 2 52 3 0
256742 1 2 52 3 0
346803 1 5 52 0 0
348351 1 2 52 3 0
348353 0 6 52 1 0
348519 0 6 52 3 0
349022 1 4 52 1 0
349690 1 3 52 3 0
350025 1 4 52 1 0
370454 0 6 52 3 1
421434 1 3 52 3 0
427618 1 5 52 4 1
428450 1 3 52 2 0
480957 1 3 52 2 0
497821 0 6 52 3 0
535497 1 2 52 1 0
535883 0 6 52 3 0
536559 1 4 52 0 0
537103 0 6 52 1 0
154664 1 3 53 4 0
256740 0 6 53 1 0
348190 1 4 53 1 0
349272 1 3 53 2 1
349308 0 6 53 1 0
349639 0 6 53 1 0
535498 1 2 53 2 0
535783 0 6 53 4 0
536225 1 3 53 1 0
94982 1 2 54 3 0
256739 0 6 54 1 0
348133 0 6 54 3 0
348341 0 6 54 0 0
348621 0 6 54 1 0
348918 0 6 54 1 0
349236 0 6 54 4 1
349651 1 3 54 1 0
349687 1 2 54 1 1
350026 0 6 54 1 0
355270 1 3 54 3 0
482697 1 2 54 2 0
537371 1 5 54 3 0
144121 1 2 55 3 1
346804 0 6 55 1 0
346805 1 4 55 1 0
348355 0 6 55 1 0
348384 0 6 55 1 1
348584 1 3 55 1 0
349190 0 6 55 1 0
349271 1 3 55 1 0
349524 0 6 55 3 0
349635 1 3 55 4 1
349693 0 6 55 1 0
350029 1 4 55 3 0
350060 1 2 55 1 0
355271 1 4 55 3 0
407512 1 4 55 2 0
421474 0 6 55 3 0
481048 0 6 55 1 1
482247 1 4 55 4 1
536381 0 6 55 1 0
537101 1 5 55 0 0
46471 1 3 56 3 0
256091 1 4 56 1 0
257386 1 4 56 1 0
347025 1 5 56 1 0
347493 1 3 56 1 0
348285 0 6 56 1 0
348499 0 6 56 1 0
348917 1 4 56 1 0
348919 1 3 56 2 0
349307 1 4 56 1 0
349313 0 6 56 3 0
356014 1 3 56 3 0
476163 1 4 56 3 0
480956 0 6 56 2 1
532129 1 4 56 3 1
535500 0 6 56 3 0
535829 1 3 56 3 0
536234 0 6 56 1 0
536562 0 6 56 3 1
548461 0 6 56 3 0
256015 1 4 57 1 0
347026 1 3 57 3 0
348385 0 6 57 1 0
536224 0 6 57 1 0
536895 0 6 57 1 0
536896 0 6 57 1 0
256094 1 4 58 3 0
257111 0 6 58 1 0
346556 0 6 58 1 0
346802 1 3 58 3 1
347889 1 4 58 1 0
348344 1 3 58 3 0
348728 0 6 58 4 0
348805 0 6 58 1 0
349490 1 3 58 1 0
349522 0 6 58 3 0
370452 0 6 58 1 0
535851 1 5 58 1 0
257389 0 6 59 3 0
258158 0 6 59 1 0
347027 0 6 59 3 0
348386 1 2 59 3 0
348921 1 3 59 3 1
349152 0 6 59 1 0
349182 0 6 59 1 0
349350 0 6 59 1 0
349800 1 4 59 1 0
533397 0 6 59 3 1
533759 0 6 59 3 1
536897 1 2 59 3 0
537369 0 6 59 1 0
33030 0 6 60 2 0
251155 0 6 60 3 0
256013 0 6 60 0 0
256873 1 3 60 1 0
257062 0 6 60 1 0
257113 1 4 60 3 1
257385 0 6 60 1 0
257387 0 6 60 1 0
257924 0 6 60 1 0
257954 0 6 60 1 0
306815 1 3 60 3 0
347024 0 6 60 1 0
347888 0 6 60 1 0
348807 0 6 60 3 0
349320 0 6 60 1 0
349571 1 2 60 1 0
482256 0 6 60 1 0
536383 0 6 60 3 0
536898 1 4 60 3 0
258048 1 5 61 1 0
347253 0 6 61 1 0
348095 1 3 61 1 1
348209 0 6 61 1 0
348324 0 6 61 1 0
348482 0 6 61 1 0
348689 1 4 61 1 1
349183 0 6 61 1 0
349802 0 6 61 2 0
476162 1 3 61 3 0
536382 0 6 61 2 1
250986 1 2 62 3 0
256911 1 3 62 1 0
258298 0 6 62 1 0
347887 1 4 62 0 0
348039 1 2 62 3 0
348337 0 6 62 2 0
349181 0 6 62 1 0
349433 0 6 62 1 0
349631 0 6 62 4 0
349868 0 6 62 1 0
363958 1 3 62 2 0
475268 0 6 62 3 0
536230 1 3 62 4 0
251151 1 2 63 1 0
256014 0 6 63 1 0
256602 1 4 63 1 0
257144 0 6 63 1 0
257388 1 3 63 3 0
257854 0 6 63 1 0
258157 1 3 63 0 0
347591 1 3 63 1 0
347900 0 6 63 3 0
348208 0 6 63 1 0
349105 0 6 63 1 0
349108 0 6 63 2 0
533393 1 3 63 1 0
545953 1 5 63 3 1
250055 1 3 64 1 0
251152 0 6 64 1 0
257634 1 3 64 1 0
258047 1 2 64 1 0
346099 0 6 64 1 0
346531 0 6 64 1 0
348237 0 6 64 1 0
348692 1 4 64 4 0
349187 1 3 64 4 0
349288 0 6 64 3 0
349292 1 3 64 4 0
349562 0 6 64 1 0
349609 0 6 64 4 1
349801 1 3 64 1 0
541919 1 3 64 2 0
98455 0 6 65 3 0
256603 1 2 65 2 0
257064 1 3 65 3 1
347252 1 3 65 0 0
347891 0 6 65 3 1
348320 1 2 65 2 0
348709 0 6 65 1 0
349560 0 6 65 0 0
535143 1 4 65 1 0
70506 0 6 66 3 0
250982 1 4 66 1 0
256405 1 4 66 1 0
256515 1 2 66 1 0
256605 1 4 66 1 0
256914 1 3 66 3 0
257575 1 3 66 1 0
258045 0 6 66 1 0
346830 0 6 66 1 0
347895 1 2 66 3 0
349045 0 6 66 1 0
349284 0 6 66 3 0
349381 0 6 66 1 0
349436 1 3 66 3 0
349570 1 3 66 1 0
349640 1 4 66 1 0
470095 1 4 66 3 0
536008 1 3 66 2 0
69497 0 6 67 3 1
256913 0 6 67 3 1
258159 1 3 67 3 0
258312 0 6 67 1 0
347588 1 4 67 4 1
347896 0 6 67 1 0
348509 0 6 67 2 0
348690 0 6 67 3 0
348820 1 2 67 3 0
349548 0 6 67 1 0
349565 1 2 67 1 0
349794 0 6 67 3 1
435865 1 4 67 3 0
533394 0 6 67 1 0
534313 1 3 67 1 0
534791 1 3 67 1 0
238365 0 6 68 3 0
249873 1 5 68 1 0
250044 1 4 68 3 0
250056 1 4 68 3 0
250856 1 3 68 1 0
256912 1 3 68 1 0
258112 0 6 68 1 0
258160 0 6 68 3 0
260941 0 6 68 3 0
297364 0 6 68 2 0
346981 0 6 68 1 1
348781 1 3 68 1 0
5402 1 3 69 3 0
250860 0 6 69 4 0
256190 1 3 69 1 0
256214 1 4 69 1 0
256380 0 6 69 4 0
345461 1 3 69 3 0
347254 0 6 69 1 0
347258 1 2 69 3 0
348061 0 6 69 1 0
348792 0 6 69 1 0
349638 1 2 69 1 0
349804 0 6 69 3 0
365981 0 6 69 3 0
535142 1 2 69 1 0
535146 0 6 69 4 0
535230 0 6 69 1 0
250057 1 4 70 3 0
250857 0 6 70 1 0
251165 1 3 70 1 0
257405 1 3 70 1 0
257478 0 6 70 1 0
257596 1 4 70 1 0
348059 1 2 70 1 0
348443 0 6 70 1 1
348503 1 2 70 2 0
349550 1 4 70 1 0
349551 1 2 70 3 0
349574 1 2 70 3 0
534790 0 6 70 1 0
535120 0 6 70 1 0
250859 1 3 71 3 0
256804 1 4 71 1 0
258246 0 6 71 1 0
258310 0 6 71 0 0
297360 0 6 71 3 0
346980 0 6 71 0 0
348783 0 6 71 3 0
349051 1 4 71 1 0
349709 1 5 71 1 0
534297 1 3 71 1 1
534648 1 3 71 1 0
534789 1 4 71 0 0
534792 0 6 71 3 0
249108 1 4 72 1 0
250054 1 2 72 1 0
255979 1 4 72 2 0
256244 1 4 72 1 0
256728 0 6 72 1 0
257477 1 2 72 0 0
257587 1 3 72 1 0
257730 1 2 72 1 0
258315 1 2 72 3 0
348780 1 4 72 1 0
348819 1 3 72 2 0
349384 0 6 72 1 0
534276 0 6 72 1 0
534338 1 4 72 1 0
535119 0 6 72 0 0
550774 0 6 72 3 0
16529 0 6 73 3 1
256802 1 2 73 3 0
257733 0 6 73 3 0
257843 0 6 73 1 0
257999 0 6 73 1 0
345104 0 6 73 4 0
346972 1 3 73 0 0
348432 1 4 73 4 1
349243 1 2 73 1 0
249110 0 6 74 3 0
250855 0 6 74 1 0
250858 0 6 74 3 0
257208 0 6 74 1 0
257394 0 6 74 1 0
257404 1 4 74 0 0
257907 0 6 74 1 0
257998 1 3 74 0 0
258178 1 3 74 1 0
258668 1 3 74 3 0
346141 0 6 74 0 0
347261 0 6 74 2 0
348325 0 6 74 1 0
348504 0 6 74 3 0
348512 1 4 74 1 0
533442 1 4 74 1 0
534808 0 6 74 1 0
534883 0 6 74 1 0
51725 1 3 75 3 0
249748 0 6 75 1 0
255952 0 6 75 1 0
256461 1 3 75 1 0
256716 1 2 75 1 1
256864 1 4 75 4 1
257476 1 3 75 0 0
257588 1 4 75 3 0
258000 0 6 75 1 0
258039 1 4 75 1 0
348511 0 6 75 1 0
349870 1 3 75 1 0
533995 0 6 75 1 0
534680 1 5 75 1 0
534793 1 3 75 3 0
534904 0 6 75 1 0
16530 0 6 76 3 0
256463 1 4 76 3 0
257352 1 4 76 1 1
257439 1 3 76 1 0
257586 0 6 76 1 0
346974 1 4 76 3 1
346984 0 6 76 3 0
348515 0 6 76 3 0
348782 1 3 76 3 0
349242 1 3 76 0 0
533706 0 6 76 1 0
533902 0 6 76 1 0
534651 1 4 76 3 0
534717 1 4 76 1 0
250504 0 6 77 2 0
256247 0 6 77 3 0
256344 0 6 77 2 0
256462 1 2 77 1 0
256495 0 6 77 1 0
256800 0 6 77 1 0
257175 0 6 77 4 0
257210 1 3 77 3 0
257732 0 6 77 1 0
258314 0 6 77 2 0
348513 1 3 77 2 0
348514 1 3 77 3 0
348723 0 6 77 1 0
349905 0 6 77 1 0
424661 1 2 77 3 1
535319 0 6 77 1 1
249749 0 6 78 2 0
257247 0 6 78 1 0
257406 0 6 78 1 0
257850 1 3 78 1 0
282315 1 3 78 2 1
349005 0 6 78 1 0
349184 1 2 78 1 0
533440 1 4 78 0 0
534172 0 6 78 3 0
534679 1 3 78 1 0
534682 1 3 78 3 0
51722 1 2 79 0 0
250583 1 2 79 1 0
256501 1 3 79 4 0
256718 0 6 79 3 0
257407 1 3 79 3 0
257589 1 2 79 3 1
258110 0 6 79 1 0
258247 1 3 79 1 0
349241 0 6 79 0 0
349872 1 5 79 3 0
533559 0 6 79 2 0
533627 0 6 79 1 0
533705 0 6 79 1 0
534017 0 6 79 1 0
88700 1 4 80 3 0
149199 0 6 80 3 0
250581 1 2 80 1 1
256231 0 6 80 1 0
256246 1 3 80 3 0
256769 1 3 80 4 1
256901 0 6 80 1 1
257514 0 6 80 1 0
257692 0 6 80 3 0
258235 0 6 80 1 0
262610 1 4 80 2 0
349084 1 3 80 3 0
349516 0 6 80 2 0
533554 0 6 80 1 0
534718 0 6 80 1 0
535137 0 6 80 1 0
250582 0 6 81 1 0
256633 1 3 81 3 0
256757 0 6 81 1 0
257440 0 6 81 1 0
282311 0 6 81 1 0
398346 1 4 81 4 0
425437 0 6 81 3 1
533623 1 3 81 4 0
534015 0 6 81 0 0
534683 1 4 81 3 0
535045 0 6 81 1 0
249717 0 6 82 4 1
256057 0 6 82 1 0
256768 0 6 82 4 0
257442 1 3 82 3 0
257983 1 4 82 4 1
533556 0 6 82 1 0
533626 1 2 82 1 0
534016 0 6 82 0 0
534210 0 6 82 1 0
534599 1 4 82 1 0
534678 0 6 82 1 0
535333 0 6 82 1 1
536217 1 3 82 2 1
537423 0 6 82 3 0
49322 0 6 83 3 0
51729 0 6 83 2 0
257408 1 3 83 3 0
282377 1 2 83 1 0
380720 1 3 83 3 0
533954 1 3 83 3 0
154791 1 3 84 3 0
256090 0 6 84 1 0
256441 1 5 84 1 0
256814 0 6 84 1 0
257918 0 6 84 1 0
258127 0 6 84 4 1
282630 0 6 84 1 0
329872 0 6 84 3 0
349404 0 6 84 1 0
349519 0 6 84 1 0
424946 0 6 84 4 0
436451 0 6 84 3 0
533406 0 6 84 1 0
533555 0 6 84 1 0
533996 1 4 84 1 0
534009 0 6 84 1 0
534373 1 3 84 1 0
548326 0 6 84 3 0
51728 1 3 85 2 0
249715 0 6 85 3 0
256539 0 6 85 1 0
256763 0 6 85 3 0
257516 0 6 85 3 0
282313 1 4 85 3 0
282493 1 4 85 1 0
282860 1 4 85 1 1
335442 0 6 85 3 0
487774 1 3 85 2 0
534375 0 6 85 3 0
535184 1 3 85 1 0
51724 0 6 86 3 0
256497 0 6 86 1 0
256758 0 6 86 1 0
282379 0 6 86 3 0
349405 0 6 86 2 0
533407 1 3 86 2 0
534010 0 6 86 2 0
535364 1 3 86 1 0
536937 0 6 86 3 0
256443 1 5 87 1 0
256572 0 6 87 1 0
257688 0 6 87 1 0
282861 0 6 87 1 0
329868 0 6 87 1 0
335438 1 4 87 0 0
533624 1 2 87 1 0
534377 0 6 87 4 1
534380 0 6 87 1 0
256573 0 6 88 3 0
256678 0 6 88 1 0
257393 1 3 88 1 0
257672 0 6 88 1 0
282188 0 6 88 1 0
329871 0 6 88 3 0
331050 1 4 88 1 0
331662 0 6 88 1 0
442893 1 2 88 2 0
510295 0 6 88 4 0
533795 1 5 88 1 0
534111 0 6 88 1 0
534600 0 6 88 1 0
10177 0 6 89 3 0
256069 0 6 89 2 0
256292 1 3 89 1 0
256440 0 6 89 1 0
282833 1 3 89 1 0
282859 1 3 89 1 0
323196 1 2 89 3 0
335445 0 6 89 1 0
533408 1 4 89 3 0
534423 0 6 89 1 0
535365 0 6 89 1 0
535376 1 4 89 3 1
117261 0 6 90 3 0
157637 0 6 90 3 0
208857 1 2 90 3 1
256118 0 6 90 3 0
256759 1 3 90 3 0
258150 1 2 90 1 0
282863 0 6 90 3 0
282911 0 6 90 3 0
335437 1 3 90 0 0
335447 1 3 90 2 0
349403 1 2 90 0 0
349407 0 6 90 3 0
349521 0 6 90 1 0
477503 1 3 90 3 0
534117 0 6 90 3 0
534584 0 6 90 3 0
553102 0 6 90 3 1
256663 1 3 91 4 1
257115 0 6 91 1 0
257392 0 6 91 1 0
271006 1 3 91 3 0
281497 0 6 91 1 0
282834 0 6 91 2 0
282862 1 4 91 3 0
282910 1 3 91 2 0
329870 1 3 91 3 1
331051 0 6 91 1 0
331053 1 2 91 3 0
331665 1 4 91 3 0
335674 0 6 91 1 0
533920 0 6 91 1 0
534115 0 6 91 1 0
256571 1 4 92 1 0
256584 1 4 92 1 0
257679 1 2 92 1 0
257762 1 4 92 1 0
257862 0 6 92 3 0
281782 0 6 92 1 0
282401 0 6 92 4 0
336168 0 6 92 1 0
358467 1 3 92 2 1
360498 0 6 92 3 0
533788 1 2 92 1 0
534114 0 6 92 1 0
256291 1 4 93 0 0
256295 0 6 93 3 0
257188 0 6 93 3 0
257379 0 6 93 1 0
257753 0 6 93 1 0
281694 1 4 93 1 0
281778 1 2 93 3 0
282858 0 6 93 1 0
313482 1 3 93 4 0
330697 0 6 93 1 0
331660 1 3 93 3 0
331664 1 3 93 2 0
335446 1 3 93 1 0
336319 1 3 93 1 0
336736 0 6 93 1 0
348817 1 4 93 1 0
533921 0 6 93 3 0
534113 0 6 93 1 0
256070 0 6 94 3 0
256535 1 4 94 1 0
257870 1 3 94 1 0
271005 0 6 94 3 0
281628 1 3 94 1 0
313483 1 3 94 4 0
331667 0 6 94 4 1
336320 0 6 94 1 0
525353 0 6 94 3 0
534410 0 6 94 1 0
195403 0 6 95 3 0
250502 0 6 95 3 0
256209 0 6 95 1 0
256294 1 3 95 3 0
307026 0 6 95 3 0
330636 0 6 95 1 0
336091 0 6 95 1 0
336586 0 6 95 1 0
349398 1 3 95 1 0
349520 1 3 95 1 0
435696 1 4 95 3 0
479038 0 6 95 3 0
533922 1 4 95 3 0
534424 0 6 95 3 0
195408 1 4 96 3 0
256479 0 6 96 0 0
256585 1 2 96 1 0
256954 0 6 96 1 0
257761 1 3 96 0 0
257887 1 3 96 4 1
281692 0 6 96 1 0
330695 0 6 96 2 1
336096 1 3 96 2 1
348816 0 6 96 0 0
533919 1 3 96 1 0
534112 0 6 96 1 0
256071 0 6 97 3 0
256211 0 6 97 2 0
256700 1 4 97 1 0
257390 1 3 97 4 1
257680 1 3 97 1 0
329974 0 6 97 1 0
330702 1 3 97 3 0
335448 0 6 97 3 1
336318 0 6 97 0 0
336327 1 3 97 3 0
336720 0 6 97 3 0
348862 0 6 97 1 0
412573 0 6 97 3 0
533879 1 3 97 1 0
534243 0 6 97 4 0
534874 0 6 97 1 0
238903 0 6 98 3 0
256067 1 2 98 2 0
256922 1 2 98 3 0
330599 0 6 98 1 0
336097 1 2 98 2 0
336321 1 4 98 1 0
336728 0 6 98 3 0
348878 1 3 98 1 0
349399 1 3 98 1 0
256186 1 2 99 1 0
282074 1 4 99 1 0
330052 1 3 99 1 1
335582 0 6 99 1 0
336095 0 6 99 1 0
349370 0 6 99 1 0
423324 1 2 99 3 0
533562 0 6 99 1 0
534873 1 3 99 0 0
535258 1 3 99 3 0
535303 1 3 99 1 0
33174 0 6 100 3 0
162143 1 4 100 3 0
256076 1 4 100 2 0
256170 0 6 100 1 0
330053 1 5 100 2 0
330601 1 3 100 1 0
331628 0 6 100 1 0
335229 1 5 100 1 0
336322 1 4 100 2 0
336324 0 6 100 1 0
348872 1 4 100 3 0
349050 0 6 100 1 0
363818 0 6 100 3 0
256956 1 4 101 3 1
264273 0 6 101 3 0
281649 1 3 101 1 0
330603 1 3 101 3 1
348865 0 6 101 4 0
348965 0 6 101 1 0
349894 1 2 101 1 1
363816 0 6 101 2 0
533638 0 6 101 4 0
534774 1 2 101 1 0
534896 1 4 101 0 0
68727 0 6 102 3 1
256027 1 3 102 1 0
257484 0 6 102 1 0
281389 1 5 102 1 0
281651 1 3 102 3 0
281659 1 4 102 1 0
282958 1 2 102 1 0
330800 0 6 102 1 0
335501 0 6 102 1 0
336167 1 4 102 1 0
336595 1 4 102 0 0
336613 1 2 102 4 0
336721 1 3 102 3 0
348031 1 4 102 1 0
348818 0 6 102 3 1
348881 1 3 102 3 0
349202 0 6 102 1 0
411744 0 6 102 4 0
423323 0 6 102 2 0
533964 1 3 102 1 0
534848 1 4 102 1 0
534871 0 6 102 3 1
535356 1 2 102 1 0
258007 0 6 103 3 0
263751 1 3 103 3 0
336050 0 6 103 1 0
343312 0 6 103 3 0
422737 1 4 103 3 0
423321 1 5 103 1 0
533647 0 6 103 1 0
533791 1 2 103 1 0
534503 1 4 103 1 0
534851 0 6 103 3 0
119213 0 6 104 3 1
198286 0 6 104 3 0
257487 0 6 104 3 0
281652 0 6 104 3 0
281657 0 6 104 0 0
282022 1 2 104 1 1
330050 1 2 104 0 0
330051 0 6 104 1 0
330598 0 6 104 1 1
330600 0 6 104 1 0
331012 0 6 104 1 0
335230 1 3 104 1 0
335387 0 6 104 1 0
336018 0 6 104 1 0
336183 0 6 104 3 0
336473 0 6 104 1 0
534649 0 6 104 1 0
534799 1 4 104 1 0
534849 1 2 104 1 0
282344 1 4 105 1 0
282403 0 6 105 3 0
282629 0 6 105 1 0
330943 1 4 105 1 0
331626 0 6 105 1 0
335267 1 4 105 1 0
335268 0 6 105 1 1
336064 1 4 105 1 0
336169 0 6 105 1 0
336174 1 2 105 1 0
336281 1 4 105 1 0
336567 0 6 105 1 0
348404 0 6 105 1 0
481062 1 4 105 3 0
521658 0 6 105 3 0
533848 0 6 105 1 0
534202 1 3 105 1 0
534715 0 6 105 3 0
534847 1 3 105 1 0
534862 0 6 105 1 0
534898 1 4 105 1 0
256028 0 6 106 3 0
281648 1 4 106 1 0
330374 0 6 106 1 0
331627 1 4 106 1 0
335389 0 6 106 3 0
335579 0 6 106 4 0
335689 0 6 106 4 1
335771 1 3 106 1 0
336066 0 6 106 3 0
348879 1 2 106 1 0
349201 0 6 106 1 0
369010 0 6 106 3 0
423320 0 6 106 1 0
481063 1 2 106 3 0
522260 0 6 106 3 0
533605 1 3 106 1 0
533793 1 4 106 3 1
533965 1 4 106 2 0
534775 1 4 106 1 0
534798 0 6 106 1 0
535010 1 3 106 4 0
535308 0 6 106 1 0
145875 1 4 107 4 1
196887 0 6 107 4 0
281388 0 6 107 0 0
281391 1 3 107 3 0
329965 1 4 107 1 1
330602 0 6 107 3 0
330660 0 6 107 1 0
330969 1 3 107 1 0
331629 1 4 107 3 0
335228 0 6 107 1 0
335270 0 6 107 3 0
335318 1 2 107 1 0
335386 0 6 107 1 0
336170 0 6 107 1 0
348583 0 6 107 1 0
348956 1 3 107 1 0
363817 1 4 107 3 1
405876 0 6 107 3 0
443481 0 6 107 3 1
492812 0 6 107 3 0
533700 0 6 107 1 0
534564 1 3 107 1 1
281650 1 4 108 1 0
282394 0 6 108 1 0
319022 0 6 108 2 0
330446 1 2 108 1 0
330878 0 6 108 1 0
335231 1 3 108 1 1
335532 1 3 108 1 0
336100 1 4 108 1 0
348405 1 5 108 1 0
348810 0 6 108 1 0
348880 0 6 108 2 1
348958 0 6 108 1 0
455910 1 4 108 3 0
533496 1 3 108 1 0
533719 1 2 108 1 0
533729 0 6 108 1 0
535306 1 4 108 0 0
283013 1 3 109 1 0
330373 0 6 109 4 0
330437 1 3 109 1 0
330532 0 6 109 1 0
335772 0 6 109 1 0
336065 0 6 109 1 0
336162 1 2 109 1 0
401382 1 4 109 2 0
405880 0 6 109 0 1
534730 0 6 109 1 0
535307 0 6 109 1 0
282059 0 6 110 1 0
330012 0 6 110 1 0
330044 1 3 110 1 0
330121 0 6 110 1 0
330444 1 3 110 4 0
330662 0 6 110 1 0
331192 0 6 110 1 0
331536 0 6 110 1 0
335316 0 6 110 0 0
335536 0 6 110 1 0
335541 1 1 110 3 0
335589 1 4 110 1 0
335690 0 6 110 4 1
335773 1 3 110 1 0
335784 1 3 110 3 0
335955 0 6 110 1 0
336679 0 6 110 1 0
348456 0 6 110 1 0
349448 0 6 110 1 0
472053 0 6 110 3 0
481058 0 6 110 1 0
533497 1 3 110 1 1
533849 1 4 110 1 1
534068 0 6 110 3 0
282201 1 4 111 1 1
330531 0 6 111 1 0
330767 1 4 111 1 0
330956 0 6 111 0 0
330958 0 6 111 1 0
331084 1 3 111 1 0
331265 1 5 111 1 0
335432 0 6 111 1 0
335449 0 6 111 1 0
335774 0 6 111 3 0
336099 1 3 111 0 0
336163 0 6 111 2 1
336362 1 3 111 1 0
348406 1 3 111 1 0
349200 0 6 111 1 0
350035 1 2 111 1 0
521654 0 6 111 1 0
533731 1 3 111 1 0
533743 0 6 111 1 0
533792 0 6 111 2 0
533850 1 4 111 1 0
535309 1 3 111 3 0
282200 1 3 112 1 0
282395 1 5 112 1 0
282825 0 6 112 0 0
318395 1 4 112 3 0
330016 0 6 112 1 0
330112 0 6 112 2 1
330384 0 6 112 3 0
330447 0 6 112 3 0
331604 0 6 112 3 0
335533 0 6 112 3 1
335957 1 4 112 3 0
336071 0 6 112 3 0
522284 0 6 112 1 0
534008 0 6 112 1 0
535310 1 2 112 3 0
558801 1 3 112 3 1
330042 1 3 113 0 0
330047 1 2 113 3 1
330429 1 3 113 1 0
330544 0 6 113 1 0
330655 1 4 113 1 0
330659 0 6 113 1 0
330661 0 6 113 1 0
335363 0 6 113 1 0
335436 0 6 113 3 0
335623 0 6 113 1 0
335825 0 6 113 1 0
336116 1 4 113 1 0
336429 0 6 113 2 1
348582 0 6 113 1 0
348735 1 4 113 1 0
383396 0 6 113 3 0
521493 1 3 113 1 0
533422 1 4 113 1 0
533720 0 6 113 2 0
533956 1 2 113 3 0
534533 0 6 113 1 0
7624 0 6 114 2 0
282203 0 6 114 3 0
282502 0 6 114 1 1
330045 0 6 114 1 0
330401 0 6 114 1 0
330529 1 2 114 1 0
330534 1 4 114 1 0
330537 0 6 114 3 0
330539 1 4 114 1 0
330542 1 3 114 1 0
330658 0 6 114 0 0
330690 1 3 114 1 0
330705 0 6 114 1 0
331129 0 6 114 1 0
335378 0 6 114 2 0
335427 0 6 114 3 0
335520 0 6 114 1 0
335738 1 4 114 1 0
336533 1 3 114 3 0
339218 0 6 114 2 0
349249 1 2 114 3 1
422455 1 4 114 3 0
533744 0 6 114 3 0
533851 0 6 114 2 0
78188 0 6 115 2 0
135258 0 6 115 3 0
281507 0 6 115 1 0
281613 0 6 115 3 0
283015 0 6 115 3 0
330184 1 4 115 1 0
330540 1 4 115 2 0
330545 0 6 115 3 0
330546 1 4 115 3 0
330664 1 3 115 3 1
331200 1 4 115 1 0
331503 0 6 115 1 0
335298 1 4 115 1 0
335537 0 6 115 3 1
335590 1 4 115 1 0
335591 0 6 115 2 0
335775 1 4 115 3 0
335938 0 6 115 1 0
336017 1 3 115 1 0
336283 0 6 115 1 0
336529 0 6 115 1 0
346278 0 6 115 3 1
349250 1 2 115 3 1
435277 0 6 115 2 0
522327 1 3 115 1 0
522717 1 3 115 1 0
533852 1 2 115 3 1
533853 0 6 115 3 0
280493 0 6 116 3 1
299100 0 6 116 2 0
330017 1 3 116 1 0
330024 0 6 116 1 0
330046 1 3 116 3 0
330123 1 3 116 3 0
330183 0 6 116 1 0
330271 0 6 116 1 0
330543 0 6 116 1 0
330548 0 6 116 3 0
330766 0 6 116 1 0
330829 1 3 116 1 0
331130 1 3 116 3 0
331198 0 6 116 1 0
331268 1 3 116 1 0
331377 1 3 116 1 1
335435 1 4 116 3 0
335827 0 6 116 3 0
335915 0 6 116 1 0
336502 1 4 116 1 0
336530 0 6 116 2 0
349015 0 6 116 1 0
521464 1 3 116 1 0
521486 1 3 116 4 0
522687 1 5 116 1 0
534560 0 6 116 3 1
534684 0 6 116 1 0
8311 1 4 117 3 0
159204 1 2 117 3 0
220135 1 3 117 3 0
266552 0 6 117 3 0
330025 0 6 117 1 0
330180 0 6 117 3 0
330536 1 4 117 3 1
330547 0 6 117 3 0
330549 0 6 117 1 0
330832 1 4 117 1 0
330952 1 4 117 0 1
330960 0 6 117 3 0
335430 0 6 117 1 0
335739 1 4 117 3 0
335876 1 2 117 1 0
336236 0 6 117 3 0
336495 0 6 117 0 0
336532 0 6 117 3 0
336537 0 6 117 3 1
336761 0 6 117 1 0
348132 0 6 117 1 0
382587 1 4 117 3 1
456382 0 6 117 3 0
521655 1 3 117 1 0
522189 1 2 117 1 0
522914 1 3 117 1 0
533721 0 6 117 3 0
534444 0 6 117 4 0
534969 0 6 117 1 0
535094 1 4 117 1 0
556912 0 6 117 3 0
557413 0 6 117 3 0
281508 0 6 118 1 0
299101 0 6 118 2 0
314173 0 6 118 3 0
330019 1 3 118 3 0
330264 0 6 118 1 0
330674 0 6 118 1 0
330953 1 4 118 1 0
331128 1 4 118 0 0
331185 1 2 118 3 0
331266 0 6 118 1 0
331379 0 6 118 3 1
335260 0 6 118 4 1
335331 0 6 118 1 0
335347 1 3 118 1 1
335605 0 6 118 1 0
336285 0 6 118 3 0
336298 1 2 118 1 0
336715 1 3 118 1 0
336762 1 4 118 1 0
348581 0 6 118 1 0
422662 1 4 118 3 0
477314 0 6 118 3 0
521625 1 3 118 1 0
521690 0 6 118 1 0
522192 0 6 118 2 0
533742 0 6 118 1 0
534535 1 4 118 3 0
535110 1 4 118 1 0
535279 0 6 118 1 0
536433 1 5 118 3 0
552409 0 6 118 3 0
137090 0 6 119 3 0
204215 0 6 119 3 1
239129 1 3 119 3 0
281748 1 5 119 3 1
283014 1 3 119 3 0
289279 0 6 119 3 0
330724 1 2 119 1 0
335379 1 2 119 3 0
335593 1 4 119 3 0
336538 0 6 119 3 0
338266 0 6 119 3 0
348130 0 6 119 0 0
349494 0 6 119 3 0
375681 0 6 119 3 0
474523 1 4 119 3 1
522193 0 6 119 3 0
556913 0 6 119 3 1
281370 0 6 120 2 0
282451 1 2 120 1 0
282847 0 6 120 1 0
299098 1 3 120 3 0
315276 0 6 120 3 1
330149 0 6 120 1 1
330465 1 4 120 0 0
330682 0 6 120 1 0
330725 0 6 120 3 0
331093 1 4 120 2 0
331116 1 3 120 1 0
331140 0 6 120 1 0
331270 1 4 120 3 0
331271 0 6 120 3 0
331511 0 6 120 3 0
331593 1 3 120 1 0
334005 1 2 120 2 0
335188 1 4 120 3 0
335297 1 2 120 1 1
335875 0 6 120 1 0
335877 1 3 120 1 0
335880 0 6 120 3 0
336019 1 3 120 3 0
336068 0 6 120 1 0
336528 0 6 120 1 0
336549 1 4 120 1 0
336678 1 3 120 1 0
345925 0 6 120 3 0
348033 1 4 120 3 0
348081 1 3 120 1 0
348957 0 6 120 1 0
513508 0 6 120 2 0
521492 0 6 120 1 0
521960 0 6 120 1 0
522191 1 4 120 1 0
109819 0 6 121 3 0
159196 0 6 121 1 0
210646 1 2 121 3 0
266550 1 5 121 1 1
267464 1 2 121 2 0
281667 1 3 121 2 0
282993 1 4 121 1 0
322412 0 6 121 3 0
330497 0 6 121 1 0
330675 1 4 121 1 0
330835 1 4 121 3 0
331201 1 3 121 3 0
331592 0 6 121 1 0
335380 1 3 121 3 0
335480 0 6 121 2 0
335534 0 6 121 3 0
348131 0 6 121 1 0
349006 0 6 121 1 0
349626 0 6 121 1 1
350090 1 3 121 0 0
412581 1 2 121 3 0
521944 1 3 121 1 0
522521 1 3 121 1 0
522906 0 6 121 1 0
533713 0 6 121 1 1
534534 0 6 121 1 0
535092 0 6 121 0 0
535109 1 4 121 1 0
36241 0 6 122 3 0
82018 0 6 122 2 0
205436 0 6 122 2 0
222083 1 3 122 3 0
282982 1 3 122 1 0
330178 0 6 122 1 0
330683 1 3 122 1 0
330686 1 3 122 3 0
331139 0 6 122 0 1
331141 1 4 122 1 0
335853 1 3 122 4 1
336422 1 4 122 1 0
336486 1 4 122 1 0
336764 0 6 122 3 0
376201 1 2 122 3 0
413367 0 6 122 2 0
521656 1 2 122 1 0
521942 0 6 122 0 0
534585 1 3 122 1 0
535071 1 4 122 3 0
81241 1 4 123 0 0
137089 0 6 123 1 0
239137 1 3 123 1 0
247891 0 6 123 3 0
282073 0 6 123 1 0
282132 0 6 123 4 1
282846 0 6 123 1 0
330270 1 4 123 1 0
330698 1 3 123 1 0
331219 0 6 123 1 0
331489 1 4 123 1 0
335301 1 4 123 3 0
335392 0 6 123 3 0
335407 0 6 123 1 0
335444 0 6 123 1 0
335450 1 3 123 1 0
335990 1 3 123 1 0
348310 0 6 123 2 0
487974 0 6 123 3 0
533724 1 3 123 1 0
535086 1 4 123 1 0
81026 0 6 124 3 0
136500 0 6 124 1 0
282503 1 2 124 2 0
282511 0 6 124 1 0
282748 0 6 124 1 0
299481 1 3 124 3 0
329943 1 4 124 1 0
330090 1 3 124 1 0
330148 1 5 124 1 0
330681 0 6 124 1 0
330834 0 6 124 3 0
331006 0 6 124 1 0
331143 0 6 124 3 0
331321 0 6 124 2 0
331341 1 4 124 1 0
331595 0 6 124 3 0
335408 0 6 124 3 0
336714 1 4 124 1 0
348083 0 6 124 3 1
348215 0 6 124 1 0
348634 0 6 124 1 1
349197 0 6 124 3 0
413366 0 6 124 1 0
522522 1 3 124 1 0
522524 1 4 124 3 0
522999 1 3 124 1 0
533715 0 6 124 1 0
534532 1 5 124 0 0
535107 1 3 124 2 0
105233 0 6 125 3 0
109818 1 2 125 3 0
202183 0 6 125 3 0
266549 1 3 125 0 0
282449 1 3 125 0 0
282849 0 6 125 3 1
297922 1 3 125 3 0
329918 1 4 125 1 1
330151 1 3 125 3 0
330498 1 4 125 1 0
330852 1 3 125 1 0
336086 1 2 125 1 0
336423 0 6 125 2 0
348032 0 6 125 3 0
376556 1 2 125 4 0
522439 1 4 125 1 0
522516 0 6 125 4 1
522907 0 6 125 1 0
534877 0 6 125 4 0
535112 0 6 125 3 0
17331 0 6 126 2 1
31432 1 4 126 3 0
64708 1 4 126 3 0
81244 1 3 126 3 0
81472 0 6 126 3 0
81490 1 4 126 0 0
108157 0 6 126 2 0
118998 0 6 126 3 0
172554 1 4 126 3 1
239135 1 4 126 1 0
281456 0 6 126 1 0
281513 1 3 126 3 0
281925 1 5 126 1 0
329925 1 3 126 4 0
329941 0 6 126 3 0
330150 0 6 126 2 0
330166 0 6 126 1 0
330190 1 3 126 1 0
330678 0 6 126 0 0
330684 0 6 126 1 0
330701 0 6 126 3 0
331320 1 3 126 2 0
331342 1 3 126 2 0
331422 1 3 126 1 1
331491 1 4 126 3 0
331548 0 6 126 3 0
335236 1 4 126 4 1
335478 1 4 126 0 0
335551 1 3 126 1 0
336267 1 4 126 1 0
336759 0 6 126 2 0
349196 1 5 126 2 0
522046 0 6 126 1 0
522143 1 4 126 1 0
522994 1 4 126 1 0
523153 0 6 126 1 0
25828 0 6 127 3 0
136501 0 6 127 1 0
137088 0 6 127 1 0
239139 0 6 127 3 0
282055 1 3 127 1 0
318881 0 6 127 3 0
330093 0 6 127 3 0
330147 1 4 127 1 0
330272 0 6 127 1 0
330416 1 4 127 1 0
330685 0 6 127 1 0
331518 0 6 127 1 0
331653 0 6 127 4 0
335644 0 6 127 1 0
336629 0 6 127 1 0
350091 1 3 127 3 1
355964 0 6 127 2 0
363148 1 3 127 3 0
390270 0 6 127 3 1
392561 1 2 127 3 1
522823 0 6 127 4 1
523152 1 2 127 0 0
534694 1 5 127 2 0
81495 1 4 128 3 0
103422 1 2 128 3 0
137722 0 6 128 1 0
239136 0 6 128 1 0
254394 1 2 128 3 1
272682 1 4 128 3 0
281482 0 6 128 1 0
282452 0 6 128 2 0
282853 1 3 128 1 0
330089 0 6 128 1 0
330414 1 3 128 1 0
330494 0 6 128 1 0
330936 0 6 128 4 0
331421 0 6 128 1 0
336424 0 6 128 3 0
377414 1 4 128 3 1
414323 0 6 128 3 0
521262 0 6 128 1 0
522440 1 4 128 1 0
522997 1 5 128 3 0
533718 0 6 128 3 0
130920 1 2 129 3 0
136555 0 6 129 1 0
147846 1 2 129 2 0
238932 1 4 129 1 0
240084 0 6 129 1 0
265487 0 6 129 0 0
266551 0 6 129 1 0
272190 1 4 129 4 1
281924 0 6 129 0 1
282057 1 4 129 3 0
282504 0 6 129 3 1
290117 0 6 129 3 0
330496 1 3 129 3 0
330687 1 2 129 3 0
331488 1 4 129 1 0
335553 0 6 129 3 0
336427 1 4 129 1 0
433568 1 3 129 3 1
487172 1 4 129 2 0
521249 0 6 129 1 0
521268 0 6 129 1 0
521446 0 6 129 1 0
522049 0 6 129 3 0
522831 0 6 129 1 0
523141 1 4 129 1 0
108158 1 3 130 2 0
147601 1 2 130 3 0
239279 0 6 130 1 0
281483 1 4 130 1 0
281512 1 3 130 3 0
282515 0 6 130 4 1
282865 0 6 130 2 0
330692 0 6 130 3 0
330791 0 6 130 2 0
331164 0 6 130 1 0
331547 0 6 130 2 0
335552 1 4 130 3 0
336760 1 3 130 3 0
350086 1 4 130 1 0
521265 1 3 130 3 0
521272 0 6 130 1 0
522841 0 6 130 3 0
523154 0 6 130 3 0
537063 1 3 130 2 0
81491 1 2 131 1 0
130919 0 6 131 1 0
136676 0 6 131 1 1
137545 0 6 131 1 1
238901 1 3 131 1 0
239314 0 6 131 1 0
240285 0 6 131 1 0
281484 0 6 131 3 0
281485 0 6 131 3 0
281488 1 2 131 3 0
281725 0 6 131 1 0
281839 1 3 131 1 0
282047 1 4 131 1 0
282051 0 6 131 1 0
282054 0 6 131 0 0
330088 1 2 131 4 1
330152 0 6 131 3 0
330418 0 6 131 3 0
330676 0 6 131 3 0
331246 0 6 131 1 0
336085 0 6 131 1 1
349170 0 6 131 3 0
355965 1 4 131 2 0
390097 1 4 131 2 0
392559 0 6 131 1 0
414322 0 6 131 3 0
521258 1 4 131 1 0
521269 1 4 131 1 0
521353 0 6 131 1 0
522044 1 2 131 3 0
522393 1 2 131 1 0
522832 0 6 131 3 0
41412 0 6 132 2 0
136498 1 5 132 3 0
147223 0 6 132 3 1
171572 0 6 132 3 0
239282 0 6 132 1 0
240318 1 4 132 1 0
254393 0 6 132 3 0
265239 0 6 132 1 1
281493 1 4 132 3 1
281518 0 6 132 1 0
281851 0 6 132 1 0
282056 0 6 132 3 0
282726 1 4 132 1 1
282919 1 4 132 1 0
330493 1 3 132 3 0
330646 0 6 132 1 0
330680 1 4 132 3 0
331423 0 6 132 3 0
336254 0 6 132 1 0
337384 0 6 132 3 0
522275 0 6 132 1 0
522634 0 6 132 1 0
522833 1 3 132 3 0
522834 0 6 132 4 0
523138 0 6 132 4 1
525428 0 6 132 2 0
544554 0 6 132 3 0
90068 0 6 133 3 0
136382 0 6 133 1 0
136621 1 3 133 1 0
136684 1 2 133 1 0
137270 1 5 133 4 0
214624 0 6 133 3 0
239574 1 4 133 1 0
280276 0 6 133 3 0
281603 1 3 133 1 1
282671 0 6 133 1 0
282714 0 6 133 1 0
330415 1 5 133 1 0
330500 0 6 133 3 0
330569 1 5 133 1 0
331199 0 6 133 1 0
336398 0 6 133 1 0
349255 0 6 133 1 0
521257 0 6 133 0 0
521270 0 6 133 1 0
522629 0 6 133 0 0
531953 1 3 133 3 1
534381 0 6 133 2 0
537193 0 6 133 3 0
239288 0 6 134 1 1
239361 1 4 134 1 0
239559 1 3 134 1 0
240078 1 4 134 1 0
266051 1 2 134 1 1
281442 0 6 134 1 0
281728 0 6 134 1 0
281734 0 6 134 3 1
281852 0 6 134 1 0
282587 1 2 134 3 0
282725 1 3 134 1 0
330207 0 6 134 1 0
330648 1 2 134 3 0
331251 0 6 134 4 1
335244 0 6 134 3 0
335818 1 3 134 1 0
336418 1 2 134 1 0
390090 1 4 134 2 0
393037 0 6 134 1 0
521225 0 6 134 0 0
521260 0 6 134 3 0
521271 0 6 134 1 0
521724 1 3 134 3 0
522320 0 6 134 1 0
522630 1 3 134 2 0
522804 0 6 134 3 0
537196 0 6 134 3 0
558328 1 3 134 3 0
136448 0 6 135 1 0
136513 1 4 135 1 0
137077 0 6 135 4 0
137155 1 3 135 1 0
137868 0 6 135 1 0
147224 0 6 135 3 0
150811 1 4 135 3 1
171574 0 6 135 1 0
238900 1 3 135 1 0
238935 1 4 135 1 0
239437 0 6 135 1 0
239561 1 2 135 3 0
247334 0 6 135 3 0
281487 1 5 135 1 0
281720 0 6 135 1 0
282730 0 6 135 1 0
282920 1 4 135 1 1
282922 0 6 135 3 0
331187 0 6 135 0 0
335996 0 6 135 1 0
336137 1 2 135 1 0
391861 1 4 135 1 0
392415 1 3 135 1 0
521355 0 6 135 3 0
521693 0 6 135 1 0
522256 0 6 135 0 0
522628 1 4 135 0 0
522631 0 6 135 2 1
522824 0 6 135 3 0
543118 1 4 135 3 1
108156 0 6 136 0 0
136363 0 6 136 1 0
136710 0 6 136 1 0
137602 1 4 136 1 0
137797 1 4 136 3 1
239280 1 4 136 3 0
239283 1 4 136 3 0
239477 1 3 136 1 0
282050 1 2 136 3 1
282138 1 2 136 2 0
282921 0 6 136 3 0
330751 0 6 136 3 0
335666 0 6 136 1 0
335819 1 3 136 1 0
335920 1 3 136 2 0
336416 0 6 136 1 0
336419 1 3 136 3 1
392744 0 6 136 3 0
521515 1 4 136 1 0
522241 0 6 136 0 0
522321 0 6 136 3 0
522378 0 6 136 0 0
522860 0 6 136 4 1
523085 0 6 136 3 0
41410 0 6 137 4 1
136514 1 4 137 1 0
136620 0 6 137 1 0
136737 0 6 137 1 0
239287 0 6 137 1 0
239289 1 3 137 1 0
239362 0 6 137 1 0
239560 0 6 137 3 0
242931 1 2 137 2 0
265241 0 6 137 2 0
282485 1 4 137 1 0
282674 1 2 137 3 1
282728 1 3 137 3 0
330291 1 4 137 1 0
335820 1 4 137 3 0
336400 1 3 137 3 0
349460 1 2 137 1 0
391580 1 2 137 1 0
391853 0 6 137 1 0
391862 1 2 137 3 1
392932 1 3 137 1 0
136512 1 4 138 0 0
136515 1 3 138 1 0
136516 1 4 138 3 0
136520 0 6 138 1 0
136911 0 6 138 1 0
137047 1 3 138 1 0
137721 1 4 138 1 0
137838 0 6 138 1 0
137926 1 4 138 3 0
219984 1 2 138 3 0
238870 0 6 138 1 0
238885 0 6 138 1 0
242265 0 6 138 3 0
247415 1 3 138 3 0
282487 1 4 138 3 0
330813 1 3 138 1 0
330949 0 6 138 0 0
335521 0 6 138 1 0
336138 1 3 138 3 1
336143 1 4 138 1 0
384124 1 2 138 3 0
390091 0 6 138 3 0
495579 1 3 138 2 0
522379 1 3 138 1 0
522802 1 2 138 0 0
543115 1 4 138 3 0
108245 0 6 139 3 0
136673 0 6 139 4 0
136908 0 6 139 1 0
136943 0 6 139 2 1
137796 0 6 139 3 0
138066 0 6 139 1 0
206899 1 2 139 3 1
238867 1 3 139 3 0
238902 1 4 139 3 1
239395 0 6 139 4 0
239479 0 6 139 1 0
239941 0 6 139 3 0
259891 1 3 139 2 0
265445 0 6 139 2 1
269301 1 3 139 3 0
282331 0 6 139 3 0
330752 0 6 139 3 0
336399 1 2 139 3 0
336417 0 6 139 1 0
391434 1 4 139 1 0
392946 0 6 139 1 0
392959 0 6 139 1 0
397621 0 6 139 3 0
431021 0 6 139 2 0
521263 0 6 139 1 0
521469 1 3 139 1 0
522247 1 2 139 0 0
137154 0 6 140 0 0
137604 1 4 140 1 0
137760 1 3 140 1 0
203095 0 6 140 2 0
238869 0 6 140 1 0
239041 1 4 140 2 1
239290 0 6 140 1 0
240783 0 6 140 1 0
248603 0 6 140 4 1
282052 0 6 140 1 0
282186 0 6 140 3 0
282329 0 6 140 1 0
329975 1 3 140 1 0
330039 1 3 140 1 0
330066 1 3 140 1 0
330459 1 3 140 1 0
331057 1 5 140 1 0
331456 1 3 140 1 0
331457 0 6 140 1 0
335522 0 6 140 3 1
336135 1 4 140 1 0
336788 0 6 140 1 0
348218 0 6 140 1 0
348967 0 6 140 3 0
390087 1 5 140 0 0
391431 0 6 140 1 1
391436 0 6 140 1 1
392740 0 6 140 1 0
392931 1 3 140 1 0
393136 0 6 140 1 0
521274 0 6 140 3 0
521279 0 6 140 1 0
521290 0 6 140 3 0
521354 0 6 140 3 0
521445 1 3 140 1 0
522073 0 6 140 1 0
522243 1 3 140 1 0
522333 1 2 140 1 1
522517 1 3 140 0 0
522930 0 6 140 1 0
522998 0 6 140 1 0
136540 0 6 141 1 0
136672 1 3 141 3 0
136700 1 3 141 0 0
138008 1 2 141 2 1
138040 0 6 141 1 1
150983 0 6 141 2 1
219982 0 6 141 2 0
220243 0 6 141 2 0
239182 1 4 141 2 0
239278 1 3 141 1 0
282046 1 4 141 0 0
282330 1 2 141 3 0
330765 0 6 141 1 1
335922 0 6 141 3 1
336139 0 6 141 3 0
336420 1 4 141 3 0
349461 1 3 141 1 0
349465 1 3 141 3 0
352817 0 6 141 3 0
391435 0 6 141 1 0
391582 1 3 141 2 0
392741 0 6 141 2 1
392925 0 6 141 3 0
393695 0 6 141 3 0
418645 0 6 141 2 0
464941 0 6 141 3 0
522025 0 6 141 1 0
522244 1 3 141 3 0
522922 1 2 141 1 0
21754 0 6 142 3 0
136742 1 5 142 1 0
136884 1 5 142 1 0
136913 0 6 142 1 0
137290 1 3 142 1 0
137640 0 6 142 4 0
138073 0 6 142 0 0
234227 0 6 142 3 0
238873 0 6 142 4 1
281890 0 6 142 4 0
330461 0 6 142 3 0
330815 0 6 142 3 0
330822 0 6 142 1 1
331459 0 6 142 3 0
335413 1 2 142 1 0
336465 1 3 142 4 0
388987 0 6 142 0 0
391413 0 6 142 1 0
391438 1 2 142 3 0
391581 0 6 142 1 0
391878 0 6 142 2 0
392063 1 4 142 1 0
392958 0 6 142 1 0
521350 1 4 142 1 0
521467 1 4 142 0 0
521477 0 6 142 3 0
522355 1 5 142 0 0
522921 0 6 142 1 0
70542 0 6 143 3 0
136595 1 3 143 3 0
136907 1 2 143 0 0
136909 1 4 143 2 0
174530 1 4 143 3 0
237644 1 3 143 3 0
238866 1 3 143 3 1
239958 1 3 143 3 1
262373 0 6 143 3 0
282171 0 6 143 1 0
282328 1 3 143 0 0
286457 0 6 143 3 0
335866 1 2 143 4 1
336415 0 6 143 0 0
390088 1 4 143 1 0
391239 0 6 143 3 1
391613 0 6 143 1 1
392431 0 6 143 1 0
392743 1 2 143 3 0
392779 1 3 143 1 0
392926 1 3 143 3 0
392935 1 5 143 3 0
418646 0 6 143 2 0
521482 1 2 143 1 0
521673 0 6 143 1 0
522249 0 6 143 1 1
522607 0 6 143 1 0
522923 0 6 143 1 0
522957 0 6 143 1 0
523139 1 5 143 1 0
528304 0 6 143 2 0
554158 1 3 143 3 0
108244 0 6 144 3 0
136701 1 3 144 2 0
136885 1 5 144 1 0
137989 0 6 144 1 0
138068 0 6 144 2 0
239875 0 6 144 1 0
240668 0 6 144 1 0
281767 1 4 144 4 0
329977 1 2 144 3 0
330457 1 3 144 0 0
330460 0 6 144 2 0
349147 1 4 144 1 0
349469 1 4 144 3 0
391250 1 3 144 1 0
391791 0 6 144 1 0
392064 1 3 144 1 0
392167 1 4 144 1 0
392961 1 3 144 3 0
393066 0 6 144 1 0
507359 1 4 144 3 0
521276 0 6 144 1 0
521372 0 6 144 1 0
521470 1 4 144 1 0
521479 0 6 144 1 0
521853 0 6 144 1 0
522242 1 3 144 1 1
522251 1 3 144 3 0
522330 1 4 144 1 0
522449 1 3 144 1 0
522465 1 5 144 1 0
522537 0 6 144 1 0
522827 0 6 144 1 0
74261 1 4 145 3 0
136538 0 6 145 0 0
136699 0 6 145 0 0
136902 0 6 145 1 0
137434 0 6 145 1 0
137652 0 6 145 1 0
142238 1 3 145 3 0
203098 1 3 145 3 0
213352 0 6 145 3 0
237643 1 3 145 3 0
239378 0 6 145 1 0
240669 0 6 145 3 0
276090 0 6 145 3 0
282045 0 6 145 0 0
335860 0 6 145 1 0
335921 1 3 145 2 0
348378 0 6 145 1 0
349463 1 3 145 1 0
349464 0 6 145 3 1
389733 1 3 145 1 0
391374 0 6 145 1 0
391705 0 6 145 1 0
391884 0 6 145 1 0
392065 0 6 145 1 0
392930 1 4 145 3 1
393010 0 6 145 1 0
418192 0 6 145 3 0
495629 1 3 145 3 0
521215 0 6 145 1 0
521280 1 4 145 2 0
521475 1 4 145 1 0
521476 0 6 145 3 1
521480 1 3 145 1 0
521522 1 3 145 3 0
522074 0 6 145 1 0
522456 1 3 145 1 0
538019 1 2 145 4 0
36589 1 2 146 3 1
136291 0 6 146 1 0
137072 0 6 146 1 0
137335 1 4 146 3 0
137340 0 6 146 1 0
219980 1 3 146 0 0
238966 0 6 146 1 1
330199 1 5 146 1 0
331458 1 4 146 3 0
335414 0 6 146 2 0
335631 1 3 146 1 0
335900 1 2 146 3 0
336111 0 6 146 3 0
336173 1 3 146 1 0
348220 0 6 146 3 0
348230 0 6 146 1 0
390089 0 6 146 1 0
392067 0 6 146 3 0
411925 0 6 146 2 1
418201 0 6 146 3 1
423147 0 6 146 2 0
521227 0 6 146 2 1
521316 1 3 146 4 0
521318 0 6 146 2 0
521483 0 6 146 3 0
521516 1 4 146 3 0
522004 1 3 146 1 0
522329 1 3 146 1 0
522455 1 2 146 1 0
522466 1 3 146 1 0
522932 0 6 146 3 0
534647 0 6 146 3 0
22344 1 3 147 3 0
136417 1 3 147 1 0
136651 1 3 147 1 0
136709 1 4 147 0 0
136886 1 4 147 3 0
136912 1 3 147 1 0
136914 0 6 147 3 0
136915 0 6 147 3 1
137639 0 6 147 3 0
137979 1 4 147 3 0
141520 0 6 147 2 0
174527 1 3 147 0 0
211065 0 6 147 3 0
233978 0 6 147 3 0
239612 0 6 147 3 0
239878 0 6 147 3 1
276088 1 2 147 2 0
282048 0 6 147 1 0
282173 1 4 147 3 0
335865 0 6 147 4 1
336638 1 4 147 1 0
348648 1 3 147 3 0
349148 0 6 147 3 0
367646 0 6 147 3 0
369326 0 6 147 2 1
391614 1 3 147 3 0
391887 1 4 147 3 0
391960 0 6 147 1 0
392430 1 2 147 1 0
393163 1 2 147 1 0
464939 0 6 147 1 0
520127 0 6 147 3 0
521216 1 3 147 1 0
521473 1 2 147 0 0
521478 0 6 147 0 0
521503 0 6 147 1 0
521854 1 4 147 3 0
522072 1 3 147 1 0
522316 1 4 147 4 0
522608 0 6 147 2 0
522826 1 3 147 0 0
561319 0 6 147 3 0
12612 1 3 148 3 1
92910 0 6 148 2 0
136541 1 2 148 3 0
137141 1 3 148 1 0
137887 1 3 148 1 0
174528 0 6 148 1 0
184731 1 3 148 3 1
237642 1 4 148 1 0
282001 0 6 148 0 1
286634 0 6 148 2 1
287696 1 3 148 0 0
335889 1 3 148 1 0
391200 0 6 148 1 0
391249 1 3 148 3 0
391253 1 2 148 3 1
391336 0 6 148 1 0
391888 0 6 148 3 1
392781 0 6 148 3 0
393140 1 4 148 1 0
417489 0 6 148 4 0
418198 0 6 148 1 1
418199 0 6 148 1 0
481896 1 4 148 2 0
496174 0 6 148 2 0
522075 0 6 148 3 0
522098 0 6 148 4 0
522442 0 6 148 3 0
522458 0 6 148 3 0
522467 0 6 148 1 0
522925 0 6 148 3 0
3273 0 6 149 3 0
120875 0 6 149 3 0
137140 1 3 149 0 0
142236 0 6 149 0 0
216867 1 3 149 2 0
263492 0 6 149 2 0
281888 1 4 149 1 0
282002 0 6 149 1 0
330102 1 4 149 3 0
333702 1 3 149 3 0
335280 1 4 149 1 0
335393 0 6 149 1 0
349178 1 4 149 3 0
361232 0 6 149 3 0
389732 1 3 149 0 0
391376 1 2 149 3 0
392937 1 2 149 1 0
393011 1 4 149 3 0
393141 0 6 149 2 0
393161 1 4 149 1 0
465982 0 6 149 1 0
473215 0 6 149 3 0
495463 1 3 149 2 0
521460 0 6 149 1 0
521865 1 3 149 1 0
522250 1 3 149 2 0
522931 0 6 149 3 0
22345 1 4 150 4 1
37336 1 3 150 4 0
63903 1 3 150 3 0
92909 1 4 150 1 0
137267 0 6 150 1 0
137338 1 2 150 1 0
137502 1 3 150 1 0
137914 1 4 150 3 0
234092 0 6 150 3 0
237640 0 6 150 1 0
238967 1 3 150 1 0
239610 1 3 150 1 0
240036 1 3 150 1 0
335304 0 6 150 2 0
336367 0 6 150 2 0
391055 0 6 150 4 1
391111 0 6 150 1 0
391219 0 6 150 1 0
391315 1 4 150 1 0
391393 0 6 150 1 0
521459 0 6 150 1 0
521481 0 6 150 1 0
521511 0 6 150 1 0
521935 1 5 150 0 0
36587 1 3 151 1 0
136833 0 6 151 1 0
136965 1 4 151 1 0
137139 1 4 151 0 0
137426 1 3 151 3 1
138076 0 6 151 1 0
168429 1 3 151 2 0
174531 0 6 151 3 0
184729 0 6 151 1 0
238663 0 6 151 1 0
239720 1 2 151 1 0
335243 1 4 151 1 0
335395 1 3 151 3 0
335415 0 6 151 2 0
340026 0 6 151 3 0
348176 1 4 151 1 0
368731 0 6 151 2 0
391324 0 6 151 3 0
391691 0 6 151 3 0
391886 0 6 151 2 0
393143 1 3 151 3 0
521602 0 6 151 1 0
521749 0 6 151 4 1
521911 1 3 151 1 0
522441 0 6 151 3 1
522620 1 3 151 1 0
92889 1 4 152 4 1
100987 1 4 152 3 0
136653 0 6 152 3 0
137268 1 3 152 3 0
137339 0 6 152 1 0
137913 1 5 152 3 0
281920 1 4 152 1 0
286635 0 6 152 2 0
335279 1 3 152 1 0
336524 1 3 152 1 0
336794 0 6 152 3 0
349177 0 6 152 3 0
353291 1 2 152 3 0
391214 0 6 152 1 0
391317 0 6 152 2 0
391533 0 6 152 1 0
392321 0 6 152 1 0
392336 0 6 152 1 0
393164 0 6 152 3 0
393165 1 4 152 3 0
418193 1 4 152 0 0
495814 1 4 152 4 1
521226 1 4 152 0 0
521309 1 2 152 1 0
521454 0 6 152 1 0
521500 0 6 152 3 0
521512 0 6 152 1 0
522080 0 6 152 0 0
522337 1 3 152 3 0
522924 0 6 152 2 0
523058 0 6 152 1 0
3055 0 6 153 3 0
136279 1 3 153 3 0
136855 1 3 153 4 1
136974 0 6 153 3 0
137136 0 6 153 1 0
137269 0 6 153 3 0
137501 1 4 153 1 0
170851 0 6 153 3 1
184384 0 6 153 1 0
184766 0 6 153 1 0
239613 1 4 153 3 0
239715 1 3 153 3 0
270654 0 6 153 2 1
281745 1 2 153 1 0
281919 0 6 153 1 0
335887 1 4 153 1 0
391316 1 3 153 1 0
391394 0 6 153 1 1
391967 1 3 153 1 0
417378 1 5 153 0 0
464889 0 6 153 1 0
521218 1 3 153 1 0
521305 1 3 153 1 0
521983 0 6 153 1 0
63901 0 6 154 0 0
92893 1 2 154 3 0
136983 1 4 154 3 0
137142 0 6 154 1 0
137342 0 6 154 3 0
184385 1 3 154 1 0
184695 0 6 154 4 0
184765 0 6 154 0 0
237645 1 4 154 3 0
238662 1 3 154 1 1
239580 1 2 154 1 0
240538 0 6 154 1 0
281371 0 6 154 4 0
282608 1 4 154 3 0
335466 1 3 154 1 0
336124 1 4 154 1 0
336368 1 2 154 2 0
367765 0 6 154 1 0
391113 1 4 154 1 0
391365 1 4 154 1 0
391766 1 3 154 3 0
391810 0 6 154 1 0
391953 1 3 154 1 0
392297 1 4 154 1 0
392497 1 3 154 1 0
392921 1 3 154 1 0
473635 1 4 154 3 0
521484 0 6 154 3 1
521984 0 6 154 1 0
522622 0 6 154 3 0
522623 0 6 154 3 0
522666 0 6 154 1 0
528441 0 6 154 3 0
136834 1 3 155 3 1
137293 1 4 155 1 0
137427 0 6 155 3 0
235289 0 6 155 3 0
237648 0 6 155 3 0
238050 1 5 155 4 0
367767 1 3 155 3 0
391396 1 4 155 1 0
418200 0 6 155 3 0
447704 0 6 155 3 0
521277 1 3 155 1 0
521495 0 6 155 1 0
521565 0 6 155 1 0
522112 1 4 155 1 0
522138 0 6 155 1 0
522651 0 6 155 1 0
522732 1 4 155 1 0
522961 1 3 155 1 0
136408 1 3 156 3 0
136832 0 6 156 1 0
137912 0 6 156 1 0
237641 0 6 156 1 0
238665 1 2 156 3 0
335348 1 2 156 1 0
335795 0 6 156 1 1
335888 1 2 156 1 0
336259 0 6 156 1 0
336347 0 6 156 3 0
382644 0 6 156 4 1
391320 1 3 156 4 1
392142 1 3 156 1 0
392763 1 2 156 1 0
418194 1 3 156 1 0
464881 1 3 156 1 0
465603 0 6 156 1 0
475067 0 6 156 3 0
521217 1 5 156 1 0
521471 0 6 156 3 0
521566 1 3 156 3 0
521598 1 2 156 2 0
521910 1 2 156 0 0
522110 1 3 156 1 0
137341 1 4 157 2 1
137499 0 6 157 0 0
137503 0 6 157 3 1
185267 0 6 157 4 0
239679 0 6 157 1 0
240056 0 6 157 3 0
240542 0 6 157 3 0
335193 0 6 157 1 0
335468 0 6 157 3 0
335539 1 2 157 1 0
336021 0 6 157 1 0
391776 0 6 157 1 0
391809 0 6 157 1 0
391881 0 6 157 3 0
391952 0 6 157 1 0
392114 0 6 157 3 0
392343 1 3 157 1 0
392671 0 6 157 1 0
392933 1 2 157 1 0
392954 1 2 157 1 0
418961 0 6 157 3 0
464879 0 6 157 1 0
510543 1 3 157 3 0
521414 1 3 157 1 0
521597 0 6 157 1 0
521765 0 6 157 1 0
522311 0 6 157 1 0
522453 1 3 157 1 0
137137 0 6 158 3 1
184767 1 2 158 3 0
240540 0 6 158 1 0
281921 0 6 158 3 1
282183 1 2 158 1 0
282481 0 6 158 1 0
283027 0 6 158 1 0
335549 0 6 158 4 0
335778 1 3 158 1 0
391398 1 3 158 3 1
391954 0 6 158 3 0
392918 0 6 158 1 0
392924 1 2 158 3 0
393090 1 4 158 1 0
393130 0 6 158 1 0
409125 1 3 158 3 0
465980 0 6 158 1 0
466579 0 6 158 3 0
522174 1 4 158 0 0
522309 1 3 158 1 0
522667 0 6 158 3 0
522733 0 6 158 3 0
240537 0 6 159 1 0
335196 0 6 159 3 0
391069 0 6 159 1 0
391318 0 6 159 3 0
391422 1 3 159 1 0
391616 0 6 159 1 0
391706 1 4 159 1 0
391812 0 6 159 3 0
392764 1 4 159 3 0
392765 1 4 159 3 1
392920 0 6 159 1 0
418960 1 4 159 1 0
460549 0 6 159 3 0
464878 0 6 159 1 0
464880 0 6 159 1 0
521584 1 4 159 1 0
521994 1 4 159 1 0
522175 1 2 159 2 0
522219 0 6 159 1 0
522550 0 6 159 1 0
522894 0 6 159 3 0
545001 0 6 159 3 0
136406 1 3 160 1 0
240536 0 6 160 0 0
240541 1 4 160 2 1
285365 1 3 160 3 0
335535 1 4 160 4 0
391356 0 6 160 1 1
391955 0 6 160 3 0
392144 1 5 160 2 1
392426 1 3 160 1 0
392604 0 6 160 1 0
393129 1 2 160 1 0
465602 0 6 160 0 0
465604 0 6 160 3 1
521768 0 6 160 3 0
521834 1 2 160 1 0
522664 0 6 160 0 0
45884 0 6 161 2 0
90096 0 6 161 3 0
232984 1 2 161 2 0
282185 1 3 161 1 0
282316 1 2 161 1 1
283028 1 5 161 3 0
335465 1 5 161 0 0
335576 1 5 161 1 0
335776 1 2 161 0 0
391096 1 3 161 1 0
391386 0 6 161 1 0
391903 1 4 161 4 1
391951 0 6 161 1 0
392482 1 4 161 4 0
392769 1 3 161 4 0
433474 1 4 161 3 0
440416 1 3 161 3 0
510541 1 2 161 1 0
521583 0 6 161 1 0
522895 1 3 161 3 0
523045 1 4 161 1 0
527425 0 6 161 3 0
4104 1 4 162 3 0
391483 0 6 162 1 0
392143 1 2 162 1 0
392513 0 6 162 1 0
392595 1 3 162 1 0
392900 0 6 162 1 0
410369 1 5 162 3 0
418962 0 6 162 3 1
465724 1 5 162 1 0
521766 0 6 162 1 0
521789 1 4 162 1 0
521995 1 2 162 1 0
522314 0 6 162 3 0
523043 0 6 162 2 0
30059 1 3 163 3 0
58516 1 4 163 3 0
90227 1 4 163 3 0
232986 0 6 163 3 0
282318 0 6 163 3 0
335372 1 4 163 0 0
335847 1 2 163 1 0
336340 1 3 163 4 0
391057 1 2 163 1 0
391426 1 3 163 3 0
391707 1 2 163 1 0
392171 1 4 163 3 0
392493 0 6 163 1 0
392858 0 6 163 1 0
392964 0 6 163 1 0
457846 1 2 163 3 1
460547 1 4 163 1 0
465233 0 6 163 1 0
465723 1 5 163 3 0
521895 1 2 163 0 0
522850 1 4 163 1 0
523046 0 6 163 2 0
60517 0 6 164 3 0
90226 0 6 164 0 0
283030 1 3 164 4 1
335777 1 4 164 1 0
347686 0 6 164 3 1
391181 1 3 164 1 0
391213 0 6 164 1 0
391617 1 3 164 1 0
391625 0 6 164 1 0
391859 1 4 164 2 0
392344 0 6 164 1 0
392702 1 5 164 1 0
392857 0 6 164 1 0
459325 0 6 164 4 1
464887 0 6 164 3 0
465148 1 4 164 1 0
466772 0 6 164 3 0
521996 0 6 164 2 0
290 1 4 165 1 0
3030 0 6 165 3 0
281717 0 6 165 1 0
282061 0 6 165 1 0
282317 1 4 165 2 0
385931 1 4 165 3 0
391323 0 6 165 0 0
391427 0 6 165 3 0
391587 1 4 165 3 0
391590 1 5 165 1 0
391626 0 6 165 1 0
392520 1 3 165 1 0
392594 0 6 165 1 0
393006 0 6 165 4 0
393156 1 3 165 4 1
410368 1 4 165 3 0
464763 0 6 165 1 0
465605 1 4 165 3 0
521812 1 4 165 1 0
522752 1 4 165 4 0
51534 0 6 166 3 1
141054 0 6 166 3 0
282445 1 3 166 1 0
336615 0 6 166 3 0
391384 0 6 166 1 0
391445 1 4 166 3 0
392016 1 2 166 1 0
392163 0 6 166 0 1
392492 1 3 166 0 0
392515 0 6 166 1 0
392597 1 4 166 3 0
412024 1 5 166 3 1
464853 0 6 166 1 0
521922 0 6 166 1 0
521948 0 6 166 4 1
522313 0 6 166 2 0
293 0 6 167 3 0
282635 0 6 167 1 0
336061 0 6 167 1 0
391059 1 5 167 1 0
391215 0 6 167 1 1
392245 0 6 167 2 0
392516 0 6 167 1 0
393096 0 6 167 1 0
459150 0 6 167 4 1
464766 1 4 167 3 0
464850 0 6 167 1 0
465469 0 6 167 1 0
466178 0 6 167 4 0
521897 0 6 167 3 0
523145 1 2 167 1 0
1882 0 6 168 0 0
97529 0 6 168 3 0
281547 1 2 168 4 1
282063 0 6 168 3 0
336341 0 6 168 4 0
391273 0 6 168 1 0
391291 1 3 168 3 0
391383 0 6 168 0 0
391592 1 2 168 3 0
391709 1 3 168 3 0
391914 1 4 168 1 0
392071 0 6 168 1 0
392145 0 6 168 3 0
392164 1 3 168 3 0
393068 0 6 168 3 0
438507 1 3 168 3 1
466018 0 6 168 1 0
495218 1 4 168 2 1
522489 1 2 168 3 0
743 1 3 169 4 0
2640 1 3 169 2 0
283462 0 6 169 2 0
289942 0 6 169 3 0
336059 1 5 169 1 0
336308 0 6 169 1 0
336500 1 4 169 2 0
391182 1 3 169 1 0
391718 1 5 169 1 0
392491 0 6 169 0 0
444144 1 3 169 3 0
465036 0 6 169 1 0
466177 0 6 169 4 0
282145 0 6 170 3 1
288154 0 6 170 3 0
289941 0 6 170 3 1
336060 0 6 170 1 0
391061 1 3 170 3 1
392140 1 5 170 0 0
392247 1 2 170 3 0
392381 1 2 170 3 0
392494 1 2 170 3 0
392593 0 6 170 1 0
392703 0 6 170 1 0
393070 1 4 170 0 0
465319 1 3 170 1 0
466402 0 6 170 1 0
501056 0 6 170 3 0
522505 0 6 170 1 0
522983 0 6 170 1 0
544599 1 4 170 3 0
281677 0 6 171 4 0
289938 1 4 171 3 0
335943 1 4 171 3 0
336136 0 6 171 1 0
391115 0 6 171 3 0
391245 0 6 171 1 0
391290 0 6 171 2 0
391915 0 6 171 1 0
438504 1 4 171 0 0
465157 0 6 171 1 0
465236 0 6 171 1 0
335768 1 4 172 4 0
336217 1 2 172 4 1
336782 1 5 172 4 0
391721 0 6 172 3 0
391764 1 1 172 1 0
392727 0 6 172 2 0
464849 1 4 172 1 0
465035 1 3 172 1 0
465156 0 6 172 1 0
465159 1 4 172 3 0
465411 0 6 172 1 0
466269 1 3 172 1 1
466406 0 6 172 3 0
522490 1 4 172 3 0
522720 0 6 172 3 0
97528 1 2 173 3 0
282143 0 6 173 3 0
335948 0 6 173 3 0
336000 1 3 173 4 1
336063 0 6 173 3 0
381302 1 3 173 3 0
382063 0 6 173 3 0
391217 0 6 173 3 0
393072 0 6 173 3 0
393073 1 3 173 1 0
465158 1 3 173 1 0
465184 1 3 173 1 0
465684 0 6 173 1 0
465874 1 4 173 1 0
466015 1 3 173 1 1
466105 0 6 173 1 0
466442 1 3 173 1 0
522504 1 2 173 0 0
522768 0 6 173 2 0
69297 1 2 174 3 0
282688 1 4 174 3 0
391060 0 6 174 3 0
392706 1 4 174 3 0
464838 1 2 174 1 0
465155 0 6 174 1 0
465309 1 2 174 1 0
465413 1 2 174 3 0
465422 1 3 174 1 0
465611 0 6 174 3 0
465768 1 3 174 1 0
466193 1 3 174 1 0
466404 1 4 174 1 0
521700 0 6 174 3 0
522506 0 6 174 2 0
98612 1 3 175 1 0
147279 0 6 175 2 0
208086 1 4 175 3 0
253691 0 6 175 3 0
335402 0 6 175 1 0
336062 0 6 175 3 0
382923 0 6 175 4 0
391913 1 3 175 1 0
391916 1 3 175 1 1
391918 1 4 175 3 0
392246 0 6 175 3 0
438506 0 6 175 3 0
464847 0 6 175 0 0
464992 1 4 175 1 0
465037 0 6 175 1 0
465160 0 6 175 1 0
465227 0 6 175 1 0
465252 1 4 175 1 0
465549 0 6 175 1 0
465591 1 4 175 1 0
465610 0 6 175 2 0
465901 0 6 175 1 0
465903 0 6 175 1 0
465955 0 6 175 1 0
466010 1 4 175 1 0
466408 0 6 175 3 0
466455 0 6 175 1 0
173006 0 6 176 2 1
281674 0 6 176 1 0
282686 0 6 176 1 1
336222 1 3 176 4 1
391746 1 2 176 1 0
392315 1 5 176 1 0
392564 1 3 176 1 0
465873 0 6 176 0 0
465902 0 6 176 1 0
486387 0 6 176 2 1
101818 1 4 177 3 0
335999 0 6 177 3 0
392335 0 6 177 3 0
392565 0 6 177 1 0
464944 0 6 177 1 0
465025 1 4 177 1 0
465047 1 3 177 1 0
465183 0 6 177 1 0
465226 0 6 177 1 0
465246 1 3 177 1 0
465311 0 6 177 3 0
465439 0 6 177 1 0
465446 1 3 177 4 0
465548 0 6 177 0 0
465551 1 2 177 3 0
466191 1 5 177 1 0
466195 1 4 177 3 0
466379 0 6 177 3 0
502614 1 3 177 3 0
141456 0 6 178 3 0
172225 1 3 178 4 1
336036 0 6 178 1 0
387285 0 6 178 2 0
391544 0 6 178 1 1
391744 1 3 178 4 0
464897 0 6 178 4 0
465119 0 6 178 1 0
465230 1 3 178 3 0
465254 1 3 178 1 0
465407 0 6 178 0 0
465608 1 4 178 0 0
466055 0 6 178 1 0
466125 0 6 178 3 0
348661 0 6 179 3 0
465048 1 3 179 3 0
465163 0 6 179 3 0
465307 1 3 179 1 0
465308 0 6 179 1 0
465447 0 6 179 4 0
465553 0 6 179 0 0
465607 0 6 179 0 0
465900 0 6 179 1 0
465957 1 3 179 2 0
466194 0 6 179 1 0
466230 1 3 179 2 0
522508 1 3 179 2 0
172226 0 6 180 4 1
282222 0 6 180 1 0
282934 1 3 180 1 0
310536 1 3 180 3 0
335212 0 6 180 1 0
335686 1 2 180 1 0
465174 1 4 180 1 0
465468 0 6 180 1 0
465609 1 3 180 1 0
465698 0 6 180 1 1
465852 0 6 180 1 0
465905 0 6 180 3 0
466204 1 4 180 1 0
466231 0 6 180 2 0
466274 1 3 180 1 0
496723 0 6 180 3 0
101819 0 6 181 3 0
299087 0 6 181 2 1
335685 1 3 181 0 0
335719 1 3 181 1 0
392046 0 6 181 1 0
465073 1 3 181 2 0
465120 0 6 181 3 0
465228 1 4 181 1 0
465256 0 6 181 3 0
465445 1 3 181 3 0
465547 1 4 181 0 0
465646 0 6 181 0 0
465943 1 4 181 1 0
466456 1 3 181 3 0
495762 1 3 181 3 0
502613 0 6 181 3 1
5568 1 3 182 3 0
181342 0 6 182 2 0
282935 0 6 182 1 0
282936 1 2 182 3 0
335558 0 6 182 1 0
335804 1 4 182 1 0
373873 0 6 182 3 0
392333 1 5 182 2 0
464991 0 6 182 1 0
465442 0 6 182 3 0
465550 1 4 182 3 0
465699 1 3 182 1 0
466234 1 4 182 3 0
466273 1 4 182 0 0
505374 0 6 182 3 0
335684 1 4 183 0 0
392380 1 4 183 1 0
404788 1 2 183 4 0
464818 0 6 183 1 0
465327 0 6 183 4 0
465364 0 6 183 1 0
465647 1 3 183 1 0
465679 1 4 183 0 0
465799 1 4 183 3 0
465926 0 6 183 2 0
466072 0 6 183 4 0
50783 0 6 184 3 0
72116 0 6 184 3 0
279586 0 6 184 2 1
310535 1 5 184 2 0
314092 1 3 184 3 0
407054 0 6 184 3 0
465234 1 3 184 3 0
465337 0 6 184 4 0
465648 1 3 184 1 0
465854 1 4 184 3 0
465855 0 6 184 3 0
465946 0 6 184 3 0
466196 1 4 184 3 0
466248 1 3 184 1 0
504694 0 6 184 3 0
282937 1 4 185 3 0
335471 1 2 185 1 0
392048 0 6 185 1 0
393113 1 2 185 1 0
465779 0 6 185 1 0
465920 1 4 185 1 0
465945 0 6 185 3 0
465956 0 6 185 2 0
466047 1 4 185 4 0
466246 0 6 185 1 0
537752 0 6 185 4 0
538878 0 6 185 4 0
5565 0 6 186 1 0
5566 0 6 186 1 0
358425 0 6 186 3 0
391819 0 6 186 1 0
464861 1 3 186 1 0
465972 0 6 186 1 0
466389 0 6 186 0 0
466454 1 3 186 1 0
466501 1 3 186 2 0
547952 0 6 186 3 0
310534 0 6 187 1 0
459800 0 6 187 3 0
465650 0 6 187 3 0
465797 1 2 187 1 0
465921 1 4 187 1 0
466541 1 4 187 1 0
314091 1 4 188 3 1
335474 0 6 188 3 0
392257 0 6 188 1 0
393111 0 6 188 0 0
393115 1 3 188 3 1
465680 1 4 188 2 0
465889 0 6 188 1 0
466156 1 4 188 0 1
466378 0 6 188 1 0
63647 0 6 189 3 0
72117 1 3 189 4 1
279588 1 2 189 3 0
391160 0 6 189 1 0
456679 1 3 189 3 0
459797 0 6 189 0 0
460738 1 4 189 3 1
537913 1 5 189 3 0
391161 0 6 190 1 0
460097 1 3 190 4 1
464925 1 4 190 1 1
465257 0 6 190 1 0
465890 1 3 190 1 1
466247 0 6 190 1 0
466543 1 2 190 3 0
310886 1 2 191 1 0
314089 0 6 191 3 0
459801 1 3 191 3 0
464860 0 6 191 0 0
465678 0 6 191 2 1
465790 1 4 191 3 0
466159 1 2 191 2 0
486717 1 4 191 3 0
547632 0 6 191 3 1
294875 1 4 192 2 1
297622 1 3 192 3 0
391781 0 6 192 1 0
459917 1 3 192 4 0
464927 0 6 192 1 0
465237 0 6 192 1 0
465713 1 5 192 1 0
466111 0 6 192 1 0
59456 0 6 193 3 0
278617 0 6 193 3 0
279169 0 6 193 4 0
310663 0 6 193 1 0
392108 0 6 193 1 0
459798 1 3 193 1 0
466249 1 4 193 3 0
16032 0 6 194 3 0
252686 0 6 194 3 0
310887 1 3 194 1 0
392202 0 6 194 4 0
460345 0 6 194 3 0
501072 0 6 194 3 1
278615 1 2 195 1 0
279168 0 6 195 4 1
285714 0 6 195 3 0
294345 0 6 195 3 1
294874 1 3 195 2 0
309949 0 6 195 1 0
392385 0 6 195 1 0
392697 0 6 195 3 0
465258 1 2 195 1 0
465789 1 3 195 3 0
466430 0 6 195 3 0
252685 1 4 196 3 0
278614 1 3 196 1 0
279616 1 3 196 2 0
297828 1 3 196 4 0
309951 0 6 196 3 0
310627 1 3 196 4 0
310666 1 2 196 3 0
311849 1 4 196 1 0
460133 0 6 196 1 0
460344 1 3 196 3 0
542856 1 4 196 3 1
16946 1 4 197 3 0
84007 1 3 197 3 0
171111 0 6 197 2 0
278417 1 3 197 1 0
278621 0 6 197 2 0
294337 0 6 197 1 0
294347 1 4 197 4 0
311852 0 6 197 3 0
392107 0 6 197 0 0
465238 0 6 197 3 0
465787 1 2 197 1 0
107352 1 4 198 2 0
278675 1 3 198 1 0
310041 0 6 198 1 0
392190 0 6 198 1 0
437145 1 4 198 3 0
449837 0 6 198 3 0
459799 1 4 198 1 0
465399 1 3 198 1 0
252683 0 6 199 2 0
278597 0 6 199 1 0
294877 0 6 199 3 0
310485 1 2 199 1 0
310812 1 3 199 1 0
542855 1 3 199 3 0
107350 0 6 200 0 0
119936 1 3 200 3 0
152577 1 3 200 2 0
278208 0 6 200 1 1
278611 0 6 200 1 0
278612 1 4 200 1 0
278618 0 6 200 0 0
279617 0 6 200 2 0
282461 0 6 200 3 0
310815 1 4 200 3 1
357352 1 3 200 3 0
392388 0 6 200 3 0
402819 0 6 200 3 0
465312 0 6 200 1 0
107353 1 3 201 3 0
278593 0 6 201 1 0
279108 0 6 201 0 0
392197 1 3 201 3 0
392386 0 6 201 2 0
542853 1 3 201 1 0
274572 0 6 202 2 0
278415 0 6 202 1 0
278599 1 4 202 3 0
278613 0 6 202 1 0
278619 1 3 202 1 0
278836 0 6 203 1 0
279574 1 3 203 1 0
107351 1 3 204 1 0
276074 1 4 204 0 0
279631 0 6 204 1 0
392387 0 6 204 3 0
393637 0 6 204 3 0
416562 0 6 204 2 0
439270 1 2 204 2 0
279576 1 3 205 2 0
23082 1 4 206 3 0
106991 1 4 206 1 0
274398 0 6 206 0 0
279368 0 6 206 4 0
279475 1 3 206 1 0
282392 1 3 206 3 0
275912 1 3 207 0 0
106823 0 6 208 1 0
106920 1 4 208 1 0
106994 0 6 208 3 0
107034 1 3 208 1 0
107461 1 2 208 1 0
107558 0 6 208 1 0
108434 0 6 208 1 0
278075 0 6 208 3 0
547767 1 3 208 3 1
106713 1 4 209 1 0
106992 0 6 209 1 0
107520 1 5 209 1 0
108376 0 6 209 1 0
278482 1 3 209 1 0
278709 1 4 209 1 0
392659 0 6 209 3 0
547768 0 6 209 3 0
106922 0 6 210 3 0
107470 1 3 210 1 0
278708 0 6 210 1 0
547764 1 3 210 2 1
106923 1 3 211 3 0
107030 0 6 211 2 0
107195 0 6 211 1 0
107960 1 4 211 1 0
108377 1 4 211 2 0
275914 0 6 211 2 0
279552 1 3 211 1 0
524402 0 6 211 3 0
107036 0 6 212 3 0
107569 1 3 212 1 0
107897 1 4 212 1 0
108668 1 4 212 1 0
175265 0 6 212 3 0
278484 0 6 212 1 0
279311 1 2 212 1 0
106584 0 6 213 1 0
106824 0 6 213 1 0
106906 1 5 213 1 0
107747 0 6 213 1 0
278065 0 6 213 1 0
278130 1 3 213 1 0
279547 1 4 213 1 0
279590 0 6 213 1 0
107628 1 3 214 3 0
107957 0 6 214 1 0
108290 0 6 214 1 0
108378 1 4 214 3 0
279062 0 6 214 4 1
279310 0 6 214 1 0
106825 1 5 215 3 1
107567 0 6 215 3 1
107900 0 6 215 3 0
278608 1 3 215 1 0
278681 1 4 215 1 0
279456 1 2 215 1 0
552883 0 6 215 2 0
107898 0 6 216 1 0
108047 0 6 216 3 0
278481 0 6 216 0 0
278546 1 3 216 4 0
278589 1 3 216 1 0
278684 0 6 216 3 0
279392 0 6 216 3 0
279679 0 6 216 1 0
900 1 2 217 2 0
106583 0 6 217 0 0
107564 1 2 217 1 0
108379 0 6 217 3 0
157667 1 3 217 3 0
279081 0 6 217 1 0
279450 0 6 217 4 0
279455 1 4 217 0 0
279592 0 6 217 3 0
403546 0 6 217 2 0
544469 1 2 217 3 0
102406 1 3 218 3 0
107958 0 6 218 1 0
217021 0 6 218 3 0
278067 0 6 218 3 0
278951 0 6 218 1 1
279580 0 6 218 3 0
279584 0 6 218 2 0
279591 1 3 218 3 0
106560 0 6 219 1 0
107899 1 3 219 3 0
107911 0 6 219 1 0
107959 1 4 219 1 1
182578 0 6 219 3 0
278392 0 6 219 3 0
279216 0 6 219 1 0
279458 0 6 219 3 0
306590 0 6 219 3 0
106559 0 6 220 0 0
106776 0 6 220 1 0
107504 0 6 220 1 1
110174 0 6 220 2 0
278547 1 5 220 4 1
278601 1 3 220 1 0
279042 1 4 220 1 0
279334 1 3 220 3 0
279417 0 6 220 4 1
282109 0 6 220 3 0
400517 0 6 220 3 0
107305 1 3 221 1 0
107563 1 4 221 1 0
107880 1 3 221 1 0
185610 1 3 221 3 0
278064 1 4 221 1 0
278486 0 6 221 3 0
278683 0 6 221 1 0
279419 0 6 221 3 0
281757 1 3 221 3 1
106561 0 6 222 1 0
106858 0 6 222 1 1
108851 0 6 222 1 0
108884 0 6 222 1 0
156392 0 6 222 3 0
278224 0 6 222 4 1
278299 1 3 222 1 0
279135 1 2 222 1 0
279282 0 6 222 1 0
341662 0 6 222 3 0
108291 1 4 223 1 0
108473 0 6 223 1 0
108477 0 6 223 1 0
108850 1 4 223 1 0
278063 0 6 223 0 0
279045 1 3 223 1 0
279082 1 3 223 1 0
279134 1 4 223 1 1
510924 1 3 223 4 1
520229 0 6 223 3 0
106562 1 3 224 3 0
107505 0 6 224 1 0
110175 0 6 224 2 0
137674 1 3 224 2 0
269663 0 6 224 2 0
278301 1 4 224 1 0
278516 0 6 224 1 0
279596 0 6 224 4 1
106556 1 2 225 1 0
107075 0 6 225 1 0
107202 1 3 225 1 0
107309 0 6 225 3 0
107879 0 6 225 0 0
108478 0 6 225 3 0
108885 0 6 225 3 0
234497 0 6 225 3 0
278744 1 3 225 1 0
278751 1 3 225 1 0
278848 0 6 225 1 0
106809 0 6 226 1 0
106983 1 4 226 1 0
107984 1 5 226 1 0
108089 1 2 226 1 0
108403 0 6 226 1 0
108721 0 6 226 1 0
108888 0 6 226 3 0
278298 1 5 226 0 0
278459 1 4 226 1 0
278590 0 6 226 1 0
278685 0 6 226 3 0
278786 1 5 226 1 0
279203 1 4 226 1 0
341558 1 4 226 3 0
510465 0 6 226 3 0
106857 1 3 227 1 0
107381 0 6 227 1 0
107689 1 5 227 1 0
108092 1 3 227 3 0
108162 1 2 227 1 0
108404 0 6 227 1 0
271595 0 6 227 3 1
278374 1 4 227 1 0
278679 0 6 227 0 0
279289 0 6 227 3 0
279320 0 6 227 3 0
279520 0 6 227 1 0
106981 0 6 228 0 0
107082 0 6 228 1 0
107187 0 6 228 1 0
107380 0 6 228 1 0
107789 1 3 228 1 0
108031 0 6 228 4 0
108724 1 4 228 3 0
269664 0 6 228 3 0
278781 1 2 228 1 1
279290 0 6 228 3 0
279396 0 6 228 1 0
26126 0 6 229 3 0
106554 0 6 229 0 1
106987 0 6 229 2 0
107000 1 3 229 1 0
107077 0 6 229 3 0
107740 0 6 229 1 0
107813 1 3 229 1 0
108328 1 5 229 3 0
269658 0 6 229 3 0
278745 0 6 229 2 0
279032 1 2 229 4 0
26127 0 6 230 3 0
106438 0 6 230 1 0
106555 0 6 230 0 0
106622 0 6 230 3 0
106766 1 2 230 4 0
106860 1 2 230 3 1
107117 1 2 230 1 0
107435 0 6 230 1 0
107621 1 3 230 1 0
107626 1 3 230 3 1
107820 1 2 230 3 0
107986 0 6 230 2 0
278375 0 6 230 1 0
278591 0 6 230 1 0
278595 1 3 230 3 0
278779 0 6 230 4 0
278780 1 3 230 0 0
6735 1 3 231 3 0
74702 0 6 231 3 0
106435 1 2 231 1 0
106440 1 2 231 3 1
106806 0 6 231 1 0
106815 1 3 231 3 0
107015 0 6 231 1 0
107183 0 6 231 3 0
108263 0 6 231 1 0
108410 1 4 231 3 0
108523 0 6 231 1 0
108669 0 6 231 1 0
278376 1 3 231 2 0
278746 1 4 231 3 1
279624 1 3 231 1 0
26177 1 3 232 3 1
107429 0 6 232 4 1
107707 1 4 232 1 0
108235 1 3 232 1 0
108754 1 2 232 1 1
278378 1 3 232 3 1
514357 1 3 232 3 0
106557 1 3 233 3 0
106645 1 3 233 1 0
106807 0 6 233 3 0
107315 1 4 233 3 0
107382 0 6 233 1 0
107647 1 2 233 1 0
108522 0 6 233 1 0
278090 1 3 233 1 0
278363 0 6 233 1 0
279386 1 3 233 1 0
279598 1 3 233 4 1
431978 0 6 233 3 0
106449 0 6 234 1 0
106612 0 6 234 1 0
106703 0 6 234 1 0
106805 0 6 234 2 0
106959 1 5 234 1 0
107033 1 4 234 0 0
107327 1 4 234 3 0
107383 1 3 234 1 0
107656 0 6 234 2 1
107801 0 6 234 3 0
108052 0 6 234 4 0
108599 0 6 234 1 0
108753 0 6 234 1 0
108796 1 2 234 1 0
278380 0 6 234 4 1
278556 0 6 234 4 0
278953 1 4 234 3 0
63347 0 6 235 2 0
106436 0 6 235 3 0
106814 0 6 235 3 0
107627 1 4 235 3 0
107709 0 6 235 3 0
107818 1 4 235 1 0
108237 0 6 235 3 0
108348 1 2 235 1 0
278640 1 4 235 4 0
279534 0 6 235 1 0
460193 1 3 235 3 0
1779 0 6 236 3 0
26175 1 4 236 1 0
106695 0 6 236 1 1
106712 1 3 236 1 1
106762 0 6 236 1 0
107017 1 4 236 3 0
107055 0 6 236 0 0
107234 0 6 236 4 0
107282 1 4 236 1 0
107403 0 6 236 1 1
107436 1 4 236 1 0
107854 1 4 236 1 0
108259 0 6 236 4 1
108349 1 3 236 1 0
109058 0 6 236 3 1
278089 0 6 236 1 0
278377 0 6 236 3 0
278423 1 3 236 1 0
278750 1 2 236 1 0
285545 0 6 236 2 0
106558 1 4 237 3 0
106919 1 4 237 1 0
107385 0 6 237 3 0
107648 1 3 237 1 0
108276 0 6 237 3 0
108524 1 2 237 3 0
108644 0 6 237 4 0
108771 0 6 237 3 0
108844 0 6 237 1 0
152473 0 6 237 3 0
278644 0 6 237 2 1
279388 1 3 237 3 0
285555 1 3 237 3 1
106551 1 3 238 4 0
106611 0 6 238 1 0
107402 0 6 238 0 0
107425 1 3 238 1 0
107428 1 2 238 3 0
107437 1 4 238 3 0
107609 0 6 238 1 0
107646 1 4 238 0 0
107670 1 5 238 1 0
108347 0 6 238 1 0
108600 0 6 238 3 1
108690 0 6 238 1 0
278647 1 3 238 0 0
278648 1 2 238 1 0
278961 1 3 238 1 0
554351 0 6 238 3 0
24917 0 6 239 1 0
106450 1 4 239 1 0
106840 0 6 239 4 0
107056 0 6 239 1 0
107059 0 6 239 3 0
107284 0 6 239 4 0
107610 1 3 239 1 0
107669 1 3 239 1 0
107673 0 6 239 1 1
24919 0 6 240 3 0
64801 1 2 240 3 0
106925 1 3 240 4 0
107607 0 6 240 1 0
107650 0 6 240 3 0
107671 0 6 240 3 0
108590 1 3 240 3 1
278234 0 6 240 1 0
278758 0 6 240 3 0
278966 0 6 240 1 0
279533 0 6 240 1 0
106698 0 6 241 2 0
107404 0 6 241 2 0
108346 1 2 241 0 0
108516 0 6 241 2 0
108518 1 4 241 3 0
172157 1 3 241 3 0
245992 0 6 241 2 0
278126 1 5 241 1 0
279539 0 6 241 3 0
19212 0 6 242 2 0
24764 0 6 242 1 0
24918 0 6 242 3 0
106428 1 3 242 1 0
106451 0 6 242 3 1
106614 0 6 242 3 0
107066 0 6 242 1 1
107858 1 4 242 3 0
108413 0 6 242 1 0
108455 0 6 242 3 1
108699 0 6 242 3 0
108752 0 6 242 4 1
108842 1 3 242 1 0
278650 1 3 242 3 0
279536 0 6 242 3 0
279638 1 3 242 4 0
285544 0 6 242 1 0
529596 1 3 242 3 0
24765 0 6 243 1 0
24916 0 6 243 0 0
107674 0 6 243 1 0
278965 0 6 243 1 0
26038 0 6 244 1 0
26660 0 6 244 4 0
64799 0 6 244 1 0
106846 1 3 244 4 1
107024 1 4 244 4 0
107186 1 4 244 3 0
107245 0 6 244 1 0
108832 1 4 244 1 0
279502 0 6 244 1 0
285153 0 6 244 1 0
457871 0 6 244 2 0
25065 0 6 245 1 0
26267 0 6 245 1 1
65198 0 6 245 3 0
107058 0 6 245 3 0
107065 1 4 245 1 0
107411 0 6 245 0 0
108049 0 6 245 3 0
108350 0 6 245 2 0
136518 0 6 245 2 0
278702 1 2 245 1 0
279372 1 3 245 1 1
24803 0 6 246 1 1
71910 0 6 246 3 1
108454 0 6 246 3 0
108734 1 3 246 3 0
108831 1 3 246 0 0
278236 1 3 246 3 0
278539 0 6 246 1 0
279535 1 4 246 3 1
26031 1 2 247 1 0
71911 0 6 247 3 0
107185 0 6 247 3 0
108269 1 2 247 4 1
26040 0 6 248 3 0
26266 0 6 248 1 0
26268 0 6 248 1 0
107517 1 3 248 3 0
190250 1 2 248 2 1
278416 0 6 248 1 1
278529 1 2 248 1 0
278749 1 3 248 1 0
278904 1 2 248 1 0
108240 0 6 249 4 1
108302 0 6 249 1 0
278233 0 6 249 1 0
278336 1 5 249 1 0
279064 0 6 249 4 0
279373 1 3 249 1 0
510201 0 6 249 2 0
5605 1 4 250 3 0
25447 1 3 250 1 0
26269 0 6 250 3 0
107837 1 3 250 1 0
108268 0 6 250 3 0
108270 1 5 250 4 1
278704 1 4 250 3 1
278907 1 4 250 3 0
279269 0 6 250 4 1
279374 0 6 250 1 0
279501 0 6 250 2 1
286174 1 2 250 1 0
26029 1 4 251 1 0
108833 1 4 251 3 0
182364 0 6 251 3 0
279340 1 4 251 1 0
284755 0 6 251 1 0
24721 1 3 252 1 0
25445 0 6 252 1 0
25448 1 2 252 1 0
107839 1 5 252 3 0
108020 1 4 252 1 0
108305 1 3 252 3 0
278712 1 4 252 0 0
278942 0 6 252 1 0
279270 0 6 252 4 0
25459 0 6 253 1 0
25523 1 4 253 4 0
190249 0 6 253 2 0
278707 0 6 253 3 0
278948 0 6 253 3 1
279375 0 6 253 3 0
25444 0 6 254 1 0
26176 1 2 254 1 1
105739 0 6 254 3 0
106439 1 3 254 1 0
107836 1 4 254 0 0
108019 1 2 254 1 0
108021 1 3 254 1 0
108022 0 6 254 2 0
108834 1 2 254 3 0
134325 0 6 254 3 0
182685 1 4 254 3 0
510196 0 6 254 4 0
25524 0 6 255 4 0
107076 1 4 255 1 0
278552 1 3 255 4 0
278714 0 6 255 2 0
278725 0 6 255 1 0
278944 1 3 255 2 0
279439 1 4 255 1 0
286077 0 6 255 1 0
362076 1 4 255 3 1
506423 0 6 255 3 1
24712 1 2 256 4 0
24722 0 6 256 3 0
25248 1 3 256 1 0
25521 0 6 256 3 0
25702 1 4 256 4 1
26146 0 6 256 1 0
27617 0 6 256 3 0
107544 1 4 256 4 0
161145 0 6 256 3 1
279437 1 4 256 1 0
284836 1 5 256 1 0
24719 1 3 257 1 0
25408 0 6 257 1 0
107052 1 4 257 1 0
279438 0 6 257 1 0
279440 1 4 257 1 0
25826 0 6 258 1 0
107053 1 4 258 3 0
108025 1 3 258 2 0
108507 0 6 258 1 0
24973 0 6 259 1 0
25955 1 2 259 1 0
181002 0 6 259 2 0
279018 0 6 259 1 0
279445 1 2 259 1 0
285630 0 6 259 1 0
506420 0 6 259 1 0
552848 1 3 259 3 0
26009 0 6 260 3 1
278803 1 5 260 1 0
279441 0 6 260 1 0
505325 0 6 260 1 0
25954 0 6 261 0 1
279431 0 6 261 1 0
505819 0 6 261 1 0
552845 1 3 261 0 0
25146 1 3 262 1 0
279366 1 4 262 4 0
419596 0 6 262 3 1
505327 0 6 262 3 1
506692 1 4 262 1 0
24951 0 6 263 1 0
25872 0 6 263 1 0
25957 0 6 263 3 0
278271 0 6 263 2 0
278502 0 6 263 3 1
279446 1 3 263 3 0
506694 1 3 263 3 0
94577 0 6 264 3 1
279339 0 6 264 1 0
285640 1 3 264 1 0
505820 0 6 264 1 0
506691 1 3 264 1 0
552846 0 6 264 1 0
25834 1 4 265 1 0
162456 0 6 265 3 0
279527 1 3 265 4 0
505821 0 6 265 1 0
507107 1 3 265 4 0
507170 0 6 265 1 0
25148 0 6 266 3 0
25871 1 4 266 0 0
284840 1 4 266 1 0
505804 1 4 266 1 0
552847 0 6 266 1 0
552849 1 3 266 3 0
278503 0 6 267 3 0
284837 1 2 267 1 0
505722 0 6 267 1 0
505808 0 6 267 3 0
24787 1 3 268 1 0
26020 1 4 268 0 0
26309 0 6 268 1 0
229678 1 2 268 3 0
505428 0 6 268 1 1
505736 1 3 268 1 0
505948 1 4 268 1 0
552362 0 6 268 1 0
553038 1 3 268 4 0
24815 1 4 269 1 0
24985 1 2 269 0 0
279468 0 6 269 3 0
284839 0 6 269 3 0
505427 1 4 269 0 0
505921 1 3 269 3 0
552222 1 4 269 3 1
552360 1 3 269 1 0
24813 1 4 270 1 0
24931 0 6 270 1 0
25780 0 6 270 1 0
26022 1 2 270 2 0
26111 0 6 270 0 0
175631 0 6 270 3 0
285187 1 4 270 1 0
285681 1 3 270 1 0
495067 1 3 270 3 0
552785 0 6 270 1 0
553399 0 6 270 3 0
24876 0 6 271 1 0
26021 0 6 271 2 0
284667 0 6 271 1 0
284838 1 3 271 3 0
506819 0 6 271 1 0
506869 0 6 271 1 0
552416 0 6 271 1 0
552546 0 6 271 2 0
553313 0 6 271 1 0
24868 1 4 272 1 0
25029 0 6 272 1 0
25278 0 6 272 1 0
551911 1 4 272 4 0
553280 0 6 272 4 0
553381 1 2 272 1 0
24956 1 4 273 2 0
25024 0 6 273 1 0
26310 1 3 273 3 0
285806 1 3 273 1 0
506802 0 6 273 1 0
506818 1 2 273 1 0
506960 1 4 273 1 0
552647 0 6 273 1 0
553028 0 6 273 1 0
553225 1 2 273 3 0
24986 0 6 274 1 0
24988 0 6 274 1 1
25526 0 6 274 1 0
25719 0 6 274 1 0
26154 0 6 274 4 0
26198 1 2 274 1 0
285678 1 3 274 3 0
285680 0 6 274 1 1
506803 0 6 274 3 1
506871 0 6 274 3 0
552582 0 6 274 1 0
553384 0 6 274 3 1
25300 1 3 275 1 0
25867 1 3 275 1 0
26203 0 6 275 1 0
26311 0 6 275 3 1
552107 1 3 275 4 1
552612 1 2 275 1 0
24870 1 4 276 4 1
25285 0 6 276 1 0
25528 1 4 276 3 1
25538 0 6 276 1 0
25849 0 6 276 2 0
25889 1 4 276 1 0
26199 1 4 276 1 0
284899 0 6 276 1 0
507228 0 6 276 1 0
552649 0 6 276 3 0
553226 1 4 276 3 0
553278 0 6 276 3 0
553279 0 6 276 3 1
553580 1 2 276 1 0
25084 0 6 277 3 0
25525 0 6 277 1 1
25813 0 6 277 1 0
26256 0 6 277 1 0
553639 1 3 277 1 0
25555 0 6 278 1 0
25852 1 5 278 3 0
25854 1 5 278 1 0
25874 0 6 278 3 0
26112 0 6 278 1 0
317127 0 6 278 3 0
420714 0 6 278 3 0
552901 1 5 278 1 0
553238 0 6 278 1 0
24748 0 6 279 1 0
25032 1 4 279 3 0
25290 0 6 279 1 0
25299 0 6 279 1 0
25415 1 3 279 1 0
25554 1 3 279 1 1
25768 1 4 279 1 0
25997 1 3 279 1 0
26220 0 6 279 3 1
285194 0 6 279 3 1
285966 0 6 279 1 0
24998 0 6 280 1 0
25025 1 4 280 1 0
25121 0 6 280 3 0
25561 0 6 280 3 0
25869 0 6 280 3 0
26035 1 2 280 4 0
26110 0 6 280 0 0
285964 0 6 280 0 0
552611 1 3 280 1 0
552717 0 6 280 1 0
25416 1 2 281 2 0
25423 1 4 281 1 0
25470 1 3 281 1 0
25956 1 3 281 1 0
26023 0 6 281 2 0
26255 0 6 281 0 0
26750 1 4 281 3 0
254694 0 6 281 3 0
285152 1 4 281 1 0
25217 0 6 282 1 0
25257 1 3 282 2 1
25456 0 6 282 4 0
25465 0 6 282 0 0
25472 0 6 282 2 0
284964 1 3 282 1 0
552718 0 6 282 1 0
25026 0 6 283 3 1
25518 1 3 283 1 0
25615 0 6 283 1 0
25996 1 4 283 1 0
26257 1 5 283 3 0
26316 0 6 283 1 1
284648 1 3 283 1 0
285155 0 6 283 3 1
285159 0 6 283 1 0
25254 0 6 284 2 0
25262 0 6 284 3 0
25471 1 2 284 2 0
284649 0 6 284 1 0
285490 1 2 284 1 0
285670 0 6 284 1 0
285894 1 5 284 4 1
553140 0 6 284 1 1
553531 0 6 284 1 0
24999 1 3 285 2 0
25614 0 6 285 0 0
38862 0 6 285 4 1
286129 1 4 285 1 0
485555 1 3 285 3 1
552022 0 6 285 1 0
552719 1 4 285 3 0
552725 0 6 285 3 0
38863 0 6 286 4 0
285956 1 4 286 1 0
552716 0 6 286 1 0
553649 0 6 286 1 0
17255 1 4 287 3 1
24939 0 6 287 1 0
26118 1 3 287 1 0
284685 0 6 287 1 0
285154 0 6 287 1 0
25000 1 2 288 3 0
25001 0 6 288 3 1
25515 1 3 288 0 0
285955 0 6 288 0 0
286060 0 6 288 1 0
466328 1 2 288 2 0
553534 1 2 288 3 0
25913 0 6 289 1 0
26315 1 3 289 1 0
38853 0 6 289 3 0
38860 1 3 289 3 0
118136 0 6 289 3 0
285021 1 2 289 1 1
285151 1 2 289 1 0
285487 0 6 289 1 0
285929 1 4 289 1 0
286228 1 3 289 1 0
489667 1 2 289 3 0
552240 1 2 289 1 0
553141 0 6 289 1 0
24938 0 6 290 1 0
553532 1 2 290 1 0
25242 0 6 291 1 0
285488 0 6 291 2 0
285708 0 6 291 0 0
285820 0 6 291 0 0
553529 1 3 291 1 0
553535 1 4 291 3 0
24698 1 4 292 1 0
25893 0 6 292 1 0
25914 0 6 292 1 0
285164 1 3 292 3 0
285694 0 6 292 1 0
286229 1 4 292 1 0
286230 1 3 292 1 0
3304 0 6 293 3 0
25517 1 2 293 1 0
25519 0 6 293 3 0
285020 0 6 293 0 0
285473 0 6 293 1 0
386375 0 6 293 3 0
552042 1 3 293 2 0
25241 0 6 294 1 0
25704 0 6 294 1 0
285491 0 6 294 3 0
285692 0 6 294 0 0
285821 0 6 294 0 0
286231 1 3 294 1 0
551966 0 6 294 1 0
24941 0 6 295 3 1
25485 0 6 295 1 0
25707 1 3 295 3 0
285483 0 6 295 0 0
285486 1 4 295 0 0
285696 0 6 295 3 0
25509 0 6 296 0 1
26189 1 3 296 1 0
147401 1 2 296 3 0
285179 1 2 296 3 0
285471 1 3 296 1 0
285693 1 4 296 1 0
285965 0 6 296 1 0
286144 1 4 296 1 0
286224 0 6 296 4 1
286232 1 3 296 3 1
25058 1 3 297 2 0
284654 1 5 297 1 0
284757 1 3 297 3 0
285258 0 6 297 4 0
285274 0 6 297 0 0
285665 1 3 297 1 0
326798 0 6 297 3 0
369812 0 6 297 3 0
456439 1 3 297 2 0
24779 1 3 298 1 0
25510 0 6 298 1 0
25520 1 3 298 3 0
25693 0 6 298 1 0
207517 0 6 298 3 0
284889 0 6 298 3 0
285184 0 6 298 3 1
285327 0 6 298 1 0
25059 0 6 299 1 1
207375 0 6 299 3 0
284998 1 3 299 1 0
285180 1 2 299 1 0
286142 0 6 299 1 0
24890 1 2 300 1 0
24942 0 6 300 1 1
41350 1 4 300 2 1
284888 1 4 300 3 0
284979 1 3 300 4 0
285178 1 4 300 3 0
285597 0 6 300 1 0
24875 1 5 301 1 0
284653 1 2 301 0 0
284829 0 6 301 3 0
285689 0 6 301 1 0
326801 1 3 301 1 0
285183 1 3 302 3 0
285426 0 6 302 1 0
285472 1 4 302 1 0
285766 1 3 302 1 0
285813 1 4 302 4 1
24855 1 5 303 1 0
25118 0 6 303 1 0
284826 0 6 303 2 0
285589 0 6 303 1 0
285743 0 6 303 1 0
285817 1 4 303 1 0
529761 0 6 303 3 0
25512 0 6 304 1 0
326827 0 6 304 3 0
24769 0 6 305 1 0
24784 0 6 305 1 1
25008 0 6 305 1 0
25620 1 4 305 1 0
284657 0 6 305 3 0
284999 0 6 305 1 0
285402 1 3 305 1 1
285767 1 2 305 3 0
326803 1 1 305 3 0
326930 0 6 305 0 0
284655 1 3 306 1 0
284763 0 6 306 1 0
285475 1 4 306 3 0
285510 0 6 306 1 0
285685 0 6 306 1 0
285687 0 6 306 1 0
286034 1 2 306 1 0
25128 0 6 307 1 0
25514 1 3 307 3 0
284855 0 6 307 1 0
284924 0 6 307 1 0
285009 0 6 307 1 0
285148 1 5 307 1 0
285700 0 6 307 3 0
285814 1 3 307 4 1
285816 0 6 307 1 0
24734 0 6 308 1 0
25843 1 4 308 1 0
285001 1 4 309 3 0
285338 0 6 309 1 1
285397 1 3 309 3 0
285401 0 6 309 1 1
285509 1 3 309 1 0
285758 1 3 309 1 0
285848 1 5 309 1 0
286014 0 6 309 1 0
321680 1 4 309 3 0
24786 1 2 310 3 0
285003 0 6 310 2 0
285045 1 4 310 3 0
285146 1 2 310 1 0
285222 0 6 310 1 0
285250 1 3 310 1 0
24752 1 4 311 4 0
25917 1 2 311 1 0
109148 0 6 311 3 0
285246 1 3 311 1 0
498653 1 4 311 3 0
69151 0 6 312 3 0
190790 1 4 312 3 0
285002 1 2 312 2 0
285252 1 2 312 1 0
286012 1 4 312 0 0
286015 1 4 312 1 0
24791 1 4 313 4 1
285177 0 6 313 1 0
285254 1 3 313 1 0
285759 0 6 313 1 0
286186 1 3 313 1 0
23288 0 6 314 3 0
26169 0 6 314 2 0
228749 0 6 314 2 0
285253 0 6 314 3 1
286013 0 6 314 0 0
286016 0 6 314 3 0
286021 1 4 314 2 0
286106 1 1 314 1 0
498651 0 6 314 1 0
285247 1 3 315 3 0
285688 0 6 315 1 0
498652 1 3 315 3 0
499309 0 6 315 1 0
159194 0 6 316 3 0
284823 0 6 316 1 0
310442 0 6 316 3 0
68293 0 6 317 3 0
285256 0 6 317 3 0
285259 1 4 317 1 0
285331 0 6 317 3 0
286010 1 3 317 4 1
286019 1 3 317 1 0
500548 1 3 317 1 0
285330 1 3 318 3 0
285499 1 4 318 1 0
310440 1 4 318 2 0
310441 1 3 318 3 1
159191 0 6 319 3 0
228745 0 6 319 3 0
285059 0 6 320 1 0
285531 0 6 320 2 0
500552 0 6 320 3 1
285912 1 1 321 1 0
499461 0 6 321 1 0
499895 0 6 321 1 0
32465 0 6 322 3 0
63700 0 6 322 3 0
284939 0 6 322 1 0
285960 1 5 322 1 0
310452 0 6 322 3 0
498895 1 2 322 1 0
284658 0 6 324 1 0
286143 0 6 324 1 0
499383 1 4 324 1 1
499463 0 6 324 3 0
358584 1 4 325 2 0
499259 0 6 325 1 0
499455 0 6 325 1 0
500000 0 6 325 1 1
285624 0 6 326 1 0
285914 1 4 326 1 0
499003 1 4 326 1 0
214764 0 6 327 3 0
284693 1 3 327 1 0
310453 1 3 327 3 0
499459 1 4 327 3 0
500417 1 3 327 1 0
285359 0 6 328 1 0
285911 0 6 328 3 0
358540 0 6 328 1 0
499304 0 6 328 1 1
499458 1 4 328 3 0
285453 1 3 329 3 0
286112 1 2 329 1 0
499258 1 2 329 0 0
499382 1 3 329 1 0
499453 0 6 329 1 0
500521 0 6 329 1 0
499004 0 6 330 3 1
499183 1 2 330 1 0
499456 0 6 330 1 0
499465 0 6 330 3 0
310439 1 4 331 3 1
358544 1 3 331 3 0
499894 0 6 331 1 0
499929 1 2 331 4 1
499953 0 6 331 1 0
500418 1 4 331 1 0
499125 0 6 332 4 1
500316 0 6 332 1 0
285452 0 6 333 3 0
310438 1 2 333 3 0
358853 1 2 333 1 0
498734 1 5 333 1 0
499179 1 2 333 2 0
499403 0 6 333 1 0
499446 0 6 333 4 1
499738 1 5 333 1 0
500260 0 6 333 1 0
310447 1 3 334 3 1
498939 0 6 334 1 0
498976 0 6 334 1 0
209845 0 6 335 3 0
358852 0 6 335 1 0
498735 1 4 335 1 0
499938 1 2 335 1 0
285450 1 3 336 1 0
498693 1 3 336 1 0
498733 0 6 336 1 1
499055 1 3 336 1 0
499322 0 6 336 4 1
499921 0 6 336 1 0
499927 1 3 336 3 0
498739 1 2 337 4 1
499739 0 6 337 3 0
285729 0 6 338 1 0
358704 1 2 338 1 0
359315 0 6 338 1 0
499707 0 6 338 1 0
285445 0 6 339 3 0
285731 0 6 339 1 0
285892 1 4 339 1 0
498736 1 2 339 3 0
500033 0 6 339 2 0
285356 0 6 340 1 1
480581 1 4 340 3 1
498993 0 6 340 1 0
499393 1 4 340 3 0
500053 0 6 340 1 0
500471 1 2 340 1 0
206581 1 5 341 3 0
285591 0 6 341 1 0
285742 1 4 341 1 0
359527 1 5 341 1 0
499708 0 6 341 3 1
498991 0 6 342 0 0
542523 1 4 342 3 0
206572 1 3 343 3 0
285025 1 3 343 1 0
498730 1 3 343 1 0
498996 1 3 343 1 0
500439 0 6 343 1 0
500472 1 4 343 1 1
500474 0 6 343 3 0
551522 1 3 343 3 0
284928 0 6 344 1 0
285744 0 6 344 3 0
285745 0 6 344 3 0
500360 1 3 344 1 0
542524 0 6 344 3 1
285198 0 6 345 2 0
285437 1 3 345 1 1
285733 0 6 345 3 0
498992 0 6 345 1 0
498998 1 3 345 3 0
499036 1 2 345 1 0
499568 0 6 345 1 0
500463 0 6 345 1 0
9561 0 6 346 3 0
359529 1 3 346 1 0
498599 1 4 346 4 0
499712 0 6 346 1 0
498867 1 3 347 1 0
499035 0 6 347 1 0
499606 0 6 347 3 1
500461 1 3 347 1 0
500462 0 6 347 1 0
285024 1 4 348 1 0
285026 0 6 348 2 0
285923 1 3 348 1 0
498958 0 6 348 1 0
499112 1 4 348 1 0
499370 0 6 348 1 0
499698 0 6 348 1 0
500304 0 6 348 1 0
9646 1 2 349 2 1
34886 1 3 349 3 0
285192 0 6 349 3 0
285232 1 3 349 3 0
499000 1 3 349 4 1
499480 1 3 349 1 0
500285 0 6 349 1 1
500324 1 5 349 1 0
500466 0 6 349 3 1
500567 1 3 349 3 0
34883 0 6 350 2 0
285925 0 6 350 3 0
359528 1 4 350 1 0
498893 0 6 350 4 0
498933 0 6 350 1 0
499040 1 4 350 4 1
499385 0 6 350 2 0
499715 1 3 350 3 0
499939 0 6 350 1 1
500323 1 4 350 0 0
500422 0 6 350 1 0
9320 1 3 351 3 0
499032 0 6 351 0 0
499034 0 6 351 1 0
499042 0 6 351 1 0
499056 0 6 351 1 0
499374 0 6 351 3 0
499476 1 3 351 1 0
499482 0 6 351 3 1
499550 0 6 351 1 0
499716 1 4 351 3 1
499744 0 6 351 1 0
499791 0 6 351 1 0
500286 1 4 351 1 0
500325 0 6 351 3 0
213736 0 6 352 2 1
499033 0 6 352 0 0
499479 1 3 352 1 1
499793 1 3 352 3 0
500616 1 4 352 1 0
498926 1 2 353 3 0
498932 1 4 353 1 0
499220 0 6 353 1 0
499381 1 4 353 4 1
499697 0 6 353 1 0
500297 0 6 353 1 0
9470 1 3 354 2 0
9647 0 6 354 2 1
123130 1 2 354 3 0
498936 1 4 354 3 0
499037 1 4 354 3 0
499041 1 3 354 1 0
499061 1 3 354 1 1
499167 1 2 354 3 0
499404 1 4 354 1 0
499789 0 6 354 1 0
498611 0 6 355 1 0
498621 0 6 355 1 1
498795 0 6 355 1 0
498829 0 6 355 1 0
499369 1 2 355 1 0
499405 1 4 355 3 1
499474 0 6 355 0 0
499792 1 3 355 2 0
500005 1 3 355 3 1
500190 1 2 355 1 0
500298 1 2 355 1 0
54072 0 6 356 3 0
98326 1 3 356 4 0
123126 0 6 356 1 0
180330 1 3 356 4 0
498849 0 6 356 1 0
499368 1 2 356 0 0
499580 0 6 356 3 0
499628 1 3 356 1 0
499765 1 3 356 4 0
499790 0 6 356 1 0
499794 1 4 356 3 0
500194 0 6 356 3 0
349351 1 2 357 3 0
498767 0 6 357 1 0
498931 1 3 357 1 0
498935 1 2 357 3 0
499783 1 3 357 1 0
499986 1 3 357 3 0
500264 0 6 357 1 0
500370 0 6 357 1 0
500483 0 6 357 1 0
181475 0 6 358 4 0
498778 0 6 358 4 0
498797 0 6 358 1 0
499473 0 6 358 0 0
499846 0 6 358 1 1
500125 1 3 358 1 0
150473 1 3 359 2 0
244249 1 4 359 2 0
498642 1 4 359 1 0
498799 0 6 359 3 1
498871 0 6 359 2 0
499014 0 6 359 2 0
499771 1 4 359 3 0
499788 0 6 359 1 0
499818 0 6 359 1 0
499931 0 6 359 1 0
500054 0 6 359 1 0
208282 1 3 360 3 0
498554 0 6 360 1 0
498619 1 4 360 3 0
499372 0 6 360 2 0
499434 0 6 360 0 0
499477 1 3 360 3 0
499551 0 6 360 1 1
499630 0 6 360 1 0
499741 1 4 360 4 0
499760 0 6 360 1 0
500014 0 6 360 4 1
500078 0 6 360 3 0
500482 1 4 360 1 0
208280 0 6 361 0 0
499016 0 6 361 3 0
499180 1 5 361 2 0
499773 0 6 361 3 0
499784 0 6 361 1 0
499934 0 6 361 3 0
500077 1 3 361 2 0
500106 0 6 361 1 0
500188 0 6 361 3 0
500520 0 6 361 1 0
498628 1 5 362 1 0
498647 0 6 362 3 0
499475 1 3 362 1 0
499740 0 6 362 3 0
499819 1 3 362 1 0
499928 0 6 362 4 1
500350 0 6 362 1 0
500526 1 4 362 1 0
500554 0 6 362 2 1
550191 1 4 362 3 0
150471 1 2 363 0 0
499151 0 6 363 1 0
499378 1 4 363 1 0
499742 0 6 363 4 0
499802 1 3 363 1 0
500037 1 3 363 4 0
500127 1 3 363 3 1
500537 0 6 363 0 0
499012 1 3 364 0 0
499260 1 4 364 1 0
499327 1 4 364 1 0
499910 1 5 364 0 0
500073 0 6 364 1 0
500396 1 5 364 1 0
500484 0 6 364 3 0
500519 0 6 364 1 0
519514 0 6 364 3 0
