317568 2 1 3 0
10705 3 2 3 0
88376 3 2 3 0
194574 3 2 3 0
202348 3 2 1 0
299738 3 2 3 1
321482 4 3 3 0
74202 5 4 3 0
129471 5 3 3 1
387025 5 4 1 0
409249 5 2 3 1
127317 6 2 1 0
134815 6 2 3 0
350527 6 3 3 1
387970 6 3 1 0
10703 7 3 4 1
93453 7 3 1 0
370849 8 2 4 0
386988 8 2 1 0
128338 9 3 1 0
284524 9 3 3 0
387696 9 1 1 0
127711 10 4 2 0
128137 10 2 1 0
234765 10 3 3 0
302727 10 3 2 0
387027 10 4 3 0
102658 11 2 3 0
127689 11 4 1 0
370058 11 3 3 0
387448 11 2 1 0
128318 12 3 1 0
386836 12 2 3 0
387303 12 3 3 0
388491 12 2 1 0
127681 13 3 1 0
128077 13 3 1 0
128700 13 1 1 0
386852 13 3 4 0
127322 14 4 1 0
127682 14 3 3 0
128076 14 2 0 0
128373 14 3 1 1
128429 14 3 1 0
313846 14 2 1 0
386661 14 2 1 0
387142 14 2 1 0
387700 14 3 3 0
128078 15 2 1 0
128151 15 3 1 0
128611 15 3 1 0
386834 15 2 1 0
387449 15 3 3 0
387889 16 3 1 0
388566 16 2 1 0
128702 17 2 3 0
386663 17 2 1 0
387144 17 2 1 0
388616 17 2 1 0
128086 18 2 1 0
128401 18 3 1 0
387063 18 1 1 0
388451 18 2 1 0
388617 18 2 2 0
388681 18 3 4 0
128080 19 3 3 0
127743 20 3 1 0
388613 20 4 1 0
388222 21 4 1 0
127372 22 4 1 0
128986 22 3 3 0
388452 22 3 1 0
128508 23 2 1 0
130512 23 4 2 0
387625 24 2 1 0
127375 25 3 3 0
386659 25 3 3 1
128181 26 3 1 0
388335 26 3 3 0
38976 27 3 2 0
127374 27 3 3 0
127397 28 3 1 0
387505 28 3 3 0
127783 30 3 1 1
128218 30 2 1 0
128511 31 2 3 0
388496 32 3 4 0
