401858 1 3 5 4
333188 1 4 5 0
333189 1 4 5 0
142272 0 6 5 1
453650 0 6 5 3
453652 0 6 5 3
430724 0 7 5 1
213791 0 9 5 3
397827 0 10 5 3
431119 0 10 5 1
431120 0 10 5 1
213789 0 12 5 2
213790 0 12 5 2
397814 0 13 5 1
454017 0 13 5 1
472356 1 14 5 2
143219 1 15 5 1
143224 1 15 5 1
397828 0 15 5 1
397830 0 15 5 1
397832 0 15 5 1
399681 0 15 5 3
454015 0 15 5 2
454018 0 15 5 2
454019 0 15 5 2
139676 0 17 5 3
139677 0 17 5 3
399534 1 17 5 1
399536 1 17 5 1
454019 0 17 5 3
399185 1 18 5 1
454016 0 18 5 3
454018 0 18 5 3
397832 0 19 5 0
452671 0 20 5 3
397521 0 21 5 1
397812 0 21 5 1
453948 0 21 5 4
454292 0 23 5 1
454293 0 23 5 1
454297 0 23 5 1
454295 1 24 5 1
454296 1 24 5 1
398913 1 25 5 1
454296 0 25 5 1
454754 1 25 5 1
454294 1 26 5 3
454949 0 26 5 1
397588 0 27 5 3
453991 0 27 5 1
453994 0 27 5 1
454391 0 27 5 1
454702 0 27 5 3
454751 1 27 5 1
397129 0 28 5 1
397130 0 28 5 1
453619 0 28 5 1
453621 0 28 5 1
453622 0 28 5 1
454391 0 28 5 1
398396 1 29 5 1
399661 0 30 5 1
399663 0 30 5 1
399664 0 30 5 1
453829 0 30 5 3
454253 0 30 5 3
454910 0 30 5 1
42763 0 31 5 2
398042 0 31 5 1
398043 0 31 5 1
398289 0 31 5 1
398291 0 31 5 1
452609 0 31 5 1
452610 0 31 5 1
453832 1 31 5 0
452896 0 32 5 1
452898 0 32 5 1
130455 0 33 5 3
452588 0 34 5 1
452591 0 34 5 1
452592 0 34 5 1
452705 0 34 5 0
452706 0 34 5 0
452709 0 34 5 0
453028 0 34 5 3
454312 0 34 5 1
454315 0 34 5 1
454847 0 34 5 1
454848 0 34 5 1
452615 0 35 5 3
452733 0 35 5 1
452736 0 35 5 1
453764 0 35 5 1
454259 0 35 5 1
454529 0 35 5 0
454533 0 35 5 0
454836 0 35 5 1
454839 0 35 5 1
454841 0 35 5 1
454963 0 35 5 1
454964 0 35 5 1
399664 0 36 5 3
454208 0 36 5 0
454210 0 36 5 0
454212 0 36 5 0
454960 0 36 5 3
454961 0 36 5 3
454965 0 36 5 3
452698 0 37 5 1
453614 0 37 5 1
453615 0 37 5 1
453616 0 37 5 1
398795 1 38 5 1
454256 1 38 5 2
454255 0 38 5 3
452587 0 39 5 1
452588 0 39 5 1
452589 0 39 5 1
452618 0 39 5 3
453134 0 39 5 4
454020 1 39 5 1
454997 0 39 5 1
455000 0 39 5 1
455001 0 39 5 1
453472 0 40 5 1
453473 0 40 5 1
453474 0 40 5 1
398229 0 41 5 1
453765 0 41 5 2
454020 1 41 5 3
368523 0 42 5 1
449536 0 42 5 3
453296 0 42 5 1
368623 1 43 5 1
368626 1 43 5 1
381987 0 43 5 3
454369 0 44 5 1
454372 0 44 5 1
453137 0 45 5 1
453425 0 45 5 0
453428 0 45 5 0
452831 1 46 5 1
452924 0 46 5 1
454373 0 46 5 0
368624 1 47 5 3
368625 1 47 5 3
395699 0 47 5 2
395700 0 47 5 2
453414 0 47 5 0
453417 0 47 5 0
453418 0 47 5 0
453419 0 47 5 0
506204 0 47 5 2
367122 0 48 5 1
368005 0 48 5 1
376981 0 48 5 3
376984 0 48 5 3
453043 0 48 5 3
454345 1 48 5 1
454346 1 48 5 1
41208 0 49 5 3
398229 0 49 5 3
453560 0 49 5 1
453886 0 49 5 1
453888 0 49 5 1
454357 0 49 5 1
453012 0 51 5 1
454219 0 51 5 1
367315 0 52 5 1
367316 0 52 5 1
367320 0 52 5 1
452661 0 52 5 1
452662 0 52 5 1
452663 0 52 5 1
367321 0 53 5 1
367647 0 53 5 0
367649 0 53 5 0
368072 0 54 5 1
453009 0 54 5 2
453890 0 54 5 3
453988 1 54 5 3
453991 1 54 5 3
453993 1 54 5 3
473006 0 54 5 3
201105 0 55 5 3
367222 0 55 5 3
367223 0 55 5 3
367226 0 55 5 3
368141 0 55 5 1
453472 0 55 5 0
453998 0 55 5 0
454000 0 55 5 0
473009 0 56 5 0
506208 0 56 5 3
205140 0 57 5 3
326215 1 57 5 1
326216 1 57 5 1
327686 0 57 5 3
327688 0 57 5 3
334427 0 57 5 2
453790 1 57 5 1
149034 0 59 5 3
327154 0 59 5 1
149040 0 63 5 3
328579 0 63 5 2
540263 0 63 5 3
540264 0 63 5 3
266189 0 65 5 2
266190 0 65 5 2
544678 0 67 5 2
267680 0 70 5 1
267683 0 70 5 1
267681 1 75 5 0
