18354 1 3 6 3 0
49054 1 2 6 3 0
84619 0 6 6 4 0
100586 1 2 6 1 0
102512 0 6 6 3 0
153270 0 6 6 3 0
214792 1 3 6 1 0
215309 0 6 6 4 1
228007 0 6 6 3 0
233713 1 4 6 3 1
247867 0 6 6 3 0
273694 0 6 6 2 0
281898 1 3 6 1 0
318361 1 3 6 1 0
356114 0 6 6 3 0
358992 0 6 6 3 0
382743 0 6 6 3 0
433029 1 3 6 4 1
499241 0 6 6 3 0
559326 1 4 6 0 0
228005 0 6 7 1 0
100589 0 6 8 3 0
273343 0 6 8 4 0
560291 0 6 8 4 1
84750 1 3 9 4 0
214794 0 6 9 3 1
228006 0 6 9 1 0
356119 1 2 9 2 0
19134 0 6 10 4 0
49052 0 6 10 0 0
229296 1 3 10 1 0
317986 1 4 10 1 0
229062 0 6 11 1 0
322522 0 6 12 2 0
227886 1 4 13 1 0
317642 0 6 13 3 0
356122 0 6 13 3 1
229021 0 6 15 1 0
229299 0 6 15 3 0
356120 1 4 15 2 0
57094 0 6 16 3 0
229061 0 6 16 1 1
229307 0 6 16 1 0
229022 0 6 17 1 0
57095 0 6 18 3 0
228393 1 3 18 4 0
229672 1 3 18 1 0
356116 1 2 18 1 0
229381 0 6 19 1 0
229580 1 4 19 1 0
384593 1 3 19 3 0
190298 1 4 20 3 0
228396 0 6 20 4 0
228509 1 3 20 3 0
229308 1 2 20 1 0
229315 1 4 20 1 0
190674 1 4 21 1 0
229574 0 6 21 1 0
354569 1 4 21 1 0
194819 1 2 22 3 0
228030 1 3 22 3 0
228244 0 6 22 4 1
228394 1 4 22 4 0
229582 1 4 22 3 0
229673 1 5 22 3 0
229808 0 6 22 1 0
229972 1 2 22 1 0
229920 1 3 23 3 0
229025 0 6 24 1 1
229971 1 4 25 0 0
228942 0 6 26 1 0
229886 0 6 26 1 0
94178 1 4 27 2 0
190672 0 6 27 0 0
228111 1 2 28 1 0
229019 0 6 28 0 0
229026 1 4 28 1 0
229810 1 4 28 1 0
190341 0 6 29 0 0
227897 0 6 29 1 0
229887 0 6 29 1 0
229984 1 2 29 1 0
94177 1 3 30 1 0
228524 0 6 30 1 0
229028 1 2 30 3 0
93190 0 6 31 1 0
228723 1 4 31 4 0
229804 0 6 31 1 0
93534 0 6 32 3 1
94132 0 6 32 1 0
160644 0 6 32 3 0
228513 1 2 32 3 0
228642 1 5 32 1 0
229024 0 6 32 3 0
229807 1 3 33 1 0
229890 0 6 33 3 0
93032 1 3 34 4 0
94133 1 4 34 1 0
227887 1 4 34 1 0
228240 0 6 34 1 0
228638 0 6 34 2 0
228717 1 4 34 3 0
228724 1 4 34 4 1
229188 0 6 34 1 0
93031 0 6 35 3 0
227939 1 5 35 1 0
229294 1 2 35 0 0
46522 0 6 36 3 0
94131 1 3 36 0 0
229295 0 6 36 1 0
94385 0 6 37 1 1
227885 0 6 37 1 0
227899 0 6 37 1 0
228056 0 6 37 1 0
228622 0 6 37 1 0
229803 1 3 37 0 0
229809 0 6 37 1 0
94139 0 6 38 1 0
227940 1 4 38 1 0
94386 0 6 39 1 0
228626 0 6 39 1 0
229812 1 4 39 3 0
229431 0 6 40 1 1
94644 0 6 42 1 0
226394 0 6 42 3 1
228517 0 6 42 1 0
229158 1 3 42 1 0
229432 1 2 42 2 0
229805 1 3 42 3 0
228627 0 6 43 3 0
229166 1 4 44 3 0
229509 0 6 44 1 0
93745 1 3 45 1 0
228628 0 6 45 3 0
229159 1 2 45 1 0
229510 0 6 45 1 0
229557 0 6 45 1 0
229802 0 6 45 3 0
229880 0 6 45 1 0
93747 1 2 46 3 0
228516 0 6 46 1 0
228864 0 6 46 1 0
229187 1 2 46 1 0
229511 0 6 46 1 0
229958 0 6 46 4 1
228432 0 6 47 1 0
229168 0 6 47 3 0
229434 0 6 47 3 0
229879 1 3 47 0 0
94086 1 3 48 1 0
94096 1 2 48 3 0
94481 0 6 48 1 0
228947 0 6 48 1 1
229160 0 6 48 3 0
229552 1 2 48 3 1
229558 1 2 48 3 0
93746 0 6 49 1 0
229682 1 2 49 4 1
94089 0 6 50 3 1
229433 0 6 50 2 0
93970 1 4 51 1 0
94287 1 3 51 1 0
228233 0 6 51 2 0
229512 1 4 51 3 0
229699 1 4 51 1 0
94098 0 6 52 1 0
94480 1 5 52 1 0
228079 1 4 52 1 0
229878 1 3 52 0 0
374510 1 4 52 2 1
94238 0 6 53 1 0
94632 0 6 53 1 0
149308 0 6 53 3 0
228661 0 6 53 1 0
229698 0 6 53 1 1
411969 0 6 53 3 0
94236 1 4 54 0 0
94367 1 3 54 4 0
94483 1 2 54 3 0
229850 1 3 54 1 0
93663 0 6 55 1 0
94241 1 3 55 3 0
229700 0 6 55 3 0
229881 1 2 55 3 0
229862 0 6 56 3 0
94201 1 4 57 4 1
94240 1 4 57 3 0
228061 1 2 57 2 0
229849 1 4 57 1 0
343354 0 6 57 2 0
93086 1 5 58 1 1
149174 1 3 58 3 0
228518 0 6 58 1 0
229260 0 6 58 1 0
229852 0 6 58 3 0
93672 0 6 59 4 0
162080 1 3 59 3 0
229261 0 6 59 1 0
229265 1 3 59 3 0
506079 0 6 59 3 0
94527 1 4 60 2 0
228114 1 2 60 1 0
228515 0 6 60 1 0
307233 0 6 60 3 0
438828 0 6 60 3 0
149173 0 6 61 3 0
208186 1 3 61 3 0
228946 0 6 61 1 0
229792 0 6 61 1 0
506080 1 3 61 3 0
228408 1 3 62 3 0
228520 0 6 62 3 0
229453 1 5 62 1 0
229262 1 4 63 3 0
324502 0 6 63 3 0
94528 0 6 64 2 0
200078 1 3 64 3 0
229451 1 2 64 4 0
229677 1 4 64 1 0
229794 1 2 64 2 0
305327 0 6 64 3 0
4876 1 2 65 3 0
25565 0 6 65 2 0
229731 1 4 65 1 0
94529 0 6 66 3 0
109869 1 2 66 3 0
228193 1 3 66 1 0
229795 0 6 67 3 1
3854 0 6 70 4 1
228194 1 2 70 3 0
94530 0 6 72 3 0
228195 1 4 72 3 0
