559326 1 3 3 0
233713 1 3 3 3
433029 1 4 2 4
318361 1 4 2 1
281898 1 4 2 1
214792 1 4 2 1
18354 1 4 2 3
214790 0 4 5 1
281900 0 4 5 1
318359 0 4 5 1
318360 0 4 5 1
100586 1 5 1 1
49054 1 5 1 3
100587 0 5 5 1
100588 0 5 5 1
100589 0 5 5 1
100586 0 6 5 3
100587 0 6 5 3
100588 0 6 5 3
560292 0 6 5 4
317986 1 7 3 1
84750 1 7 2 4
229296 1 8 2 1
356119 1 8 1 2
317988 1 8 5 1
227886 1 10 3 1
227885 0 10 5 1
227888 0 10 5 1
227889 0 10 5 1
356120 1 12 3 2
229062 0 13 5 1
229063 0 13 5 1
57090 0 14 5 3
57091 0 14 5 3
57093 0 14 5 3
229580 1 16 3 1
229672 1 16 2 1
228393 1 16 2 4
229582 0 16 6 1
229671 0 16 5 1
229673 0 16 7 1
229315 1 17 3 1
190298 1 17 3 3
384593 1 17 2 3
356116 1 17 1 1
57092 0 17 5 3
57094 0 17 5 3
190299 0 17 5 3
354569 1 18 3 1
190674 1 18 7 3
228509 1 18 2 3
229312 1 18 5 1
190676 0 19 13 3
228394 1 19 3 4
229308 1 19 1 1
229307 0 19 5 1
229310 0 19 5 1
354571 1 19 5 1
228030 1 20 2 3
229920 1 21 2 3
229972 1 21 1 1
194819 1 21 1 3
194816 0 21 5 3
194818 0 21 5 3
229973 0 21 5 1
229974 0 21 5 1
229971 1 22 3 0
229973 1 23 5 0
94178 1 24 3 2
94175 0 24 5 2
94179 0 24 5 2
229810 1 25 3 1
229026 1 25 3 1
229808 0 25 5 1
229027 1 26 5 1
228111 1 27 1 1
228642 1 28 4 1
228723 1 28 3 4
94177 1 28 2 1
229984 1 28 1 1
228724 0 28 6 4
229985 0 28 5 1
229987 0 28 5 1
229028 1 29 1 3
228643 1 29 5 1
227939 1 31 4 1
228717 1 31 3 3
227887 1 31 3 1
94133 1 31 3 1
229807 1 31 2 1
228513 1 31 1 3
94134 0 31 5 1
228510 0 31 5 3
228511 0 31 5 3
93032 1 32 2 4
227885 1 32 5 1
227886 1 32 5 1
94131 1 34 2 0
229294 1 34 1 0
94134 0 34 5 0
227940 1 35 3 1
229803 1 35 2 0
229812 1 36 3 3
229806 1 36 5 0
229807 0 36 5 3
229809 0 36 5 3
229810 0 36 5 3
229805 1 40 2 3
229158 1 40 2 1
229803 0 40 5 3
229166 1 41 3 3
229432 1 41 1 2
229163 0 41 5 3
229165 0 41 5 3
229435 0 41 5 2
93747 0 42 5 1
93745 1 43 2 1
229159 1 44 1 1
229160 0 44 5 1
229879 1 45 2 0
229187 1 45 1 1
93748 0 45 5 3
229188 0 45 5 1
94086 1 46 2 1
94085 0 46 5 1
94087 0 46 5 1
94089 0 46 5 1
229878 1 46 5 0
229880 1 46 5 0
229558 1 47 1 3
229552 1 47 1 3
94096 1 47 1 3
94090 0 47 5 3
94092 0 47 5 3
94480 1 48 4 1
229699 1 48 3 1
229512 1 48 3 3
93970 1 48 3 1
229682 1 48 1 4
229510 0 48 5 3
374510 1 49 3 2
228079 1 49 3 1
94287 1 49 2 1
94288 0 49 5 1
94290 0 49 5 1
229882 0 50 5 0
94236 1 51 3 0
229850 1 52 2 1
94367 1 52 2 4
94241 0 53 6 3
94483 1 53 1 3
94238 0 53 5 3
94240 0 53 5 3
94480 0 53 5 3
229878 0 53 5 3
93086 1 54 4 1
229849 1 54 3 1
94201 1 54 3 4
229881 1 54 1 3
94238 0 54 5 3
229851 1 55 5 1
149174 1 56 2 3
228061 1 56 1 2
149172 0 56 5 3
228062 0 56 5 2
94527 1 57 3 2
229265 1 57 2 3
162080 1 57 2 3
229453 1 58 4 1
94526 1 58 5 2
94529 1 58 5 2
506080 1 59 2 3
208186 1 59 2 3
228114 1 59 1 1
229455 1 59 5 1
506079 0 59 5 3
229262 1 60 3 3
228408 1 60 2 3
229261 0 60 5 3
229263 0 60 5 3
229265 0 60 5 3
229677 1 61 3 1
229731 1 62 3 1
200078 1 62 2 3
229733 0 62 5 1
229794 1 63 1 2
229451 1 63 1 4
229452 0 63 5 4
229793 0 63 5 2
229795 0 63 5 2
4876 1 64 1 3
228195 0 64 5 1
109869 1 65 1 3
109870 0 65 5 3
228195 1 69 3 3
228194 1 69 1 3
228193 0 69 5 3
