313061 0 2 18 4
451137 1 2 4 1
376202 1 2 4 2
252671 1 3 3 3
252668 0 3 5 3
252669 0 3 5 3
252670 0 3 5 3
376203 1 3 5 2
451138 1 3 5 1
222932 1 4 3 1
459233 1 4 2 4
387689 1 4 2 4
189712 1 4 2 4
114826 1 4 2 0
189711 0 4 5 4
459234 0 4 5 4
223274 1 5 1 1
49186 1 5 1 3
49185 0 5 5 3
114828 1 5 5 0
210361 1 6 3 3
439270 1 6 2 3
223493 1 7 2 1
114053 1 7 2 0
431279 1 8 2 3
201031 1 8 2 3
431278 0 8 5 3
457558 1 10 2 1
115025 1 10 2 4
49183 1 10 2 0
457559 0 10 5 1
328787 1 11 3 3
223532 1 11 2 1
49289 1 11 2 3
221504 1 13 4 0
222867 1 13 2 1
309801 1 14 3 2
222644 1 14 3 1
223533 1 14 2 3
221505 1 14 5 0
221506 1 14 5 0
390648 1 15 2 3
222919 1 15 2 1
221611 1 15 2 1
135361 1 15 2 3
221613 0 15 5 1
222645 1 15 5 1
222646 1 15 5 1
222647 1 15 5 1
222920 0 15 5 1
222923 0 15 5 1
390649 0 15 5 3
505277 1 16 2 2
195102 1 16 2 0
222865 0 17 9 1
222762 1 17 4 1
162234 1 17 3 4
223173 1 17 2 1
222668 1 17 2 1
135361 0 17 5 2
195101 1 17 5 0
223175 0 17 5 1
506413 1 18 3 3
222080 0 18 5 1
222077 1 18 1 1
135360 1 18 1 2
222078 0 18 5 1
222079 0 18 5 3
222669 1 18 5 1
222761 1 18 5 1
221743 1 19 3 1
221742 0 19 5 1
74875 1 20 3 2
223282 1 20 1 1
49213 1 20 1 3
49212 0 20 5 3
74873 0 20 5 2
221740 0 21 5 1
221744 0 21 5 1
221745 1 22 3 3
221592 1 23 3 1
222884 1 23 2 3
223288 1 23 1 1
221593 0 23 5 1
222880 0 23 5 3
222881 0 23 5 3
223287 0 23 5 1
221484 1 24 3 0
222421 1 24 2 3
15950 1 24 2 3
222577 1 25 2 4
222296 1 25 2 3
221485 1 25 5 0
221487 1 25 5 0
222294 0 25 5 3
222295 0 25 5 3
222356 1 26 2 3
222357 0 26 5 3
223549 1 27 3 3
221841 1 27 2 1
223128 1 28 3 1
223285 1 28 2 3
221929 1 28 2 3
221925 0 28 5 3
221926 0 28 5 3
223129 0 28 5 1
223281 0 28 5 3
223282 0 28 5 3
223283 0 28 5 3
221533 1 29 3 1
223002 1 29 2 2
99221 0 29 5 1
223163 1 30 3 3
222999 0 30 6 0
223001 1 30 0 2
222998 0 30 5 1
223000 0 30 5 1
223001 0 30 5 1
222217 1 31 3 1
221927 1 31 2 3
214816 1 31 2 3
214815 1 31 1 3
221924 1 32 5 3
221925 1 32 5 3
221929 1 32 5 3
222218 1 32 5 1
99225 1 33 2 3
222216 1 34 3 1
223075 1 34 2 0
147520 1 34 2 1
221716 1 34 1 3
222219 0 34 5 1
223077 0 34 5 0
223078 0 34 5 0
184580 1 35 1 3
147519 1 35 5 1
147515 1 36 4 1
223026 1 36 2 3
148623 1 36 2 1
155623 1 36 1 3
147520 0 36 5 2
147521 0 36 5 2
147524 0 36 5 2
148624 0 36 5 1
133637 1 37 2 3
147516 1 37 5 1
323091 1 38 4 2
147429 1 38 2 1
147430 0 38 5 1
147431 0 38 5 1
215049 0 38 5 2
147412 1 39 3 1
61239 1 39 3 3
222732 1 39 2 3
222738 1 39 1 1
61238 0 39 5 3
147410 0 39 5 1
323090 1 39 5 2
323093 1 39 5 2
222337 1 40 4 1
148626 1 40 3 3
147518 1 40 3 3
148042 1 40 2 1
147939 1 40 2 1
147514 0 40 5 3
147515 0 40 5 3
147940 0 40 5 1
147941 0 40 5 1
148624 0 40 5 3
222730 1 40 5 3
222733 1 40 5 3
222215 1 42 3 2
222124 1 42 1 3
222213 0 42 5 2
148652 1 43 3 1
62475 1 43 2 1
203424 1 43 1 3
148651 0 43 5 1
147447 1 43 1 1
62474 0 43 5 1
148653 0 43 5 1
148654 0 43 5 1
222121 1 44 4 1
147999 1 44 3 1
148113 1 44 2 1
147283 1 44 1 3
147517 0 44 5 1
147278 1 45 3 3
147276 0 45 5 3
147279 0 45 7 3
148111 1 45 5 1
148114 1 45 5 1
222125 1 45 5 1
62694 1 46 3 1
62586 1 46 3 1
61575 1 46 3 1
256903 1 46 2 2
147777 1 46 2 3
147530 1 46 2 1
62696 0 46 5 1
62697 0 46 5 1
148077 1 47 4 1
61495 1 47 4 1
62427 1 47 3 1
148000 1 47 2 2
147516 1 47 2 1
62429 0 47 5 1
62430 0 47 5 1
147514 0 47 5 1
147515 0 47 5 1
148778 0 47 5 3
148011 1 48 4 1
147554 1 48 4 1
222339 1 48 1 3
148078 1 48 5 1
148079 1 48 5 1
148289 0 48 5 1
148474 1 49 2 1
148320 1 49 2 1
148290 1 49 2 1
61943 1 49 2 1
61942 0 49 5 1
61944 0 49 5 1
147556 1 49 5 1
148013 1 49 5 1
148322 0 49 5 1
382192 1 50 3 2
147468 1 50 2 1
147469 0 50 5 1
147471 0 50 5 1
147472 0 50 6 1
61852 1 51 4 3
384786 1 51 3 2
147193 1 51 3 1
61948 1 51 3 2
148473 1 51 2 3
147776 1 51 2 3
88906 1 51 2 3
62478 1 51 2 3
62403 1 51 2 1
61087 1 51 2 1
62961 1 51 1 3
61083 1 51 1 1
61086 0 51 5 1
61088 0 51 5 1
62960 0 51 5 3
63189 0 51 5 3
88903 0 51 5 3
147777 0 51 5 3
148469 0 51 5 3
148470 0 51 5 3
300290 1 52 3 1
256901 1 52 2 1
61497 1 52 2 1
62370 1 52 1 1
62306 1 52 1 1
61496 0 52 5 1
62372 0 52 5 1
62374 0 52 5 1
147674 0 52 5 1
313108 1 53 3 2
256670 1 54 4 1
255976 1 54 3 1
148122 1 54 3 1
147760 1 54 3 1
148471 1 54 2 1
148013 1 54 2 3
147675 1 54 2 0
147468 1 54 5 3
147471 1 54 5 3
148011 0 54 5 3
148472 0 54 5 1
148473 0 54 5 1
313110 1 54 5 2
257501 1 55 4 1
62371 1 55 3 1
61484 1 55 3 0
61017 1 55 3 3
559537 1 55 2 3
300797 1 55 2 1
147499 1 55 2 3
139174 1 55 2 2
62270 1 55 2 4
61014 0 55 5 3
62269 0 55 5 4
147497 0 55 5 3
148123 1 55 5 1
255974 1 55 5 1
300799 0 55 5 1
300800 0 55 5 1
559536 0 55 5 3
299031 1 56 2 1
256135 1 56 2 1
148310 1 56 2 3
147757 1 56 2 4
121489 0 56 5 4
147758 0 56 5 4
148309 0 56 5 3
257500 1 56 5 1
257502 1 56 5 1
299814 1 57 3 1
299732 1 57 3 1
147994 1 57 2 3
263448 1 57 1 2
121491 1 57 1 4
147157 0 57 5 0
147159 0 57 5 0
147761 0 57 5 3
147762 0 57 5 3
147764 0 57 5 3
147992 0 57 5 3
147993 0 57 5 3
299812 0 57 5 1
299813 0 57 5 1
299816 0 57 5 1
147877 1 58 2 1
147763 1 58 2 3
147191 1 58 2 3
147190 0 58 5 3
147878 0 58 5 1
298747 1 59 4 3
258892 1 59 3 3
147755 1 59 3 3
147133 1 59 3 0
300798 1 59 2 1
256672 1 59 2 3
62509 1 59 2 1
298743 1 59 1 1
148482 1 59 1 3
147880 1 59 1 0
62279 1 59 1 1
62278 0 59 5 1
147756 0 59 5 3
147883 0 59 5 0
147885 0 59 5 0
148479 0 59 5 3
148480 0 59 5 3
148481 0 59 5 3
256900 0 59 5 3
256901 0 59 5 3
298746 0 59 5 1
59875 1 60 4 3
60969 1 60 3 1
298780 1 60 2 1
148204 1 60 2 3
301210 1 60 1 1
263446 1 60 1 0
256904 1 60 0 3
60972 0 60 5 1
62508 1 60 5 1
62510 1 60 5 1
148201 0 60 5 3
148205 0 60 5 3
298742 1 60 5 3
298745 1 60 5 3
298746 1 60 5 3
298748 1 60 5 3
298783 0 60 5 1
298779 1 61 3 1
148619 1 61 3 1
62721 1 61 3 2
300264 1 61 2 3
299399 1 61 2 2
206047 1 61 2 3
147167 1 61 2 1
61957 1 61 1 1
61603 1 61 1 1
147169 0 61 5 1
147171 0 61 5 1
148620 0 61 5 1
206048 0 61 5 3
299398 0 61 5 2
300261 0 61 5 3
148815 1 62 4 3
61323 1 62 4 1
147993 1 62 3 3
70810 1 62 3 3
62610 1 62 3 1
367123 1 62 2 3
298777 1 62 5 1
148885 1 62 2 1
60931 1 62 2 1
147764 1 62 1 3
62726 1 62 1 3
62609 0 62 7 1
62723 0 62 5 3
70811 0 62 5 3
147166 0 62 5 3
147762 0 62 5 3
147877 0 62 5 3
147878 0 62 5 3
148883 0 62 5 1
148887 0 62 5 1
298778 0 62 5 1
298781 0 62 5 1
298780 1 62 5 1
298782 1 62 5 1
367124 0 62 5 3
263885 1 63 3 1
148812 1 63 3 1
60967 0 63 7 1
60897 1 63 3 1
147170 0 63 6 1
62201 1 63 2 1
148373 1 63 1 3
60968 0 63 5 0
60969 0 63 5 0
61325 1 63 5 1
62203 0 63 5 1
62280 0 63 5 1
148816 1 63 5 3
263887 0 63 5 1
263888 0 63 5 1
29390 1 64 4 3
515493 1 64 3 2
148622 1 64 3 3
147168 1 64 3 1
62850 1 64 3 1
62807 1 64 3 1
62672 1 64 3 0
61031 1 64 3 1
488599 1 64 2 3
301208 1 64 2 1
299242 1 64 2 1
257712 1 64 2 3
148363 1 64 2 1
61476 1 64 2 3
61064 1 64 2 0
61032 1 64 2 1
148203 1 64 1 1
61066 0 64 5 0
61067 0 64 5 0
62852 0 64 5 1
62853 0 64 5 1
147166 0 64 5 1
147167 0 64 5 1
148365 0 64 5 1
148619 0 64 5 3
148811 1 64 5 1
301211 0 64 5 1
488598 0 64 5 3
61927 1 65 4 1
298669 1 65 2 1
148817 1 65 2 1
147864 1 65 2 1
60927 1 65 2 1
60970 1 65 1 1
60926 0 65 5 1
60968 0 65 5 1
60971 0 65 5 1
60973 0 65 5 1
62610 1 65 5 1
62805 1 65 5 1
62806 1 65 5 1
147865 0 65 6 1
148820 0 65 5 3
298671 0 65 5 1
299590 0 66 24 3
263632 1 66 3 1
257787 1 66 3 3
62055 1 66 3 1
60972 1 66 3 3
299182 1 66 2 1
148819 1 66 2 3
147962 1 66 2 1
60945 1 66 2 3
299012 1 66 1 2
263087 1 66 1 1
148618 1 66 1 1
61926 1 66 5 1
61931 1 66 5 1
147963 0 66 5 1
148620 0 66 5 1
148621 0 66 5 1
257783 0 66 5 3
263088 0 66 7 1
263092 0 66 5 1
263634 0 66 5 1
298779 0 66 5 3
299011 0 66 5 2
299183 0 66 5 1
299184 0 66 5 1
300370 0 66 5 1
257739 1 67 3 3
148853 1 67 3 1
147785 1 67 3 1
147152 1 67 3 1
62205 1 67 3 3
61314 1 67 2 1
301209 1 67 1 1
62171 1 67 1 1
60971 1 67 5 3
62058 1 67 5 1
62173 0 67 5 1
62204 0 67 5 3
62206 0 67 5 3
147151 0 67 5 1
147153 0 67 5 1
147787 0 67 5 1
256734 0 67 5 3
256735 0 67 5 3
299588 1 67 5 3
263631 1 68 4 0
300226 1 68 3 1
147368 1 68 3 2
120603 1 68 3 3
61876 1 68 3 3
257784 1 68 2 2
173490 1 68 2 3
147968 1 68 2 3
148883 1 68 1 0
120601 0 68 5 3
147367 0 68 5 2
147370 0 68 5 2
147864 0 68 5 3
148885 0 68 5 0
148886 0 68 5 0
257740 1 68 5 3
257785 0 68 5 2
257786 0 68 5 2
263089 0 68 5 1
560842 1 69 3 3
300912 1 69 3 1
148818 1 69 2 2
147856 1 69 2 1
62540 1 69 2 1
62079 1 69 2 1
29777 1 69 2 3
147169 1 69 1 1
147171 0 69 5 1
147172 0 69 5 1
147858 0 69 5 1
148820 0 69 5 2
257783 0 69 5 3
257785 0 69 5 3
257787 0 69 5 3
263632 1 69 5 0
300225 1 69 5 1
560841 0 69 5 3
147201 0 70 13 4
148780 1 70 3 1
148607 1 70 3 2
41569 1 70 3 3
188336 1 70 2 3
147964 1 70 2 3
147925 1 70 2 4
147829 1 70 2 1
147961 0 70 5 3
147174 1 70 0 1
41570 0 70 5 3
147960 0 70 5 1
147963 0 70 5 1
147960 0 70 5 3
147962 0 70 5 3
147963 0 70 5 3
148778 0 70 5 1
148779 0 70 5 1
148782 0 70 5 1
263088 0 70 5 1
263089 0 70 5 1
503898 0 70 5 3
123805 1 71 4 0
350382 1 71 3 3
300801 1 71 3 1
299184 1 71 3 3
139198 1 71 3 3
263090 1 71 2 1
258011 1 71 2 1
256850 1 71 2 2
147375 1 71 2 3
60943 1 71 2 1
299581 1 71 1 3
162686 1 71 1 3
60946 0 71 5 1
139200 0 71 5 3
299579 0 71 5 3
300803 0 71 5 1
482103 1 72 3 2
147604 1 72 3 3
299418 1 72 2 4
148254 1 72 2 1
148253 0 72 6 1
148256 0 72 5 1
148257 0 72 5 1
256851 1 72 5 2
299181 1 72 5 3
299419 0 72 5 4
482104 0 72 5 2
257646 1 73 4 1
299480 1 73 3 0
256816 1 73 3 1
523416 1 73 2 3
300481 1 73 2 1
247543 1 73 2 3
62168 1 73 2 3
61870 1 73 2 1
60952 1 73 2 1
40762 1 73 2 1
300747 1 73 1 1
263084 1 73 1 2
148093 1 73 1 1
62541 1 73 1 3
40763 0 73 5 1
61926 0 73 5 1
61930 0 73 5 1
62166 0 73 5 3
148090 0 73 5 1
148094 0 73 5 1
300745 0 73 5 1
148327 1 74 3 1
123557 1 74 3 0
263281 1 74 2 1
181112 1 74 2 3
148328 1 74 2 1
123208 1 74 2 0
256872 1 74 1 1
252870 1 74 1 3
147285 1 74 1 1
123211 0 74 5 0
123560 0 74 5 0
147288 0 74 5 1
148326 0 74 5 1
148329 0 74 5 1
148330 0 74 5 1
148326 0 74 5 1
148329 0 74 5 1
148330 0 74 5 1
256815 1 74 5 1
256818 1 74 5 1
257645 1 74 5 1
257648 1 74 5 1
263284 0 74 5 1
299481 1 74 5 0
299482 1 74 5 0
147196 1 75 4 1
264368 1 75 3 4
61768 1 75 3 1
60930 1 75 3 1
480845 1 75 2 3
300802 1 75 2 3
263568 1 75 2 1
147197 1 75 2 1
123801 1 75 2 4
61932 1 75 1 4
148257 0 75 7 1
300803 0 75 5 3
202435 1 76 4 0
298836 1 76 3 0
147552 1 76 3 4
299421 1 76 2 0
263735 1 76 2 1
262847 1 76 2 1
255988 1 76 2 1
202438 1 76 2 3
123559 1 76 2 1
60953 1 76 1 3
60954 0 76 5 3
61766 1 76 5 1
61767 1 76 5 1
123560 0 76 5 1
147198 1 76 5 1
147199 1 76 5 1
147551 0 76 5 4
202436 0 76 5 3
262845 0 76 5 1
262848 0 76 5 1
262849 0 76 5 1
263736 0 76 5 1
263740 0 76 5 1
299422 0 76 5 0
391529 1 77 3 3
264374 1 77 3 1
124774 1 77 3 3
124146 1 77 3 1
123970 1 77 3 0
63129 1 77 3 1
40504 1 77 3 1
39999 1 77 3 1
520920 1 77 2 2
306373 1 77 2 3
123441 1 77 2 1
62469 1 77 2 1
41886 1 77 2 1
40802 1 77 2 1
123209 1 77 1 1
41079 1 77 1 1
39997 0 77 5 1
39998 0 77 5 1
40000 0 77 5 1
40001 0 77 5 1
40503 0 77 5 1
40506 0 77 5 1
40803 0 77 5 1
41077 0 77 5 1
41078 0 77 5 1
61930 0 77 5 1
63128 0 77 5 1
63130 0 77 5 1
123210 0 77 5 1
202437 1 77 5 0
263083 0 77 5 4
306370 0 77 5 3
391530 0 77 5 3
520921 0 77 5 2
520922 0 77 5 2
123195 1 78 4 1
264037 1 78 3 1
148628 1 78 3 1
300789 1 78 2 0
263907 1 78 2 3
263569 1 78 2 3
147127 1 78 2 4
123639 1 78 2 1
61717 1 78 2 3
478853 1 78 1 3
148888 1 78 1 1
148838 1 78 1 1
148421 1 78 1 4
62468 1 78 5 1
62470 1 78 5 1
123637 0 78 6 1
123638 0 78 5 1
148252 1 78 5 3
148253 1 78 5 3
148256 1 78 5 3
148422 0 78 5 4
148890 0 78 7 1
263568 0 78 5 3
263570 0 78 5 3
263903 0 78 5 3
263905 0 78 5 3
264036 0 78 5 1
299481 0 78 5 1
299484 0 78 5 1
299485 0 78 5 1
300793 0 78 5 0
478850 0 78 5 3
478852 0 78 5 3
265033 1 79 3 0
256815 1 79 2 0
148283 1 79 2 1
61871 1 79 2 1
264269 1 79 1 1
61897 1 79 1 3
61873 0 79 5 1
61898 0 79 5 3
123198 1 79 5 1
123822 0 79 5 1
123824 0 79 5 1
148281 0 79 5 1
148282 0 79 5 1
264272 0 79 5 1
123971 1 80 3 1
123318 1 80 3 1
124145 1 80 2 1
123291 1 80 2 1
123319 0 80 5 1
123970 0 80 5 1
265034 1 80 5 0
124096 1 81 4 1
123840 1 81 4 1
39876 1 81 3 1
263740 0 81 5 1
124772 1 81 2 1
62207 1 81 2 1
61396 1 81 2 3
263739 1 81 1 1
262949 1 81 1 3
148897 1 81 1 1
40454 1 81 1 1
39875 0 81 7 1
39998 0 81 5 0
40000 0 81 5 0
40001 0 81 5 0
40452 0 81 5 1
61395 0 81 5 3
123641 0 81 5 1
124146 1 81 5 1
148888 1 81 5 1
148896 0 81 5 1
262948 0 81 5 3
264105 1 82 4 1
264951 1 82 3 1
264677 1 82 3 1
62585 1 82 3 1
39561 1 82 3 1
39719 1 82 2 1
306062 1 82 1 2
148899 1 82 1 3
124531 1 82 1 1
39721 0 82 5 1
39722 0 82 5 1
39723 0 82 5 1
62586 0 82 5 1
62587 0 82 5 1
148896 0 82 5 3
148897 0 82 5 3
263736 1 82 5 3
263738 1 82 5 3
263739 1 82 5 3
263741 1 82 5 3
264132 1 83 3 1
124606 1 83 3 1
123905 1 83 3 3
123841 1 83 3 1
123501 1 83 3 1
39761 1 83 3 1
299484 1 83 2 1
147126 1 83 2 4
123290 1 83 2 1
123216 1 83 2 1
264702 1 83 1 4
41373 1 83 1 1
39746 1 83 1 1
39747 0 83 5 1
39749 0 83 5 1
40639 0 83 5 1
41372 0 83 5 1
123218 0 83 5 1
123219 0 83 7 1
123289 0 83 5 1
123292 0 83 5 1
123506 0 83 5 1
123823 0 83 5 1
123824 0 83 5 1
123906 0 83 5 3
124608 0 83 5 1
264107 1 83 5 1
264133 0 83 6 1
299483 0 83 5 1
299485 0 83 5 1
299486 0 83 5 1
296143 1 84 3 3
62208 1 84 3 2
1271 1 84 3 3
263380 1 84 2 4
263180 1 84 2 1
148326 1 84 2 1
41289 1 84 2 1
263299 1 84 1 1
148281 1 84 1 1
124132 1 84 1 1
40481 1 84 1 1
39763 1 84 6 1
39764 1 84 5 1
40480 0 84 5 1
41292 0 84 5 1
124136 0 84 5 1
124137 0 84 5 1
148284 0 84 5 1
263181 0 84 5 1
263184 0 84 5 1
263298 0 84 5 1
263301 0 84 5 1
263379 0 84 5 4
166727 1 85 4 0
62508 1 85 3 1
40937 1 85 3 3
40100 1 85 3 1
353749 1 85 2 2
264918 1 85 2 1
264432 1 85 2 1
263392 0 85 6 1
123336 1 85 2 1
40640 1 85 2 3
123542 1 85 1 1
1272 1 85 5 3
40638 0 85 5 3
40641 0 85 5 3
62207 1 85 5 2
123335 0 85 5 1
123337 0 85 5 1
123822 0 85 5 3
264431 0 85 5 1
264436 0 85 5 1
264920 0 85 5 1
353747 0 85 5 2
353750 0 85 5 2
290855 1 86 3 3
263391 1 86 3 1
147826 1 86 3 1
124666 1 86 3 4
123339 1 86 3 3
264420 1 86 2 1
148822 1 86 2 1
62097 1 86 2 1
40393 1 86 2 3
478712 1 86 1 1
264101 1 86 1 2
124097 1 86 1 3
40936 1 86 1 1
62509 1 86 5 1
62510 1 86 5 1
62511 1 86 5 1
124098 0 86 5 3
147827 0 86 5 1
147828 0 86 5 1
166728 1 86 5 0
166729 1 86 5 0
263390 1 86 5 3
263735 0 86 5 1
263737 0 86 5 1
264100 0 86 5 2
264421 0 86 5 1
264422 0 86 5 1
290854 0 86 5 3
478713 0 86 5 1
478714 0 86 5 1
478715 0 86 5 1
295878 1 87 3 3
271629 1 87 3 2
123923 1 87 3 1
42048 1 87 3 0
559196 1 87 2 2
478846 1 87 2 1
263300 1 87 2 1
40938 1 87 2 3
40015 1 87 2 3
1264 1 87 2 1
274464 1 87 1 2
263741 1 87 1 3
124826 1 87 1 1
124824 0 87 5 1
263298 0 87 5 1
263301 0 87 5 1
263302 0 87 5 1
271631 0 87 5 2
295877 0 87 5 3
559197 0 87 5 2
559199 0 87 5 2
263168 1 88 4 1
263664 1 88 3 1
263398 1 88 3 1
1637 1 88 3 3
293768 1 88 2 4
148166 1 88 2 3
128185 1 88 2 2
124828 1 88 2 3
42042 1 88 2 3
41457 0 88 6 3
124597 1 88 1 3
40305 1 88 1 1
41459 0 88 5 1
41460 0 88 5 1
42049 1 88 5 0
124827 0 88 5 3
293767 0 88 5 4
39952 1 89 4 0
478462 1 89 2 1
263450 1 89 2 1
168008 1 89 2 0
145017 1 89 1 3
41460 0 89 5 3
263169 1 89 5 1
263452 0 89 5 1
263667 1 89 5 1
478463 0 89 5 1
40186 1 90 4 1
1336 1 90 4 1
263931 1 90 3 1
201002 1 90 3 1
147715 1 90 3 1
484 1 90 3 1
545111 1 90 2 3
530622 1 90 2 2
263747 1 90 2 3
147510 1 90 2 2
39953 1 90 5 0
39955 1 90 5 0
147508 0 90 5 2
147509 0 90 5 2
147825 0 90 5 3
147827 0 90 5 3
263743 0 90 5 3
530623 0 90 5 2
545112 0 90 5 3
123922 0 91 8 3
477777 1 91 3 1
263773 1 91 3 1
124487 1 91 3 3
124250 1 91 3 1
40686 1 91 3 0
478713 1 91 2 2
478461 1 91 2 0
264649 1 91 2 1
124052 1 91 2 3
123624 1 91 2 4
40014 1 91 2 3
1268 1 91 2 2
487 1 91 5 1
40187 1 91 5 1
40688 0 91 5 0
40689 0 91 5 0
123623 0 91 5 4
124049 0 91 5 3
124486 0 91 5 3
201004 1 91 5 1
201006 1 91 5 1
478463 0 91 5 0
478464 0 91 5 0
478712 0 91 5 2
546107 1 92 3 3
263020 1 92 3 1
259085 1 92 3 3
168009 1 92 3 1
84543 1 92 3 3
40878 1 92 3 1
40303 1 92 3 0
484012 1 92 2 3
296477 1 92 2 3
123587 1 92 2 1
376556 1 92 1 3
290853 1 92 1 1
1739 1 92 1 1
40877 0 92 5 1
123585 0 92 5 1
123588 0 92 5 1
123589 0 92 5 1
123591 0 92 5 1
123923 1 92 5 0
123924 1 92 5 0
124252 1 92 5 1
124253 1 92 5 1
124254 1 92 5 1
201003 0 92 5 3
259082 0 92 5 3
263774 1 92 5 1
264650 1 92 5 1
290855 0 92 5 1
376554 0 92 5 3
477778 1 92 5 1
477779 1 92 5 1
477780 1 92 5 1
477781 1 92 5 1
48794 0 93 13 3
505903 1 93 4 1
123544 1 93 3 4
40781 1 93 3 0
40687 1 93 3 0
264911 1 93 2 3
40305 1 93 5 0
123589 0 93 5 1
123924 0 93 5 1
124485 0 93 5 3
263019 1 93 5 1
264025 1 94 4 0
263177 1 94 3 1
41495 1 94 3 3
491411 1 94 2 3
478848 0 94 5 1
478847 0 94 5 3
390319 1 94 2 3
117288 1 94 2 3
264026 1 94 1 1
263182 1 94 1 1
123928 1 94 1 3
123923 0 94 5 3
123926 0 94 5 3
390320 0 94 5 3
478844 0 94 5 3
264910 1 95 4 0
477701 1 95 3 1
290362 1 95 2 1
264662 1 95 2 1
264106 1 95 2 2
263013 1 95 2 1
68871 1 95 2 3
39953 1 95 2 1
485 1 95 2 2
478715 1 95 1 3
39824 1 95 1 4
1329 1 95 1 2
484 0 95 5 2
41494 1 95 5 3
263014 0 95 5 1
263015 0 95 5 1
263174 1 95 5 1
263175 1 95 5 1
263176 1 95 5 1
264027 1 95 5 0
264028 1 95 5 0
290361 0 95 5 1
290363 0 95 5 1
478713 0 95 5 3
201542 1 96 3 1
273 1 96 3 1
545987 1 96 2 4
478689 1 96 2 1
263328 1 96 2 1
254106 1 96 2 3
201004 1 96 2 1
147717 1 96 2 1
123582 1 96 2 3
22349 1 96 2 3
98937 1 96 1 3
271 0 96 5 1
272 0 96 5 1
275 0 96 5 1
22348 0 96 5 3
98935 0 96 5 3
98936 0 96 5 3
123581 0 96 5 3
123583 0 96 5 3
123588 0 96 5 3
201006 0 96 5 1
201543 0 96 5 1
201544 0 96 5 1
201545 0 96 5 1
254104 0 96 5 3
263329 0 96 5 1
264911 1 96 5 0
505904 1 97 3 1
264986 1 97 3 3
219868 1 97 2 3
118221 1 97 2 3
96965 1 97 2 2
242222 1 97 1 4
167342 1 97 1 1
118219 0 97 5 3
118220 0 97 5 3
123586 0 97 5 1
123588 0 97 5 1
123591 0 97 5 1
147715 1 97 5 1
167341 0 97 5 1
167347 0 97 5 1
219867 0 97 5 3
264985 0 97 5 3
367454 0 97 5 3
367455 0 97 5 3
478690 1 97 5 1
199963 1 98 4 4
40789 0 98 8 1
875 1 98 4 1
505971 1 98 3 1
478435 1 98 3 1
293052 1 98 3 1
239168 1 98 3 3
123590 1 98 3 3
41862 1 98 3 1
41219 1 98 3 1
422 1 98 3 3
264470 1 98 2 1
263377 1 98 2 3
263376 1 98 2 2
147227 1 98 2 1
40787 1 98 2 1
3875 1 98 2 2
264629 1 98 1 4
201678 1 98 1 1
274 1 98 1 1
275 0 98 5 1
40791 0 98 5 1
123589 0 98 5 1
147228 0 98 5 1
183880 0 98 5 3
263378 0 98 5 3
264475 0 98 5 1
385306 1 99 3 3
123584 1 99 3 3
348 1 99 3 3
493144 1 99 2 2
310497 1 99 2 3
124246 1 99 2 2
124169 1 99 2 4
117289 1 99 2 3
263969 1 99 1 1
235581 1 99 1 2
1018 1 99 1 1
572 1 99 1 1
486 1 99 1 3
182 0 99 5 1
346 0 99 5 3
485 0 99 5 3
877 1 99 5 1
1019 0 99 5 1
201678 0 99 5 1
201679 0 99 5 1
201681 0 99 5 1
235583 0 99 5 2
263176 0 99 5 3
263332 0 99 5 1
478437 1 99 5 1
41657 1 100 4 1
477575 0 100 6 0
290451 1 100 3 3
1358 1 100 3 1
575 1 100 3 3
477435 1 100 2 2
264088 1 100 2 1
264052 1 100 2 1
201680 1 100 2 1
166603 1 100 2 2
41959 1 100 2 2
1020 1 100 2 3
260544 1 100 1 3
131237 1 100 1 3
1017 0 100 5 3
117288 1 100 5 3
123581 1 100 5 3
123583 1 100 5 3
166601 0 100 5 2
166602 0 100 5 2
166604 0 100 5 2
167345 0 100 5 1
201678 0 100 5 1
264092 0 100 5 1
264093 0 100 5 1
290450 0 100 5 3
263424 1 101 4 3
264733 1 101 3 3
264471 1 101 3 1
264416 1 101 3 1
263054 1 101 3 1
98938 1 101 3 3
40788 1 101 3 1
506407 1 101 2 3
477574 1 101 2 0
264724 1 101 2 1
263582 1 101 2 1
262888 1 101 2 3
104063 1 101 2 2
40747 1 101 2 1
280 1 101 2 1
39659 1 101 1 1
572 1 101 5 3
39661 0 101 5 1
39662 0 101 5 1
40787 0 101 5 1
41655 1 101 5 1
98936 0 101 5 3
104062 0 101 5 2
167345 0 101 5 0
262886 0 101 5 3
262887 0 101 5 3
263584 0 101 5 1
264417 0 101 5 1
264727 0 101 5 1
264730 0 101 5 3
477576 0 101 5 0
506405 0 101 5 3
506406 0 101 5 3
249116 1 102 4 1
292436 1 102 3 1
264857 1 102 3 1
263919 1 102 3 1
123253 1 102 3 1
1356 1 102 3 0
479143 1 102 2 1
478838 1 102 2 3
214510 1 102 2 2
106079 1 102 2 3
41860 0 102 5 0
41209 1 102 2 1
543966 1 102 1 3
41861 1 102 1 0
40122 1 102 1 1
279 1 102 7 1
281 1 102 5 1
282 1 102 5 1
40123 0 102 5 1
40124 0 102 5 1
41212 0 102 5 1
41864 0 102 5 0
41865 0 102 5 0
41862 0 102 5 0
106078 0 102 5 3
264472 1 102 5 1
264473 1 102 5 1
264859 0 102 6 1
264860 0 102 5 1
264861 0 102 5 1
292437 0 102 5 1
292438 0 102 5 1
478835 0 102 5 3
479141 0 102 6 1
479142 0 102 5 1
166597 1 103 3 3
39656 1 103 3 1
507027 1 103 2 4
323290 1 103 2 0
291428 1 103 2 0
262998 1 103 2 1
200676 1 103 2 1
41108 1 103 1 1
349 1 103 1 3
1359 1 103 5 0
1361 1 103 5 0
39654 0 103 5 1
41107 0 103 6 1
41110 0 103 5 1
200674 0 103 5 1
263001 0 103 5 1
263921 1 103 5 1
323289 1 104 5 0
41187 1 104 3 1
40791 1 104 3 3
40126 1 104 3 3
20880 1 104 3 0
1216 1 104 3 0
264355 1 104 2 1
166609 1 104 2 2
148312 1 104 2 0
41878 1 104 2 1
41195 1 104 2 3
40972 1 104 2 1
40122 0 104 5 3
40123 0 104 5 3
40312 0 104 5 1
148313 0 104 5 0
323291 1 104 5 0
166600 1 105 4 4
98940 1 105 4 0
479140 1 105 3 0
40266 1 105 3 1
293034 1 105 2 1
259951 1 105 2 2
255048 1 105 2 3
147719 1 105 2 3
264192 1 105 1 1
40787 1 105 5 3
40790 1 105 5 3
41877 1 105 5 1
41879 1 105 5 1
147718 0 105 5 3
255047 0 105 5 3
264193 0 105 5 1
264196 0 105 5 1
264860 0 105 5 1
293035 0 105 6 1
293172 0 105 5 1
293174 0 105 5 1
323290 1 105 5 0
479139 0 105 5 1
479143 0 105 5 1
479144 0 105 5 1
321424 1 106 3 1
291430 1 106 3 2
264091 1 106 3 1
167247 1 106 3 1
535346 1 106 2 3
479748 1 106 2 3
263929 1 106 2 1
41832 1 106 2 1
41151 1 106 2 1
1360 1 106 2 3
293173 1 106 1 1
41580 1 106 1 1
40555 1 106 1 1
1358 0 106 5 3
40267 1 106 5 1
41111 0 106 5 0
41581 0 106 5 1
41582 0 106 5 1
167248 0 106 5 1
167249 0 106 6 1
260742 0 106 5 1
263930 0 106 5 1
263932 0 106 5 1
263933 0 106 5 1
264093 0 106 5 1
321425 0 106 5 1
321426 0 106 5 1
478840 0 106 5 2
41831 1 107 6 0
294746 1 107 3 2
292438 1 107 3 3
41829 1 107 3 0
41469 1 107 3 1
41366 0 107 5 1
41201 1 107 3 1
40072 1 107 3 4
292441 1 107 2 1
269658 1 107 2 3
82766 1 107 2 3
40643 1 107 2 4
39676 1 107 2 3
20841 1 107 2 3
20499 1 107 2 3
200718 1 107 1 1
41365 1 107 1 1
41368 0 107 5 1
41470 0 107 5 1
200719 0 107 5 1
200721 0 107 5 1
269657 0 107 5 3
292435 0 107 5 3
292436 0 107 5 3
294745 0 107 5 2
478817 0 108 6 0
124699 1 108 3 1
39771 1 108 3 1
526422 1 108 2 3
263678 1 108 2 3
263109 1 108 2 3
166598 1 108 2 3
41848 1 108 2 4
40814 1 108 2 3
40124 1 108 2 1
1393 1 108 2 3
323254 1 108 1 3
123255 1 108 1 2
1394 0 108 5 3
41203 1 108 5 1
41367 1 108 5 1
41368 1 108 5 1
41833 1 108 5 0
82767 1 108 5 3
123253 0 108 5 2
124697 0 108 5 1
124700 0 108 5 1
166597 0 108 5 3
323252 0 108 5 3
529572 0 108 5 3
323105 1 109 3 1
292013 1 109 2 3
41217 1 109 2 1
41152 1 109 2 1
264345 1 109 1 3
40977 1 109 1 1
40978 0 109 5 1
41154 0 109 5 1
264344 0 109 5 3
478818 0 109 5 0
529571 0 109 5 4
41280 1 110 3 1
40415 1 110 3 4
322000 1 110 2 1
40096 1 110 2 1
39770 1 110 2 0
40772 0 110 5 3
41281 0 110 5 1
321998 0 110 5 1
322141 1 111 4 3
526423 1 111 3 3
478819 1 111 3 2
359687 1 111 2 1
322878 1 111 2 1
291041 1 111 2 1
264092 1 111 2 1
263501 1 111 2 2
200146 1 111 2 1
40226 1 111 2 3
291360 1 111 1 1
263471 1 111 1 1
40125 1 111 1 3
40097 1 111 5 1
40098 1 111 5 1
40124 0 111 5 3
40223 0 111 5 3
263502 0 111 5 2
291042 0 111 5 1
291043 0 111 5 1
291044 0 111 5 1
291361 0 111 5 1
291364 0 111 5 1
322882 0 111 5 1
478816 0 111 5 2
478817 0 111 5 2
478818 0 111 5 2
291961 1 112 4 1
290794 1 112 4 1
478548 1 112 3 1
258635 1 112 3 3
123647 1 112 3 1
41221 1 112 3 3
478077 1 112 2 1
440671 1 112 2 3
264492 1 112 2 1
123644 1 112 2 1
41844 1 112 2 3
84381 1 112 1 3
39655 0 112 5 3
39658 0 112 5 3
41217 0 112 5 3
41220 0 112 5 3
41845 0 112 5 3
123645 0 112 5 1
123648 0 112 5 1
264491 0 112 5 1
264493 0 112 5 1
322138 1 112 7 3
322139 1 112 5 3
359689 1 112 5 1
440672 0 112 5 3
478078 0 112 5 1
478079 0 112 5 1
328698 1 113 3 3
322024 1 113 3 3
263993 1 113 3 1
200881 1 113 3 4
164958 1 113 3 2
323440 1 113 2 1
323106 1 113 2 1
322066 1 113 2 1
292684 1 113 2 1
290728 1 113 2 1
264540 1 113 2 1
263771 1 113 2 3
165798 1 113 2 4
41368 1 113 2 3
40700 1 113 2 1
40052 1 113 2 1
40008 1 113 2 4
292828 1 113 1 1
291967 1 113 1 1
263472 1 113 1 2
164974 1 113 1 3
123755 1 113 1 1
123198 1 113 1 1
41474 1 113 1 3
40009 0 113 5 4
40053 0 113 5 1
40055 0 113 5 1
40701 0 113 5 1
41469 0 113 5 3
41470 0 113 5 3
41473 0 113 5 3
123196 0 113 5 1
123197 0 113 5 1
123199 0 113 5 1
123200 0 113 5 1
123756 0 113 5 1
123757 0 113 5 1
164973 0 113 5 3
165797 0 113 5 4
263470 0 113 5 2
263471 0 113 5 2
263474 0 113 5 2
263995 0 113 5 1
264543 0 113 5 1
290729 0 113 5 1
290730 0 113 5 1
290795 1 113 5 1
290797 1 113 5 1
291966 0 113 5 1
292687 0 113 5 1
322021 0 113 5 3
322023 0 113 5 3
261213 1 114 4 1
214562 1 114 3 3
123402 1 114 3 1
478542 1 114 2 1
241987 1 114 2 3
200145 1 114 2 1
40006 1 114 2 4
478408 1 114 1 1
291300 1 114 1 1
41279 1 114 1 1
40094 1 114 1 4
41280 0 114 5 1
123195 0 114 5 1
123401 0 114 5 1
241989 0 114 5 3
322021 0 114 5 2
323441 1 114 5 1
323443 1 114 5 1
328697 1 114 5 3
478538 0 114 5 1
478540 0 114 5 1
359688 1 115 3 1
123826 1 115 3 1
477883 1 115 2 1
477528 1 115 2 4
345449 1 115 2 3
323109 1 115 2 3
292713 1 115 2 1
258637 1 115 2 3
123751 1 115 2 3
478391 1 115 1 1
123825 0 115 5 1
261216 1 115 5 1
322139 1 115 5 1
322141 1 115 5 1
345447 0 115 5 3
359690 0 115 5 1
477884 0 115 5 1
477885 0 115 5 1
321706 1 116 3 1
321590 0 116 7 3
292020 1 116 3 1
199962 1 116 3 3
164959 1 116 3 3
264811 1 116 2 3
263325 1 116 2 1
200879 1 116 2 3
264495 1 116 1 3
200878 0 116 5 3
200880 0 116 5 3
264492 0 116 5 3
264494 0 116 5 3
264809 0 116 5 3
291300 0 116 5 3
321592 0 116 5 1
321707 0 116 5 1
291974 1 117 4 1
476628 1 117 3 3
323107 1 117 3 1
292651 1 117 3 4
260606 1 117 3 1
292688 1 117 2 3
290956 1 117 2 1
264884 1 117 2 1
123650 1 117 2 3
40149 1 117 2 2
262463 1 117 1 1
41843 0 117 5 3
123194 0 117 8 1
123195 0 117 5 1
123198 0 117 5 1
123649 0 117 5 3
262462 0 117 5 1
262464 0 117 5 1
290957 0 117 5 1
291577 0 117 5 1
291578 0 117 5 1
291579 0 117 5 1
292019 1 117 5 1
292021 1 117 5 1
292022 1 117 5 1
292637 0 117 5 1
292652 0 117 5 4
292684 0 117 5 3
292685 0 117 5 3
292686 0 117 5 3
476626 0 117 5 3
291014 1 118 3 1
264212 1 118 3 4
34744 1 118 3 3
542984 1 118 2 2
292636 1 118 2 1
291576 0 118 6 3
200885 1 118 2 2
123829 1 118 2 3
41845 1 118 0 3
93320 0 118 5 3
123825 0 118 5 3
123827 0 118 5 3
263995 0 118 5 3
263996 0 118 5 3
291231 0 118 5 1
291977 1 118 5 1
321591 0 118 5 3
478541 0 119 6 3
477983 1 119 3 1
476627 1 119 3 1
322880 1 119 3 1
291549 1 119 3 1
264657 1 119 3 1
264370 1 119 3 1
240676 1 119 3 3
411776 1 119 2 3
382676 1 119 2 3
358906 1 119 2 1
261142 1 119 2 1
291786 1 119 1 1
123196 1 119 5 1
123197 1 119 5 1
123199 1 119 5 1
123200 1 119 5 1
264658 0 119 5 1
291575 0 119 5 3
291789 0 119 5 1
322877 0 119 5 1
322879 0 119 5 1
322883 0 119 5 1
358907 0 119 5 1
382675 0 119 5 3
411774 0 119 6 3
358911 0 120 7 1
485824 1 120 2 3
478544 1 120 5 1
477885 1 120 2 3
292515 1 120 2 1
261582 1 120 2 1
179809 1 120 2 3
40352 1 120 2 1
293179 1 120 1 1
292865 1 120 1 1
179808 0 120 5 3
240675 1 120 5 3
261581 0 120 5 1
261584 0 120 5 1
291550 1 120 5 1
292514 0 120 5 1
292517 0 120 5 1
292866 0 120 5 1
293180 0 120 5 1
358907 0 120 5 3
358910 0 120 5 3
477985 1 120 5 1
478538 1 120 5 1
478540 1 120 5 1
478539 0 120 5 3
478543 0 120 5 3
292859 1 121 4 1
291785 1 121 3 0
264371 1 121 3 1
292861 1 121 2 2
291005 1 121 2 1
290825 1 121 2 1
235105 1 121 2 2
84383 1 121 1 1
84385 0 121 5 1
291008 0 121 5 1
292862 0 121 5 2
292863 0 121 5 1
292866 0 121 5 1
264886 0 122 13 3
264402 1 122 4 0
292856 1 122 3 1
262883 1 122 3 3
358908 1 122 2 1
323179 1 122 2 1
262870 1 122 2 1
262848 1 122 2 1
214689 1 122 2 3
40871 1 122 2 3
292864 1 122 1 1
264916 1 122 1 3
264695 1 122 1 3
3866 0 122 5 2
3867 0 122 5 2
40870 0 122 5 3
262846 0 122 5 1
262847 0 122 5 1
262871 0 122 5 1
262872 0 122 5 1
264369 1 122 5 1
264372 1 122 5 1
264373 1 122 5 1
264694 0 122 5 3
264696 0 122 5 3
264917 0 122 5 3
291787 1 122 5 0
292857 0 122 5 1
292860 1 122 5 1
292862 1 122 5 1
323178 0 122 5 1
323180 0 122 5 1
323181 0 122 5 1
358906 0 122 5 1
358907 0 122 5 1
411776 0 122 5 1
321583 1 123 3 1
292873 1 123 3 1
181388 1 123 3 3
477571 1 123 2 1
292746 1 123 2 1
292561 1 123 2 3
262805 1 123 2 1
214935 1 123 2 3
134234 1 123 2 3
84915 1 123 2 1
84382 1 123 2 1
3868 1 123 2 2
513781 1 123 1 3
84917 0 123 5 1
84918 0 123 5 1
214936 0 123 5 3
262807 0 123 5 1
264403 1 123 5 0
264405 1 123 5 0
264885 1 123 5 3
292749 0 123 5 1
513779 0 123 5 3
513780 0 123 5 3
290322 1 124 4 1
41713 1 124 3 1
292867 1 124 2 3
292166 1 124 2 1
291630 1 124 2 1
290565 1 124 2 0
264656 1 124 1 1
41710 0 124 8 1
264655 0 124 5 1
264657 0 124 5 1
264658 0 124 6 1
290568 0 124 5 0
291783 0 124 5 1
292167 0 124 5 1
292560 1 124 5 3
292562 1 124 5 3
292872 1 124 5 1
292876 1 124 7 1
321582 1 124 5 1
263313 1 125 4 3
321584 1 125 3 1
291608 1 125 3 3
290746 1 125 3 1
41132 1 125 3 1
344378 1 125 2 1
292285 1 125 2 1
291768 1 125 2 1
322546 1 125 1 1
177563 1 125 1 3
85828 1 125 1 1
40946 1 125 1 1
291780 1 125 0 1
84757 0 125 5 1
84759 0 125 5 1
85831 0 125 5 1
177559 0 125 5 3
177561 0 125 5 3
286298 0 125 5 3
290748 0 125 5 1
291769 0 125 5 1
292284 0 125 5 1
292288 0 125 5 1
292818 0 125 5 1
292819 0 125 5 1
322547 0 125 5 1
344379 0 125 5 1
359097 1 126 4 1
292874 1 126 3 1
262800 1 126 3 3
250844 1 126 3 3
286300 1 126 0 3
41133 1 126 5 1
41134 1 126 5 1
250843 0 126 5 3
262797 0 126 5 3
262798 0 126 5 3
263314 0 126 5 0
263312 1 126 5 3
321582 1 126 5 1
358909 0 126 6 1
292544 1 127 4 1
263166 1 127 3 1
484188 1 127 2 3
292701 1 127 2 1
292222 1 127 2 1
321329 1 127 1 1
293025 1 127 1 0
290609 1 127 1 1
263167 0 127 5 1
263170 0 127 5 1
264654 0 127 5 3
290612 0 127 5 1
292224 0 127 5 1
292226 0 127 5 1
292872 1 127 5 1
292873 1 127 5 3
321332 0 127 5 1
321333 0 127 5 1
359098 1 127 5 1
484186 0 127 5 3
484189 0 127 5 3
292421 1 128 3 1
292280 1 128 3 1
291610 1 128 3 2
290877 1 128 3 1
290865 1 128 3 1
321649 1 128 2 1
290566 1 128 2 0
260311 1 128 2 4
292858 1 128 1 3
225585 1 128 1 3
84653 1 128 1 1
260309 0 128 5 4
264371 0 128 5 1
290569 0 128 5 3
290866 0 128 5 1
290876 0 128 5 1
292546 1 128 5 1
292547 1 128 5 1
292854 0 128 5 3
292856 0 128 5 3
321651 0 128 5 1
291270 1 129 3 0
290505 1 129 3 1
78932 1 129 3 3
344535 1 129 2 1
292063 1 129 2 1
290613 1 129 2 3
290506 1 129 6 1
159875 1 129 2 3
264783 1 129 1 1
78931 0 129 5 3
159874 0 129 5 3
264786 0 129 5 1
290507 0 129 5 1
290508 0 129 5 1
290609 0 129 5 3
290611 0 129 5 3
290612 0 129 5 3
292066 0 129 5 1
292067 0 129 5 1
292420 1 129 5 1
358911 0 129 5 1
484186 0 129 5 3
344660 1 130 3 1
321362 1 130 3 1
476266 1 130 2 1
343614 1 130 2 3
292656 1 130 2 3
290387 1 130 2 3
290509 1 130 5 1
291271 1 130 5 0
291273 1 130 5 0
292655 0 130 5 3
321365 0 130 5 1
321366 0 130 5 1
343608 0 130 5 3
344659 0 130 5 1
344661 0 130 5 1
290547 1 131 4 1
292641 1 131 3 1
85832 1 131 3 0
159876 1 131 2 3
344537 1 131 1 3
290745 1 131 1 1
177561 1 131 1 1
290748 0 131 5 1
292643 0 131 5 1
344536 0 131 5 3
476265 1 131 5 1
476267 1 131 5 1
476268 1 131 5 1
478629 1 132 3 3
149481 1 132 3 2
60240 1 132 3 2
478418 1 132 2 1
321548 1 132 2 1
291345 1 132 2 1
290610 1 132 1 1
60239 0 132 5 2
60242 0 132 5 2
290546 1 132 5 1
290612 0 132 5 1
290613 0 132 5 1
291346 0 132 5 1
291347 0 132 5 1
291348 0 132 5 1
478625 0 132 5 3
478623 1 133 3 1
448436 1 133 3 3
479023 1 133 2 1
159294 1 133 2 4
85831 1 133 2 3
84397 1 133 2 1
477695 1 133 1 1
41715 1 133 1 3
41710 0 133 5 3
41712 0 133 5 3
41713 0 133 5 3
85826 0 133 5 3
85827 0 133 5 3
85828 0 133 5 3
85830 0 133 5 3
477693 0 133 5 1
477694 0 133 5 1
477696 0 133 5 1
478947 1 134 3 1
531384 1 134 2 2
478095 1 134 2 2
477730 1 134 2 1
476257 1 134 2 1
85812 0 134 5 1
85813 0 134 5 1
85814 0 134 5 1
293220 0 134 5 3
448433 1 134 5 3
476258 0 134 5 1
476259 0 134 5 1
476261 0 134 5 1
477731 0 134 5 1
477733 0 134 5 1
478096 0 134 5 2
478097 0 134 5 2
531385 0 134 5 2
344662 1 135 3 3
292804 1 135 3 3
292539 1 135 3 1
292128 1 135 3 1
236021 1 135 3 3
84505 1 135 3 0
479076 1 135 2 4
479038 1 135 2 1
321366 1 135 2 1
293018 1 135 2 1
291507 1 135 2 1
85811 1 135 1 1
40552 1 135 1 4
40551 0 135 5 4
236020 0 135 5 3
291509 0 135 5 1
291510 0 135 5 1
292541 0 135 5 1
292799 0 135 5 3
292800 0 135 5 3
292802 0 135 5 3
292803 0 135 5 3
321364 0 135 5 1
321368 0 135 5 1
344659 0 135 5 3
344660 0 135 5 3
345140 0 135 5 1
477697 0 135 5 1
478948 1 135 5 1
344251 0 136 7 3
478130 1 136 3 0
85117 1 136 3 1
290582 1 136 2 1
262438 1 136 2 3
85914 1 136 2 1
85834 1 136 2 3
85120 1 136 2 1
49806 1 136 2 3
345567 1 136 1 2
290741 1 136 1 3
264784 1 136 1 1
84506 1 136 6 0
84507 1 136 5 0
84509 1 136 5 0
85832 0 136 5 3
85918 0 136 5 1
262433 0 136 5 3
262437 0 136 5 3
262439 0 136 5 3
290581 0 136 5 1
291646 0 136 5 3
292129 1 136 5 1
345566 0 136 5 2
478127 0 136 5 1
322380 1 137 3 3
293021 1 137 3 2
290335 1 137 3 1
344530 1 137 2 1
291647 1 137 2 3
235996 1 137 2 3
478902 1 137 1 1
290554 0 137 6 3
290556 0 137 5 3
344531 0 137 5 1
344532 0 137 5 1
478904 0 137 5 1
344253 1 138 3 3
291685 1 138 3 1
531389 1 138 2 3
479036 1 138 2 0
478997 1 138 2 1
478949 1 138 2 2
344509 1 138 2 3
293017 1 138 2 1
85603 1 138 2 1
292198 1 138 1 3
291886 1 138 1 1
85605 0 138 5 1
290338 1 138 5 1
291686 0 138 5 1
344252 0 138 5 3
344254 0 138 5 3
479000 0 138 5 1
479037 0 138 5 0
479038 0 138 5 0
479039 0 138 5 0
531386 0 138 5 3
291720 1 139 8 1
478220 1 139 3 1
290694 1 139 3 3
85917 1 139 3 1
85656 1 139 3 1
477511 1 139 2 1
323548 1 139 2 1
293220 1 139 1 2
204634 1 139 1 3
85765 1 139 1 1
84504 0 139 5 1
84505 0 139 5 1
85657 0 139 5 1
85914 0 139 5 1
85915 0 139 5 1
85920 0 139 5 1
323547 0 139 6 1
323549 0 139 5 1
323550 0 139 5 1
291282 1 140 4 1
300215 1 140 3 2
293100 1 140 3 1
291797 1 140 3 3
89273 1 140 3 3
509628 1 140 2 3
292863 1 140 2 1
292752 1 140 2 1
292548 0 140 6 1
291687 1 140 2 1
178659 1 140 2 3
166233 1 140 2 4
49805 1 140 2 3
291455 1 140 1 1
290740 1 140 1 2
262440 1 140 1 3
100712 1 140 1 3
85766 1 140 1 1
89270 0 140 5 3
178656 0 140 5 3
291457 0 140 5 1
291458 0 140 5 1
291719 1 140 8 1
291722 1 140 5 1
291794 0 140 5 3
292754 0 140 5 1
300216 0 140 5 2
448433 0 140 5 1
448435 0 140 5 1
478997 0 140 5 3
478998 0 140 5 3
84769 1 141 4 1
292550 1 141 3 1
290579 1 141 3 1
449788 1 141 2 1
158014 1 141 2 2
119169 1 141 2 3
84441 1 141 2 3
85190 1 141 1 1
84508 0 141 5 0
84510 0 141 5 0
84860 0 141 5 3
85188 0 141 5 1
85189 0 141 5 1
85192 0 141 5 1
119170 0 141 5 3
291281 1 141 5 1
291283 1 141 5 1
292549 0 141 5 1
449789 0 141 5 1
293204 1 142 3 2
84886 1 142 3 1
84403 1 142 3 1
476260 1 142 2 3
84408 1 142 2 1
84767 1 142 8 1
84768 1 142 5 1
84770 1 142 5 1
84773 1 142 5 1
84888 0 142 5 1
85519 0 142 5 1
290580 1 142 5 1
291722 1 142 5 1
449169 1 143 3 1
292183 1 143 3 1
290312 1 143 3 1
84404 1 143 5 1
85916 1 143 2 1
85514 1 143 2 3
84398 1 143 2 3
476005 1 143 1 1
344510 1 143 1 3
85518 1 143 1 1
84397 0 143 5 3
84405 1 143 5 1
84407 1 143 5 1
85914 0 143 5 1
85920 0 143 5 1
292538 0 143 5 3
292539 0 143 5 3
344509 0 143 5 3
449172 0 143 5 1
476004 0 143 5 1
85495 1 144 4 1
496723 1 144 3 3
292551 1 144 3 3
291679 1 144 3 1
158019 1 144 3 3
291361 1 144 2 1
85413 1 144 2 1
478332 1 144 1 1
292152 1 144 1 4
85767 1 144 1 1
84541 1 144 0 3
84405 1 144 5 1
84406 1 144 5 1
84768 1 144 5 0
84771 1 144 5 0
84773 1 144 5 0
84770 0 144 5 3
85414 0 144 5 1
85416 0 144 5 1
290313 1 144 5 1
290314 1 144 5 1
448436 0 144 5 3
531831 0 145 12 2
477766 1 145 3 1
292537 1 145 3 1
476843 1 145 2 4
476072 1 145 2 2
475951 1 145 2 1
293150 1 145 2 1
292778 1 145 2 1
292223 1 145 2 1
290311 1 145 2 1
291721 1 145 1 2
291717 0 145 5 2
85496 1 145 5 1
291718 0 145 5 2
292222 0 145 5 1
292539 0 145 5 1
292542 0 145 5 1
292779 0 145 5 1
292780 0 145 5 1
475953 0 145 5 1
496721 1 145 5 3
293045 1 146 4 1
292860 1 146 4 1
291009 1 146 4 1
250120 1 146 3 3
85907 1 146 3 3
478977 1 146 2 3
478892 1 146 2 2
478378 1 146 2 3
449893 1 146 2 1
336683 1 146 2 3
292554 1 146 2 1
290927 1 146 2 1
85905 0 146 7 3
85908 0 146 5 3
449894 0 146 5 1
477767 1 146 5 1
479090 1 147 4 3
86747 1 147 4 3
478978 1 147 3 3
385511 1 147 3 3
292879 1 147 3 1
292775 1 147 3 1
136247 1 147 3 3
85845 1 147 3 1
85494 1 147 2 1
84456 1 147 2 4
84402 1 147 2 0
477857 1 147 1 3
291368 1 147 1 1
85393 1 147 1 4
84404 0 147 5 0
277090 0 147 5 0
292862 1 147 5 1
292878 0 147 5 1
293046 1 147 5 1
477856 0 147 5 3
502603 0 148 7 3
477614 1 148 3 3
250547 1 148 3 3
84668 1 148 3 4
478995 1 148 2 3
292895 1 148 2 1
292299 1 148 2 3
292184 1 148 2 1
85585 1 148 2 1
84973 1 148 2 3
477270 1 148 1 4
448994 1 148 1 3
336684 1 148 1 3
292296 1 148 1 1
165918 1 148 1 3
85586 0 148 5 1
86744 1 148 5 3
292297 0 148 5 1
292298 0 148 5 1
292779 1 148 5 1
478977 1 148 5 3
478991 0 148 5 3
479089 1 148 5 3
502604 0 148 5 3
478441 1 149 3 1
84432 1 149 3 1
58643 1 149 3 3
85483 1 149 2 4
402173 1 149 1 2
58642 0 149 5 3
84667 1 149 5 4
85907 1 149 5 1
85908 1 149 5 1
291764 0 149 5 1
292298 1 149 5 3
292897 1 149 5 1
478444 0 149 5 1
501594 0 149 5 3
501595 0 149 5 3
292579 1 150 4 1
448993 1 150 3 3
291378 1 150 3 3
291761 1 150 2 1
290924 1 150 2 1
85588 1 150 2 3
80319 1 150 2 3
80317 0 150 5 3
291375 0 150 5 3
502602 0 150 5 3
477537 1 151 3 1
84433 1 151 3 3
449896 1 151 2 3
392846 1 151 2 2
293151 1 151 2 1
292556 1 151 2 3
190678 1 151 2 3
292553 0 151 5 3
293149 0 151 5 1
293150 0 151 5 1
293153 0 151 5 1
293154 0 151 5 1
392848 0 151 5 2
448992 1 151 5 3
448994 1 151 5 3
477538 0 151 5 1
450170 1 152 3 3
291006 1 152 3 1
290586 1 152 3 1
277089 1 152 3 0
162536 1 152 3 3
290580 1 152 2 1
7151 1 152 2 3
477515 1 152 1 2
292777 1 152 1 1
7148 0 152 5 3
7149 0 152 5 3
7152 0 152 5 3
277088 0 152 5 0
291008 0 152 5 1
292778 0 152 5 1
478708 0 152 5 1
478709 0 152 5 1
186751 1 153 4 3
207719 1 153 3 3
290575 1 153 2 1
245307 1 153 2 3
88849 1 153 2 3
46304 1 153 2 3
477768 1 153 1 3
191413 1 153 1 3
88851 0 153 5 3
191412 0 153 5 3
245304 0 153 5 3
245305 0 153 5 3
245306 0 153 5 3
290577 0 153 6 1
477765 0 153 5 3
477767 0 153 5 3
204620 1 154 4 3
475783 1 154 3 2
448475 1 154 3 1
388100 1 154 3 3
84639 1 154 3 3
478397 1 154 2 3
448476 1 154 2 1
291625 1 154 2 1
291385 1 154 2 1
290487 1 154 2 3
247488 1 154 2 3
85587 1 154 2 3
186750 1 154 5 3
186752 1 154 5 3
291384 0 154 5 1
291626 0 154 5 1
448479 0 154 5 1
448478 0 154 5 1
449764 0 154 5 1
448393 1 155 3 1
385417 1 155 2 3
290971 1 155 2 4
85843 1 155 2 1
508962 1 155 1 2
479089 1 155 1 3
319600 1 155 1 2
292226 1 155 1 3
85845 0 155 5 1
85846 0 155 5 1
85847 0 155 5 1
156439 0 155 5 2
156440 0 155 5 2
385415 0 155 5 3
385416 0 155 5 3
449511 0 155 5 1
508961 0 155 5 2
477623 1 156 3 0
292526 1 156 3 4
510814 1 156 2 2
449510 1 156 1 1
340000 1 156 1 2
292199 1 156 1 4
289131 1 156 1 3
292200 0 156 5 4
478512 0 156 5 3
510813 0 156 5 2
510815 0 156 5 2
320209 0 157 13 3
448250 1 157 4 2
447900 1 157 3 3
250545 1 157 3 1
156431 1 157 3 3
448473 1 157 2 2
292694 1 157 2 1
292695 0 157 5 1
447901 0 157 5 3
292884 1 158 4 3
477861 1 158 3 3
449767 1 158 3 3
319599 1 158 3 4
290115 1 158 3 1
290595 1 158 2 3
289130 1 158 2 1
109578 1 158 2 3
6581 1 158 2 1
448539 1 158 1 1
165919 1 158 1 3
156428 1 158 5 3
156429 1 158 5 3
165916 0 158 5 3
165918 0 158 5 3
290596 0 158 5 3
448251 1 158 5 2
292704 1 159 3 3
289671 1 159 3 1
448389 1 159 2 1
394633 1 159 2 3
393222 1 159 2 3
290587 1 159 2 1
449172 1 159 1 3
189367 0 159 5 2
292701 0 159 5 3
292702 0 159 5 3
393219 0 159 5 3
393220 0 159 5 3
394632 0 159 5 3
448388 0 159 5 1
448390 0 159 5 1
448391 0 159 5 1
449170 0 159 5 3
449173 0 159 5 3
449509 0 159 5 3
449512 0 159 5 3
382228 1 160 3 3
290118 1 160 3 4
448392 1 160 2 1
388493 1 160 2 1
288346 1 160 2 3
133687 0 160 5 3
133688 0 160 5 3
133690 0 160 5 3
156427 0 160 5 1
382225 0 160 5 3
448393 0 160 5 1
449779 1 161 3 0
449385 1 161 3 1
289672 1 161 7 1
116214 1 161 3 3
26839 1 161 3 3
292282 1 161 2 3
290589 1 161 1 3
221015 1 161 1 2
205192 1 161 1 1
26837 0 161 5 3
26838 0 161 5 3
290586 0 161 5 3
449613 0 161 5 1
289670 1 162 4 1
533345 1 162 3 3
509871 1 162 3 1
448727 1 162 3 1
319598 1 162 2 3
289590 1 162 2 3
449611 1 162 0 1
289588 0 162 5 3
289589 0 162 5 3
290637 0 162 5 1
290640 0 162 5 1
319597 0 162 5 3
449780 1 162 5 0
509870 0 162 5 1
388099 1 163 4 1
290117 1 163 3 3
156078 1 163 3 3
535722 1 163 2 3
304934 1 163 2 2
156430 1 163 2 1
394634 1 163 1 3
290636 1 163 1 1
156431 0 163 5 1
304932 0 163 5 2
304933 0 163 5 2
304936 0 163 5 2
421869 0 164 8 0
449386 1 164 3 1
289568 1 164 3 1
449809 1 164 2 0
448395 1 164 2 3
221011 1 164 2 2
205318 1 164 2 1
221009 0 164 5 2
221010 0 164 5 2
290113 1 164 5 3
388097 1 164 5 1
388100 1 164 5 1
449388 0 164 5 1
511129 1 165 3 4
388091 1 165 3 1
449765 1 165 2 1
448729 1 165 2 2
448522 1 165 1 3
376834 0 165 5 2
421871 1 165 5 0
448392 1 165 5 3
448519 0 165 5 3
448726 0 165 5 2
448727 0 165 5 2
449767 0 165 5 1
205319 1 166 3 1
156559 1 166 3 1
156427 1 166 3 0
116215 1 166 2 3
28098 1 166 2 3
369321 1 166 1 3
28099 0 166 5 3
116212 0 166 5 3
205322 0 166 5 1
511137 1 167 3 3
156560 1 167 3 1
449995 1 167 2 1
533343 1 167 1 1
448962 1 167 1 1
156432 1 167 5 0
448964 0 167 5 1
449996 0 167 5 1
449997 0 167 5 1
533341 0 167 5 1
449138 1 168 3 1
464704 1 168 2 3
449694 1 168 2 1
449258 1 168 2 1
155859 1 168 1 1
155860 0 168 5 1
155964 0 168 5 3
155965 0 168 5 3
155966 0 168 5 3
448945 0 168 5 1
449141 0 168 5 1
449257 0 168 5 1
449261 0 168 5 1
449695 0 168 5 1
464703 0 168 5 3
449613 0 169 13 3
448791 1 169 3 1
324791 1 169 3 3
321144 1 169 3 1
449610 1 169 2 1
448792 1 169 2 1
448464 1 169 2 1
448309 1 169 2 1
388675 1 169 2 1
448760 1 169 1 1
155967 1 169 1 3
37831 1 169 1 2
321145 0 169 5 1
388676 0 169 5 1
388678 0 169 5 1
448310 0 169 5 1
448311 0 169 5 1
448312 0 169 5 1
448313 0 169 5 1
448759 0 169 5 1
448763 0 169 5 1
448793 0 169 5 1
448794 0 169 5 1
449259 0 169 5 3
449609 0 169 5 1
449612 0 169 5 1
449999 1 170 3 3
388505 1 170 3 4
315923 1 170 3 3
304928 1 170 3 1
449713 1 170 2 1
449628 1 170 2 1
449391 1 170 2 1
449278 1 170 2 1
88881 1 170 2 3
37832 1 170 2 2
510446 1 170 1 3
204566 1 170 1 3
37831 0 170 5 2
88879 0 170 5 3
204565 0 170 5 3
204567 0 170 5 3
304929 0 170 5 1
304931 0 170 5 1
315920 0 170 5 3
315921 0 170 5 3
315924 0 170 5 3
388504 0 170 5 4
388678 0 170 5 1
449279 0 170 5 1
449392 0 170 5 1
449394 0 170 5 1
449609 1 170 5 3
449712 0 170 5 1
449714 0 170 7 1
532931 1 171 3 2
479030 1 171 3 3
449049 1 171 3 1
449080 1 171 2 1
394437 1 171 2 3
223984 1 171 2 3
315921 0 171 5 1
394438 0 171 5 3
479028 0 171 5 3
479029 0 171 5 3
449300 1 172 3 2
388628 1 172 3 1
385601 1 172 3 3
321300 1 172 3 1
40522 0 172 6 3
510831 1 172 2 4
448447 1 172 2 4
156374 1 172 2 4
320295 1 172 1 1
243571 1 172 1 3
321065 1 172 0 1
243570 0 172 5 3
319450 0 172 5 3
320296 0 172 5 1
320828 0 172 5 3
321299 0 172 5 1
388626 0 172 5 1
388627 0 172 5 1
448448 0 172 5 4
449134 1 173 2 1
449020 1 173 2 1
449637 1 173 1 4
320736 1 173 1 1
320738 0 173 5 1
449136 0 173 5 1
319201 1 174 4 1
449050 1 174 3 1
157218 1 174 3 1
532922 1 174 2 1
450087 1 174 2 1
448399 1 174 2 1
388262 1 174 2 1
319659 1 174 2 1
319662 0 174 5 1
319664 0 174 5 1
320739 0 174 6 1
320740 0 174 5 1
388263 0 174 5 1
449049 0 174 5 1
449053 0 174 5 1
450091 0 174 5 1
450073 1 175 3 3
320040 1 175 3 1
319975 1 175 3 1
450076 1 175 2 1
449135 1 175 2 1
448363 1 175 2 4
448271 1 175 2 1
445529 1 175 1 3
315407 1 175 1 1
319978 0 175 5 1
320039 0 175 5 1
320041 0 175 5 1
320043 0 175 5 1
448401 1 175 5 1
449134 0 175 5 1
450078 0 175 5 1
450088 1 176 4 1
502650 1 176 2 3
320293 1 176 2 1
449276 1 176 1 3
320294 0 176 5 1
320295 0 176 5 1
320296 0 176 5 1
502649 0 176 5 3
320498 1 177 4 1
319893 1 177 3 1
319574 1 177 3 1
157455 1 177 3 1
448374 1 177 2 3
320196 1 177 2 1
157337 1 177 2 1
157453 0 177 5 1
320740 0 177 5 3
448373 0 177 5 3
450079 0 177 5 1
450091 1 177 5 1
319977 1 178 4 1
157098 1 178 4 0
157458 1 178 3 3
449154 1 178 2 4
319891 1 178 2 1
156909 1 178 2 1
156496 1 178 2 4
155805 1 178 2 1
532929 1 178 1 3
155803 0 178 5 1
156908 0 178 5 1
156911 0 178 5 1
319895 0 178 5 1
320197 1 178 5 1
320199 1 178 5 1
320295 0 178 5 1
320297 0 178 5 1
320500 1 178 5 1
320754 0 178 5 1
320755 0 178 5 1
426412 1 179 2 2
320513 1 179 2 1
449275 1 179 1 4
319968 1 179 1 1
157099 1 179 5 0
157100 1 179 5 0
157101 1 179 5 0
319966 0 179 5 1
319969 0 179 5 1
320515 0 179 5 1
449274 0 179 5 4
449859 0 179 5 3
449863 1 180 3 1
319162 1 180 3 1
316715 1 180 3 1
533134 1 180 2 1
448229 1 180 2 4
321072 1 180 2 1
40523 1 180 2 2
448410 1 180 1 3
443111 1 180 1 3
40524 0 180 5 2
40525 0 180 5 2
316716 0 180 5 1
316719 0 180 5 1
321076 0 180 5 1
448411 0 180 5 3
449310 0 180 5 3
450103 1 181 3 1
320198 1 181 3 3
156101 0 181 7 3
449868 1 181 2 3
157375 1 181 2 3
157105 1 181 2 1
156838 1 181 2 1
155893 1 181 2 1
155891 0 181 6 1
155892 0 181 5 1
156839 0 181 5 1
157104 0 181 5 1
319163 1 181 5 1
319165 1 181 5 1
449869 0 181 5 3
532468 1 182 4 1
319967 1 182 3 1
319708 1 182 3 4
319436 1 182 1 1
157339 1 182 1 3
114940 1 182 1 2
319439 0 182 5 1
319968 0 182 5 1
450105 1 182 5 1
449492 1 183 2 1
437483 1 183 2 2
156103 1 183 2 3
319294 1 183 1 1
155974 1 183 1 1
155973 0 183 5 1
155977 0 183 5 1
156102 0 183 5 3
532471 1 183 5 1
532472 1 183 5 1
532918 1 184 3 1
531843 1 184 3 1
449496 1 184 3 3
315570 1 184 3 1
175550 1 184 3 3
557642 1 184 2 3
448670 1 184 2 3
319166 1 184 2 3
248326 1 184 2 2
319667 1 184 1 3
155896 0 184 5 1
315567 0 184 5 1
319163 0 184 5 3
449494 0 184 5 3
449495 0 184 5 3
164700 0 185 13 3
319217 1 185 3 1
97191 1 185 3 3
319437 1 185 2 1
157357 1 185 2 1
156530 1 185 2 1
73098 1 185 2 2
39977 1 185 2 4
161193 1 185 1 4
39976 0 185 5 4
73099 0 185 5 2
156529 0 185 5 1
156531 0 185 5 1
319216 0 185 5 1
319218 0 185 5 1
319439 0 185 5 1
532467 1 186 3 1
447289 1 186 2 3
429768 1 186 2 2
320792 1 186 2 1
320788 1 186 2 0
316716 1 186 2 1
183399 1 186 2 3
156938 1 186 2 3
156729 1 186 2 0
156935 0 186 5 3
156936 0 186 5 3
156937 0 186 5 3
164697 1 186 5 3
164698 1 186 5 3
183397 0 186 5 3
316719 0 186 5 1
316720 0 186 5 1
429769 0 186 5 2
447288 0 186 5 3
532468 0 186 5 1
532470 0 186 5 1
532471 0 186 5 1
559658 1 187 3 0
531845 1 187 3 3
408449 1 187 3 4
156965 1 187 3 1
155870 1 187 3 1
97192 1 187 3 3
532917 1 187 2 1
445358 1 187 2 4
319666 1 187 2 3
316273 1 187 2 3
316046 1 187 2 2
157356 1 187 2 0
156633 1 187 2 1
156632 0 187 5 1
156635 0 187 5 1
156730 1 187 5 0
156731 1 187 5 0
156967 0 187 5 1
157358 0 187 5 0
157361 0 187 5 0
319667 0 187 5 3
531842 0 187 5 3
559659 0 187 5 0
315402 1 188 3 2
156630 1 188 3 1
155821 1 188 3 1
319665 1 188 2 2
157195 1 188 2 3
156213 1 188 2 3
155938 1 188 2 3
319590 1 188 1 1
161190 1 188 1 4
155822 0 188 5 1
155871 1 188 5 1
155892 0 188 5 3
155894 0 188 5 3
155936 0 188 5 3
156632 0 188 5 1
321072 0 188 5 3
155764 1 189 3 3
320597 1 189 2 1
320285 1 189 2 1
320208 1 189 2 1
157194 1 189 2 3
156650 1 189 2 1
156049 1 189 2 1
448991 1 189 1 3
156651 0 189 5 1
157192 0 189 5 3
315404 1 189 5 2
320209 0 189 5 1
320599 0 189 5 1
559753 1 190 3 0
533369 1 190 3 1
320014 1 190 3 1
156345 1 190 3 3
448454 1 190 2 1
445331 1 190 2 4
321161 1 190 2 3
320349 1 190 2 1
277604 1 190 2 3
156348 1 190 2 1
155993 1 190 2 1
155662 1 190 2 1
157456 1 190 1 1
156066 1 190 0 1
155661 0 190 5 1
155994 0 190 5 1
156050 1 190 5 1
156349 0 190 5 1
156350 0 190 5 1
157457 0 190 5 1
157458 0 190 5 1
157459 0 190 5 1
277601 0 190 5 3
320348 0 190 5 1
320351 0 190 5 1
321159 0 190 5 3
321160 0 190 5 3
448453 0 190 5 1
448456 0 190 5 1
156857 1 191 3 1
532742 1 191 2 1
320598 1 191 2 1
156059 1 191 2 1
319534 1 191 1 1
319395 1 191 1 0
157454 0 191 5 1
157455 0 191 5 1
319397 0 191 5 0
319398 0 191 5 0
319399 0 191 5 0
319533 0 191 5 1
319538 0 191 5 1
320015 1 191 5 1
320463 0 191 5 2
533372 1 191 5 1
157325 1 192 4 1
156051 1 192 4 1
532779 1 192 3 1
337506 1 192 3 3
157293 1 192 3 1
449588 1 192 2 1
319826 1 192 2 1
319535 0 192 5 3
156690 1 192 1 1
155736 1 192 1 1
155737 0 192 5 1
156691 0 192 5 1
319396 0 192 5 1
319538 0 192 5 1
319537 0 192 5 3
319828 0 192 5 1
449587 0 192 5 1
449591 0 192 5 1
449592 0 192 5 1
532780 0 192 5 1
449841 0 193 5 1
155835 1 193 4 3
449842 1 193 3 1
320572 1 193 3 1
320396 1 193 3 1
553604 1 193 2 3
552200 1 193 2 3
320353 1 193 2 1
156824 1 193 2 3
156049 1 193 5 1
156052 1 193 5 1
156821 0 193 5 3
157324 1 193 5 1
320352 0 193 5 1
320356 0 193 5 1
320573 0 193 5 1
533371 0 193 5 3
531444 1 194 3 1
531338 1 194 3 1
321286 1 194 3 1
320470 1 194 3 1
156607 1 194 3 1
156376 1 194 3 1
155872 1 194 3 1
155750 1 194 3 0
445332 1 194 2 4
157545 1 194 2 1
320574 1 194 1 1
316276 1 194 1 3
155664 1 194 1 3
155661 0 194 5 3
155665 0 194 5 3
156377 0 194 5 1
156379 0 194 5 1
156380 0 194 5 1
157546 0 194 5 1
316274 0 194 5 3
316275 0 194 5 3
449942 0 194 5 1
449945 0 194 6 1
449947 0 194 5 1
531339 0 194 5 1
448713 1 195 4 0
319998 1 195 3 1
319528 1 195 3 1
157344 1 195 3 1
321201 1 195 2 1
321057 1 195 2 0
320616 1 195 2 1
320393 1 195 2 1
157621 1 195 2 0
156061 1 195 2 3
155757 1 195 2 0
338235 1 195 1 3
155753 1 195 5 0
155758 0 195 5 0
155759 0 195 5 0
155761 0 195 5 0
156608 1 195 5 1
156611 1 195 5 1
157346 0 195 5 1
157623 0 195 5 0
157624 0 195 5 0
319529 0 195 5 1
319531 0 195 5 1
320395 0 195 5 1
320398 0 195 5 1
320472 1 195 5 1
320619 0 195 5 1
448153 0 195 7 1
448155 0 195 5 1
449843 1 196 3 1
320889 1 196 3 1
316390 1 196 3 1
532646 1 196 2 3
320287 1 196 2 1
156590 1 196 2 1
156434 1 196 1 0
156186 1 196 1 1
156185 0 196 5 1
156188 0 196 5 1
320285 0 196 5 1
448714 1 196 5 0
449841 0 196 5 1
531696 0 196 5 3
156436 1 197 4 3
532422 1 197 3 4
328266 1 197 3 3
319254 1 197 3 0
157067 1 197 3 0
531445 1 197 2 3
448549 1 197 2 3
448409 1 197 2 1
321222 1 197 2 4
156360 1 197 2 3
316057 1 197 1 1
34577 1 197 1 2
156358 0 197 5 3
156469 0 197 5 3
316060 0 197 5 1
448547 0 197 5 3
448548 0 197 5 3
532424 0 197 5 3
532425 0 197 5 3
532643 1 197 5 3
532644 1 197 5 3
532645 1 197 5 3
532647 1 197 5 3
532648 1 197 5 3
157477 1 198 4 0
325364 1 198 3 4
320780 1 198 3 0
316056 1 198 3 1
531656 1 198 2 1
316058 1 198 6 1
156433 1 198 2 0
155862 1 198 2 1
38247 1 198 2 0
156434 1 198 5 3
156435 1 198 5 3
156437 1 198 5 3
316059 0 198 5 1
319255 1 198 5 0
319256 1 198 5 0
448154 1 198 5 1
448155 1 198 5 1
448156 1 198 5 1
531657 0 198 5 1
433994 1 199 3 3
316430 1 199 3 3
157069 1 199 3 2
156953 1 199 3 1
531521 1 199 2 2
448561 1 199 2 3
320145 1 199 2 4
156377 1 199 2 1
38928 1 199 2 0
157221 1 199 1 2
38929 0 199 5 0
38930 0 199 5 0
157068 0 199 5 2
157070 0 199 5 2
316427 0 199 5 3
316428 0 199 5 3
316429 0 199 5 3
325365 1 199 5 4
448549 0 199 5 3
266545 1 200 3 2
164470 1 200 3 2
38839 1 200 3 0
157204 1 200 2 1
156855 1 200 2 3
155936 1 200 1 2
156376 1 200 5 1
156853 0 200 5 3
266547 0 200 5 2
320914 1 201 3 3
320890 1 201 3 1
319389 1 201 3 0
316391 1 201 3 1
301823 1 201 3 3
156200 1 201 3 1
319845 1 201 2 0
316061 1 201 2 3
315789 1 201 2 3
157152 1 201 2 3
320777 1 201 1 1
156185 1 201 1 0
38838 1 201 5 0
156201 0 201 5 1
157150 0 201 5 3
164469 1 201 5 2
316059 0 201 6 3
316060 0 201 5 3
316393 0 201 5 1
320776 0 201 5 1
320778 0 201 5 1
320909 0 201 5 3
532854 1 202 3 3
450852 1 202 3 3
320651 1 202 3 1
157236 1 202 3 4
449644 1 202 2 2
316649 1 202 2 1
156459 1 202 2 0
155941 1 202 2 1
39045 1 202 2 0
22900 1 202 2 3
319393 1 202 1 3
155939 0 202 5 1
155940 0 202 5 1
155942 0 202 5 1
155944 0 202 5 1
156460 0 202 5 0
156461 0 202 5 0
319391 0 202 5 3
319848 1 202 5 0
319849 1 202 5 0
449643 0 202 5 2
315986 1 203 4 3
531386 1 203 3 1
320720 1 203 3 0
156694 1 203 3 4
156284 1 203 3 1
94291 1 203 3 2
38840 1 203 3 0
157406 1 203 2 1
138707 1 203 2 3
71979 1 203 2 3
531725 1 203 1 1
38841 0 203 5 0
39046 1 203 5 0
156283 0 203 6 1
156287 0 203 5 1
156693 0 203 5 4
157407 0 203 5 1
320653 1 203 5 1
320723 0 203 5 0
531724 0 203 5 1
448784 1 204 3 3
157145 1 204 3 3
532806 1 204 2 3
356696 1 204 2 4
320913 1 204 1 3
156735 1 204 1 3
157144 0 204 5 3
157146 0 204 5 3
315983 1 204 5 3
315985 1 204 5 3
316060 0 204 5 1
320908 0 204 5 3
320909 0 204 5 3
320910 0 204 5 3
356695 0 204 5 4
156095 1 205 4 0
532283 1 205 7 3
156955 1 205 3 3
321004 1 205 2 1
532181 1 205 1 1
321005 0 205 5 1
532284 1 206 4 3
533073 1 206 2 3
449645 1 206 2 2
157140 1 206 2 3
22618 1 206 1 4
156096 1 206 5 0
156953 1 206 5 3
156954 1 206 5 3
157407 0 206 5 3
532781 0 206 5 1
533071 0 206 5 3
551780 1 207 3 3
455965 1 207 2 3
157228 1 207 2 1
155747 1 207 2 1
532780 1 207 1 1
155746 0 207 5 1
157225 0 207 5 1
157226 0 207 5 1
157227 0 207 5 1
157229 0 207 6 1
532674 1 208 4 1
531411 1 208 4 1
532911 1 208 3 1
155855 1 208 3 1
320260 1 208 2 1
203641 1 208 2 3
155867 1 208 2 3
38841 1 208 2 1
531387 1 208 1 1
371175 1 208 1 2
38838 0 208 5 1
38843 0 208 5 1
155866 0 208 5 3
320263 0 208 5 1
365840 0 208 5 3
371176 0 208 5 2
532186 1 209 4 1
156499 1 209 3 2
531412 1 209 5 1
532675 1 209 5 1
532910 1 209 5 1
532912 1 209 5 1
532926 1 210 3 1
320502 1 210 3 3
319145 1 210 3 3
533074 1 210 2 1
532045 1 210 2 1
155854 0 210 6 3
323966 1 210 1 2
157227 0 210 5 3
319143 0 210 5 3
319144 0 210 5 3
319146 0 210 5 3
320501 0 210 5 3
323968 0 210 5 2
124379 1 211 3 3
533258 1 211 2 1
531476 1 211 2 0
452381 1 211 2 2
155857 1 211 2 3
155855 0 211 5 3
155858 0 211 5 3
371172 1 211 5 4
452380 0 211 5 2
531477 0 211 5 0
531479 0 211 5 0
531732 1 212 4 4
531589 1 212 3 3
157081 1 212 2 1
157082 0 212 5 1
532078 1 213 3 1
477961 1 213 2 3
320259 1 213 2 1
157015 1 213 2 3
532697 1 213 1 3
157007 1 213 1 1
108324 1 213 1 4
157008 0 213 5 1
157009 0 213 5 1
157016 0 213 5 3
320260 0 213 5 1
320261 0 213 5 1
531587 1 213 5 3
531730 1 213 5 4
532076 0 213 5 1
532082 0 213 5 1
532693 0 213 5 3
560485 1 214 2 3
531757 1 214 2 3
157029 1 214 2 1
532339 1 214 1 4
157032 0 214 5 1
531752 0 214 5 3
157239 0 215 8 1
532462 1 215 3 3
532932 1 215 2 3
532644 1 215 2 1
532062 1 215 2 3
157270 1 215 2 1
532063 0 215 5 3
532643 0 215 5 1
532646 0 215 5 1
532647 0 215 5 1
533031 1 216 2 1
532761 1 216 2 1
532160 1 216 2 3
320691 1 216 2 1
320092 1 216 1 3
157241 1 216 5 1
320091 0 216 5 3
320694 0 216 5 1
532158 0 216 5 3
532763 0 216 5 1
532765 0 216 5 1
533028 0 216 5 1
533030 0 216 5 1
531880 1 217 4 1
506734 1 217 2 3
157084 1 217 1 2
157085 0 217 5 2
320364 1 218 2 4
157238 1 218 2 1
157240 0 218 5 1
532379 1 219 3 1
532157 1 219 3 0
320690 1 219 3 1
320300 1 219 3 1
157485 1 219 2 3
157090 1 219 2 3
157020 1 219 2 3
156876 1 219 2 1
156771 1 219 2 2
156769 0 219 5 2
156878 0 219 5 1
157019 0 219 5 3
157088 0 219 5 3
320301 0 219 5 1
320302 0 219 5 1
320691 0 219 5 1
320692 0 219 5 1
532161 1 220 3 3
333124 1 220 3 2
321220 1 220 3 4
532645 1 220 2 1
157481 1 220 2 1
156580 1 220 2 1
155731 1 220 1 1
155732 0 220 5 1
156581 0 220 5 1
157482 0 220 5 1
320092 0 220 5 2
532160 0 220 5 3
532646 0 220 5 1
532647 0 220 5 1
533035 1 221 3 1
156217 1 221 3 1
532158 1 221 2 1
320370 1 221 2 3
531755 1 221 1 1
156219 0 221 5 1
320367 0 221 5 3
320369 0 221 5 3
320371 0 221 5 3
532721 0 221 7 3
533036 0 221 5 1
533037 0 221 5 1
156875 1 222 3 0
532760 1 222 2 1
531792 1 222 2 4
156746 1 222 2 3
156745 0 222 5 3
532762 0 222 5 1
532764 0 222 5 1
531742 1 223 2 1
320264 1 223 2 2
156220 1 223 1 1
156876 1 223 5 0
320265 0 223 5 2
531744 0 223 5 1
532786 1 224 3 4
156397 1 224 3 1
156895 1 224 2 1
320818 1 224 1 1
532638 0 224 5 3
532652 1 225 4 3
333123 1 225 3 0
242619 1 225 3 3
157527 1 225 3 3
532437 1 225 2 1
156629 1 225 2 3
157284 1 225 1 1
157160 1 225 1 0
156628 0 225 5 3
157161 0 225 5 0
157162 0 225 5 0
157285 0 225 5 1
157524 0 225 5 3
242616 0 225 5 3
242617 0 225 5 3
333124 0 225 5 0
533212 0 225 5 3
85022 1 226 3 3
532763 1 226 2 3
509405 1 226 2 3
156747 1 226 2 3
156223 1 226 2 3
533036 1 226 1 1
321270 1 226 1 4
320620 1 226 1 3
533215 1 226 0 3
85021 0 226 5 3
85023 0 226 5 3
156743 0 226 5 3
321269 0 226 5 4
532325 1 227 2 1
157431 1 227 2 1
157429 0 227 5 1
157432 0 227 5 1
157433 0 227 5 1
157434 0 227 5 1
532834 1 228 4 1
509406 1 228 3 3
532639 1 228 2 1
156400 1 228 2 3
156399 1 228 2 1
156398 0 228 5 1
496121 0 228 5 2
496124 0 228 5 2
532641 0 228 5 1
533045 1 229 3 1
332566 1 229 2 0
7295 1 229 2 3
157431 0 229 5 1
531741 0 229 5 1
532837 1 229 5 1
532625 1 230 3 1
347292 1 230 3 3
156067 1 230 3 2
353436 1 230 1 3
335390 1 230 1 3
156068 0 230 5 2
353432 0 230 5 3
353433 0 230 5 3
492124 1 231 3 2
157278 1 231 3 2
157279 0 231 5 2
492123 0 231 5 2
532624 1 231 5 1
532626 1 231 5 1
319637 0 232 13 3
332563 1 232 3 4
509320 1 232 2 2
532836 1 232 1 3
532835 0 232 5 3
319634 1 233 5 3
531662 1 234 2 1
509321 1 235 3 4
155976 1 235 1 1
155973 0 235 5 1
155977 0 235 5 1
155978 0 235 5 1
155915 1 236 2 4
53052 1 238 2 2
53054 0 238 5 2
155889 1 239 1 3
155890 0 239 5 3
24058 1 243 3 3
220296 1 243 2 2
24055 0 243 5 3
24052 1 247 2 2
351672 1 254 3 3
24056 0 243 5 3
