376202 2 1 2 1
451137 2 1 1 0
252671 3 2 3 0
114826 4 3 0 0
189712 4 3 4 0
222932 4 2 1 0
387689 4 3 4 0
459233 4 3 4 1
49186 5 4 3 0
223274 5 4 1 0
210361 6 2 3 0
439270 6 3 3 0
114053 7 3 0 0
223493 7 3 1 0
201031 8 3 3 1
431279 8 3 3 0
49183 10 3 0 0
115025 10 3 4 1
457558 10 3 1 0
49289 11 3 3 0
223532 11 3 1 0
328787 11 2 3 1
221504 13 1 0 0
222867 13 3 1 0
222644 14 2 1 0
223533 14 3 3 0
309801 14 2 2 0
135361 15 3 3 0
221611 15 3 1 0
222919 15 3 1 0
390648 15 3 3 0
195102 16 3 0 0
505277 16 3 2 0
162234 17 2 4 1
222668 17 3 1 0
222762 17 1 1 0
223173 17 3 1 0
135360 18 4 2 0
222077 18 4 1 0
222080 18 3 3 0
506413 18 2 3 0
221743 19 2 1 0
49213 20 4 3 0
74875 20 2 2 0
223282 20 4 1 0
221742 21 3 1 0
221745 22 2 3 0
221592 23 2 1 0
222884 23 3 3 1
223288 23 4 1 0
15950 24 3 3 0
221484 24 2 0 0
222421 24 3 3 1
222296 25 3 3 1
222577 25 3 4 1
222356 26 3 3 0
221841 27 3 1 1
223549 27 2 3 0
221929 28 3 3 0
223128 28 2 1 1
223285 28 3 3 0
221533 29 2 1 0
223002 29 3 2 0
222999 30 3 1 0
223001 30 5 2 0
223163 30 2 3 0
214815 31 4 3 0
214816 31 3 3 0
221927 31 3 3 0
222217 31 2 1 0
222998 31 2 0 0
99225 33 3 3 0
147520 34 3 1 0
221716 34 4 3 0
222216 34 2 1 0
223075 34 3 0 1
184580 35 4 3 0
147515 36 1 1 0
148623 36 3 1 0
155623 36 4 3 0
223026 36 3 3 0
133637 37 3 3 0
147429 38 3 1 0
323091 38 1 2 0
61239 39 2 3 0
147412 39 2 1 0
222732 39 3 3 0
222738 39 4 1 0
147518 40 2 3 0
147939 40 3 1 0
148042 40 3 1 0
148626 40 2 3 0
222337 40 1 1 0
222124 42 4 3 0
222215 42 2 2 0
62475 43 3 1 0
147447 43 4 1 0
148651 43 4 1 0
148652 43 2 1 0
203424 43 4 3 0
147283 44 4 3 0
147514 44 4 1 0
147999 44 2 1 0
148113 44 3 1 1
222121 44 1 1 0
147278 45 2 3 0
61575 46 2 1 0
62586 46 2 1 0
62694 46 2 1 0
147530 46 3 1 0
147777 46 3 3 1
256903 46 3 2 0
61495 47 1 1 0
62427 47 2 1 0
147279 47 2 3 0
147516 47 3 1 0
148000 47 3 2 1
148077 47 1 1 0
147554 48 1 1 0
148011 48 1 1 0
222339 48 4 3 0
61943 49 3 1 0
148290 49 3 1 0
148320 49 3 1 0
148474 49 3 1 0
147468 50 3 1 1
382192 50 2 2 0
61083 51 4 1 0
61087 51 3 1 0
61852 51 1 3 0
61948 51 2 2 0
62403 51 3 1 0
62478 51 3 3 0
62961 51 4 3 0
88906 51 3 3 0
147193 51 2 1 0
147776 51 3 3 0
148473 51 3 3 1
384786 51 2 2 0
61497 52 3 1 0
62306 52 4 1 1
62370 52 4 1 0
256901 52 3 1 0
300290 52 2 1 0
147472 53 2 3 0
313108 53 2 2 0
147675 54 3 0 0
147760 54 2 1 0
148013 54 3 3 0
148122 54 2 1 0
148471 54 3 1 0
255976 54 2 1 0
256670 54 1 1 0
61017 55 2 3 1
61484 55 2 0 0
62270 55 3 4 1
62371 55 2 1 0
139174 55 3 2 0
147499 55 3 3 0
257501 55 1 1 0
300797 55 3 1 0
559537 55 3 3 1
147757 56 3 4 0
148310 56 3 3 1
256135 56 3 1 0
299031 56 3 1 0
121491 57 4 4 1
147994 57 3 3 1
263448 57 4 2 0
299732 57 2 1 0
299814 57 2 1 0
147191 58 3 3 1
147763 58 3 3 0
147877 58 3 1 0
62279 59 4 1 0
62509 59 3 1 0
147133 59 2 0 0
147755 59 2 3 0
147880 59 4 0 0
148482 59 4 3 0
256672 59 3 3 0
258892 59 2 3 0
298743 59 4 1 0
298747 59 1 3 0
300798 59 3 1 0
59875 60 1 3 0
60969 60 2 1 0
148204 60 3 3 0
256904 60 5 3 0
263446 60 4 0 0
298780 60 3 1 0
301210 60 4 1 0
61603 61 4 1 0
61957 61 4 1 0
62721 61 2 2 0
147167 61 3 1 0
148619 61 2 1 0
206047 61 3 3 0
298779 61 2 1 0
299399 61 3 2 0
300264 61 3 3 0
60931 62 3 1 0
61323 62 1 1 0
62610 62 2 1 0
62726 62 4 3 0
70810 62 2 3 0
147764 62 4 3 0
147878 62 4 3 0
147993 62 2 3 0
148815 62 1 3 0
148885 62 3 1 0
298777 62 3 1 0
367123 62 3 3 0
60897 63 2 1 0
60967 63 2 0 0
62201 63 3 1 0
62278 63 2 1 0
147170 63 3 3 0
148373 63 4 3 1
148812 63 2 1 0
263885 63 2 1 1
298778 63 3 1 0
29390 64 1 3 0
61031 64 2 1 1
61032 64 3 1 0
61064 64 3 0 0
61476 64 3 3 1
62609 64 2 1 0
62672 64 2 0 0
62807 64 2 1 0
62850 64 2 1 1
147168 64 2 1 0
148203 64 4 1 0
148363 64 3 1 0
148622 64 2 3 0
257712 64 3 3 0
299242 64 3 1 0
301208 64 3 1 0
488599 64 3 3 0
515493 64 2 2 1
60927 65 3 1 0
60970 65 4 1 0
61927 65 1 1 0
147864 65 3 1 0
148817 65 3 1 0
298669 65 3 1 0
60945 66 3 3 0
60972 66 2 3 1
62055 66 2 1 0
147962 66 3 1 0
148618 66 4 1 0
148819 66 3 3 0
257787 66 2 3 0
263087 66 4 1 0
263632 66 2 1 0
298781 66 3 3 0
299012 66 4 2 0
299182 66 3 1 0
61314 67 3 1 0
62171 67 4 1 0
62205 67 2 3 0
147152 67 2 1 0
147785 67 2 1 0
148853 67 2 1 0
257739 67 2 3 0
301209 67 4 1 0
61876 68 2 3 1
120603 68 2 3 0
147368 68 2 2 0
147865 68 2 3 0
147968 68 3 3 0
148883 68 4 0 0
173490 68 3 3 0
257784 68 3 2 0
263088 68 2 1 1
263631 68 1 0 0
300226 68 2 1 0
29777 69 3 3 0
62079 69 3 1 0
62540 69 3 1 0
147169 69 4 1 1
147856 69 3 1 0
148818 69 3 2 0
300912 69 2 1 0
560842 69 2 3 0
41569 70 2 3 0
147174 70 5 1 0
147829 70 3 1 0
147925 70 3 4 0
147961 70 4 1 0
147964 70 3 3 0
148607 70 2 2 0
148780 70 2 1 0
188336 70 3 3 0
60943 71 3 1 0
123805 71 1 0 0
139198 71 2 3 0
147375 71 3 3 1
162686 71 4 3 0
256850 71 3 2 0
258011 71 3 1 0
263090 71 3 1 0
299184 71 2 3 0
299581 71 4 3 0
300801 71 2 1 0
350382 71 2 3 0
120601 72 3 2 0
147604 72 2 3 0
148254 72 3 1 0
299418 72 3 4 0
482103 72 2 2 1
40762 73 3 1 0
60952 73 3 1 0
61870 73 3 1 0
62168 73 3 3 0
62541 73 4 3 0
148093 73 4 1 0
247543 73 3 3 1
256816 73 2 1 0
257646 73 1 1 1
263084 73 4 2 0
299480 73 2 0 0
300481 73 3 1 0
300747 73 4 1 0
523416 73 3 3 0
123208 74 3 0 0
123557 74 2 0 0
147285 74 4 1 0
148327 74 2 1 0
148328 74 3 1 0
181112 74 3 3 0
252870 74 4 3 0
256872 74 4 1 0
263281 74 3 1 0
60930 75 2 1 0
61768 75 2 1 0
61932 75 4 4 1
123801 75 3 4 0
147196 75 1 1 0
147197 75 3 1 0
148253 75 3 1 0
263568 75 3 1 0
264368 75 2 4 0
300802 75 3 3 0
480845 75 3 3 0
60953 76 4 3 0
123559 76 3 1 0
147552 76 2 4 0
202435 76 1 0 0
202438 76 3 3 0
255988 76 3 1 0
262847 76 3 1 0
263735 76 3 1 0
298836 76 2 0 0
299421 76 3 0 1
39999 77 2 1 0
40504 77 2 1 0
40802 77 3 1 0
41079 77 4 1 0
41886 77 3 1 0
61926 77 3 1 0
62469 77 3 1 0
63129 77 2 1 0
123209 77 4 1 1
123441 77 3 1 1
123970 77 2 0 0
124146 77 2 1 1
124774 77 2 3 0
264374 77 2 1 0
306373 77 3 3 0
391529 77 2 3 0
520920 77 3 2 0
40503 78 2 1 0
61717 78 3 3 0
123195 78 1 1 0
123639 78 3 1 0
147127 78 3 4 0
148421 78 4 4 1
148628 78 2 1 0
148838 78 4 1 0
148888 78 4 1 0
263569 78 3 3 0
263907 78 3 3 0
264037 78 2 1 0
299482 78 3 1 0
300789 78 3 0 0
478853 78 4 3 0
61871 79 3 1 0
61897 79 4 3 0
148283 79 3 1 0
256815 79 3 0 0
264269 79 4 1 0
265033 79 2 0 0
123291 80 3 1 0
123318 80 2 1 0
123971 80 2 1 0
124145 80 3 1 0
148890 80 1 1 1
39876 81 2 1 0
39997 81 3 0 0
40454 81 4 1 1
61396 81 3 3 0
62207 81 3 1 0
123637 81 3 1 0
123840 81 1 1 0
124096 81 1 1 0
124772 81 3 1 0
148897 81 4 1 0
262949 81 4 3 0
263739 81 4 1 0
263740 81 3 3 0
39561 82 2 1 0
39719 82 3 1 0
40000 82 4 3 0
62585 82 2 1 0
124531 82 4 1 0
148899 82 4 3 1
264105 82 1 1 0
264677 82 2 1 0
264951 82 2 1 1
306062 82 4 2 0
39746 83 4 1 0
39761 83 2 1 0
39875 83 2 1 0
41373 83 4 1 0
123216 83 3 1 0
123290 83 3 1 0
123501 83 2 1 0
123822 83 3 1 0
123841 83 2 1 0
123905 83 2 3 0
124606 83 2 1 0
147126 83 3 4 0
264132 83 2 1 0
264702 83 4 4 1
299484 83 3 1 0
1271 84 2 3 0
40481 84 4 1 0
41289 84 3 1 0
62208 84 2 2 1
124132 84 4 1 0
148281 84 4 1 0
148326 84 3 1 0
263180 84 3 1 0
263299 84 4 1 0
263380 84 3 4 0
296143 84 2 3 0
40100 85 2 1 0
40640 85 3 3 0
40937 85 2 3 0
62508 85 2 1 0
123219 85 2 3 1
123336 85 3 1 0
123542 85 4 1 0
123824 85 3 3 0
166727 85 1 0 0
263392 85 3 3 0
264432 85 3 1 1
264918 85 3 1 1
353749 85 3 2 0
40393 86 3 3 0
40936 86 4 1 0
62097 86 3 1 0
123339 86 2 3 0
124097 86 4 3 0
124666 86 2 4 1
147826 86 2 1 0
148822 86 3 1 0
263391 86 2 1 0
263736 86 4 1 0
264101 86 4 2 0
264133 86 2 3 0
264420 86 3 1 0
290855 86 2 3 0
478712 86 4 1 0
1264 87 3 1 0
39763 87 3 1 0
40015 87 3 3 0
40938 87 3 3 0
42048 87 2 0 0
123923 87 2 1 0
124826 87 4 1 0
263300 87 3 1 0
263741 87 4 3 0
271629 87 2 2 0
274464 87 4 2 0
295878 87 2 3 0
478846 87 3 1 0
559196 87 3 2 0
1637 88 2 3 0
40305 88 4 1 0
41457 88 3 1 0
42042 88 3 3 0
124597 88 4 3 0
124828 88 3 3 0
128185 88 3 2 0
148166 88 3 3 1
263168 88 1 1 0
263398 88 2 1 0
263664 88 2 1 0
293768 88 3 4 0
478714 88 3 3 0
39952 89 1 0 0
41459 89 2 3 0
145017 89 4 3 0
168008 89 3 0 0
263450 89 3 1 0
478462 89 3 1 0
484 90 2 1 0
1336 90 1 1 0
40186 90 1 1 0
147510 90 3 2 0
147715 90 2 1 0
147828 90 3 3 0
201002 90 2 1 0
263747 90 3 3 0
263931 90 2 1 0
530622 90 3 2 0
545111 90 3 3 0
1268 91 3 2 0
40014 91 3 3 1
40686 91 2 0 0
123624 91 3 4 0
123922 91 1 0 0
124052 91 3 3 0
124250 91 2 1 0
124487 91 2 3 0
147827 91 4 3 0
263773 91 2 1 0
264649 91 3 1 0
477777 91 2 1 1
478461 91 3 0 0
478713 91 3 2 1
1739 92 4 1 0
40303 92 2 0 0
40878 92 2 1 0
84543 92 2 3 0
123587 92 3 1 0
168009 92 2 1 0
201006 92 4 3 0
259085 92 2 3 0
263020 92 2 1 0
290853 92 4 1 0
296477 92 3 3 0
376556 92 4 3 0
484012 92 3 3 1
546107 92 2 3 0
40687 93 2 0 0
40781 93 2 0 0
123544 93 2 4 0
123588 93 2 1 0
124486 93 3 3 0
264911 93 3 3 0
505903 93 1 1 0
41495 94 2 3 0
117288 94 3 3 0
123928 94 4 3 0
263177 94 2 1 0
263182 94 4 1 0
264025 94 1 0 0
264026 94 4 1 0
390319 94 3 3 1
478847 94 3 1 0
478848 94 3 3 0
491411 94 3 3 0
485 95 3 2 1
1329 95 4 2 0
39824 95 4 4 1
39953 95 3 1 0
68871 95 3 3 1
263013 95 3 1 1
264106 95 3 2 0
264662 95 3 1 0
264910 95 1 0 0
290362 95 3 1 0
477701 95 2 1 0
478715 95 4 3 1
273 96 2 1 0
22349 96 3 3 0
98937 96 4 3 0
123582 96 3 3 0
123591 96 3 3 0
147717 96 3 1 0
201004 96 3 1 0
201542 96 2 1 0
254106 96 3 3 0
263328 96 3 1 0
478689 96 3 1 0
545987 96 3 4 0
96965 97 3 2 0
118221 97 3 3 0
123589 97 4 1 0
167342 97 4 1 0
219868 97 3 3 0
242222 97 4 4 0
264986 97 2 3 1
505904 97 2 1 0
274 98 4 1 0
422 98 2 3 0
875 98 1 1 0
3875 98 3 2 0
40787 98 3 1 0
40789 98 1 1 0
41219 98 2 1 0
41862 98 2 1 0
123586 98 2 1 0
123590 98 2 3 0
147227 98 3 1 0
199963 98 1 4 0
201678 98 4 1 0
239168 98 2 3 0
263376 98 3 2 0
263377 98 3 3 0
264470 98 3 1 0
264629 98 4 4 0
293052 98 2 1 0
478435 98 2 1 0
505971 98 2 1 0
348 99 2 3 0
486 99 4 3 0
572 99 4 1 1
1018 99 4 1 0
117289 99 3 3 0
123584 99 2 3 0
124169 99 3 4 0
124246 99 3 2 0
235581 99 4 2 0
263969 99 4 1 0
310497 99 3 3 0
385306 99 2 3 0
493144 99 3 2 0
575 100 2 3 0
1020 100 3 3 0
1358 100 2 1 0
41657 100 1 1 0
41959 100 3 2 0
131237 100 4 3 1
166603 100 3 2 1
201679 100 3 1 0
201680 100 3 1 0
260544 100 4 3 0
264052 100 3 1 0
264088 100 3 1 0
290451 100 2 3 0
477435 100 3 2 0
477575 100 2 1 0
280 101 3 1 0
39659 101 4 1 0
40747 101 3 1 0
40788 101 2 1 0
98938 101 2 3 1
104063 101 3 2 0
167347 101 1 3 0
262888 101 3 3 0
263054 101 2 1 0
263424 101 1 3 0
263582 101 3 1 0
264416 101 2 1 0
264471 101 2 1 0
264724 101 3 1 0
264733 101 2 3 0
477574 101 3 0 0
506407 101 3 3 0
1356 102 2 0 1
40122 102 4 1 0
41209 102 3 1 0
41860 102 3 0 0
41861 102 4 0 0
106079 102 3 3 0
123253 102 2 1 0
214510 102 3 2 0
249116 102 1 1 0
263919 102 2 1 0
264857 102 2 1 0
292436 102 2 1 0
478838 102 3 3 0
479143 102 3 1 0
543966 102 4 3 0
349 103 4 3 0
39656 103 2 1 0
41108 103 4 1 0
166597 103 2 3 0
200676 103 3 1 0
262998 103 3 1 0
291428 103 3 0 0
323290 103 3 0 0
507027 103 3 4 0
279 104 2 0 0
282 104 3 3 0
1216 104 2 0 1
20880 104 2 0 0
40126 104 2 3 1
40791 104 2 3 0
40972 104 3 1 0
41187 104 2 1 0
41195 104 3 3 0
41878 104 3 1 0
148312 104 3 0 0
166609 104 3 2 0
264355 104 3 1 0
323289 104 1 0 1
40266 105 2 1 0
98940 105 1 0 0
147719 105 3 3 0
166600 105 1 4 0
255048 105 3 3 0
259951 105 3 2 0
264192 105 4 1 0
264727 105 2 3 0
264859 105 2 1 0
293034 105 3 1 0
479140 105 2 0 0
479141 105 2 1 0
1360 106 3 3 0
40555 106 4 1 0
41107 106 2 0 0
41151 106 3 1 0
41580 106 4 1 0
41832 106 3 1 0
167247 106 2 1 0
263929 106 3 1 1
264091 106 2 1 0
291430 106 2 2 0
293173 106 4 1 0
321424 106 2 1 0
479144 106 3 3 1
479748 106 3 3 0
535346 106 3 3 1
20499 107 3 3 0
20841 107 3 3 0
39676 107 3 3 0
40072 107 2 4 0
40643 107 3 4 0
41201 107 2 1 0
41365 107 4 1 0
41366 107 2 1 0
41469 107 2 1 0
41829 107 2 0 0
41831 107 1 1 0
82766 107 3 3 0
200718 107 4 1 1
269658 107 3 3 0
292438 107 2 3 0
292441 107 3 1 0
294746 107 2 2 1
1393 108 3 3 0
39771 108 2 1 0
40124 108 3 1 0
40814 108 3 3 0
41848 108 3 4 0
123255 108 4 2 1
124699 108 2 1 0
166598 108 3 3 0
263109 108 3 3 0
263678 108 3 3 1
293035 108 3 3 0
323254 108 4 3 1
478817 108 2 1 0
526422 108 3 3 0
40977 109 4 1 0
41152 109 3 1 0
41217 109 3 1 0
167249 109 3 3 1
264345 109 4 3 0
292013 109 3 3 1
323105 109 2 1 0
39770 110 3 0 0
40096 110 3 1 0
40415 110 2 4 0
41280 110 2 1 0
322000 110 3 1 0
323252 110 3 1 0
529572 110 4 4 1
40125 111 4 3 0
40226 111 3 3 0
200146 111 3 1 0
263471 111 4 1 0
263501 111 3 2 0
264092 111 3 1 0
291041 111 3 1 0
291360 111 4 1 0
322141 111 1 3 0
322878 111 3 1 0
359687 111 3 1 0
478819 111 2 2 0
526423 111 2 3 0
41221 112 2 3 1
41844 112 3 3 0
84381 112 4 3 0
123644 112 3 1 0
123647 112 2 1 0
258635 112 2 3 0
264492 112 3 1 0
290794 112 1 1 0
291961 112 1 1 0
440671 112 3 3 0
478077 112 3 1 0
478548 112 2 1 0
40008 113 3 4 0
40052 113 3 1 0
40700 113 3 1 0
41368 113 3 3 0
41474 113 4 3 1
123198 113 4 1 0
123755 113 4 1 0
164958 113 2 2 0
164974 113 4 3 0
165798 113 3 4 0
200881 113 2 4 1
263472 113 4 2 0
263771 113 3 3 0
263993 113 2 1 0
264540 113 3 1 0
290728 113 3 1 0
291967 113 4 1 0
292684 113 3 1 0
292828 113 4 1 0
322024 113 2 3 0
322066 113 3 1 0
323106 113 3 1 0
323440 113 3 1 0
328698 113 2 3 0
40006 114 3 4 0
40094 114 4 4 0
41279 114 4 1 0
123197 114 3 1 0
123402 114 2 1 0
200145 114 3 1 0
214562 114 2 3 0
241987 114 3 3 0
261213 114 1 1 0
291300 114 4 1 0
322023 114 2 2 1
322138 114 2 1 0
478408 114 4 1 0
478542 114 3 1 0
123751 115 3 3 0
123826 115 2 1 0
258637 115 3 3 0
292713 115 3 1 0
323109 115 3 3 1
345449 115 3 3 0
359688 115 2 1 0
477528 115 3 4 0
477883 115 3 1 0
478391 115 4 1 0
164959 116 2 3 0
199962 116 2 3 0
200879 116 3 3 0
263325 116 3 1 0
264495 116 4 3 0
264811 116 3 3 0
292020 116 2 1 0
321590 116 2 1 0
321706 116 2 1 0
40149 117 3 2 0
123196 117 3 1 0
123650 117 3 3 1
260606 117 2 1 0
262463 117 4 1 0
264884 117 3 1 0
290956 117 3 1 0
291974 117 1 1 0
292651 117 2 4 1
292688 117 3 3 0
323107 117 2 1 0
476628 117 2 3 0
34744 118 2 3 0
41845 118 5 3 1
123194 118 1 1 0
123829 118 3 3 0
200885 118 3 2 0
264212 118 2 4 0
291014 118 2 1 0
291576 118 3 1 0
292636 118 3 1 0
321592 118 3 3 0
323441 118 3 1 0
542984 118 3 2 1
240676 119 2 3 0
261142 119 3 1 0
264370 119 2 1 0
264657 119 2 1 0
291549 119 2 1 0
291579 119 3 3 0
291786 119 4 1 0
322880 119 2 1 0
358906 119 3 1 0
382676 119 3 3 1
411776 119 3 3 0
476627 119 2 1 0
477983 119 2 1 0
478541 119 2 1 0
40352 120 3 1 0
179809 120 3 3 0
261582 120 3 1 0
292515 120 3 1 1
292865 120 4 1 0
293179 120 4 1 0
358911 120 2 3 1
477885 120 3 3 0
478544 120 3 3 0
485824 120 3 3 0
84383 121 4 1 0
235105 121 3 2 0
264371 121 2 1 0
290825 121 3 1 0
291005 121 3 1 0
291577 121 3 1 0
291785 121 2 0 0
292859 121 1 1 0
292861 121 3 2 0
40871 122 3 3 0
214689 122 3 3 0
262848 122 3 1 0
262870 122 3 1 0
262883 122 2 3 0
264402 122 1 0 0
264695 122 4 3 0
264916 122 4 3 0
292856 122 2 1 0
292864 122 4 1 0
323179 122 3 1 0
358908 122 3 1 0
411774 122 2 1 0
3868 123 3 2 0
84382 123 3 1 0
84915 123 3 1 0
134234 123 3 3 0
181388 123 2 3 0
214935 123 3 3 0
262805 123 3 1 0
292561 123 3 3 0
292746 123 3 1 0
292873 123 2 1 0
321583 123 2 1 1
477571 123 3 1 0
513781 123 4 3 0
41713 124 2 1 0
264656 124 4 1 0
290322 124 1 1 0
290565 124 3 0 0
291630 124 3 1 0
292166 124 3 1 0
292867 124 3 3 0
40946 125 4 1 0
41132 125 2 1 1
41710 125 1 0 0
85828 125 4 1 0
177563 125 4 3 1
263313 125 1 3 0
290746 125 2 1 0
291608 125 2 3 0
291768 125 3 1 0
291780 125 5 1 0
292285 125 3 1 0
321584 125 2 1 0
322546 125 4 1 0
344378 125 3 1 0
250844 126 2 3 1
262800 126 2 3 0
286300 126 5 3 0
292874 126 2 1 1
292876 126 1 3 0
359097 126 1 1 0
263166 127 2 1 0
264658 127 2 3 0
290609 127 4 1 0
292222 127 3 1 0
292544 127 1 1 0
292701 127 3 1 0
293025 127 4 0 0
321329 127 4 1 0
484188 127 3 3 1
84653 128 4 1 0
225585 128 4 3 1
260311 128 3 4 0
290566 128 3 0 0
290568 128 3 3 1
290865 128 2 1 0
290877 128 2 1 0
291610 128 2 2 0
292280 128 2 1 0
292421 128 2 1 0
292858 128 4 3 1
321649 128 3 1 0
78932 129 2 3 0
159875 129 3 3 0
264783 129 4 1 0
290505 129 2 1 0
290506 129 3 1 0
290613 129 3 3 0
291270 129 2 0 0
292063 129 3 1 1
344535 129 3 1 0
358909 129 2 1 0
484189 129 3 3 0
290387 130 3 3 0
292656 130 3 3 0
321362 130 2 1 0
343614 130 3 3 0
344660 130 2 1 1
476266 130 3 1 0
85832 131 2 0 0
159876 131 3 3 0
177561 131 4 1 1
290547 131 1 1 0
290745 131 4 1 0
292641 131 2 1 0
344537 131 4 3 0
60240 132 2 2 0
149481 132 2 2 0
290610 132 4 1 0
291345 132 3 1 0
321548 132 3 1 1
478418 132 3 1 0
478629 132 2 3 0
41715 133 4 3 0
84397 133 3 1 0
85831 133 3 3 0
159294 133 3 4 1
448436 133 2 3 0
477695 133 4 1 0
478623 133 2 1 0
479023 133 3 1 0
476257 134 3 1 0
477730 134 3 1 0
478095 134 3 2 0
478947 134 2 1 0
531384 134 3 2 0
40552 135 4 4 1
84505 135 2 0 0
85811 135 4 1 0
236021 135 2 3 0
291507 135 3 1 0
292128 135 2 1 0
292539 135 2 1 0
292804 135 2 3 0
293018 135 3 1 0
321366 135 3 1 0
344662 135 2 3 0
477696 135 4 1 0
479038 135 3 1 0
479076 135 3 4 0
49806 136 3 3 0
85117 136 2 1 0
85120 136 3 1 0
85834 136 3 3 0
85914 136 3 1 0
262438 136 3 3 0
264784 136 4 1 0
290582 136 3 1 0
290741 136 4 3 0
344251 136 1 1 0
345567 136 4 2 0
478130 136 2 0 0
235996 137 3 3 0
290335 137 2 1 0
291647 137 3 3 0
293021 137 2 2 0
322380 137 2 3 0
344530 137 3 1 0
478902 137 4 1 0
85603 138 3 1 0
291685 138 2 1 0
291886 138 4 1 0
292198 138 4 3 0
293017 138 3 1 0
344253 138 2 3 0
344509 138 3 3 0
478949 138 3 2 0
478997 138 3 1 0
479036 138 3 0 0
531389 138 3 3 0
84506 139 2 1 0
85656 139 2 1 0
85765 139 4 1 0
85917 139 2 1 0
204634 139 4 3 0
290694 139 2 3 0
291720 139 1 1 0
293220 139 4 2 0
323548 139 3 1 0
477511 139 3 1 0
478220 139 2 1 0
49805 140 3 3 0
85766 140 4 1 0
89273 140 2 3 0
100712 140 4 3 0
166233 140 3 4 0
178659 140 3 3 0
262440 140 4 3 0
290554 140 2 1 0
290740 140 4 2 0
291282 140 1 1 0
291455 140 4 1 0
291687 140 3 1 0
291797 140 2 3 0
292548 140 3 1 0
292752 140 3 1 0
292863 140 3 1 0
293100 140 2 1 0
300215 140 2 2 0
479000 140 3 3 0
509628 140 3 3 0
84441 141 3 3 0
84504 141 4 0 0
84769 141 1 1 0
85190 141 4 1 1
119169 141 3 3 0
158014 141 3 2 1
290579 141 2 1 0
291719 141 1 1 0
292550 141 2 1 0
449788 141 3 1 0
84403 142 2 1 0
84408 142 3 1 0
84886 142 2 1 0
293204 142 2 2 0
323547 142 3 1 0
344252 142 2 1 0
476260 142 3 3 0
84398 143 3 3 0
84404 143 2 1 0
84767 143 1 0 0
85514 143 3 3 0
85518 143 4 1 0
85916 143 3 1 0
290312 143 2 1 0
292183 143 2 1 0
344510 143 4 3 1
449169 143 2 1 0
476005 143 4 1 0
84541 144 5 3 1
84773 144 3 3 0
85413 144 3 1 0
85495 144 1 1 0
85767 144 4 1 0
158019 144 2 3 0
291361 144 3 1 0
291679 144 2 1 0
292152 144 4 4 0
292551 144 2 3 0
448435 144 3 3 0
478332 144 4 1 0
496723 144 2 3 0
290311 145 3 1 0
291717 145 4 1 0
291721 145 4 2 0
292223 145 3 1 0
292537 145 2 1 0
292778 145 3 1 0
293150 145 3 1 0
475951 145 3 1 1
476072 145 3 2 0
476843 145 3 4 1
477766 145 2 1 0
85907 146 2 3 0
250120 146 2 3 0
290927 146 3 1 0
291009 146 1 1 0
292554 146 3 1 0
292860 146 1 1 0
293045 146 1 1 0
336683 146 3 3 0
449893 146 3 1 0
478378 146 3 3 0
478892 146 3 2 0
478977 146 3 3 0
84402 147 3 0 0
84456 147 3 4 0
85393 147 4 4 0
85494 147 3 1 0
85845 147 2 1 0
86747 147 1 3 0
136247 147 2 3 0
291368 147 4 1 1
292775 147 2 1 0
292879 147 2 1 0
385511 147 2 3 0
477857 147 4 3 0
478978 147 2 3 0
479090 147 1 3 0
84668 148 2 4 0
84973 148 3 3 0
85585 148 3 1 0
85905 148 2 1 1
165918 148 4 3 0
250547 148 2 3 0
292184 148 3 1 0
292296 148 4 1 0
292299 148 3 3 0
292895 148 3 1 0
336684 148 4 3 0
448994 148 4 3 0
477270 148 4 4 0
477614 148 2 3 0
478995 148 3 3 1
502603 148 2 3 0
58643 149 2 3 0
84432 149 2 1 0
85483 149 3 4 1
402173 149 4 2 0
478441 149 2 1 0
80319 150 3 3 1
85588 150 3 3 0
290924 150 3 1 1
291378 150 2 3 0
291761 150 3 1 0
292579 150 1 1 0
448993 150 2 3 0
502604 150 3 3 0
84433 151 2 3 0
190678 151 3 3 0
292556 151 3 3 0
293151 151 3 1 0
392846 151 3 2 0
449896 151 3 3 1
477537 151 2 1 0
7151 152 3 3 0
162536 152 2 3 0
277089 152 2 0 1
290580 152 3 1 0
290586 152 2 1 0
291006 152 2 1 0
292777 152 4 1 0
450170 152 2 3 0
477515 152 4 2 0
46304 153 3 3 0
88849 153 3 3 0
186751 153 1 3 0
191413 153 4 3 1
207719 153 2 3 0
245307 153 3 3 0
290575 153 3 1 0
477768 153 4 3 0
84639 154 2 3 0
85587 154 3 3 0
204620 154 1 3 0
247488 154 3 3 0
290487 154 3 3 0
291385 154 3 1 0
291625 154 3 1 0
388100 154 2 3 0
448475 154 2 1 0
448476 154 3 1 0
475783 154 2 2 0
478397 154 3 3 0
85843 155 3 1 0
290971 155 3 4 1
292226 155 4 3 0
319600 155 4 2 0
385417 155 3 3 0
448393 155 2 1 0
479089 155 4 3 0
508962 155 4 2 0
289131 156 4 3 0
292199 156 4 4 0
292526 156 2 4 0
340000 156 4 2 0
449510 156 4 1 0
477623 156 2 0 0
510814 156 3 2 0
156431 157 2 3 0
250545 157 2 1 0
292694 157 3 1 0
447900 157 2 3 0
448250 157 1 2 0
448473 157 3 2 0
477767 157 3 3 0
6581 158 3 1 0
109578 158 3 3 0
165919 158 4 3 0
289130 158 3 1 0
290115 158 2 1 0
290595 158 3 3 0
292884 158 1 3 0
319599 158 2 4 1
448539 158 4 1 0
449767 158 2 3 0
477861 158 2 3 0
289671 159 2 1 0
290587 159 3 1 0
292704 159 2 3 0
393222 159 3 3 0
394633 159 3 3 0
448389 159 3 1 0
449172 159 4 3 0
449511 159 4 3 0
156429 160 3 1 0
288346 160 3 3 0
290118 160 2 4 0
382228 160 2 3 0
388493 160 3 1 0
448392 160 3 1 0
26839 161 2 3 0
116214 161 2 3 1
205192 161 4 1 0
221015 161 4 2 0
289672 161 2 3 0
290589 161 4 3 0
292282 161 3 3 0
449385 161 2 1 0
449779 161 2 0 0
289590 162 3 3 0
289670 162 1 1 0
319598 162 3 3 0
448727 162 2 1 0
449611 162 5 1 0
509871 162 2 1 0
533345 162 2 3 0
156078 163 2 3 0
156430 163 3 1 0
290117 163 2 3 0
290636 163 4 1 0
304934 163 3 2 0
388099 163 1 1 0
394634 163 4 3 0
535722 163 3 3 0
205318 164 3 1 0
221011 164 3 2 0
289568 164 2 1 0
448395 164 3 3 0
449386 164 2 1 0
449809 164 3 0 0
388091 165 2 1 1
448522 165 4 3 0
448729 165 3 2 0
449765 165 3 1 0
511129 165 2 4 1
28098 166 3 3 0
116215 166 3 3 0
156427 166 2 0 0
156559 166 2 1 0
205319 166 2 1 0
369321 166 4 3 1
156560 167 2 1 0
448962 167 4 1 0
449995 167 3 1 0
511137 167 2 3 1
533343 167 4 1 0
155859 168 4 1 0
449138 168 2 1 0
449258 168 3 1 0
449694 168 3 1 0
464704 168 3 3 0
37831 169 4 2 0
155967 169 4 3 0
321144 169 2 1 0
324791 169 2 3 0
388675 169 3 1 0
448309 169 3 1 1
448464 169 3 1 0
448760 169 4 1 0
448791 169 2 1 0
448792 169 3 1 0
449261 169 3 3 0
449610 169 3 1 0
37832 170 3 2 0
88881 170 3 3 0
204566 170 4 3 0
304928 170 2 1 0
315923 170 2 3 0
388505 170 2 4 1
388676 170 3 1 0
449278 170 3 1 0
449391 170 3 1 1
449628 170 3 1 0
449713 170 3 1 0
449999 170 2 3 0
510446 170 4 3 0
223984 171 3 3 0
315920 171 3 1 0
394437 171 3 3 0
449049 171 2 1 0
449080 171 3 1 0
479030 171 2 3 0
532931 171 2 2 0
40522 172 2 1 0
156374 172 3 4 1
243571 172 4 3 0
320295 172 4 1 0
321065 172 5 1 0
321300 172 2 1 1
385601 172 2 3 1
388628 172 2 1 0
448447 172 3 4 1
449300 172 2 2 0
449714 172 2 1 0
510831 172 3 4 1
320736 173 4 1 0
449020 173 3 1 0
449134 173 3 1 0
449637 173 4 4 1
157218 174 2 1 0
319201 174 1 1 0
319659 174 3 1 0
320738 174 2 1 0
388262 174 3 1 0
448399 174 3 1 0
449050 174 2 1 0
450087 174 3 1 0
532922 174 3 1 0
315407 175 4 1 0
319975 175 2 1 0
320040 175 2 1 0
445529 175 4 3 0
448271 175 3 1 0
448363 175 3 4 0
449135 175 3 1 0
450073 175 2 3 0
450076 175 3 1 0
320293 176 3 1 0
449276 176 4 3 0
450088 176 1 1 0
502650 176 3 3 0
157337 177 3 1 0
157455 177 2 1 0
319574 177 2 1 0
319893 177 2 1 0
320196 177 3 1 0
320498 177 1 1 0
320739 177 3 3 0
448374 177 3 3 1
450078 177 3 1 0
155805 178 3 1 0
156496 178 3 4 1
156909 178 3 1 0
157098 178 1 0 0
157458 178 2 3 0
319891 178 3 1 0
319977 178 1 1 0
320294 178 3 1 0
449154 178 3 4 1
532929 178 4 3 0
319968 179 4 1 0
320513 179 3 1 0
426412 179 3 2 0
449275 179 4 4 0
40523 180 3 2 0
316715 180 2 1 0
319162 180 2 1 0
321072 180 3 1 0
443111 180 4 3 0
448229 180 3 4 0
448410 180 4 3 1
449863 180 2 1 0
533134 180 3 1 0
155893 181 3 1 0
156101 181 2 1 0
156838 181 3 1 0
157105 181 3 1 1
157375 181 3 3 1
320198 181 2 3 0
449868 181 3 3 1
450103 181 2 1 0
114940 182 4 2 0
157339 182 4 3 0
319436 182 4 1 0
319708 182 2 4 1
319967 182 2 1 1
532468 182 1 1 1
155974 183 4 1 0
156103 183 3 3 0
319294 183 4 1 0
437483 183 3 2 0
449492 183 3 1 0
155891 184 2 1 0
175550 184 2 3 0
248326 184 3 2 0
315570 184 2 1 0
319166 184 3 3 0
319667 184 4 3 0
448670 184 3 3 0
449496 184 2 3 0
531843 184 2 1 0
532918 184 2 1 0
557642 184 3 3 0
39977 185 3 4 1
73098 185 3 2 1
97191 185 2 3 0
156530 185 3 1 0
157357 185 3 1 0
161193 185 4 4 0
319217 185 2 1 0
319437 185 3 1 0
156729 186 3 0 0
156938 186 3 3 0
183399 186 3 3 0
316716 186 3 1 0
320788 186 3 0 0
320792 186 3 1 0
429768 186 3 2 0
447289 186 3 3 0
532467 186 2 1 0
97192 187 2 3 1
155870 187 2 1 0
156633 187 3 1 0
156965 187 2 1 0
157356 187 3 0 0
316046 187 3 2 0
316273 187 3 3 0
319666 187 3 3 0
408449 187 2 4 0
445358 187 3 4 0
531845 187 2 3 1
532917 187 3 1 0
559658 187 2 0 0
155821 188 2 1 0
155896 188 3 3 0
155938 188 3 3 0
156213 188 3 3 0
156630 188 2 1 0
157195 188 3 3 0
161190 188 4 4 1
315402 188 2 2 0
319590 188 4 1 0
319665 188 3 2 0
155764 189 2 3 0
156049 189 3 1 1
156650 189 3 1 0
157194 189 3 3 0
320208 189 3 1 1
320285 189 3 1 0
320597 189 3 1 0
448991 189 4 3 1
155662 190 3 1 0
155993 190 3 1 0
156066 190 5 1 0
156345 190 2 3 0
156348 190 3 1 0
157456 190 4 1 0
277604 190 3 3 0
320014 190 2 1 0
320349 190 3 1 0
321161 190 3 3 0
445331 190 3 4 0
448454 190 3 1 0
533369 190 2 1 0
559753 190 2 0 0
156059 191 3 1 0
156857 191 2 1 0
319395 191 4 0 0
319534 191 4 1 0
320598 191 3 1 0
532742 191 3 1 0
155736 192 4 1 0
156051 192 1 1 0
156690 192 4 1 0
157293 192 2 1 0
157325 192 1 1 0
157457 192 3 1 0
319397 192 3 1 0
319535 192 3 1 0
319538 192 4 3 0
319826 192 3 1 0
337506 192 2 3 0
449588 192 3 1 0
532779 192 2 1 0
155835 193 1 3 0
156824 193 3 3 0
320353 193 3 1 0
320396 193 2 1 0
320572 193 2 1 0
449841 193 1 0 0
449842 193 2 1 0
533372 193 3 3 0
552200 193 3 3 0
553604 193 3 3 0
155664 194 4 3 0
155750 194 2 0 0
155872 194 2 1 0
156376 194 2 1 1
156607 194 2 1 1
157545 194 3 1 0
316276 194 4 3 0
320470 194 2 1 0
320574 194 4 1 0
321286 194 2 1 0
445332 194 3 4 0
531338 194 2 1 0
531444 194 2 1 0
155757 195 3 0 0
156061 195 3 3 1
157344 195 2 1 0
157621 195 3 0 0
319528 195 2 1 1
319998 195 2 1 0
320393 195 3 1 0
320616 195 3 1 0
321057 195 3 0 0
321201 195 3 1 0
338235 195 4 3 1
448713 195 1 0 0
533371 195 3 3 0
156186 196 4 1 0
156434 196 4 0 0
156590 196 3 1 0
316390 196 2 1 0
320287 196 3 1 0
320889 196 2 1 0
449843 196 2 1 0
532646 196 3 3 0
34577 197 4 2 0
156360 197 3 3 0
156436 197 1 3 0
157067 197 2 0 0
316057 197 4 1 0
319254 197 2 0 0
320573 197 4 3 0
321222 197 3 4 1
328266 197 2 3 1
448153 197 2 1 0
448409 197 3 1 0
448549 197 3 3 0
449945 197 2 1 0
531445 197 3 3 0
532422 197 2 4 0
38247 198 3 0 0
155862 198 3 1 0
156433 198 3 0 0
157477 198 1 0 1
316056 198 2 1 0
316058 198 3 1 0
320780 198 2 0 0
325364 198 2 4 0
531656 198 3 1 1
38928 199 3 0 0
156377 199 3 1 0
156953 199 2 1 0
157069 199 2 2 1
157221 199 4 2 1
316430 199 2 3 0
320145 199 3 4 1
433994 199 2 3 0
448548 199 3 3 0
448561 199 3 3 0
531521 199 3 2 0
38839 200 2 0 0
155936 200 4 2 0
156855 200 3 3 0
157204 200 3 1 0
164470 200 2 2 0
266545 200 2 2 0
156185 201 4 0 0
156200 201 2 1 0
157152 201 3 3 0
301823 201 2 3 0
315789 201 3 3 0
316061 201 3 3 0
316391 201 2 1 0
319389 201 2 0 0
319845 201 3 0 0
320777 201 4 1 0
320890 201 2 1 0
320914 201 2 3 0
22900 202 3 3 0
39045 202 3 0 0
155941 202 3 1 0
156459 202 3 0 0
157236 202 2 4 1
316649 202 3 1 0
319393 202 4 3 0
320651 202 2 1 0
449644 202 3 2 1
450852 202 2 3 0
532854 202 2 3 0
38840 203 2 0 0
71979 203 3 3 0
94291 203 2 2 0
138707 203 3 3 0
156284 203 2 1 0
156694 203 2 4 1
157406 203 3 1 0
315986 203 1 3 0
320720 203 2 0 0
531386 203 2 1 0
531725 203 4 1 0
156735 204 4 3 1
157145 204 2 3 0
316059 204 3 1 0
320913 204 4 3 0
356696 204 3 4 1
448784 204 2 3 0
532806 204 3 3 1
156095 205 1 0 0
156955 205 2 3 0
321004 205 3 1 0
532181 205 4 1 0
532283 205 2 1 0
22618 206 4 4 1
156283 206 2 0 0
157140 206 3 3 0
449645 206 3 2 0
532284 206 1 3 0
533073 206 3 3 0
155747 207 3 1 0
157228 207 3 1 1
455965 207 3 3 0
532780 207 4 1 0
551780 207 2 3 0
38841 208 3 1 0
155855 208 2 1 0
155867 208 3 3 0
203641 208 3 3 0
320260 208 3 1 0
371175 208 4 2 0
531387 208 4 1 0
531411 208 1 1 0
532674 208 1 1 0
532911 208 2 1 0
156499 209 2 2 0
532186 209 1 1 0
155854 210 3 1 0
157229 210 2 3 0
319145 210 2 3 0
320502 210 2 3 0
323966 210 4 2 0
532045 210 3 1 0
532926 210 2 1 1
533074 210 3 1 0
124379 211 2 3 0
155857 211 3 3 0
452381 211 3 2 0
531476 211 3 0 0
533258 211 3 1 0
157081 212 3 1 0
531589 212 2 3 0
531732 212 1 4 1
108324 213 4 4 0
157007 213 4 1 0
157015 213 3 3 1
320259 213 3 1 0
477961 213 3 3 1
532078 213 2 1 0
532697 213 4 3 0
157029 214 3 1 0
531757 214 3 3 0
532339 214 4 4 1
560485 214 3 3 1
157239 215 1 1 0
157270 215 3 1 0
532062 215 3 3 1
532462 215 2 3 0
532644 215 3 1 0
532932 215 3 3 0
157008 216 4 1 0
320092 216 4 3 0
320691 216 3 1 0
532160 216 3 3 0
532761 216 3 1 0
533031 216 3 1 0
157084 217 4 2 0
506734 217 3 3 0
531880 217 1 1 0
157238 218 3 1 0
320364 218 3 4 0
156771 219 3 2 1
156876 219 3 1 0
157020 219 3 3 0
157090 219 3 3 0
157485 219 3 3 0
320300 219 2 1 0
320690 219 2 1 0
532157 219 2 0 0
532379 219 2 1 0
155731 220 4 1 0
156580 220 3 1 0
157481 220 3 1 0
320091 220 3 2 0
321220 220 2 4 0
333124 220 2 2 0
532161 220 2 3 0
532645 220 3 1 0
532765 220 3 3 0
156217 221 2 1 0
320370 221 3 3 0
531755 221 4 1 0
532158 221 3 1 0
533035 221 2 1 0
156746 222 3 3 0
156875 222 2 0 0
531792 222 3 4 1
532760 222 3 1 0
156220 223 4 1 0
320264 223 3 2 0
531742 223 3 1 0
532721 223 2 1 0
156397 224 2 1 0
156895 224 3 1 0
320818 224 4 1 1
532786 224 2 4 0
156629 225 3 3 0
157160 225 4 0 0
157284 225 4 1 0
157527 225 2 3 0
242619 225 2 3 0
333123 225 2 0 0
532437 225 3 1 0
532652 225 1 3 0
85022 226 2 3 0
156223 226 3 3 0
156747 226 3 3 0
320620 226 4 3 0
321270 226 4 4 1
509405 226 3 3 0
532763 226 3 3 0
533036 226 4 1 0
533215 226 5 3 0
157431 227 3 1 1
532325 227 3 1 0
156399 228 3 1 0
156400 228 3 3 0
321269 228 3 4 0
509406 228 2 3 0
532639 228 3 1 0
532834 228 1 1 0
7295 229 3 3 0
157429 229 3 1 0
332566 229 3 0 0
533045 229 2 1 0
156067 230 2 2 0
335390 230 4 3 0
347292 230 2 3 0
353436 230 4 3 0
532625 230 2 1 0
157278 231 2 2 0
492124 231 2 2 0
332563 232 2 4 0
509320 232 3 2 0
532836 232 4 3 0
531662 234 3 1 0
155976 235 4 1 0
509321 235 2 4 1
155915 236 3 4 1
53052 238 3 2 0
155889 239 4 3 0
24058 243 2 3 0
220296 243 3 2 0
24052 247 3 2 0
351672 254 2 3 0
