23020 9
390030 9
464577 9
478002 12
163600 13
536438 13
347344 14
347345 14
347348 14
347349 14
390033 14
347441 16
347445 16
347467 17
367798 17
367800 17
346573 18
347442 18
347444 18
537316 18
559001 18
346444 19
346445 19
347500 19
347501 19
347998 19
367852 19
477435 19
477573 19
346530 20
346902 20
346903 20
346313 21
346315 21
460219 21
536838 21
347997 22
477571 22
536200 22
346102 23
477575 23
536507 24
367853 25
536843 25
537318 25
346631 26
536191 26
536194 26
347654 27
368201 27
368203 27
368204 27
479109 27
479112 27
347121 28
367850 28
479055 28
479062 29
477456 30
97588 31
347990 33
477482 33
477484 33
347576 34
368201 35
368202 35
477905 35
477908 35
478403 37
477786 38
345937 39
348018 39
348019 39
348020 39
348021 39
478470 39
478472 41
345936 42
345938 42
347226 43
347377 43
347853 47
347856 47
346084 50
346085 50
346086 50
346239 50
346241 50
346240 55
346379 57
346381 57
346451 57
346454 57
348972 62
349767 67
348779 68
349764 68
349765 68
349460 69
349464 69
256163 70
348413 70
349198 70
349570 70
349573 70
349904 70
349906 70
348221 72
348291 73
348293 73
348186 74
349929 74
349930 74
349399 76
349400 76
349401 76
349638 76
348130 77
348166 77
348169 77
348369 77
349639 78
30037 80
161834 80
348230 80
348231 80
348232 80
349025 80
349027 80
348073 81
348075 81
348077 81
348083 81
348622 81
349837 81
349863 81
349866 81
113529 82
349091 82
61065 83
61066 83
348161 83
348150 84
54152 85
54153 85
54156 85
160587 85
349212 85
349213 85
160585 86
348315 86
350019 86
162237 87
348104 87
348882 87
349710 87
69744 89
349167 89
161087 90
161091 90
161092 90
161820 90
162236 90
348870 90
348872 90
349549 90
161760 91
348285 91
348512 91
349183 91
349184 91
349185 91
349403 92
457525 92
457526 92
457528 92
457529 92
469550 92
469551 92
160583 93
348781 93
348782 93
349165 93
349166 93
349245 93
161089 94
348583 94
348776 94
467998 94
468000 94
348444 95
348445 95
348816 95
349404 95
456332 95
469315 95
469947 95
160975 96
469549 96
349405 97
349407 97
469946 97
162582 98
162583 98
208998 98
349134 98
162541 99
162544 99
348125 99
348129 99
469945 100
469948 100
161805 101
161614 103
348126 103
348127 103
348128 103
161713 104
161842 104
161845 104
162475 105
161641 106
348390 106
348391 106
348393 106
160366 107
162300 107
160511 108
161843 108
161846 108
348501 108
348502 108
348510 108
348511 108
348512 108
348515 108
348963 108
348964 108
348967 108
160338 109
160340 109
160846 109
161518 109
161519 109
162080 109
349676 109
349677 109
162301 110
161134 111
161842 111
161845 111
162084 111
348675 111
348677 111
348688 112
349675 112
162226 113
162228 113
160727 114
161517 114
348598 114
349364 114
161050 115
161052 115
162461 115
160849 116
162270 116
162566 116
162567 116
161538 118
161665 118
161669 118
161671 118
162271 118
162272 118
162452 118
160735 119
160846 119
160850 119
162102 119
162305 119
162449 119
162451 119
348599 119
348601 119
161675 120
82502 121
161021 121
161241 121
162145 121
160624 122
160842 122
160843 122
82233 124
160344 124
160345 124
160496 124
160411 125
161674 125
322662 125
161859 126
161861 126
8920 128
161850 128
161743 130
161745 130
272684 130
161057 131
162093 133
162670 133
160759 135
161078 135
160692 136
160565 137
160758 137
161079 137
161081 137
161405 137
162011 137
525140 137
523391 138
523396 138
161268 140
161269 140
162468 140
162663 140
162664 140
227733 141
227737 141
433205 141
162465 142
162466 142
162467 142
238531 143
161916 144
523392 145
161564 146
390673 146
390674 146
390675 146
390677 146
160303 148
160304 148
161913 148
161914 148
80176 159
80179 159
49576 160
80815 168
54088 169
80817 171
80818 171
54094 172
79879 174
80642 174
52329 178
80114 179
80116 179
79613 182
80113 183
80115 183
80366 183
79247 184
79001 185
79716 185
79719 185
79767 187
79768 187
80201 187
80203 187
80362 187
80363 187
80364 187
80365 187
79638 188
79639 188
303235 188
80198 189
79441 190
79938 190
80154 190
80378 190
79870 191
21688 192
80464 192
80744 194
80746 194
215874 194
215877 194
77291 195
77289 198
77290 198
77293 198
79995 202
80658 204
79465 206
378892 207
378894 207
152084 208
79462 209
79466 209
80000 209
79585 210
80280 210
80892 210
80894 210
80529 212
518903 212
531924 212
531927 212
531928 212
79581 213
79608 214
79609 214
80278 214
79103 217
80755 219
80805 220
79561 222
79700 222
79703 222
80806 222
342594 222
342597 222
79704 223
79339 225
79701 225
80290 225
80578 227
80701 230
80702 230
