23020 0 3 5 2
390030 0 3 5 3
464577 1 3 5 1
478002 0 6 5 1
163600 0 7 5 0
536438 0 7 5 1
347344 0 8 5 1
347345 0 8 5 1
347348 0 8 5 1
347349 0 8 5 1
347441 0 8 5 1
347442 0 8 5 1
390033 1 8 5 1
347441 0 10 5 1
347444 0 10 5 1
347445 0 10 5 1
347467 1 11 5 0
367798 0 11 5 1
367800 0 11 5 1
346573 0 12 5 3
347442 0 12 5 3
347444 0 12 5 3
537316 0 12 5 1
559001 0 12 5 3
346444 0 13 5 1
346445 0 13 5 1
347500 0 13 5 1
347501 0 13 5 1
347998 0 13 5 1
367852 0 13 5 1
477435 1 13 5 1
477573 0 13 5 2
346530 0 14 5 1
346902 0 14 5 0
346903 0 14 5 0
346313 0 15 5 2
346315 0 15 5 2
460219 1 15 5 3
536838 0 15 5 1
347997 0 16 5 1
477571 0 16 5 2
536200 0 16 5 1
346102 0 17 5 1
477575 0 17 5 0
536507 0 18 5 1
367853 0 19 5 1
536843 1 19 5 0
537318 0 19 5 3
346631 1 20 5 3
536191 1 20 5 1
536194 1 20 5 1
347654 0 21 5 1
368201 0 21 5 1
368203 0 21 5 1
368204 0 21 5 1
479109 0 21 5 1
479112 0 21 5 1
347121 0 22 5 1
367850 0 22 5 3
477482 1 22 5 1
477484 1 22 5 1
479055 0 22 5 1
479062 0 23 5 4
477456 0 24 5 1
97588 1 25 5 3
347990 1 27 5 1
477482 0 27 5 1
477484 0 27 5 1
347576 1 28 5 1
368201 0 29 5 3
368202 0 29 5 3
477905 0 29 5 1
477908 0 29 5 1
478403 0 31 5 1
477786 0 32 5 1
345937 0 33 5 1
345938 0 33 5 1
348018 0 33 5 1
348019 0 33 5 1
348020 0 33 5 1
348021 0 33 5 1
478470 0 33 5 1
478472 0 35 5 1
345936 1 36 5 1
345938 1 36 5 1
347226 0 37 5 1
347377 1 37 5 1
346086 0 40 5 1
347853 1 41 5 1
347856 1 41 5 1
346084 1 44 5 3
346085 1 44 5 3
346086 1 44 5 3
346239 0 44 5 1
346241 0 44 5 1
346240 0 49 5 3
346379 0 51 5 3
346381 0 51 5 3
346451 0 51 5 1
346454 0 51 5 1
348972 0 56 5 3
349767 0 61 5 1
348779 0 62 5 1
349764 0 62 5 3
349765 0 62 5 3
349460 0 63 5 1
349464 0 63 5 1
256163 0 64 5 3
348413 0 64 5 1
349198 0 64 5 2
349570 0 64 5 1
349573 0 64 5 1
349904 1 64 5 1
349906 1 64 5 1
348221 1 66 5 1
348291 0 67 5 0
348293 0 67 5 0
348186 0 68 5 1
349929 0 68 5 1
349930 0 68 5 1
349399 1 70 5 1
349400 1 70 5 1
349401 1 70 5 1
349638 1 70 5 1
348073 0 71 5 1
348075 0 71 5 1
348077 0 71 5 1
348130 1 71 5 1
348166 0 71 5 3
348169 0 71 5 3
348369 0 71 5 2
349639 0 72 5 1
30037 0 74 5 3
161834 1 74 5 2
348230 0 74 5 0
348231 0 74 5 0
348232 0 74 5 0
349025 0 74 5 0
349027 0 74 5 0
348073 0 75 5 3
348075 0 75 5 3
348077 0 75 5 3
348083 0 75 5 1
348622 0 75 5 1
349837 0 75 5 1
349863 0 75 5 3
349866 0 75 5 3
113529 0 76 5 3
349091 0 76 5 1
61065 0 77 5 3
61066 0 77 5 3
348161 1 77 5 4
348150 0 78 5 3
54152 0 79 5 2
54153 0 79 5 2
54156 0 79 5 2
160585 0 79 5 3
160587 0 79 5 3
349212 1 79 5 1
349213 1 79 5 1
160585 0 80 5 3
348315 0 80 5 0
350019 0 80 5 1
162236 0 81 5 1
162237 0 81 5 1
348104 0 81 5 4
348882 0 81 5 1
349710 0 81 5 1
69744 0 83 5 3
349166 1 83 5 0
349167 1 83 5 0
161087 0 84 5 0
161091 0 84 5 1
161092 0 84 5 1
161820 0 84 5 1
162236 0 84 5 3
348870 0 84 5 4
348872 0 84 5 4
349549 0 84 5 1
161760 0 85 5 1
348285 0 85 5 1
348512 0 85 5 3
349183 0 85 5 1
349184 0 85 5 1
349185 0 85 5 1
349403 0 86 5 1
457525 0 86 5 2
457526 0 86 5 2
457528 0 86 5 2
457529 0 86 5 2
469550 1 86 5 1
469551 1 86 5 1
160583 0 87 5 1
348781 0 87 5 1
348782 0 87 5 1
349165 0 87 5 3
349166 0 87 5 3
349245 0 87 5 1
161089 0 88 5 3
348583 1 88 5 1
348776 0 88 5 1
467998 0 88 5 3
468000 0 88 5 3
348444 1 89 5 1
348445 1 89 5 1
348816 0 89 5 1
349404 0 89 5 2
349407 0 89 5 2
456332 1 89 5 3
469315 0 89 5 3
469946 0 89 5 1
469947 0 89 5 1
160975 0 90 5 1
469549 0 90 5 0
348128 0 91 5 1
348129 0 91 5 1
349405 1 91 5 0
349407 1 91 5 0
469946 0 91 5 1
162582 0 92 5 3
162583 0 92 5 3
208998 1 92 5 2
349134 0 92 5 1
162541 0 93 5 3
162544 0 93 5 3
348125 0 93 5 1
348126 0 93 5 1
348129 0 93 5 1
469945 0 94 5 1
469948 0 94 5 1
161805 0 95 5 3
161614 1 97 5 1
348126 0 97 5 0
348127 0 97 5 0
348128 0 97 5 0
348511 0 97 5 1
348515 0 97 5 1
161713 0 98 5 1
161842 0 98 5 1
161845 0 98 5 1
161846 0 98 5 1
162475 0 99 5 1
161641 0 100 5 1
162301 1 100 5 1
348390 0 100 5 1
348391 0 100 5 1
348393 0 100 5 1
160366 0 101 5 1
162300 0 101 5 3
160511 0 102 5 1
161843 1 102 5 1
161846 1 102 5 1
348501 0 102 5 0
348502 0 102 5 0
348510 0 102 5 3
348511 0 102 5 3
348512 0 102 5 3
348515 0 102 5 3
348963 0 102 5 1
348964 0 102 5 1
348967 0 102 5 1
160338 0 103 5 1
160340 0 103 5 1
160846 0 103 5 1
160849 0 103 5 1
161517 0 103 5 1
161518 0 103 5 1
161519 0 103 5 1
162080 0 103 5 3
349675 1 103 5 1
349676 1 103 5 1
349677 1 103 5 1
162301 0 104 5 3
161134 0 105 5 2
161842 1 105 5 3
161845 1 105 5 3
162084 1 105 5 1
348675 0 105 5 1
348677 0 105 5 1
348688 1 106 5 1
349675 0 106 5 3
160849 0 107 5 1
162226 0 107 5 3
162228 0 107 5 3
160727 0 108 5 1
161517 0 108 5 2
348598 1 108 5 1
349364 0 108 5 1
161050 0 109 5 3
161052 0 109 5 3
162461 0 109 5 1
160849 1 110 5 1
162270 0 110 5 1
162566 1 110 5 1
162567 1 110 5 1
161538 0 112 5 1
161665 0 112 5 0
161669 0 112 5 0
161671 0 112 5 0
162271 0 112 5 1
162272 0 112 5 1
162449 0 112 5 1
162451 0 112 5 1
162452 0 112 5 1
160735 1 113 5 2
160846 0 113 5 3
160850 0 113 5 3
162102 0 113 5 3
162305 1 113 5 3
162451 0 113 5 0
162449 0 113 5 2
348599 0 113 5 0
348601 0 113 5 0
161675 0 114 5 3
82502 0 115 5 3
161021 0 115 5 3
161241 0 115 5 3
162145 0 115 5 3
160624 1 116 5 3
160842 0 116 5 1
160843 0 116 5 1
82233 0 118 5 3
160344 0 118 5 1
160345 0 118 5 1
160496 0 118 5 3
160411 0 119 5 1
161674 0 119 5 3
322662 0 119 5 1
161859 0 120 5 1
161861 0 120 5 1
8920 0 122 5 3
161850 0 122 5 1
161743 0 124 5 1
161745 0 124 5 1
272684 0 124 5 3
161057 0 125 5 1
162093 0 127 5 1
162670 0 127 5 1
160759 1 129 5 1
161078 1 129 5 1
161081 1 129 5 1
160692 0 130 5 1
162663 0 130 5 1
160565 0 131 5 1
160758 0 131 5 3
161079 0 131 5 4
161081 0 131 5 4
161405 1 131 5 0
162011 1 131 5 1
525140 1 131 5 1
523391 1 132 5 1
523396 1 132 5 1
161268 1 134 5 1
161269 1 134 5 1
162468 0 134 5 1
162663 0 134 5 3
162664 0 134 5 3
162465 0 135 5 1
162466 0 135 5 1
227733 0 135 5 3
227737 0 135 5 3
433205 0 135 5 2
162465 0 136 5 1
162466 0 136 5 1
162467 0 136 5 1
238531 0 137 5 3
161916 0 138 5 1
523392 0 139 5 3
161564 0 140 5 1
390673 0 140 5 3
390674 0 140 5 3
390675 0 140 5 3
390677 0 140 5 3
160303 0 142 5 1
160304 0 142 5 1
161914 0 142 5 1
161913 1 142 5 3
80176 0 153 5 3
80179 0 153 5 3
49576 0 154 5 3
80815 1 162 5 1
80818 1 162 5 1
54088 0 163 5 1
80817 0 165 5 1
80818 0 165 5 1
54094 1 166 5 1
79879 0 168 5 1
80642 0 168 5 1
52329 0 172 5 1
80114 0 173 5 1
80115 0 173 5 1
80116 0 173 5 1
79613 0 176 5 1
80115 0 177 5 1
80113 0 177 5 1
80362 1 177 5 1
80366 1 177 5 1
79247 0 178 5 1
79001 0 179 5 4
79716 0 179 5 3
79719 0 179 5 3
79767 0 181 5 1
79768 0 181 5 1
80201 1 181 5 1
80203 1 181 5 1
80362 1 181 5 0
80363 1 181 5 0
80364 1 181 5 0
80365 1 181 5 0
79638 0 182 5 1
79639 0 182 5 1
303235 0 182 5 3
80198 1 183 5 1
80464 0 183 5 1
79441 0 184 5 1
79938 1 184 5 1
80154 0 184 5 1
80378 0 184 5 1
79870 0 185 5 1
21688 0 186 5 3
80464 1 186 5 1
80744 1 188 5 1
80746 1 188 5 1
215874 0 188 5 3
215877 0 188 5 3
77290 0 189 5 3
77291 0 189 5 3
77289 0 192 5 1
77290 0 192 5 1
77293 0 192 5 1
79462 1 195 5 1
79995 0 196 5 0
80658 0 198 5 1
79462 0 200 5 1
79465 0 200 5 1
79466 0 200 5 1
378892 0 201 5 3
378894 0 201 5 3
152084 0 202 5 3
79462 0 203 5 3
79466 0 203 5 3
80000 0 203 5 3
79585 0 204 5 2
80280 1 204 5 0
80892 0 204 5 0
80894 0 204 5 0
80529 1 206 5 1
518903 0 206 5 3
531924 0 206 5 3
531927 0 206 5 3
531928 0 206 5 3
79581 0 207 5 1
79608 0 208 5 1
79609 0 208 5 1
80278 0 208 5 0
79103 1 211 5 0
80755 0 213 5 3
80805 0 214 5 1
79561 0 216 5 3
79700 0 216 5 1
79703 0 216 5 1
80806 0 216 5 3
342594 1 216 5 3
342597 1 216 5 3
79704 0 217 5 1
79339 0 219 5 3
79701 0 219 5 1
80290 0 219 5 4
80578 0 221 5 1
80701 0 224 5 1
80702 0 224 5 1
