156255 9
417364 9
446787 9
23746 10
492189 10
547593 10
12265 11
177179 11
169929 13
417367 13
417368 13
316714 14
95202 16
153834 16
262300 17
83352 19
534590 19
83440 20
303129 21
83518 22
82990 24
83220 24
83222 24
83349 24
43112 25
547167 26
84101 28
537693 28
546671 28
83099 29
83451 29
83453 29
546887 29
546888 29
84150 30
84151 30
84153 30
546995 30
83104 31
83107 32
84353 32
546669 33
546673 33
546683 33
546996 33
546997 33
546998 33
547000 33
547001 33
83238 34
83239 34
84065 34
83005 35
83006 35
83103 35
83105 35
84350 35
84352 35
304619 35
84114 36
132646 36
83081 37
83082 37
83170 37
83171 37
83174 37
83260 37
546745 37
546748 37
546750 37
546751 37
547359 37
83102 38
84012 39
84364 39
499936 39
499937 39
82773 40
82774 40
82934 40
82935 40
83313 40
84266 40
546835 40
73745 41
83557 41
84063 41
84064 41
132642 41
132645 41
546746 41
83085 42
83088 42
83223 42
132647 42
547879 42
547881 42
547721 43
547724 43
25696 44
84215 44
364165 44
546515 44
547862 44
547864 44
547867 44
548199 44
83279 45
83280 45
83281 45
83322 45
546494 45
546495 45
547716 45
547722 45
548101 45
548102 45
24901 46
25228 46
25276 46
25277 46
84274 46
131829 46
131941 46
235670 46
547976 47
547978 47
547979 47
548238 47
548240 47
548241 47
25287 48
25805 48
25806 48
25808 48
25812 48
25931 48
84192 48
84195 48
84196 48
546884 48
24778 49
24780 49
83221 49
83223 49
132068 49
547662 49
547663 49
547974 49
547975 49
24786 51
25924 51
25939 51
25940 51
25941 51
83163 51
83584 51
83586 51
307213 51
360329 51
547862 51
547864 51
25052 52
25053 52
547547 52
547996 52
26104 53
26106 53
83659 53
363989 53
363991 53
546971 53
546972 53
547064 53
547868 53
547869 53
547871 53
24777 54
24781 54
83160 54
130909 54
130910 54
131671 54
70524 55
25625 56
75369 56
84097 56
547378 56
547379 56
83161 57
83162 57
83172 57
24779 58
25120 58
25435 58
130912 58
131081 58
131931 58
132477 58
5147 59
24929 59
24931 59
24932 59
25301 59
25626 59
82933 59
82935 59
363363 59
25195 60
131765 60
279192 60
364645 60
364646 60
364647 60
75364 61
80668 61
131226 61
131229 61
132214 61
132384 61
132385 61
132388 61
132389 61
172663 61
306091 61
306092 61
363585 61
424239 61
75362 62
75363 62
76300 62
76301 62
82929 62
82931 62
84245 62
84246 62
131717 62
131814 62
132520 62
363285 62
363287 62
25201 63
25202 63
25203 63
26223 63
26224 63
79968 63
79969 63
364383 63
548185 63
75561 64
83854 64
131033 64
281733 64
281734 64
547468 64
548193 64
548195 64
26292 65
84316 65
84317 65
132212 65
132216 65
132519 65
132521 65
170226 65
363587 65
364644 65
364649 65
546662 65
25239 66
26111 66
26115 66
26116 66
75172 66
75173 66
75174 66
76298 66
76299 66
548187 66
76425 67
79783 67
79786 67
83956 67
83957 67
83958 67
84171 67
363667 67
363669 67
547469 67
26054 68
26058 68
34901 68
79530 68
131035 68
131036 68
131354 68
131355 68
24980 69
25242 69
76870 69
76873 69
82708 69
82711 69
82829 69
83034 69
316384 69
364146 69
364647 69
364648 69
365156 69
365157 69
547786 69
547790 69
548008 69
75175 70
75177 70
75203 70
548849 70
13036 71
13037 71
13039 71
76608 71
82912 71
131543 71
426915 71
76826 72
79112 72
79825 72
79999 72
80000 72
82784 72
83498 72
83501 72
142458 72
196707 72
196709 72
523894 72
546521 72
546523 72
548179 72
548180 72
548181 72
25447 73
76096 73
76098 73
76526 73
76527 73
76530 73
80311 73
80313 73
132566 73
363767 73
363769 73
363770 73
364334 73
364335 73
364336 73
546435 73
82709 74
82710 74
106549 74
106551 74
132203 74
546519 74
548042 74
75721 75
75723 75
79530 75
79531 75
79532 75
80284 75
195196 75
196701 75
76607 76
79822 76
131545 76
132019 76
150017 76
150021 76
199666 76
75538 77
75540 77
75542 77
76667 77
76670 77
76765 77
79340 77
80603 77
132021 77
132022 77
132099 77
546431 77
546432 77
546434 77
548162 77
75506 78
75507 78
79269 78
79997 78
80850 78
96074 78
96075 78
117620 78
117622 78
117625 78
130978 78
130979 78
547646 78
76772 79
79836 79
547751 79
79567 80
102832 80
102834 80
102835 80
199660 80
547345 80
547346 80
547347 80
547348 80
25617 81
76378 81
76379 81
76522 81
80151 81
80503 81
80565 81
80586 81
80587 81
79996 82
79998 82
364791 82
364792 82
25613 83
25614 83
26324 83
26325 83
26327 83
26328 83
76869 83
79303 83
79361 83
79490 83
79820 83
101997 83
76519 84
79053 84
79054 84
79160 84
79163 84
79572 84
79305 85
79360 85
80537 85
80539 85
118102 85
364818 85
26326 86
79119 87
79122 87
79374 87
79376 87
200818 87
200820 87
200821 87
79363 88
79157 89
80538 89
80542 89
80108 90
80109 90
117638 90
117639 90
209186 90
78968 91
78969 91
79909 91
199912 91
200906 91
200908 91
200909 91
79020 92
79021 92
79022 92
79929 92
355873 92
119315 93
119317 93
201038 93
474397 93
76310 94
76629 94
76630 94
79369 94
79370 94
79372 94
79373 94
79593 94
118111 94
201042 94
201044 94
75715 95
75717 95
75788 95
79157 95
173065 95
173067 95
118057 96
118110 96
200156 96
201628 96
76311 97
76313 97
76314 97
76626 97
76631 97
117965 97
117968 97
270607 97
75818 98
79494 98
79495 98
80183 98
80368 98
117713 98
200758 98
118735 99
118736 99
118737 99
118738 99
119266 99
119269 99
119272 99
119478 99
200736 99
200737 99
200740 99
201116 99
117666 100
119023 100
119314 100
200334 100
200641 100
200963 100
117735 101
117736 101
200086 101
79132 102
118385 102
118389 102
162776 102
200298 102
200301 102
76725 103
79480 103
79482 103
79483 103
79485 103
80835 103
80836 103
80837 103
119191 103
200333 103
75208 104
75367 104
75369 104
75370 104
79486 104
118078 104
118386 104
118387 104
118403 104
118404 104
118999 104
75537 105
117627 105
117629 105
117630 105
117664 105
118391 105
118937 105
137321 105
137322 105
199943 105
199945 105
199946 105
200226 105
201794 105
201797 105
72378 106
72379 106
75201 106
75204 106
75361 106
75365 106
79494 106
79496 106
118084 106
200034 106
200037 106
200417 106
201432 106
201434 106
201454 106
75210 107
75211 107
119021 107
119022 107
119023 107
201433 107
559253 107
559254 107
76509 108
76943 108
76945 108
118923 108
162777 108
201309 108
392679 108
75810 109
119117 109
200784 109
259001 109
35431 110
75842 110
118036 110
118037 110
118038 110
118039 110
118040 110
118041 110
201561 110
80883 111
154095 111
54216 112
117788 112
118656 112
138069 112
199866 112
201142 112
201145 112
201146 112
390496 112
31815 113
31817 113
118720 113
119095 113
119096 113
119396 113
199704 113
199711 113
199712 113
200025 113
201062 113
75809 114
75811 114
75813 114
153115 114
158212 114
163003 114
199855 114
199856 114
200028 114
200030 114
201308 114
201310 114
72382 115
72385 115
79927 115
117620 115
117621 115
118253 115
119427 115
200688 115
450950 115
31829 116
31830 116
117952 116
196470 116
410981 116
410983 116
118983 117
119089 117
119090 117
296023 117
300201 117
32891 118
73015 118
118662 118
119098 118
119538 118
154097 118
196468 118
196469 118
300248 118
300249 118
452039 118
452040 118
71741 119
71744 119
117653 119
117655 119
119313 119
119429 119
174889 119
174890 119
200015 119
200048 119
200684 119
200716 119
200717 119
200852 119
200854 119
32647 120
73029 120
117663 120
117665 120
117666 120
118785 120
119097 120
139895 120
139896 120
139897 120
200837 120
31991 121
32942 121
117954 121
118612 121
195567 121
196151 121
196156 121
522602 121
32258 122
32745 122
117654 122
117945 122
117947 122
118711 122
118713 122
118719 122
118720 122
481268 122
32433 123
32743 123
32746 123
72258 123
73027 123
117751 123
117752 123
118606 123
118607 123
119073 123
32616 124
118830 124
118831 124
196155 124
200014 124
200016 124
200019 124
200857 124
200858 124
201363 124
201365 124
71876 125
118534 125
118536 125
118537 125
200047 125
200049 125
200852 125
436953 125
436954 125
118385 126
118388 126
118389 126
118651 126
118653 126
118654 126
118718 126
118721 126
187651 126
196152 126
196153 126
212872 126
462705 126
118017 127
118019 127
118020 127
118563 127
119071 127
201553 127
201554 127
437407 127
437408 127
437411 127
481269 127
522597 127
32429 128
32430 128
32432 128
71867 128
118508 128
118510 128
118907 128
194899 128
72863 129
72864 129
118001 129
119055 129
201549 129
201550 129
201551 129
437564 129
28502 130
67681 130
67684 130
72982 130
117946 130
201259 130
437176 130
32756 131
32760 131
32333 132
32339 132
32340 132
53649 132
119076 132
522600 132
522602 132
22091 133
22093 133
32747 133
32748 133
67682 133
72058 133
72826 133
72827 133
118663 133
194595 133
194596 133
194597 133
194599 133
436555 133
522132 133
522133 133
32334 134
32336 134
71754 134
71755 134
72823 134
110189 134
117775 134
119114 134
119115 134
119116 134
186471 134
186474 134
306646 134
437269 134
32337 135
200089 135
239423 135
118535 136
118537 136
130352 136
200637 136
200641 136
436489 136
523090 136
69450 138
69451 138
72135 138
436518 138
437055 138
437266 138
32208 139
32210 139
72169 139
72767 139
267477 139
437268 139
32763 140
71408 140
71411 140
72991 140
72992 140
109839 140
109842 140
109843 140
241934 140
241937 140
436368 140
436370 140
69447 141
73072 141
73100 141
73102 141
108931 141
269235 141
269236 141
537918 141
32145 142
33204 142
33207 142
194594 142
195931 142
269237 142
429031 142
436742 142
32141 143
32216 143
32217 143
33447 143
48234 143
68648 143
68651 143
69170 143
69171 143
72988 143
72989 143
72990 143
109241 143
109244 143
109245 143
194597 143
298647 143
521970 143
72133 144
72134 144
240767 144
267637 144
267640 144
32055 145
32058 145
32132 145
32134 145
32135 145
32813 145
32816 145
33206 145
68715 145
68718 145
71762 145
195922 145
195923 145
195925 145
196326 145
196329 145
436442 145
436443 145
436689 145
436692 145
436821 145
436822 145
446374 145
32808 146
33323 146
67798 146
67799 146
72903 146
109839 146
109840 146
109841 146
119348 146
398242 146
436272 146
521968 146
32052 147
32404 147
32406 147
32608 147
32966 147
32968 147
43427 147
43428 147
43429 147
68243 147
68644 147
68714 147
69155 147
69157 147
72135 147
109406 147
109407 147
110284 147
195401 147
399053 147
399056 147
399058 147
436830 147
436832 147
7085 148
31704 148
32133 148
32900 148
32902 148
67764 148
69198 148
69367 148
69369 148
72348 148
109404 148
481142 148
481143 148
32077 149
69344 149
72554 149
111203 149
111205 149
299139 149
299141 149
299142 149
335126 149
335128 149
398114 149
436270 149
446371 149
446376 149
32129 150
69281 150
71927 150
72123 150
72124 150
72553 150
72557 150
72661 150
110003 150
110005 150
110006 150
110134 150
110468 150
110470 150
299023 150
300272 150
398676 150
483947 150
32903 151
37901 151
69448 151
69470 151
72344 151
72830 151
72834 151
120573 151
436858 151
521698 151
521699 151
68009 152
68811 152
398116 152
437445 152
555055 152
32040 153
32328 153
71701 153
71928 153
72954 153
72955 153
109023 153
111250 153
124473 153
300260 153
300262 153
32064 154
32901 154
32904 154
32905 154
33435 154
67711 154
68635 154
68636 154
69379 154
69380 154
72092 154
72094 154
72345 154
110467 154
436294 154
436296 154
436421 154
523160 154
523161 154
32449 155
33439 155
33442 155
69458 155
69462 155
69491 155
69492 155
110367 155
110371 155
399249 155
399251 155
399252 155
521696 155
523059 155
525032 155
32981 156
32983 156
68359 156
69057 156
521972 156
32033 157
32035 157
33443 157
71761 157
110807 157
196853 157
300518 157
399102 157
399104 157
399105 157
399112 157
399113 157
32065 158
67568 158
67582 158
67583 158
68146 158
68147 158
68723 158
68739 158
68740 158
69109 158
71698 158
110799 158
196585 158
196587 158
299024 158
436865 158
436868 158
437037 158
457824 158
457825 158
17753 159
67879 159
67975 159
68355 159
68356 159
68357 159
68358 159
68360 159
71420 159
109994 159
109997 159
195070 159
261606 159
398058 159
437052 159
437053 159
437629 159
31897 160
32034 160
32036 160
74647 160
196852 160
398132 160
33072 161
72531 161
111358 161
111359 161
111360 161
190511 161
195067 161
195069 161
368404 161
368406 161
397340 161
436255 161
436257 161
436425 161
32785 162
33439 162
68741 162
68742 162
68743 162
68744 162
111356 162
217633 162
298832 162
298834 162
298837 162
299770 162
398333 162
398334 162
399268 162
399270 162
437038 162
521233 162
63051 163
69146 163
299408 163
301209 163
301210 163
301212 163
32032 164
68434 164
68840 164
72040 164
72589 164
258903 164
298833 164
299295 164
299296 164
300578 164
300580 164
398256 164
399709 164
399712 164
436940 164
437104 164
437105 164
437987 164
437988 164
522855 164
19732 165
24729 165
31717 165
31719 165
32212 165
32214 165
68655 165
69374 165
69376 165
69377 165
72444 165
72446 165
111219 165
234633 165
234634 165
397448 165
67881 166
67882 166
68236 166
109178 166
109321 166
109324 166
109985 166
109986 166
195421 166
195422 166
195423 166
197155 166
197157 166
197158 166
203928 166
203930 166
298835 166
299349 166
397220 166
399006 166
436622 166
521386 166
522506 166
522890 166
522893 166
31912 167
32159 167
32662 167
195733 167
195735 167
217632 167
217636 167
271732 167
299698 167
300926 167
399657 167
399658 167
436310 167
522525 167
68154 168
68156 168
68157 168
68158 168
249128 168
331171 168
397309 168
397315 168
397451 168
399082 168
436692 168
522505 168
32033 169
32035 169
110120 169
110122 169
183662 169
183663 169
183665 169
299096 169
299098 169
299697 169
301010 169
301072 169
301076 169
398948 169
398949 169
398950 169
413023 169
413024 169
437044 169
437045 169
523013 169
523015 169
32831 170
32832 170
32833 170
32834 170
32835 170
67906 170
67908 170
67910 170
68159 170
109128 170
110535 170
195465 170
299436 170
397219 170
398897 170
399014 170
399015 170
399016 170
437473 170
521471 170
521473 170
522956 170
69032 171
69206 171
72421 171
72422 171
72423 171
109322 171
173333 171
196725 171
300928 171
300929 171
350739 171
397588 171
397591 171
397613 171
397617 171
398611 171
522287 171
32866 172
68086 172
68505 172
110141 172
110538 172
110846 172
110848 172
260402 172
300255 172
350734 172
350737 172
436760 172
437048 172
437250 172
83920 173
109404 173
110423 173
110426 173
195600 173
196473 173
300498 173
300500 173
300502 173
300782 173
300783 173
350528 173
350529 173
399327 173
415589 173
436711 173
436715 173
521508 173
32958 174
67685 174
67687 174
68748 174
69395 174
108920 174
194975 174
259816 174
299917 174
300431 174
350516 174
350522 174
350735 174
350908 174
351655 174
398615 174
398617 174
398988 174
399462 174
399464 174
399465 174
399593 174
436759 174
436761 174
522953 174
68459 175
68483 175
110534 175
110840 175
110869 175
111094 175
111272 175
111273 175
111274 175
184479 175
199687 175
199689 175
299215 175
300346 175
300347 175
397266 175
397267 175
397271 175
397272 175
397596 175
415588 175
483104 175
68212 176
68380 176
72445 176
72446 176
110515 176
110573 176
110658 176
150548 176
196693 176
196696 176
227528 176
227531 176
300586 176
300652 176
300843 176
398616 176
399102 176
399103 176
399105 176
437007 176
32353 177
32357 177
32358 177
68379 177
111238 177
193198 177
299612 177
350300 177
351657 177
398150 177
399045 177
399049 177
416317 177
417207 177
436708 177
522696 177
522697 177
522699 177
68458 178
108636 178
109377 178
109834 178
299757 178
397654 178
397656 178
397970 178
397972 178
398019 178
398343 178
398346 178
411194 178
411195 178
411196 178
436712 178
521986 178
521989 178
522561 178
522562 178
109549 179
109898 179
110343 179
110344 179
298950 179
299214 179
299217 179
300650 179
300655 179
301034 179
398272 179
415658 179
416744 179
437887 179
476727 179
32967 180
33392 180
33393 180
109063 180
109065 180
109989 180
110048 180
194807 180
299679 180
299681 180
350516 180
350517 180
350520 180
350521 180
350738 180
350739 180
350740 180
351634 180
398146 180
398147 180
399584 180
416299 180
436673 180
32354 181
32355 181
32356 181
109205 181
157914 181
157916 181
194798 181
299474 181
299477 181
301202 181
301204 181
397969 181
398269 181
398709 181
398712 181
399674 181
399678 181
436726 181
437020 181
521981 181
31894 182
108205 182
196769 182
299090 182
299654 182
300303 182
301176 182
350298 182
350299 182
515109 182
515110 182
523201 182
70092 183
108230 183
109057 183
109062 183
110106 183
110109 183
194804 183
194805 183
194808 183
344542 183
344543 183
344545 183
351632 183
351633 183
398273 183
399067 183
399070 183
399109 183
399156 183
399339 183
437969 183
73476 184
109993 184
109995 184
300360 184
300840 184
300977 184
300980 184
350442 184
399066 184
416155 184
416157 184
417093 184
417095 184
417096 184
436148 184
436149 184
436151 184
436674 184
522326 184
522617 184
522619 184
276562 185
299089 185
300570 185
397728 185
397729 185
436106 185
437917 185
33107 186
287265 186
298645 186
298649 186
299653 186
299657 186
300652 186
300653 186
300836 186
300837 186
300839 186
399438 186
399584 186
399587 186
416284 186
442480 186
108204 187
195092 187
195093 187
196512 187
210405 187
282438 187
299176 187
299335 187
300978 187
300979 187
351295 187
351296 187
436564 187
472316 187
472317 187
522929 187
523964 187
559365 187
6124 188
22629 188
107822 188
107825 188
136164 188
177091 188
196510 188
196511 188
276565 188
328220 188
102910 189
102911 189
111109 189
114547 189
114549 189
153362 189
153944 189
194770 189
195566 189
195567 189
196038 189
196148 189
196183 189
196187 189
351332 189
351333 189
415649 189
416303 189
416304 189
417044 189
417148 189
417150 189
505754 189
505756 189
195007 190
300379 190
300381 190
398684 190
398685 190
417046 190
507624 190
526891 190
111046 191
195246 191
195248 191
195249 191
195764 191
196339 191
299183 191
300207 191
300208 191
300211 191
16486 192
33073 192
33077 192
108735 192
110197 192
195563 192
195671 192
196236 192
196239 192
226640 192
227418 192
227420 192
227421 192
227484 192
227485 192
298877 192
299003 192
310179 192
310181 192
397229 192
397230 192
397232 192
415956 192
417043 192
417281 192
102913 193
108804 193
109943 193
111108 193
344541 193
344545 193
416057 193
416059 193
416060 193
416061 193
416645 193
417326 193
443310 193
486532 193
108731 194
108733 194
108734 194
109274 194
110317 194
110672 194
110674 194
195008 194
195273 194
195274 194
196150 194
196186 194
196527 194
309615 194
309617 194
397242 194
397731 194
397734 194
416115 194
416573 194
417147 194
487656 194
521678 194
521679 194
522591 194
548225 194
553125 194
70837 195
109060 195
109061 195
109941 195
195762 195
195765 195
196605 195
196606 195
196608 195
196818 195
197008 195
298750 195
300213 195
398688 195
398690 195
416582 195
416584 195
416585 195
466190 195
508639 195
508640 195
510953 195
522644 195
416051 196
416583 196
417303 196
486190 196
486192 196
522058 196
522060 196
522645 196
58577 197
58578 197
109693 197
110916 197
111098 197
111099 197
111100 197
298754 197
298755 197
298871 197
298879 197
298881 197
300218 197
307745 197
362251 197
416611 197
417092 197
417093 197
417097 197
417106 197
417108 197
63151 198
109164 198
109939 198
111221 198
197012 198
300214 198
309301 198
309302 198
309305 198
398286 198
485152 198
485153 198
508957 198
509384 198
509386 198
196079 199
196080 199
196896 199
196898 199
415970 199
416620 199
517001 199
107983 200
110511 200
196184 200
196664 200
196665 200
298747 200
397237 200
397239 200
417229 200
417299 200
417300 200
417301 200
417304 200
521676 200
110441 201
111185 201
416557 201
507929 201
507930 201
521264 201
521679 201
521680 201
521936 201
21789 202
107293 202
107294 202
109065 202
109695 202
109696 202
110440 202
195096 202
200644 202
241356 202
351638 202
351639 202
351641 202
398505 202
507601 202
508747 202
509387 202
509388 202
522008 202
522009 202
106836 203
106837 203
106873 203
106874 203
106876 203
109521 203
398869 203
398871 203
415966 203
416056 203
416060 203
416234 203
424092 203
110095 204
110478 204
110481 204
110832 204
196483 204
416232 204
416233 204
416235 204
416236 204
416520 204
416687 204
416688 204
416714 204
416716 204
486531 204
38452 205
81126 205
103871 205
107627 205
108704 205
109682 205
109684 205
110799 205
196686 205
197057 205
197060 205
197061 205
484846 205
485204 205
485205 205
485706 205
522498 205
522501 205
523192 205
523193 205
523194 205
84137 206
110605 206
195996 206
196491 206
196599 206
196600 206
241350 206
398524 206
398527 206
415951 206
415953 206
415960 206
416038 206
416039 206
416040 206
416042 206
416094 206
416097 206
416098 206
416099 206
489973 206
489974 206
489976 206
522719 206
522941 206
523035 206
69306 207
107554 207
109519 207
109522 207
110893 207
179615 207
194979 207
196016 207
399036 207
416058 207
416062 207
416346 207
416759 207
417169 207
486547 207
508814 207
508816 207
508817 207
508875 207
522939 207
522943 207
218149 208
394923 208
485928 208
106901 209
132843 209
132844 209
364289 209
415560 209
415732 209
415734 209
415735 209
415758 209
415759 209
416342 209
416345 209
471380 209
522938 209
522942 209
106974 210
194943 210
194944 210
195690 210
195819 210
195820 210
309195 210
394927 210
416197 210
416344 210
416588 210
416589 210
416903 210
416905 210
485321 210
507874 210
508893 210
508894 210
508895 210
522013 210
106821 211
106822 211
107925 211
195114 211
398516 211
399297 211
416311 211
416436 211
416907 211
416908 211
416984 211
416985 211
417628 211
521990 211
521991 211
521994 211
106903 212
107212 212
107348 212
110832 212
111150 212
111151 212
195638 212
195639 212
196006 212
196690 212
196691 212
197056 212
197059 212
197061 212
398440 212
416202 212
416203 212
416207 212
416210 212
416212 212
484984 212
485484 212
485487 212
508304 212
508307 212
106437 213
106902 213
106905 213
109668 213
109669 213
195284 213
416073 213
416074 213
416698 213
417160 213
485279 213
486584 213
521464 213
521584 213
522025 213
106444 214
106446 214
107646 214
108113 214
108114 214
108115 214
110908 214
141395 214
195347 214
289319 214
415788 214
416852 214
416853 214
417789 214
417792 214
484983 214
484987 214
507875 214
507876 214
57720 215
57722 215
195842 215
195843 215
195997 215
196754 215
416206 215
417787 215
417790 215
485780 215
521355 215
521993 215
74681 216
417260 216
486078 216
486080 216
522215 216
109664 217
110615 217
110907 217
129145 217
133342 217
133344 217
133345 217
415995 217
415996 217
416130 217
417183 217
485789 217
485793 217
521482 217
521484 217
107835 218
109174 218
109176 218
197166 218
298947 218
309198 218
399034 218
399036 218
416861 218
417184 218
485545 218
486164 218
486467 218
486469 218
521248 218
522242 218
522245 218
522246 218
107324 219
107836 219
110371 219
190885 219
197167 219
309194 219
416304 219
416305 219
416306 219
485757 219
508966 219
522243 219
109665 220
162042 220
162043 220
195777 220
417115 220
485758 220
485759 220
485762 220
486451 220
486765 220
486768 220
486769 220
106597 221
308837 221
417140 221
417141 221
417142 221
486372 221
486375 221
106743 222
106744 222
107204 222
107613 222
107615 222
108450 222
108452 222
109537 222
109596 222
196750 222
309199 222
369794 222
415698 222
419143 222
486449 222
486450 222
486452 222
507753 222
507754 222
507756 222
70206 223
106622 223
106623 223
107872 223
108194 223
133562 223
133564 223
147071 223
147074 223
194749 223
277069 223
277071 223
277074 223
277075 223
485761 223
485891 223
107667 224
107670 224
107866 224
309201 224
309202 224
107834 225
107835 225
107837 225
108454 225
108456 225
109135 225
162044 225
162045 225
162046 225
416074 225
486129 225
486369 225
508089 225
508090 225
508773 225
69137 226
69139 226
81330 226
81331 226
108376 226
108395 226
108396 226
108411 226
108883 226
108884 226
309198 226
309203 226
507701 226
508289 226
508343 226
107616 227
133274 227
508091 227
508093 227
108434 228
108436 228
108437 228
109819 228
109822 228
133240 228
133242 228
133245 228
216507 228
281673 228
281674 228
508350 228
107094 229
109134 229
109136 229
132977 229
45722 230
107957 230
107959 230
108502 230
108686 230
108860 230
116497 230
132844 230
133192 230
219572 230
521838 230
69304 231
108177 231
108179 231
109827 231
134119 231
216776 231
216779 231
216781 231
307987 231
521434 231
521741 231
521743 231
521744 231
107470 232
107474 232
107604 232
108245 232
108246 232
133179 232
134120 232
134121 232
216504 232
216505 232
307968 232
512754 232
106488 233
106489 233
132722 233
133458 233
523106 233
523107 233
45003 234
45721 234
106491 234
106493 234
107572 234
108861 234
108863 234
133504 234
133505 234
134149 234
174528 234
174529 234
174531 234
537537 234
537539 234
68186 235
134276 235
225046 235
225048 235
307971 235
308050 235
308992 235
308994 235
482361 235
508560 235
45007 236
106558 236
106577 236
106578 236
108068 236
132725 236
133247 236
133248 236
134151 236
217422 236
309416 236
508494 236
107033 237
108069 237
108070 237
133241 237
133243 237
133246 237
133396 237
133398 237
133399 237
133539 237
134337 237
216780 237
508027 237
45712 238
106769 238
107196 238
108001 238
108003 238
108004 238
108006 238
108775 238
132879 238
174547 238
460593 238
482360 238
508206 238
508207 238
44668 239
44669 239
44670 239
106556 239
106562 239
106777 239
308920 239
308965 239
308967 239
507656 239
509363 239
45709 240
107226 240
107227 240
107228 240
216775 240
216776 240
216778 240
223783 240
223787 240
308544 240
308546 240
308820 240
308821 240
308823 240
308824 240
309003 240
309005 240
44398 241
107035 241
223694 241
223784 241
223785 241
223786 241
308875 241
308922 241
508205 241
509020 241
545439 241
545440 241
45521 242
106592 242
109548 242
473065 242
508979 242
508980 242
106531 243
107651 243
108063 243
108064 243
132748 243
132749 243
132750 243
223751 243
308963 243
308964 243
508916 243
508918 243
509427 243
522007 243
30632 244
44915 244
44916 244
45000 244
45206 244
45207 244
79763 244
79765 244
106670 244
106672 244
107075 244
133265 244
134148 244
134151 244
134152 244
134439 244
224235 244
225128 244
225347 244
225539 244
307867 244
308873 244
308923 244
478864 244
507515 244
45434 245
67876 245
67877 245
67878 245
106715 245
106716 245
108058 245
108060 245
134227 245
134230 245
134231 245
224134 245
308338 245
308406 245
308437 245
476702 245
508579 245
107464 246
216687 246
216690 246
224162 246
224164 246
307632 246
307633 246
308339 246
308404 246
309143 246
473068 246
475575 246
133051 247
133098 247
134157 247
216333 247
216334 247
308407 247
309141 247
309144 247
476765 247
477012 247
477354 247
477356 247
477357 247
2552 248
2554 248
107877 248
108844 248
127004 248
211284 248
216328 248
216332 248
225350 248
225595 248
307869 248
308434 248
308436 248
308711 248
308714 248
309126 248
309547 248
376805 248
475633 248
475634 248
475635 248
482156 248
107912 249
107913 249
157780 249
217517 249
217519 249
217806 249
217809 249
299297 249
299298 249
308309 249
308312 249
309008 249
309685 249
393561 249
393562 249
476505 249
481019 249
481022 249
224243 250
224246 250
224498 250
304305 250
304307 250
308112 250
308696 250
308699 250
308870 250
423924 250
423929 250
473973 250
507403 250
507405 250
507406 250
519734 250
519735 250
545865 250
553228 250
78297 251
107811 251
108057 251
108059 251
216793 251
216795 251
216796 251
217508 251
223632 251
223635 251
308111 251
308113 251
309265 251
309268 251
310788 251
476287 251
477010 251
477011 251
481020 251
519736 251
563054 251
9339 252
44916 252
44920 252
45115 252
212077 252
216267 252
216269 252
216942 252
224421 252
250169 252
304396 252
307842 252
423926 252
476152 252
44254 253
45120 253
106713 253
106715 253
159267 253
216258 253
216261 253
216732 253
224241 253
236185 253
307776 253
307777 253
307778 253
307780 253
358360 253
403201 253
473975 253
538314 253
45787 254
45788 254
91889 254
91890 254
133963 254
133965 254
134155 254
216510 254
216513 254
216514 254
216657 254
216658 254
216660 254
216662 254
223990 254
223994 254
223996 254
309223 254
309226 254
423925 254
423927 254
475434 254
475795 254
68020 255
133338 255
217706 255
217710 255
303095 255
307483 255
308423 255
308425 255
309264 255
309267 255
376116 255
393561 255
393563 255
393564 255
473961 255
473962 255
473964 255
476041 255
481044 255
483738 255
520410 255
44218 256
45118 256
45151 256
45154 256
133343 256
133344 256
216698 256
217566 256
217567 256
217716 256
217717 256
217734 256
309056 256
309479 256
311343 256
474429 256
477061 256
477062 256
134446 257
216774 257
217718 257
224242 257
308057 257
308060 257
473976 257
474940 257
474943 257
474945 257
475998 257
475999 257
507623 257
507624 257
508326 257
509558 257
509559 257
509560 257
509561 257
44219 258
44222 258
44251 258
44253 258
44695 258
60839 258
107916 258
110903 258
216616 258
217017 258
309064 258
309065 258
309384 258
309386 258
309387 258
309388 258
345148 258
345149 258
345153 258
353358 258
475976 258
477030 258
477032 258
477034 258
78809 259
107915 259
133337 259
133339 259
167766 259
216238 259
216241 259
216699 259
217597 259
217963 259
303357 259
344875 259
474942 259
476663 259
507645 259
45770 260
45773 260
216618 260
216620 260
216621 260
216629 260
216983 260
217342 260
217424 260
217565 260
217714 260
217929 260
217930 260
304195 260
306877 260
306878 260
308037 260
308671 260
308673 260
309134 260
344810 260
344811 260
474139 260
474141 260
476028 260
476030 260
476149 260
477072 260
477073 260
477074 260
508921 260
1715 261
107782 261
107783 261
134444 261
134447 261
216562 261
216793 261
216794 261
216796 261
217056 261
217058 261
217059 261
217413 261
217608 261
227152 261
227153 261
304893 261
308857 261
308858 261
311113 261
345317 261
446812 261
446813 261
474198 261
475185 261
475191 261
476025 261
476051 261
507772 261
507774 261
507776 261
508922 261
44217 262
45774 262
216351 262
216532 262
216534 262
217839 262
303422 262
307492 262
309248 262
309249 262
473641 262
473990 262
474427 262
474428 262
476000 262
476001 262
476327 262
507470 262
507471 262
520788 262
520789 262
520790 262
44469 263
45104 263
133341 263
216346 263
216558 263
216559 263
217083 263
262913 263
310945 263
310948 263
344877 263
345139 263
449566 263
449568 263
449569 263
474449 263
475005 263
477092 263
509557 263
24173 264
43042 264
43043 264
43045 264
44466 264
45766 264
45767 264
45768 264
47898 264
68021 264
77011 264
77013 264
77015 264
77236 264
79969 264
151898 264
151900 264
151901 264
208900 264
217074 264
217476 264
217478 264
225279 264
305688 264
307778 264
307779 264
446814 264
474199 264
475433 264
476027 264
476031 264
482503 264
1710 265
1713 265
1714 265
77094 265
216348 265
216468 265
217066 265
217171 265
217172 265
217173 265
217448 265
288405 265
303942 265
309147 265
309420 265
309421 265
344790 265
345246 265
345247 265
382168 265
474356 265
474616 265
474617 265
474619 265
475243 265
475244 265
475750 265
475751 265
546195 265
24171 266
45103 266
45106 266
216349 266
308616 266
308617 266
344565 266
345913 266
474278 266
474281 266
474651 266
475111 266
481395 266
519435 266
23181 267
48133 267
78356 267
78735 267
78736 267
108303 267
108305 267
114761 267
114762 267
246765 267
246766 267
274516 267
305559 267
309349 267
476435 267
476436 267
476437 267
24424 268
24425 268
24426 268
45346 268
217056 268
217220 268
269276 268
474659 268
474951 268
476333 268
476335 268
476336 268
476923 268
476927 268
482665 268
520317 268
151562 269
203176 269
203177 269
216751 269
216752 269
217213 269
217446 269
306719 269
308718 269
309348 269
474017 269
474098 269
474236 269
474239 269
474357 269
474657 269
474658 269
474661 269
474663 269
475290 269
475293 269
476560 269
476561 269
482001 269
508401 269
509114 269
520329 269
520330 269
22473 270
22475 270
22476 270
45343 270
45345 270
45347 270
45444 270
45821 270
45824 270
77939 270
78899 270
217763 270
473998 270
473999 270
474805 270
474925 270
477030 270
477031 270
477033 270
23183 271
23184 271
44699 271
197364 271
197365 271
216560 271
216713 271
344331 271
474666 271
475108 271
475109 271
475110 271
475112 271
476183 271
476185 271
476809 271
477321 271
481997 271
482664 271
560251 271
77669 272
77670 272
77673 272
77706 272
78231 272
114760 272
134191 272
309187 272
421526 272
476567 272
476569 272
509061 272
17742 273
24513 273
24516 273
44195 273
44197 273
45344 273
77042 273
77044 273
78078 273
78893 273
310200 273
344334 273
344335 273
344339 273
481999 273
482002 273
508171 273
519936 273
519940 273
520050 273
520052 273
520053 273
520054 273
520055 273
77711 274
77794 274
77795 274
77821 274
294179 274
306716 274
344328 274
344329 274
345669 274
345670 274
362611 274
362613 274
474885 274
474887 274
475886 274
508563 274
508564 274
509113 274
509128 274
521129 274
521132 274
18758 275
74478 275
74479 275
216732 275
217355 275
311175 275
345167 275
345170 275
473997 275
476806 275
23610 276
23613 276
24062 276
24063 276
24064 276
24067 276
44715 276
44717 276
83171 276
240215 276
294780 276
310206 276
310207 276
344626 276
344627 276
359912 276
474354 276
475093 276
476064 276
476067 276
520975 276
520981 276
23024 277
23890 277
24159 277
44716 277
64576 277
77686 277
77871 277
77900 277
77901 277
113746 277
311173 277
311176 277
344361 277
344363 277
481760 277
509222 277
509223 277
509224 277
23611 278
23612 278
44718 278
78383 278
78384 278
308013 278
345414 278
345718 278
345721 278
474884 278
474886 278
475400 278
475402 278
476689 278
24066 279
44890 279
44892 279
45111 279
45112 279
74971 279
77902 279
159089 279
294199 279
311177 279
345046 279
475447 279
476224 279
482028 279
482665 279
482666 279
507794 279
507796 279
520299 279
23341 280
23342 280
77583 280
108763 280
136225 280
152652 280
294641 280
310300 280
310857 280
310861 280
431062 280
470812 280
470813 280
470814 280
470815 280
509051 280
509053 280
509054 280
519324 280
519863 280
519866 280
719 281
24043 281
24046 281
78757 281
78927 281
78930 281
78933 281
114509 281
114510 281
157493 281
157495 281
157496 281
306578 281
310700 281
345222 281
345259 281
345261 281
345757 281
361642 281
474423 281
475309 281
475310 281
475448 281
475449 281
477110 281
492970 281
492971 281
492975 281
23356 282
45857 282
45859 282
45861 282
77903 282
306577 282
306580 282
309824 282
345615 282
345616 282
377667 282
473862 282
475091 282
481061 282
481062 282
481063 282
481065 282
481066 282
481904 282
491995 282
509131 282
519940 282
520447 282
22486 283
77906 283
78880 283
310859 283
344534 283
344536 283
344538 283
344539 283
345174 283
345175 283
345177 283
345255 283
345756 283
361161 283
475633 283
509221 283
521152 283
521153 283
521155 283
22948 284
23251 284
23252 284
23802 284
24190 284
24193 284
77586 284
78413 284
310214 284
310294 284
311916 284
345070 284
474658 284
477161 284
477164 284
482517 284
482518 284
520300 284
520302 284
520304 284
520446 284
520450 284
562062 284
23249 285
23250 285
30858 285
77278 285
77533 285
77536 285
78113 285
78114 285
78314 285
78652 285
78653 285
78809 285
110847 285
110848 285
311668 285
311669 285
311688 285
344793 285
361135 285
361597 285
444846 285
444849 285
474660 285
474662 285
491994 285
491996 285
491997 285
491998 285
519369 285
519568 285
558427 285
22691 286
24553 286
24555 286
115089 286
158911 286
261071 286
309870 286
310783 286
310785 286
310894 286
310895 286
310897 286
310898 286
311034 286
311038 286
311053 286
311054 286
345186 286
345190 286
345386 286
345388 286
360109 286
361874 286
362684 286
474640 286
474642 286
474835 286
475047 286
475207 286
476689 286
477044 286
519616 286
520085 286
22947 287
77262 287
77263 287
77265 287
77267 287
77268 287
77270 287
77530 287
78208 287
78209 287
78210 287
78328 287
78590 287
78750 287
142775 287
157419 287
159178 287
344527 287
344529 287
344531 287
475981 287
77275 288
77277 288
77279 288
77655 288
77656 288
77659 288
77998 288
78000 288
310322 288
311139 288
344526 288
345544 288
360793 288
361213 288
474558 288
475762 288
476293 288
476294 288
476296 288
476830 288
481061 288
481063 288
481064 288
481672 288
481677 288
482291 288
519366 288
519371 288
520030 288
520031 288
520258 288
520261 288
520262 288
562059 288
562060 288
23305 289
78391 289
293423 289
309973 289
311370 289
311371 289
311717 289
344599 289
477050 289
481143 289
482692 289
482693 289
492007 289
519367 289
520448 289
520449 289
520599 289
520600 289
71286 290
77367 290
291269 290
309968 290
310161 290
310164 290
311391 290
311392 290
311393 290
311465 290
311711 290
311712 290
345157 290
345159 290
345792 290
360268 290
360270 290
361872 290
361873 290
366249 290
366250 290
366253 290
474401 290
482648 290
482649 290
491068 290
492005 290
492006 290
519294 290
519295 290
520943 290
77657 291
77660 291
77761 291
77762 291
78815 291
78915 291
78917 291
132605 291
139604 291
307157 291
307160 291
309972 291
311197 291
362592 291
481142 291
519393 291
562062 291
562064 291
22428 292
23685 292
23687 292
52859 292
78880 292
284038 292
284039 292
293625 292
293626 292
307158 292
307159 292
310792 292
310793 292
310894 292
310899 292
311913 292
311915 292
344596 292
344598 292
359851 292
359852 292
360921 292
366735 292
476840 292
491532 292
491534 292
493155 292
502471 292
502473 292
502475 292
44771 293
44773 293
71281 293
78388 293
78390 293
78881 293
236536 293
284037 293
309974 293
311030 293
335753 293
345685 293
345687 293
345689 293
362652 293
471648 293
474396 293
474398 293
474400 293
476195 293
477276 293
481673 293
481744 293
481746 293
520023 293
520531 293
520944 293
44351 294
45164 294
78715 294
78716 294
241356 294
276059 294
283972 294
293615 294
309970 294
311709 294
475454 294
481674 294
481676 294
481678 294
482658 294
492847 294
519764 294
519766 294
519767 294
520419 294
72150 295
72153 295
77877 295
78876 295
78877 295
284036 295
291262 295
291264 295
291265 295
291266 295
344360 295
344362 295
344364 295
345187 295
345188 295
365948 295
408253 295
482209 295
491165 295
492514 295
492515 295
502472 295
519650 295
519651 295
520057 295
520781 295
520785 295
24503 296
77368 296
283844 296
293621 296
293622 296
311200 296
344518 296
345278 296
476196 296
476200 296
491871 296
491874 296
492435 296
492606 296
508237 296
519950 296
519951 296
519953 296
44326 297
44330 297
78104 297
78105 297
78690 297
78813 297
242408 297
242409 297
261084 297
261085 297
261086 297
361592 297
366334 297
473952 297
473955 297
474459 297
474460 297
476912 297
477207 297
477208 297
477210 297
477274 297
482205 297
482208 297
491631 297
491632 297
491633 297
520754 297
520757 297
521109 297
23203 298
283971 298
284184 298
335750 298
335752 298
345775 298
360065 298
366613 298
370254 298
475219 298
476522 298
476913 298
476964 298
491620 298
491773 298
492817 298
520454 298
521106 298
521107 298
535025 298
535026 298
535027 298
78440 299
78815 299
78816 299
120123 299
283773 299
344470 299
352193 299
366337 299
416721 299
472081 299
474202 299
474203 299
474300 299
474301 299
474334 299
474339 299
491168 299
492822 299
504338 299
504339 299
520784 299
521174 299
207520 300
283921 300
293593 300
294044 300
294137 300
309828 300
309829 300
335499 300
335754 300
345812 300
359846 300
366152 300
491489 300
491491 300
519756 300
519759 300
291675 301
291676 301
292908 301
477209 301
481278 301
481280 301
491388 301
33955 302
78260 302
78814 302
109660 302
112060 302
112061 302
283766 302
291674 302
311195 302
311197 302
317766 302
318571 302
318574 302
362447 302
366333 302
474634 302
474635 302
475654 302
478545 302
478546 302
491498 302
502476 302
519648 302
191227 303
283808 303
292003 303
292005 303
315580 303
315584 303
316971 303
318493 303
318494 303
318924 303
335495 303
335496 303
335856 303
335858 303
365411 303
365415 303
366610 303
370256 303
427324 303
427325 303
427327 303
474333 303
474335 303
474337 303
474338 303
474459 303
475412 303
475413 303
491239 303
491240 303
493076 303
493079 303
23202 304
23204 304
283635 304
283636 304
293893 304
293894 304
294214 304
294259 304
315582 304
317024 304
473996 304
474302 304
477207 304
477210 304
504949 304
519679 304
64955 305
241107 305
283497 305
283697 305
291625 305
291628 305
294959 305
318026 305
345078 305
345079 305
362601 305
366149 305
491631 305
501164 305
501166 305
293591 306
294615 306
294984 306
318429 306
336750 306
366755 306
366758 306
367918 306
376453 306
474154 306
474155 306
492425 306
492547 306
492899 306
519399 306
520066 306
78812 307
272033 307
283632 307
284202 307
284204 307
292717 307
292906 307
294410 307
318409 307
318489 307
318525 307
336549 307
350980 307
369005 307
283637 308
284250 308
284251 308
292704 308
294027 308
294028 308
294030 308
294986 308
317555 308
336576 308
350976 308
355347 308
366091 308
366092 308
473998 308
491946 308
491948 308
70045 309
134115 309
187922 309
326566 309
367789 309
367790 309
367791 309
367792 309
375401 309
474736 309
474739 309
474820 309
475305 309
477351 309
484852 309
520680 309
520684 309
520717 309
520718 309
109659 310
261087 310
261088 310
284460 310
291756 310
317025 310
317026 310
317027 310
317100 310
317739 310
317740 310
368941 310
475579 310
492424 310
492828 310
493070 310
493071 310
519396 310
519398 310
520249 310
520252 310
69868 311
283449 311
283450 311
284265 311
291466 311
294485 311
365405 311
407145 311
415030 311
492450 311
492660 311
519403 311
519405 311
519698 311
223121 312
283825 312
284266 312
293482 312
293620 312
293722 312
294026 312
451823 312
451826 312
492455 312
519804 312
187925 313
187926 313
187927 313
188397 313
188401 313
218367 313
218368 313
283633 313
283634 313
283636 313
284317 313
292255 313
293266 313
293267 313
294488 313
294527 313
294528 313
311551 313
335928 313
335929 313
335931 313
335933 313
366700 313
366704 313
477112 313
477115 313
133407 314
291808 314
291809 314
294309 314
294311 314
294312 314
294748 314
294749 314
294750 314
317911 314
318986 314
368939 314
375398 314
375400 314
519397 314
519399 314
179276 315
179277 315
179278 315
262267 315
267023 315
291721 315
291849 315
291851 315
292219 315
292221 315
292222 315
293616 315
293617 315
293618 315
293619 315
294567 315
318557 315
318560 315
318563 315
319059 315
355515 315
366135 315
366231 315
366234 315
406117 315
474855 315
474856 315
475049 315
475490 315
492449 315
492454 315
492946 315
520624 315
520627 315
520628 315
48559 316
262284 316
284524 316
291752 316
292202 316
293055 316
294830 316
317271 316
317272 316
317275 316
335875 316
344684 316
365516 316
366624 316
366625 316
367787 316
536381 316
187590 317
261118 317
261121 317
276172 317
283248 317
292250 317
292253 317
365905 317
396279 317
414472 317
477116 317
520476 317
48558 318
48560 318
123414 318
123415 318
236603 318
236604 318
240822 318
290774 318
291472 318
291585 318
291588 318
291589 318
292206 318
294356 318
294358 318
294361 318
294827 318
294831 318
294833 318
311550 318
311553 318
336825 318
336827 318
355512 318
355513 318
367110 318
426873 318
426874 318
426875 318
475466 318
168757 319
235055 319
266043 319
283616 319
283618 319
291509 319
291510 319
292201 319
292204 319
292205 319
292815 319
292817 319
317078 319
317079 319
317744 319
382446 319
382447 319
475491 319
90198 320
123416 320
123417 320
193321 320
262263 320
262379 320
283314 320
284627 320
290874 320
292857 320
292858 320
293156 320
293157 320
293615 320
293620 320
316955 320
317349 320
317350 320
317352 320
335645 320
344645 320
366297 320
366542 320
366543 320
475580 320
124062 321
190502 321
262387 321
291071 321
292627 321
294569 321
294570 321
294571 321
316989 321
336145 321
336737 321
336741 321
351474 321
351475 321
353893 321
353896 321
365483 321
442994 321
475488 321
475489 321
475490 321
39202 322
235622 322
290340 322
291062 322
292160 322
292161 322
292165 322
292549 322
292769 322
292995 322
292997 322
317273 322
317274 322
317277 322
317438 322
317440 322
317540 322
335786 322
350397 322
350398 322
366029 322
366031 322
366271 322
366275 322
366276 322
396276 322
396277 322
406869 322
406874 322
412037 322
61765 323
61767 323
262635 323
283142 323
283231 323
290989 323
290990 323
290991 323
291055 323
315233 323
335642 323
336006 323
353897 323
368767 323
474112 323
474113 323
474259 323
474260 323
474262 323
10807 324
290345 324
291066 324
291546 324
292106 324
293214 324
316994 324
318583 324
336316 324
336318 324
336319 324
350467 324
353898 324
366190 324
366191 324
411031 324
489917 324
90199 325
90201 325
90203 325
262043 325
262044 325
262267 325
262381 325
262397 325
262398 325
291053 325
291056 325
291064 325
311551 325
316988 325
318581 325
320984 325
336035 325
365733 325
367084 325
367088 325
367090 325
398166 325
398167 325
406871 325
406872 325
407461 325
407463 325
474263 325
483511 325
483514 325
529000 325
547665 325
548008 325
4855 326
124061 326
124386 326
124390 326
187817 326
261167 326
292546 326
292548 326
292550 326
335787 326
335791 326
336137 326
407324 326
92342 327
283315 327
290336 327
290339 327
292768 327
292770 327
293059 327
317399 327
317860 327
317861 327
317862 327
318859 327
336136 327
336138 327
366539 327
366540 327
366541 327
366794 327
366796 327
376938 327
124058 328
124060 328
124064 328
124674 328
187815 328
187816 328
236483 328
236484 328
261344 328
261348 328
262206 328
273836 328
273838 328
291062 328
291063 328
293005 328
293039 328
293040 328
293212 328
293213 328
317927 328
366306 328
366307 328
366458 328
40081 329
40085 329
124330 329
124333 329
124830 329
124831 329
262089 329
290400 329
290401 329
291035 329
291038 329
291800 329
291866 329
295973 329
353893 329
353895 329
353897 329
353899 329
365771 329
366685 329
421600 329
437604 329
437606 329
491706 329
532169 329
123216 330
123572 330
123573 330
124173 330
191758 330
262385 330
262388 330
262389 330
284418 330
284424 330
290590 330
292937 330
293043 330
293046 330
298546 330
301988 330
301989 330
301991 330
301992 330
316987 330
316989 330
317617 330
317618 330
366371 330
407421 330
407422 330
474739 330
527040 330
9150 331
123930 331
123934 331
187569 331
187570 331
187572 331
290455 331
291665 331
292492 331
336189 331
336191 331
336328 331
336329 331
366457 331
366459 331
407044 331
407093 331
407094 331
408359 331
804 332
805 332
124501 332
124589 332
124590 332
124591 332
258286 332
258287 332
293208 332
318253 332
318965 332
365371 332
365372 332
366471 332
408574 332
408640 332
236081 333
260674 333
260676 333
262079 333
262082 333
284638 333
284639 333
290321 333
291061 333
291065 333
291066 333
291544 333
291546 333
292400 333
292401 333
292402 333
292404 333
317620 333
317621 333
336184 333
406830 333
406831 333
406832 333
407046 333
123570 334
123571 334
124388 334
135111 334
152137 334
152138 334
260862 334
283384 334
290311 334
290542 334
290543 334
291876 334
291877 334
295144 334
295147 334
296775 334
296777 334
296778 334
296779 334
317790 334
317792 334
336182 334
336186 334
366078 334
366081 334
399867 334
408360 334
408362 334
38406 335
123183 335
188277 335
188281 335
235920 335
237378 335
291504 335
291661 335
291873 335
291874 335
292966 335
292968 335
292980 335
295842 335
295843 335
365373 335
365374 335
367104 335
406821 335
406824 335
407011 335
437229 335
437232 335
157106 336
243256 336
243257 336
243258 336
243259 336
243260 336
261198 336
284637 336
284641 336
287598 336
287599 336
292815 336
296051 336
317430 336
317433 336
317434 336
318259 336
336392 336
336393 336
366470 336
366524 336
124067 337
124386 337
124387 337
124390 337
187748 337
194823 337
194824 337
194825 337
291228 337
291229 337
291230 337
291505 337
291907 337
291909 337
292128 337
292130 337
292399 337
292403 337
293079 337
296757 337
318241 337
335292 337
335293 337
335294 337
336348 337
336562 337
336563 337
351236 337
351238 337
351852 337
365594 337
406977 337
407944 337
123219 338
123489 338
123648 338
192292 338
209182 338
262043 338
262045 338
262046 338
284640 338
290333 338
290597 338
290598 338
291205 338
291210 338
291352 338
291355 338
330726 338
330727 338
365198 338
367038 338
367041 338
408645 338
408647 338
80788 339
123313 339
123315 339
123316 339
188806 339
188807 339
188811 339
261847 339
287587 339
287588 339
290305 339
290308 339
290565 339
290566 339
292343 339
295680 339
317401 339
317898 339
317900 339
317901 339
317977 339
335582 339
335583 339
335587 339
336390 339
350372 339
351164 339
351166 339
351556 339
407266 339
407268 339
461196 339
123523 340
124647 340
124736 340
165808 340
260627 340
260630 340
262410 340
287276 340
287280 340
290657 340
291103 340
291104 340
291634 340
293010 340
293012 340
318301 340
335290 340
335295 340
350371 340
365372 340
365375 340
407186 340
407916 340
407918 340
123218 341
123816 341
185397 341
185398 341
188672 341
188684 341
189159 341
189160 341
189161 341
192294 341
192701 341
207928 341
262065 341
262066 341
290535 341
290538 341
291780 341
292398 341
292402 341
295683 341
295685 341
296760 341
317400 341
317622 341
317624 341
335592 341
335593 341
336338 341
336433 341
351630 341
351632 341
351633 341
40796 342
123297 342
123298 342
123299 342
123302 342
124716 342
124717 342
147867 342
187623 342
187625 342
188743 342
261217 342
261221 342
262062 342
290530 342
290531 342
292841 342
293257 342
293258 342
296366 342
297718 342
297719 342
336624 342
336627 342
351565 342
407187 342
407272 342
35468 343
35470 343
42162 343
124738 343
124740 343
124804 343
152280 343
187671 343
187672 343
188565 343
191816 343
261552 343
261554 343
292435 343
295265 343
317017 343
317018 343
317944 343
318306 343
323806 343
335382 343
335385 343
351535 343
351557 343
351559 343
366194 343
367084 343
367087 343
367089 343
407346 343
407347 343
407348 343
407604 343
407605 343
407862 343
407863 343
407955 343
408195 343
408423 343
123493 344
123570 344
123574 344
124326 344
135818 344
176474 344
188819 344
290406 344
295374 344
296034 344
333784 344
333786 344
335301 344
336372 344
336373 344
336375 344
351480 344
524683 344
123573 345
165083 345
165088 345
165504 345
188038 345
188040 345
191812 345
191814 345
261469 345
290316 345
292474 345
296470 345
296472 345
317130 345
330762 345
335550 345
336023 345
336024 345
350506 345
365036 345
407388 345
408398 345
408609 345
472021 345
480229 345
480231 345
100844 346
123291 346
123456 346
187768 346
187769 346
187770 346
188576 346
188912 346
188913 346
188915 346
191763 346
191764 346
268588 346
288096 346
288100 346
292399 346
292403 346
292404 346
292516 346
293242 346
295312 346
318301 346
336637 346
336639 346
351543 346
351722 346
351724 346
365556 346
365557 346
378760 346
407118 346
407672 346
407676 346
410778 346
410780 346
410781 346
411671 346
524684 346
524686 346
524687 346
6503 347
65797 347
123529 347
123531 347
124044 347
124045 347
124049 347
175344 347
188690 347
189205 347
192182 347
241880 347
241882 347
261568 347
287347 347
292085 347
316883 347
317368 347
318305 347
335227 347
335300 347
335387 347
335560 347
336466 347
336771 347
336773 347
406958 347
407664 347
407882 347
408610 347
3983 348
5397 348
77453 348
123279 348
123282 348
123284 348
123406 348
123407 348
123457 348
123660 348
123764 348
124043 348
124323 348
187885 348
188082 348
188084 348
188506 348
188507 348
188510 348
188511 348
192314 348
192435 348
192483 348
192875 348
193210 348
270303 348
286540 348
286722 348
286724 348
290842 348
291298 348
291299 348
317597 348
319324 348
336387 348
351534 348
351558 348
351832 348
365437 348
406844 348
406847 348
503134 348
503136 348
123218 349
123221 349
123437 349
123439 349
124091 349
124551 349
188103 349
192536 349
192537 349
241655 349
287385 349
287388 349
290763 349
296943 349
296945 349
318908 349
335228 349
335968 349
335971 349
335972 349
351511 349
351573 349
351574 349
365446 349
123396 350
123398 350
123399 350
123409 350
123410 350
123411 350
123508 350
123532 350
123533 350
123586 350
123588 350
123589 350
124548 350
124557 350
166156 350
166160 350
187412 350
188508 350
188769 350
188770 350
192302 350
192611 350
286285 350
286332 350
287748 350
288140 350
292750 350
292752 350
295375 350
295376 350
295377 350
295443 350
295445 350
295446 350
295447 350
297557 350
298493 350
298494 350
317161 350
317844 350
335678 350
335967 350
336259 350
336260 350
351805 350
389767 350
389769 350
407431 350
407434 350
123517 351
124631 351
164783 351
187618 351
187901 351
192215 351
192878 351
260829 351
262575 351
262752 351
268174 351
268177 351
291295 351
292084 351
297783 351
297784 351
316903 351
317186 351
318820 351
318906 351
335379 351
335547 351
336509 351
351059 351
406956 351
406957 351
406959 351
407188 351
407189 351
408085 351
408086 351
408087 351
523864 351
523865 351
523868 351
523869 351
3981 352
123580 352
123581 352
124446 352
187610 352
187612 352
187613 352
188505 352
192735 352
192877 352
210706 352
242820 352
260737 352
262005 352
262006 352
262129 352
262130 352
262604 352
277715 352
277716 352
286286 352
286718 352
286720 352
286721 352
287189 352
287191 352
287192 352
287231 352
288244 352
295793 352
295794 352
297945 352
301609 352
317501 352
318208 352
318209 352
336386 352
336510 352
336512 352
336656 352
336657 352
336659 352
336688 352
351777 352
351779 352
364730 352
366687 352
407821 352
408084 352
408088 352
539851 352
109386 353
109388 353
109392 353
123606 353
124209 353
124211 353
124443 353
124444 353
133117 353
133119 353
166339 353
166340 353
166341 353
187720 353
187879 353
187880 353
187881 353
189017 353
189260 353
192082 353
192211 353
192214 353
192481 353
192765 353
193942 353
261137 353
286539 353
286541 353
295426 353
317195 353
317843 353
317846 353
328721 353
336669 353
336671 353
350535 353
351734 353
366737 353
366740 353
366741 353
408119 353
408122 353
123395 354
124177 354
124179 354
124552 354
124553 354
124554 354
124555 354
164907 354
164908 354
187615 354
188336 354
189042 354
192288 354
192290 354
192432 354
192433 354
260735 354
260736 354
286876 354
287041 354
287595 354
293211 354
293212 354
293214 354
297944 354
297947 354
297948 354
335654 354
335960 354
336830 354
336831 354
336834 354
350533 354
350536 354
351098 354
351102 354
523599 354
22554 355
22555 355
73976 355
123376 355
123509 355
124300 355
124302 355
124454 355
157734 355
157736 355
157737 355
188413 355
191844 355
192165 355
192186 355
192760 355
192942 355
192944 355
193013 355
193034 355
199771 355
261692 355
261693 355
261694 355
261695 355
274095 355
274096 355
286659 355
286661 355
286922 355
288147 355
291114 355
291116 355
296941 355
297531 355
297534 355
318014 355
335381 355
336794 355
340740 355
350233 355
351002 355
351557 355
480383 355
119004 356
123847 356
123850 356
124435 356
187403 356
187406 356
187407 356
191822 356
242216 356
260785 356
262055 356
262058 356
262121 356
262122 356
262277 356
262278 356
262561 356
268163 356
287015 356
287227 356
287778 356
287779 356
288151 356
288152 356
293228 356
296541 356
310908 356
317716 356
317719 356
318404 356
335209 356
335969 356
335973 356
336506 356
336507 356
336508 356
350254 356
351056 356
351060 356
351504 356
418668 356
486365 356
551355 356
17898 357
20765 357
89798 357
89799 357
164717 357
164720 357
187398 357
188337 357
192368 357
255162 357
262421 357
267828 357
287029 357
287031 357
288139 357
288277 357
317570 357
350417 357
350772 357
366170 357
366870 357
420412 357
501539 357
503163 357
503164 357
123919 358
133116 358
187960 358
188830 358
188832 358
189043 358
189045 358
191847 358
210982 358
261135 358
261136 358
261223 358
261701 358
262689 358
267461 358
267824 358
267825 358
286723 358
286934 358
318103 358
350388 358
350389 358
350390 358
429723 358
461645 358
76544 359
124448 359
124450 359
124451 359
187402 359
188541 359
188542 359
188592 359
192138 359
192166 359
248479 359
262154 359
262641 359
262644 359
262770 359
269241 359
273014 359
287810 359
295053 359
295136 359
295137 359
296542 359
317182 359
335849 359
351108 359
351110 359
148253 360
175596 360
187400 360
188989 360
188991 360
188993 360
192162 360
192167 360
192442 360
192473 360
213094 360
213095 360
262802 360
268225 360
268795 360
268796 360
268797 360
273273 360
273275 360
273276 360
273277 360
273879 360
273881 360
274111 360
274112 360
287281 360
287284 360
287372 360
296943 360
317260 360
317264 360
317713 360
317715 360
317805 360
335928 360
335932 360
335933 360
336247 360
350675 360
366550 360
366553 360
388906 360
389766 360
389768 360
389771 360
418666 360
418669 360
76543 361
76545 361
146096 361
146097 361
166121 361
166123 361
166338 361
166339 361
166340 361
166341 361
188156 361
188834 361
191845 361
191846 361
231364 361
255159 361
255161 361
262056 361
262563 361
267527 361
273062 361
312269 361
335334 361
335941 361
335943 361
335947 361
335967 361
335968 361
351121 361
351469 361
74603 362
74604 362
107727 362
107731 362
119905 362
119906 362
119908 362
187959 362
188157 362
188593 362
188595 362
188596 362
192974 362
262123 362
268168 362
268171 362
268933 362
269091 362
269092 362
269498 362
296632 362
307570 362
309903 362
312268 362
312270 362
312606 362
317803 362
318941 362
340107 362
351415 362
351674 362
351675 362
351676 362
359397 362
366586 362
366589 362
408477 362
466694 362
9022 363
107726 363
155712 363
165401 363
165402 363
165405 363
166000 363
166280 363
166283 363
187956 363
192474 363
192475 363
192781 363
213449 363
262450 363
268312 363
268314 363
272137 363
272140 363
286395 363
287708 363
287709 363
311706 363
318230 363
318233 363
318235 363
318534 363
319050 363
319052 363
319053 363
331433 363
331693 363
503594 363
29042 364
90907 364
165366 364
190987 364
253948 364
253952 364
253954 364
261242 364
261243 364
261244 364
268315 364
268894 364
269660 364
269661 364
269663 364
272614 364
273374 364
286931 364
286932 364
305720 364
331446 364
335422 364
335427 364
336061 364
336062 364
339426 364
420854 364
536700 364
536702 364
536703 364
536706 364
