10707 9
299739 9
317567 9
202349 10
321481 10
387027 11
409248 11
127321 12
134814 12
230420 12
387972 12
387973 12
370850 14
386987 14
386990 14
386991 14
284522 15
234764 16
387026 16
387697 16
387700 16
127690 17
127692 17
128139 17
387447 17
128076 18
128081 18
127323 20
127326 20
128078 20
128080 20
128375 20
128376 20
128703 20
386662 20
386663 20
387145 20
387698 20
128152 21
128613 21
313845 21
387448 21
387450 21
127133 22
128149 22
128150 22
386661 22
386664 22
386861 22
386862 22
127846 23
386945 23
127809 24
128674 26
386860 26
139204 27
127121 28
100610 31
100611 31
100612 31
388703 31
100721 32
100722 32
388587 32
388588 32
388590 32
388591 32
388362 35
494333 35
494334 35
494335 35
386511 36
386513 36
386515 36
388589 36
128218 37
387941 38
387510 41
387945 45
