317568 2 1 3 0
10705 3 2 3 0
88376 3 2 3 0
194574 3 2 3 0
202348 3 2 1 0
299738 3 2 3 1
321482 4 3 3 0
74202 5 4 3 0
129471 5 3 3 1
387025 5 4 1 0
409249 5 2 3 1
127317 6 2 1 0
134815 6 2 3 0
350527 6 3 3 1
387970 6 3 1 0
10703 7 3 4 1
93453 7 3 1 0
370849 8 2 4 0
386988 8 2 1 0
128338 9 3 1 0
284524 9 3 3 0
387696 9 1 1 0
127711 10 4 2 0
128137 10 2 1 0
234765 10 3 3 0
302727 10 3 2 0
387027 10 4 3 0
102658 11 2 3 0
127689 11 4 1 0
370058 11 3 3 0
387448 11 2 1 0
128318 12 3 1 0
386836 12 2 3 0
387303 12 3 3 0
388491 12 2 1 0
127681 13 3 1 0
128077 13 3 1 0
128700 13 1 1 0
386852 13 3 4 0
127322 14 4 1 0
127682 14 3 3 0
128076 14 2 0 0
128373 14 3 1 1
128429 14 3 1 0
313846 14 2 1 0
386661 14 2 1 0
387142 14 2 1 0
387700 14 3 3 0
128151 15 3 1 0
128611 15 3 1 0
387449 15 3 3 0
515250 15 2 3 0
128153 16 2 3 0
252619 16 3 3 0
386663 16 2 1 0
387899 16 2 3 0
127808 17 3 1 0
127848 17 2 1 0
128078 17 3 1 0
386664 17 2 3 0
386943 17 4 1 0
386855 18 2 4 1
387145 18 3 2 0
515251 18 2 3 0
127128 19 2 1 0
386859 19 3 1 0
128589 21 1 3 0
128673 21 3 1 0
127119 22 3 1 0
128672 22 3 1 0
101254 23 2 1 0
128218 23 1 1 0
100608 24 3 1 0
100726 24 4 1 1
101265 24 2 3 0
127145 24 3 3 0
128043 24 2 1 0
128352 24 2 1 0
100723 26 2 3 1
128290 26 3 3 0
388702 26 4 1 0
126877 27 4 2 0
386514 29 3 1 0
388360 29 2 1 0
494336 29 2 2 0
387918 30 3 3 0
388588 30 2 1 0
128219 31 4 2 0
387942 32 2 2 0
387511 35 2 4 0
387811 36 4 3 0
387946 38 2 1 0
295863 44 3 3 0
