147623 9
147626 9
478643 9
478645 9
277066 10
457048 10
333113 12
478644 12
478646 12
477443 13
477444 13
33515 14
537682 15
34698 16
34701 16
333433 16
550300 16
34533 17
263973 17
263974 17
478738 17
478741 17
34410 18
34412 18
478139 18
331820 19
539018 19
33514 21
33515 21
33516 21
33517 21
331819 21
331822 21
457047 21
457049 21
34595 22
34598 22
34978 23
290711 23
332009 23
332203 23
332204 23
457860 23
271947 24
271948 24
332369 24
271621 25
332821 25
538200 25
34791 26
332818 26
332820 26
290713 27
291258 27
291769 27
291770 27
291772 27
291773 27
333298 27
333299 27
457263 27
458299 27
458300 27
458501 27
537940 27
539050 27
539051 27
290977 28
290978 28
291257 28
136863 29
290701 29
290706 29
291416 29
333276 29
333278 29
333279 29
332926 30
332929 30
537748 30
537749 30
290272 31
290959 31
290975 31
291743 31
291744 31
331888 31
290702 32
290703 32
290704 32
290705 32
292069 32
292070 32
333301 32
446373 32
446374 32
458098 32
538301 32
539093 32
539094 32
539095 32
539097 32
136847 33
136848 33
136859 33
136861 33
136864 33
136865 33
290464 33
291763 33
291768 33
292861 33
292913 33
332065 33
332930 33
457665 33
457669 33
290831 34
332595 34
333344 34
333347 34
333489 34
457542 34
136860 35
137881 35
290832 35
290835 35
292064 35
292802 35
291622 36
291623 36
331994 36
331998 36
291928 37
291929 37
291931 37
292599 37
292863 37
332410 37
332411 37
333335 37
333338 37
457504 37
459008 37
538497 37
538498 37
292067 38
332062 38
332064 38
332066 38
333488 38
333490 38
459113 38
539154 38
291134 39
292039 39
292041 39
292440 39
292444 39
292733 39
292860 39
292861 39
459058 39
539011 39
540841 39
136904 40
291961 40
291999 40
331833 40
331835 40
332363 40
332879 40
332880 40
332996 40
332997 40
457238 40
457988 40
537465 40
538872 40
538873 40
538965 40
136810 41
332301 41
332358 41
333174 41
333178 41
333179 41
333484 41
458119 41
459053 41
537805 41
538631 41
290945 42
290946 42
325060 42
333376 42
333421 42
459095 42
537708 42
137669 43
137672 43
181062 43
292418 43
292420 43
292768 43
292770 43
332706 43
332878 43
332882 43
332883 43
333328 43
333423 43
457352 43
459006 43
537703 43
537704 43
537707 43
538396 43
538397 43
538400 43
538630 43
292089 44
293137 44
333383 44
457172 44
457174 44
538154 44
538157 44
538553 44
290340 45
290342 45
290344 45
290636 45
290637 45
290641 45
291940 45
292092 45
331813 45
332424 45
332427 45
333334 45
333382 45
333384 45
333385 45
333415 45
333417 45
457415 45
457417 45
457869 45
502113 45
137811 46
291871 46
291962 46
291966 46
291975 46
332730 46
333387 46
333516 46
333518 46
458896 46
495209 46
538143 46
538402 46
538619 46
538620 46
538787 46
72226 47
291712 47
291715 47
292055 47
292056 47
292058 47
292088 47
292090 47
292417 47
292419 47
293048 47
293050 47
293051 47
332386 47
397013 47
457484 47
538593 47
538594 47
538596 47
137137 48
137139 48
137140 48
290341 48
291867 48
292687 48
323550 48
323551 48
333212 48
457868 48
458260 48
458371 48
458897 48
458899 48
459031 48
501409 48
501412 48
106616 49
106617 49
137877 49
290357 49
290745 49
290747 49
290748 49
291328 49
291329 49
291600 49
292334 49
292335 49
293174 49
446392 49
457401 49
458803 49
458804 49
502229 49
538502 49
38009 50
137077 50
290370 50
290408 50
291973 50
291976 50
292081 50
292082 50
292769 50
292830 50
292901 50
452359 50
457928 50
458158 50
458159 50
458296 50
458374 50
458425 50
538591 50
538595 50
55575 51
55577 51
106488 51
291116 51
291120 51
291121 51
291122 51
457762 51
457764 51
457767 51
458106 51
458110 51
458859 51
458864 51
471566 51
471567 51
502306 51
502311 51
502864 51
502867 51
24825 52
48062 52
98967 52
211415 52
211416 52
291156 52
291576 52
291667 52
292462 52
292465 52
332119 52
332121 52
333414 52
446522 52
446523 52
446524 52
457549 52
457550 52
457728 52
457730 52
458898 52
502310 52
502728 52
502731 52
72225 53
72226 53
152464 53
291209 53
291507 53
291847 53
291848 53
292365 53
292368 53
292678 53
388387 53
446393 53
446394 53
457621 53
537703 53
537706 53
537708 53
108537 54
108538 54
290314 54
290315 54
290330 54
290356 54
290359 54
291225 54
291229 54
291652 54
292301 54
457441 54
457442 54
457443 54
89311 55
265180 55
290976 55
291291 55
292263 55
292264 55
293015 55
293152 55
426898 55
458287 55
509219 55
509221 55
73248 56
73250 56
98968 56
230151 56
291736 56
291737 56
291739 56
292101 56
292244 56
292246 56
292558 56
446388 56
446389 56
446391 56
458555 56
458556 56
537688 56
537691 56
98969 57
99899 57
107865 57
108321 57
108323 57
230152 57
290346 57
291741 57
291744 57
292484 57
292485 57
292559 57
323896 57
332484 57
332486 57
457440 57
457624 57
457956 57
458286 57
458835 57
137840 58
291118 58
291604 58
291605 58
292670 58
292671 58
333318 58
446178 58
446181 58
458424 58
106593 59
291054 59
291055 59
291655 59
291656 59
291658 59
292076 59
292079 59
292102 59
292752 59
292753 59
292755 59
292953 59
457546 59
457547 59
457548 59
458042 59
458044 59
458290 59
459050 59
502482 59
502901 59
135885 60
176235 60
216237 60
291150 60
291153 60
291415 60
427280 60
433094 60
433095 60
458050 60
458320 60
458837 60
502863 60
537868 60
538618 60
112066 61
291657 61
360427 61
360429 61
396482 61
447090 61
447092 61
458289 61
502777 61
502779 61
537875 61
99895 62
108447 62
108785 62
189558 62
189560 62
291117 62
291122 62
291899 62
292615 62
292618 62
292725 62
292727 62
292728 62
317303 62
317307 62
317308 62
324788 62
457393 62
457637 62
457638 62
457639 62
458035 62
458037 62
458040 62
458043 62
458988 62
458989 62
502705 62
537878 62
538553 62
538554 62
538961 62
538963 62
538964 62
538965 62
106692 63
106694 63
108102 63
108103 63
108106 63
108450 63
290744 63
290747 63
290786 63
290787 63
290788 63
292620 63
292621 63
292714 63
292717 63
292903 63
293150 63
324211 63
324216 63
457495 63
457882 63
538510 63
291896 64
292908 64
404349 64
404350 64
411602 64
441712 64
446266 64
446267 64
446268 64
500654 64
501657 64
501658 64
107591 65
108105 65
108169 65
108796 65
108798 65
291642 65
292737 65
323895 65
323897 65
441115 65
441119 65
502651 65
502654 65
502790 65
538504 65
538505 65
154662 66
230148 66
290456 66
318718 66
318721 66
318722 66
397757 66
457129 66
457130 66
464908 66
39434 67
39437 67
88284 67
108537 67
108538 67
108541 67
232052 67
232054 67
232253 67
232258 67
232260 67
291793 67
291795 67
291895 67
291898 67
325550 67
381138 67
397752 67
443552 67
516146 67
516147 67
516268 67
537613 67
106428 68
106432 68
107903 68
108446 68
108449 68
108451 68
108463 68
108465 68
108466 68
230142 68
290313 68
290315 68
290316 68
291294 68
291463 68
291991 68
325658 68
325659 68
397327 68
501937 68
501941 68
72642 69
72645 69
109358 69
151359 69
398830 69
398831 69
441114 69
441118 69
457464 69
538260 69
232058 70
381139 70
381140 70
446391 70
447130 70
457462 70
457465 70
502718 70
502720 70
502722 70
502778 70
537646 70
160056 71
160057 71
221947 71
246462 71
246463 71
291529 71
323989 71
323990 71
446241 71
468504 71
538496 71
538497 71
538499 71
80489 72
107568 72
108846 72
108849 72
324237 72
324240 72
325566 72
325567 72
397476 72
447095 72
447096 72
501936 72
501938 72
501940 72
501942 72
502325 72
502434 72
502916 72
502917 72
516319 72
107572 73
292368 73
381142 73
389591 73
389593 73
447126 73
502603 73
516142 73
516143 73
516145 73
516148 73
537496 73
537649 73
164959 74
292147 74
293039 74
302285 74
302290 74
323575 74
323577 74
324202 74
324591 74
324592 74
325565 74
325718 74
325720 74
397755 74
517259 74
532644 74
538259 74
538423 74
106504 75
230946 75
251882 75
324212 75
324214 75
324215 75
324652 75
441672 75
500996 75
516702 75
516704 75
517194 75
72645 76
72646 76
106665 76
324856 76
381804 76
381805 76
397324 76
397477 76
411851 76
441674 76
501516 76
501518 76
501521 76
538015 76
291859 77
301356 77
301358 77
324201 77
324203 77
386951 77
386953 77
398942 77
515774 77
537518 77
538263 77
292581 78
302002 78
302003 78
302004 78
323574 78
325232 78
364163 78
381322 78
397358 78
537987 78
537990 78
136799 79
295058 79
323810 79
324335 79
324337 79
441766 79
446240 79
446281 79
447619 79
515429 79
515431 79
517009 79
517137 79
301363 80
325280 80
325462 80
325465 80
381231 80
398043 80
398261 80
398262 80
446671 80
517210 80
517211 80
72043 81
301357 81
302647 81
302649 81
323893 81
323894 81
325277 81
398715 81
446594 81
446595 81
447112 81
447612 81
447616 81
447900 81
516361 81
516363 81
516520 81
517195 81
538014 81
136798 82
291861 82
302557 82
327436 82
381325 82
382117 82
382506 82
501541 82
515491 82
515492 82
516340 82
516341 82
516554 82
516557 82
516775 82
116000 83
238547 83
381803 83
382261 83
382262 83
446587 83
446588 83
516515 83
516516 83
517005 83
517008 83
517135 83
517136 83
538918 83
538919 83
541645 83
238549 84
302644 84
302646 84
329657 84
397126 84
397128 84
398698 84
398714 84
399255 84
399346 84
443619 84
446415 84
447901 84
515588 84
516226 84
538970 84
538971 84
248921 85
248923 85
291702 85
291705 85
293835 85
293837 85
325195 85
382119 85
397925 85
398259 85
399491 85
399493 85
446416 85
515489 85
516326 85
516328 85
516420 85
516423 85
517221 85
517222 85
538273 85
72047 86
164849 86
325151 86
325278 86
325279 86
382263 86
382264 86
397498 86
398127 86
398128 86
398130 86
398131 86
398420 86
398422 86
398423 86
398504 86
399149 86
399151 86
447015 86
447278 86
447620 86
516131 86
292991 87
381776 87
381777 87
381778 87
398701 87
398993 87
399540 87
399541 87
446417 87
537702 87
290365 88
290367 88
290368 88
291857 88
382260 88
397492 88
398138 88
440668 88
441002 88
441003 88
446427 88
446480 88
494073 88
516488 88
516489 88
516490 88
516491 88
516492 88
516561 88
71501 89
382245 89
398375 89
398502 89
398936 89
398937 89
429999 89
501544 89
325557 90
325561 90
325563 90
387779 90
397793 90
398716 90
398990 90
398991 90
399379 90
399650 90
400855 90
441769 90
447884 90
516215 90
516217 90
516218 90
516219 90
537700 90
537701 90
548677 90
381524 91
382407 91
397414 91
398007 91
398738 91
399346 91
399347 91
399348 91
412994 91
429982 91
436671 91
447352 91
447353 91
447608 91
447610 91
501070 91
515489 91
515490 91
121431 92
237356 92
292459 92
292461 92
397630 92
397631 92
398374 92
398700 92
399216 92
515356 92
515359 92
330570 93
330571 93
397493 93
397494 93
506166 93
518435 93
518437 93
381112 94
381115 94
381182 94
382349 94
386943 94
397629 94
446946 94
516774 94
516775 94
516778 94
71283 95
291714 95
301306 95
397685 95
497291 95
516243 95
516246 95
529121 95
529123 95
70862 96
77987 96
77988 96
179564 96
237359 96
302312 96
381177 96
382408 96
382410 96
397135 96
397137 96
398564 96
398565 96
399381 96
399383 96
399385 96
420912 96
420913 96
429980 96
429983 96
447329 96
516489 96
516490 96
70777 97
70780 97
70781 97
237883 97
237887 97
302984 97
302986 97
397334 97
397337 97
397338 97
399529 97
447355 97
469127 97
70663 98
70666 98
138128 98
138129 98
291045 98
302298 98
381427 98
382049 98
382051 98
382052 98
398253 98
399233 98
399386 98
399389 98
515953 98
515956 98
516214 98
516351 98
516354 98
175749 99
237884 99
381452 99
398720 99
447328 99
447330 99
447331 99
447332 99
497506 99
497508 99
554338 99
237888 100
290396 100
503694 100
503695 100
516240 100
516241 100
516925 100
442054 101
447333 101
516176 101
70867 102
100542 102
382560 102
398241 102
515317 102
515320 102
515749 102
515750 102
101310 103
101313 103
101315 103
198471 103
302543 103
313287 103
313288 103
381928 103
397136 103
397137 103
398266 103
516175 103
516177 103
530956 103
70777 104
70778 104
70780 104
70782 104
71059 104
71060 104
71311 104
90607 104
90609 104
100715 104
238001 104
301294 104
301295 104
381418 104
381419 104
397377 104
397401 104
398247 104
398248 104
399150 104
399458 104
447230 104
70340 105
70341 105
70344 105
70610 105
102578 105
349306 105
397779 105
446941 105
69853 106
70438 106
70439 106
78262 106
101373 106
237694 106
321724 106
382241 106
398594 106
71326 107
71327 107
238000 107
238780 107
323886 107
323888 107
381433 107
381434 107
381436 107
397510 107
399083 107
399087 107
498460 107
516697 107
516698 107
516700 107
7773 108
7774 108
7777 108
99941 108
99944 108
382896 108
397911 108
398799 108
410066 108
410067 108
496959 108
496960 108
515746 108
70424 109
70455 109
70456 109
70811 109
99945 109
236515 109
237611 109
302129 109
397509 109
397511 109
397849 109
402487 109
496815 109
69572 110
69573 110
70111 110
70317 110
70994 110
99949 110
99951 110
237399 110
381724 110
381726 110
446439 110
71080 111
71178 111
101775 111
101777 111
302260 111
302262 111
323889 111
497319 111
497320 111
497839 111
497842 111
497899 111
510927 111
70318 112
70319 112
70320 112
70877 112
70879 112
70880 112
70881 112
297030 112
297032 112
302442 112
399328 112
410063 112
496868 112
497632 112
70025 113
70027 113
70423 113
70427 113
71106 113
71173 113
71175 113
71376 113
302100 113
302102 113
302780 113
302782 113
302784 113
302785 113
319242 113
382234 113
398242 113
398244 113
496855 113
496856 113
69911 114
69914 114
70343 114
70583 114
70587 114
101774 114
176325 114
176326 114
237963 114
237967 114
301655 114
398802 114
398804 114
447514 114
69678 115
99946 115
100995 115
100998 115
101873 115
302261 115
331448 115
447341 115
497631 115
70433 116
70436 116
99546 116
99548 116
99549 116
236950 116
236953 116
447512 116
447515 116
498542 116
69679 117
69688 117
69757 117
70444 117
70445 117
70637 117
70639 117
70640 117
70977 117
100358 117
100359 117
100360 117
176068 117
176069 117
424455 117
496849 117
497848 117
52181 118
71041 118
71043 118
71045 118
382233 118
382238 118
398945 118
496857 118
496858 118
69922 119
69925 119
403125 119
534132 119
70194 120
70195 120
70197 120
176225 120
176227 120
382278 120
445211 120
69689 121
70393 121
71095 121
116394 121
237210 121
237212 121
497941 121
534134 121
69926 122
381989 122
497435 122
497438 122
497845 122
497847 122
70411 123
154740 123
176223 123
176224 123
237139 123
237713 123
237714 123
497090 123
497091 123
497966 123
497968 123
533411 123
533413 123
533925 123
534687 123
534689 123
534957 123
70635 124
70638 124
153302 124
381184 124
534459 124
534460 124
69625 125
70092 125
87531 125
87532 125
236836 125
381514 125
496932 125
496934 125
497939 125
534140 125
535360 125
69869 126
204676 126
238572 126
238573 126
238575 126
398398 126
497017 126
498484 126
498487 126
534136 126
534161 126
534168 126
535206 126
153299 127
204669 127
242093 127
242096 127
497723 127
534678 127
534680 127
534714 127
237556 128
533422 128
533424 128
535177 128
138569 129
238569 129
238570 129
496708 129
496973 129
496976 129
497205 129
497328 129
497330 129
497331 129
533982 129
533984 129
533987 129
535136 129
535137 129
535139 129
535140 129
535141 129
535355 129
535356 129
69865 130
69866 130
69867 130
71200 130
71204 130
133443 130
133444 130
155508 130
155510 130
237354 130
249690 130
497496 130
497970 130
533425 130
70808 131
70809 131
241286 131
535358 131
535404 131
535407 131
146531 132
200046 132
238170 132
238172 132
381594 132
381597 132
534560 132
136180 133
136181 133
163290 133
238580 133
238581 133
238686 133
496493 133
496494 133
497217 133
497420 133
497497 133
498286 133
498287 133
533563 133
533564 133
533857 133
17974 134
238465 134
497494 134
497933 134
497935 134
497973 134
69697 135
70123 135
70278 135
146534 135
146535 135
246152 135
497163 135
497164 135
497995 135
534707 135
534725 135
534883 135
238560 136
238562 136
246153 136
246156 136
533984 136
533985 136
534797 136
535180 136
69812 137
69814 137
145771 137
496824 137
533645 137
533646 137
534653 137
535128 137
245247 138
245249 138
496826 138
497491 138
497492 138
497493 138
533931 138
533932 138
533933 138
534794 138
534795 138
535254 138
236929 139
343850 139
69811 140
69851 140
71373 140
145583 140
207229 140
207230 140
365631 140
497933 140
514146 140
533657 140
533865 140
534221 140
534310 140
534711 140
534793 140
534796 140
70808 141
145766 141
145769 141
145770 141
222833 141
222837 141
496827 141
534287 141
534517 141
70615 142
238066 142
534254 142
534255 142
534421 142
58280 143
71108 143
69703 144
145565 144
146335 144
146338 144
238711 144
238713 144
534429 144
146649 145
146650 145
497798 145
533578 145
71036 146
71037 146
71331 146
71332 146
237323 146
238062 146
533769 146
534616 146
534618 146
534619 146
535102 146
69706 147
70404 147
238063 147
534384 147
534385 147
558789 147
70398 148
71020 148
88871 148
533808 148
534252 148
534256 148
71189 149
238037 149
533581 149
533591 149
533596 149
533597 149
534502 149
535366 149
70287 150
70289 150
70396 150
70397 150
238064 150
479375 150
535052 150
535101 150
535103 150
548851 150
71019 151
71022 151
71023 151
238036 151
270122 151
533945 151
534702 151
534729 151
55638 152
71069 152
237858 152
238425 152
533480 152
69831 153
70007 153
70011 153
70544 153
71153 153
71157 153
533905 153
534720 153
535363 153
70010 154
70014 154
70244 154
70715 154
71072 154
498238 154
533547 154
534058 154
534205 154
534209 154
534692 154
535006 154
535008 154
535326 154
535327 154
535328 154
535330 154
70543 155
70954 155
257957 155
543369 155
356936 156
498241 156
533965 156
533967 156
535149 156
535170 156
533402 157
534138 157
534435 157
534923 157
535362 157
535364 157
535366 157
69796 158
70018 158
127071 158
272626 158
272628 158
382384 158
382388 158
535293 158
71067 159
71070 159
534256 159
237088 160
273476 160
356935 160
509333 160
509336 160
69745 161
69750 161
70005 161
71156 161
532374 161
532375 161
534133 161
535367 161
272622 162
272623 162
272624 162
273475 162
500023 162
534048 162
534049 162
543227 162
543228 162
70097 163
70099 163
71071 163
127070 163
127073 163
127075 163
296334 163
496787 163
496789 163
542723 163
542724 163
69538 164
69540 164
498111 164
542858 164
542860 164
69646 165
273473 165
273474 165
477074 165
534105 165
534107 165
543373 165
543375 165
543377 165
70035 166
70037 166
498110 166
498114 166
543601 166
543604 166
70282 167
70284 167
543579 167
532707 168
532711 168
542747 168
542866 168
542867 168
542868 168
366560 169
498108 169
498113 169
543809 171
126948 172
543553 172
409846 174
409847 174
543228 174
543230 174
543232 174
126950 175
126952 175
126954 175
128422 175
128423 175
543400 175
543816 175
69649 176
542671 176
544352 176
544354 176
543618 177
476525 178
476526 178
542672 180
542675 180
543500 180
543502 180
543503 180
543497 182
543499 182
543501 182
543616 182
544308 182
543818 183
543615 184
543617 184
543871 184
544233 184
542671 188
542674 188
445862 189
542670 190
542673 190
543165 190
544311 192
458898 308
426897 311
426898 311
