12988 0 6 6 2 1
34722 0 6 6 3 0
34858 0 6 6 1 0
147625 1 4 6 3 0
155651 0 6 6 4 1
156528 0 6 6 2 1
228408 0 6 6 3 0
229070 1 3 6 3 0
261085 0 6 6 3 0
277067 1 3 6 4 1
317846 1 3 6 4 0
332366 0 6 6 4 0
332881 0 6 6 1 1
411869 0 6 6 3 0
457051 1 3 6 3 0
478644 1 4 6 1 0
511136 0 6 6 3 0
517124 0 6 6 3 0
538537 0 6 6 1 0
557883 0 6 6 3 0
332880 0 6 8 1 0
333111 1 3 8 1 0
34532 0 6 9 1 0
34698 1 5 9 1 0
179242 1 2 9 2 0
229067 1 3 9 2 0
477537 1 2 9 1 0
478643 1 5 9 1 0
478738 1 4 9 1 0
11985 0 6 10 3 0
33516 1 3 10 1 0
34857 0 6 10 0 0
228409 0 6 10 4 0
277066 0 6 10 4 0
457050 0 6 10 3 0
457860 0 6 10 1 0
477442 1 5 10 1 0
511137 0 6 10 3 1
537636 1 3 10 1 0
34534 0 6 11 3 1
34859 0 6 11 1 0
34860 0 6 11 3 0
240201 0 6 11 3 0
539016 1 2 11 1 0
34700 1 3 12 3 0
34803 0 6 12 1 0
333429 1 3 12 1 0
457047 0 6 12 0 0
477546 1 4 12 1 0
478739 1 2 12 1 0
537680 1 4 12 1 1
538004 0 6 12 1 0
33515 0 6 13 1 0
263976 1 3 13 2 0
478139 0 6 13 1 0
550302 1 4 13 3 0
33656 0 6 14 1 0
34411 1 4 14 1 0
34535 1 4 14 3 0
34596 1 3 14 1 0
34785 1 4 14 0 0
34968 0 6 14 1 0
35059 0 6 14 1 0
331821 1 3 14 1 0
457058 0 6 14 3 0
478138 1 3 14 0 0
229065 0 6 15 1 0
263975 0 6 15 2 0
332363 0 6 15 1 0
457863 0 6 15 3 0
480300 0 6 15 3 0
539017 0 6 15 3 0
33518 1 2 16 3 1
33915 1 3 16 4 0
34978 1 1 16 4 0
275133 1 3 16 2 0
331822 1 4 16 3 1
332239 0 6 16 1 0
537637 0 6 16 1 0
538204 1 4 16 3 0
550299 1 4 16 0 0
34789 0 6 17 1 0
34790 0 6 17 3 1
331824 1 3 17 3 0
457048 1 3 17 1 1
457870 1 4 17 3 0
477809 0 6 17 2 0
478143 0 6 17 3 0
34594 1 3 18 0 0
34595 0 6 18 1 0
34597 0 6 18 3 0
136864 0 6 18 3 0
271054 0 6 18 2 0
331787 1 4 18 1 0
331825 1 5 18 3 0
332003 0 6 18 3 0
332201 1 2 18 1 0
332289 0 6 18 1 0
332930 0 6 18 3 0
436339 0 6 18 3 1
538199 0 6 18 3 0
550600 0 6 18 3 1
34979 1 3 19 4 0
290713 1 3 19 1 0
332370 1 2 19 1 0
332820 1 5 19 1 0
455743 1 3 19 3 0
457861 1 3 19 1 0
539018 0 6 19 3 0
542260 0 6 19 2 0
550333 1 3 19 0 0
263978 0 6 20 3 0
332007 1 4 20 1 1
332514 0 6 20 3 0
332625 0 6 20 1 0
332822 1 3 20 3 0
332933 1 3 20 1 0
458501 0 6 20 3 0
538017 0 6 20 1 0
538884 0 6 20 1 0
34598 0 6 21 3 0
34977 0 6 21 3 0
271622 1 3 21 3 0
271946 1 4 21 2 0
292345 0 6 21 1 0
333298 0 6 21 1 0
457602 0 6 21 1 0
477729 0 6 21 3 1
538198 1 2 21 1 0
136860 1 3 22 1 0
291256 1 2 22 1 0
291771 1 2 22 1 0
331819 0 6 22 1 0
332821 1 3 22 3 0
332858 1 3 22 1 1
333334 0 6 22 1 0
538018 0 6 22 3 0
34787 1 4 23 1 0
35281 0 6 23 3 0
130098 1 4 23 3 0
172392 0 6 23 3 0
290711 1 3 23 0 0
331732 0 6 23 1 0
332178 0 6 23 4 0
332756 0 6 23 1 0
457260 1 3 23 1 0
457603 0 6 23 2 0
458298 1 3 23 1 0
538022 0 6 23 1 0
539049 1 4 23 1 0
291258 1 3 24 3 1
291415 1 4 24 1 0
331727 1 4 24 3 0
332857 1 4 24 1 0
332926 0 6 24 1 0
332927 1 2 24 1 0
333297 1 4 24 0 0
333299 1 3 24 1 0
458502 1 4 24 3 0
458951 0 6 24 1 0
537938 1 5 24 1 0
136859 1 3 25 1 0
290976 1 5 25 1 0
291768 0 6 25 3 0
458428 0 6 25 1 0
538197 1 2 25 1 0
538305 0 6 25 1 0
136847 1 1 26 1 0
136862 1 5 26 1 0
290270 0 6 26 1 0
290703 1 4 26 1 0
291417 1 4 26 1 0
331886 1 2 26 1 0
332217 1 4 26 1 0
332928 1 4 26 1 0
333277 1 4 26 1 0
333341 1 4 26 1 0
458090 1 3 26 1 0
537747 1 4 26 1 0
537975 0 6 26 1 0
538200 0 6 26 3 0
538548 1 4 26 1 1
539083 1 4 26 1 0
130097 0 6 27 3 1
281265 0 6 27 3 0
290271 1 4 27 1 0
290960 1 3 27 4 0
290977 1 3 27 1 0
290978 0 6 27 3 0
291262 0 6 27 1 0
291773 0 6 27 3 0
291815 0 6 27 1 0
292195 1 3 27 1 0
331725 0 6 27 1 0
332224 0 6 27 1 0
457721 0 6 27 1 0
457985 0 6 27 1 0
458096 1 2 27 1 0
458300 0 6 27 3 0
539094 1 2 27 1 0
554805 0 6 27 2 1
136845 1 4 28 4 0
136846 1 3 28 0 0
290707 1 3 28 3 0
290833 1 3 28 1 0
292068 1 3 28 1 0
292194 1 2 28 1 0
333300 1 3 28 3 0
333346 0 6 28 3 0
457466 0 6 28 1 0
538303 1 3 28 3 1
539095 1 3 28 1 0
136863 1 3 29 2 0
137649 0 6 29 1 0
284158 0 6 29 3 1
290465 1 4 29 1 0
290828 1 2 29 1 0
291077 1 3 29 1 0
291766 1 2 29 2 1
292196 0 6 29 3 1
292862 1 2 29 3 0
331805 0 6 29 1 0
331885 1 3 29 0 0
331945 1 2 29 1 0
332064 1 3 29 1 0
332221 0 6 29 1 0
332859 0 6 29 1 0
332929 1 3 29 3 0
333054 0 6 29 1 0
333170 1 3 29 1 1
333234 1 5 29 1 0
333278 0 6 29 3 0
333343 1 2 29 2 0
446375 1 4 29 3 0
457666 1 3 29 1 0
457722 0 6 29 1 0
538304 1 4 29 1 0
538484 0 6 29 1 0
539084 0 6 29 1 0
58970 0 6 30 3 0
136861 1 2 30 1 0
290725 0 6 30 1 0
290834 1 3 30 1 1
331881 1 2 30 1 0
332561 0 6 30 1 0
333342 0 6 30 1 0
333487 1 3 30 1 0
457541 1 4 30 1 0
457725 1 3 30 3 0
459006 0 6 30 2 0
537974 1 3 30 1 0
538518 1 3 30 4 0
35179 0 6 31 3 0
136671 0 6 31 2 0
137648 0 6 31 1 0
283332 1 3 31 4 0
290925 0 6 31 4 0
291770 1 3 31 1 0
291780 1 3 31 3 0
292040 0 6 31 1 0
292739 1 3 31 1 0
292803 0 6 31 1 0
293044 0 6 31 1 0
332594 1 5 31 1 0
333171 1 3 31 1 0
333276 0 6 31 1 0
333347 0 6 31 3 0
336179 0 6 31 3 0
457170 0 6 31 1 0
457261 1 4 31 1 0
457324 1 2 31 4 0
457694 1 5 31 1 0
457986 0 6 31 1 0
458098 0 6 31 1 0
458389 0 6 31 1 0
538489 0 6 31 0 0
137650 0 6 32 1 0
137883 1 4 32 3 0
291621 1 3 32 1 0
292063 1 4 32 2 0
292065 1 2 32 0 0
331891 0 6 32 1 0
331995 1 2 32 1 0
332023 1 3 32 1 0
332853 1 4 32 1 0
333174 0 6 32 1 0
333336 1 3 32 1 0
333394 0 6 32 3 0
333449 0 6 32 1 0
458053 0 6 32 3 1
458518 1 4 32 4 0
458707 0 6 32 4 0
538092 0 6 32 1 0
538703 0 6 32 1 0
538866 0 6 32 1 0
138006 0 6 33 1 0
291367 0 6 33 1 0
291927 1 3 33 1 0
291998 1 4 33 1 0
292597 1 3 33 1 0
292736 0 6 33 1 0
292802 0 6 33 1 1
292804 0 6 33 1 0
292860 1 3 33 2 1
331839 0 6 33 1 0
332061 1 2 33 1 1
332062 0 6 33 1 0
332065 1 2 33 3 0
332256 1 2 33 1 0
332412 1 3 33 1 0
332537 1 4 33 1 0
332652 0 6 33 1 0
332886 1 4 33 1 1
333176 0 6 33 1 0
333401 1 3 33 1 0
457505 1 3 33 1 0
457691 0 6 33 1 0
457826 0 6 33 1 0
458071 0 6 33 1 0
458402 0 6 33 1 0
459005 1 3 33 2 0
459085 1 4 33 3 0
537811 0 6 33 1 0
538483 0 6 33 0 0
538496 1 3 33 1 0
137470 0 6 34 1 0
137670 0 6 34 1 0
137880 0 6 34 1 0
284157 0 6 34 3 0
290464 0 6 34 1 0
290832 1 4 34 1 0
291761 1 2 34 3 0
292066 1 3 34 0 1
292067 0 6 34 1 0
292070 0 6 34 3 0
292441 1 1 34 1 0
293129 0 6 34 1 0
324257 0 6 34 3 0
332008 1 3 34 1 0
332029 0 6 34 1 0
332562 0 6 34 1 0
332563 1 3 34 1 0
333291 0 6 34 2 1
333376 1 3 34 1 0
333489 1 4 34 1 0
446373 1 3 34 0 0
457823 0 6 34 1 0
458122 0 6 34 1 0
459008 0 6 34 3 0
459096 0 6 34 1 0
537804 0 6 34 2 0
538628 0 6 34 1 0
7576 1 3 35 2 0
273253 0 6 35 2 1
284148 0 6 35 2 0
291078 1 3 35 3 0
291132 1 3 35 1 0
291330 1 4 35 1 1
291634 0 6 35 1 1
292001 1 2 35 3 0
292038 1 4 35 1 0
292731 0 6 35 1 0
292801 0 6 35 0 0
292863 1 3 35 3 1
293131 1 2 35 3 0
293207 0 6 35 1 0
331843 0 6 35 1 0
332550 1 2 35 4 1
332654 0 6 35 2 0
332721 0 6 35 1 0
333333 0 6 35 0 0
333345 0 6 35 2 0
333475 0 6 35 3 0
457349 0 6 35 1 0
457696 0 6 35 1 0
458085 0 6 35 3 0
458868 0 6 35 1 0
459109 1 4 35 1 0
538867 1 3 35 3 0
538871 1 2 35 1 0
538962 0 6 35 1 0
539155 1 3 35 1 0
2686 0 6 36 3 0
136808 1 3 36 1 0
136902 1 2 36 1 0
292730 1 4 36 1 0
322355 0 6 36 2 0
331836 1 3 36 3 0
332364 1 3 36 1 0
332411 0 6 36 0 0
332553 0 6 36 1 1
332878 1 4 36 1 0
332884 0 6 36 0 0
333243 0 6 36 1 0
333377 1 4 36 1 0
336178 0 6 36 3 1
413400 1 3 36 3 1
457237 1 4 36 2 0
457528 0 6 36 1 0
457690 0 6 36 1 0
458117 1 3 36 1 0
458193 0 6 36 1 0
459057 1 4 36 1 0
538160 0 6 36 1 0
538631 1 4 36 3 0
538709 0 6 36 1 0
538848 0 6 36 3 0
538865 0 6 36 0 0
539002 1 4 36 1 0
539010 1 4 36 1 1
540842 1 5 36 2 0
7577 1 3 37 3 0
136717 0 6 37 1 0
136745 0 6 37 1 0
251095 1 4 37 3 0
283479 0 6 37 3 0
290400 1 3 37 4 0
290517 1 3 37 1 0
290656 0 6 37 1 1
290750 0 6 37 1 0
291588 0 6 37 1 0
291866 1 3 37 1 1
291928 0 6 37 1 0
291964 1 4 37 1 0
292240 1 3 37 1 0
292439 0 6 37 0 0
293130 0 6 37 1 0
325059 1 2 37 3 0
332162 0 6 37 1 0
332356 1 3 37 1 0
332995 1 4 37 1 0
333175 1 3 37 1 0
333180 1 4 37 3 0
333383 0 6 37 1 0
333420 1 3 37 1 0
333483 1 3 37 1 0
336175 0 6 37 1 0
349494 0 6 37 3 1
401238 0 6 37 3 0
417966 1 4 37 2 0
446374 1 2 37 1 0
457844 0 6 37 1 0
457984 1 4 37 1 0
459098 1 2 37 3 0
459111 0 6 37 1 0
502114 0 6 37 3 1
537464 1 4 37 3 1
537651 1 3 37 1 0
537707 1 3 37 1 0
537806 1 3 37 4 0
538589 0 6 37 0 0
538864 1 4 37 0 0
538963 1 4 37 1 0
137668 1 2 38 1 0
137775 0 6 38 1 0
139713 0 6 38 3 0
157558 1 4 38 3 0
181062 0 6 38 3 1
281862 0 6 38 2 0
290432 0 6 38 1 0
290469 0 6 38 1 0
290909 1 3 38 1 0
290921 0 6 38 1 0
291287 0 6 38 1 0
291366 0 6 38 0 0
291941 0 6 38 1 0
291999 0 6 38 1 0
292146 0 6 38 1 0
292596 1 3 38 1 0
293206 0 6 38 1 0
324255 0 6 38 1 0
332161 1 3 38 1 0
332193 0 6 38 1 0
332300 1 4 38 3 0
333055 0 6 38 1 0
333179 1 3 38 3 0
333378 0 6 38 1 0
333516 0 6 38 1 1
333518 0 6 38 3 0
457348 1 3 38 1 0
457693 1 3 38 3 0
458464 1 4 38 1 0
458826 1 1 38 1 0
459050 0 6 38 1 0
502113 1 3 38 3 0
537539 0 6 38 3 0
538627 1 4 38 1 0
538749 1 3 38 1 0
539001 0 6 38 0 0
136810 0 6 39 3 0
137471 1 3 39 3 0
137792 0 6 39 1 0
137876 0 6 39 1 0
140530 1 3 39 3 1
290942 1 4 39 1 0
291217 0 6 39 1 0
291757 1 5 39 1 0
291963 0 6 39 1 1
292417 1 3 39 1 0
292443 1 4 39 3 0
331835 1 4 39 2 0
332413 0 6 39 2 0
332650 1 3 39 4 1
332651 0 6 39 0 0
332705 1 3 39 4 1
332731 1 2 39 4 1
332879 1 3 39 1 0
333210 0 6 39 1 0
333324 1 4 39 1 0
333424 1 3 39 1 1
446580 1 2 39 1 0
450772 1 4 39 2 0
457423 0 6 39 1 0
457902 0 6 39 1 0
459007 1 3 39 3 0
537459 0 6 39 0 0
537652 0 6 39 3 1
538156 1 2 39 1 0
538551 1 2 39 1 0
538629 1 3 39 1 0
538630 1 2 39 3 0
539003 0 6 39 3 1
539012 0 6 39 2 0
539043 0 6 39 1 1
2059 0 6 40 2 0
7575 1 2 40 0 0
15078 1 3 40 3 0
30914 1 4 40 3 0
84859 0 6 40 2 0
136623 1 1 40 1 0
181063 1 4 40 3 1
291580 0 6 40 1 0
291736 0 6 40 1 0
292042 1 3 40 1 0
292088 1 3 40 1 0
292484 0 6 40 1 0
292769 1 4 40 1 0
292987 0 6 40 1 0
293048 1 2 40 1 0
293134 1 3 40 1 0
324256 0 6 40 3 1
333242 0 6 40 1 0
333338 1 2 40 3 0
333382 1 3 40 1 0
333414 1 2 40 1 0
333519 0 6 40 3 0
347174 1 3 40 3 0
446405 0 6 40 1 0
457171 1 3 40 1 0
457185 1 3 40 3 0
457824 0 6 40 1 0
458097 0 6 40 1 0
458465 0 6 40 3 0
458713 0 6 40 1 0
537463 0 6 40 3 0
537705 1 5 40 1 0
537813 1 4 40 3 0
538398 1 4 40 1 0
538817 0 6 40 3 0
24972 0 6 41 3 1
107621 0 6 41 3 0
279045 0 6 41 3 1
290339 1 3 41 1 0
290341 0 6 41 1 0
290753 1 4 41 3 0
291326 0 6 41 0 0
291607 0 6 41 1 0
291942 1 3 41 3 1
291965 1 2 41 3 0
292090 1 3 41 1 0
292093 0 6 41 1 0
292506 0 6 41 1 0
292687 0 6 41 1 1
293060 0 6 41 1 0
331811 1 3 41 1 0
332425 1 3 41 1 0
333386 1 3 41 3 0
333517 1 2 41 1 0
349964 1 4 41 3 0
382939 0 6 41 3 0
457184 0 6 41 3 0
457367 1 4 41 1 0
457398 0 6 41 1 0
457866 1 3 41 1 0
458046 1 4 41 1 0
458093 0 6 41 0 0
502112 0 6 41 1 0
537531 1 3 41 3 0
538142 1 2 41 4 1
538144 0 6 41 0 0
538394 1 4 41 1 0
538591 0 6 41 1 0
538617 0 6 41 1 0
539112 1 2 41 2 0
539145 0 6 41 1 0
540840 0 6 41 0 0
136584 0 6 42 1 0
137812 1 4 42 2 0
290470 1 5 42 3 0
290638 1 4 42 1 0
290657 0 6 42 1 0
290922 0 6 42 2 0
291261 0 6 42 1 0
291447 0 6 42 1 0
291565 0 6 42 4 0
291846 1 3 42 1 1
291870 1 3 42 1 1
293174 1 2 42 1 0
315470 0 6 42 2 0
332227 0 6 42 1 0
332729 1 3 42 3 0
333177 0 6 42 2 1
333388 1 4 42 1 0
354266 0 6 42 3 0
447132 0 6 42 1 0
457168 1 4 42 3 0
457416 1 4 42 1 1
457551 1 4 42 1 0
458493 0 6 42 1 0
458801 0 6 42 1 0
458897 1 3 42 1 0
459053 0 6 42 3 0
495211 1 4 42 3 0
502308 0 6 42 1 0
537540 1 4 42 3 0
538155 0 6 42 1 0
538187 0 6 42 3 0
538400 1 3 42 2 1
538786 1 4 42 3 0
538875 0 6 42 3 0
3410 0 6 43 4 1
23844 0 6 43 3 0
72229 1 3 43 2 0
107619 0 6 43 1 0
137710 0 6 43 1 0
290468 0 6 43 1 0
290677 0 6 43 3 0
291117 0 6 43 1 0
291410 0 6 43 3 0
291713 1 4 43 1 0
291759 0 6 43 2 0
291973 1 5 43 1 0
292000 0 6 43 3 0
292057 1 3 43 3 0
292087 1 4 43 1 0
292418 1 3 43 1 0
292840 0 6 43 1 0
293047 1 4 43 0 0
293049 1 3 43 1 0
321706 0 6 43 2 0
323548 1 2 43 1 0
331834 0 6 43 1 0
332387 1 3 43 1 0
332498 0 6 43 4 1
333022 1 4 43 4 1
333211 1 3 43 1 0
333515 0 6 43 3 0
397014 1 3 43 3 0
457178 0 6 43 3 1
457339 0 6 43 3 0
457460 0 6 43 1 0
457992 1 2 43 1 0
458059 0 6 43 1 0
458074 0 6 43 1 0
458372 1 2 43 1 0
458825 1 4 43 1 0
503059 0 6 43 3 0
537703 0 6 43 0 0
537910 1 2 43 3 0
538147 0 6 43 1 0
538157 0 6 43 3 0
538393 0 6 43 1 0
538397 0 6 43 0 0
538592 1 3 43 1 0
538618 1 4 43 1 0
539044 0 6 43 1 0
539109 0 6 43 3 0
112656 0 6 44 3 0
120084 0 6 44 3 0
137088 0 6 44 1 0
137878 1 2 44 3 0
290744 1 2 44 1 0
291216 0 6 44 0 1
291710 0 6 44 3 0
291737 0 6 44 1 0
291865 1 3 44 1 0
291871 1 3 44 3 0
292097 0 6 44 1 0
292333 1 2 44 1 1
292517 0 6 44 4 1
292688 1 3 44 3 0
292868 1 4 44 1 0
293135 0 6 44 1 0
293175 0 6 44 3 0
332658 0 6 44 1 0
332730 0 6 44 3 0
333411 0 6 44 1 0
333417 1 2 44 3 0
354267 0 6 44 3 0
378628 0 6 44 2 0
426767 0 6 44 3 0
445922 0 6 44 3 0
446407 0 6 44 3 0
447134 0 6 44 3 0
457242 0 6 44 1 0
457399 1 2 44 1 0
457482 1 4 44 1 0
457867 1 4 44 1 0
458238 0 6 44 1 0
458828 0 6 44 3 0
458896 1 3 44 1 0
459019 1 4 44 1 0
459032 0 6 44 1 0
466258 0 6 44 3 0
501410 1 3 44 1 0
502227 1 3 44 1 0
537460 0 6 44 1 0
538593 0 6 44 1 0
538870 0 6 44 1 0
539110 0 6 44 4 0
539115 0 6 44 3 1
38010 1 1 45 3 0
106615 1 3 45 1 0
107623 1 2 45 2 0
136785 0 6 45 1 0
137138 1 4 45 1 0
137193 0 6 45 1 0
279044 0 6 45 1 0
290342 1 4 45 1 0
290357 0 6 45 1 0
290407 1 2 45 3 0
290969 1 3 45 1 0
291173 0 6 45 1 0
291844 0 6 45 1 1
292083 1 2 45 2 0
292486 0 6 45 3 0
292631 0 6 45 1 0
292869 0 6 45 1 0
292973 1 4 45 1 0
293051 0 6 45 3 0
293136 0 6 45 1 0
331803 0 6 45 1 0
332119 0 6 45 1 0
349963 0 6 45 3 0
359615 1 3 45 1 0
407347 0 6 45 3 0
417562 1 3 45 2 1
446389 1 3 45 1 0
457176 1 4 45 2 0
457320 1 3 45 1 0
457868 0 6 45 1 0
457943 0 6 45 1 0
457996 0 6 45 2 1
458259 1 4 45 3 1
459004 0 6 45 3 0
538691 1 3 45 3 0
106487 1 2 46 1 0
128994 0 6 46 3 0
137075 1 3 46 1 0
227901 0 6 46 3 0
278447 1 4 46 1 0
290356 1 4 46 1 0
290369 1 3 46 1 0
291097 0 6 46 1 0
291118 1 2 46 1 0
291171 0 6 46 0 0
291207 1 2 46 1 0
291327 1 5 46 1 0
291597 1 4 46 1 0
291872 0 6 46 3 0
291972 1 3 46 1 0
292098 0 6 46 1 0
292462 0 6 46 1 0
292771 1 3 46 2 0
292829 1 3 46 3 1
292893 0 6 46 1 0
331833 1 4 46 0 0
333513 0 6 46 1 0
388390 0 6 46 3 0
428910 0 6 46 3 0
440842 1 4 46 2 0
447963 0 6 46 1 0
457175 1 2 46 2 0
457177 0 6 46 3 0
457439 1 3 46 1 0
457728 1 4 46 1 0
457765 1 2 46 1 0
457926 1 2 46 1 0
458240 0 6 46 3 0
458295 1 3 46 1 0
458373 0 6 46 3 1
458423 1 4 46 1 1
458697 0 6 46 1 0
458802 1 4 46 2 0
458827 0 6 46 3 0
458859 0 6 46 1 0
502111 0 6 46 0 0
502309 1 2 46 1 0
502863 1 2 46 1 0
502901 1 4 46 3 1
538331 1 2 46 1 0
538501 1 4 46 2 0
538596 1 3 46 3 0
538872 0 6 46 3 0
22615 0 6 47 3 1
55579 1 3 47 3 0
211414 1 2 47 3 0
291136 1 2 47 1 0
291208 1 3 47 3 0
291354 1 2 47 4 0
291446 1 5 47 0 0
291962 0 6 47 1 0
292089 0 6 47 1 0
292154 0 6 47 2 0
292463 1 2 47 1 0
292678 0 6 47 1 0
292763 0 6 47 2 0
292842 1 3 47 3 1
292899 0 6 47 1 0
315471 1 2 47 3 0
324754 1 4 47 1 0
331777 1 3 47 1 0
331989 0 6 47 4 0
332484 0 6 47 1 0
332989 0 6 47 3 0
333212 0 6 47 1 0
333214 0 6 47 3 0
333416 1 2 47 3 1
359618 1 2 47 3 0
364585 0 6 47 3 0
368369 0 6 47 2 0
446521 1 2 47 1 0
452358 1 4 47 3 1
457067 1 3 47 1 0
458156 1 4 47 1 1
459086 0 6 47 1 0
471568 0 6 47 3 0
495209 0 6 47 1 0
537461 0 6 47 1 0
537909 0 6 47 1 0
538046 0 6 47 1 0
538594 0 6 47 1 0
538595 0 6 47 3 0
24829 1 4 48 2 0
39756 0 6 48 3 0
48063 1 3 48 3 0
106718 0 6 48 1 0
137089 0 6 48 1 0
228687 1 3 48 3 0
247828 0 6 48 3 0
290346 1 4 48 2 0
290811 0 6 48 1 0
291034 0 6 48 1 0
291120 1 4 48 2 1
291154 1 3 48 1 0
291255 1 4 48 0 0
291577 1 4 48 2 1
291606 1 3 48 3 0
291668 1 4 48 1 0
291739 1 4 48 3 0
292096 0 6 48 1 1
292100 0 6 48 3 1
292366 1 3 48 1 0
292679 0 6 48 1 0
292894 0 6 48 1 0
323549 1 4 48 1 0
331901 1 4 48 1 0
332120 1 3 48 1 0
333509 0 6 48 3 0
407355 1 3 48 3 0
446354 0 6 48 1 0
446394 0 6 48 3 0
447965 0 6 48 1 0
457546 1 3 48 1 0
458109 1 5 48 3 0
458124 0 6 48 2 0
458296 0 6 48 3 0
458858 1 4 48 1 0
500669 0 6 48 1 0
502311 1 3 48 3 0
502729 1 3 48 1 0
537704 1 2 48 0 0
538045 1 2 48 1 0
538401 0 6 48 3 0
538647 1 2 48 1 0
538780 0 6 48 1 0
538873 0 6 48 3 0
22613 0 6 49 1 0
24827 1 4 49 3 0
72228 1 3 49 2 0
98969 1 4 49 2 0
100177 0 6 49 3 1
136835 0 6 49 1 1
137137 0 6 49 0 0
278336 0 6 49 1 0
290687 0 6 49 1 0
290751 1 3 49 1 1
290963 1 2 49 1 0
291206 1 3 49 1 0
291598 0 6 49 1 0
291743 0 6 49 1 0
291845 1 4 49 1 0
292035 1 3 49 3 0
292362 0 6 49 1 0
292369 0 6 49 1 0
292559 0 6 49 3 0
292677 0 6 49 0 0
292681 0 6 49 3 0
292972 0 6 49 0 0
293016 0 6 49 1 0
315479 0 6 49 3 0
317008 0 6 49 3 0
324786 0 6 49 1 0
333215 0 6 49 3 0
333311 0 6 49 1 0
334878 0 6 49 3 0
388389 1 3 49 3 0
446388 1 3 49 0 0
457066 0 6 49 1 0
457492 1 3 49 4 0
457495 0 6 49 2 0
457620 1 3 49 1 0
457729 0 6 49 2 1
457732 0 6 49 3 0
457971 0 6 49 3 0
458157 0 6 49 1 0
458842 0 6 49 4 0
466580 0 6 49 3 0
502730 0 6 49 3 0
530098 0 6 49 3 0
537898 0 6 49 1 0
44644 0 6 50 3 0
86344 0 6 50 2 0
106486 0 6 50 1 0
109065 0 6 50 3 0
137189 1 3 50 1 0
152467 1 4 50 3 0
290316 1 3 50 3 0
290331 1 3 50 1 0
290358 1 3 50 1 0
290534 0 6 50 1 0
290667 0 6 50 4 0
291226 1 4 50 1 0
291504 1 4 50 1 0
291511 0 6 50 1 0
291600 0 6 50 3 0
291650 1 3 50 1 1
291988 0 6 50 1 0
292081 1 3 50 0 0
292169 0 6 50 1 0
292262 1 2 50 1 0
292298 1 3 50 1 0
292464 0 6 50 1 0
292770 0 6 50 2 0
292852 0 6 50 1 1
292911 0 6 50 1 0
324550 0 6 50 1 0
331897 0 6 50 3 0
331986 0 6 50 4 0
446523 0 6 50 3 1
447133 0 6 50 3 0
447966 0 6 50 3 0
457440 1 3 50 1 0
457443 1 3 50 3 0
457764 0 6 50 1 0
458286 0 6 50 1 0
458374 0 6 50 3 0
458703 0 6 50 0 0
464817 0 6 50 3 0
500972 0 6 50 1 0
24217 1 4 51 1 0
24830 1 4 51 3 0
106492 1 3 51 2 0
106591 1 3 51 1 0
108322 0 6 51 1 0
108541 1 4 51 3 0
230152 1 2 51 2 0
265181 1 3 51 2 0
290974 1 3 51 1 0
291121 0 6 51 3 0
291122 0 6 51 3 0
291288 1 3 51 1 0
291738 1 2 51 3 0
292155 0 6 51 4 0
292245 1 3 51 1 0
292260 1 2 51 3 0
292295 1 4 51 1 0
292469 0 6 51 1 0
292485 0 6 51 1 0
292895 0 6 51 1 0
293014 1 3 51 1 0
293184 0 6 51 2 0
317306 1 2 51 1 0
333254 0 6 51 1 0
333314 1 4 51 1 0
333318 0 6 51 0 0
359619 1 3 51 3 0
368715 1 2 51 2 0
386324 0 6 51 2 0
446178 1 3 51 0 0
446520 1 3 51 1 0
458125 0 6 51 3 0
458327 1 4 51 4 0
458424 1 4 51 1 0
502152 0 6 51 1 0
502865 0 6 51 1 0
502867 0 6 51 3 1
502869 0 6 51 3 1
538504 0 6 51 1 0
539057 0 6 51 1 0
22483 1 3 52 2 0
22612 0 6 52 0 0
24825 0 6 52 1 0
25591 0 6 52 3 0
73251 1 3 52 3 0
89312 1 4 52 3 0
106592 0 6 52 3 0
107977 0 6 52 1 0
108210 1 2 52 1 0
136395 1 3 52 1 0
176311 0 6 52 3 0
290825 1 4 52 3 0
291038 0 6 52 3 0
291452 0 6 52 3 0
291742 1 2 52 1 0
291750 0 6 52 3 0
292077 0 6 52 1 0
292103 1 3 52 3 0
292373 0 6 52 4 0
292502 0 6 52 0 0
292556 0 6 52 1 0
292837 1 2 52 3 0
292974 0 6 52 3 0
293150 1 4 52 1 0
315483 0 6 52 3 0
324788 0 6 52 3 0
332485 1 2 52 2 0
333312 0 6 52 3 1
446390 1 4 52 1 0
457496 0 6 52 3 0
458045 1 3 52 1 0
458289 0 6 52 1 0
458557 1 3 52 3 1
497691 0 6 52 2 0
502754 0 6 52 1 1
502899 1 2 52 2 0
509220 1 4 52 3 0
524084 0 6 52 3 0
537686 1 3 52 1 0
537773 0 6 52 0 0
537931 0 6 52 3 0
538649 1 2 52 3 0
548719 1 2 52 3 0
24219 0 6 53 2 0
89854 0 6 53 3 0
99897 1 3 53 2 0
107863 1 3 53 1 0
108324 1 3 53 3 0
108430 0 6 53 1 0
268566 0 6 53 3 0
276801 1 3 53 3 0
290347 1 3 53 2 0
290761 0 6 53 1 0
290975 0 6 53 1 0
291473 0 6 53 1 0
291510 0 6 53 1 0
291651 0 6 53 3 0
291895 0 6 53 1 0
291903 1 4 53 1 0
291929 0 6 53 1 0
292170 0 6 53 3 1
292257 0 6 53 0 0
292483 1 3 53 1 0
292548 0 6 53 1 0
292557 1 5 53 1 0
323895 1 3 53 1 0
404897 1 4 53 3 0
447306 0 6 53 1 0
457442 1 3 53 2 0
457545 1 3 53 1 0
457621 1 3 53 1 0
457627 1 3 53 0 0
457955 0 6 53 4 0
458002 0 6 53 1 0
458294 0 6 53 0 0
458412 1 2 53 2 0
458492 0 6 53 1 0
458837 1 3 53 3 0
501733 1 4 53 1 0
502866 0 6 53 1 0
537584 0 6 53 1 0
538114 0 6 53 1 0
546709 0 6 53 2 0
22623 0 6 54 4 1
24190 0 6 54 1 0
98968 1 4 54 2 0
108543 1 2 54 3 0
137841 1 3 54 3 1
152464 0 6 54 1 0
230150 1 4 54 0 1
290299 0 6 54 1 0
290315 0 6 54 3 0
290328 0 6 54 3 0
290332 0 6 54 3 0
290679 0 6 54 1 0
291119 1 4 54 2 0
291227 1 3 54 1 0
291505 0 6 54 1 0
291656 1 2 54 1 1
292071 0 6 54 1 0
292080 0 6 54 3 0
292296 0 6 54 3 0
292558 1 4 54 3 1
292570 1 3 54 1 0
292672 1 3 54 1 0
292754 1 2 54 1 0
293153 0 6 54 1 0
333320 1 3 54 3 0
353707 1 4 54 2 0
366017 0 6 54 2 0
446179 1 3 54 1 0
457063 0 6 54 1 0
457096 1 5 54 4 0
457719 0 6 54 2 0
457803 1 4 54 4 0
458047 0 6 54 3 0
458287 1 4 54 1 0
458426 1 3 54 3 0
458705 0 6 54 3 0
501079 0 6 54 1 0
502017 1 3 54 4 0
537766 1 4 54 1 0
537774 0 6 54 0 0
538961 1 3 54 1 0
539056 0 6 54 1 0
106590 1 2 55 1 0
106593 1 4 55 3 0
114109 0 6 55 3 0
219657 0 6 55 2 0
232282 0 6 55 0 0
290840 0 6 55 4 1
291035 1 4 55 1 0
291056 1 3 55 3 1
291289 0 6 55 1 0
291603 0 6 55 2 1
291655 1 3 55 1 0
291671 0 6 55 1 0
291745 1 3 55 4 0
292078 1 3 55 2 0
292140 0 6 55 4 1
292538 0 6 55 2 0
292903 1 2 55 4 0
293062 0 6 55 3 0
317312 0 6 55 0 0
318633 0 6 55 1 0
446522 0 6 55 1 0
446952 0 6 55 1 0
448022 0 6 55 1 0
451311 0 6 55 3 0
458001 0 6 55 4 0
458041 1 4 55 1 1
458288 1 4 55 1 0
458290 0 6 55 3 0
458987 1 4 55 1 1
502480 1 3 55 1 0
502864 1 2 55 1 0
502900 1 3 55 3 0
39433 1 3 56 3 0
106477 0 6 56 1 0
106793 1 3 56 3 0
108554 0 6 56 1 0
112067 1 2 56 3 0
115715 0 6 56 3 0
135887 1 3 56 3 1
146982 0 6 56 3 0
176236 0 6 56 3 0
202274 0 6 56 3 0
225061 1 4 56 3 0
230143 0 6 56 1 0
256748 0 6 56 4 1
290803 0 6 56 4 1
290986 0 6 56 1 0
291151 1 3 56 1 0
291419 1 3 56 3 0
292076 0 6 56 1 0
292101 1 5 56 1 0
292470 0 6 56 3 0
292495 0 6 56 1 0
292500 1 3 56 3 1
292753 0 6 56 1 0
292951 1 4 56 1 0
317307 0 6 56 1 0
353708 0 6 56 3 0
360430 1 2 56 3 0
382547 0 6 56 3 1
404350 0 6 56 2 0
457544 1 5 56 0 0
458039 1 4 56 0 0
458052 1 4 56 4 0
458138 0 6 56 4 0
458317 1 3 56 1 0
458835 1 3 56 3 0
459051 1 5 56 1 0
501288 0 6 56 1 0
502154 0 6 56 3 1
502519 0 6 56 1 0
511766 0 6 56 2 0
537876 1 3 56 1 0
538621 1 4 56 4 1
71275 0 6 57 3 0
99896 1 2 57 2 0
99899 1 3 57 3 0
99900 0 6 57 3 0
107509 1 3 57 1 0
108171 1 3 57 1 0
108209 0 6 57 1 0
108538 0 6 57 1 0
108760 0 6 57 1 0
144816 0 6 57 3 0
164643 0 6 57 3 0
189561 0 6 57 3 0
216238 1 4 57 3 0
291232 1 3 57 2 1
291450 0 6 57 2 0
291658 1 3 57 3 0
291661 0 6 57 3 0
291900 1 2 57 0 0
292073 0 6 57 3 0
292281 0 6 57 1 0
292614 0 6 57 3 0
292907 0 6 57 1 0
317305 0 6 57 1 0
318926 0 6 57 1 0
318929 0 6 57 1 0
323896 1 2 57 1 0
325716 1 3 57 3 0
353714 0 6 57 3 0
396480 1 3 57 2 1
427281 0 6 57 3 0
433096 1 4 57 3 1
446268 0 6 57 1 0
447258 0 6 57 1 0
447450 0 6 57 1 0
457628 1 4 57 0 0
457636 1 2 57 1 0
458034 1 2 57 0 0
458291 1 3 57 3 0
459047 0 6 57 1 0
498433 0 6 57 3 0
501511 1 2 57 2 0
501639 0 6 57 4 1
501956 1 2 57 1 0
502241 0 6 57 1 0
502776 0 6 57 1 0
537737 0 6 57 1 0
537775 0 6 57 2 0
537854 1 4 57 1 0
537866 1 4 57 0 0
537890 0 6 57 1 0
538960 0 6 57 1 0
16558 0 6 58 2 0
108429 1 3 58 1 0
108449 1 3 58 1 0
108539 0 6 58 1 0
108761 1 5 58 1 0
112811 0 6 58 3 0
134296 0 6 58 3 0
137840 0 6 58 3 0
290702 0 6 58 1 0
290745 1 2 58 1 0
290784 0 6 58 1 1
291036 0 6 58 1 0
291116 1 4 58 0 0
291604 0 6 58 2 0
291613 1 3 58 1 0
292503 0 6 58 1 0
292712 1 2 58 1 0
292786 0 6 58 4 1
292944 0 6 58 1 0
293043 1 2 58 1 0
317309 1 3 58 3 1
333321 0 6 58 3 0
397583 0 6 58 1 0
446953 0 6 58 1 0
447093 1 4 58 3 0
457392 1 2 58 1 0
457494 1 2 58 2 0
457637 1 3 58 1 0
458038 1 3 58 0 0
458040 1 3 58 1 0
458044 0 6 58 3 0
458161 0 6 58 1 0
458718 1 3 58 1 0
458986 1 2 58 1 0
502693 1 2 58 1 0
502748 1 4 58 1 0
502781 0 6 58 0 0
537585 0 6 58 3 1
537920 0 6 58 4 0
538505 1 3 58 1 0
99898 0 6 59 3 0
106693 1 3 59 1 0
108104 1 4 59 1 0
108169 0 6 59 0 0
108213 1 2 59 3 1
108447 0 6 59 1 0
108787 1 5 59 1 0
146065 1 3 59 3 0
167688 1 4 59 3 0
170737 0 6 59 3 0
189559 1 4 59 2 0
288825 0 6 59 3 0
290788 0 6 59 3 0
291296 0 6 59 1 0
291536 0 6 59 1 0
291641 0 6 59 1 0
292617 0 6 59 1 0
292726 1 4 59 1 0
292755 1 3 59 3 0
292902 1 3 59 4 0
292904 0 6 59 0 0
293151 1 3 59 1 0
315791 0 6 59 3 0
317303 1 4 59 0 0
317652 0 6 59 2 0
325715 0 6 59 1 0
404351 1 3 59 3 0
411604 0 6 59 3 0
447529 0 6 59 1 1
457547 0 6 59 1 0
457881 1 3 59 4 1
458043 0 6 59 2 0
458285 0 6 59 0 0
500653 1 2 59 1 0
501080 0 6 59 3 0
501655 1 2 59 1 0
502479 0 6 59 1 0
502706 1 4 59 4 1
516137 1 2 59 3 0
532639 0 6 59 3 0
537612 0 6 59 1 0
537877 1 4 59 1 0
537893 1 3 59 3 0
538279 0 6 59 1 0
538552 1 4 59 1 0
39432 1 3 60 3 0
72788 0 6 60 2 0
106908 0 6 60 1 0
107070 0 6 60 4 0
108103 0 6 60 1 0
108173 1 2 60 3 0
108448 1 4 60 1 0
108556 0 6 60 3 0
108797 1 2 60 1 0
112066 1 4 60 2 0
216237 0 6 60 2 0
230147 1 3 60 1 0
278645 0 6 60 3 0
290296 1 4 60 1 0
290302 0 6 60 3 0
290747 0 6 60 3 0
290785 1 4 60 2 0
290786 1 4 60 2 0
291314 0 6 60 0 0
291616 0 6 60 3 0
291640 1 2 60 1 0
291899 0 6 60 0 0
291968 0 6 60 1 0
292072 0 6 60 2 0
292258 0 6 60 1 0
292283 0 6 60 3 0
292615 1 4 60 0 0
292616 0 6 60 1 0
292714 0 6 60 1 0
292718 0 6 60 1 1
317304 0 6 60 1 0
317943 0 6 60 1 0
323898 1 2 60 3 0
324212 1 5 60 1 0
350742 1 2 60 3 0
441114 1 3 60 0 0
441713 1 3 60 3 0
446250 0 6 60 1 0
457129 0 6 60 1 1
457906 0 6 60 1 0
458486 0 6 60 3 0
458752 0 6 60 1 0
458836 0 6 60 3 0
502775 1 4 60 1 1
537615 0 6 60 3 1
559166 0 6 60 2 0
21439 0 6 61 3 0
106503 0 6 61 1 0
107067 0 6 61 3 0
107590 1 3 61 1 0
107603 1 3 61 1 0
107902 1 3 61 1 0
108382 0 6 61 3 0
108456 0 6 61 1 0
108785 1 4 61 0 0
112810 0 6 61 2 0
190515 1 4 61 3 0
232056 0 6 61 0 0
232251 1 4 61 1 0
290393 0 6 61 1 0
291294 1 3 61 0 0
291660 0 6 61 2 0
291898 1 4 61 3 0
291992 0 6 61 1 0
292735 1 4 61 1 0
292909 0 6 61 2 0
323872 0 6 61 1 0
325612 1 2 61 1 1
397838 0 6 61 1 0
404348 0 6 61 0 0
446269 1 4 61 2 0
447128 0 6 61 1 0
447525 0 6 61 2 0
447527 0 6 61 1 0
457461 0 6 61 1 0
457638 0 6 61 1 0
458867 1 4 61 1 0
464910 1 2 61 3 0
473896 0 6 61 3 0
501939 0 6 61 1 0
502652 1 4 61 1 0
502789 1 3 61 1 0
511767 0 6 61 2 1
516144 1 3 61 1 0
537733 1 4 61 1 0
537867 0 6 61 0 0
537875 0 6 61 0 0
538861 1 4 61 1 0
106993 0 6 62 1 0
107400 1 4 62 1 0
107724 0 6 62 1 0
108102 1 4 62 1 0
108174 0 6 62 3 0
108536 1 2 62 1 0
108540 0 6 62 1 0
167683 0 6 62 1 0
222465 0 6 62 3 0
232259 1 3 62 1 0
290300 1 3 62 1 0
290455 0 6 62 1 0
291094 0 6 62 0 0
291123 0 6 62 1 0
291643 0 6 62 3 0
291675 1 3 62 1 0
291896 1 3 62 1 0
292263 0 6 62 1 0
292284 0 6 62 3 0
292752 0 6 62 0 0
293023 0 6 62 1 0
317315 1 2 62 3 0
317650 0 6 62 0 0
318720 1 3 62 1 0
324214 0 6 62 1 0
324689 0 6 62 1 0
397754 1 3 62 1 0
399321 0 6 62 1 0
443553 1 2 62 2 0
447530 0 6 62 3 0
457059 0 6 62 3 0
457131 1 3 62 1 0
458028 1 5 62 4 1
458870 0 6 62 3 0
488541 0 6 62 3 0
494454 0 6 62 3 0
502484 1 4 62 1 1
502600 0 6 62 1 0
516142 1 3 62 0 0
528275 0 6 62 3 0
532637 1 3 62 2 0
537518 0 6 62 1 0
538453 1 2 62 4 0
538510 1 4 62 3 0
538623 1 3 62 3 0
538821 0 6 62 1 0
550165 0 6 62 3 0
85808 0 6 63 3 0
88287 1 3 63 3 0
106435 1 2 63 3 1
107419 0 6 63 1 0
108445 1 3 63 0 0
108446 0 6 63 0 0
108786 0 6 63 1 0
154661 1 4 63 3 1
230141 1 2 63 1 0
230146 1 4 63 0 0
232252 1 4 63 3 0
246468 0 6 63 3 0
290454 1 4 63 1 0
290630 1 2 63 4 0
290782 1 3 63 3 0
290791 0 6 63 3 0
291295 1 2 63 1 0
291462 1 2 63 1 0
291794 1 3 63 1 0
291994 1 2 63 1 0
292401 1 5 63 1 0
292906 0 6 63 1 0
324776 0 6 63 1 1
325551 1 3 63 1 0
381140 1 3 63 1 0
446241 1 4 63 1 0
446266 0 6 63 0 0
446391 0 6 63 1 0
446572 0 6 63 3 0
446930 1 4 63 1 0
446954 0 6 63 3 0
447531 1 4 63 3 0
457133 1 4 63 3 0
457859 0 6 63 4 0
501941 0 6 63 3 0
502585 0 6 63 1 0
502747 1 4 63 1 0
502782 0 6 63 0 0
516267 1 3 63 1 0
516322 1 3 63 2 0
537614 1 3 63 3 0
537891 0 6 63 1 0
9491 0 6 64 3 0
39436 1 5 64 3 0
106912 0 6 64 1 0
107069 0 6 64 3 0
107402 1 4 64 1 0
107871 0 6 64 1 0
108537 0 6 64 1 1
166019 1 4 64 2 1
230148 0 6 64 2 0
232053 1 4 64 1 0
290312 1 4 64 1 0
291405 0 6 64 1 0
291470 0 6 64 1 0
291615 0 6 64 3 0
291707 1 3 64 1 0
291897 0 6 64 3 0
292056 0 6 64 1 0
292713 0 6 64 1 0
301611 1 3 64 3 0
324531 1 4 64 1 0
338711 1 4 64 3 0
397755 1 5 64 1 0
398499 0 6 64 1 0
441712 0 6 64 3 1
447228 1 4 64 1 0
463336 0 6 64 3 0
494788 0 6 64 3 1
501277 1 3 64 4 0
501926 0 6 64 1 0
501936 1 3 64 1 0
502434 0 6 64 1 0
502481 0 6 64 3 0
502604 0 6 64 3 0
502914 0 6 64 1 0
516146 1 4 64 1 0
522000 0 6 64 3 1
532175 0 6 64 1 0
537506 0 6 64 1 0
537869 1 4 64 3 0
72644 1 3 65 2 0
94101 0 6 65 3 1
106427 1 4 65 1 0
106562 0 6 65 1 1
106946 1 2 65 3 0
107545 0 6 65 3 0
107802 0 6 65 1 0
107904 1 4 65 3 0
108460 0 6 65 3 0
108464 1 4 65 1 0
108740 0 6 65 1 0
151360 1 3 65 3 0
290335 1 4 65 4 0
291252 0 6 65 1 0
292416 0 6 65 3 0
292467 0 6 65 1 0
292947 0 6 65 3 0
323763 0 6 65 4 1
324227 0 6 65 1 0
325657 1 4 65 1 0
381190 1 3 65 1 0
381744 0 6 65 1 0
397221 0 6 65 1 0
397324 1 4 65 1 0
446233 1 4 65 3 0
446372 0 6 65 4 0
447126 1 4 65 0 0
447523 0 6 65 0 0
457464 1 2 65 3 0
501615 1 2 65 1 0
502323 1 4 65 1 0
502326 1 2 65 4 1
502601 0 6 65 1 0
502719 1 1 65 1 0
502777 1 2 65 1 0
502790 0 6 65 1 0
532640 0 6 65 3 0
537613 0 6 65 1 0
537646 0 6 65 1 0
537799 1 3 65 4 0
537987 0 6 65 0 0
538258 0 6 65 0 0
539163 0 6 65 0 0
106437 0 6 66 3 1
107570 1 4 66 1 0
107601 1 5 66 3 0
109359 1 4 66 3 0
160064 1 3 66 3 0
252324 0 6 66 3 0
290729 0 6 66 1 0
290810 0 6 66 1 0
291464 0 6 66 3 0
292691 1 4 66 1 0
293025 0 6 66 3 0
309589 1 4 66 3 0
324211 1 2 66 1 0
324514 0 6 66 1 0
368843 0 6 66 3 1
381664 1 2 66 1 0
397756 0 6 66 3 0
398092 0 6 66 1 0
398829 1 4 66 1 0
425459 1 3 66 3 1
441115 1 4 66 0 0
446393 1 3 66 3 0
447440 0 6 66 3 0
447526 1 4 66 3 0
457462 1 4 66 2 0
501355 0 6 66 1 0
501518 0 6 66 1 0
501584 0 6 66 1 0
501625 0 6 66 1 0
502603 0 6 66 3 1
502618 0 6 66 3 0
502788 0 6 66 1 0
502909 0 6 66 1 0
537520 0 6 66 1 0
538423 0 6 66 1 0
538498 1 2 66 2 0
538812 0 6 66 4 0
102096 1 2 67 3 1
106429 1 2 67 3 0
106663 1 2 67 1 0
106740 0 6 67 1 0
126279 1 3 67 3 0
221946 1 3 67 4 0
230945 0 6 67 1 0
232057 1 4 67 2 0
291244 0 6 67 1 0
291251 0 6 67 1 0
301609 0 6 67 1 0
317651 0 6 67 1 0
323699 0 6 67 1 0
323991 1 3 67 4 0
324020 1 3 67 1 0
324336 0 6 67 1 0
324523 0 6 67 1 0
325320 0 6 67 1 0
325550 0 6 67 1 0
325565 1 2 67 1 0
381138 1 4 67 0 1
381602 1 3 67 1 0
382033 0 6 67 1 0
397326 0 6 67 2 1
397475 1 2 67 1 0
397753 0 6 67 1 0
397757 0 6 67 3 0
398090 1 2 67 1 0
399637 1 4 67 1 0
441116 0 6 67 1 0
446234 0 6 67 3 1
446239 1 3 67 1 0
447127 1 4 67 0 0
468505 0 6 67 3 0
485269 0 6 67 2 0
502916 0 6 67 3 0
516266 0 6 67 1 0
516270 0 6 67 3 0
537648 1 4 67 3 0
537650 0 6 67 0 0
107567 1 3 68 3 0
108466 0 6 68 3 0
108847 1 3 68 1 0
160055 1 4 68 3 0
160063 0 6 68 3 0
230142 0 6 68 1 0
290313 0 6 68 2 0
291528 1 4 68 1 0
291554 1 2 68 1 0
292588 0 6 68 1 0
301610 0 6 68 1 0
323992 0 6 68 1 0
324215 0 6 68 2 0
324216 0 6 68 3 0
324238 0 6 68 1 0
324777 0 6 68 2 1
325328 0 6 68 3 0
325564 1 3 68 1 0
325668 1 3 68 2 0
381754 1 3 68 2 0
398500 0 6 68 3 0
398941 0 6 68 1 0
447097 1 3 68 3 0
447635 0 6 68 4 0
492607 0 6 68 2 0
500784 0 6 68 1 0
500899 0 6 68 1 0
501937 1 3 68 1 1
502009 0 6 68 1 0
502322 1 3 68 0 0
502435 1 3 68 2 1
502720 0 6 68 1 0
502917 0 6 68 3 0
512882 0 6 68 3 1
516147 1 2 68 2 0
516320 1 2 68 1 0
532636 0 6 68 1 0
537519 0 6 68 1 0
538893 0 6 68 1 0
80493 1 5 69 2 0
106508 0 6 69 1 0
106945 0 6 69 1 0
107569 1 4 69 1 0
107571 1 3 69 3 0
134169 1 4 69 3 0
232055 0 6 69 3 0
292365 1 4 69 1 0
293040 1 2 69 1 0
324650 0 6 69 1 0
381139 1 3 69 1 0
389594 0 6 69 3 0
397474 0 6 69 1 0
398912 0 6 69 3 0
447130 1 3 69 2 0
464442 0 6 69 3 0
474478 0 6 69 2 0
501354 1 3 69 1 0
501585 0 6 69 3 0
502915 1 3 69 2 0
516269 0 6 69 3 1
517257 1 2 69 1 0
521999 0 6 69 3 0
528032 0 6 69 3 0
532642 1 2 69 1 0
538349 0 6 69 1 0
539164 0 6 69 0 0
106507 0 6 70 1 0
106662 0 6 70 0 0
106944 0 6 70 0 0
164960 1 3 70 3 0
290809 0 6 70 0 0
291530 0 6 70 3 0
292145 1 3 70 1 0
292223 0 6 70 1 0
292367 0 6 70 3 1
302173 1 3 70 1 0
323574 0 6 70 1 0
323990 0 6 70 4 1
324213 1 3 70 1 0
324515 0 6 70 3 0
324590 1 3 70 1 0
325567 1 3 70 3 0
325574 0 6 70 1 0
325669 0 6 70 3 0
325721 0 6 70 3 0
446697 1 3 70 1 0
447505 0 6 70 1 0
453392 0 6 70 3 0
500997 0 6 70 2 0
501004 1 2 70 3 0
501617 0 6 70 1 0
502602 1 4 70 1 0
502779 0 6 70 3 0
516321 0 6 70 1 0
517193 1 2 70 1 0
525609 1 3 70 2 0
533297 1 3 70 4 1
537493 1 4 70 1 0
537522 0 6 70 3 1
537645 1 4 70 1 0
537990 0 6 70 3 0
538260 1 3 70 2 0
538422 1 3 70 0 0
72641 1 2 71 0 0
106505 1 3 71 3 0
106947 0 6 71 3 0
107804 0 6 71 3 0
230947 1 3 71 3 1
244792 0 6 71 3 1
291380 1 3 71 1 0
293034 1 5 71 3 0
302286 1 5 71 1 0
303018 0 6 71 1 0
312061 0 6 71 3 0
313725 0 6 71 3 1
324178 0 6 71 3 0
324201 1 5 71 1 1
324337 0 6 71 3 0
324649 1 4 71 1 0
324947 0 6 71 4 0
325183 1 3 71 1 0
357622 0 6 71 3 1
381199 0 6 71 1 0
381803 1 2 71 1 0
397328 1 2 71 3 0
397473 1 3 71 1 1
397752 1 5 71 0 0
397787 1 4 71 1 0
441671 1 3 71 1 0
446240 0 6 71 1 0
446594 0 6 71 1 0
501628 0 6 71 3 0
502162 1 5 71 1 1
515851 0 6 71 1 0
515872 1 3 71 1 0
516450 0 6 71 1 0
516703 1 3 71 1 0
517192 0 6 71 1 0
537495 0 6 71 2 0
538016 1 3 71 1 0
538895 0 6 71 3 0
546057 1 3 71 3 0
80883 1 3 72 3 1
104836 0 6 72 3 0
107443 1 4 72 1 0
107975 0 6 72 0 0
108111 0 6 72 1 0
108764 0 6 72 4 1
136799 0 6 72 3 0
251881 0 6 72 3 0
288692 1 3 72 3 1
293039 0 6 72 1 0
302003 1 3 72 1 0
309810 1 3 72 3 0
324335 1 2 72 1 0
324517 0 6 72 3 0
324651 1 3 72 1 0
324907 0 6 72 1 0
325559 0 6 72 1 0
382034 0 6 72 2 0
390429 1 5 72 3 0
398183 1 3 72 3 0
399698 0 6 72 1 0
411852 1 2 72 3 0
441677 1 4 72 2 0
446568 0 6 72 1 1
456765 0 6 72 1 0
501229 0 6 72 1 0
501356 0 6 72 2 0
501516 1 3 72 0 0
502172 0 6 72 0 0
516084 1 3 72 3 0
516556 0 6 72 1 0
516705 1 4 72 1 0
517005 1 2 72 1 0
517178 0 6 72 1 0
517195 1 3 72 3 0
538015 0 6 72 1 0
106664 1 5 73 3 0
159813 0 6 73 3 0
291341 0 6 73 1 0
291527 1 3 73 1 0
291857 1 3 73 1 0
292580 1 2 73 1 0
301356 1 3 73 1 0
324854 1 4 73 1 0
325175 0 6 73 1 0
382917 1 4 73 1 0
383778 1 3 73 3 0
398939 1 3 73 1 0
446641 0 6 73 1 0
447129 0 6 73 2 0
447418 1 3 73 1 0
501517 1 4 73 0 0
502494 0 6 73 1 0
515586 0 6 73 1 0
515771 1 3 73 1 0
516319 0 6 73 0 1
516719 0 6 73 1 0
517012 1 3 73 3 0
517166 0 6 73 1 0
517190 0 6 73 0 0
517194 0 6 73 3 0
531865 0 6 73 4 0
537521 1 3 73 3 0
538264 1 2 73 1 0
539029 0 6 73 1 0
80024 0 6 74 3 1
165765 0 6 74 3 0
292319 0 6 74 1 0
292847 0 6 74 3 0
293042 0 6 74 3 0
301359 1 4 74 1 0
301368 0 6 74 1 0
302005 1 3 74 3 0
303020 0 6 74 3 0
313214 0 6 74 2 1
323575 1 4 74 1 0
323670 0 6 74 1 0
324072 0 6 74 3 0
324200 1 4 74 1 0
324856 0 6 74 3 0
325151 0 6 74 1 0
325233 1 4 74 1 0
364162 1 3 74 3 0
381201 0 6 74 3 0
381324 1 3 74 1 0
386954 1 4 74 2 0
397357 1 3 74 3 0
400883 0 6 74 2 1
411853 1 4 74 4 1
446242 1 2 74 3 0
446567 0 6 74 1 0
446669 0 6 74 1 0
447056 1 3 74 4 0
500781 0 6 74 0 1
515430 1 2 74 1 0
515876 0 6 74 3 0
516085 1 2 74 1 0
516227 1 2 74 1 0
516557 1 2 74 1 0
516978 0 6 74 1 0
517007 1 2 74 1 0
517176 0 6 74 0 0
517182 0 6 74 2 0
517196 1 4 74 2 0
538011 0 6 74 1 0
539090 0 6 74 1 0
546137 0 6 74 3 0
291377 1 3 75 3 0
291379 0 6 75 1 0
301362 0 6 75 3 1
301999 0 6 75 0 0
302196 0 6 75 1 0
323807 1 4 75 1 0
324338 1 3 75 3 0
325184 0 6 75 2 0
331005 1 3 75 4 0
356846 1 3 75 3 0
382117 0 6 75 1 0
398260 0 6 75 1 1
399696 0 6 75 0 0
399699 0 6 75 1 0
440435 0 6 75 1 0
440931 0 6 75 1 0
441262 0 6 75 3 0
441765 1 4 75 1 0
446222 1 3 75 3 0
446280 1 4 75 1 1
447237 0 6 75 1 0
447618 1 3 75 1 0
501161 0 6 75 1 0
502817 0 6 75 3 0
512388 0 6 75 3 0
515757 0 6 75 1 0
516670 0 6 75 1 0
516707 0 6 75 3 0
516720 0 6 75 3 1
516774 1 5 75 1 0
517136 1 3 75 1 0
517205 1 3 75 1 0
525603 1 4 75 2 0
537988 1 4 75 1 0
538265 1 4 75 1 0
538575 1 3 75 1 0
32168 0 6 76 3 0
72642 1 4 76 1 0
80593 1 4 76 3 0
126339 1 3 76 3 0
136798 1 4 76 1 0
290252 0 6 76 2 0
291529 1 3 76 3 0
291702 0 6 76 1 0
291860 0 6 76 3 0
291911 0 6 76 1 0
292428 0 6 76 1 0
302004 1 3 76 3 0
313210 1 3 76 4 0
324202 1 3 76 3 0
324323 1 4 76 1 1
324647 0 6 76 3 0
325277 0 6 76 1 0
325463 1 3 76 1 0
325517 0 6 76 1 0
331377 1 3 76 3 0
381228 1 4 76 1 0
381322 0 6 76 1 0
381804 0 6 76 1 0
382111 1 1 76 1 0
382916 1 5 76 0 0
398940 0 6 76 1 0
440189 0 6 76 1 0
441150 1 2 76 1 0
441672 1 3 76 3 0
446596 1 2 76 3 0
446670 1 3 76 3 1
447113 1 2 76 1 0
447152 0 6 76 4 1
449375 0 6 76 2 0
515357 0 6 76 1 0
515485 1 5 76 1 0
515844 0 6 76 3 0
516061 0 6 76 1 0
516086 0 6 76 1 1
516362 1 3 76 4 1
516420 1 3 76 1 0
516517 0 6 76 1 0
516704 0 6 76 1 0
517209 1 4 76 0 0
518919 1 3 76 3 0
537986 0 6 76 3 0
538019 1 3 76 3 0
539087 0 6 76 0 0
539089 0 6 76 0 0
107442 0 6 77 0 0
288693 1 2 77 3 0
291533 0 6 77 3 0
292587 0 6 77 1 0
301358 1 3 77 1 0
302195 1 3 77 0 0
302530 0 6 77 1 0
302644 1 2 77 1 1
302759 0 6 77 1 0
302904 0 6 77 3 0
323609 1 4 77 1 0
323892 1 3 77 1 0
324908 0 6 77 2 0
330670 0 6 77 4 0
382341 0 6 77 1 1
382380 0 6 77 1 0
386955 0 6 77 2 0
398042 0 6 77 1 1
398259 1 4 77 1 0
398486 0 6 77 2 0
398713 1 3 77 1 0
399041 0 6 77 1 0
399148 0 6 77 1 0
399499 0 6 77 1 0
402225 1 2 77 4 0
446588 0 6 77 1 0
447612 1 3 77 1 0
447614 1 3 77 1 0
447899 1 4 77 1 0
515561 1 4 77 4 1
515584 0 6 77 0 0
516333 1 4 77 1 0
516339 1 2 77 1 0
516515 1 3 77 0 0
516554 0 6 77 0 0
537556 0 6 77 1 0
538271 0 6 77 1 0
72045 1 4 78 1 0
186507 1 4 78 3 0
291858 1 3 78 1 0
301360 0 6 78 3 0
301996 0 6 78 2 0
302646 1 4 78 1 0
324837 1 2 78 1 0
325279 1 4 78 3 0
356847 1 3 78 3 0
381323 1 3 78 1 0
382120 1 3 78 3 0
382505 1 3 78 1 0
398646 0 6 78 1 0
398716 0 6 78 3 0
446221 0 6 78 3 0
446282 1 5 78 1 1
446415 1 3 78 1 0
447201 1 4 78 1 0
447238 0 6 78 1 0
476440 0 6 78 3 0
500641 0 6 78 1 0
500786 0 6 78 3 0
501507 0 6 78 1 0
501732 1 3 78 1 0
502818 0 6 78 3 0
515490 1 2 78 1 0
515651 0 6 78 1 0
516226 1 4 78 1 0
516279 0 6 78 1 0
516414 0 6 78 1 0
516559 1 3 78 2 0
516776 1 3 78 1 0
517191 1 4 78 1 0
517204 0 6 78 1 0
517223 0 6 78 1 0
537617 0 6 78 1 0
538013 1 5 78 1 0
538163 0 6 78 1 0
538267 1 5 78 1 0
538468 1 3 78 1 0
538857 0 6 78 1 0
538988 0 6 78 1 0
71508 0 6 79 1 1
116001 0 6 79 3 0
133873 0 6 79 3 0
136800 1 4 79 3 0
238548 1 3 79 3 0
266388 0 6 79 3 0
302187 0 6 79 1 0
302559 1 4 79 1 0
324316 0 6 79 3 0
324628 0 6 79 1 0
329655 1 2 79 1 0
381806 1 3 79 3 0
382259 1 2 79 1 0
382379 0 6 79 0 0
382817 0 6 79 1 0
398127 1 4 79 1 0
398380 0 6 79 1 0
399026 0 6 79 1 0
399150 0 6 79 1 0
399241 0 6 79 1 1
399254 1 2 79 1 0
399701 1 3 79 3 0
440434 1 2 79 0 1
441766 1 3 79 1 0
446671 0 6 79 3 0
500785 0 6 79 3 0
501543 1 4 79 1 0
502493 0 6 79 1 0
515488 0 6 79 3 0
516518 0 6 79 1 0
516520 1 3 79 3 0
516775 0 6 79 1 0
517009 0 6 79 3 0
517134 1 5 79 0 0
517137 1 3 79 2 0
538917 1 3 79 1 0
541646 1 3 79 3 0
32173 0 6 80 3 0
238546 1 3 80 1 0
291859 0 6 80 1 0
301305 0 6 80 1 0
324906 0 6 80 1 0
325284 0 6 80 3 0
381745 1 3 80 1 0
382241 0 6 80 1 0
397428 0 6 80 3 0
397924 1 2 80 1 0
397929 0 6 80 1 0
398699 1 4 80 1 0
398715 1 3 80 3 1
399347 1 3 80 1 0
399649 0 6 80 1 0
428193 0 6 80 3 0
441544 1 3 80 1 0
441768 0 6 80 3 0
443618 0 6 80 2 0
446169 0 6 80 1 1
446414 1 3 80 0 0
446417 1 4 80 3 0
446589 0 6 80 3 1
447191 1 4 80 1 0
447811 0 6 80 1 0
447900 1 3 80 1 0
500782 0 6 80 0 0
501104 0 6 80 1 0
501508 0 6 80 1 0
515587 1 3 80 1 0
516081 0 6 80 1 0
516326 1 4 80 1 0
516415 1 4 80 3 1
516421 0 6 80 1 0
516423 0 6 80 3 0
516519 0 6 80 3 0
517105 1 3 80 4 0
517208 0 6 80 3 0
517568 1 3 80 3 0
538153 0 6 80 2 0
538969 1 4 80 1 0
130618 0 6 81 2 0
186054 1 3 81 4 1
248922 1 4 81 3 0
291703 1 3 81 1 0
291915 0 6 81 3 1
292988 1 3 81 1 0
302099 0 6 81 0 0
302191 0 6 81 3 1
302449 0 6 81 1 0
302649 1 4 81 3 0
302747 1 4 81 1 1
324246 0 6 81 1 1
331235 1 3 81 3 0
382307 0 6 81 0 0
382502 1 2 81 1 0
382809 0 6 81 3 0
397127 1 5 81 1 0
397819 0 6 81 1 0
398261 1 3 81 1 0
398997 0 6 81 3 0
399492 1 3 81 1 0
440188 0 6 81 0 0
441003 0 6 81 1 0
446416 1 3 81 2 0
447613 0 6 81 1 0
447621 1 3 81 1 0
515491 1 3 81 3 1
516221 1 5 81 1 0
516228 1 4 81 3 0
516317 0 6 81 3 0
516327 1 3 81 3 0
516561 1 3 81 0 0
516713 0 6 81 4 0
517220 1 3 81 1 0
538272 1 3 81 3 0
71510 0 6 82 2 0
293836 1 4 82 3 1
324509 0 6 82 1 0
325152 1 3 82 1 0
325196 1 4 82 3 0
325280 1 3 82 3 0
325560 0 6 82 1 0
381775 1 2 82 1 0
382118 1 4 82 1 0
382123 0 6 82 3 0
382260 1 3 82 1 0
382261 1 3 82 2 0
382623 0 6 82 1 0
397317 0 6 82 1 0
397928 0 6 82 1 0
397985 0 6 82 1 0
398130 1 4 82 3 0
398419 1 3 82 1 0
398502 1 3 82 1 0
398996 0 6 82 3 0
410866 0 6 82 2 0
443621 0 6 82 4 0
446220 0 6 82 2 0
446413 1 3 82 0 0
447014 1 4 82 1 0
447277 1 3 82 3 0
447298 0 6 82 4 1
448108 0 6 82 3 0
501070 1 4 82 1 0
501105 0 6 82 1 0
501541 0 6 82 1 0
516217 0 6 82 1 0
516340 0 6 82 1 0
516422 1 4 82 3 1
516458 0 6 82 3 0
516516 0 6 82 1 0
517261 0 6 82 0 0
537717 0 6 82 1 0
538467 0 6 82 1 0
538967 0 6 82 1 0
72043 1 4 83 1 0
164850 1 3 83 2 0
237893 0 6 83 1 0
238543 1 5 83 1 0
292978 1 3 83 2 0
301508 0 6 83 4 0
302645 0 6 83 1 0
310923 0 6 83 2 0
325153 0 6 83 1 0
328844 0 6 83 1 0
381746 0 6 83 1 0
381765 0 6 83 3 0
382383 0 6 83 3 0
382470 0 6 83 1 0
397491 1 3 83 1 0
397497 1 4 83 1 0
397527 0 6 83 1 0
398129 1 4 83 1 0
398424 1 4 83 2 0
398498 0 6 83 1 0
398698 1 3 83 1 0
399152 1 4 83 3 0
399494 0 6 83 3 0
399538 1 3 83 1 0
441002 0 6 83 1 0
441574 0 6 83 4 1
446423 1 2 83 1 0
447310 0 6 83 3 0
447971 1 4 83 3 0
501069 1 2 83 1 0
502492 0 6 83 0 0
515822 0 6 83 1 0
516132 1 4 83 3 0
516229 0 6 83 3 0
516486 1 2 83 0 1
516560 1 2 83 0 0
517138 0 6 83 3 1
537700 1 3 83 1 0
537800 1 3 83 1 0
538918 0 6 83 1 0
5580 0 6 84 3 0
64104 0 6 84 3 1
71502 0 6 84 3 0
237467 1 5 84 1 0
237895 0 6 84 3 0
290366 1 3 84 1 0
291861 1 3 84 3 0
292986 1 4 84 0 0
302647 0 6 84 2 0
302648 0 6 84 3 0
325563 0 6 84 3 0
347633 1 3 84 3 0
381427 0 6 84 1 1
382263 0 6 84 3 0
382308 0 6 84 1 0
382625 1 3 84 3 1
397490 1 3 84 1 0
397498 0 6 84 3 0
398137 1 3 84 4 0
398373 0 6 84 1 0
398504 0 6 84 1 0
398938 1 3 84 2 0
399346 0 6 84 1 0
424657 1 4 84 3 0
430000 1 2 84 3 0
441005 0 6 84 3 0
446422 0 6 84 1 0
446479 1 3 84 1 0
446639 0 6 84 1 0
447278 0 6 84 3 1
501108 0 6 84 3 1
502473 0 6 84 1 0
516200 1 4 84 1 0
516220 0 6 84 1 0
517566 0 6 84 1 0
537616 0 6 84 1 0
537719 1 3 84 3 0
238542 0 6 85 1 0
292414 0 6 85 1 0
301307 0 6 85 1 0
301856 0 6 85 1 0
302100 0 6 85 0 0
302760 0 6 85 1 0
328925 0 6 85 4 1
367950 1 4 85 3 0
381296 0 6 85 1 1
381778 0 6 85 3 0
382243 1 3 85 2 1
382525 0 6 85 1 0
382624 0 6 85 3 0
397629 0 6 85 1 0
397796 0 6 85 1 0
398505 1 3 85 3 0
398874 0 6 85 1 0
399647 1 2 85 1 0
440212 1 4 85 4 0
440666 1 5 85 1 0
447145 0 6 85 3 0
494076 1 4 85 3 0
497414 0 6 85 2 0
501066 1 2 85 0 0
501546 0 6 85 3 0
516131 1 5 85 3 1
516215 1 3 85 0 0
516306 1 3 85 3 1
516487 1 4 85 0 0
517076 0 6 85 3 0
73010 0 6 86 3 0
282814 1 3 86 3 1
291043 0 6 86 0 0
293018 0 6 86 3 1
301306 0 6 86 1 0
323059 0 6 86 3 0
325401 0 6 86 3 1
325562 1 3 86 3 1
339933 1 4 86 3 0
382262 0 6 86 2 0
382628 1 3 86 2 0
382736 1 4 86 3 0
387780 1 3 86 3 0
398174 0 6 86 1 0
398376 0 6 86 3 0
398503 0 6 86 1 0
398579 0 6 86 1 0
398714 1 3 86 1 0
398735 0 6 86 1 0
398961 0 6 86 4 1
399381 0 6 86 1 0
399658 0 6 86 1 0
400858 1 3 86 3 0
442075 0 6 86 1 0
447619 0 6 86 2 0
447883 1 3 86 1 0
501542 1 5 86 1 0
502478 0 6 86 3 0
516216 1 3 86 1 0
516490 0 6 86 1 0
537702 1 3 86 3 0
43180 0 6 87 3 1
82367 0 6 87 4 1
121432 1 4 87 3 0
237883 0 6 87 1 0
292460 1 3 87 3 0
381180 1 2 87 1 0
381520 1 4 87 1 0
382165 1 4 87 4 0
382458 0 6 87 1 0
384495 1 3 87 3 0
397244 0 6 87 1 0
397411 1 3 87 1 0
397487 0 6 87 4 1
397786 0 6 87 1 0
397791 1 4 87 1 0
398377 1 2 87 3 0
398701 1 2 87 3 1
398989 1 4 87 1 0
399539 0 6 87 1 0
399540 0 6 87 1 0
399645 0 6 87 3 0
412995 1 3 87 2 0
436672 0 6 87 3 0
441767 1 4 87 1 0
447232 0 6 87 1 0
447882 1 2 87 1 0
497290 1 2 87 3 0
498952 1 4 87 3 0
501072 1 3 87 3 0
502346 0 6 87 4 1
515492 1 3 87 3 0
515787 0 6 87 1 0
516201 0 6 87 1 0
516341 1 3 87 3 0
537658 0 6 87 1 0
537802 0 6 87 3 0
538469 0 6 87 3 0
538968 1 4 87 1 0
548676 1 4 87 2 1
63870 1 5 88 3 0
121429 1 4 88 1 1
237357 1 3 88 1 0
282813 1 1 88 3 0
290567 1 3 88 0 0
301925 0 6 88 4 0
330572 1 2 88 3 0
381091 1 4 88 4 1
381449 0 6 88 1 0
382408 1 4 88 1 0
382572 1 4 88 1 0
382887 1 4 88 2 0
397602 0 6 88 1 0
397628 1 3 88 0 0
397684 1 3 88 1 0
398005 1 4 88 1 0
398374 0 6 88 1 0
398736 1 5 88 1 0
399217 1 3 88 4 1
399345 0 6 88 1 0
429983 1 5 88 3 0
440425 0 6 88 2 0
446427 0 6 88 3 0
447141 0 6 88 1 0
447351 0 6 88 1 0
447609 1 4 88 1 0
466010 1 2 88 2 0
478670 0 6 88 2 0
497420 0 6 88 2 0
515230 0 6 88 3 0
515355 1 3 88 0 1
516031 1 3 88 2 0
516481 1 4 88 3 0
516491 0 6 88 2 1
518436 1 2 88 1 1
69864 0 6 89 1 0
210625 0 6 89 3 0
237173 1 4 89 3 0
292459 0 6 89 2 1
292461 0 6 89 3 1
301309 1 4 89 1 0
381183 1 2 89 3 0
381522 0 6 89 1 0
382055 0 6 89 1 0
382258 1 5 89 1 0
382285 0 6 89 1 0
382410 1 4 89 3 0
397492 1 3 89 1 0
398170 1 4 89 3 0
399386 1 3 89 1 0
399525 0 6 89 1 0
399529 0 6 89 1 0
399697 0 6 89 1 0
429999 1 5 89 3 0
440370 0 6 89 1 0
442030 1 2 89 1 0
506168 1 3 89 3 0
516865 0 6 89 1 0
517074 0 6 89 1 0
537699 0 6 89 1 1
537716 0 6 89 0 0
43024 0 6 90 2 0
70382 0 6 90 1 0
237884 0 6 90 1 0
238544 0 6 90 3 0
242259 1 3 90 2 1
302525 1 4 90 1 1
381175 0 6 90 4 0
381191 0 6 90 1 0
382286 0 6 90 1 0
382322 0 6 90 1 0
382348 1 4 90 1 0
382777 1 2 90 1 0
382882 0 6 90 1 0
397562 0 6 90 1 0
397631 1 3 90 3 0
397674 1 2 90 1 0
397687 1 2 90 3 0
398625 0 6 90 1 0
398945 0 6 90 1 0
398990 1 2 90 1 0
399648 0 6 90 1 0
399650 0 6 90 3 1
412997 0 6 90 3 0
440243 1 3 90 2 0
440667 1 4 90 3 0
446168 1 3 90 1 0
446920 0 6 90 1 0
446945 1 3 90 1 0
447184 1 4 90 4 1
497294 1 4 90 1 0
516152 0 6 90 1 0
516219 0 6 90 3 0
516777 1 3 90 3 0
517077 0 6 90 3 0
538972 0 6 90 4 0
73020 1 3 91 1 0
77990 1 2 91 3 0
121430 0 6 91 1 0
179563 1 2 91 3 0
238488 0 6 91 2 0
291712 1 3 91 0 0
301308 0 6 91 3 0
301310 1 4 91 3 0
301540 0 6 91 1 0
305744 0 6 91 2 0
323060 0 6 91 3 0
353518 0 6 91 2 0
356073 1 4 91 2 0
381111 0 6 91 1 0
382053 0 6 91 1 0
382573 0 6 91 2 1
382756 0 6 91 1 0
386944 1 4 91 3 1
397133 1 2 91 1 0
397206 0 6 91 4 0
397845 0 6 91 1 0
398988 0 6 91 1 0
399380 1 2 91 0 0
440859 1 4 91 2 1
446876 0 6 91 1 0
447021 0 6 91 1 0
447312 1 3 91 1 0
447884 1 3 91 3 0
497292 1 3 91 4 0
560524 0 6 91 3 1
71281 1 5 92 1 0
99245 1 4 92 3 1
148647 0 6 92 2 0
237360 1 3 92 2 0
291042 1 4 92 0 1
302311 1 4 92 1 0
332621 0 6 92 2 0
381179 1 3 92 0 0
381452 1 4 92 1 0
382330 1 2 92 0 0
382409 1 3 92 3 0
397246 0 6 92 1 0
397632 0 6 92 3 1
397685 0 6 92 1 0
397794 0 6 92 3 1
398577 0 6 92 1 1
412996 1 4 92 3 0
420630 1 4 92 2 0
429982 1 3 92 3 0
440242 0 6 92 2 0
446424 0 6 92 2 0
446944 1 3 92 1 0
466013 1 4 92 4 1
515789 0 6 92 1 0
516244 1 4 92 1 0
518435 1 3 92 1 0
529122 1 4 92 2 0
70861 1 4 93 1 0
71059 1 3 93 1 0
159281 0 6 93 3 1
237885 0 6 93 1 0
301712 0 6 93 1 0
301924 0 6 93 3 1
302297 1 3 93 1 0
302983 1 3 93 1 0
323504 0 6 93 4 0
382048 0 6 93 1 0
382057 1 3 93 3 0
382575 0 6 93 3 0
397335 1 3 93 1 0
397493 0 6 93 1 0
397918 0 6 93 1 0
398263 0 6 93 1 0
398563 1 4 93 1 0
399231 1 2 93 1 0
399387 1 4 93 1 0
399532 1 3 93 3 0
420914 1 4 93 3 0
431404 0 6 93 2 0
440826 1 3 93 1 0
447330 1 4 93 1 0
447356 1 3 93 4 0
469126 1 4 93 2 0
497506 0 6 93 1 1
515934 1 3 93 2 0
516218 0 6 93 2 0
516492 1 4 93 3 0
70619 0 6 94 1 0
70779 1 4 94 1 0
70885 0 6 94 1 0
72331 0 6 94 1 0
122769 1 4 94 3 0
237331 0 6 94 1 0
291044 1 4 94 1 0
302986 0 6 94 3 0
381426 1 3 94 1 1
382344 0 6 94 4 0
385606 0 6 94 3 0
397147 1 3 94 1 0
397336 0 6 94 1 0
397679 0 6 94 1 0
397688 1 2 94 3 0
398247 1 3 94 1 0
399462 0 6 94 3 0
440446 0 6 94 3 0
446732 0 6 94 1 1
446922 0 6 94 3 0
447718 0 6 94 1 0
466014 1 3 94 4 1
484336 0 6 94 3 0
515954 1 3 94 1 0
516212 1 2 94 1 0
516773 1 3 94 3 0
537567 0 6 94 0 0
560523 0 6 94 3 0
70352 0 6 95 1 0
70623 1 3 95 3 1
70662 1 4 95 1 0
71282 0 6 95 2 1
101314 0 6 95 3 0
121550 0 6 95 1 0
138131 1 5 95 3 0
175750 1 3 95 3 0
237887 1 3 95 2 0
291046 0 6 95 3 0
291910 0 6 95 0 0
302540 1 3 95 1 0
323497 0 6 95 3 0
381177 0 6 95 0 0
381434 1 4 95 1 0
382047 1 4 95 1 0
382050 0 6 95 1 0
382622 0 6 95 1 0
398241 1 4 95 1 0
398717 1 3 95 1 0
398742 0 6 95 1 0
399385 1 3 95 1 0
399388 1 4 95 3 0
442054 0 6 95 1 0
447154 1 4 95 1 0
461038 0 6 95 3 0
515316 0 6 95 1 0
516353 1 4 95 1 0
516692 0 6 95 1 0
530955 1 3 95 3 0
554340 1 3 95 3 0
69907 0 6 96 1 0
70778 0 6 96 1 0
70884 0 6 96 1 0
71368 0 6 96 1 0
72263 0 6 96 4 0
77984 0 6 96 3 0
77989 0 6 96 3 0
237333 0 6 96 3 1
237611 1 3 96 1 0
237886 1 4 96 1 0
291714 0 6 96 2 0
302984 0 6 96 1 0
381453 0 6 96 3 0
397136 0 6 96 3 0
397378 1 3 96 2 1
397652 0 6 96 1 0
397680 0 6 96 3 1
397847 0 6 96 3 1
398250 0 6 96 1 0
398718 0 6 96 1 0
399379 0 6 96 0 0
422168 0 6 96 3 0
446425 0 6 96 3 0
446941 1 4 96 1 0
447054 0 6 96 2 0
447329 1 4 96 0 0
447332 1 3 96 2 0
496794 0 6 96 1 0
497295 1 4 96 3 0
497505 1 5 96 1 0
516238 1 3 96 1 0
516246 0 6 96 3 0
516691 0 6 96 1 0
70621 1 4 97 3 0
90609 0 6 97 2 0
175748 0 6 97 1 0
244762 1 3 97 2 0
290394 1 4 97 1 1
302310 1 3 97 3 0
302620 1 4 97 4 1
302985 0 6 97 2 1
381246 0 6 97 1 1
381969 1 4 97 3 0
382559 1 3 97 1 0
382613 1 3 97 4 0
397150 1 3 97 3 1
397405 0 6 97 3 0
398236 1 4 97 2 0
398246 0 6 97 3 0
398594 0 6 97 1 0
398960 0 6 97 4 1
398964 0 6 97 1 0
399157 0 6 97 4 0
399431 0 6 97 1 0
399562 0 6 97 4 0
410067 0 6 97 3 0
447314 1 3 97 3 1
496803 0 6 97 4 1
498505 1 3 97 3 0
503700 1 4 97 3 0
516700 0 6 97 3 0
516921 1 5 97 1 0
524121 0 6 97 3 1
537772 0 6 97 2 0
29455 1 5 98 2 0
70624 0 6 98 4 0
70777 0 6 98 1 0
71061 0 6 98 3 1
71283 0 6 98 3 0
71644 0 6 98 1 0
100541 1 3 98 3 0
101312 1 2 98 1 0
175753 1 4 98 2 0
237330 1 2 98 1 0
237612 1 3 98 1 0
238335 0 6 98 1 0
339683 0 6 98 3 0
381276 0 6 98 3 0
381432 0 6 98 0 0
382331 0 6 98 1 0
382497 1 3 98 4 1
382755 0 6 98 1 0
397134 1 2 98 1 0
397169 0 6 98 4 0
399384 1 3 98 0 0
399459 1 4 98 2 0
442053 1 4 98 1 0
484335 1 3 98 3 0
497552 1 3 98 1 1
515319 1 4 98 3 0
515547 0 6 98 1 1
516175 1 4 98 1 0
516177 0 6 98 1 1
517081 0 6 98 3 0
536537 0 6 98 3 0
29456 1 3 99 2 0
70132 0 6 99 1 0
70865 1 4 99 1 0
71150 0 6 99 2 0
71367 1 4 99 1 0
122768 0 6 99 3 0
176375 0 6 99 4 1
198472 1 4 99 3 0
237999 1 3 99 1 0
301293 1 2 99 1 0
302296 0 6 99 0 0
302542 0 6 99 3 0
313286 1 3 99 3 0
381415 1 2 99 1 0
381927 1 4 99 1 0
382561 1 3 99 1 0
397400 0 6 99 0 0
397922 0 6 99 3 0
398245 1 4 99 3 0
398264 0 6 99 1 0
398592 0 6 99 0 0
399101 0 6 99 1 0
399149 1 2 99 1 0
399430 0 6 99 0 1
447227 1 2 99 1 0
447390 0 6 99 1 0
477459 0 6 99 3 0
497462 0 6 99 1 0
515746 1 4 99 1 0
536536 1 4 99 3 0
554339 0 6 99 1 0
43838 0 6 100 3 0
69908 0 6 100 1 0
70681 0 6 100 1 0
70776 1 4 100 0 0
70882 0 6 100 0 0
71313 1 3 100 1 0
90610 1 3 100 3 0
236840 0 6 100 1 0
237397 0 6 100 1 0
237610 0 6 100 1 0
317549 0 6 100 4 0
318272 1 4 100 3 0
323889 1 4 100 3 0
339686 1 4 100 3 0
381437 1 3 100 3 0
381930 1 4 100 3 0
382058 0 6 100 3 0
397379 0 6 100 3 0
397905 0 6 100 4 0
398527 0 6 100 1 0
410065 1 4 100 2 0
442966 0 6 100 3 0
498321 1 3 100 4 0
515953 0 6 100 0 0
516179 1 4 100 3 0
530954 1 4 100 2 0
559182 1 3 100 3 0
29453 1 4 101 0 0
69515 1 3 101 1 0
69579 0 6 101 1 1
69851 1 2 101 1 0
70608 1 3 101 1 0
70680 1 2 101 1 0
71057 1 4 101 1 0
71373 0 6 101 1 0
73845 0 6 101 3 0
78263 1 2 101 3 0
99696 0 6 101 1 0
100024 1 4 101 1 0
100714 0 6 101 1 1
102577 1 3 101 3 0
122475 0 6 101 4 0
175752 1 3 101 2 0
236960 0 6 101 1 0
243913 0 6 101 3 0
258541 0 6 101 3 0
302307 0 6 101 3 0
302982 1 3 101 0 0
318273 1 2 101 4 0
321725 1 3 101 2 0
349310 1 3 101 3 0
378760 1 2 101 3 0
381723 0 6 101 1 0
381837 1 2 101 1 0
397149 0 6 101 3 0
397318 1 3 101 1 0
397781 1 3 101 2 0
398251 0 6 101 3 0
399460 1 4 101 2 0
399551 1 3 101 4 0
414813 0 6 101 0 0
428637 0 6 101 3 0
446418 0 6 101 0 0
446942 1 3 101 1 0
447331 0 6 101 1 0
498459 0 6 101 1 0
498504 1 4 101 2 0
537072 1 3 101 3 0
554338 0 6 101 1 0
69576 1 2 102 1 0
69910 0 6 102 3 0
70343 1 4 102 2 0
70436 1 3 102 1 0
70879 0 6 102 1 0
70883 0 6 102 0 0
70994 1 2 102 1 0
71312 0 6 102 0 0
100837 1 4 102 1 0
237693 1 4 102 1 1
237992 0 6 102 3 0
301290 0 6 102 1 0
302989 1 3 102 0 0
331357 0 6 102 2 0
339688 0 6 102 1 0
381593 0 6 102 1 0
382332 0 6 102 3 0
382599 0 6 102 1 0
398595 1 3 102 3 1
444114 1 4 102 3 0
447233 1 5 102 1 0
447328 0 6 102 0 0
492629 0 6 102 3 1
496522 0 6 102 1 0
516178 0 6 102 1 0
516701 1 3 102 3 0
7776 1 2 103 3 1
69552 1 4 103 1 1
69679 0 6 103 1 0
69986 1 3 103 1 0
70554 1 3 103 3 0
101371 1 5 103 1 0
176496 1 3 103 1 0
237328 0 6 103 0 0
237558 0 6 103 1 1
238337 1 4 103 3 0
301880 1 4 103 4 1
323887 1 3 103 0 0
381187 0 6 103 1 0
381724 1 4 103 1 0
381925 0 6 103 1 0
382242 1 4 103 1 0
397316 0 6 103 1 0
397399 0 6 103 3 0
397506 0 6 103 1 0
397509 1 3 103 1 0
397914 1 2 103 3 0
398047 0 6 103 1 0
398796 1 2 103 0 0
399054 1 4 103 4 1
410064 1 2 103 2 1
446950 0 6 103 1 0
447333 0 6 103 2 0
498460 1 3 103 2 1
498461 1 3 103 3 0
510796 0 6 103 3 0
7775 1 4 104 3 0
69578 0 6 104 1 0
70206 0 6 104 1 0
70318 1 3 104 1 0
70610 0 6 104 3 0
70836 0 6 104 1 0
71060 0 6 104 3 1
71151 0 6 104 3 0
71325 1 4 104 1 0
72429 0 6 104 1 1
73844 0 6 104 3 1
99943 1 3 104 1 0
170032 0 6 104 3 0
232768 1 4 104 3 0
237613 0 6 104 3 0
238001 1 4 104 3 0
238779 1 4 104 1 0
331363 1 4 104 3 0
378759 0 6 104 2 1
381770 0 6 104 3 0
381838 0 6 104 2 0
382233 0 6 104 1 0
382326 0 6 104 2 0
382420 0 6 104 1 0
382897 1 3 104 1 0
397118 1 2 104 3 0
397277 1 3 104 4 0
397858 0 6 104 3 0
398067 0 6 104 1 0
398244 1 2 104 2 0
399085 1 4 104 1 0
446439 1 5 104 1 0
447985 0 6 104 1 0
496814 1 2 104 1 0
496958 1 4 104 1 0
515748 1 4 104 1 0
37279 0 6 105 3 0
69577 0 6 105 1 0
69909 0 6 105 3 0
70109 1 2 105 1 0
70340 0 6 105 0 0
70426 1 4 105 3 1
70433 0 6 105 1 0
70447 0 6 105 0 0
70810 1 3 105 4 0
70838 0 6 105 3 0
70877 0 6 105 1 0
70996 0 6 105 3 0
71311 0 6 105 0 1
71347 0 6 105 1 0
99946 1 3 105 3 1
99955 0 6 105 1 0
104105 1 5 105 4 0
236514 1 3 105 3 0
237395 1 2 105 0 0
237990 0 6 105 1 0
302126 1 3 105 1 0
302661 0 6 105 1 0
381041 0 6 105 1 0
381725 1 2 105 3 0
397510 1 4 105 1 0
397656 0 6 105 3 1
397780 0 6 105 2 0
397913 0 6 105 3 0
398802 0 6 105 1 0
402485 1 3 105 2 0
446441 0 6 105 3 0
447226 1 4 105 0 0
463268 0 6 105 3 0
496925 0 6 105 1 0
497461 1 3 105 1 0
497899 0 6 105 1 0
510794 0 6 105 1 0
69574 1 3 106 1 0
70320 1 3 106 1 0
70435 0 6 106 1 0
70437 0 6 106 2 0
70458 1 4 106 1 0
70834 0 6 106 0 0
70880 0 6 106 3 0
70995 1 3 106 1 0
70998 1 3 106 4 1
71376 0 6 106 3 0
100839 0 6 106 3 0
101774 1 3 106 1 0
176836 0 6 106 1 0
237288 0 6 106 1 0
289497 1 4 106 3 0
301960 0 6 106 2 0
302277 0 6 106 1 0
350657 1 5 106 3 0
381127 0 6 106 2 0
381364 0 6 106 2 0
381928 0 6 106 2 0
382674 0 6 106 1 0
397850 1 4 106 1 0
398075 0 6 106 3 0
398596 0 6 106 3 0
399086 0 6 106 3 0
446438 1 3 106 1 0
447485 0 6 106 1 0
496924 1 4 106 0 0
554283 0 6 106 3 0
15167 0 6 107 3 0
69596 0 6 107 1 0
69911 0 6 107 1 0
70319 1 4 107 1 1
70425 0 6 107 1 0
70434 0 6 107 1 0
70609 0 6 107 3 1
71078 1 3 107 1 0
71177 1 4 107 1 0
99950 1 4 107 1 0
99956 0 6 107 1 1
100171 0 6 107 1 1
101776 1 3 107 3 0
123633 1 2 107 3 0
238267 0 6 107 3 0
297031 1 2 107 3 0
301656 0 6 107 1 0
302263 0 6 107 1 0
323886 1 4 107 0 0
323891 0 6 107 1 0
331360 0 6 107 3 0
331362 0 6 107 1 0
381931 0 6 107 4 1
382896 0 6 107 1 0
397511 0 6 107 3 0
399315 0 6 107 3 1
399325 1 2 107 1 0
402490 0 6 107 4 0
446845 1 3 107 1 0
448089 1 5 107 1 0
482580 1 3 107 3 1
496559 0 6 107 1 0
496899 0 6 107 1 0
497317 1 3 107 1 0
497900 1 4 107 3 0
515751 0 6 107 2 1
69966 1 3 108 3 1
70416 0 6 108 0 0
70424 1 2 108 1 0
70443 0 6 108 0 0
70638 0 6 108 1 1
70811 0 6 108 4 0
70876 1 4 108 1 0
70881 0 6 108 3 1
71077 1 5 108 0 0
71315 0 6 108 2 1
71335 0 6 108 1 0
71375 1 2 108 3 1
99466 0 6 108 1 0
99942 1 4 108 0 0
99954 0 6 108 1 0
177324 0 6 108 1 0
236952 1 3 108 1 0
237965 1 3 108 1 0
301464 0 6 108 1 0
302261 0 6 108 0 0
302663 1 4 108 3 0
302783 1 2 108 1 0
303062 1 3 108 1 0
382235 1 3 108 1 0
382677 0 6 108 3 0
398041 0 6 108 1 0
398797 0 6 108 0 0
410066 0 6 108 3 0
447341 1 4 108 3 0
496857 0 6 108 1 0
497841 1 4 108 1 0
498434 1 2 108 1 0
510926 1 4 108 1 0
511383 1 4 108 1 0
70028 1 3 109 3 0
70322 1 4 109 3 0
70546 1 5 109 3 0
70584 1 2 109 2 0
70617 1 3 109 4 0
70817 0 6 109 3 0
71076 0 6 109 3 0
71108 0 6 109 3 0
71174 1 3 109 3 0
101666 0 6 109 1 0
101870 0 6 109 1 0
164944 0 6 109 3 0
301657 0 6 109 3 0
302101 1 3 109 1 0
302264 1 4 109 1 0
302439 1 4 109 1 0
319243 1 3 109 3 0
331241 1 4 109 1 0
366206 0 6 109 2 0
381366 0 6 109 1 1
397319 1 3 109 2 0
397713 0 6 109 1 0
398243 1 4 109 2 1
398929 1 2 109 1 0
402484 0 6 109 1 0
446642 0 6 109 1 0
447512 1 2 109 1 0
496560 1 4 109 1 0
496866 1 4 109 0 0
497631 1 4 109 1 0
52380 1 2 110 3 0
57162 0 6 110 3 0
70344 1 3 110 2 1
70452 0 6 110 1 0
70549 1 4 110 1 0
100995 0 6 110 0 0
101777 0 6 110 3 0
176074 0 6 110 1 0
176462 1 4 110 1 0
237966 1 3 110 2 0
257861 0 6 110 2 0
301783 0 6 110 4 0
301959 0 6 110 2 0
302260 0 6 110 0 0
302746 1 4 110 4 0
334041 1 4 110 2 0
381042 1 3 110 3 1
398803 1 3 110 1 0
496854 1 4 110 0 0
497226 0 6 110 1 0
497630 1 3 110 0 1
69573 0 6 111 1 0
69575 1 3 111 3 1
69912 1 4 111 1 1
69949 0 6 111 1 0
70292 1 3 111 4 1
70547 1 2 111 3 0
70587 0 6 111 3 1
70961 1 3 111 1 0
71080 0 6 111 3 0
71240 1 3 111 1 0
71366 0 6 111 0 0
99941 1 4 111 0 0
100997 1 4 111 1 0
101872 0 6 111 3 0
176322 1 4 111 1 0
237977 1 4 111 3 0
301367 1 3 111 1 1
308087 1 4 111 3 0
331449 1 3 111 3 0
381369 0 6 111 3 1
398234 0 6 111 0 0
399266 0 6 111 1 0
402491 0 6 111 1 0
421314 0 6 111 3 0
446343 0 6 111 1 0
447340 1 3 111 3 0
497846 0 6 111 1 1
498052 0 6 111 4 1
534135 0 6 111 3 0
69680 1 3 112 1 1
70174 0 6 112 1 0
70423 0 6 112 1 0
70439 1 3 112 3 0
70446 1 2 112 3 1
70583 0 6 112 1 0
70978 0 6 112 3 1
71011 0 6 112 1 0
71107 0 6 112 1 0
71336 0 6 112 1 0
99467 0 6 112 3 0
99547 1 4 112 1 0
100996 1 4 112 1 1
154740 0 6 112 3 0
176067 1 2 112 1 0
224492 1 3 112 3 0
236951 1 3 112 1 0
302255 0 6 112 1 0
302266 1 4 112 3 0
308084 0 6 112 0 0
381367 0 6 112 1 0
397390 0 6 112 1 0
398943 0 6 112 3 0
446433 0 6 112 1 0
446844 0 6 112 1 0
447514 1 4 112 3 0
496563 0 6 112 3 0
496849 0 6 112 2 0
496869 0 6 112 3 1
498541 1 3 112 1 0
47169 0 6 113 3 0
52182 1 2 113 3 0
69676 1 4 113 1 0
69692 1 3 113 3 0
69756 0 6 113 1 1
69939 0 6 113 1 0
70032 0 6 113 1 0
70194 1 3 113 1 1
70418 0 6 113 3 0
70550 0 6 113 1 0
70561 1 3 113 3 0
71042 1 3 113 1 0
71106 0 6 113 1 0
100356 0 6 113 0 0
100998 0 6 113 3 0
101770 0 6 113 4 1
176283 0 6 113 1 0
176323 1 3 113 1 0
236616 1 4 113 3 0
237967 0 6 113 3 0
274446 0 6 113 3 0
292721 0 6 113 2 0
301608 0 6 113 4 1
332349 0 6 113 3 0
366900 0 6 113 2 1
381549 0 6 113 1 0
382234 1 2 113 1 0
399014 0 6 113 1 0
496847 1 3 113 0 0
496856 1 2 113 1 0
497228 1 2 113 1 0
498354 1 5 113 4 0
69681 1 4 114 3 1
69758 1 4 114 3 0
69923 1 2 114 1 0
70422 0 6 114 1 0
70526 0 6 114 1 0
70636 1 4 114 1 0
237969 0 6 114 0 0
246264 0 6 114 3 0
274445 1 4 114 3 0
303078 0 6 114 1 0
308268 1 3 114 0 0
308743 0 6 114 0 1
397245 1 5 114 1 0
398804 0 6 114 1 0
402492 0 6 114 1 0
424458 1 4 114 3 0
446643 0 6 114 1 0
497017 0 6 114 3 0
497436 1 4 114 1 0
497845 1 5 114 1 0
498540 1 3 114 1 0
534134 1 2 114 1 0
69572 0 6 115 1 0
70308 0 6 115 1 0
70696 1 3 115 1 0
71109 1 2 115 3 0
71300 1 3 115 1 0
99548 0 6 115 1 0
101289 0 6 115 1 0
154739 1 3 115 1 0
237968 0 6 115 0 0
292719 0 6 115 1 0
302262 0 6 115 0 0
332348 0 6 115 3 0
334042 0 6 115 2 0
339213 0 6 115 3 1
339353 0 6 115 3 0
359148 0 6 115 3 0
381661 0 6 115 1 0
398947 1 3 115 3 0
399016 0 6 115 1 1
399264 0 6 115 0 0
402059 1 4 115 4 0
496812 0 6 115 1 0
498051 0 6 115 3 0
561267 1 3 115 3 0
46151 0 6 116 4 0
69926 0 6 116 4 0
70193 1 3 116 1 0
70417 0 6 116 3 0
70421 0 6 116 1 0
70635 0 6 116 0 0
175989 0 6 116 1 0
176223 1 4 116 1 0
204678 0 6 116 3 0
237139 0 6 116 1 0
237206 1 3 116 1 0
302603 0 6 116 4 1
381996 0 6 116 4 0
382281 1 3 116 2 0
403126 1 4 116 4 0
445210 1 3 116 3 0
497435 0 6 116 0 0
498215 0 6 116 2 1
534133 1 3 116 1 0
534556 0 6 116 3 0
69675 0 6 117 1 0
69691 1 4 117 3 1
70392 1 3 117 1 0
70445 0 6 117 2 0
70468 1 3 117 3 0
70534 0 6 117 1 0
100680 0 6 117 1 0
116396 0 6 117 3 0
175963 1 4 117 1 0
176647 1 4 117 3 0
176707 1 4 117 1 0
237211 1 3 117 3 0
237973 0 6 117 3 1
245072 0 6 117 4 0
303080 0 6 117 1 0
381518 0 6 117 1 0
381546 0 6 117 3 1
402661 1 4 117 1 1
424454 0 6 117 0 0
497438 0 6 117 3 0
497939 1 3 117 1 0
498484 1 3 117 1 0
534283 0 6 117 1 0
69924 1 3 118 3 0
70195 0 6 118 2 0
70413 0 6 118 1 0
71096 1 4 118 1 0
116397 1 4 118 3 0
237623 0 6 118 1 0
292720 0 6 118 2 1
302500 1 3 118 1 0
308742 0 6 118 0 0
309138 1 4 118 0 0
381545 0 6 118 0 1
382038 1 2 118 1 0
406503 0 6 118 3 0
497325 0 6 118 1 0
497434 1 3 118 0 0
497849 1 3 118 3 0
498488 0 6 118 3 0
534166 0 6 118 1 0
534554 0 6 118 3 1
534688 0 6 118 1 0
69765 1 4 119 1 0
71201 1 4 119 1 0
71301 0 6 119 1 0
153426 0 6 119 1 0
154741 0 6 119 3 0
176226 1 3 119 2 0
176489 0 6 119 4 1
237138 1 3 119 1 0
237711 1 3 119 1 0
237947 0 6 119 1 0
242096 0 6 119 3 0
381243 1 5 119 4 0
381516 0 6 119 3 1
382023 1 4 119 1 0
398396 0 6 119 1 0
493431 1 3 119 2 0
497061 0 6 119 1 0
497089 1 3 119 1 0
497114 1 3 119 1 0
498477 0 6 119 3 0
533410 1 3 119 1 0
533642 1 4 119 1 0
534955 1 3 119 1 0
14375 1 3 120 2 0
70090 0 6 120 1 0
70414 1 4 120 3 0
70536 1 4 120 2 0
70637 1 2 120 1 0
70766 1 3 120 3 0
87533 1 2 120 2 0
89397 1 4 120 1 0
101772 0 6 120 4 0
176225 0 6 120 1 0
236835 1 2 120 1 0
237207 1 5 120 1 0
237948 0 6 120 1 1
301586 1 4 120 1 0
381517 1 3 120 3 0
382279 0 6 120 1 0
398395 0 6 120 1 0
497759 0 6 120 1 0
497967 1 5 120 1 0
498485 0 6 120 1 0
505996 0 6 120 3 0
533436 0 6 120 1 0
533549 0 6 120 4 1
533923 1 4 120 1 0
534138 1 2 120 1 0
534142 0 6 120 4 0
534457 1 3 120 1 0
534690 1 4 120 3 1
69623 1 3 121 1 0
70640 1 4 121 3 0
153300 1 4 121 1 0
155506 0 6 121 1 0
204677 1 2 121 3 0
237577 1 5 121 1 0
242164 1 4 121 2 1
339215 0 6 121 4 0
381188 1 4 121 3 0
381514 0 6 121 1 0
381515 1 3 121 1 1
381962 0 6 121 4 0
402663 1 2 121 3 0
459932 0 6 121 3 0
496582 0 6 121 1 0
497940 1 3 121 1 0
498050 1 4 121 3 0
534713 0 6 121 1 0
534790 0 6 121 1 0
69690 0 6 122 3 0
69767 1 2 122 3 0
69878 0 6 122 3 1
70532 0 6 122 1 0
71204 1 2 122 3 0
90651 0 6 122 1 0
154586 0 6 122 1 0
238570 1 3 122 1 0
382021 0 6 122 0 0
382042 0 6 122 0 0
398397 1 3 122 3 0
496931 1 4 122 1 0
497760 1 3 122 3 0
497941 0 6 122 2 0
497966 0 6 122 0 0
498195 0 6 122 1 0
498216 0 6 122 3 0
498486 0 6 122 1 0
533925 0 6 122 1 0
534139 1 3 122 3 0
534162 1 3 122 4 1
534165 1 2 122 1 0
534849 0 6 122 1 0
534890 1 2 122 1 0
535355 1 4 122 1 0
14376 1 3 123 2 0
69865 1 5 123 1 1
70094 0 6 123 3 0
116395 0 6 123 2 0
122815 0 6 123 3 0
176224 0 6 123 1 0
237371 0 6 123 1 0
237499 0 6 123 1 0
238254 0 6 123 1 0
481085 0 6 123 2 0
493587 1 2 123 2 0
496474 1 4 123 1 0
497015 1 5 123 1 0
497091 1 3 123 3 0
497493 0 6 123 1 0
497720 1 3 123 1 0
497761 1 3 123 3 0
497942 0 6 123 3 0
498443 0 6 123 2 0
534371 0 6 123 1 0
534715 1 3 123 3 0
535067 0 6 123 1 0
535104 0 6 123 1 0
535139 0 6 123 1 0
535205 1 5 123 1 0
69687 0 6 124 1 0
70078 0 6 124 1 0
70093 1 3 124 3 0
87531 0 6 124 1 0
153302 1 4 124 3 0
204668 1 4 124 1 0
237239 1 4 124 4 0
237555 1 3 124 1 1
237949 1 3 124 3 0
238573 0 6 124 1 1
238689 1 4 124 1 0
241286 1 4 124 3 1
242094 1 4 124 2 0
381544 1 4 124 0 0
496561 1 2 124 1 0
533421 1 3 124 1 0
534679 1 4 124 1 0
534842 0 6 124 1 0
534919 1 1 124 1 0
534961 0 6 124 1 0
535174 1 3 124 1 0
535404 0 6 124 1 0
538410 0 6 124 3 0
70051 0 6 125 1 0
71202 1 3 125 1 0
90652 0 6 125 1 0
133442 1 2 125 3 0
138571 1 3 125 3 0
237090 0 6 125 1 0
246161 1 4 125 3 0
388881 1 4 125 3 1
496476 0 6 125 3 0
496820 0 6 125 3 0
496846 1 2 125 4 1
496974 1 3 125 1 0
497203 1 4 125 1 0
497492 1 2 125 1 0
498336 0 6 125 1 0
498422 0 6 125 1 0
533983 1 3 125 1 0
534299 0 6 125 4 1
534841 0 6 125 0 0
534850 0 6 125 1 0
534935 0 6 125 4 1
535065 0 6 125 0 0
535066 0 6 125 1 0
535141 1 2 125 3 0
535359 0 6 125 3 1
535360 1 3 125 3 0
69766 0 6 126 2 0
69868 1 4 126 3 0
91125 0 6 126 1 0
155505 1 4 126 1 0
155509 0 6 126 3 0
237780 0 6 126 1 0
238007 0 6 126 1 0
238266 0 6 126 1 0
238455 1 3 126 3 0
238571 0 6 126 1 0
238572 0 6 126 1 0
242241 0 6 126 3 0
242369 0 6 126 3 0
366635 1 5 126 3 0
382022 0 6 126 1 0
397840 0 6 126 3 0
398398 1 4 126 3 1
493586 1 3 126 2 0
496493 0 6 126 1 0
496581 0 6 126 1 0
496709 1 4 126 1 0
497329 1 5 126 1 1
497938 0 6 126 3 0
497968 1 2 126 1 0
534463 0 6 126 1 0
534852 0 6 126 1 0
535101 0 6 126 1 0
535138 1 4 126 1 0
69969 0 6 127 3 0
70805 1 3 127 1 0
200044 0 6 127 3 0
237355 1 4 127 3 0
237375 0 6 127 3 0
238169 1 2 127 1 1
238256 1 4 127 3 0
241285 1 3 127 3 0
246152 0 6 127 1 0
249689 1 4 127 2 0
433867 0 6 127 3 0
446536 0 6 127 3 0
497130 1 4 127 3 0
498004 1 2 127 1 0
533424 1 4 127 2 1
533562 1 5 127 1 0
533611 0 6 127 1 1
533617 0 6 127 1 0
533909 0 6 127 1 0
533985 0 6 127 1 0
534250 0 6 127 3 1
534844 0 6 127 3 0
535107 1 2 127 3 0
535356 1 3 127 1 0
535405 1 4 127 1 0
70047 0 6 128 1 0
70089 1 3 128 1 0
136182 1 2 128 3 0
145486 0 6 128 2 0
200048 1 3 128 2 0
237029 0 6 128 1 0
237104 0 6 128 1 0
238277 1 3 128 1 0
238574 0 6 128 2 0
238575 0 6 128 3 1
246155 0 6 128 3 0
381595 1 2 128 1 0
388878 1 3 128 2 0
442294 1 4 128 3 0
498224 0 6 128 1 0
498285 1 2 128 1 0
533962 1 3 128 0 0
534462 0 6 128 1 0
534558 1 3 128 1 0
534834 0 6 128 3 0
535137 0 6 128 1 1
535271 0 6 128 1 0
535311 0 6 128 1 0
69701 0 6 129 1 0
69824 0 6 129 1 0
70079 1 3 129 3 0
70277 0 6 129 1 1
70585 0 6 129 2 0
139108 1 4 129 4 0
146534 1 4 129 3 0
163291 1 3 129 2 0
237159 0 6 129 1 0
246160 1 3 129 3 0
250723 0 6 129 0 0
264621 1 3 129 3 0
332488 0 6 129 2 0
496496 0 6 129 3 0
496497 1 3 129 3 0
497016 0 6 129 1 0
497164 0 6 129 3 0
497496 1 4 129 3 0
497969 0 6 129 1 0
497992 1 4 129 3 1
533561 1 3 129 1 0
533966 0 6 129 3 0
535132 0 6 129 3 0
535136 0 6 129 1 0
535357 0 6 129 1 0
17975 1 3 130 3 0
237160 0 6 130 3 0
237644 0 6 130 1 0
237675 0 6 130 3 0
238465 0 6 130 1 0
238582 1 4 130 3 0
238685 1 5 130 1 0
242957 1 2 130 3 0
245245 0 6 130 1 0
246153 1 3 130 1 0
446535 0 6 130 3 0
497216 1 4 130 3 0
497421 1 4 130 2 0
497491 0 6 130 1 0
497972 1 3 130 0 0
533700 0 6 130 1 0
533856 1 4 130 1 1
534249 1 4 130 3 0
534454 0 6 130 1 0
534650 1 3 130 1 0
534793 1 2 130 1 0
535140 0 6 130 2 0
535198 1 3 130 3 0
535358 0 6 130 2 0
18697 0 6 131 1 0
69696 1 4 131 1 0
70121 1 3 131 1 0
70279 1 3 131 3 0
146532 1 3 131 1 0
237494 0 6 131 1 0
238464 1 4 131 1 0
238561 1 2 131 1 0
366636 0 6 131 3 0
381597 0 6 131 3 0
496495 0 6 131 2 1
497165 1 3 131 3 0
497594 0 6 131 1 0
497934 1 5 131 1 0
497996 1 3 131 3 0
533645 0 6 131 1 0
533832 0 6 131 1 0
533964 1 2 131 1 1
533987 0 6 131 3 0
534705 1 3 131 1 0
534726 1 4 131 1 0
534787 0 6 131 1 0
535260 0 6 131 1 0
58483 0 6 132 3 1
70276 1 3 132 0 0
236947 1 3 132 1 0
238008 1 4 132 1 0
246151 1 3 132 0 0
388882 0 6 132 0 0
496822 1 4 132 1 0
497131 0 6 132 3 0
497641 0 6 132 1 0
498286 0 6 132 3 1
528851 0 6 132 2 0
533616 1 3 132 1 0
533905 1 4 132 1 0
533982 0 6 132 0 0
534147 0 6 132 1 0
534729 0 6 132 1 1
534794 1 4 132 1 0
534882 1 4 132 1 0
534942 0 6 132 3 0
535179 1 3 132 0 1
535272 1 3 132 1 0
69811 1 3 133 0 0
70080 0 6 133 3 1
70742 0 6 133 1 0
71035 0 6 133 1 0
71260 1 3 133 1 0
145768 1 3 133 1 0
163174 0 6 133 4 1
237105 0 6 133 1 0
241563 0 6 133 3 0
264620 0 6 133 3 0
365631 0 6 133 4 1
497991 0 6 133 3 0
533484 1 2 133 1 0
533563 1 2 133 3 0
533647 1 3 133 3 0
533806 0 6 133 1 0
533917 1 2 133 1 0
533930 1 3 133 1 0
533950 1 3 133 1 0
534077 0 6 133 1 0
534287 1 4 133 1 1
534423 0 6 133 1 0
534543 0 6 133 1 1
534651 1 3 133 1 0
534700 0 6 133 1 0
534706 0 6 133 1 0
534796 0 6 133 1 0
535074 1 4 133 4 0
535129 1 4 133 1 0
58479 0 6 134 3 0
70819 0 6 134 1 0
237598 0 6 134 1 0
238010 0 6 134 3 0
242958 0 6 134 0 0
250095 0 6 134 3 0
428618 0 6 134 3 0
496787 0 6 134 1 0
496825 1 4 134 3 1
497495 0 6 134 3 1
497532 0 6 134 1 0
533733 0 6 134 4 0
533896 1 4 134 1 0
533913 0 6 134 1 0
533965 1 4 134 1 0
534078 0 6 134 2 0
534355 1 3 134 4 1
534707 0 6 134 1 1
535181 0 6 134 1 0
69622 0 6 135 1 1
69812 1 2 135 0 0
69852 1 4 135 1 0
70312 0 6 135 4 1
70381 0 6 135 1 0
70806 0 6 135 1 0
146336 0 6 135 1 0
207231 1 2 135 3 0
236930 1 3 135 3 0
237210 0 6 135 1 0
237954 1 3 135 3 0
238066 0 6 135 1 0
238129 0 6 135 1 0
245246 1 3 135 1 0
246154 0 6 135 1 0
497359 0 6 135 3 0
533618 1 2 135 1 0
533804 0 6 135 0 0
533809 0 6 135 3 0
533952 0 6 135 3 0
534703 0 6 135 3 0
534711 0 6 135 4 0
534795 1 2 135 1 0
534797 1 4 135 3 0
535255 1 4 135 1 0
54892 1 2 136 4 1
66446 0 6 136 3 0
70400 0 6 136 1 0
71262 1 4 136 3 0
146555 1 4 136 1 0
237955 1 3 136 3 0
238560 1 4 136 1 0
343851 1 4 136 3 0
497030 0 6 136 3 0
497667 0 6 136 1 0
497935 1 4 136 1 0
533655 1 4 136 1 0
533727 0 6 136 1 0
533862 1 3 136 1 0
534191 0 6 136 4 1
534220 1 4 136 1 0
534248 0 6 136 1 0
534288 1 2 136 2 0
534307 1 3 136 0 0
534444 1 2 136 3 0
534712 1 3 136 4 0
535176 1 3 136 3 0
55395 0 6 137 1 0
69853 1 3 137 3 0
71005 1 2 137 2 1
71374 1 4 137 1 0
72889 0 6 137 3 0
145584 1 4 137 1 0
145766 0 6 137 1 0
145767 1 4 137 1 0
222836 1 3 137 3 0
238062 1 3 137 0 0
365632 1 4 137 4 1
496826 1 3 137 1 0
514147 1 4 137 3 0
517149 0 6 137 3 0
533566 0 6 137 1 0
533728 0 6 137 1 1
533895 0 6 137 1 0
534515 1 4 137 1 0
55390 0 6 138 1 0
69785 0 6 138 1 0
70614 1 3 138 3 0
70807 1 5 138 1 0
70960 0 6 138 1 0
71022 0 6 138 1 1
145769 0 6 138 1 0
237208 0 6 138 1 0
245247 0 6 138 1 0
325745 1 3 138 3 1
343849 1 3 138 3 0
496932 0 6 138 1 0
533805 0 6 138 0 0
533867 0 6 138 2 0
534382 1 3 138 1 0
534425 1 3 138 2 0
534578 0 6 138 3 0
534702 0 6 138 3 0
534746 0 6 138 1 0
535254 1 3 138 0 1
55388 0 6 139 1 0
58283 1 3 139 3 0
70630 0 6 139 1 0
71331 1 3 139 1 0
207232 0 6 139 3 0
236998 0 6 139 0 0
238709 0 6 139 1 0
246885 0 6 139 1 0
340313 0 6 139 3 0
497791 0 6 139 3 0
533754 0 6 139 3 0
534216 1 4 139 1 0
534253 1 4 139 1 0
534449 0 6 139 3 0
534987 1 4 139 1 0
535094 1 4 139 3 0
69704 1 3 140 1 0
70938 0 6 140 1 0
71105 1 4 140 1 0
71217 1 3 140 4 0
146337 1 3 140 1 1
212744 1 4 140 2 0
237409 0 6 140 1 0
533518 0 6 140 3 0
534301 0 6 140 1 0
534428 1 3 140 2 0
535363 0 6 140 1 0
145566 1 5 141 1 0
145795 0 6 141 1 0
146647 0 6 141 1 0
167394 0 6 141 3 0
238065 1 2 141 1 0
238712 1 4 141 1 0
497799 1 3 141 3 0
533801 1 4 141 3 0
534300 1 3 141 1 0
534442 0 6 141 0 0
534786 0 6 141 1 0
558166 0 6 141 2 1
69008 0 6 142 3 0
70203 1 5 142 4 0
71007 0 6 142 3 0
71034 1 3 142 1 0
71104 0 6 142 0 0
237410 0 6 142 3 0
238067 1 2 142 3 0
533577 1 4 142 1 0
533725 0 6 142 1 0
533770 1 3 142 1 0
534217 0 6 142 1 0
534424 0 6 142 2 1
534617 1 3 142 1 0
534728 0 6 142 3 0
534778 0 6 142 1 0
535100 0 6 142 1 0
558367 0 6 142 3 0
55640 0 6 143 1 0
69705 1 4 143 3 0
70007 0 6 143 1 1
70405 1 3 143 1 0
71021 0 6 143 1 0
71190 0 6 143 1 0
71330 0 6 143 1 0
146727 0 6 143 1 0
237322 1 5 143 1 0
496683 0 6 143 1 1
534383 1 3 143 1 0
534730 1 3 143 1 0
535099 1 5 143 1 0
69537 0 6 144 1 0
70011 0 6 144 3 0
70241 0 6 144 1 0
70793 0 6 144 1 0
71023 1 3 144 2 0
71236 0 6 144 1 0
88870 1 3 144 3 0
146338 0 6 144 3 0
533582 1 2 144 3 0
533807 1 4 144 1 0
535362 1 2 144 0 0
558792 0 6 144 3 0
69991 0 6 145 2 0
70397 1 4 145 1 0
70873 0 6 145 1 0
70971 0 6 145 1 0
71188 1 3 145 1 0
71261 0 6 145 1 0
76807 0 6 145 3 0
146646 0 6 145 0 0
153906 0 6 145 2 0
237767 1 3 145 4 1
533438 1 3 145 1 0
533593 1 3 145 1 0
533880 1 3 145 4 1
534205 0 6 145 1 0
534229 0 6 145 1 0
534255 1 4 145 2 0
534500 1 4 145 1 0
534732 1 3 145 3 0
535102 0 6 145 3 0
535212 1 3 145 3 0
69540 1 2 146 3 0
69597 0 6 146 1 0
70288 1 3 146 2 0
70398 1 3 146 3 0
70714 0 6 146 1 0
71020 1 2 146 0 0
118104 0 6 146 2 1
237085 0 6 146 3 1
237234 0 6 146 2 0
238034 1 4 146 1 0
238068 0 6 146 3 0
272360 0 6 146 3 0
533439 0 6 146 1 0
533581 0 6 146 1 0
533771 1 2 146 2 0
534058 0 6 146 1 0
534616 0 6 146 0 0
534731 1 3 146 3 0
535098 1 3 146 1 1
558366 0 6 146 3 0
55639 1 2 147 1 0
70364 1 4 147 1 0
70531 0 6 147 1 1
70973 1 4 147 3 1
71271 0 6 147 4 0
238035 1 4 147 1 1
238425 1 4 147 1 0
243144 0 6 147 3 0
270125 1 3 147 3 0
384953 0 6 147 3 1
479377 1 3 147 3 0
497800 1 3 147 3 0
533591 0 6 147 1 0
533904 1 4 147 1 0
533944 1 4 147 3 0
534698 1 4 147 1 0
535051 1 4 147 1 0
535296 0 6 147 1 0
535367 0 6 147 3 1
548850 1 5 147 2 0
557349 1 4 147 2 0
63234 0 6 148 3 0
69686 0 6 148 1 0
69749 0 6 148 3 0
70010 0 6 148 1 0
70012 1 2 148 3 0
70404 0 6 148 1 0
70545 1 2 148 3 0
70643 0 6 148 4 1
70902 0 6 148 1 0
71019 1 5 148 0 0
71067 1 4 148 1 0
71155 1 2 148 1 0
238426 1 3 148 1 0
532375 0 6 148 2 0
533907 1 2 148 3 0
533999 0 6 148 1 0
534568 0 6 148 4 0
535105 0 6 148 1 0
535326 1 3 148 1 0
69565 1 3 149 1 0
69595 0 6 149 1 0
70008 0 6 149 1 0
70009 1 3 149 1 0
70013 1 2 149 2 0
70900 1 3 149 4 0
71156 0 6 149 3 0
71358 1 3 149 1 0
237860 1 4 149 3 0
238260 0 6 149 1 0
272354 0 6 149 3 0
479378 0 6 149 3 0
498239 1 2 149 1 0
533444 1 5 149 1 0
533479 0 6 149 1 0
533951 0 6 149 1 0
534059 1 3 149 3 0
534691 1 2 149 1 0
534696 1 5 149 4 0
534718 1 3 149 1 0
534818 0 6 149 3 0
535225 0 6 149 2 0
535329 1 2 149 1 0
535364 1 3 149 1 0
542281 0 6 149 3 0
69560 0 6 150 1 0
69829 1 4 150 1 0
69862 0 6 150 2 0
70189 1 2 150 3 0
70504 0 6 150 4 1
70544 1 2 150 2 0
70713 0 6 150 0 0
237153 0 6 150 4 0
413172 0 6 150 2 0
533546 1 3 150 1 0
534000 0 6 150 1 0
534002 0 6 150 3 0
534206 1 3 150 1 0
535004 1 3 150 1 0
535265 1 4 150 4 0
535328 0 6 150 1 0
535330 0 6 150 2 1
69750 0 6 151 3 0
70019 0 6 151 3 0
70243 1 4 151 1 0
70632 0 6 151 1 0
71070 1 5 151 1 0
151240 1 3 151 3 0
236872 1 3 151 1 0
257959 1 3 151 3 1
272353 1 3 151 3 0
356937 0 6 151 3 0
533400 1 2 151 1 0
533480 0 6 151 1 0
533481 0 6 151 2 0
534719 0 6 151 1 0
535327 0 6 151 1 0
535331 1 4 151 3 0
543371 1 3 151 3 0
70383 0 6 152 3 0
70956 1 4 152 1 0
237084 1 4 152 4 1
238036 0 6 152 3 0
272352 1 3 152 1 0
498238 1 3 152 1 0
534569 1 3 152 4 0
534694 0 6 152 3 0
534779 1 5 152 1 0
535150 0 6 152 1 0
69744 0 6 153 0 0
69795 1 2 153 1 0
69863 0 6 153 3 0
69964 0 6 153 3 0
70015 1 3 153 2 0
70029 0 6 153 1 0
70096 0 6 153 4 1
70172 0 6 153 3 0
70370 0 6 153 3 0
71146 0 6 153 1 0
71154 0 6 153 1 0
236869 0 6 153 4 0
533401 1 3 153 3 0
533446 0 6 153 3 1
533963 1 5 153 1 0
534137 1 3 153 1 0
534422 0 6 153 1 0
534693 0 6 153 2 0
534922 1 3 153 1 0
535171 1 4 153 3 1
535291 1 3 153 1 0
535365 1 4 153 1 0
69689 1 3 154 3 0
69745 0 6 154 1 0
70016 1 4 154 1 0
70244 0 6 154 3 1
71089 1 3 154 1 0
249826 0 6 154 3 0
272627 1 3 154 1 0
382386 1 3 154 2 0
494373 1 2 154 4 1
498109 0 6 154 1 0
532374 0 6 154 1 0
533572 0 6 154 1 0
534113 0 6 154 1 0
534437 1 4 154 1 0
534627 0 6 154 1 0
535006 0 6 154 2 0
535081 0 6 154 1 0
535199 0 6 154 3 0
535337 0 6 154 3 0
535402 0 6 154 1 1
535412 0 6 154 3 0
69747 0 6 155 1 0
69915 0 6 155 3 0
127074 1 4 155 3 1
237089 1 2 155 4 0
238512 1 4 155 1 0
273901 0 6 155 3 0
533669 0 6 155 1 0
534104 0 6 155 1 0
534915 1 4 155 1 0
543370 1 3 155 1 0
48295 0 6 156 2 0
69538 0 6 156 1 1
69564 1 4 156 1 0
70006 1 2 156 3 0
71068 1 4 156 1 0
71153 0 6 156 0 0
238513 0 6 156 1 0
273486 1 4 156 3 0
381282 1 4 156 4 0
498113 0 6 156 2 1
509335 1 3 156 3 0
532293 0 6 156 3 1
534106 0 6 156 1 0
534254 1 4 156 1 0
535008 0 6 156 3 0
69748 1 2 157 1 0
70860 1 4 157 3 0
70982 0 6 157 1 0
71189 0 6 157 1 0
127070 0 6 157 1 0
237849 0 6 157 1 0
272629 0 6 157 3 1
273473 1 3 157 1 0
356936 1 4 157 3 0
477073 0 6 157 3 0
490499 1 3 157 3 0
496616 0 6 157 1 0
516416 1 4 157 3 0
531449 0 6 157 4 0
533638 0 6 157 4 1
534115 0 6 157 3 0
534136 0 6 157 1 0
535409 0 6 157 1 0
543373 0 6 157 1 0
69556 1 3 158 1 0
71088 0 6 158 1 0
72452 0 6 158 3 0
127072 0 6 158 2 0
127077 0 6 158 2 0
127741 1 3 158 4 1
272625 1 3 158 3 0
273474 1 4 158 1 0
273485 0 6 158 1 0
496786 0 6 158 1 0
498114 0 6 158 3 0
500024 1 3 158 3 0
516417 0 6 158 3 0
532376 1 4 158 3 0
534047 1 2 158 1 0
534105 0 6 158 1 0
534107 1 2 158 3 1
534132 1 5 158 1 0
542858 0 6 158 1 1
543229 1 3 158 1 1
70100 1 3 159 2 0
71069 1 4 159 1 0
256564 0 6 159 2 1
273472 0 6 159 1 0
434667 1 3 159 2 1
465207 0 6 159 3 0
477074 0 6 159 3 0
533670 0 6 159 1 0
534256 0 6 159 3 0
542859 1 2 159 1 0
13885 0 6 160 3 0
69536 1 3 160 1 0
69746 0 6 160 1 0
273476 1 3 160 3 0
296333 1 4 160 4 0
496790 1 4 160 3 1
498110 1 3 160 1 0
531573 1 3 160 4 0
534103 0 6 160 1 0
535411 0 6 160 3 0
542722 1 4 160 1 0
543374 0 6 160 1 0
543375 0 6 160 1 1
69800 1 4 161 1 0
70004 0 6 161 1 0
70135 0 6 161 4 1
70851 0 6 161 1 0
127071 0 6 161 1 0
366564 0 6 161 3 0
477075 1 3 161 3 1
529772 0 6 161 3 1
531451 0 6 161 4 0
534252 0 6 161 1 0
544177 0 6 161 1 0
69648 1 4 162 1 0
70036 1 3 162 3 0
70098 0 6 162 1 0
238514 1 4 162 2 1
272143 0 6 162 1 0
490498 0 6 162 1 0
498111 1 3 162 1 0
534108 1 5 162 3 0
543372 1 5 162 0 0
543376 0 6 162 3 1
543602 1 3 162 1 0
70283 1 3 163 1 0
243663 1 3 163 2 0
256565 0 6 163 3 1
542856 0 6 163 3 0
542861 0 6 163 1 0
543576 1 3 163 1 0
70285 0 6 164 3 0
70612 1 2 164 1 0
70827 1 5 164 3 0
366563 1 3 164 2 0
432449 0 6 164 3 0
498529 1 4 164 1 0
532709 1 3 164 1 0
533826 1 4 164 1 0
542746 1 3 164 1 0
542865 1 3 164 1 0
542908 0 6 164 1 0
543549 0 6 164 1 0
543810 1 4 164 1 0
69647 1 2 165 0 0
70306 0 6 165 1 0
498112 1 4 165 2 1
542747 0 6 165 1 0
542748 0 6 165 1 0
543400 0 6 165 1 0
543921 1 2 165 3 0
544394 0 6 165 1 0
70035 0 6 166 2 1
128423 1 4 166 1 0
181338 0 6 166 3 0
498108 0 6 166 0 0
544179 0 6 166 3 0
69649 0 6 167 1 0
70282 0 6 167 1 0
272747 1 3 167 1 0
490785 0 6 167 1 0
542868 0 6 167 3 0
542909 0 6 167 1 0
543811 1 3 167 3 0
126947 1 3 168 1 1
543396 0 6 168 0 0
543550 1 3 168 1 0
70034 0 6 169 2 0
127093 0 6 169 1 0
128420 1 4 169 4 1
128422 0 6 169 1 0
273164 0 6 169 1 0
128424 1 2 170 3 0
181337 1 3 170 3 0
543033 0 6 170 1 0
543231 1 3 170 3 0
543548 0 6 170 0 0
543761 0 6 170 1 0
543818 1 2 170 3 0
544049 0 6 170 1 0
544149 0 6 170 3 0
409849 1 5 171 3 0
542672 1 3 171 1 0
543401 1 3 171 1 0
69651 1 3 172 3 0
70038 0 6 172 3 0
209006 1 3 172 2 0
542867 0 6 172 3 0
543402 0 6 172 3 0
543498 0 6 172 1 0
543812 0 6 172 3 0
543553 0 6 173 3 0
543615 1 3 173 1 0
543819 0 6 173 3 0
544279 1 3 173 1 0
544301 0 6 173 4 1
544350 1 5 173 1 0
544472 1 3 173 4 0
117725 0 6 174 2 0
127927 1 2 174 3 0
543501 0 6 174 1 0
476528 1 4 175 3 0
543403 0 6 175 3 0
543816 0 6 175 0 0
542673 1 3 176 1 0
543499 1 3 176 1 1
543872 0 6 176 3 0
543985 0 6 176 3 0
542669 0 6 177 0 0
543497 0 6 177 0 0
543502 1 2 177 3 0
543503 0 6 177 3 0
543614 1 2 177 0 0
544311 1 2 177 3 0
543661 0 6 178 1 0
543694 0 6 178 4 0
543817 0 6 178 0 0
543867 0 6 179 4 0
543873 1 2 179 3 0
544158 1 3 179 0 1
446147 0 6 180 4 1
542675 1 3 180 3 0
543336 0 6 180 1 0
544234 1 3 180 3 0
544300 0 6 180 4 0
507698 0 6 181 3 0
542671 0 6 181 1 0
543684 1 3 181 1 0
544308 0 6 181 1 0
543809 1 3 183 0 0
542660 0 6 184 4 1
542661 0 6 184 0 0
542670 1 3 184 1 0
543814 0 6 184 3 1
445863 1 3 185 3 0
542674 1 2 185 3 0
543166 1 3 186 4 0
547620 0 6 186 3 0
445856 0 6 187 4 1
544309 1 3 187 2 0
445861 0 6 188 2 0
276956 0 6 189 2 0
501083 0 6 191 3 0
