559326 1 3 3 0
233713 1 3 3 3
433029 1 4 2 4
318361 1 4 2 1
281898 1 4 2 1
214792 1 4 2 1
18354 1 4 2 3
214790 0 4 5 1
281900 0 4 5 1
318359 0 4 5 1
318360 0 4 5 1
100586 1 5 1 1
49054 1 5 1 3
100587 0 5 5 1
100588 0 5 5 1
100589 0 5 5 1
100586 0 6 5 3
100587 0 6 5 3
100588 0 6 5 3
560292 0 6 5 4
317986 1 7 3 1
84750 1 7 2 4
229296 1 8 2 1
356119 1 8 1 2
317988 1 8 5 1
227886 1 10 3 1
227885 0 10 5 1
227888 0 10 5 1
227889 0 10 5 1
356120 1 12 3 2
229062 0 13 5 1
229063 0 13 5 1
57090 0 14 5 3
57091 0 14 5 3
57093 0 14 5 3
229580 1 16 3 1
229672 1 16 2 1
228393 1 16 2 4
229315 1 17 3 1
190298 1 17 3 3
384593 1 17 2 3
356116 1 17 1 1
57090 0 17 5 3
57091 0 17 5 3
57092 0 17 5 3
57094 0 17 5 3
356117 0 17 5 1
354569 1 18 3 1
190674 1 18 3 1
228509 1 18 2 3
229316 1 18 5 1
229317 1 18 5 1
229308 1 19 1 1
190672 1 19 5 1
229310 0 19 5 1
228704 1 20 2 3
228703 0 20 5 3
229818 1 21 2 4
229972 1 21 1 1
170686 1 21 1 3
229971 0 21 5 1
229974 0 21 5 1
229657 1 22 2 0
229659 0 22 5 0
229661 0 22 6 0
229660 1 23 2 1
229681 1 24 2 3
229680 0 24 5 3
190670 1 27 1 3
190671 0 27 5 3
228377 1 28 3 1
288810 1 28 2 2
228090 1 28 1 1
228092 0 28 5 1
228376 0 28 5 1
190584 1 31 4 3
228715 1 31 3 1
228379 0 32 5 1
227916 1 33 1 1
228125 1 34 1 1
228127 0 34 5 1
229764 1 35 3 1
229767 0 35 5 1
229089 1 36 3 1
229090 0 36 5 1
228445 1 37 3 3
228443 0 37 5 3
228444 0 37 5 3
134008 1 39 2 3
228973 1 39 1 1
134005 0 39 5 3
134006 0 39 5 3
134007 0 39 5 3
228974 0 39 5 1
320029 1 40 2 3
134004 0 44 5 3
134005 0 44 5 3
134008 0 44 5 3
134003 0 45 5 1
321254 1 51 3 4
134004 1 51 1 1
134008 0 51 5 1
134224 1 56 2 0
134006 1 56 0 1
134225 0 56 5 0
134226 0 56 5 0
134486 1 57 3 0
134489 0 57 5 0
132866 1 61 1 2
132865 0 61 6 2
134485 1 62 3 0
134490 0 62 5 0
132744 1 64 3 1
132746 0 64 5 1
132864 0 64 5 2
132866 0 64 5 2
133177 0 70 5 3
133178 0 70 5 3
133466 0 71 13 4
379364 1 74 2 3
379362 0 74 5 3
379363 0 74 5 3
