478644 1 3 3 1
147625 1 3 3 3
147623 0 3 3 3
147626 0 3 3 3
478643 0 3 3 1
478645 0 3 3 1
457051 1 4 2 3
317846 1 4 2 4
277067 1 4 2 4
229070 1 4 2 3
229065 0 4 3 3
229068 0 4 3 3
229069 0 4 3 3
277066 0 4 3 4
457047 0 4 3 3
457048 0 4 3 3
457050 0 4 3 3
34698 1 5 4 1
477442 1 6 4 1
478738 1 6 3 1
333111 1 6 2 1
34699 1 6 3 1
34700 1 6 3 1
34701 1 6 3 1
478644 1 6 3 1
478646 1 6 3 1
478741 0 6 3 1
229067 1 7 2 2
477443 1 7 3 1
537636 1 8 2 1
33516 1 8 2 1
477537 1 8 1 1
179242 1 8 1 2
33515 0 8 3 1
33517 0 8 3 1
33518 0 8 3 1
179239 0 8 3 2
179240 0 8 3 2
179241 0 8 3 2
199976 1 9 2 3
199974 0 9 3 3
1722 1 10 3 2
1728 1 10 1 2
1721 0 10 3 2
1726 0 10 3 2
1729 0 10 3 2
1730 0 10 3 2
332880 0 10 3 1
332882 0 10 3 1
478130 1 11 3 1
477484 1 11 1 1
34859 1 11 1 1
34860 0 11 3 1
478024 1 12 3 1
332679 1 12 3 3
333376 1 12 2 1
332680 0 12 3 3
333378 0 12 3 1
333379 0 12 3 1
478132 1 12 3 1
538953 1 13 3 1
332879 0 13 4 3
331820 0 13 4 3
1726 0 13 3 3
1728 0 13 3 3
1730 0 13 3 3
331821 0 13 3 1
332877 0 13 3 1
332880 0 13 3 1
332882 0 13 3 1
332883 0 13 4 1
538954 0 13 3 1
538951 0 13 3 1
538954 0 13 3 1
332956 1 14 3 3
332068 1 14 3 1
478012 1 14 2 3
332029 1 14 2 1
331824 0 14 3 3
332877 0 14 3 3
332880 0 14 3 3
332882 0 14 3 3
281388 0 15 13 3
478133 1 15 3 3
477457 1 15 2 1
332370 1 15 2 1
332289 1 15 2 1
332030 1 15 3 1
332031 1 15 3 1
332070 1 15 3 1
332371 0 15 3 1
332372 0 15 3 1
332373 0 15 3 1
332954 1 15 3 3
478074 1 16 4 1
333264 1 16 4 1
478923 1 16 3 1
272447 1 16 3 3
478740 1 16 2 3
332772 1 16 2 3
332228 1 16 2 1
333176 1 16 1 1
281387 1 16 3 3
332227 0 16 3 1
332229 0 16 3 1
332230 0 16 3 1
332291 1 16 3 1
332771 0 16 3 3
332773 0 16 3 3
478738 0 16 3 3
478741 0 16 3 3
478924 0 16 3 1
478926 0 16 3 1
478927 0 16 3 1
478928 0 16 3 1
164709 1 17 4 3
396181 1 17 2 1
332769 1 17 2 1
331879 1 17 2 1
331811 1 17 2 1
332374 1 17 1 4
272443 1 17 3 3
272445 1 17 3 3
272446 1 17 3 3
272449 1 17 3 3
331813 0 17 3 1
332375 0 17 3 4
332770 0 17 3 1
333266 1 17 3 1
396180 0 17 3 1
396182 0 17 3 1
478072 1 17 3 1
478076 1 17 3 1
478077 1 17 3 1
332574 1 18 3 1
333424 1 18 2 1
332786 1 18 2 1
332007 1 18 2 1
164707 1 18 3 3
164708 1 18 3 3
164710 1 18 3 3
332008 0 18 3 1
332575 0 18 3 1
332576 0 18 3 1
332785 0 18 3 1
538142 1 19 3 4
333414 1 19 3 1
478925 1 19 2 1
477973 0 19 4 3
331853 1 19 2 1
477456 1 19 1 1
332118 1 19 1 1
477457 0 19 3 1
477458 0 19 3 1
477459 0 19 3 1
477460 0 19 3 1
477974 0 19 4 1
477975 0 19 4 1
478923 0 19 3 1
478924 0 19 3 1
478928 0 19 3 1
396183 1 20 3 3
331815 1 20 3 1
332690 1 20 2 3
332290 1 20 2 2
332570 1 20 1 1
332291 0 20 3 2
332047 1 20 1 1
331854 1 20 3 1
331855 1 20 3 1
332007 0 20 3 1
332009 0 20 3 1
332048 0 20 3 1
332050 0 20 3 1
332289 0 20 3 2
332289 0 20 3 3
332571 0 20 3 1
333415 1 20 3 1
333417 1 20 3 1
396180 0 20 3 3
396182 0 20 3 3
477972 0 20 3 3
477972 0 20 3 3
477974 0 20 3 3
478514 1 21 4 0
333499 1 21 3 1
333420 1 21 3 1
336621 1 21 2 3
332120 1 21 2 1
538671 1 21 1 4
332992 1 21 1 1
332119 0 21 3 1
332122 0 21 3 1
332991 0 21 3 1
332994 0 21 3 1
333419 0 21 3 1
333421 0 21 3 1
333422 0 21 3 1
333495 0 21 3 1
333496 0 21 3 1
333497 0 21 3 1
333498 0 21 3 1
333501 0 21 3 1
336618 0 21 3 3
336619 0 21 3 3
331741 1 22 4 3
547220 1 22 3 3
537719 1 22 3 3
332598 1 22 3 1
478924 1 22 2 1
333242 1 22 2 1
332969 1 22 2 1
332226 0 22 3 3
332227 0 22 3 3
332228 0 22 3 3
332971 0 22 3 1
333244 0 22 3 1
333245 0 22 3 1
478923 0 22 3 1
478926 0 22 3 1
478928 0 22 3 1
547218 0 22 3 3
547219 0 22 3 3
332217 1 23 4 1
477720 1 23 3 1
333489 1 23 3 1
332698 1 23 3 0
332076 1 23 2 3
331816 1 23 2 3
333133 1 23 1 3
331995 1 23 1 1
331740 1 23 3 3
331814 0 23 3 3
331815 0 23 3 3
331994 0 23 3 1
331996 0 23 3 1
331997 0 23 3 1
332157 0 23 3 1
332159 0 23 3 1
332156 0 23 5 1
332158 0 23 3 1
333487 0 23 3 1
477719 0 23 3 1
477721 0 23 3 1
477723 0 23 3 1
477724 0 23 3 1
537717 1 23 3 3
478669 1 24 3 1
477887 1 24 3 1
332563 1 24 3 1
477769 1 24 2 1
333498 1 24 1 1
332206 0 24 3 2
332208 0 24 3 2
332218 1 24 3 1
332219 1 24 3 1
332561 0 24 3 1
332562 0 24 3 1
332564 0 24 3 1
333495 0 24 3 1
333497 0 24 3 1
333499 0 24 3 1
333500 0 24 3 1
333501 0 24 3 1
477768 0 24 3 1
477888 0 24 3 1
478027 0 24 3 3
332749 1 25 3 0
331960 1 25 3 1
547219 1 25 2 2
538438 1 25 2 2
333377 1 25 2 1
332599 1 25 2 3
333100 1 25 1 1
331959 0 25 3 1
331962 0 25 3 1
331963 0 25 3 1
331994 0 25 3 3
331995 0 25 3 3
331998 0 25 3 3
332750 0 25 3 0
332752 0 25 3 0
333104 0 25 3 1
333342 0 25 3 1
333344 0 25 3 1
333346 0 25 3 1
333496 0 25 3 3
478668 1 25 3 1
538439 0 25 3 2
538905 1 26 3 1
477437 1 26 3 1
331777 1 26 3 1
332820 1 26 2 1
477439 0 26 3 1
477441 0 26 3 1
538906 0 26 3 1
478077 1 27 3 3
175399 1 27 3 1
546606 1 27 2 1
478286 1 27 2 1
332034 1 27 2 3
331817 1 27 2 3
331742 1 27 2 3
547567 1 27 1 3
477530 1 27 1 1
331740 0 27 3 3
331775 1 27 3 1
331778 1 27 3 1
477529 0 27 3 1
477531 0 27 3 1
477532 0 27 3 1
478071 0 27 3 3
478073 0 27 3 3
478076 0 27 3 3
331901 1 28 4 1
332751 1 28 3 3
332580 1 28 3 1
321400 1 28 3 0
94497 1 28 3 3
537833 1 28 2 3
332331 1 28 2 4
538439 1 28 1 3
479042 1 28 1 1
337542 1 28 1 3
321402 0 28 3 0
321403 0 28 3 0
321404 0 28 3 0
321405 0 28 3 0
332332 0 28 3 4
332582 0 28 3 1
332749 0 28 3 3
337541 0 28 3 3
537832 0 28 3 3
538438 0 28 3 3
333410 1 29 3 1
333128 1 29 3 1
332459 1 29 2 1
477807 1 29 1 1
332460 0 29 3 1
332461 0 29 3 1
332462 0 29 3 1
332564 0 29 3 1
332565 0 29 3 1
333411 0 29 3 1
477806 0 29 3 1
365499 1 30 3 3
338423 1 30 3 3
333342 1 30 3 1
333169 1 30 3 1
333460 1 30 2 1
333225 1 30 2 1
332124 1 30 2 1
66807 1 30 2 3
66806 0 30 3 3
66808 0 30 3 3
332123 0 30 3 1
332126 0 30 3 1
333171 0 30 3 1
333172 0 30 3 1
333173 0 30 3 1
333210 0 30 3 1
333211 0 30 3 1
333213 0 30 3 1
333214 0 30 3 1
333227 0 30 3 1
333228 0 30 3 1
333461 0 30 3 1
333381 1 31 3 0
332567 1 31 3 1
478324 1 31 2 1
382704 1 31 2 4
331913 1 31 1 1
331776 1 31 1 1
331775 0 31 3 1
331777 0 31 3 1
331912 0 31 3 1
331914 0 31 3 1
332568 0 31 3 1
332798 0 31 3 1
332800 0 31 4 1
332802 0 31 3 1
382702 0 31 3 4
382703 0 31 3 4
332801 1 32 4 2
332460 1 32 4 3
332799 0 32 3 3
332459 0 32 3 1
332461 0 32 5 1
332463 0 32 3 1
299491 1 33 3 3
173210 1 33 1 3
299492 0 33 3 3
332459 1 33 3 3
332462 1 33 3 3
332463 1 33 3 3
332798 1 33 3 2
332799 1 33 3 2
332802 1 33 3 2
322491 1 34 4 1
113374 1 34 3 3
66805 1 34 3 1
477867 1 34 2 0
334211 1 34 1 2
66804 0 34 3 1
113373 0 34 3 3
477868 0 34 3 0
477870 0 34 3 0
430386 1 35 3 3
332569 1 35 2 3
298152 0 35 3 3
332566 0 35 3 3
332567 0 35 3 3
332806 0 35 3 1
430384 0 35 3 3
477869 1 36 2 1
304070 1 36 2 3
299498 1 36 1 2
80332 1 36 1 3
80329 0 36 3 3
80330 0 36 3 3
80331 0 36 3 3
80567 0 37 3 4
256883 0 37 3 2
256884 0 37 3 2
256885 0 37 3 2
304069 1 37 3 3
255033 1 38 1 3
258123 1 39 3 4
254753 1 40 3 3
323026 1 40 2 3
255029 1 40 1 3
254751 0 40 3 3
254752 0 40 3 3
258124 1 40 3 4
323024 0 40 3 3
30492 1 41 1 3
30490 0 41 3 3
30491 0 41 3 3
446045 1 42 2 3
446043 0 42 3 3
446044 0 42 3 3
350024 1 43 3 3
258124 1 43 2 4
258123 0 43 3 4
