5882 0 6 6 3 1
49186 1 2 6 3 0
114826 1 3 6 0 0
133738 0 6 6 3 0
189712 1 3 6 4 0
223274 1 2 6 1 0
252671 1 4 6 3 0
290155 0 6 6 3 0
342984 0 6 6 3 0
376202 1 5 6 2 1
387689 1 3 6 4 0
419736 0 6 6 4 0
431278 0 6 6 3 1
439280 0 6 6 3 0
451137 1 5 6 1 0
458382 0 6 6 1 0
459233 1 3 6 4 1
473573 0 6 6 4 1
492557 0 6 6 3 0
222932 1 4 7 1 0
223044 0 6 7 1 0
431277 0 6 7 1 1
113510 0 6 8 0 0
223275 0 6 8 3 0
439270 1 3 8 3 0
458381 0 6 8 1 0
114053 1 3 9 0 0
210361 1 4 9 3 0
222645 0 6 9 1 1
223493 1 3 9 1 0
49184 0 6 10 0 0
201031 1 3 10 3 1
223273 0 6 10 1 0
223531 0 6 10 1 0
402058 0 6 10 2 0
431279 1 3 10 3 0
222933 0 6 11 1 1
223494 0 6 11 1 0
439936 0 6 11 4 1
458385 0 6 11 2 0
517849 0 6 11 3 0
113511 0 6 12 1 0
115025 1 3 12 4 1
210356 0 6 12 0 0
222150 0 6 12 1 0
222644 1 2 12 1 0
511301 0 6 12 3 0
222152 1 2 13 3 0
222676 0 6 13 1 0
223005 0 6 13 1 0
223227 0 6 13 4 0
114417 0 6 14 3 0
222787 0 6 14 2 0
222935 0 6 14 3 0
479744 0 6 14 3 0
222086 0 6 15 1 0
222205 0 6 15 1 0
223033 1 5 15 1 0
223584 0 6 15 1 0
439937 0 6 15 4 1
114241 0 6 16 1 0
222592 1 4 16 1 0
222668 0 6 16 1 0
222675 0 6 16 1 0
222085 1 3 17 1 0
222669 1 3 17 1 0
20522 0 6 18 3 0
114239 0 6 18 1 0
221984 1 3 18 4 0
222677 0 6 18 3 0
226987 0 6 18 3 0
246461 0 6 18 3 0
221533 1 4 19 1 0
222591 0 6 19 1 0
223387 1 2 19 1 0
223583 0 6 19 1 0
479741 1 2 19 1 0
113951 1 2 20 1 0
222088 1 3 20 1 0
223101 1 5 20 1 0
114243 0 6 21 3 0
221803 1 3 21 1 0
222672 0 6 21 3 0
222697 1 3 21 1 1
222899 0 6 21 1 0
222956 1 2 21 1 0
223098 0 6 21 1 0
113647 0 6 22 4 0
114107 1 4 22 2 0
114240 0 6 22 1 0
114251 0 6 22 3 0
115339 0 6 22 1 0
221730 0 6 22 1 0
221862 0 6 22 1 0
222747 0 6 22 1 0
223103 0 6 22 3 1
223386 0 6 22 1 0
223389 0 6 22 3 0
246459 0 6 22 0 0
218026 0 6 23 2 0
221534 0 6 23 3 0
221700 0 6 23 1 0
221863 0 6 23 1 0
222225 0 6 23 1 0
222432 0 6 23 1 0
222738 0 6 23 1 0
223393 0 6 23 1 0
114728 1 3 24 1 0
221729 0 6 24 0 0
222730 0 6 24 1 0
222836 1 3 24 1 0
223488 0 6 24 3 1
479900 1 3 24 1 0
113946 0 6 25 1 0
114252 1 3 25 3 0
115538 0 6 25 1 0
222698 1 4 25 1 0
222837 1 4 25 3 0
113597 1 3 26 3 0
114013 1 4 26 1 0
114101 0 6 26 1 0
181285 1 3 26 1 0
222438 1 3 26 3 0
222835 1 3 26 1 0
223099 1 1 26 1 0
246462 0 6 26 0 0
479597 0 6 26 1 0
113600 0 6 27 1 0
114014 1 3 27 3 0
114105 0 6 27 3 1
181340 0 6 27 2 0
222221 1 3 27 3 0
222289 0 6 27 0 0
222737 1 5 27 1 0
222834 0 6 27 1 0
223076 0 6 27 1 0
223395 1 3 27 3 1
223530 1 3 27 3 1
23564 1 1 28 3 0
222236 1 4 28 4 0
222628 1 2 28 1 0
222700 0 6 28 3 0
222833 1 3 28 1 0
223047 1 2 28 3 0
337877 1 3 28 3 0
480812 0 6 28 1 0
113599 0 6 29 0 0
113813 1 5 29 3 0
114128 0 6 29 1 0
114729 0 6 29 1 0
115343 1 3 29 1 0
115539 0 6 29 1 0
115540 1 4 29 3 0
115541 0 6 29 3 1
218025 1 3 29 1 0
221481 1 4 29 4 0
222291 1 3 29 3 0
222855 0 6 29 1 0
222881 0 6 29 1 0
246566 0 6 29 0 0
479596 0 6 29 1 0
479600 0 6 29 1 0
479901 1 5 29 1 0
97169 1 2 30 3 0
113595 0 6 30 0 0
114054 0 6 30 1 0
114730 0 6 30 2 0
179934 1 3 30 1 0
181284 1 4 30 1 0
221926 1 2 30 1 0
222051 1 5 30 3 0
222894 0 6 30 1 1
261733 0 6 30 2 0
113732 0 6 31 1 0
114248 1 2 31 2 1
115471 0 6 31 1 0
131882 0 6 31 3 0
218034 1 4 31 3 0
218083 1 4 31 1 0
219118 1 4 31 1 0
219316 0 6 31 3 0
222290 1 4 31 2 0
222435 1 3 31 1 0
222838 0 6 31 3 1
404924 0 6 31 2 0
72320 1 4 32 3 0
98991 1 4 32 4 0
114055 0 6 32 1 0
180415 0 6 32 1 0
181341 1 3 32 2 0
219315 1 3 32 1 0
222627 1 4 32 1 0
114382 0 6 33 4 1
114506 0 6 33 1 0
114751 0 6 33 1 0
115344 1 3 33 1 0
218002 1 3 33 4 0
218950 0 6 33 1 0
221548 1 4 33 1 0
254433 0 6 33 2 0
267162 0 6 33 3 0
101134 1 4 34 3 0
113819 1 3 34 1 0
179935 0 6 34 1 0
179937 1 2 34 3 0
179964 0 6 34 1 1
181028 0 6 34 1 0
217983 0 6 34 2 1
218162 1 4 34 1 0
219093 0 6 34 1 0
222880 0 6 34 1 0
222890 0 6 34 1 0
426021 0 6 34 3 0
480540 0 6 34 4 0
181339 1 4 35 0 0
219318 1 4 35 3 0
221545 1 3 35 0 0
222069 0 6 35 1 1
222707 1 3 35 1 0
222886 1 3 35 0 1
480800 1 4 35 2 0
89320 0 6 36 3 0
113803 0 6 36 1 0
115346 0 6 36 3 0
218418 1 3 36 1 0
221550 0 6 36 2 0
222121 1 4 36 1 0
222702 1 4 36 1 0
222706 0 6 36 1 0
482264 0 6 36 3 0
503529 1 3 36 2 0
114360 1 4 37 1 0
114508 1 3 37 3 0
114884 1 4 37 4 0
181346 1 4 37 3 0
222122 0 6 37 1 0
222326 0 6 37 1 0
223303 0 6 37 1 0
113710 1 5 38 1 0
113821 0 6 38 3 0
179967 0 6 38 3 0
181261 1 3 38 1 0
218417 0 6 38 1 0
219092 0 6 38 0 0
222070 1 3 38 3 0
480211 1 2 38 1 0
480292 0 6 38 3 0
114205 1 5 39 1 0
114755 0 6 39 3 0
179966 0 6 39 3 1
180236 0 6 39 4 0
181318 1 3 39 1 0
192832 1 4 39 3 0
219094 0 6 39 3 0
222065 0 6 39 4 0
222123 0 6 39 1 0
222434 0 6 39 1 0
222840 0 6 39 1 0
222916 0 6 39 1 0
223112 0 6 39 1 0
481678 0 6 39 2 0
114621 0 6 40 4 1
114643 0 6 40 4 0
179485 0 6 40 3 0
222124 0 6 40 3 0
443569 0 6 40 2 0
114207 0 6 41 3 0
114361 1 4 41 1 0
115356 0 6 41 1 0
181263 0 6 41 2 0
181324 0 6 41 1 0
219095 1 2 41 3 1
222914 0 6 41 0 0
223110 1 2 41 0 0
223385 0 6 41 1 0
114985 1 3 42 3 0
179486 0 6 42 3 0
222646 0 6 42 1 0
480511 1 3 42 4 1
482389 1 4 42 3 0
114479 0 6 43 1 0
114752 0 6 43 1 0
115177 0 6 43 1 0
115245 1 4 43 3 0
218577 0 6 43 1 0
222416 1 3 43 1 0
222593 0 6 43 1 0
222866 1 3 43 1 0
222917 1 2 43 3 0
237046 0 6 43 3 0
263792 0 6 43 3 0
479249 1 3 43 1 0
480290 1 2 43 1 0
114204 1 3 44 1 0
114206 0 6 44 1 0
115193 0 6 44 1 0
115357 1 3 44 3 1
222294 0 6 44 1 0
222867 1 3 44 1 0
113729 0 6 45 2 0
218579 1 3 45 3 0
219120 0 6 45 3 0
221934 0 6 45 4 1
222115 0 6 45 1 1
222295 0 6 45 1 0
222869 0 6 45 3 0
223321 0 6 45 3 1
302250 1 2 45 3 1
525876 1 3 45 3 0
35793 1 2 46 3 0
114970 0 6 46 3 0
114983 0 6 46 1 0
115244 0 6 46 3 0
222119 1 3 46 3 0
222597 1 3 46 1 0
222817 1 2 46 1 0
223453 0 6 46 1 1
260376 0 6 46 3 0
262341 1 2 46 3 0
479242 0 6 46 1 0
480289 1 3 46 0 0
115355 0 6 47 1 0
218576 0 6 47 1 0
221582 0 6 47 1 0
222116 1 3 47 1 0
222532 0 6 47 1 0
222546 0 6 47 1 0
222651 0 6 47 3 1
222711 1 4 47 0 0
222865 0 6 47 1 0
263034 0 6 47 3 0
152572 0 6 48 2 1
221628 0 6 48 1 0
222418 0 6 48 3 0
222598 0 6 48 1 0
223322 0 6 48 3 0
237045 0 6 48 1 0
259370 0 6 48 3 0
479363 1 3 48 1 0
115358 0 6 49 3 0
219021 0 6 49 3 0
221989 1 4 49 3 0
222117 1 4 49 2 0
222405 0 6 49 1 0
222868 0 6 49 3 0
225359 0 6 49 3 1
435667 0 6 49 2 1
480807 1 4 49 1 0
559577 1 2 49 3 1
213055 1 3 50 3 0
221861 0 6 50 1 0
222530 0 6 50 0 0
222599 0 6 50 3 1
261664 1 3 50 4 0
479364 0 6 50 3 0
480291 0 6 50 1 0
559574 0 6 50 4 0
76 0 6 51 3 1
114982 0 6 51 1 0
167112 1 3 51 3 0
221629 0 6 51 1 0
222820 1 1 51 3 1
238415 0 6 51 1 0
480651 0 6 51 2 1
168273 0 6 52 3 0
480571 1 3 52 1 0
222816 1 3 53 3 0
238417 1 2 53 3 0
113541 0 6 54 3 0
222978 0 6 54 1 0
225360 1 2 54 3 0
238039 1 3 54 1 0
479365 1 4 54 3 1
98365 1 2 55 3 1
222515 0 6 55 1 0
238410 1 3 55 3 0
238414 0 6 55 1 0
114984 0 6 56 1 0
167108 1 4 56 1 0
167109 0 6 56 1 1
222977 1 4 56 1 1
238038 1 4 56 1 0
238422 1 2 56 2 1
480815 1 4 56 1 1
113743 1 5 57 2 0
114390 0 6 57 1 0
480811 0 6 57 1 0
167104 1 4 58 1 0
167110 0 6 58 1 0
238392 1 4 58 1 0
97835 1 3 59 4 1
114392 0 6 59 3 1
167107 1 3 59 1 0
222516 1 4 59 1 0
223260 1 2 60 1 0
166585 0 6 61 1 0
167103 1 3 61 1 0
222980 0 6 61 3 0
237461 0 6 61 3 0
222508 0 6 62 1 0
372778 0 6 62 3 0
167604 0 6 63 1 0
167803 0 6 63 1 0
168311 1 5 63 1 0
223261 1 4 63 1 0
480257 0 6 63 1 0
168158 0 6 64 1 0
168243 1 4 64 1 0
167317 1 2 65 3 0
223259 0 6 65 1 0
167598 1 4 66 1 0
167801 0 6 66 1 0
168309 1 4 66 1 0
223264 1 2 66 4 0
480258 1 3 66 1 0
167137 0 6 67 1 0
168083 0 6 67 1 0
480260 1 3 67 2 0
153849 1 3 68 3 0
166648 1 3 68 1 0
167895 1 4 68 1 0
168160 0 6 68 3 0
221532 0 6 68 0 0
480259 0 6 68 2 0
168147 1 5 69 1 0
168313 0 6 69 3 0
166463 0 6 70 4 0
167597 1 3 70 1 0
166747 0 6 71 1 0
167015 0 6 71 2 0
167142 0 6 71 2 0
167758 1 3 71 1 0
168085 0 6 71 3 0
479419 1 3 71 4 0
166649 0 6 72 1 0
167017 0 6 72 3 1
167144 1 2 72 0 0
167601 1 2 72 3 0
167146 1 3 73 3 0
167759 1 2 73 1 0
114111 1 3 74 3 0
167143 0 6 74 3 0
167761 1 4 75 3 0
120412 0 6 77 3 1
167022 1 3 77 0 0
167341 1 3 77 0 0
120067 0 6 78 4 0
167353 0 6 78 1 0
120413 1 4 79 3 0
167085 0 6 79 4 0
167342 1 4 81 1 0
167347 0 6 82 3 0
167344 1 3 85 1 0
167355 0 6 87 3 1
112267 0 6 88 3 1
529550 0 6 92 3 0
529549 1 4 95 2 0
