25140 0 6 6 3 0
34336 0 6 6 1 0
60623 0 6 6 4 0
109952 1 5 6 1 0
111648 0 6 6 2 0
116754 0 6 6 1 0
185401 0 6 6 2 0
227975 0 6 6 3 0
243140 1 4 6 3 0
244403 1 3 6 1 0
291620 1 3 6 1 0
322788 1 3 6 3 0
334392 1 3 6 2 0
344763 1 4 6 3 0
414589 1 4 6 3 0
431229 0 6 6 3 0
442048 0 6 6 3 0
460981 1 2 6 1 0
482424 0 6 6 3 0
538175 1 2 6 2 0
292527 1 2 7 1 0
300201 1 4 7 2 0
35008 1 3 8 1 1
90411 0 6 8 2 0
116756 1 3 8 3 0
116881 1 2 8 1 0
243139 1 3 8 3 0
244404 1 2 8 1 0
291618 1 3 8 4 0
322794 1 3 8 3 0
414584 0 6 8 3 0
424383 0 6 8 3 0
548933 0 6 8 2 0
115941 0 6 9 4 1
244265 1 4 9 3 0
244406 0 6 9 3 0
300199 1 4 9 2 1
333009 0 6 9 3 0
134613 0 6 10 2 0
290876 0 6 10 1 0
291070 0 6 10 2 0
414585 0 6 10 4 0
548893 1 3 10 3 0
34334 1 2 11 1 0
292033 1 2 11 2 1
538164 1 3 11 1 0
116880 1 3 12 1 0
116883 0 6 12 3 0
244263 0 6 12 1 1
290519 1 4 12 3 0
482427 0 6 12 3 0
537505 0 6 12 1 0
34338 1 4 13 3 1
290517 1 4 13 2 0
290872 1 2 13 1 0
372676 0 6 13 3 0
482733 1 3 13 4 0
34335 0 6 14 1 1
537504 0 6 14 1 0
538167 0 6 14 1 1
538561 0 6 14 1 0
341725 0 6 15 3 0
537917 1 3 15 1 0
538165 0 6 15 1 0
60488 1 3 16 3 0
116846 1 3 16 4 0
116874 1 3 16 1 0
291289 0 6 16 4 1
514121 0 6 16 3 1
537507 0 6 16 3 0
369050 0 6 17 4 0
537911 1 3 17 0 0
537916 1 3 17 1 0
537919 0 6 17 3 0
538166 0 6 17 1 0
529400 0 6 18 2 0
116847 0 6 19 4 0
537913 1 3 19 2 0
116627 0 6 20 1 0
537584 1 3 20 4 0
537842 0 6 20 0 0
9590 0 6 21 3 0
168277 0 6 21 3 0
213327 0 6 21 2 1
369214 0 6 21 3 0
537912 0 6 21 2 0
537844 0 6 22 1 0
537845 1 2 22 2 0
370342 0 6 24 3 0
537791 1 3 24 1 1
537840 0 6 24 4 0
538478 1 2 25 1 1
538678 1 4 25 1 0
538298 0 6 26 1 0
537792 1 2 27 3 0
537858 1 3 28 1 0
537928 1 3 28 1 0
537567 0 6 29 1 0
538480 0 6 29 3 0
538483 1 2 29 3 0
538769 1 4 30 1 0
537573 1 3 32 3 0
537893 1 4 32 1 0
537930 0 6 32 3 0
538291 1 4 32 1 0
538597 0 6 32 1 0
538770 0 6 32 1 0
538118 0 6 33 1 0
538289 1 4 34 0 0
538482 0 6 34 3 0
538767 0 6 34 1 0
538840 1 3 34 2 0
538937 1 2 34 1 0
537869 1 2 35 3 0
538054 1 3 35 1 0
538160 0 6 35 1 0
538236 1 3 35 1 0
537574 1 4 36 3 0
538116 0 6 36 3 0
538598 0 6 36 1 0
538643 1 2 36 4 0
538842 1 3 36 2 0
538939 1 2 36 3 0
537895 0 6 37 1 0
538238 0 6 37 1 0
538771 1 2 37 3 0
538938 0 6 37 1 0
537870 1 4 38 3 0
538119 0 6 38 3 0
538161 0 6 38 3 0
538599 1 4 38 1 0
537463 1 3 39 4 0
537487 1 3 39 1 0
537570 1 4 39 1 0
537616 0 6 39 1 0
538053 0 6 39 0 0
538235 0 6 39 1 0
538392 0 6 39 1 1
538843 0 6 39 3 0
538987 1 3 39 1 0
537640 0 6 40 3 0
480104 0 6 41 2 0
537479 0 6 41 3 0
537615 0 6 41 1 0
537976 1 2 41 4 0
538055 0 6 41 1 0
538158 0 6 41 0 0
537631 1 3 42 3 1
538985 0 6 42 1 0
537491 0 6 43 3 1
538184 1 3 43 1 0
538474 1 4 43 1 0
538964 1 3 43 1 0
175167 0 6 44 3 1
538578 1 2 44 1 0
539133 1 4 44 1 0
537488 1 3 45 2 0
537623 0 6 45 3 0
358027 0 6 46 3 1
537472 0 6 46 1 0
537630 0 6 46 2 0
537633 1 3 46 1 0
537833 1 2 46 1 0
538475 0 6 46 1 0
539093 1 3 46 1 0
537619 1 4 47 0 0
537628 0 6 47 1 0
539047 1 4 47 2 1
537471 1 3 49 0 0
538153 1 3 49 1 0
538579 0 6 49 3 0
539051 0 6 49 3 0
539092 1 2 49 1 0
537476 1 3 50 3 0
537490 0 6 50 3 0
537635 0 6 50 1 0
537577 1 4 51 0 0
537627 0 6 51 1 0
538154 0 6 51 3 1
537474 1 4 52 1 0
537622 1 5 52 2 0
538580 0 6 52 3 0
538953 0 6 52 1 0
537625 1 4 53 0 0
538150 0 6 53 3 0
538152 1 4 53 0 0
537579 0 6 54 1 0
539095 0 6 54 3 0
538931 1 2 56 1 0
537629 0 6 57 2 0
537580 1 3 58 3 0
537581 1 4 58 3 0
538089 1 3 59 1 0
538764 0 6 60 1 0
6701 0 6 61 3 0
538090 1 3 62 1 0
538872 1 4 62 1 0
304156 1 4 63 3 0
537594 0 6 63 1 0
538093 1 2 63 1 0
538724 1 3 63 1 0
538814 0 6 65 3 0
6697 0 6 66 3 0
463288 1 2 66 3 0
537850 1 5 66 1 0
538099 0 6 66 1 0
538221 1 3 66 4 0
537860 0 6 67 1 0
538725 0 6 67 1 0
538871 0 6 67 1 0
463434 1 3 68 3 1
538752 0 6 68 1 0
537861 0 6 69 1 0
538865 1 5 69 1 0
538941 0 6 69 1 0
538729 0 6 70 3 0
539118 1 2 70 1 0
463433 1 4 71 1 0
538022 1 4 71 1 0
538467 0 6 71 1 0
538753 1 3 71 1 0
538868 0 6 71 3 0
539120 1 4 71 3 0
5812 0 6 72 4 0
537595 0 6 72 1 0
538271 0 6 72 1 0
538737 1 3 72 1 0
538021 0 6 73 1 0
538512 0 6 73 1 0
537457 1 3 74 1 0
537900 1 4 74 1 0
538437 1 4 74 1 0
538739 1 3 74 1 0
537978 0 6 75 1 0
538754 0 6 75 3 1
538947 1 2 75 1 0
537682 0 6 76 1 0
537809 1 3 76 1 0
538023 0 6 76 3 1
538321 0 6 76 1 0
537459 0 6 77 3 0
537902 0 6 77 1 0
538360 1 4 77 1 0
538610 0 6 77 1 0
538751 1 4 77 0 0
538834 0 6 77 4 0
537523 1 2 78 1 0
538226 0 6 78 1 0
538740 0 6 78 2 0
537524 0 6 79 3 0
537525 1 4 79 3 0
537990 1 3 79 1 0
537807 1 3 80 0 0
537808 0 6 80 1 0
537980 1 4 80 3 0
538012 1 4 80 1 0
538948 0 6 80 1 0
537527 1 3 81 2 1
537992 0 6 81 3 0
538011 1 4 81 1 0
539052 0 6 81 0 0
537559 1 4 82 1 0
537968 0 6 82 1 0
538019 0 6 82 1 0
538266 0 6 82 1 0
538819 0 6 82 1 0
538969 1 2 82 1 0
325142 0 6 83 2 0
537526 0 6 83 0 0
537598 0 6 83 1 1
537810 1 2 83 3 0
537965 1 2 83 1 1
537991 1 5 83 3 0
537993 0 6 83 4 0
538255 1 5 83 1 0
538285 1 4 83 1 1
538424 1 4 83 1 0
539024 0 6 83 1 0
537514 0 6 84 0 1
537522 0 6 84 1 0
537790 0 6 84 1 0
537943 0 6 84 3 0
538005 0 6 84 4 0
538388 0 6 84 1 0
538428 1 2 84 0 0
538943 0 6 84 1 0
322253 1 2 85 3 1
537660 1 2 85 1 0
537780 0 6 85 1 0
537907 0 6 85 1 0
537967 0 6 85 1 0
538429 1 3 85 1 0
538817 0 6 85 0 0
538818 1 3 85 1 0
538946 1 3 85 1 0
538968 1 2 85 1 0
323461 0 6 86 4 1
538241 1 3 86 0 0
538257 0 6 86 3 0
538283 0 6 86 3 0
538286 1 3 86 1 0
538535 1 5 86 1 0
1033 1 4 87 3 0
537517 1 3 87 3 0
537571 0 6 87 1 0
537705 0 6 87 1 0
537999 1 3 87 1 0
538126 0 6 87 1 0
538129 0 6 87 1 0
538222 1 3 87 1 0
538425 1 3 87 1 0
538681 0 6 87 0 0
539037 1 4 87 1 0
539161 1 3 87 1 0
45483 0 6 88 3 0
337788 1 4 88 2 0
468215 0 6 88 3 0
537661 0 6 88 2 0
537663 0 6 88 3 0
537716 0 6 88 0 0
537781 0 6 88 3 1
537960 0 6 88 4 1
537966 0 6 88 1 0
538244 0 6 88 1 0
538954 0 6 88 1 0
538971 1 4 88 3 0
45486 0 6 89 0 0
266403 1 3 89 3 1
497700 0 6 89 2 0
523774 0 6 89 3 0
537609 0 6 89 3 0
538432 1 2 89 3 0
538959 1 5 89 3 1
538986 0 6 89 1 0
96122 1 4 90 2 1
396880 1 4 90 3 0
537572 1 4 90 1 0
537662 1 4 90 3 1
538032 1 4 90 4 0
538137 0 6 90 1 0
538196 1 5 90 1 0
538243 1 4 90 1 0
538427 0 6 90 3 1
538879 0 6 90 3 0
539038 0 6 90 1 0
539039 1 3 90 3 0
1031 0 6 91 0 0
1032 0 6 91 3 0
475301 1 4 91 3 0
526184 0 6 91 3 0
538084 1 4 91 1 0
538242 0 6 91 0 0
538423 0 6 91 0 0
538549 0 6 91 1 0
538866 1 4 91 1 0
539062 0 6 91 1 0
539143 0 6 91 4 0
437282 1 3 92 3 0
537701 1 4 92 1 0
538027 1 3 92 1 0
538410 1 4 92 1 0
363594 1 2 93 3 1
396878 0 6 93 1 0
537608 0 6 93 3 0
538317 0 6 93 0 0
538381 0 6 93 1 0
538550 0 6 93 1 0
538551 0 6 93 3 0
538804 1 2 93 1 0
538911 1 4 93 3 0
557522 1 3 93 3 0
145953 0 6 94 3 0
537721 0 6 94 1 0
537831 0 6 94 1 0
538025 1 3 94 0 0
538086 0 6 94 3 0
538122 1 3 94 1 0
291387 0 6 95 2 1
538409 0 6 95 1 0
538552 1 4 95 3 0
539063 1 3 95 1 0
537901 0 6 96 1 0
538028 1 3 96 1 0
538113 0 6 96 3 0
538192 0 6 96 1 0
538863 1 2 96 1 0
539008 0 6 96 3 0
537606 0 6 97 0 0
538806 0 6 97 1 0
539134 0 6 97 1 1
328653 1 4 98 2 0
537935 0 6 98 1 0
538120 1 2 98 3 0
538529 0 6 98 1 0
538703 0 6 98 1 0
539055 1 4 98 1 1
448835 1 4 99 3 0
537688 0 6 99 3 1
537783 0 6 99 1 0
538029 0 6 99 2 0
538031 1 5 99 3 0
89538 1 2 100 3 0
538290 1 4 100 1 0
538456 0 6 100 3 0
539009 1 2 100 3 0
539065 0 6 100 3 0
539056 0 6 101 3 1
537686 1 4 103 3 0
537933 1 3 103 0 0
538030 1 3 103 3 0
538293 1 4 103 3 0
537537 1 3 104 4 0
537685 0 6 104 3 0
35148 0 6 105 2 0
538052 1 3 105 3 0
63480 0 6 106 3 0
210259 1 3 106 2 0
539138 0 6 106 0 0
480495 1 3 107 2 0
497516 1 3 107 3 0
537934 1 4 107 1 0
537937 0 6 107 3 1
405883 0 6 109 2 0
35147 0 6 110 2 0
497513 0 6 110 1 0
497515 1 4 110 2 0
401990 0 6 111 3 1
480494 1 4 111 0 0
497525 1 4 111 3 0
538050 1 4 111 2 0
401989 1 3 113 1 0
497514 1 4 113 2 0
497512 1 3 114 1 0
401574 1 2 115 1 0
401977 0 6 115 3 0
402950 1 4 115 1 0
401573 1 2 117 1 1
401576 0 6 117 1 0
401986 1 3 117 1 0
401987 1 3 117 1 1
401988 1 4 118 1 1
402776 0 6 118 1 0
402951 1 3 118 1 0
402207 1 5 119 1 0
402873 1 3 119 2 0
333655 0 6 120 3 0
401575 0 6 121 1 0
402949 0 6 121 1 0
401814 0 6 122 1 0
402177 0 6 122 1 0
402574 1 2 122 1 0
402572 0 6 123 1 0
402872 1 4 123 0 0
401670 1 2 124 1 0
402115 0 6 125 1 0
403113 0 6 125 1 0
401671 0 6 126 3 0
402384 0 6 126 0 0
402871 0 6 126 0 0
401669 1 4 127 0 0
402576 0 6 127 3 0
552320 0 6 127 3 0
402125 0 6 128 1 0
402575 0 6 130 3 0
401683 0 6 131 3 0
95407 0 6 132 3 0
401682 0 6 134 2 0
467402 1 3 135 2 0
467404 0 6 139 3 0
