10705 1 4 6 3 0
14048 0 6 6 3 0
74202 1 2 6 3 0
88376 1 4 6 3 0
93452 0 6 6 1 0
127315 0 6 6 1 0
194574 1 4 6 3 0
197340 0 6 6 3 1
202348 1 4 6 1 0
216501 0 6 6 3 0
299738 1 4 6 3 1
317568 1 5 6 3 0
321482 1 3 6 3 0
350526 0 6 6 3 0
367941 0 6 6 4 1
387025 1 2 6 1 0
423867 0 6 6 3 1
460969 0 6 6 3 0
467013 0 6 6 3 0
489064 0 6 6 3 0
129471 1 3 7 3 1
197341 0 6 8 3 0
216502 0 6 8 3 0
230421 0 6 8 3 1
350527 1 3 8 3 1
387970 1 3 8 1 0
409249 1 4 8 3 1
10703 1 3 9 4 1
93451 0 6 9 0 0
93453 1 3 9 1 0
127317 1 4 9 1 0
127677 0 6 9 1 0
127715 0 6 9 1 0
134815 1 4 9 3 0
203694 0 6 9 1 0
387968 0 6 9 0 0
490648 0 6 9 4 1
127313 1 4 10 3 0
127318 0 6 10 1 0
194573 0 6 10 1 0
230422 0 6 10 3 0
386842 0 6 10 1 0
387143 0 6 10 1 0
409246 0 6 10 1 0
127319 1 3 11 1 0
128795 0 6 11 1 0
387972 0 6 11 3 0
387973 0 6 11 3 0
409244 0 6 11 2 0
127316 1 3 12 1 0
127321 0 6 12 3 0
127681 1 3 12 1 0
203400 0 6 12 1 0
230420 1 2 12 1 0
387969 1 5 12 1 0
128025 0 6 13 4 0
387168 0 6 13 1 1
557826 0 6 13 3 0
230093 0 6 14 1 0
388730 1 2 14 4 0
127717 1 3 15 3 0
386839 1 3 15 3 0
388677 1 5 15 1 1
127528 0 6 16 1 0
128372 1 3 16 1 0
203398 0 6 16 1 0
203406 1 4 16 0 1
230485 0 6 16 1 0
387561 1 3 16 1 0
127723 0 6 17 3 0
128373 1 4 17 1 1
128434 0 6 17 4 0
230484 0 6 17 1 0
230699 1 4 17 3 0
230486 0 6 18 1 0
230805 1 4 18 1 0
127543 1 3 19 1 0
127656 0 6 19 1 0
127854 0 6 19 1 0
203026 1 3 19 3 0
320761 1 2 19 3 0
386838 1 2 19 3 0
452567 1 4 19 3 0
69768 0 6 20 2 1
127322 0 6 20 1 0
127655 1 2 20 1 0
128151 1 3 20 1 0
128374 0 6 20 1 0
203399 0 6 20 1 0
230802 0 6 20 1 1
452564 1 3 20 1 0
127598 0 6 21 1 0
127853 1 4 21 1 0
128065 0 6 21 1 0
128079 0 6 21 1 0
128535 1 3 21 1 0
231736 0 6 21 1 0
232265 0 6 21 1 0
97310 0 6 22 3 0
126956 1 4 22 1 0
127668 0 6 22 1 1
128148 0 6 22 0 0
128218 0 6 22 1 0
232153 1 4 22 1 0
127657 0 6 23 3 0
127846 1 4 23 1 0
127856 1 2 23 3 0
128267 0 6 23 1 0
128429 0 6 23 1 0
230801 1 4 23 1 0
386836 1 4 23 3 0
126948 0 6 24 1 0
128066 1 3 24 3 0
128508 1 3 24 1 0
128537 1 4 24 1 0
128849 0 6 24 1 0
203287 0 6 24 1 0
232345 0 6 24 1 0
21520 1 3 25 3 1
97303 0 6 25 3 0
126955 0 6 25 1 0
127565 0 6 25 1 0
127798 1 3 25 1 0
128078 1 4 25 1 0
128663 1 4 25 4 1
128672 1 4 25 1 0
230751 0 6 25 1 0
231720 0 6 25 1 0
232109 0 6 25 1 0
475343 0 6 25 2 1
97308 1 2 26 1 0
127217 0 6 26 1 0
127436 0 6 26 1 0
127799 1 4 26 1 0
127834 1 4 26 1 0
127847 1 3 26 1 0
127849 1 3 26 1 0
128077 1 4 26 1 0
128099 1 3 26 1 0
128268 0 6 26 1 0
128539 0 6 26 3 1
21519 0 6 27 3 0
96757 1 4 27 1 0
126957 0 6 27 1 0
127195 0 6 27 1 0
127333 1 4 27 1 0
128076 0 6 27 0 0
128080 1 4 27 3 0
128507 0 6 27 1 0
231721 1 2 27 2 0
97304 1 4 28 3 0
98656 1 3 28 1 0
127060 0 6 28 1 0
127126 1 3 28 3 0
127334 0 6 28 1 0
127848 0 6 28 1 0
128499 0 6 28 3 0
128618 0 6 28 4 1
38610 0 6 29 3 0
97272 0 6 29 3 0
97309 0 6 29 1 0
97311 1 4 29 3 0
127238 1 3 29 3 0
127567 1 4 29 3 0
127797 0 6 29 1 0
128135 1 2 29 4 0
128493 0 6 29 4 0
331274 1 2 29 3 1
96759 1 5 30 1 1
96760 1 3 30 3 1
97302 1 4 30 1 0
97305 1 3 30 1 0
127335 0 6 30 3 1
127337 0 6 30 3 0
127433 1 3 30 3 1
127438 0 6 30 1 0
127640 1 2 30 1 0
128351 1 3 30 4 0
128851 1 3 30 1 0
96756 0 6 31 1 0
99321 0 6 31 1 0
127133 1 4 31 3 0
127267 1 3 31 3 0
96761 1 2 32 3 0
113505 1 3 32 2 0
127274 1 1 32 1 0
128514 0 6 32 3 0
128800 1 4 32 2 0
126963 1 4 33 1 1
127013 0 6 33 1 0
127275 1 3 33 1 0
127665 1 3 33 1 0
197225 0 6 33 3 0
312045 1 4 33 3 0
97021 1 3 34 1 0
128449 0 6 34 1 0
219340 0 6 34 4 0
127447 0 6 35 1 0
127632 1 3 35 0 0
127637 0 6 35 3 0
127638 0 6 35 0 0
218200 1 4 35 1 0
234471 0 6 35 3 0
13310 0 6 36 2 0
126961 0 6 36 0 0
126962 1 4 36 0 0
127015 0 6 36 3 0
128350 1 4 36 4 1
128541 1 4 36 3 0
127273 0 6 37 1 0
128098 0 6 37 1 0
128511 0 6 37 3 0
128542 0 6 37 3 0
219003 0 6 37 4 1
328459 0 6 37 3 0
127221 0 6 38 4 0
127446 0 6 38 0 0
374427 0 6 38 3 0
126968 0 6 39 1 0
127132 0 6 39 1 0
277408 1 3 39 3 0
328462 0 6 39 1 0
127080 1 2 40 1 0
128463 1 2 40 1 1
180026 0 6 40 3 0
218201 0 6 40 3 0
126960 0 6 41 0 0
127070 0 6 41 1 0
127449 0 6 41 2 0
128465 0 6 41 3 0
218401 0 6 41 3 0
328639 0 6 41 3 1
492443 1 3 41 2 0
97949 1 4 42 3 0
127301 0 6 42 1 0
128154 1 4 42 1 0
127128 0 6 43 1 0
127277 0 6 43 3 0
329187 0 6 43 1 0
127131 0 6 44 3 1
128123 1 1 44 2 0
218171 0 6 44 4 1
127082 1 4 45 1 0
127230 0 6 45 1 0
128155 0 6 45 1 1
128462 1 3 45 0 0
130492 0 6 45 3 0
66503 0 6 46 2 1
127043 1 3 46 1 0
127018 0 6 47 0 0
127679 1 2 48 1 0
128131 0 6 48 3 0
128455 1 4 48 1 0
508100 0 6 48 2 0
126994 0 6 49 0 0
128458 1 2 49 3 0
127081 1 5 50 1 0
127688 0 6 50 3 0
128451 1 2 50 3 0
127674 1 4 51 1 0
127680 0 6 51 1 0
128094 1 3 51 1 0
128454 1 3 51 3 0
103223 1 4 52 3 1
127673 1 4 52 1 0
127850 1 3 52 3 0
127852 0 6 52 1 0
128338 1 3 52 1 0
128456 1 2 52 2 1
127581 0 6 53 1 0
127686 0 6 53 3 0
127687 1 4 53 3 0
138774 0 6 53 1 0
127422 0 6 54 1 0
127579 0 6 54 1 0
127672 0 6 54 1 0
127857 0 6 54 4 1
128447 0 6 54 0 0
420948 0 6 54 3 1
126884 1 4 55 2 0
127546 0 6 55 1 0
127577 0 6 55 3 1
128607 0 6 55 1 0
127041 1 3 56 1 0
127582 0 6 56 1 0
128450 0 6 56 1 0
128836 0 6 56 1 0
138512 0 6 56 1 0
183897 1 2 56 2 0
351248 1 2 56 3 1
127535 0 6 57 1 0
127779 1 3 57 1 0
128639 1 5 57 0 0
138835 1 2 57 1 0
127017 1 4 58 4 1
127112 1 3 58 1 0
127194 1 4 58 1 0
127748 0 6 58 1 0
127828 1 4 58 4 0
128452 0 6 58 3 0
127100 0 6 59 4 0
127110 0 6 59 1 0
138162 1 3 59 1 0
127152 1 3 60 1 0
127250 0 6 60 1 0
127934 0 6 60 1 0
138424 1 3 60 1 0
138786 1 3 60 1 0
146851 1 4 60 3 0
344682 1 3 60 3 0
127111 1 2 61 1 0
127154 0 6 61 3 0
127552 0 6 61 1 0
127707 0 6 61 2 1
127825 0 6 61 3 0
128166 0 6 61 3 0
128185 1 3 61 1 0
128335 1 4 61 1 0
128547 0 6 61 1 0
139147 0 6 61 1 0
127115 1 3 62 3 0
127867 0 6 62 1 0
128448 0 6 62 1 0
128641 0 6 62 2 0
138122 0 6 62 1 0
138333 0 6 62 1 0
138425 0 6 62 1 0
138834 0 6 62 0 0
138836 1 3 62 3 0
127155 0 6 63 3 0
127225 0 6 63 4 1
127439 1 3 63 1 0
127470 0 6 63 3 0
128333 1 4 63 1 0
138218 1 4 63 1 0
139958 1 3 63 1 0
126852 0 6 64 1 0
127153 0 6 64 1 0
127440 1 3 64 3 0
127460 0 6 64 3 0
127586 1 4 64 4 0
127945 0 6 64 1 0
128187 0 6 64 3 0
128768 0 6 64 1 0
138121 0 6 64 1 0
138123 1 2 64 3 1
138426 0 6 64 3 0
138695 0 6 64 1 0
138785 1 3 64 0 0
139370 0 6 64 4 1
139459 1 3 64 3 1
146849 0 6 64 1 0
303020 0 6 64 3 0
138759 0 6 65 1 0
138995 1 4 65 1 0
127747 0 6 66 1 0
128334 0 6 66 1 0
128772 1 3 66 1 0
138311 0 6 66 1 0
139088 0 6 66 4 0
139811 0 6 66 1 0
127148 0 6 67 4 1
127170 1 3 67 1 0
138286 1 3 67 1 0
138758 1 3 67 1 0
139021 1 3 67 4 1
139229 1 4 67 1 0
139959 0 6 67 2 0
127151 1 2 68 1 0
128332 0 6 68 1 0
138133 0 6 68 1 0
138761 0 6 68 3 0
139182 0 6 68 1 0
139939 1 3 68 1 1
146582 0 6 68 1 0
146848 0 6 68 1 0
367567 1 3 69 3 0
138177 1 2 70 1 0
138180 1 2 70 1 0
138198 0 6 70 1 0
139032 1 3 70 1 0
139087 1 3 70 4 0
139232 0 6 70 2 0
139594 0 6 70 3 1
139845 0 6 70 1 0
145933 0 6 70 1 0
210986 1 4 70 2 0
127173 0 6 71 3 0
128039 1 2 71 1 0
138175 1 2 71 1 0
138760 1 4 71 3 0
139230 0 6 71 3 0
139546 0 6 71 4 0
139941 0 6 71 3 0
146502 1 3 71 3 1
146586 0 6 71 3 0
128517 1 3 72 1 0
138396 0 6 72 4 1
139332 0 6 72 4 0
139392 1 4 72 2 0
139593 1 5 72 3 0
139940 0 6 72 1 0
145631 1 4 72 1 0
146583 0 6 72 1 0
146959 0 6 72 3 1
236937 1 5 72 3 1
367566 1 2 72 2 0
119474 1 4 73 3 0
126945 0 6 73 2 0
127558 0 6 73 1 0
138441 1 5 73 1 0
138722 1 4 73 1 0
138893 1 4 73 2 0
139393 0 6 73 1 0
139846 1 2 73 1 0
146737 1 3 73 1 0
210987 1 4 73 3 1
126950 1 4 74 3 0
127343 1 4 74 1 0
128041 1 3 74 3 0
145578 0 6 74 1 0
145633 1 4 74 3 1
145844 0 6 74 1 0
146545 1 4 74 1 0
285672 1 3 74 2 0
26064 1 4 75 1 0
128469 1 4 75 3 1
138181 1 3 75 1 0
138193 0 6 75 3 0
139398 0 6 75 3 0
139465 0 6 75 1 0
145935 0 6 75 3 0
146735 0 6 75 1 0
146756 0 6 75 1 0
147102 0 6 75 4 0
127642 0 6 76 3 0
128038 1 4 76 1 0
135628 0 6 76 3 0
138200 1 2 76 2 0
138359 0 6 76 3 0
138399 1 3 76 1 0
138443 0 6 76 3 0
138894 1 2 76 2 0
139040 1 4 76 4 1
139205 0 6 76 4 0
145630 0 6 76 1 0
145954 0 6 76 3 0
322550 1 4 76 3 0
330927 0 6 76 3 0
25710 0 6 77 2 1
127344 1 4 77 1 0
127346 0 6 77 3 0
128278 0 6 77 1 0
128487 0 6 77 4 1
129105 1 3 77 2 1
138395 1 4 77 4 1
138723 1 5 77 1 0
138878 1 4 77 3 0
139394 1 4 77 1 0
139713 0 6 77 3 0
145614 1 3 77 1 0
145795 0 6 77 1 0
145796 1 3 77 1 1
145828 0 6 77 1 0
146847 0 6 77 4 0
147056 1 3 77 1 0
330926 0 6 77 2 0
25402 1 3 78 1 0
128181 1 2 78 1 0
138400 1 4 78 1 0
138875 1 4 78 1 0
139989 0 6 78 3 0
145573 0 6 78 0 0
238631 1 2 78 3 0
239952 0 6 78 3 0
322548 0 6 78 1 0
128281 1 4 79 3 1
138192 1 2 79 1 0
138197 0 6 79 3 0
139109 0 6 79 1 0
139802 1 4 79 1 0
145607 0 6 79 3 0
145615 0 6 79 1 0
145789 0 6 79 1 1
145953 1 3 79 3 0
146130 1 3 79 1 0
146845 1 3 79 3 0
147050 1 4 79 1 0
147103 0 6 79 4 1
195486 0 6 79 3 0
322489 0 6 79 1 0
492138 1 3 79 3 0
25021 1 4 80 1 0
25405 0 6 80 3 0
128184 0 6 80 3 0
138183 0 6 80 3 0
138274 1 2 80 1 0
138408 0 6 80 1 0
139466 0 6 80 3 0
139567 1 3 80 1 0
139602 0 6 80 1 0
139832 0 6 80 2 0
146461 1 4 80 1 0
322189 0 6 80 1 0
322545 0 6 80 1 0
434631 1 3 80 3 0
527931 0 6 80 3 0
25019 0 6 81 1 0
25061 0 6 81 4 1
127342 1 3 81 1 0
127542 0 6 81 1 0
128182 0 6 81 1 0
128488 1 2 81 4 0
138839 0 6 81 1 0
139110 0 6 81 1 0
139464 0 6 81 1 0
145797 1 2 81 1 0
145906 1 3 81 1 0
146160 1 2 81 1 1
146186 0 6 81 1 0
146852 0 6 81 1 0
322547 0 6 81 1 0
25399 0 6 82 0 0
25620 1 3 82 1 0
25687 0 6 82 3 0
138876 0 6 82 1 0
145826 0 6 82 0 0
146854 0 6 82 3 0
146998 1 2 82 3 0
147052 0 6 82 2 0
238628 1 3 82 3 1
238632 0 6 82 3 1
239949 0 6 82 1 0
322487 1 2 82 1 0
322995 1 4 82 1 0
25028 0 6 83 4 1
25403 0 6 83 2 0
127054 1 3 83 1 0
128655 1 4 83 1 0
129194 1 2 83 3 0
138273 1 2 83 1 0
138840 0 6 83 2 0
139108 0 6 83 0 0
139468 1 4 83 1 0
139600 0 6 83 1 0
139635 1 2 83 1 0
145898 1 3 83 4 0
146037 0 6 83 3 0
146162 1 2 83 3 0
146846 0 6 83 4 0
147082 1 3 83 1 0
254790 1 3 83 3 0
322546 1 4 83 1 0
322554 0 6 83 1 0
358338 1 3 83 0 1
24905 0 6 84 1 0
126905 1 3 84 1 0
128860 1 2 84 1 0
138191 0 6 84 1 0
138548 1 4 84 1 0
138574 0 6 84 1 0
139712 0 6 84 1 0
139937 1 2 84 1 0
139948 1 3 84 1 0
139975 0 6 84 4 1
145782 1 2 84 4 0
145827 0 6 84 1 0
145845 0 6 84 1 0
323002 0 6 84 1 0
339723 0 6 84 3 0
461918 0 6 84 3 0
23220 0 6 85 2 0
24692 0 6 85 3 0
24906 1 3 85 3 0
25022 1 3 85 3 0
25303 0 6 85 1 0
25404 1 3 85 2 0
128086 0 6 85 1 0
128242 0 6 85 1 0
138259 0 6 85 1 0
138547 0 6 85 1 0
138738 1 4 85 1 0
138930 1 4 85 1 1
138961 1 2 85 1 0
139107 1 3 85 0 0
139599 1 4 85 1 0
139847 1 2 85 3 0
146114 1 3 85 1 0
146875 0 6 85 2 0
146880 0 6 85 1 0
146994 0 6 85 1 1
239313 1 4 85 1 0
255824 1 4 85 3 0
323404 1 4 85 1 0
323470 0 6 85 1 0
357004 0 6 85 3 0
358339 1 2 85 2 0
25020 1 4 86 1 0
25621 0 6 86 1 0
138155 1 4 86 1 0
138841 0 6 86 2 1
139170 0 6 86 1 0
139238 1 4 86 1 1
139471 1 3 86 3 0
139717 0 6 86 2 0
146879 0 6 86 0 0
147081 1 3 86 1 0
204053 0 6 86 3 1
239316 0 6 86 1 0
253750 1 3 86 3 0
322008 0 6 86 1 0
322553 0 6 86 1 0
322898 1 4 86 1 0
322999 0 6 86 3 0
323465 0 6 86 1 0
24825 1 3 87 1 0
24908 1 3 87 3 0
25463 0 6 87 1 0
128241 0 6 87 1 0
129675 0 6 87 3 0
130896 0 6 87 3 0
138258 0 6 87 1 0
138433 0 6 87 1 0
139154 0 6 87 1 0
139938 1 3 87 3 0
145790 0 6 87 1 0
145894 1 2 87 1 0
145994 0 6 87 1 0
322484 1 4 87 1 0
323204 1 3 87 1 0
357013 0 6 87 3 0
358337 0 6 87 0 0
127986 1 2 88 1 0
138549 0 6 88 3 0
138562 1 2 88 4 0
138844 1 3 88 3 0
139951 0 6 88 3 0
146662 1 4 88 4 0
146785 1 3 88 1 0
147054 1 3 88 3 1
147055 0 6 88 0 0
147065 0 6 88 1 0
417254 0 6 88 3 0
24691 0 6 89 1 0
24977 0 6 89 3 0
25859 0 6 89 1 0
27307 1 3 89 2 0
138542 1 4 89 1 0
138585 0 6 89 1 1
139047 1 3 89 4 1
417255 1 3 89 3 0
458990 1 2 89 3 0
499530 0 6 89 3 0
132428 0 6 90 3 0
138260 0 6 90 3 0
139284 0 6 90 1 0
139793 1 3 90 1 1
139950 1 4 90 3 0
146029 0 6 90 2 0
321412 1 4 90 1 0
321895 1 4 90 1 0
321896 0 6 90 1 1
323069 0 6 90 1 0
323469 1 4 90 4 1
323471 0 6 90 2 0
458989 1 2 90 2 0
24685 0 6 91 4 0
25205 0 6 91 1 0
25495 1 4 91 1 0
25684 1 3 91 1 0
138680 0 6 91 3 0
139312 0 6 91 3 0
139949 0 6 91 1 0
146026 1 3 91 3 0
146784 0 6 91 1 0
147049 0 6 91 4 0
239315 0 6 91 1 0
240707 1 3 91 1 0
322796 0 6 91 1 0
322998 1 2 91 3 0
24788 1 2 92 1 0
25045 1 4 92 1 1
25465 0 6 92 3 0
25713 0 6 92 4 1
127985 0 6 92 1 0
138257 0 6 92 1 0
138543 1 4 92 1 0
139792 0 6 92 1 0
145543 1 5 92 1 0
146451 0 6 92 1 0
302901 0 6 92 3 0
321580 1 4 92 1 0
321898 1 4 92 3 0
486394 1 4 92 3 0
121752 0 6 93 3 0
131862 0 6 93 4 0
138263 0 6 93 4 0
138518 1 3 93 4 0
145837 1 3 93 1 0
240706 1 1 93 1 0
321897 0 6 93 2 0
323068 1 3 93 0 0
323089 0 6 93 1 0
323205 0 6 93 3 0
547098 0 6 93 3 0
24690 1 2 94 1 0
25305 0 6 94 1 0
25447 1 4 94 1 1
122289 0 6 94 4 0
138931 0 6 94 2 1
139285 0 6 94 1 0
139791 1 3 94 1 0
146031 0 6 94 3 0
240246 0 6 94 3 0
240384 1 3 94 1 0
302897 0 6 94 2 0
305036 0 6 94 3 1
322379 0 6 94 1 0
323071 0 6 94 1 0
24790 0 6 95 3 1
25582 1 3 95 1 0
25804 1 3 95 1 0
25985 1 3 95 1 0
26277 0 6 95 1 1
26317 1 3 95 1 0
26325 1 4 95 1 0
138158 1 3 95 1 0
138215 1 5 95 1 0
139276 0 6 95 3 0
139298 0 6 95 3 0
139697 1 3 95 1 0
145547 0 6 95 3 0
146027 0 6 95 3 0
147094 0 6 95 1 0
240112 0 6 95 1 0
240708 1 2 95 1 0
321634 1 3 95 1 0
323171 1 4 95 1 0
486393 0 6 95 3 0
25805 0 6 96 1 0
138214 0 6 96 1 0
139287 0 6 96 3 0
139308 0 6 96 0 0
139796 0 6 96 3 0
239318 1 3 96 3 1
240383 1 5 96 0 1
240709 0 6 96 3 0
240710 0 6 96 3 0
322869 0 6 96 1 0
323173 0 6 96 1 1
413875 1 3 96 2 0
547096 0 6 96 1 0
24789 0 6 97 1 0
25214 1 3 97 1 0
25304 0 6 97 1 0
25306 0 6 97 3 1
25553 0 6 97 1 0
26011 1 2 97 1 0
139258 0 6 97 4 1
145546 1 4 97 3 1
147099 0 6 97 3 0
240100 0 6 97 1 1
321680 1 4 97 3 0
323208 1 3 97 1 0
469371 1 3 97 3 0
24826 1 3 98 1 0
25231 1 4 98 1 0
25604 1 4 98 1 0
25715 0 6 98 1 0
138287 1 4 98 1 0
139666 0 6 98 2 0
145550 0 6 98 4 0
147048 1 3 98 4 0
240115 1 3 98 3 0
240387 0 6 98 3 0
321635 0 6 98 3 1
322086 1 3 98 1 0
323090 0 6 98 3 0
323174 0 6 98 3 0
413870 0 6 98 2 0
413876 1 4 98 4 0
25156 0 6 99 1 0
25302 0 6 99 1 0
25418 0 6 99 4 1
25883 1 4 99 1 0
138651 1 3 99 1 0
139626 0 6 99 0 0
239987 0 6 99 1 0
240327 0 6 99 3 0
321319 0 6 99 1 0
321421 0 6 99 1 0
321438 0 6 99 1 0
322188 0 6 99 1 0
322310 1 4 99 4 0
322494 1 2 99 1 0
323170 1 5 99 0 0
323172 1 3 99 1 0
323273 1 4 99 1 0
24964 0 6 100 1 0
25113 0 6 100 1 0
25166 0 6 100 3 1
25986 0 6 100 3 0
26157 0 6 100 3 0
26316 0 6 100 1 0
26318 0 6 100 3 0
26324 0 6 100 1 0
138216 0 6 100 3 0
138862 0 6 100 0 0
139297 0 6 100 3 0
139795 0 6 100 3 0
145866 1 5 100 4 1
200065 1 4 100 3 0
239380 1 3 100 1 0
239492 1 3 100 1 0
240107 0 6 100 1 0
267591 0 6 100 3 0
311604 0 6 100 2 1
321318 0 6 100 1 0
322191 1 4 100 3 0
24796 0 6 101 3 0
25307 1 3 101 3 0
25884 1 1 101 1 0
26200 0 6 101 1 0
138157 1 3 101 1 0
199646 1 3 101 4 0
240116 0 6 101 3 0
240120 1 1 101 1 0
240385 1 5 101 1 0
321602 0 6 101 1 0
322493 1 3 101 0 0
322721 1 3 101 1 0
532845 0 6 101 2 0
24791 0 6 102 3 0
24994 1 2 102 2 0
25014 0 6 102 1 0
25233 1 2 102 1 0
25422 0 6 102 1 0
25606 0 6 102 1 0
25668 0 6 102 4 0
26013 1 2 102 3 0
26242 0 6 102 1 0
139619 0 6 102 0 1
145544 0 6 102 1 0
145911 0 6 102 3 0
147047 0 6 102 4 0
152770 0 6 102 3 1
201268 1 4 102 3 0
238925 0 6 102 1 0
239077 0 6 102 2 0
240102 1 3 102 3 0
240114 0 6 102 3 0
311609 0 6 102 3 0
321841 1 3 102 1 0
322098 1 4 102 3 0
323175 0 6 102 3 0
323363 1 3 102 4 1
413874 0 6 102 2 0
502705 0 6 102 3 0
24793 1 3 103 1 0
24992 1 3 103 2 0
139621 0 6 103 1 0
200058 0 6 103 3 0
236850 1 3 103 3 0
239490 0 6 103 0 0
240761 1 3 103 1 0
321534 1 3 103 3 0
321565 0 6 103 1 0
322122 0 6 103 1 0
322495 0 6 103 3 0
323088 0 6 103 1 0
323342 0 6 103 1 0
323481 0 6 103 1 1
24889 1 4 104 1 0
26007 1 3 104 2 0
239491 1 2 104 0 0
240119 0 6 104 1 0
240395 1 3 104 1 0
240536 1 4 104 1 0
240602 0 6 104 1 0
321530 0 6 104 1 0
322455 0 6 104 1 0
323059 1 2 104 1 0
323190 0 6 104 1 0
323248 1 4 104 1 0
323439 1 4 104 3 0
495021 0 6 104 3 0
532844 0 6 104 2 0
24792 1 5 105 0 0
24965 0 6 105 1 0
25052 1 4 105 1 0
25423 1 3 105 1 0
138265 0 6 105 1 0
240122 0 6 105 3 0
240124 0 6 105 3 1
240764 0 6 105 3 0
317550 0 6 105 2 0
321321 0 6 105 2 0
321568 1 3 105 3 0
322095 1 4 105 0 0
322725 0 6 105 3 0
323199 0 6 105 2 0
323250 1 4 105 3 0
323343 0 6 105 3 0
3121 1 2 106 3 1
24900 1 4 106 1 0
25015 1 3 106 3 0
25078 1 4 106 1 0
25118 1 2 106 3 0
25288 1 4 106 1 0
25420 1 3 106 1 0
25998 0 6 106 1 0
139868 0 6 106 0 1
239495 0 6 106 3 0
239783 0 6 106 1 0
321906 1 3 106 1 0
322097 0 6 106 2 0
322674 0 6 106 3 0
323247 0 6 106 1 0
24794 0 6 107 2 0
24888 0 6 107 1 0
24904 0 6 107 1 0
25232 1 3 107 1 0
25234 0 6 107 3 0
25251 0 6 107 1 0
25290 0 6 107 3 1
25352 0 6 107 1 0
25382 1 3 107 3 0
238854 1 4 107 3 0
239075 1 4 107 3 0
239486 1 3 107 2 0
239643 0 6 107 2 1
240118 1 3 107 4 0
240121 0 6 107 3 0
240539 1 3 107 3 0
265821 0 6 107 3 0
322350 0 6 107 1 0
323193 1 3 107 3 0
323483 0 6 107 1 0
323497 0 6 107 1 0
523217 0 6 107 3 1
24858 0 6 108 3 0
25326 0 6 108 1 0
25557 1 1 108 2 0
25775 0 6 108 2 0
139191 1 4 108 0 0
146193 0 6 108 1 0
238928 0 6 108 3 0
240324 0 6 108 1 0
240740 0 6 108 0 0
321474 0 6 108 1 0
322096 1 3 108 1 0
322209 0 6 108 1 0
322361 1 4 108 4 0
322887 1 4 108 1 0
323058 1 2 108 0 0
25011 0 6 109 0 0
25421 1 3 109 1 0
26331 1 3 109 2 0
139192 1 4 109 1 0
239487 0 6 109 2 0
322860 1 4 109 1 1
323246 0 6 109 1 0
25253 0 6 110 1 0
25424 0 6 110 2 0
25575 0 6 110 1 0
74472 1 2 110 3 0
139126 0 6 110 0 0
139194 1 3 110 3 0
238853 0 6 110 3 0
240432 1 3 110 0 0
321348 0 6 110 1 0
321768 1 3 110 1 0
322611 1 2 110 4 1
322889 1 3 110 3 0
323200 1 2 110 3 1
323765 1 4 110 3 0
489355 0 6 110 3 0
25370 1 3 111 1 0
25541 1 3 111 1 0
25578 0 6 111 3 0
240109 1 3 111 3 0
312236 0 6 111 3 0
321494 0 6 111 1 0
322362 0 6 111 3 0
322890 1 2 111 3 0
323270 0 6 111 4 1
323484 0 6 111 3 1
489327 1 3 111 2 0
25012 1 3 112 0 0
25366 0 6 112 4 0
139525 1 3 112 1 0
238933 1 3 112 4 1
239488 1 3 112 3 0
239716 1 4 112 0 0
239954 0 6 112 0 0
321480 1 5 112 1 0
322888 1 2 112 2 0
323077 1 4 112 1 0
376231 0 6 112 3 0
24903 0 6 113 1 0
25013 1 5 113 1 0
25540 1 5 113 0 0
25580 1 3 113 3 0
49376 1 2 113 3 0
321717 1 2 113 1 0
322528 0 6 113 1 0
323252 0 6 113 3 0
323253 1 4 113 1 1
473382 0 6 113 3 0
24800 0 6 114 1 0
48517 0 6 114 4 1
92959 0 6 114 3 0
138270 0 6 114 3 0
139527 0 6 114 3 1
146191 1 2 114 1 0
157268 1 3 114 2 0
239060 0 6 114 0 0
239115 1 3 114 0 0
240203 0 6 114 3 0
322234 1 4 114 1 0
322625 0 6 114 1 0
26107 1 4 115 4 1
26170 1 3 115 0 0
139127 1 5 115 3 0
197470 1 4 115 3 0
240103 0 6 115 3 0
115413 1 4 116 3 0
239781 0 6 116 0 0
240436 0 6 116 2 0
312230 1 4 116 1 0
323254 1 3 116 1 0
323256 0 6 116 3 0
323274 0 6 116 3 0
530416 1 4 116 3 0
25922 1 3 117 0 0
26173 1 4 117 3 0
215812 1 3 117 3 0
312483 0 6 117 1 0
312514 0 6 117 1 1
322886 0 6 117 1 1
49377 0 6 118 3 0
197469 0 6 118 3 0
239117 0 6 118 1 0
239778 0 6 118 1 0
321901 0 6 118 2 1
322759 0 6 118 1 0
323255 1 3 118 2 0
312135 0 6 119 1 0
313066 0 6 119 1 0
313756 0 6 119 1 0
322768 0 6 119 1 0
530414 1 4 119 1 0
26169 0 6 120 0 0
322245 1 3 120 2 0
322488 1 3 120 1 0
386099 0 6 120 3 0
530415 0 6 120 1 0
530417 0 6 120 3 1
25838 0 6 121 0 0
26171 0 6 121 1 0
239777 0 6 121 1 0
240437 0 6 121 3 0
312145 1 3 121 2 0
312202 0 6 121 1 0
312718 0 6 121 1 0
312485 0 6 122 3 0
321929 1 4 122 1 0
530413 0 6 122 1 0
530702 0 6 122 4 1
25949 1 4 123 4 0
321853 0 6 123 2 0
322703 1 3 123 1 0
322769 1 4 123 1 1
323663 0 6 123 3 0
529261 0 6 123 4 1
25789 0 6 124 0 0
26172 1 4 124 2 1
118757 1 3 124 3 0
238859 0 6 124 1 0
239104 1 4 124 3 0
312722 0 6 124 1 0
321852 0 6 124 2 0
323516 0 6 124 1 0
530704 1 4 124 3 0
312723 0 6 125 2 0
312724 1 3 125 3 0
318053 0 6 125 3 1
323050 1 1 125 1 0
25552 0 6 126 0 0
26247 1 3 126 0 0
239103 0 6 126 3 1
323048 1 2 126 1 0
529265 0 6 126 3 0
25499 0 6 127 1 0
85801 1 4 127 2 0
187532 1 2 127 3 0
311993 1 4 127 1 0
312200 1 3 127 3 0
312484 0 6 127 1 0
312716 0 6 127 0 0
322217 0 6 127 1 0
323047 0 6 127 0 0
323392 1 3 127 1 0
357779 1 4 127 2 0
530701 0 6 127 4 1
313732 0 6 128 3 0
318051 1 4 128 2 1
525332 1 3 128 3 1
529260 1 2 128 3 0
25990 0 6 129 1 0
26139 0 6 129 3 1
238852 1 5 129 1 0
312720 0 6 129 3 0
313280 0 6 129 4 0
323126 0 6 129 1 0
25993 0 6 130 1 0
26249 1 4 130 3 0
26250 1 3 130 3 0
187533 0 6 130 3 1
240874 1 3 130 1 0
323316 1 3 130 1 0
323393 0 6 130 1 0
25822 0 6 131 3 1
79953 0 6 131 3 0
240873 1 5 131 1 0
318049 0 6 131 1 0
414446 0 6 131 3 0
514093 0 6 131 3 0
25991 0 6 132 1 0
26294 0 6 132 3 0
181890 1 3 132 2 0
317151 0 6 132 1 0
318103 0 6 132 1 0
323055 0 6 132 1 1
420157 0 6 132 3 0
531063 0 6 132 2 0
23964 1 2 133 3 0
25821 0 6 133 2 0
25983 0 6 133 3 1
41306 0 6 133 2 1
107346 1 2 133 3 0
239344 1 4 133 1 0
318208 0 6 133 1 0
323125 1 4 133 1 0
10027 0 6 134 3 0
25823 0 6 134 3 0
109775 0 6 134 2 1
239454 0 6 134 1 0
420155 1 4 134 2 0
496659 0 6 134 3 1
182889 1 3 135 3 0
317149 1 4 135 1 0
318108 1 3 135 1 0
318599 1 2 135 2 0
318937 0 6 135 1 0
321762 0 6 135 3 0
322062 1 4 135 1 0
323107 0 6 135 1 0
323128 0 6 135 1 0
531062 0 6 135 2 0
26293 1 3 136 4 1
108754 1 3 136 3 0
176813 0 6 136 3 0
181887 1 4 136 1 1
239124 1 4 136 1 0
239343 0 6 136 1 0
239426 0 6 136 1 0
318106 0 6 136 1 0
318212 1 4 136 3 0
323106 0 6 136 1 0
470418 0 6 136 3 1
25995 1 2 137 3 0
206693 0 6 137 3 0
317923 0 6 137 1 0
318210 1 3 137 1 0
318936 1 2 137 1 0
321548 1 3 137 1 0
322053 0 6 137 1 0
322766 1 3 137 1 0
240064 1 3 138 1 0
318107 0 6 138 1 0
318941 0 6 138 4 0
322063 1 4 138 3 1
322454 1 5 138 3 0
322776 1 3 138 1 0
323130 1 3 138 3 0
522731 0 6 138 1 0
239065 0 6 139 1 0
239425 0 6 139 1 0
239427 0 6 139 3 0
239455 1 4 139 3 0
239999 1 4 139 1 0
257021 0 6 139 3 0
317150 1 3 139 1 0
359947 0 6 139 3 0
496658 0 6 139 3 1
321731 0 6 140 1 0
318109 0 6 141 3 0
318167 1 2 141 1 0
318816 1 3 141 1 0
321550 1 4 141 3 0
321551 0 6 141 3 0
522733 0 6 141 2 0
238871 1 4 142 1 0
239399 0 6 142 1 0
239482 1 4 142 1 0
239660 0 6 142 1 0
239693 0 6 142 2 0
239992 1 3 142 1 0
240062 1 3 142 0 0
240164 1 5 142 1 0
321725 1 3 142 2 0
322052 0 6 142 3 0
322775 1 2 142 1 0
322924 0 6 142 1 1
239404 0 6 143 3 0
239401 1 4 144 1 0
240338 1 2 144 3 0
257020 0 6 144 2 1
323277 1 3 144 3 0
359943 1 3 144 1 0
426280 0 6 144 3 1
522730 1 3 144 0 0
239400 1 5 145 1 0
239484 0 6 145 3 0
240063 0 6 145 0 0
257019 1 4 145 1 0
322054 0 6 145 1 1
322925 0 6 145 1 0
238873 0 6 146 3 0
239402 0 6 146 1 0
239432 0 6 146 1 0
239584 1 2 146 3 0
239895 1 4 146 3 0
239988 1 2 146 3 0
239993 0 6 146 3 0
360891 0 6 146 1 0
422078 1 3 146 3 0
522736 1 4 146 3 0
43306 0 6 147 3 0
239764 1 3 147 4 0
239981 1 3 147 1 0
360271 1 2 147 1 0
238926 1 3 148 1 0
240618 1 4 148 1 0
256080 0 6 148 2 0
257018 1 4 148 1 0
362100 1 3 148 1 0
381840 1 5 148 2 0
522056 0 6 148 4 1
503424 1 4 149 3 0
239431 0 6 150 1 0
239582 1 3 150 1 0
239663 0 6 150 1 0
240241 0 6 150 1 0
321998 0 6 150 1 1
323099 1 4 150 1 0
381838 0 6 150 0 0
422077 1 3 150 3 1
503425 0 6 150 3 0
239016 1 3 151 1 0
239109 1 2 151 3 0
239296 1 4 151 1 0
239666 0 6 151 3 0
239750 0 6 151 1 1
240629 1 4 151 1 0
240644 1 3 151 1 0
256572 0 6 151 1 0
286119 0 6 151 3 1
323135 0 6 151 1 1
361719 0 6 151 1 0
362099 0 6 151 1 0
362222 0 6 151 1 0
239011 1 4 152 1 0
240477 1 4 152 1 0
256574 1 4 152 3 0
322218 1 4 152 1 0
362101 0 6 152 1 0
239125 1 4 153 1 0
239937 0 6 153 1 0
240386 0 6 153 1 0
321876 0 6 153 3 0
323103 1 4 153 4 1
323129 1 2 153 1 0
323394 0 6 153 1 0
361714 0 6 153 2 0
238833 0 6 154 1 0
239112 0 6 154 2 0
239583 0 6 154 1 0
239585 1 2 154 3 0
240812 1 2 154 2 1
322518 1 4 154 1 0
323136 0 6 154 3 0
360216 0 6 154 1 0
362226 0 6 154 3 0
362254 1 4 154 1 0
237595 0 6 155 3 0
240476 1 4 155 0 0
240478 0 6 155 1 0
256573 0 6 155 1 0
321436 1 3 155 4 1
322274 0 6 155 1 0
323177 0 6 155 1 0
323398 1 3 155 3 0
359975 0 6 155 4 1
360664 0 6 155 1 0
361713 0 6 155 2 0
238749 0 6 156 2 0
239665 0 6 156 1 0
239749 0 6 156 0 0
286118 0 6 156 3 1
323279 0 6 156 3 0
359959 1 2 156 1 0
360665 1 3 156 3 0
239127 0 6 157 2 0
240790 1 2 157 1 0
321891 1 3 157 4 1
322516 1 2 157 1 0
323134 0 6 157 1 0
238835 1 4 158 3 0
238998 0 6 158 4 0
239014 1 2 158 3 0
239868 1 5 158 2 0
284443 1 3 158 2 0
321384 0 6 158 1 0
323176 1 4 158 0 0
362164 1 4 158 1 0
11098 1 2 159 3 1
240621 1 3 159 1 0
240634 1 2 159 1 0
285645 0 6 159 4 0
286117 1 4 159 1 0
322552 0 6 159 1 0
323014 0 6 159 2 0
323178 0 6 159 2 0
323399 0 6 159 3 1
362587 1 2 159 3 0
68832 0 6 160 3 1
238855 1 4 160 3 1
359976 0 6 160 4 0
362140 0 6 160 1 0
490547 1 4 160 3 0
50352 0 6 161 3 0
239711 0 6 161 2 0
240251 0 6 161 2 0
285472 0 6 161 3 0
321365 0 6 161 1 0
321837 1 3 161 1 0
322451 1 3 161 0 0
344533 0 6 161 2 0
360272 0 6 161 1 0
362589 0 6 161 2 0
13608 0 6 162 2 0
238856 1 3 162 3 0
239735 0 6 162 4 0
240728 1 3 162 3 0
321687 0 6 162 0 0
66101 0 6 163 2 0
115527 0 6 163 3 0
239632 0 6 163 1 0
240630 0 6 163 2 0
345374 0 6 163 2 0
362163 0 6 163 0 0
239286 1 3 164 1 0
240636 0 6 164 3 0
255082 0 6 164 2 0
13602 1 2 165 4 0
31010 1 4 165 3 0
284717 1 3 165 3 0
322453 0 6 165 2 1
360267 0 6 165 3 0
360438 1 3 165 1 0
362646 0 6 165 1 0
555734 0 6 165 3 0
253918 0 6 166 3 1
362472 0 6 166 4 0
238857 0 6 167 3 1
239288 0 6 167 3 0
239633 0 6 167 3 0
240307 1 3 167 1 0
115526 0 6 168 3 0
239625 0 6 168 1 0
239653 1 3 168 1 0
240079 1 3 168 1 0
240638 0 6 168 4 0
240820 0 6 168 1 0
359801 1 3 168 3 0
360436 1 4 168 0 0
360440 1 2 168 2 0
361020 0 6 168 1 1
361189 0 6 168 3 1
361525 1 4 168 1 0
361894 1 4 168 1 0
362645 1 4 168 1 0
114412 0 6 169 3 0
239654 1 2 169 2 0
256868 0 6 169 3 0
360174 0 6 169 1 0
361530 0 6 169 3 0
13990 1 3 170 3 0
15112 1 2 170 3 0
239624 1 3 170 1 0
240078 0 6 170 0 0
240080 1 4 170 1 0
256480 0 6 170 4 1
271028 1 4 170 3 0
360439 1 3 170 1 0
360798 0 6 170 1 0
361529 1 5 170 2 0
239052 0 6 171 1 0
239175 1 4 171 1 0
239628 0 6 171 3 0
240310 0 6 171 3 0
359804 1 4 171 1 0
360437 1 5 171 0 0
360441 1 3 171 3 1
361016 1 4 171 1 0
361661 1 3 171 1 0
362178 1 5 171 1 0
362387 1 3 171 1 0
362629 0 6 171 4 1
239544 0 6 172 1 0
239626 1 3 172 1 0
359987 1 2 172 1 0
360179 0 6 172 1 0
361526 0 6 172 1 0
361937 1 4 172 1 0
362290 1 5 172 1 0
362644 0 6 172 0 0
239051 1 4 173 0 0
239177 0 6 173 3 0
239652 1 4 173 1 0
240711 1 3 173 1 0
360180 0 6 173 1 0
360960 1 3 173 1 0
361815 0 6 173 1 0
361924 1 5 173 1 0
239178 1 3 174 3 1
239627 1 2 174 2 0
240309 0 6 174 3 0
240788 1 4 174 4 1
312290 0 6 174 3 0
359835 1 4 174 1 0
359986 1 4 174 0 0
360127 0 6 174 1 1
361561 0 6 174 3 0
361942 1 2 174 1 0
362119 1 3 174 1 0
239842 0 6 175 0 0
359813 0 6 175 1 0
360513 1 3 175 1 0
360961 1 4 175 1 0
361278 0 6 175 1 0
361630 1 3 175 1 0
361660 0 6 175 1 0
361939 1 3 175 3 0
361944 0 6 175 3 0
239130 0 6 176 1 0
239169 1 4 176 1 0
239180 0 6 176 0 0
240044 0 6 176 1 0
240301 0 6 176 3 0
240449 0 6 176 1 0
359805 1 3 176 1 0
359820 1 4 176 1 0
361471 1 3 176 1 0
361524 0 6 176 3 0
361690 0 6 176 1 0
361922 0 6 176 0 0
362121 1 3 176 1 0
362647 1 2 176 3 0
239053 0 6 177 2 0
239415 0 6 177 1 0
360541 0 6 177 1 0
360779 1 3 177 0 0
360936 0 6 177 1 0
361541 1 4 177 1 0
361554 0 6 177 4 0
362427 0 6 177 1 0
240887 1 2 178 0 0
308893 0 6 178 3 0
360181 1 2 178 3 0
360297 0 6 178 1 0
360569 0 6 178 1 0
360781 1 3 178 3 0
361741 0 6 178 1 0
361925 0 6 178 3 0
361943 0 6 178 3 0
362574 0 6 178 4 0
488295 1 4 178 3 0
239417 1 3 179 3 0
240774 1 2 179 0 0
308892 1 3 179 3 0
360122 1 4 179 1 0
360128 0 6 179 1 0
360129 1 3 179 1 0
361472 0 6 179 1 0
361474 0 6 179 3 0
368933 1 4 179 3 0
239586 1 3 180 1 0
240392 0 6 180 1 0
359815 1 2 180 3 0
359912 0 6 180 1 1
360208 0 6 180 1 0
360753 0 6 180 1 0
361221 0 6 180 0 0
362288 0 6 180 2 1
362621 0 6 180 0 0
145172 1 5 181 3 0
193157 1 3 181 3 1
239182 0 6 181 1 0
239413 0 6 181 2 0
239437 0 6 181 3 0
359806 0 6 181 1 0
360084 1 4 181 1 0
360130 0 6 181 3 0
360986 1 2 181 1 0
361940 0 6 181 1 0
362070 0 6 181 2 1
362623 1 4 181 2 0
111237 0 6 182 2 0
359908 1 3 182 2 0
360162 1 2 182 1 0
360372 1 3 182 1 0
360544 1 4 182 3 1
360568 0 6 182 0 0
360571 0 6 182 3 0
360778 1 5 182 0 0
361476 0 6 182 1 0
361982 0 6 182 3 0
362549 0 6 182 1 0
361800 1 3 183 1 0
362514 0 6 183 1 0
92794 1 4 184 3 0
146261 1 3 184 2 0
239587 0 6 184 2 0
240262 0 6 184 1 0
240890 1 3 184 2 0
360043 1 3 184 1 0
360049 1 3 184 1 1
360292 0 6 184 1 0
360935 0 6 184 1 0
360970 0 6 184 1 0
361007 0 6 184 1 0
361224 0 6 184 1 0
362428 1 2 184 1 0
362624 1 1 184 3 0
410089 1 3 184 2 0
556487 1 3 184 3 0
132320 0 6 185 3 0
195217 0 6 185 3 0
232798 0 6 185 3 0
239174 0 6 185 1 0
353854 0 6 185 3 0
361066 1 3 185 1 0
362151 0 6 185 1 0
362547 0 6 185 0 0
362632 1 3 185 1 0
368931 0 6 185 2 0
204411 1 3 186 3 0
359971 0 6 186 1 0
360969 1 4 186 0 0
361008 0 6 186 1 0
361151 0 6 186 1 0
361222 0 6 186 0 0
361298 0 6 186 1 0
361609 1 3 186 1 0
362429 1 4 186 3 1
362541 1 4 186 1 0
362548 0 6 186 1 0
426559 0 6 186 3 1
6039 0 6 187 3 0
92789 0 6 187 1 0
146255 0 6 187 3 0
239982 1 4 187 1 0
240422 0 6 187 1 0
294006 0 6 187 2 0
359886 0 6 187 1 0
360047 0 6 187 1 0
360373 1 3 187 3 0
360542 0 6 187 2 0
360625 1 2 187 1 0
360855 1 4 187 1 0
361153 0 6 187 2 0
361884 0 6 187 1 0
361941 1 2 187 1 0
362024 1 4 187 1 0
362165 1 3 187 1 0
362522 0 6 187 1 0
426557 1 4 187 2 1
240891 0 6 188 2 0
359909 0 6 188 3 0
360500 1 4 188 1 1
360655 0 6 188 1 0
360972 0 6 188 2 1
361041 1 2 188 1 0
361051 0 6 188 1 0
361069 0 6 188 3 0
361165 0 6 188 3 0
361793 0 6 188 1 1
361918 1 2 188 1 0
362301 1 3 188 1 0
362515 0 6 188 1 0
362635 0 6 188 3 0
458327 0 6 188 3 0
239181 1 4 189 1 0
359885 0 6 189 1 0
359887 1 3 189 3 0
360374 0 6 189 3 0
360483 1 3 189 1 0
360545 1 3 189 3 1
361480 0 6 189 1 0
361607 0 6 189 0 1
361786 0 6 189 1 0
362083 1 4 189 1 1
362359 1 2 189 1 0
364732 1 4 189 3 0
238989 1 3 190 1 0
239330 0 6 190 1 0
239589 0 6 190 3 0
240183 1 2 190 1 0
270001 1 2 190 2 0
359906 0 6 190 1 0
360041 0 6 190 1 0
360385 1 5 190 1 0
360606 0 6 190 1 0
360815 1 3 190 1 0
360897 0 6 190 1 0
361050 0 6 190 1 0
361161 0 6 190 1 0
361612 1 3 190 3 0
361755 1 2 190 1 0
361916 0 6 190 0 0
361917 0 6 190 0 0
361945 1 4 190 0 0
362037 1 3 190 1 0
362550 0 6 190 1 0
405540 1 3 190 3 0
195213 1 2 191 1 0
240420 0 6 191 1 0
305826 0 6 191 3 1
359904 0 6 191 1 0
359944 0 6 191 1 0
360387 0 6 191 3 0
360481 0 6 191 1 0
360482 0 6 191 1 0
360499 0 6 191 1 0
360502 1 3 191 1 0
360539 0 6 191 2 0
360623 0 6 191 1 0
361095 0 6 191 1 0
361107 1 3 191 1 0
361300 0 6 191 1 0
361333 1 4 191 1 0
361349 1 3 191 1 0
361681 1 2 191 4 1
361785 0 6 191 0 0
362197 0 6 191 1 0
155540 1 3 192 3 0
191494 0 6 192 3 0
239184 0 6 192 3 0
240047 1 4 192 1 0
240205 1 5 192 1 0
270003 0 6 192 3 0
359811 0 6 192 1 0
359834 0 6 192 1 1
359961 1 4 192 1 0
360259 0 6 192 3 0
360423 1 4 192 1 0
360443 1 2 192 1 0
360543 1 3 192 3 0
360551 1 4 192 1 0
360909 1 4 192 3 0
361052 0 6 192 1 0
361967 1 3 192 0 0
364730 1 3 192 1 0
533719 0 6 192 3 0
97677 0 6 193 3 1
168431 0 6 193 3 0
195216 0 6 193 3 0
217559 1 2 193 3 1
228539 0 6 193 3 0
239085 1 3 193 1 1
240087 1 2 193 1 0
270058 1 3 193 3 1
360044 0 6 193 3 0
360046 1 4 193 0 0
360485 0 6 193 3 0
360538 0 6 193 2 0
360552 0 6 193 1 0
361243 1 4 193 1 0
361542 0 6 193 1 0
361548 0 6 193 1 0
361865 1 3 193 1 0
361892 1 2 193 1 0
361919 0 6 193 1 0
361931 0 6 193 1 0
362104 0 6 193 3 0
362516 1 3 193 1 0
362672 0 6 193 1 0
196744 0 6 194 1 0
239590 1 4 194 1 0
240154 1 4 194 1 0
240345 0 6 194 1 0
313677 1 4 194 3 0
360697 1 4 194 1 0
361442 0 6 194 3 0
361656 1 4 194 1 0
362028 1 4 194 3 0
362035 0 6 194 0 0
362038 0 6 194 1 0
362413 0 6 194 1 0
77237 1 2 195 3 0
240344 1 3 195 0 0
359814 0 6 195 1 0
359905 0 6 195 1 0
359948 1 3 195 3 1
359970 0 6 195 1 0
360386 0 6 195 3 0
360421 0 6 195 0 0
360427 1 3 195 4 0
360457 1 3 195 1 0
360503 1 2 195 3 0
360550 0 6 195 0 0
360898 1 5 195 1 0
361106 1 2 195 1 0
361331 0 6 195 1 0
361347 1 5 195 1 0
361364 1 4 195 0 0
361718 0 6 195 1 0
361757 1 5 195 1 1
361759 1 3 195 3 0
363018 0 6 195 1 0
535087 0 6 195 3 0
41268 0 6 196 3 0
77233 1 4 196 3 0
77235 0 6 196 1 0
125686 0 6 196 3 0
195073 1 3 196 1 0
217555 1 4 196 2 0
239592 0 6 196 3 0
240049 0 6 196 3 0
359853 1 3 196 1 0
360140 0 6 196 1 0
360255 0 6 196 1 0
360554 0 6 196 2 0
360597 0 6 196 1 0
360699 1 4 196 3 0
361061 0 6 196 1 0
361299 0 6 196 1 0
361324 1 3 196 1 0
361496 1 4 196 1 0
361722 0 6 196 3 0
361933 0 6 196 2 0
362036 0 6 196 1 0
362641 0 6 196 1 0
362664 1 3 196 2 0
397480 1 2 196 3 0
400417 0 6 196 3 0
428265 1 3 196 4 0
239038 0 6 197 1 0
239363 0 6 197 1 0
239442 0 6 197 1 0
240054 0 6 197 4 0
240343 1 3 197 0 0
240447 0 6 197 2 0
240806 0 6 197 1 0
360048 0 6 197 1 1
360055 0 6 197 3 0
360258 1 3 197 2 0
360553 0 6 197 2 0
360560 0 6 197 1 0
360615 0 6 197 1 0
360624 0 6 197 1 0
361055 0 6 197 2 0
361103 1 3 197 1 0
361441 1 3 197 1 0
361457 0 6 197 1 0
361610 1 4 197 1 0
361687 0 6 197 1 0
361723 1 4 197 3 0
361988 0 6 197 1 0
362252 0 6 197 1 0
362640 0 6 197 0 1
362643 1 4 197 3 0
400378 0 6 197 4 0
490864 1 2 197 2 0
530214 0 6 197 2 0
77302 0 6 198 3 0
240126 0 6 198 1 0
240346 1 4 198 2 0
262632 0 6 198 3 0
359852 0 6 198 1 0
359993 0 6 198 3 0
360464 0 6 198 1 0
360899 0 6 198 1 0
361048 1 3 198 0 0
361062 0 6 198 1 0
361302 1 4 198 3 0
361672 0 6 198 3 0
361773 0 6 198 1 0
361864 1 4 198 0 0
362041 1 3 198 3 1
362044 0 6 198 1 0
362262 1 3 198 3 0
362403 0 6 198 1 0
362479 1 4 198 1 0
362560 0 6 198 1 0
362665 1 3 198 2 0
362670 1 4 198 3 0
363017 1 3 198 1 0
363019 0 6 198 3 1
533330 1 3 198 2 0
36989 1 4 199 2 0
77238 0 6 199 3 0
153740 1 3 199 3 0
196742 0 6 199 0 0
203977 1 4 199 2 0
217548 0 6 199 1 0
240259 0 6 199 0 1
240804 0 6 199 1 0
288259 1 4 199 3 0
360058 1 3 199 1 0
361064 1 5 199 3 1
361172 0 6 199 0 0
361440 0 6 199 2 0
362103 0 6 199 1 0
362248 0 6 199 0 0
362414 1 4 199 3 0
364017 0 6 199 1 0
374077 1 2 199 3 0
490862 1 4 199 1 0
490865 1 3 199 3 0
535312 1 3 199 3 0
195072 1 2 200 1 0
238924 0 6 200 1 0
239167 1 4 200 3 0
360052 1 2 200 1 0
360282 0 6 200 2 0
360501 0 6 200 1 0
361419 1 4 200 1 0
361443 1 4 200 3 1
361505 1 3 200 4 0
361721 1 3 200 2 0
361774 1 2 200 1 0
361928 0 6 200 4 0
361961 0 6 200 1 0
363020 0 6 200 1 0
364018 1 4 200 3 0
428832 0 6 200 1 0
462273 1 3 200 3 1
170013 0 6 201 2 0
195076 0 6 201 3 0
222105 1 4 201 3 0
239166 0 6 201 3 0
239467 0 6 201 1 0
239935 0 6 201 1 0
240348 0 6 201 3 0
356108 1 2 201 3 0
359854 1 5 201 3 0
360467 0 6 201 3 1
360783 1 3 201 1 0
361102 1 3 201 1 0
361288 0 6 201 0 0
362251 1 4 201 1 0
362542 0 6 201 3 0
365961 0 6 201 3 0
408312 0 6 201 3 0
533329 0 6 201 2 0
165238 0 6 202 3 0
195070 0 6 202 3 0
195075 1 3 202 3 1
196078 1 4 202 3 0
217545 1 2 202 0 0
239280 0 6 202 1 1
280719 0 6 202 3 0
360059 0 6 202 1 1
360462 1 5 202 0 0
361422 0 6 202 3 1
361801 1 4 202 1 1
362105 0 6 202 3 0
362561 1 5 202 1 0
364997 0 6 202 1 1
366377 1 3 202 3 0
408310 1 3 202 1 0
490867 0 6 202 3 0
194794 1 4 203 0 0
239936 1 2 203 1 0
240805 1 3 203 1 0
240841 1 4 203 1 0
360053 0 6 203 1 0
360468 1 4 203 3 0
360595 1 4 203 1 0
361507 0 6 203 4 0
361772 0 6 203 1 0
364474 0 6 203 1 0
364490 1 4 203 1 0
409958 1 3 203 3 0
415950 0 6 203 2 0
427916 0 6 203 1 0
105654 1 3 204 3 1
134331 0 6 204 3 0
217558 0 6 204 1 0
239269 1 5 204 1 0
239725 1 4 204 1 0
240823 0 6 204 1 0
267506 0 6 204 3 0
356112 1 4 204 2 0
360014 1 2 204 1 0
360808 1 4 204 1 0
410464 1 2 204 3 0
462272 0 6 204 1 0
29153 1 4 205 3 0
217307 0 6 205 1 0
222103 1 5 205 1 0
237719 0 6 205 3 0
239976 0 6 205 1 0
240849 1 2 205 4 0
304122 1 4 205 2 0
353044 0 6 205 3 0
360311 1 3 205 1 0
360461 0 6 205 0 0
360596 0 6 205 1 0
361044 1 2 205 0 0
361805 1 2 205 4 0
364013 0 6 205 1 0
408308 1 4 205 1 0
409553 1 5 205 2 0
415952 1 3 205 3 0
489452 0 6 205 3 0
79427 0 6 206 3 0
195437 1 3 206 0 0
217309 1 3 206 3 0
239469 0 6 206 3 0
239724 1 3 206 0 0
240845 0 6 206 4 0
304123 1 3 206 3 0
360810 1 3 206 3 0
361208 1 4 206 1 0
361290 0 6 206 1 0
361292 0 6 206 3 0
364481 1 3 206 0 0
406864 0 6 206 1 0
409955 1 4 206 3 1
427918 1 3 206 1 0
427920 0 6 206 3 0
489829 1 3 206 4 0
194793 0 6 207 0 0
195071 0 6 207 1 0
195443 1 4 207 3 0
217024 0 6 207 3 0
217929 1 3 207 1 0
239163 0 6 207 3 0
240795 1 4 207 1 0
240807 0 6 207 1 1
312018 1 2 207 2 0
329518 1 3 207 3 0
361104 0 6 207 3 0
364475 0 6 207 1 0
364998 0 6 207 1 0
365027 0 6 207 1 0
365126 0 6 207 1 0
407465 0 6 207 1 0
410465 0 6 207 3 0
415951 1 3 207 3 0
416151 0 6 207 3 0
427917 0 6 207 1 0
548964 0 6 207 3 0
105655 0 6 208 3 0
217301 0 6 208 1 0
238948 0 6 208 1 0
240842 1 2 208 3 0
242749 1 2 208 3 0
344644 1 3 208 3 0
353043 1 4 208 3 0
360013 0 6 208 0 0
360015 1 2 208 2 0
360215 1 4 208 1 1
360312 0 6 208 2 0
362673 0 6 208 3 0
365022 0 6 208 3 1
408309 0 6 208 1 0
427915 0 6 208 1 0
430378 1 3 208 3 0
490197 0 6 208 3 0
28936 0 6 209 3 0
92560 0 6 209 3 0
195438 1 4 209 0 0
216598 1 5 209 1 0
217076 0 6 209 1 1
239727 1 4 209 3 0
239955 0 6 209 0 0
360109 1 3 209 0 0
360220 0 6 209 3 1
360339 1 3 209 1 0
362056 1 4 209 1 0
364452 1 2 209 1 0
364482 0 6 209 1 0
365029 0 6 209 1 0
430375 0 6 209 0 0
490195 0 6 209 1 0
490809 1 3 209 3 0
216409 0 6 210 1 0
216771 1 2 210 1 0
360368 1 5 210 2 0
364450 1 3 210 0 0
407468 1 2 210 2 1
470187 0 6 210 3 0
489453 0 6 210 4 0
133362 0 6 211 3 0
193216 0 6 211 3 0
196686 0 6 211 1 0
216819 0 6 211 1 0
217270 0 6 211 1 0
217673 1 3 211 3 0
360402 1 4 211 1 0
363437 1 2 211 1 0
383864 1 3 211 3 0
406868 0 6 211 3 0
490808 0 6 211 3 0
195439 0 6 212 1 0
195440 1 2 212 1 0
217077 0 6 212 2 0
217388 0 6 212 1 0
239036 1 3 212 4 0
257539 0 6 212 3 0
363072 1 2 212 2 0
408615 0 6 212 4 1
430025 1 3 212 3 0
430821 1 3 212 3 0
489885 1 5 212 4 0
490196 0 6 212 3 0
73344 1 4 213 3 0
216603 0 6 213 1 0
217075 0 6 213 0 0
344645 1 2 213 3 0
360341 1 4 213 3 0
363839 0 6 213 1 0
364999 0 6 213 1 0
407469 1 4 213 2 0
430026 0 6 213 3 0
158910 1 4 214 2 0
195068 1 3 214 1 0
195708 1 4 214 1 0
196984 0 6 214 1 0
216308 0 6 214 1 0
216408 0 6 214 1 0
216410 1 4 214 3 0
216472 0 6 214 1 0
217680 1 3 214 1 0
238953 1 4 214 3 0
359829 0 6 214 1 0
360404 1 3 214 3 0
364453 0 6 214 1 0
428360 0 6 214 4 1
490805 0 6 214 1 0
133359 0 6 215 0 0
195441 1 2 215 2 0
216244 0 6 215 1 0
217278 1 3 215 1 0
253861 1 3 215 2 0
307992 0 6 215 4 0
360167 1 3 215 2 1
363838 1 3 215 1 0
363840 1 4 215 1 0
365167 1 3 215 1 0
383863 0 6 215 0 0
384209 1 2 215 3 0
407470 1 3 215 3 0
430024 1 4 215 1 0
431035 1 3 215 3 0
489433 1 3 215 3 1
73341 0 6 216 0 0
84491 1 4 216 3 0
195062 0 6 216 0 0
216268 1 4 216 1 0
217257 0 6 216 1 0
217946 1 4 216 1 0
240000 0 6 216 2 0
323883 1 3 216 3 0
344641 0 6 216 1 0
33745 1 4 217 2 0
194906 0 6 217 1 0
195703 0 6 217 1 0
196790 1 2 217 1 0
196983 0 6 217 1 0
196985 0 6 217 3 0
204107 0 6 217 2 1
216271 0 6 217 3 1
216605 1 2 217 1 0
217073 1 4 217 3 0
217381 1 4 217 1 0
304193 1 3 217 2 0
361490 1 2 217 1 0
363375 1 2 217 1 0
363652 1 4 217 1 0
363881 1 2 217 4 0
364130 0 6 217 1 0
364451 1 3 217 0 0
364827 0 6 217 1 0
399550 0 6 217 3 0
428365 1 3 217 1 0
430023 1 4 217 3 0
195064 1 3 218 1 0
196982 0 6 218 0 0
216389 0 6 218 1 0
217376 1 3 218 4 0
217681 1 4 218 3 0
217838 1 4 218 1 0
240001 0 6 218 3 0
363063 0 6 218 4 0
364828 0 6 218 1 0
195066 0 6 219 3 0
196988 1 4 219 3 0
216309 1 4 219 1 0
217279 0 6 219 1 0
217382 0 6 219 1 0
358699 1 2 219 4 1
363842 0 6 219 3 0
365968 0 6 219 4 0
428364 0 6 219 1 0
196579 0 6 220 1 0
216245 1 4 220 1 0
217141 1 3 220 4 1
217190 1 3 220 1 0
217587 1 3 220 1 0
217832 1 4 220 1 0
344934 1 4 220 0 1
361510 1 4 220 3 1
363801 0 6 220 1 0
363993 1 2 220 1 0
364165 1 2 220 3 0
365168 1 4 220 1 0
429459 0 6 220 3 0
194907 0 6 221 3 0
195060 0 6 221 3 0
196784 1 4 221 3 0
196981 0 6 221 0 0
196986 1 3 221 3 1
216307 0 6 221 1 1
220351 0 6 221 2 0
361494 0 6 221 3 0
363373 0 6 221 0 0
364098 0 6 221 4 0
364830 0 6 221 3 0
365112 0 6 221 2 0
428361 0 6 221 4 0
135271 0 6 222 3 0
195065 1 4 222 1 0
196133 1 3 222 1 1
196580 0 6 222 3 0
196791 0 6 222 1 0
216604 1 3 222 1 0
216889 1 4 222 3 0
217152 0 6 222 1 0
217199 0 6 222 1 0
217383 0 6 222 3 0
273888 0 6 222 3 0
344263 1 3 222 3 0
361492 1 2 222 1 0
363562 1 2 222 4 0
364365 0 6 222 1 0
63881 1 2 223 2 0
196004 0 6 223 4 0
196325 1 3 223 3 0
196978 1 4 223 1 0
216391 1 3 223 3 0
216736 0 6 223 4 0
216783 0 6 223 1 0
217197 0 6 223 0 1
217260 0 6 223 1 0
217842 0 6 223 0 0
309192 0 6 223 3 0
344264 0 6 223 3 0
344936 1 3 223 3 0
345377 0 6 223 0 0
363559 1 3 223 1 0
508444 0 6 223 2 0
104186 1 3 224 3 0
140170 1 3 224 2 0
196087 0 6 224 1 0
216390 0 6 224 3 0
216498 1 3 224 1 0
239644 1 2 224 2 0
363557 0 6 224 1 0
95529 0 6 225 3 0
195922 0 6 225 1 0
196084 1 4 225 0 0
196591 1 3 225 1 0
216737 0 6 225 4 1
216782 0 6 225 1 0
349117 0 6 225 3 0
362733 1 3 225 1 0
363804 1 4 225 3 0
364363 1 4 225 0 0
428363 0 6 225 0 0
174387 0 6 226 3 0
180414 1 5 226 3 0
196003 0 6 226 3 0
198835 0 6 226 3 0
216073 0 6 226 2 0
216247 0 6 226 3 0
216738 1 2 226 1 0
217057 1 3 226 1 0
217198 1 2 226 1 0
217269 1 5 226 1 0
277955 1 3 226 3 1
363324 0 6 226 1 0
63886 0 6 227 3 0
69268 0 6 227 3 1
94898 1 3 227 3 0
104188 1 3 227 3 1
180415 0 6 227 3 0
191360 1 4 227 3 0
363335 1 5 227 1 0
363579 1 2 227 1 0
363964 1 2 227 3 0
365119 1 2 227 0 0
508827 0 6 227 2 1
67673 0 6 228 2 0
93728 0 6 228 2 0
172400 1 4 228 3 0
194755 0 6 228 1 0
196088 1 3 228 3 0
196504 1 5 228 1 1
196702 0 6 228 1 1
216564 0 6 228 1 1
216893 1 3 228 1 0
216923 1 4 228 1 0
217478 1 3 228 4 0
363913 0 6 228 1 0
364364 0 6 228 1 0
364367 1 3 228 3 0
94983 1 4 229 3 0
174386 0 6 229 3 0
194996 0 6 229 1 0
195948 1 5 229 1 0
196085 0 6 229 1 0
196589 1 4 229 1 0
198772 1 2 229 3 0
215081 1 4 229 3 0
217194 0 6 229 1 0
364368 0 6 229 3 0
365092 0 6 229 1 0
196502 0 6 230 1 0
196505 0 6 230 1 0
197097 1 2 230 1 0
216456 1 3 230 1 0
217034 0 6 230 3 0
362732 1 4 230 1 0
364511 1 4 230 1 0
368022 0 6 230 3 0
66143 0 6 231 3 0
140970 0 6 231 3 0
195952 0 6 231 0 0
196507 0 6 231 3 0
217015 0 6 231 1 0
217202 0 6 231 3 0
217700 0 6 231 1 0
363578 0 6 231 0 0
363935 0 6 231 1 0
364478 0 6 231 1 0
364514 0 6 231 3 0
364599 1 2 231 1 0
365159 1 3 231 1 0
107820 0 6 232 2 0
194997 0 6 232 1 0
195949 0 6 232 3 0
196093 0 6 232 1 0
196704 0 6 232 3 0
196793 0 6 232 3 0
216744 1 4 232 1 0
217554 0 6 232 1 0
362727 0 6 232 1 0
363583 1 3 232 0 0
403510 1 4 232 3 0
169221 0 6 233 2 0
195344 0 6 233 1 0
196590 1 5 233 1 0
216895 1 4 233 3 0
217730 1 5 233 1 0
363712 1 3 233 1 0
364512 0 6 233 2 1
364764 0 6 233 1 0
364899 0 6 233 1 0
195877 1 3 234 1 0
195927 1 2 234 1 0
216743 0 6 234 0 1
216746 1 4 234 3 0
217185 1 3 234 1 0
217747 0 6 234 1 0
362729 0 6 234 3 0
362974 1 2 234 1 0
364555 0 6 234 1 0
364600 0 6 234 3 0
365091 0 6 234 1 0
416462 1 2 234 3 0
216745 0 6 235 3 1
362697 0 6 235 0 0
363713 0 6 235 1 0
364070 0 6 235 1 0
364598 1 3 235 1 0
403521 1 4 235 3 0
66140 0 6 236 4 0
157412 1 4 236 2 0
195878 1 3 236 2 0
196204 0 6 236 1 0
216284 0 6 236 1 0
217288 1 4 236 1 0
217367 0 6 236 1 0
217746 0 6 236 1 0
339650 0 6 236 3 0
364552 0 6 236 4 0
368663 0 6 236 3 0
216285 0 6 237 1 0
216734 0 6 237 1 0
217184 0 6 237 0 0
217701 0 6 237 1 0
362728 0 6 237 3 0
363005 1 4 237 1 0
364765 1 2 237 3 0
364994 0 6 237 1 0
376957 0 6 237 3 0
194897 0 6 238 1 0
216464 0 6 238 1 0
216652 1 3 238 1 0
216961 1 4 238 1 0
217389 0 6 238 1 0
217557 1 4 238 1 0
217750 0 6 238 3 1
257624 0 6 238 3 1
340070 1 4 238 3 0
155803 1 3 239 3 0
169226 1 4 239 2 1
195902 1 2 239 1 0
216463 1 3 239 1 0
216468 0 6 239 1 0
216739 0 6 239 1 0
257622 0 6 239 2 0
314791 0 6 239 1 0
362754 1 4 239 1 0
363909 0 6 239 1 0
364901 0 6 239 3 0
216418 0 6 240 1 0
217100 1 4 240 1 0
217289 1 3 240 3 0
217370 1 2 240 1 0
361658 1 3 240 3 0
368662 0 6 240 1 0
546279 1 3 240 3 0
66142 1 3 241 2 0
196967 1 5 241 1 0
216206 1 2 241 1 0
216788 0 6 241 1 0
216906 0 6 241 1 0
217099 0 6 241 1 0
217435 1 3 241 1 0
335339 1 3 241 1 0
364902 0 6 241 3 1
79073 0 6 242 2 0
216287 1 3 242 3 0
216348 1 4 242 3 0
216879 1 2 242 1 0
217012 1 4 242 1 0
217748 0 6 242 1 0
335338 0 6 242 1 0
364424 1 3 242 1 0
153107 0 6 243 3 0
195903 0 6 243 1 0
196965 0 6 243 1 0
216457 1 2 243 1 0
216462 0 6 243 1 0
216532 0 6 243 1 0
216653 0 6 243 2 0
216905 0 6 243 1 0
217105 1 3 243 2 0
217275 0 6 243 2 0
314334 0 6 243 3 0
336774 0 6 243 1 0
66633 0 6 244 4 0
196479 1 3 244 1 1
216593 0 6 244 3 0
217014 1 3 244 2 0
217371 0 6 244 2 0
217436 0 6 244 3 0
314793 1 4 244 1 0
335850 1 3 244 1 0
363647 1 4 244 1 0
79353 0 6 245 4 1
194722 0 6 245 1 0
216189 1 4 245 1 1
216363 0 6 245 1 0
216459 1 4 245 3 0
216548 0 6 245 1 0
216583 0 6 245 1 0
216789 1 3 245 1 0
216812 0 6 245 1 0
217118 1 5 245 1 0
217942 0 6 245 2 0
335756 1 2 245 1 0
336484 1 3 245 1 0
363404 1 4 245 1 0
764 0 6 246 3 0
196969 0 6 246 3 0
216192 0 6 246 3 0
216455 1 3 246 0 0
217434 0 6 246 0 0
217481 0 6 246 1 0
217749 0 6 246 1 0
335262 1 3 246 1 0
335327 1 3 246 4 1
336211 1 2 246 1 0
336324 1 5 246 1 1
363405 0 6 246 1 0
364289 1 4 246 1 0
216190 1 2 247 1 0
216465 1 4 247 3 0
216547 0 6 247 1 0
216770 1 2 247 1 0
216803 1 3 247 3 0
216885 1 4 247 1 0
216911 0 6 247 4 0
217011 1 4 247 0 0
217072 1 4 247 3 0
217369 1 4 247 1 0
217735 0 6 247 3 0
217792 0 6 247 3 0
217863 0 6 247 1 0
314792 1 4 247 1 0
335269 1 3 247 3 0
335765 1 3 247 1 0
335853 0 6 247 3 0
336214 1 3 247 1 0
336231 0 6 247 3 0
336327 0 6 247 1 0
336729 0 6 247 1 0
364429 1 4 247 3 0
195554 1 3 248 1 0
216550 1 2 248 2 0
216715 1 3 248 1 0
216797 0 6 248 3 0
217009 1 3 248 3 0
217475 1 4 248 1 0
335755 0 6 248 1 1
335818 1 4 248 1 0
335917 1 3 248 1 0
335923 0 6 248 1 0
335996 1 2 248 1 0
336325 1 4 248 1 0
336611 0 6 248 4 1
363674 0 6 248 3 0
363939 1 4 248 1 0
181604 0 6 249 4 0
194724 0 6 249 3 0
196964 1 4 249 1 0
216695 1 3 249 1 0
217438 1 3 249 1 0
335758 0 6 249 3 0
335848 0 6 249 1 0
335965 0 6 249 1 0
335997 1 3 249 1 0
336180 1 5 249 1 0
336230 0 6 249 2 1
363118 1 4 249 1 0
364147 1 3 249 1 0
364192 0 6 249 2 0
126067 1 3 250 3 0
216863 0 6 250 1 0
217003 0 6 250 0 0
217368 0 6 250 1 0
217426 0 6 250 1 0
314794 0 6 250 3 0
335356 0 6 250 1 0
335523 0 6 250 1 0
335684 0 6 250 1 0
335718 0 6 250 4 0
335811 1 2 250 3 0
335989 1 5 250 1 0
336054 0 6 250 1 0
336141 0 6 250 1 0
336326 0 6 250 1 0
336578 0 6 250 1 0
336731 0 6 250 2 1
363940 1 3 250 3 0
364588 0 6 250 1 0
138826 1 2 251 3 0
196734 0 6 251 1 0
216706 0 6 251 2 0
217595 1 4 251 4 0
217751 0 6 251 3 0
335446 0 6 251 3 0
335764 0 6 251 1 0
335766 0 6 251 3 0
336055 0 6 251 1 0
336500 1 2 251 1 1
336732 0 6 251 3 0
363471 0 6 251 1 0
363809 1 3 251 1 0
364093 1 4 251 1 0
365160 0 6 251 1 0
497004 0 6 251 3 0
47718 0 6 252 3 1
123965 0 6 252 2 0
194723 0 6 252 3 0
194725 0 6 252 3 0
195167 1 4 252 1 0
195613 0 6 252 1 0
197023 1 3 252 1 1
197140 0 6 252 1 0
216588 1 3 252 4 1
216694 0 6 252 0 0
217055 1 4 252 4 0
217448 0 6 252 1 0
217733 1 3 252 3 1
286746 0 6 252 3 1
335216 1 4 252 1 0
335240 0 6 252 1 0
335505 0 6 252 1 0
336053 0 6 252 1 0
336580 1 3 252 3 1
336671 1 3 252 1 0
341859 0 6 252 3 0
342291 1 4 252 2 0
365161 1 4 252 1 0
195053 1 4 253 1 0
195556 0 6 253 3 0
195674 1 3 253 1 0
196735 0 6 253 1 0
216862 0 6 253 1 0
234246 1 4 253 3 0
236036 1 3 253 3 0
256085 1 4 253 3 0
335767 0 6 253 3 0
335920 1 4 253 2 0
335991 1 4 253 3 0
336075 0 6 253 4 0
363010 0 6 253 1 0
363474 0 6 253 1 0
363512 0 6 253 1 0
364148 0 6 253 1 0
364683 1 4 253 1 0
364970 0 6 253 1 0
365163 1 3 253 1 0
123896 1 3 254 3 0
166194 1 3 254 3 0
197077 0 6 254 1 0
217449 0 6 254 2 1
256086 1 3 254 3 0
335769 1 4 254 1 0
336372 1 3 254 4 0
336553 1 3 254 1 0
336581 0 6 254 3 0
336672 1 4 254 3 0
336727 0 6 254 3 0
336760 0 6 254 1 0
341860 1 3 254 3 0
363214 0 6 254 1 0
364031 1 4 254 1 0
364149 0 6 254 3 0
39380 0 6 255 3 0
61145 0 6 255 3 1
136424 0 6 255 3 0
196115 1 3 255 4 0
196162 0 6 255 1 0
196730 1 3 255 1 0
196768 1 3 255 3 0
197142 0 6 255 3 0
217779 0 6 255 1 0
314117 1 4 255 2 0
314795 0 6 255 3 0
335419 1 4 255 1 0
335450 0 6 255 1 0
335945 0 6 255 1 0
336003 1 4 255 4 0
336189 1 4 255 4 1
336673 0 6 255 3 0
342380 1 4 255 2 0
362907 1 3 255 1 0
363510 0 6 255 1 0
363513 0 6 255 3 0
364125 0 6 255 1 0
365162 0 6 255 1 0
530106 0 6 255 3 1
122334 0 6 256 3 0
195263 0 6 256 1 0
195518 0 6 256 2 0
195937 0 6 256 1 0
216859 0 6 256 0 0
217617 0 6 256 1 0
236037 1 4 256 3 0
309754 1 4 256 3 0
331132 0 6 256 3 0
335267 0 6 256 1 0
335373 0 6 256 1 0
335683 0 6 256 1 0
335858 1 3 256 1 0
335944 1 4 256 0 0
336056 1 2 256 3 0
336068 1 2 256 3 0
336171 1 3 256 4 0
336358 1 5 256 1 0
336444 1 3 256 1 0
363655 0 6 256 1 0
363808 1 3 256 1 0
363812 0 6 256 3 1
364094 0 6 256 3 1
365177 1 2 256 1 0
122235 0 6 257 3 0
162461 1 2 257 3 0
170704 0 6 257 3 0
195616 0 6 257 3 0
195775 1 2 257 1 0
197102 1 3 257 1 0
245139 0 6 257 3 0
313683 1 4 257 3 0
335561 0 6 257 1 0
335921 0 6 257 3 0
336010 1 4 257 1 0
336297 0 6 257 1 0
336546 0 6 257 1 0
336670 1 2 257 1 0
362798 0 6 257 1 0
362903 1 3 257 1 0
362908 0 6 257 1 0
363103 0 6 257 1 0
363502 0 6 257 1 0
363810 0 6 257 2 0
364033 0 6 257 0 0
364855 0 6 257 3 0
195264 0 6 258 1 0
195496 1 4 258 1 0
195675 0 6 258 1 0
197025 1 2 258 1 0
197101 0 6 258 1 0
335276 0 6 258 1 0
335688 1 2 258 3 1
335840 0 6 258 1 0
335946 0 6 258 3 0
336186 0 6 258 3 0
336423 1 2 258 1 0
336443 0 6 258 1 0
356290 0 6 258 3 0
363514 0 6 258 3 0
363621 0 6 258 1 1
490494 0 6 258 3 0
195265 1 3 259 3 0
195388 1 2 259 1 0
196194 1 3 259 1 0
197026 0 6 259 3 0
197141 0 6 259 3 0
231406 1 3 259 2 0
289192 0 6 259 3 0
335243 0 6 259 1 1
335372 0 6 259 0 0
335680 0 6 259 1 0
335865 0 6 259 3 0
335926 0 6 259 1 0
336309 1 4 259 4 1
336359 0 6 259 3 0
336551 1 2 259 1 0
336554 1 3 259 1 0
336556 0 6 259 3 0
336579 1 2 259 3 0
362701 0 6 259 1 0
362800 0 6 259 3 1
363345 0 6 259 1 0
363544 1 3 259 1 0
363968 0 6 259 0 0
30022 1 4 260 3 0
114282 0 6 260 2 0
142242 1 4 260 2 1
194868 1 4 260 1 0
195100 0 6 260 1 0
195495 0 6 260 1 0
195664 0 6 260 1 0
195776 0 6 260 3 0
196423 1 3 260 1 0
197104 0 6 260 3 0
217612 0 6 260 1 0
257124 0 6 260 2 0
335540 1 2 260 1 0
335835 0 6 260 1 0
336154 1 1 260 4 0
336348 0 6 260 1 0
336357 0 6 260 0 0
336429 0 6 260 4 0
345994 1 3 260 2 0
353741 1 2 260 1 0
363403 0 6 260 1 0
363543 1 3 260 0 0
363704 1 4 260 1 0
364656 0 6 260 3 0
552657 0 6 260 3 0
196230 0 6 261 2 0
217043 1 3 261 1 0
229963 1 4 261 3 0
269585 1 3 261 3 0
310663 0 6 261 3 0
335212 1 4 261 1 0
335693 0 6 261 3 0
335725 0 6 261 1 0
335977 0 6 261 1 0
336162 0 6 261 1 0
336263 1 4 261 1 0
336533 0 6 261 1 0
353737 0 6 261 3 1
354274 1 5 261 3 0
362801 1 3 261 3 0
363620 0 6 261 3 0
371697 0 6 261 2 0
142241 1 3 262 1 0
152751 1 2 262 3 0
195098 1 3 262 1 0
195498 1 4 262 1 0
195907 1 3 262 1 0
196081 1 2 262 1 1
196144 1 3 262 1 0
196492 1 5 262 1 0
216345 1 4 262 1 0
336012 0 6 262 2 1
336129 0 6 262 1 0
336425 1 5 262 3 0
363545 1 3 262 2 1
364655 0 6 262 2 0
178741 0 6 263 3 0
194869 0 6 263 3 0
195094 1 4 263 2 0
196193 0 6 263 1 0
196229 0 6 263 1 0
196569 1 4 263 1 0
217044 1 4 263 1 0
257115 1 3 263 1 0
269586 0 6 263 3 1
274630 1 3 263 3 1
335299 1 3 263 1 0
335406 1 5 263 1 0
335539 1 3 263 1 0
335870 1 3 263 1 0
335927 0 6 263 3 0
336013 0 6 263 3 0
336197 0 6 263 1 0
336316 0 6 263 1 0
353742 1 4 263 3 0
363287 1 2 263 1 0
365078 0 6 263 1 0
96781 0 6 264 3 0
195101 0 6 264 3 0
197095 0 6 264 4 1
216346 0 6 264 1 0
216571 1 3 264 1 0
217040 0 6 264 3 0
217439 0 6 264 1 0
256249 1 3 264 1 0
268800 0 6 264 2 0
335409 1 3 264 3 0
335993 0 6 264 1 0
336045 0 6 264 1 0
336264 0 6 264 3 0
336439 0 6 264 1 0
353740 0 6 264 1 0
363336 0 6 264 3 0
363447 1 3 264 4 1
552663 1 4 264 1 0
195499 0 6 265 3 0
216344 1 2 265 0 0
217609 0 6 265 3 0
257116 0 6 265 3 0
257122 0 6 265 3 0
307353 0 6 265 3 1
335770 0 6 265 1 0
335915 0 6 265 3 0
336062 0 6 265 0 0
336123 1 5 265 0 0
336145 0 6 265 1 0
336235 1 4 265 1 0
336246 0 6 265 1 0
336265 0 6 265 4 0
336539 1 2 265 1 0
342763 0 6 265 3 0
362702 0 6 265 2 0
388455 0 6 265 3 0
502018 1 4 265 3 0
86677 0 6 266 3 0
196889 1 3 266 1 0
216514 1 3 266 1 0
216955 0 6 266 1 0
217041 0 6 266 3 0
292866 1 2 266 3 0
320080 0 6 266 2 0
335326 1 3 266 4 0
335407 1 4 266 1 1
335609 0 6 266 4 0
335976 0 6 266 1 0
336005 0 6 266 1 0
336130 0 6 266 3 0
336234 1 3 266 1 0
364650 0 6 266 3 0
365021 0 6 266 3 0
85298 0 6 267 3 0
178738 0 6 267 1 0
195019 1 3 267 1 0
195500 1 3 267 3 0
195510 0 6 267 1 0
196402 0 6 267 1 0
196687 1 3 267 1 0
216347 0 6 267 1 0
216519 1 4 267 4 0
217031 1 3 267 4 0
217045 0 6 267 3 1
217614 1 5 267 1 0
335301 1 2 267 3 0
335309 1 4 267 1 0
335405 0 6 267 1 0
335514 0 6 267 1 0
335726 0 6 267 1 0
335773 1 4 267 3 0
336011 1 4 267 1 1
336205 0 6 267 3 0
336338 1 2 267 2 0
343136 0 6 267 3 0
365140 0 6 267 1 0
388514 1 5 267 3 1
531280 0 6 267 3 0
121042 1 4 268 3 1
142388 0 6 268 3 0
195363 1 3 268 1 0
256248 0 6 268 1 0
257120 0 6 268 1 0
291830 0 6 268 3 0
335335 1 2 268 2 0
335925 0 6 268 1 0
335979 0 6 268 3 0
336046 1 3 268 1 0
336438 1 5 268 1 0
336531 1 4 268 3 0
343137 0 6 268 3 0
363521 0 6 268 1 0
363892 0 6 268 1 1
365028 0 6 268 1 0
386812 0 6 268 4 0
196406 0 6 269 3 0
196689 0 6 269 3 1
197036 1 2 269 1 0
216516 1 3 269 3 1
256251 1 2 269 3 0
256252 0 6 269 3 0
257121 0 6 269 1 0
335978 0 6 269 3 0
335980 0 6 269 1 0
336044 0 6 269 0 0
336424 1 4 269 1 0
336722 1 4 269 2 0
364760 1 4 269 1 0
529756 1 4 269 3 0
543463 0 6 269 3 1
195175 0 6 270 4 0
195364 0 6 270 1 0
195446 0 6 270 1 1
195981 1 4 270 1 0
197110 0 6 270 1 1
202884 0 6 270 3 1
216511 1 3 270 1 0
216688 1 4 270 1 0
217166 0 6 270 1 0
335471 0 6 270 1 0
335472 0 6 270 1 1
335669 0 6 270 1 1
335954 0 6 270 1 0
336151 1 3 270 1 0
336173 0 6 270 1 0
336257 1 3 270 0 0
336757 0 6 270 3 0
363519 1 4 270 1 0
531289 1 2 270 3 0
154551 1 3 271 3 0
195020 0 6 271 3 0
217061 1 4 271 3 0
292073 0 6 271 3 0
335473 1 2 271 1 0
335813 1 4 271 1 0
336146 1 3 271 1 0
336515 0 6 271 2 1
363119 1 3 271 1 0
363523 1 3 271 1 0
474873 1 2 271 3 0
27533 1 3 272 3 0
31750 0 6 272 3 0
194851 1 4 272 3 0
195018 0 6 272 1 0
196386 1 4 272 1 0
196404 0 6 272 2 0
196405 0 6 272 3 0
216800 1 4 272 1 0
217169 0 6 272 1 0
217495 1 4 272 1 1
217777 1 3 272 1 0
335598 0 6 272 3 0
335728 1 4 272 3 0
336149 1 5 272 0 0
336613 1 2 272 1 0
336676 0 6 272 1 0
363530 1 3 272 4 0
363666 0 6 272 1 0
364388 1 4 272 1 0
27531 0 6 273 1 0
144567 1 3 273 2 0
194853 0 6 273 1 0
195362 0 6 273 1 0
195365 0 6 273 3 0
195374 0 6 273 1 0
195982 1 2 273 1 0
196411 1 3 273 3 0
217363 0 6 273 1 0
217775 1 4 273 1 0
217778 0 6 273 1 0
217897 0 6 273 3 0
256820 0 6 273 1 1
257119 1 2 273 1 0
258066 0 6 273 1 0
335265 0 6 273 1 0
335319 0 6 273 0 0
335474 0 6 273 1 0
335489 1 4 273 2 0
336048 0 6 273 3 0
336174 0 6 273 3 0
336175 1 4 273 3 0
336677 1 2 273 2 1
363667 1 4 273 3 0
363668 1 2 273 3 0
363802 1 3 273 1 0
50146 1 2 274 2 1
195361 0 6 274 1 0
216518 0 6 274 3 0
217059 0 6 274 2 0
258070 1 3 274 3 0
292233 0 6 274 0 0
302790 1 3 274 3 0
335329 0 6 274 0 1
335812 0 6 274 1 0
336152 1 4 274 3 1
336517 0 6 274 3 0
363899 1 3 274 0 0
531161 1 2 274 4 0
195021 0 6 275 3 0
195114 1 2 275 1 0
195378 1 3 275 1 0
195406 1 3 275 1 0
195871 0 6 275 1 0
199089 0 6 275 3 0
216435 1 4 275 3 0
217165 0 6 275 0 0
217167 0 6 275 2 0
217447 1 5 275 1 0
258067 1 4 275 1 0
298101 1 3 275 3 0
335647 0 6 275 1 0
336148 1 4 275 3 0
336150 0 6 275 1 0
336596 0 6 275 1 0
336598 1 3 275 3 0
362865 0 6 275 1 0
363803 1 3 275 1 0
364387 0 6 275 1 0
407090 0 6 275 2 0
413391 0 6 275 3 0
27532 1 4 276 3 0
194731 0 6 276 3 0
196525 1 4 276 1 0
216431 1 4 276 0 0
217496 0 6 276 1 0
217776 0 6 276 1 0
217894 0 6 276 1 1
298108 0 6 276 2 0
336420 0 6 276 0 0
364225 0 6 276 1 0
420092 0 6 276 3 1
27529 0 6 277 0 0
195360 0 6 277 1 0
256163 0 6 277 1 0
256829 0 6 277 3 0
258404 0 6 277 3 0
301235 1 3 277 3 0
335492 1 3 277 3 0
335599 1 3 277 3 0
337837 0 6 277 2 1
461044 1 2 277 3 0
20501 0 6 278 2 0
48507 1 3 278 3 0
164763 1 3 278 3 0
195379 0 6 278 3 0
196014 1 5 278 1 0
196048 1 4 278 1 0
197054 0 6 278 1 0
216432 0 6 278 0 0
216493 1 4 278 4 0
217781 1 3 278 3 0
217893 0 6 278 1 0
258157 0 6 278 4 1
281500 1 3 278 2 0
296826 0 6 278 2 1
298097 1 2 278 3 0
335743 1 4 278 1 0
336600 1 3 278 2 0
363191 1 2 278 1 0
363793 1 2 278 1 0
364229 1 3 278 4 0
27528 1 3 279 0 0
194812 1 3 279 1 1
195416 0 6 279 1 0
195596 1 2 279 1 0
196495 0 6 279 1 0
216436 1 3 279 3 1
258065 0 6 279 1 0
258974 0 6 279 4 0
311085 0 6 279 3 0
336595 0 6 279 0 0
363190 1 3 279 1 0
363800 0 6 279 1 0
364222 1 4 279 0 0
364224 1 4 279 1 0
407091 1 2 279 0 1
463219 0 6 279 3 0
196015 1 1 280 1 0
196086 0 6 280 1 0
196326 0 6 280 1 0
217049 1 3 280 3 0
273825 0 6 280 3 0
48504 1 5 281 0 0
49774 1 2 281 3 0
138593 0 6 281 3 0
195797 0 6 281 1 0
196328 1 3 281 3 0
296825 1 3 281 2 0
363194 1 4 281 1 0
364924 1 2 281 1 0
27402 1 3 282 0 0
27530 1 3 282 1 0
195418 1 3 282 3 0
195796 1 3 282 1 0
217780 1 3 282 3 0
257005 1 4 282 1 0
258405 1 4 282 3 0
335600 0 6 282 0 0
335691 0 6 282 0 0
359349 1 3 282 2 0
363193 0 6 282 3 0
363794 0 6 282 2 0
364920 1 4 282 3 0
195302 1 3 283 1 0
195597 0 6 283 3 0
195794 1 4 283 0 0
196497 0 6 283 3 0
256162 1 3 283 1 1
257059 1 4 283 1 1
364228 0 6 283 3 0
364919 0 6 283 1 0
550869 0 6 283 3 0
27526 1 4 284 2 0
142103 0 6 284 3 0
150317 0 6 284 2 0
196327 1 4 284 3 0
196800 0 6 284 1 0
267018 1 3 284 3 0
364927 1 2 284 3 0
370199 0 6 284 2 0
27775 1 4 285 0 0
195795 0 6 285 1 0
195946 1 3 285 1 0
196804 0 6 285 1 0
196916 1 3 285 3 0
256164 0 6 285 3 0
256591 1 2 285 1 1
257948 1 3 285 3 1
296835 1 3 285 3 1
297011 0 6 285 3 0
311084 1 3 285 3 0
363195 1 4 285 1 0
25470 0 6 286 2 1
100057 0 6 286 3 0
196441 1 4 286 1 0
256039 1 4 286 1 0
257058 1 5 286 1 0
364921 0 6 286 3 0
471952 0 6 286 2 0
483279 1 3 286 2 0
195299 1 3 287 0 0
195301 1 3 287 1 0
195947 1 3 287 1 0
197028 0 6 287 2 1
334062 1 3 287 3 0
12777 0 6 288 3 0
27777 1 3 288 3 0
196696 0 6 288 1 0
297006 1 2 288 1 0
158877 0 6 289 3 0
194873 1 4 289 1 0
196796 1 4 289 0 0
196913 1 4 289 1 0
273321 0 6 289 2 0
363196 0 6 289 3 0
196038 0 6 290 1 0
196126 1 3 290 1 0
256038 1 3 290 0 0
256588 1 5 290 0 0
256595 1 4 290 3 0
257060 0 6 290 3 0
257515 1 4 290 1 0
407493 0 6 290 3 0
471940 0 6 290 1 1
471950 1 3 290 1 0
471953 1 3 290 3 1
12776 1 3 291 3 0
30986 0 6 291 2 0
95868 1 4 291 2 0
195304 1 4 291 3 1
27776 1 3 292 1 0
194871 1 3 292 3 0
194874 0 6 292 3 0
195211 1 2 292 1 0
256287 0 6 292 1 0
350165 0 6 292 2 0
27778 1 3 293 3 0
33449 0 6 293 3 0
196132 0 6 293 2 0
196138 1 3 293 1 0
196829 1 3 293 4 0
256041 0 6 293 3 0
257032 0 6 293 1 0
257516 0 6 293 1 0
195640 1 2 294 1 0
196137 1 3 294 1 0
196139 0 6 294 1 0
196795 1 4 294 0 0
471942 1 3 294 1 0
502839 1 3 294 3 0
65881 0 6 295 2 0
194911 1 3 295 1 0
194970 0 6 295 2 1
195643 0 6 295 3 0
257186 1 2 295 3 0
471829 0 6 295 1 0
5434 1 2 296 3 0
195313 1 2 296 1 0
196130 1 3 296 1 0
196213 1 4 296 1 0
196419 1 4 296 1 0
196422 0 6 296 1 0
258040 1 3 296 1 0
350161 1 2 296 3 1
196140 1 4 297 3 0
196421 1 3 297 3 0
257033 1 3 297 1 0
470553 0 6 297 1 0
471388 1 3 297 1 0
195312 1 2 298 1 0
195774 1 3 298 1 0
195786 1 2 298 4 0
196032 0 6 298 1 0
196799 1 4 298 3 0
258175 1 3 298 1 0
258285 1 5 298 1 0
471391 1 4 298 3 0
471939 1 3 298 1 0
160536 0 6 299 3 0
194909 1 2 299 0 0
195231 0 6 299 4 1
196160 1 3 299 1 0
256816 0 6 299 1 0
257077 1 3 299 1 0
257647 0 6 299 1 0
470446 1 4 299 1 1
471843 1 4 299 3 0
195003 1 4 300 1 0
196136 0 6 300 3 0
256979 0 6 300 1 0
257540 1 2 300 1 0
257875 1 2 300 1 0
258048 1 3 300 1 0
470345 1 4 300 1 0
471421 0 6 300 1 0
471840 1 3 300 2 0
195251 1 3 301 1 0
196161 1 3 301 1 0
196212 1 5 301 0 0
196385 1 3 301 1 0
196452 0 6 301 1 0
196908 1 3 301 1 0
257078 1 4 301 3 0
470966 0 6 301 1 0
470979 0 6 301 1 0
471384 1 4 301 3 0
471390 0 6 301 2 0
471475 0 6 301 1 0
471746 1 2 301 1 1
471809 0 6 301 1 0
471941 0 6 301 1 0
50317 1 3 302 2 0
194888 1 3 302 1 0
195315 0 6 302 3 0
195889 0 6 302 1 0
196141 1 3 302 3 0
196157 0 6 302 2 0
196862 1 1 302 1 0
256514 0 6 302 1 0
257075 0 6 302 1 0
257090 0 6 302 1 0
257384 0 6 302 4 1
257645 1 2 302 0 0
471379 0 6 302 3 0
471392 1 3 302 3 0
471812 0 6 302 3 0
471975 1 3 302 3 0
196010 0 6 303 1 0
256357 1 3 303 1 0
256847 0 6 303 1 0
256922 0 6 303 4 1
257535 0 6 303 1 1
470344 1 3 303 0 0
470555 0 6 303 1 0
470709 1 4 303 1 0
471375 1 4 303 1 0
471389 1 3 303 1 0
471459 1 3 303 1 0
471476 1 2 303 1 0
471734 1 4 303 1 0
471931 1 4 303 1 0
194887 1 4 304 1 0
196134 0 6 304 2 0
196460 0 6 304 1 0
196467 0 6 304 1 0
196798 1 4 304 2 0
256237 1 3 304 1 0
256383 0 6 304 1 0
257118 0 6 304 1 0
257383 1 3 304 3 0
257898 0 6 304 1 0
471319 1 4 304 1 0
471635 1 2 304 1 0
471860 0 6 304 1 0
471946 1 3 304 1 0
42062 1 3 305 3 1
196187 1 3 305 1 0
257220 1 4 305 1 0
257901 0 6 305 3 0
258088 1 4 305 4 1
470988 1 3 305 3 0
471047 1 2 305 1 0
471169 1 2 305 1 0
471183 1 3 305 1 0
471387 1 5 305 3 0
471747 0 6 305 2 0
471810 0 6 305 1 0
471885 0 6 305 1 0
480003 0 6 305 3 0
114761 1 2 306 3 0
196155 1 2 306 1 0
196297 0 6 306 1 0
196558 0 6 306 1 0
256279 0 6 306 2 0
257649 1 4 306 3 0
428098 0 6 306 3 0
470179 0 6 306 1 0
470190 1 2 306 1 0
470425 0 6 306 1 0
470554 0 6 306 1 0
470919 1 4 306 1 0
471081 0 6 306 1 0
471215 0 6 306 3 1
471378 1 3 306 3 0
471503 0 6 306 1 0
471745 1 3 306 1 0
194890 1 2 307 3 0
196468 1 5 307 1 0
196911 1 4 307 3 0
256356 0 6 307 1 0
256738 1 3 307 1 0
256973 0 6 307 1 1
471172 0 6 307 3 0
471884 0 6 307 1 0
471916 1 2 307 4 1
39723 0 6 308 3 0
83854 1 4 308 3 0
195120 0 6 308 3 0
196011 1 5 308 1 0
196459 1 3 308 1 0
256311 0 6 308 1 0
257189 0 6 308 1 0
257246 0 6 308 1 0
257322 0 6 308 1 0
470414 0 6 308 4 1
470426 0 6 308 3 0
470918 0 6 308 1 0
471048 0 6 308 1 0
471049 0 6 308 1 1
471082 1 2 308 1 0
471174 0 6 308 4 0
471458 1 3 308 1 0
471478 0 6 308 3 0
471886 1 3 308 1 0
195748 0 6 309 1 0
196330 0 6 309 1 0
252986 0 6 309 3 0
256137 0 6 309 1 0
256238 0 6 309 3 0
256359 1 3 309 3 0
427734 0 6 309 3 0
470178 1 4 309 1 0
470746 0 6 309 1 1
470866 1 3 309 2 0
470908 1 3 309 1 0
470932 1 3 309 1 0
471308 0 6 309 1 0
471373 1 4 309 1 0
471502 0 6 309 1 0
471637 1 2 309 1 0
195421 1 4 310 1 0
195735 0 6 310 1 0
256018 0 6 310 1 1
471050 0 6 310 1 0
471640 1 4 310 4 0
471861 1 3 310 1 0
471910 0 6 310 1 0
473668 1 4 310 3 0
114758 1 2 311 3 0
196009 1 3 311 1 0
196298 1 3 311 3 0
256838 0 6 311 1 1
257340 0 6 311 1 0
257913 0 6 311 1 0
346162 0 6 311 1 0
470911 0 6 311 3 0
471377 0 6 311 1 0
471636 0 6 311 1 0
471749 0 6 311 3 0
471891 1 3 311 3 0
471911 1 3 311 1 0
195750 0 6 312 3 0
196340 0 6 312 1 0
196910 0 6 312 3 1
256739 1 3 312 1 0
257190 0 6 312 1 0
257323 1 4 312 1 0
258272 1 5 312 1 0
427735 1 3 312 3 0
470429 1 3 312 1 0
471154 1 2 312 1 0
471419 1 3 312 1 0
471992 1 3 312 1 0
473663 0 6 312 3 0
195732 0 6 313 1 0
255964 0 6 313 1 0
256142 0 6 313 3 0
422022 0 6 313 3 0
470427 0 6 313 3 0
470469 0 6 313 1 0
470474 1 3 313 1 0
470727 1 4 313 1 0
470921 1 1 313 3 1
470963 1 2 313 1 0
471017 1 2 313 3 0
471504 0 6 313 3 0
471571 0 6 313 1 0
196331 0 6 314 2 0
257243 0 6 314 3 0
257286 1 3 314 1 0
470421 0 6 314 3 0
470749 1 5 314 0 0
470868 0 6 314 3 0
471802 0 6 314 1 0
471913 0 6 314 3 0
195408 0 6 315 1 0
195749 0 6 315 1 0
196338 0 6 315 1 0
196713 0 6 315 1 0
196819 0 6 315 1 0
196933 0 6 315 1 0
197100 0 6 315 1 0
256223 0 6 315 1 0
256508 0 6 315 1 0
256741 0 6 315 3 0
412418 0 6 315 3 0
427187 0 6 315 3 1
470410 0 6 315 1 0
470508 1 4 315 1 0
470734 1 4 315 3 0
470879 0 6 315 1 0
470962 0 6 315 0 0
471422 1 4 315 3 0
471578 1 2 315 1 0
471775 1 4 315 1 0
560323 0 6 315 3 1
149577 0 6 316 3 0
196339 0 6 316 1 0
257729 1 2 316 1 0
422025 0 6 316 4 1
470409 1 3 316 1 1
470419 0 6 316 2 1
470507 0 6 316 1 0
470602 0 6 316 1 0
470730 0 6 316 3 0
470732 0 6 316 1 0
470820 0 6 316 1 0
471331 0 6 316 1 0
471423 0 6 316 3 0
471777 1 3 316 3 0
471804 1 3 316 1 0
471994 1 2 316 3 0
473662 0 6 316 1 0
530853 0 6 316 3 0
195751 0 6 317 3 0
256318 0 6 317 1 0
256874 1 4 317 1 0
257289 0 6 317 3 0
412038 1 3 317 3 0
470459 0 6 317 0 0
470818 0 6 317 0 0
471157 1 4 317 3 0
471160 1 3 317 1 0
471574 1 5 317 1 0
471650 0 6 317 2 0
471774 0 6 317 1 0
530854 1 2 317 3 0
195311 0 6 318 4 0
257287 0 6 318 1 0
258075 0 6 318 1 0
378318 0 6 318 3 0
412420 0 6 318 1 0
418998 0 6 318 3 0
422259 0 6 318 2 0
470510 1 5 318 3 0
470904 0 6 318 1 0
471159 0 6 318 1 0
471581 1 4 318 3 0
471928 0 6 318 4 1
471978 0 6 318 1 0
195919 0 6 319 1 0
196332 0 6 319 3 1
196335 0 6 319 3 0
196715 1 4 319 3 0
256221 0 6 319 0 0
322079 1 3 319 2 0
470331 0 6 319 4 0
470412 0 6 319 3 0
470611 0 6 319 3 0
470731 1 3 319 1 0
470909 1 2 319 1 0
471572 0 6 319 1 0
471575 0 6 319 3 0
471649 1 2 319 2 1
471778 0 6 319 3 0
471785 0 6 319 3 0
471864 1 3 319 3 0
471979 0 6 319 1 0
471985 0 6 319 1 0
473334 1 3 319 1 0
195405 1 3 320 0 0
195917 0 6 320 1 0
196714 0 6 320 3 0
197133 0 6 320 1 1
256683 0 6 320 1 0
256706 1 4 320 1 0
256903 0 6 320 1 0
412552 0 6 320 3 0
467449 0 6 320 3 0
470411 1 3 320 3 0
470423 0 6 320 3 0
470509 1 4 320 3 0
470804 0 6 320 1 0
471256 0 6 320 1 0
471291 0 6 320 1 0
471360 0 6 320 3 1
471577 1 3 320 4 0
471801 1 2 320 1 0
471893 0 6 320 1 0
472527 1 3 320 1 0
491938 1 3 320 3 0
32740 0 6 321 3 0
149576 0 6 321 1 0
195753 0 6 321 3 0
196939 0 6 321 3 0
220275 1 3 321 3 0
256844 0 6 321 1 0
257632 1 3 321 1 0
257730 1 2 321 3 0
322080 0 6 321 2 0
422024 0 6 321 3 0
470491 1 4 321 1 0
470576 1 3 321 2 0
470603 1 3 321 1 0
470605 0 6 321 3 1
470733 0 6 321 3 0
470807 0 6 321 3 0
470925 1 3 321 1 0
471065 0 6 321 3 0
471089 1 3 321 2 0
471161 0 6 321 1 0
471350 0 6 321 1 0
471648 1 3 321 1 0
471895 0 6 321 3 0
474934 0 6 321 3 0
195412 1 4 322 2 0
219994 1 3 322 1 0
470497 0 6 322 1 1
470498 0 6 322 1 0
470608 0 6 322 1 1
470703 1 3 322 1 0
470902 1 4 322 1 0
470926 0 6 322 1 0
471150 0 6 322 1 0
471265 1 4 322 2 0
471270 1 3 322 1 0
471292 0 6 322 1 0
471496 1 3 322 1 0
471696 0 6 322 3 0
471968 1 4 322 1 0
471986 1 3 322 1 0
472523 0 6 322 3 0
189772 0 6 323 3 0
195413 1 3 323 2 0
256705 0 6 323 1 0
256843 1 3 323 1 0
256919 0 6 323 1 0
257337 0 6 323 1 0
470391 0 6 323 1 0
470395 0 6 323 3 0
470490 1 2 323 1 1
470506 1 4 323 1 0
470758 0 6 323 4 0
470912 0 6 323 3 0
470917 1 3 323 1 0
471063 1 5 323 1 0
471163 1 2 323 3 0
471579 1 4 323 1 0
471920 1 2 323 3 0
472530 1 3 323 1 0
472709 0 6 323 1 0
491939 1 4 323 3 0
195407 1 4 324 1 0
195920 0 6 324 3 0
220242 0 6 324 1 0
256273 0 6 324 1 0
258047 0 6 324 1 0
258180 0 6 324 1 0
411332 0 6 324 3 0
470246 0 6 324 1 0
470702 0 6 324 1 0
470760 0 6 324 1 0
471003 1 4 324 1 1
471061 1 2 324 4 0
471091 1 3 324 3 0
471293 0 6 324 1 0
471307 1 4 324 1 0
471309 1 5 324 1 0
471652 0 6 324 3 0
471878 1 4 324 1 0
472297 1 5 324 1 0
472315 0 6 324 1 0
472703 0 6 324 4 1
473814 0 6 324 1 0
474935 1 4 324 3 1
490378 0 6 324 2 1
491935 0 6 324 1 0
491936 0 6 324 1 0
127471 1 3 325 3 0
189773 0 6 325 3 0
220239 1 3 325 0 0
256240 1 3 325 1 0
256494 0 6 325 1 0
256800 1 3 325 1 0
257626 1 3 325 1 0
421890 1 3 325 4 1
470198 0 6 325 1 0
470903 0 6 325 1 0
470924 0 6 325 0 0
471031 0 6 325 1 0
471266 1 3 325 2 0
471469 1 4 325 1 0
471485 0 6 325 1 0
471495 1 4 325 0 0
471573 1 3 325 1 0
471800 0 6 325 3 1
471877 1 4 325 1 0
471981 1 3 325 4 1
472300 1 4 325 3 1
472528 1 3 325 1 0
472529 1 2 325 1 0
472534 0 6 325 2 0
516594 1 3 325 3 1
522719 1 3 325 3 0
559547 0 6 325 3 0
169024 0 6 326 3 1
221144 1 3 326 3 1
256460 1 4 326 1 0
433980 0 6 326 3 0
470327 1 4 326 1 0
470540 0 6 326 1 0
471095 0 6 326 1 0
471269 0 6 326 1 1
471580 0 6 326 3 1
472532 1 3 326 3 0
473815 0 6 326 1 0
476000 1 3 326 2 1
195410 1 3 327 3 0
196045 0 6 327 1 0
221323 0 6 327 1 0
256491 1 2 327 0 0
397649 1 3 327 2 0
470303 1 3 327 1 0
470366 0 6 327 1 0
470500 1 5 327 3 0
470743 0 6 327 3 0
471471 1 4 327 3 0
471799 0 6 327 2 0
471918 0 6 327 1 0
472316 1 2 327 1 0
472428 1 3 327 1 0
473051 0 6 327 1 0
473165 1 3 327 1 0
475771 0 6 327 2 0
559550 0 6 327 3 0
189771 1 4 328 1 0
195035 0 6 328 1 0
208250 1 5 328 3 0
220243 0 6 328 1 0
220244 1 3 328 3 0
256386 0 6 328 1 0
256842 0 6 328 0 0
256912 0 6 328 1 0
257333 0 6 328 1 0
257466 0 6 328 1 0
257529 1 5 328 1 0
470392 1 3 328 1 0
471296 1 4 328 3 1
471310 0 6 328 1 0
471311 0 6 328 3 0
471367 1 2 328 4 0
471866 1 5 328 3 0
472531 0 6 328 3 0
473432 1 4 328 4 0
473856 0 6 328 4 1
523919 0 6 328 3 1
11245 1 4 329 2 0
197090 1 4 329 1 0
205680 0 6 329 3 0
220240 0 6 329 1 0
221340 1 3 329 0 0
256286 1 2 329 1 0
256917 1 4 329 1 0
288991 0 6 329 2 0
471097 1 3 329 3 0
471449 1 3 329 1 0
471602 1 3 329 1 0
473012 1 2 329 3 0
473164 0 6 329 1 0
473555 0 6 329 1 0
473665 1 2 329 1 0
473819 0 6 329 1 0
190571 0 6 330 1 0
191416 0 6 330 3 1
195386 0 6 330 1 0
205689 1 5 330 3 0
221325 0 6 330 3 0
257167 1 4 330 1 0
257332 1 3 330 0 0
257496 0 6 330 1 0
423856 1 2 330 2 0
423979 1 3 330 3 1
426680 1 3 330 2 1
470210 0 6 330 1 0
470329 1 3 330 3 0
470368 0 6 330 1 0
470533 1 4 330 1 0
470574 1 3 330 1 0
471034 0 6 330 3 1
472083 0 6 330 1 0
472213 0 6 330 1 0
473813 0 6 330 1 0
473820 0 6 330 1 0
65509 0 6 331 3 0
256501 1 4 331 1 0
256923 1 3 331 4 1
363290 0 6 331 3 0
404057 1 5 331 3 0
470532 0 6 331 0 0
472312 1 3 331 3 0
473166 1 2 331 1 0
559554 1 5 331 2 1
190305 1 4 332 4 0
196311 1 3 332 1 0
256031 1 2 332 1 0
257716 1 2 332 1 0
316076 0 6 332 2 0
426681 0 6 332 2 0
471295 0 6 332 3 0
471453 1 4 332 2 0
471455 1 4 332 3 0
472319 0 6 332 3 0
472991 1 3 332 3 0
474581 1 3 332 2 1
188167 0 6 333 3 0
220754 1 3 333 0 0
257166 1 2 333 1 0
257497 1 2 333 1 0
257498 0 6 333 1 0
470393 0 6 333 1 0
471440 1 3 333 1 0
471450 0 6 333 1 0
471870 0 6 333 1 1
472318 0 6 333 3 0
473167 1 2 333 2 0
473469 0 6 333 1 0
473821 1 3 333 1 0
476637 1 2 333 2 0
186920 0 6 334 3 0
255995 0 6 334 1 0
256029 0 6 334 1 0
256866 0 6 334 1 0
470515 0 6 334 1 1
470572 0 6 334 1 0
472311 1 2 334 1 0
473514 1 4 334 1 0
473810 0 6 334 3 1
473822 1 3 334 3 0
188168 1 3 335 3 1
190391 0 6 335 4 0
256030 0 6 335 1 0
257335 0 6 335 2 0
257601 0 6 335 1 0
443051 0 6 335 3 0
470577 0 6 335 3 0
472446 0 6 335 4 1
472988 0 6 335 0 0
473338 1 3 335 3 0
34355 0 6 336 3 0
108064 1 3 336 3 0
220524 1 4 336 0 0
257711 1 3 336 1 0
316074 1 2 336 1 0
471454 1 4 336 3 0
471551 1 3 336 3 0
471846 0 6 336 1 0
472310 0 6 336 1 0
472990 1 3 336 1 0
473168 1 3 336 3 0
473470 1 4 336 1 0
220755 0 6 337 2 0
256034 0 6 337 3 0
258200 1 4 337 1 0
471548 0 6 337 0 0
472449 1 4 337 3 0
473163 1 3 337 0 0
256327 0 6 338 3 1
257715 0 6 338 0 0
258276 0 6 338 1 0
426682 1 3 338 3 0
470575 0 6 338 1 0
470720 0 6 338 1 0
472992 1 4 338 3 0
473169 1 3 338 3 0
532211 1 4 338 3 0
106653 0 6 339 3 0
256372 0 6 339 1 0
256725 0 6 339 2 0
257145 0 6 339 1 0
257314 0 6 339 1 0
257717 0 6 339 2 1
457694 0 6 339 3 0
471340 0 6 339 4 0
536507 0 6 339 3 0
188166 1 3 340 1 0
258202 0 6 340 3 0
470585 0 6 340 2 1
471847 0 6 340 2 0
561371 0 6 340 3 0
104287 0 6 341 3 1
257957 1 5 341 0 0
316069 1 4 341 3 0
470719 1 4 341 0 0
471514 0 6 341 1 0
532149 0 6 341 3 0
532210 0 6 341 1 0
188162 0 6 342 0 0
256325 0 6 342 1 0
257718 1 3 342 3 0
258279 1 4 342 3 0
258289 1 3 342 1 0
380823 1 5 342 3 0
426683 0 6 342 3 0
251872 0 6 343 2 0
256003 1 3 343 1 0
256328 0 6 343 3 0
313488 0 6 343 3 1
470302 0 6 343 1 0
470495 1 3 343 3 0
470967 0 6 343 1 0
178358 0 6 344 2 0
258330 0 6 344 1 1
354387 0 6 344 4 1
471341 1 3 344 4 1
471515 1 4 344 2 0
258288 1 3 345 0 0
316071 1 4 345 3 1
349192 0 6 345 3 0
549086 1 4 345 3 0
188163 0 6 346 0 0
188164 1 2 346 1 0
256323 0 6 346 1 0
258287 0 6 346 0 0
531714 1 2 346 1 0
256698 0 6 347 1 0
258290 0 6 347 3 0
531867 1 4 347 1 0
532753 0 6 347 1 0
234396 1 3 348 4 1
316067 1 3 348 1 0
531660 1 3 348 1 0
178355 0 6 349 0 1
188160 1 3 349 2 0
533085 1 3 349 1 1
188156 0 6 350 0 0
256978 0 6 350 2 0
258291 1 2 350 3 1
531566 1 2 350 1 1
531713 1 4 350 0 0
532427 0 6 350 0 0
188502 0 6 351 1 0
531565 0 6 351 1 0
531632 0 6 351 0 0
531706 0 6 351 1 0
532582 1 2 351 1 0
244205 1 3 352 3 0
531567 1 4 352 1 0
531656 1 2 352 4 1
532503 1 3 352 1 0
531568 0 6 353 2 0
531669 1 3 353 0 0
531712 0 6 353 0 0
533068 1 2 353 1 0
531661 1 4 354 1 0
532214 1 5 354 0 0
532584 1 3 354 1 0
533251 0 6 354 1 0
178353 1 4 355 2 0
188783 1 3 355 1 0
532087 1 3 355 1 0
532216 1 2 355 3 0
532583 0 6 355 1 1
532641 1 3 355 1 0
532979 1 3 355 1 0
532910 0 6 356 1 0
532944 1 3 356 1 0
533257 0 6 356 1 0
533287 1 2 356 3 1
187952 1 4 357 1 0
531659 0 6 357 1 0
533066 1 3 357 0 0
187884 0 6 358 1 0
531663 1 3 358 3 0
531670 1 2 358 0 0
532272 0 6 358 0 0
532324 0 6 358 1 0
532852 0 6 358 1 0
532943 0 6 358 1 1
532945 1 4 358 2 0
187612 1 4 359 1 0
188858 1 3 359 1 0
531408 0 6 359 1 0
532086 0 6 359 1 0
532213 1 4 359 0 0
532274 1 2 359 1 0
532907 0 6 359 4 0
532980 0 6 359 1 0
533048 1 4 359 1 0
533070 0 6 359 3 0
188202 0 6 360 1 0
502367 0 6 360 3 0
532279 1 3 360 3 0
533295 1 3 360 3 1
178351 0 6 361 0 0
531492 1 2 361 1 0
531862 0 6 361 0 0
532237 1 3 361 1 0
532530 0 6 361 1 0
533069 0 6 361 3 0
533309 1 3 361 3 0
187613 1 2 362 1 0
531749 1 3 362 2 0
532188 0 6 362 0 0
532207 1 5 362 1 0
532602 0 6 362 4 1
532908 0 6 362 4 1
533047 1 3 362 1 0
533263 0 6 362 3 0
533307 0 6 362 1 0
531702 0 6 363 1 0
532000 0 6 363 3 1
532070 0 6 363 1 0
532175 1 3 363 1 0
532191 0 6 363 3 0
532236 1 4 363 0 0
532273 1 3 363 1 0
532275 1 3 363 1 0
532278 1 3 363 3 0
532327 0 6 363 3 0
175734 1 4 364 3 0
458491 0 6 364 3 0
532201 1 4 364 1 0
532311 0 6 364 1 0
533290 1 4 364 3 0
533321 0 6 364 1 0
