317568 2 1 3 0
10705 3 2 3 0
88376 3 2 3 0
194574 3 2 3 0
202348 3 2 1 0
299738 3 2 3 1
321482 4 3 3 0
74202 5 4 3 0
129471 5 3 3 1
387025 5 4 1 0
409249 5 2 3 1
127317 6 2 1 0
134815 6 2 3 0
350527 6 3 3 1
387970 6 3 1 0
10703 7 3 4 1
93453 7 3 1 0
127313 7 2 3 0
387969 8 1 1 0
127319 9 3 1 0
127316 10 3 1 0
127681 10 3 1 0
230420 11 4 1 0
388677 11 1 1 1
127717 13 3 3 0
203406 13 2 0 1
386839 13 3 3 0
388730 13 4 4 0
128372 14 3 1 0
128373 14 2 1 1
230699 14 2 3 0
387561 14 3 1 0
230805 15 2 1 0
452567 16 2 3 0
127543 17 3 1 0
203026 17 3 3 0
127853 18 2 1 0
128151 18 3 1 0
320761 18 4 3 0
386838 18 4 3 0
452564 18 3 1 0
126956 19 2 1 0
127655 19 4 1 0
128535 19 3 1 0
232153 19 2 1 0
127846 20 2 1 0
230801 20 2 1 0
386836 20 2 3 0
128537 21 2 1 0
127856 22 4 3 0
128066 22 3 3 0
128078 22 2 1 0
128508 22 3 1 0
128663 22 2 4 1
128672 22 2 1 0
21520 23 3 3 1
127798 23 3 1 0
127799 23 2 1 0
127834 23 2 1 0
128077 23 2 1 0
96757 24 2 1 0
127333 24 2 1 0
127847 24 3 1 0
127849 24 3 1 0
128080 24 2 3 0
128099 24 3 1 0
97304 25 2 3 0
97308 25 4 1 0
96759 26 1 1 1
97311 26 2 3 0
98656 26 3 1 0
127126 26 3 3 0
127567 26 2 3 0
231721 26 4 2 0
97302 27 2 1 0
127238 27 3 3 0
96760 28 3 3 1
97305 28 3 1 0
127133 28 2 3 0
127433 28 3 3 1
128135 28 4 4 0
128351 28 3 4 0
128851 28 3 1 0
331274 28 4 3 1
127267 29 3 3 0
127640 29 4 1 0
128800 29 2 2 0
113505 30 3 2 0
126963 30 2 1 1
312045 30 2 3 0
96761 31 4 3 0
127275 31 3 1 0
127665 31 3 1 0
97021 32 3 1 0
127274 32 5 1 0
218200 32 2 1 0
126962 33 2 0 0
127632 33 3 0 0
128350 33 2 4 1
128541 33 2 3 0
277408 37 3 3 0
97949 39 2 3 0
127080 39 4 1 0
128154 39 2 1 0
128463 39 4 1 1
492443 39 3 2 0
127082 42 2 1 0
128462 43 3 0 0
127043 44 3 1 0
128123 44 5 2 0
128455 45 2 1 0
127081 46 1 1 0
127679 47 4 1 0
127674 48 2 1 0
128458 48 4 3 0
103223 49 2 3 1
127673 49 2 1 0
128094 49 3 1 0
128451 49 4 3 0
128454 49 3 3 0
127687 50 2 3 0
127850 50 3 3 0
128338 50 3 1 0
128456 51 4 2 1
126884 52 2 2 0
128639 53 1 0 0
127041 54 3 1 0
127017 55 2 4 1
127194 55 2 1 0
127779 55 3 1 0
127828 55 2 4 0
183897 55 4 2 0
351248 55 4 3 1
127112 56 3 1 0
138835 56 4 1 0
138162 57 3 1 0
146851 57 2 3 0
127152 58 3 1 0
128335 58 2 1 0
138424 58 3 1 0
138786 58 3 1 0
344682 58 3 3 0
128185 59 3 1 0
127111 60 4 1 0
127115 60 3 3 0
128333 60 2 1 0
138218 60 2 1 0
138836 60 3 3 0
127439 61 3 1 0
127586 61 2 4 0
139958 61 3 1 0
127440 62 3 3 0
138785 62 3 0 0
138995 62 2 1 0
139459 62 3 3 1
138123 63 4 3 1
128772 64 3 1 0
139229 64 2 1 0
127170 65 3 1 0
138286 65 3 1 0
138758 65 3 1 0
139021 65 3 4 1
139939 66 3 1 1
127151 67 4 1 0
210986 67 2 2 0
367567 67 3 3 0
138760 68 2 3 0
139032 68 3 1 0
139087 68 3 4 0
139593 68 1 3 0
236937 68 1 3 1
138177 69 4 1 0
138180 69 4 1 0
138441 69 1 1 0
139392 69 2 2 0
145631 69 2 1 0
146502 69 3 3 1
119474 70 2 3 0
128039 70 4 1 0
128517 70 3 1 0
138175 70 4 1 0
138722 70 2 1 0
138893 70 2 2 0
210987 70 2 3 1
126950 71 2 3 0
127343 71 2 1 0
145633 71 2 3 1
146545 71 2 1 0
146737 71 3 1 0
367566 71 4 2 0
26064 72 2 1 0
128041 72 3 3 0
128469 72 2 3 1
139846 72 4 1 0
285672 72 3 2 0
128038 73 2 1 0
138181 73 3 1 0
138723 73 1 1 0
139040 73 2 4 1
322550 73 2 3 0
127344 74 2 1 0
138395 74 2 4 1
138399 74 3 1 0
138878 74 2 3 0
139394 74 2 1 0
129105 75 3 2 1
138200 75 4 2 0
138400 75 2 1 0
138875 75 2 1 0
138894 75 4 2 0
145614 75 3 1 0
145796 75 3 1 1
147056 75 3 1 0
25402 76 3 1 0
128281 76 2 3 1
139802 76 2 1 0
147050 76 2 1 0
25021 77 2 1 0
128181 77 4 1 0
145953 77 3 3 0
146130 77 3 1 0
146461 77 2 1 0
146845 77 3 3 0
238631 77 4 3 0
492138 77 3 3 0
138192 78 4 1 0
139567 78 3 1 0
434631 78 3 3 0
127342 79 3 1 0
138274 79 4 1 0
145906 79 3 1 0
322995 79 2 1 0
25620 80 3 1 0
128488 80 4 4 0
128655 80 2 1 0
139468 80 2 1 0
145797 80 4 1 0
146160 80 4 1 1
238628 80 3 3 1
322546 80 2 1 0
127054 81 3 1 0
138548 81 2 1 0
145898 81 3 4 0
146998 81 4 3 0
147082 81 3 1 0
254790 81 3 3 0
322487 81 4 1 0
358338 81 3 0 1
126905 82 3 1 0
129194 82 4 3 0
138273 82 4 1 0
138738 82 2 1 0
138930 82 2 1 1
139599 82 2 1 0
139635 82 4 1 0
139948 82 3 1 0
146162 82 4 3 0
239313 82 2 1 0
255824 82 2 3 0
323404 82 2 1 0
24906 83 3 3 0
25020 83 2 1 0
25022 83 3 3 0
25404 83 3 2 0
128860 83 4 1 0
138155 83 2 1 0
139107 83 3 0 0
139238 83 2 1 1
139937 83 4 1 0
145782 83 4 4 0
146114 83 3 1 0
322898 83 2 1 0
138961 84 4 1 0
139471 84 3 3 0
139847 84 4 3 0
147081 84 3 1 0
253750 84 3 3 0
322484 84 2 1 0
358339 84 4 2 0
24825 85 3 1 0
24908 85 3 3 0
139938 85 3 3 0
146662 85 2 4 0
323204 85 3 1 0
138542 86 2 1 0
138844 86 3 3 0
145894 86 4 1 0
146785 86 3 1 0
147054 86 3 3 1
27307 87 3 2 0
127986 87 4 1 0
138562 87 4 4 0
139047 87 3 4 1
139950 87 2 3 0
321412 87 2 1 0
321895 87 2 1 0
323469 87 2 4 1
417255 87 3 3 0
25495 88 2 1 0
139793 88 3 1 1
145543 88 1 1 0
458990 88 4 3 0
25045 89 2 1 1
25684 89 3 1 0
138543 89 2 1 0
146026 89 3 3 0
240707 89 3 1 0
321580 89 2 1 0
321898 89 2 3 0
458989 89 4 2 0
486394 89 2 3 0
322998 90 4 3 0
24788 91 4 1 0
25447 91 2 1 1
138215 91 1 1 0
138518 91 3 4 0
145837 91 3 1 0
323068 91 3 0 0
26325 92 2 1 0
139791 92 3 1 0
240383 92 1 0 1
240384 92 3 1 0
323171 92 2 1 0
24690 93 4 1 0
25582 93 3 1 0
25804 93 3 1 0
25985 93 3 1 0
26317 93 3 1 0
138158 93 3 1 0
139697 93 3 1 0
240706 93 5 1 0
321634 93 3 1 0
145546 94 2 3 1
239318 94 3 3 1
240708 94 4 1 0
321680 94 2 3 0
413875 94 3 2 0
25214 95 3 1 0
25231 95 2 1 0
25604 95 2 1 0
138287 95 2 1 0
323170 95 1 0 0
323208 95 3 1 0
413876 95 2 4 0
469371 95 3 3 0
24826 96 3 1 0
25883 96 2 1 0
26011 96 4 1 0
145866 96 1 4 1
147048 96 3 4 0
240115 96 3 3 0
322086 96 3 1 0
322310 96 2 4 0
323273 96 2 1 0
138651 97 3 1 0
200065 97 2 3 0
240385 97 1 1 0
322191 97 2 3 0
323172 97 3 1 0
239380 98 3 1 0
239492 98 3 1 0
322494 98 4 1 0
25307 99 3 3 0
138157 99 3 1 0
199646 99 3 4 0
201268 99 2 3 0
322098 99 2 3 0
322493 99 3 0 0
322721 99 3 1 0
240102 100 3 3 0
321841 100 3 1 0
323363 100 3 4 1
24792 101 1 0 0
24793 101 3 1 0
24889 101 2 1 0
24992 101 3 2 0
24994 101 4 2 0
25233 101 4 1 0
25884 101 5 1 0
26013 101 4 3 0
236850 101 3 3 0
240120 101 5 1 0
240536 101 2 1 0
240761 101 3 1 0
321534 101 3 3 0
323248 101 2 1 0
323439 101 2 3 0
25052 102 2 1 0
26007 102 3 2 0
240395 102 3 1 0
322095 102 2 0 0
323250 102 2 3 0
24900 103 2 1 0
25078 103 2 1 0
25288 103 2 1 0
25423 103 3 1 0
239491 103 4 0 0
321568 103 3 3 0
323059 103 4 1 0
25015 104 3 3 0
25420 104 3 1 0
238854 104 2 3 0
239075 104 2 3 0
321906 104 3 1 0
3121 105 4 3 1
25118 105 4 3 0
25232 105 3 1 0
25382 105 3 3 0
139191 105 2 0 0
239486 105 3 2 0
240118 105 3 4 0
240539 105 3 3 0
322361 105 2 4 0
322887 105 2 1 0
323193 105 3 3 0
139192 106 2 1 0
322096 106 3 1 0
322860 106 2 1 1
25421 107 3 1 0
26331 107 3 2 0
323058 107 4 0 0
323765 107 2 3 0
25557 108 5 2 0
139194 108 3 3 0
240432 108 3 0 0
321480 108 1 1 0
321768 108 3 1 0
322889 108 3 3 0
25013 109 1 1 0
25370 109 3 1 0
25540 109 1 0 0
25541 109 3 1 0
74472 109 4 3 0
239716 109 2 0 0
240109 109 3 3 0
322611 109 4 4 1
323077 109 2 1 0
323200 109 4 3 1
489327 109 3 2 0
25012 110 3 0 0
139525 110 3 1 0
238933 110 3 4 1
239488 110 3 3 0
322890 110 4 3 0
323253 110 2 1 1
25580 111 3 3 0
139127 111 1 3 0
322234 111 2 1 0
322888 111 4 2 0
26107 112 2 4 1
49376 112 4 3 0
157268 112 3 2 0
197470 112 2 3 0
239115 112 3 0 0
321717 112 4 1 0
26170 113 3 0 0
115413 113 2 3 0
146191 113 4 1 0
312230 113 2 1 0
530416 113 2 3 0
26173 114 2 3 0
323254 114 3 1 0
25922 115 3 0 0
215812 115 3 3 0
323255 116 3 2 0
530414 116 2 1 0
322245 118 3 2 0
322488 118 3 1 0
312145 119 3 2 0
321929 119 2 1 0
25949 120 2 4 0
322769 120 2 1 1
26172 121 2 2 1
239104 121 2 3 0
322703 121 3 1 0
530704 121 2 3 0
118757 122 3 3 0
312724 123 3 3 0
26247 124 3 0 0
85801 124 2 2 0
311993 124 2 1 0
357779 124 2 2 0
238852 125 1 1 0
312200 125 3 3 0
318051 125 2 2 1
323048 125 4 1 0
323050 125 5 1 0
323392 125 3 1 0
187532 126 4 3 0
525332 126 3 3 1
26249 127 2 3 0
240873 127 1 1 0
529260 127 4 3 0
26250 128 3 3 0
240874 128 3 1 0
323316 128 3 1 0
181890 130 3 2 0
239344 130 2 1 0
323125 130 2 1 0
420155 131 2 2 0
23964 132 4 3 0
107346 132 4 3 0
317149 132 2 1 0
322062 132 2 1 0
181887 133 2 1 1
182889 133 3 3 0
239124 133 2 1 0
318108 133 3 1 0
318212 133 2 3 0
26293 134 3 4 1
108754 134 3 3 0
318599 134 4 2 0
322454 134 1 3 0
318210 135 3 1 0
321548 135 3 1 0
322063 135 2 3 1
322766 135 3 1 0
25995 136 4 3 0
239455 136 2 3 0
239999 136 2 1 0
240064 136 3 1 0
318936 136 4 1 0
322776 136 3 1 0
323130 136 3 3 0
317150 137 3 1 0
240164 138 1 1 0
321550 138 2 3 0
238871 139 2 1 0
239482 139 2 1 0
318816 139 3 1 0
239992 140 3 1 0
240062 140 3 0 0
318167 140 4 1 0
321725 140 3 2 0
239400 141 1 1 0
239401 141 2 1 0
322775 141 4 1 0
257019 142 2 1 0
323277 142 3 3 0
359943 142 3 1 0
522730 142 3 0 0
239895 143 2 3 0
240338 143 4 3 0
522736 143 2 3 0
381840 144 1 2 0
422078 144 3 3 0
239584 145 4 3 0
239764 145 3 4 0
239981 145 3 1 0
239988 145 4 3 0
240618 145 2 1 0
257018 145 2 1 0
238926 146 3 1 0
360271 146 4 1 0
362100 146 3 1 0
503424 146 2 3 0
323099 147 2 1 0
239296 148 2 1 0
239582 148 3 1 0
240629 148 2 1 0
422077 148 3 3 1
239011 149 2 1 0
239016 149 3 1 0
240477 149 2 1 0
240644 149 3 1 0
256574 149 2 3 0
322218 149 2 1 0
239109 150 4 3 0
239125 150 2 1 0
323103 150 2 4 1
322518 151 2 1 0
362254 151 2 1 0
240476 152 2 0 0
323129 152 4 1 0
239585 153 4 3 0
240812 153 4 2 1
321436 153 3 4 1
323398 153 3 3 0
239868 154 1 2 0
360665 154 3 3 0
238835 155 2 3 0
321891 155 3 4 1
323176 155 2 0 0
359959 155 4 1 0
362164 155 2 1 0
240790 156 4 1 0
284443 156 3 2 0
286117 156 2 1 0
322516 156 4 1 0
238855 157 2 3 1
239014 157 4 3 0
240621 157 3 1 0
490547 157 2 3 0
11098 158 4 3 1
240634 158 4 1 0
362587 158 4 3 0
321837 159 3 1 0
322451 159 3 0 0
238856 160 3 3 0
240728 160 3 3 0
31010 162 2 3 0
239286 162 3 1 0
284717 163 3 3 0
360438 163 3 1 0
13602 164 4 4 0
240307 165 3 1 0
360436 165 2 0 0
361525 165 2 1 0
361894 165 2 1 0
362645 165 2 1 0
239653 166 3 1 0
240079 166 3 1 0
359801 166 3 3 0
361529 166 1 2 0
240080 167 2 1 0
271028 167 2 3 0
360437 167 1 0 0
360440 167 4 2 0
362178 167 1 1 0
13990 168 3 3 0
239175 168 2 1 0
239624 168 3 1 0
239654 168 4 2 0
359804 168 2 1 0
360439 168 3 1 0
361016 168 2 1 0
362290 168 1 1 0
15112 169 4 3 0
360441 169 3 3 1
361661 169 3 1 0
361924 169 1 1 0
361937 169 2 1 0
362387 169 3 1 0
239051 170 2 0 0
239626 170 3 1 0
239652 170 2 1 0
240711 171 3 1 0
240788 171 2 4 1
359835 171 2 1 0
359986 171 2 0 0
359987 171 4 1 0
360960 171 3 1 0
239178 172 3 3 1
360961 172 2 1 0
362119 172 3 1 0
239169 173 2 1 0
239627 173 4 2 0
359820 173 2 1 0
360513 173 3 1 0
361630 173 3 1 0
361939 173 3 3 0
361942 173 4 1 0
359805 174 3 1 0
361471 174 3 1 0
361541 174 2 1 0
362121 174 3 1 0
360779 175 3 0 0
362647 175 4 3 0
488295 175 2 3 0
360122 176 2 1 0
360781 176 3 3 0
368933 176 2 3 0
145172 177 1 3 0
239417 177 3 3 0
240887 177 4 0 0
308892 177 3 3 0
360129 177 3 1 0
360181 177 4 3 0
239586 178 3 1 0
240774 178 4 0 0
360084 178 2 1 0
360778 178 1 0 0
362623 178 2 2 0
193157 179 3 3 1
359815 179 4 3 0
360544 179 2 3 1
359908 180 3 2 0
360372 180 3 1 0
360986 180 4 1 0
92794 181 2 3 0
360162 181 4 1 0
361800 181 3 1 0
146261 182 3 2 0
240890 182 3 2 0
360043 182 3 1 0
360049 182 3 1 1
410089 182 3 2 0
556487 182 3 3 0
360969 183 2 0 0
361066 183 3 1 0
362428 183 4 1 0
362429 183 2 3 1
362541 183 2 1 0
362632 183 3 1 0
204411 184 3 3 0
239982 184 2 1 0
360855 184 2 1 0
361609 184 3 1 0
362024 184 2 1 0
362624 184 5 3 0
426557 184 2 2 1
360373 185 3 3 0
360500 185 2 1 1
362165 185 3 1 0
239181 186 2 1 0
360385 186 1 1 0
360625 186 4 1 0
361941 186 4 1 0
362083 186 2 1 1
362301 186 3 1 0
364732 186 2 3 0
359887 187 3 3 0
360483 187 3 1 0
360545 187 3 3 1
361041 187 4 1 0
361918 187 4 1 0
361945 187 2 0 0
238989 188 3 1 0
240205 188 1 1 0
360815 188 3 1 0
361333 188 2 1 0
361612 188 3 3 0
362037 188 3 1 0
362359 188 4 1 0
405540 188 3 3 0
240047 189 2 1 0
240183 189 4 1 0
270001 189 4 2 0
359961 189 2 1 0
360423 189 2 1 0
360502 189 3 1 0
360551 189 2 1 0
360909 189 2 3 0
361107 189 3 1 0
361349 189 3 1 0
361755 189 4 1 0
155540 190 3 3 0
195213 190 4 1 0
360046 190 2 0 0
360543 190 3 3 0
361243 190 2 1 0
361681 190 4 4 1
361967 190 3 0 0
364730 190 3 1 0
239085 191 3 1 1
239590 191 2 1 0
240154 191 2 1 0
270058 191 3 3 1
313677 191 2 3 0
360443 191 4 1 0
360697 191 2 1 0
360898 191 1 1 0
361347 191 1 1 0
361656 191 2 1 0
361757 191 1 1 1
361865 191 3 1 0
362028 191 2 3 0
362516 191 3 1 0
217559 192 4 3 1
240087 192 4 1 0
361364 192 2 0 0
361892 192 4 1 0
77233 193 2 3 0
217555 193 2 2 0
240344 193 3 0 0
359948 193 3 3 1
360427 193 3 4 0
360457 193 3 1 0
360699 193 2 3 0
361496 193 2 1 0
361759 193 3 3 0
77237 194 4 3 0
195073 194 3 1 0
359853 194 3 1 0
360503 194 4 3 0
361106 194 4 1 0
361324 194 3 1 0
361610 194 2 1 0
361723 194 2 3 0
362643 194 2 3 0
362664 194 3 2 0
428265 194 3 4 0
240343 195 3 0 0
240346 195 2 2 0
360258 195 3 2 0
361064 195 1 3 1
361103 195 3 1 0
361302 195 2 3 0
361441 195 3 1 0
361864 195 2 0 0
362479 195 2 1 0
362670 195 2 3 0
397480 195 4 3 0
36989 196 2 2 0
203977 196 2 2 0
288259 196 2 3 0
361048 196 3 0 0
362041 196 3 3 1
362262 196 3 3 0
362414 196 2 3 0
362665 196 3 2 0
363017 196 3 1 0
490862 196 2 1 0
490864 196 4 2 0
533330 196 3 2 0
153740 197 3 3 0
239167 197 2 3 0
359854 197 1 3 0
360058 197 3 1 0
361419 197 2 1 0
361443 197 2 3 1
364018 197 2 3 0
490865 197 3 3 0
535312 197 3 3 0
222105 198 2 3 0
360462 198 1 0 0
361505 198 3 4 0
361721 198 3 2 0
362251 198 2 1 0
362561 198 1 1 0
374077 198 4 3 0
462273 198 3 3 1
195072 199 4 1 0
196078 199 2 3 0
360052 199 4 1 0
360783 199 3 1 0
361102 199 3 1 0
361774 199 4 1 0
361801 199 2 1 1
194794 200 2 0 0
195075 200 3 3 1
239269 200 1 1 0
240841 200 2 1 0
356108 200 4 3 0
360468 200 2 3 0
360595 200 2 1 0
364490 200 2 1 0
366377 200 3 3 0
408310 200 3 1 0
217545 201 4 0 0
222103 201 1 1 0
239725 201 2 1 0
240805 201 3 1 0
356112 201 2 2 0
360808 201 2 1 0
409553 201 1 2 0
409958 201 3 3 0
29153 202 2 3 0
105654 202 3 3 1
239936 202 4 1 0
304122 202 2 2 0
408308 202 2 1 0
360014 203 4 1 0
360311 203 3 1 0
361208 203 2 1 0
409955 203 2 3 1
410464 203 4 3 0
415952 203 3 3 0
195437 204 3 0 0
195443 204 2 3 0
217309 204 3 3 0
239724 204 3 0 0
240795 204 2 1 0
240849 204 4 4 0
304123 204 3 3 0
360810 204 3 3 0
361044 204 4 0 0
361805 204 4 4 0
364481 204 3 0 0
427918 204 3 1 0
489829 204 3 4 0
216598 205 1 1 0
217929 205 3 1 0
329518 205 3 3 0
353043 205 2 3 0
360215 205 2 1 1
415951 205 3 3 0
195438 206 2 0 0
239727 206 2 3 0
312018 206 4 2 0
344644 206 3 3 0
360368 206 1 2 0
362056 206 2 1 0
430378 206 3 3 0
240842 207 4 3 0
242749 207 4 3 0
360015 207 4 2 0
360109 207 3 0 0
360339 207 3 1 0
490809 207 3 3 0
360402 208 2 1 0
364450 208 3 0 0
364452 208 4 1 0
489885 208 1 4 0
216771 209 4 1 0
217673 209 3 3 0
383864 209 3 3 0
407468 209 4 2 1
73344 210 2 3 0
239036 210 3 4 0
360341 210 2 3 0
363437 210 4 1 0
407469 210 2 2 0
430025 210 3 3 0
430821 210 3 3 0
158910 211 2 2 0
195440 211 4 1 0
195708 211 2 1 0
216410 211 2 3 0
238953 211 2 3 0
363072 211 4 2 0
195068 212 3 1 0
217680 212 3 1 0
344645 212 4 3 0
360404 212 3 3 0
363840 212 2 1 0
430024 212 2 1 0
84491 213 2 3 0
216268 213 2 1 0
217278 213 3 1 0
217946 213 2 1 0
253861 213 3 2 0
360167 213 3 2 1
363838 213 3 1 0
365167 213 3 1 0
407470 213 3 3 0
431035 213 3 3 0
489433 213 3 3 1
33745 214 2 2 0
195441 214 4 2 0
217073 214 2 3 0
217381 214 2 1 0
323883 214 3 3 0
363652 214 2 1 0
384209 214 4 3 0
430023 214 2 3 0
217681 215 2 3 0
217838 215 2 1 0
304193 215 3 2 0
364451 215 3 0 0
428365 215 3 1 0
195064 216 3 1 0
196790 216 4 1 0
196988 216 2 3 0
216309 216 2 1 0
216605 216 4 1 0
217376 216 3 4 0
361490 216 4 1 0
363375 216 4 1 0
363881 216 4 4 0
216245 217 2 1 0
217832 217 2 1 0
344934 217 2 0 1
361510 217 2 3 1
365168 217 2 1 0
196784 218 2 3 0
217141 218 3 4 1
217190 218 3 1 0
217587 218 3 1 0
358699 218 4 4 1
195065 219 2 1 0
196986 219 3 3 1
216889 219 2 3 0
363993 219 4 1 0
364165 219 4 3 0
196133 220 3 1 1
196978 220 2 1 0
216604 220 3 1 0
344263 220 3 3 0
196325 221 3 3 0
216391 221 3 3 0
344936 221 3 3 0
361492 221 4 1 0
363559 221 3 1 0
363562 221 4 4 0
63881 222 4 2 0
104186 222 3 3 0
140170 222 3 2 0
180414 222 1 3 0
196084 222 2 0 0
216498 222 3 1 0
217269 222 1 1 0
363804 222 2 3 0
364363 222 2 0 0
196591 223 3 1 0
239644 223 4 2 0
362733 223 3 1 0
363335 223 1 1 0
191360 224 2 3 0
196504 224 1 1 1
217057 224 3 1 0
277955 224 3 3 1
94898 225 3 3 0
104188 225 3 3 1
172400 225 2 3 0
195948 225 1 1 0
216738 225 4 1 0
216923 225 2 1 0
217198 225 4 1 0
94983 226 2 3 0
196088 226 3 3 0
196589 226 2 1 0
215081 226 2 3 0
216893 226 3 1 0
217478 226 3 4 0
363579 226 4 1 0
363964 226 4 3 0
364367 226 3 3 0
365119 226 4 0 0
362732 227 2 1 0
364511 227 2 1 0
198772 228 4 3 0
216456 228 3 1 0
196590 229 1 1 0
197097 229 4 1 0
216744 229 2 1 0
217730 229 1 1 0
365159 229 3 1 0
403510 229 2 3 0
216895 230 2 3 0
363583 230 3 0 0
364599 230 4 1 0
216746 231 2 3 0
363712 231 3 1 0
195877 232 3 1 0
217185 232 3 1 0
403521 232 2 3 0
157412 233 2 2 0
195927 233 4 1 0
217288 233 2 1 0
362974 233 4 1 0
364598 233 3 1 0
416462 233 4 3 0
195878 234 3 2 0
363005 234 2 1 0
216961 235 2 1 0
217557 235 2 1 0
340070 235 2 3 0
169226 236 2 2 1
216652 236 3 1 0
362754 236 2 1 0
364765 236 4 3 0
155803 237 3 3 0
196967 237 1 1 0
216463 237 3 1 0
217100 237 2 1 0
195902 238 4 1 0
217289 238 3 3 0
361658 238 3 3 0
546279 238 3 3 0
66142 239 3 2 0
216348 239 2 3 0
217012 239 2 1 0
217370 239 4 1 0
217435 239 3 1 0
335339 239 3 1 0
216206 240 4 1 0
216287 240 3 3 0
364424 240 3 1 0
216879 241 4 1 0
217105 241 3 2 0
217118 241 1 1 0
314793 241 2 1 0
363647 241 2 1 0
196479 242 3 1 1
216189 242 2 1 1
216457 242 4 1 0
216459 242 2 3 0
217014 242 3 2 0
335850 242 3 1 0
336324 242 1 1 1
363404 242 2 1 0
216789 243 3 1 0
336484 243 3 1 0
364289 243 2 1 0
216455 244 3 0 0
216465 244 2 3 0
216885 244 2 1 0
217011 244 2 0 0
217072 244 2 3 0
217369 244 2 1 0
314792 244 2 1 0
335262 244 3 1 0
335327 244 3 4 1
335756 244 4 1 0
364429 244 2 3 0
216803 245 3 3 0
217475 245 2 1 0
335269 245 3 3 0
335765 245 3 1 0
335818 245 2 1 0
336180 245 1 1 0
336211 245 4 1 0
336214 245 3 1 0
336325 245 2 1 0
363939 245 2 1 0
195554 246 3 1 0
196964 246 2 1 0
216190 246 4 1 0
216715 246 3 1 0
216770 246 4 1 0
217009 246 3 3 0
335917 246 3 1 0
335989 246 1 1 0
363118 246 2 1 0
216550 247 4 2 0
216695 247 3 1 0
217438 247 3 1 0
335996 247 4 1 0
335997 247 3 1 0
364147 247 3 1 0
126067 248 3 3 0
217595 248 2 4 0
363940 248 3 3 0
364093 248 2 1 0
195167 249 2 1 0
217055 249 2 4 0
335216 249 2 1 0
335811 249 4 3 0
342291 249 2 2 0
363809 249 3 1 0
365161 249 2 1 0
138826 250 4 3 0
195053 250 2 1 0
197023 250 3 1 1
216588 250 3 4 1
217733 250 3 3 1
234246 250 2 3 0
256085 250 2 3 0
335920 250 2 2 0
335991 250 2 3 0
336500 250 4 1 1
336580 250 3 3 1
336671 250 3 1 0
364683 250 2 1 0
195674 251 3 1 0
236036 251 3 3 0
335769 251 2 1 0
336672 251 2 3 0
364031 251 2 1 0
365163 251 3 1 0
123896 252 3 3 0
166194 252 3 3 0
256086 252 3 3 0
314117 252 2 2 0
335419 252 2 1 0
336003 252 2 4 0
336189 252 2 4 1
336358 252 1 1 0
336372 252 3 4 0
336553 252 3 1 0
341860 252 3 3 0
342380 252 2 2 0
196115 253 3 4 0
196730 253 3 1 0
196768 253 3 3 0
236037 253 2 3 0
309754 253 2 3 0
335944 253 2 0 0
362907 253 3 1 0
313683 254 2 3 0
335858 254 3 1 0
336010 254 2 1 0
336171 254 3 4 0
336444 254 3 1 0
363808 254 3 1 0
195496 255 2 1 0
197102 255 3 1 0
336056 255 4 3 0
336068 255 4 3 0
362903 255 3 1 0
365177 255 4 1 0
162461 256 4 3 0
195775 256 4 1 0
336309 256 2 4 1
336670 256 4 1 0
30022 257 2 3 0
142242 257 2 2 1
194868 257 2 1 0
195265 257 3 3 0
196194 257 3 1 0
197025 257 4 1 0
231406 257 3 2 0
335688 257 4 3 1
336423 257 4 1 0
336554 257 3 1 0
354274 257 1 3 0
363544 257 3 1 0
363704 257 2 1 0
195388 258 4 1 0
196423 258 3 1 0
196492 258 1 1 0
229963 258 2 3 0
335212 258 2 1 0
336263 258 2 1 0
336425 258 1 3 0
336551 258 4 1 0
336579 258 4 3 0
345994 258 3 2 0
363543 258 3 0 0
195498 259 2 1 0
216345 259 2 1 0
217043 259 3 1 0
269585 259 3 3 0
335406 259 1 1 0
335540 259 4 1 0
353741 259 4 1 0
362801 259 3 3 0
142241 260 3 1 0
195094 260 2 2 0
195098 260 3 1 0
195907 260 3 1 0
196144 260 3 1 0
196569 260 2 1 0
217044 260 2 1 0
336154 260 5 4 0
353742 260 2 3 0
363545 260 3 2 1
152751 261 4 3 0
196081 261 4 1 1
257115 261 3 1 0
274630 261 3 3 1
335299 261 3 1 0
335539 261 3 1 0
335870 261 3 1 0
336123 261 1 0 0
552663 261 2 1 0
216571 262 3 1 0
256249 262 3 1 0
335409 262 3 3 0
336235 262 2 1 0
363287 262 4 1 0
363447 262 3 4 1
502018 262 2 3 0
217614 263 1 1 0
335407 263 2 1 1
388514 263 1 3 1
196889 264 3 1 0
216344 264 4 0 0
216514 264 3 1 0
216519 264 2 4 0
335309 264 2 1 0
335326 264 3 4 0
335773 264 2 3 0
336011 264 2 1 1
336234 264 3 1 0
336438 264 1 1 0
336539 264 4 1 0
121042 265 2 3 1
195019 265 3 1 0
195500 265 3 3 0
196687 265 3 1 0
217031 265 3 4 0
292866 265 4 3 0
336531 265 2 3 0
195363 266 3 1 0
335301 266 4 3 0
336046 266 3 1 0
336338 266 4 2 0
336424 266 2 1 0
336722 266 2 2 0
364760 266 2 1 0
529756 266 2 3 0
195981 267 2 1 0
216516 267 3 3 1
216688 267 2 1 0
335335 267 4 2 0
363519 267 2 1 0
197036 268 4 1 0
216511 268 3 1 0
217061 268 2 3 0
256251 268 4 3 0
335813 268 2 1 0
336149 268 1 0 0
336151 268 3 1 0
336257 268 3 0 0
154551 269 3 3 0
194851 269 2 3 0
196386 269 2 1 0
216800 269 2 1 0
217495 269 2 1 1
335728 269 2 3 0
336146 269 3 1 0
363119 269 3 1 0
363523 269 3 1 0
364388 269 2 1 0
531289 269 4 3 0
27533 270 3 3 0
217775 270 2 1 0
217777 270 3 1 0
335473 270 4 1 0
335489 270 2 2 0
336175 270 2 3 0
363530 270 3 4 0
363667 270 2 3 0
474873 270 4 3 0
144567 271 3 2 0
196411 271 3 3 0
217447 271 1 1 0
336152 271 2 3 1
336613 271 4 1 0
363802 271 3 1 0
195982 272 4 1 0
216435 272 2 3 0
257119 272 4 1 0
258067 272 2 1 0
258070 272 3 3 0
302790 272 3 3 0
336148 272 2 3 0
336677 272 4 2 1
363668 272 4 3 0
363899 272 3 0 0
27532 273 2 3 0
50146 273 4 2 1
195378 273 3 1 0
195406 273 3 1 0
196525 273 2 1 0
216431 273 2 0 0
298101 273 3 3 0
336598 273 3 3 0
363803 273 3 1 0
531161 273 4 4 0
195114 274 4 1 0
196014 274 1 1 0
196048 275 2 1 0
216493 275 2 4 0
301235 275 3 3 0
335492 275 3 3 0
335599 275 3 3 0
335743 275 2 1 0
48507 276 3 3 0
164763 276 3 3 0
217781 276 3 3 0
281500 276 3 2 0
336600 276 3 2 0
364222 276 2 0 0
364224 276 2 1 0
364229 276 3 4 0
461044 276 4 3 0
27528 277 3 0 0
48504 277 1 0 0
194812 277 3 1 1
216436 277 3 3 1
298097 277 4 3 0
363190 277 3 1 0
363191 277 4 1 0
363793 277 4 1 0
195596 278 4 1 0
217049 278 3 3 0
363194 278 2 1 0
407091 278 4 0 1
196328 279 3 3 0
257005 279 2 1 0
258405 279 2 3 0
296825 279 3 2 0
364920 279 2 3 0
27402 280 3 0 0
27530 280 3 1 0
49774 280 4 3 0
195418 280 3 3 0
195794 280 2 0 0
195796 280 3 1 0
196015 280 5 1 0
217780 280 3 3 0
257059 280 2 1 1
359349 280 3 2 0
364924 280 4 1 0
27526 281 2 2 0
195302 281 3 1 0
196327 281 2 3 0
256162 281 3 1 1
27775 282 2 0 0
257058 282 1 1 0
267018 282 3 3 0
363195 282 2 1 0
195946 283 3 1 0
196441 283 2 1 0
196916 283 3 3 0
256039 283 2 1 0
257948 283 3 3 1
296835 283 3 3 1
311084 283 3 3 0
364927 283 4 3 0
256591 284 4 1 1
483279 284 3 2 0
195299 285 3 0 0
195301 285 3 1 0
195947 285 3 1 0
334062 285 3 3 0
27777 286 3 3 0
194873 286 2 1 0
196796 286 2 0 0
196913 286 2 1 0
256588 286 1 0 0
256595 287 2 3 0
257515 287 2 1 0
297006 287 4 1 0
95868 288 2 2 0
195304 288 2 3 1
196126 288 3 1 0
256038 288 3 0 0
471950 288 3 1 0
471953 288 3 3 1
12776 289 3 3 0
27776 290 3 1 0
194871 290 3 3 0
27778 291 3 3 0
195211 291 4 1 0
196138 291 3 1 0
196795 291 2 0 0
196829 291 3 4 0
196137 292 3 1 0
471942 292 3 1 0
502839 292 3 3 0
194911 293 3 1 0
195640 293 4 1 0
196213 293 2 1 0
196419 293 2 1 0
196130 294 3 1 0
196140 294 2 3 0
257186 294 4 3 0
258040 294 3 1 0
258285 294 1 1 0
5434 295 4 3 0
195313 295 4 1 0
196421 295 3 3 0
196799 295 2 3 0
257033 295 3 1 0
350161 295 4 3 1
471388 295 3 1 0
471391 295 2 3 0
195774 296 3 1 0
258175 296 3 1 0
470446 296 2 1 1
471843 296 2 3 0
471939 296 3 1 0
195003 297 2 1 0
195312 297 4 1 0
195786 297 4 4 0
196160 297 3 1 0
196212 297 1 0 0
257077 297 3 1 0
470345 297 2 1 0
194909 298 4 0 0
257078 298 2 3 0
258048 298 3 1 0
471384 298 2 3 0
471840 298 3 2 0
195251 299 3 1 0
196161 299 3 1 0
196385 299 3 1 0
196908 299 3 1 0
257540 299 4 1 0
257875 299 4 1 0
50317 300 3 2 0
194888 300 3 1 0
196141 300 3 3 0
470709 300 2 1 0
471375 300 2 1 0
471392 300 3 3 0
471734 300 2 1 0
471746 300 4 1 1
471931 300 2 1 0
471975 300 3 3 0
194887 301 2 1 0
196798 301 2 2 0
256357 301 3 1 0
257645 301 4 0 0
470344 301 3 0 0
471319 301 2 1 0
471387 301 1 3 0
471389 301 3 1 0
471459 301 3 1 0
196862 302 5 1 0
256237 302 3 1 0
257220 302 2 1 0
257383 302 3 3 0
258088 302 2 4 1
471476 302 4 1 0
471946 302 3 1 0
42062 303 3 3 1
196187 303 3 1 0
196468 303 1 1 0
257649 303 2 3 0
470919 303 2 1 0
470988 303 3 3 0
471183 303 3 1 0
471635 303 4 1 0
196011 304 1 1 0
196911 304 2 3 0
471047 304 4 1 0
471169 304 4 1 0
471378 304 3 3 0
471745 304 3 1 0
83854 305 2 3 0
114761 305 4 3 0
196155 305 4 1 0
256738 305 3 1 0
470190 305 4 1 0
194890 306 4 3 0
196459 306 3 1 0
470178 306 2 1 0
471373 306 2 1 0
471458 306 3 1 0
471886 306 3 1 0
471916 306 4 4 1
195421 307 2 1 0
256359 307 3 3 0
470866 307 3 2 0
470908 307 3 1 0
470932 307 3 1 0
471082 307 4 1 0
471640 307 2 4 0
473668 307 2 3 0
258272 308 1 1 0
471637 308 4 1 0
471861 308 3 1 0
196009 309 3 1 0
196298 309 3 3 0
257323 309 2 1 0
471891 309 3 3 0
471911 309 3 1 0
114758 310 4 3 0
256739 310 3 1 0
427735 310 3 3 0
470429 310 3 1 0
470727 310 2 1 0
470749 310 1 0 0
471419 310 3 1 0
471992 310 3 1 0
470474 311 3 1 0
471154 311 4 1 0
257286 312 3 1 0
470508 312 2 1 0
470734 312 2 3 0
470963 312 4 1 0
471017 312 4 3 0
471422 312 2 3 0
471775 312 2 1 0
470921 313 5 3 1
471574 313 1 1 0
256874 314 2 1 0
470409 314 3 1 1
470510 314 1 3 0
471157 314 2 3 0
471578 314 4 1 0
471777 314 3 3 0
471804 314 3 1 0
257729 315 4 1 0
412038 315 3 3 0
471160 315 3 1 0
471581 315 2 3 0
471994 315 4 3 0
196715 316 2 3 0
530854 316 4 3 0
256706 317 2 1 0
322079 317 3 2 0
470509 317 2 3 0
470731 317 3 1 0
471864 317 3 3 0
473334 317 3 1 0
195405 318 3 0 0
470411 318 3 3 0
470491 318 2 1 0
470909 318 4 1 0
471577 318 3 4 0
471649 318 4 2 1
472527 318 3 1 0
491938 318 3 3 0
195412 319 2 2 0
220275 319 3 3 0
257632 319 3 1 0
470576 319 3 2 0
470603 319 3 1 0
470902 319 2 1 0
470925 319 3 1 0
471063 319 1 1 0
471089 319 3 2 0
471265 319 2 2 0
471648 319 3 1 0
471801 319 4 1 0
471968 319 2 1 0
219994 320 3 1 0
257730 320 4 3 0
470506 320 2 1 0
470703 320 3 1 0
471270 320 3 1 0
471309 320 1 1 0
471496 320 3 1 0
471579 320 2 1 0
471986 320 3 1 0
472297 320 1 1 0
491939 320 2 3 0
195407 321 2 1 0
195413 321 3 2 0
256843 321 3 1 0
470917 321 3 1 0
471003 321 2 1 1
471307 321 2 1 0
471878 321 2 1 0
472530 321 3 1 0
474935 321 2 3 1
470490 322 4 1 1
471091 322 3 3 0
471163 322 4 3 0
471469 322 2 1 0
471495 322 2 0 0
471877 322 2 1 0
471920 322 4 3 0
472300 322 2 3 1
127471 323 3 3 0
220239 323 3 0 0
256240 323 3 1 0
256460 323 2 1 0
256800 323 3 1 0
257626 323 3 1 0
421890 323 3 4 1
470327 323 2 1 0
470500 323 1 3 0
471061 323 4 4 0
471266 323 3 2 0
471573 323 3 1 0
471981 323 3 4 1
472528 323 3 1 0
516594 323 3 3 1
522719 323 3 3 0
208250 324 1 3 0
221144 324 3 3 1
257529 324 1 1 0
471471 324 2 3 0
471866 324 1 3 0
472529 324 4 1 0
472532 324 3 3 0
476000 324 3 2 1
189771 325 2 1 0
195410 325 3 3 0
397649 325 3 2 0
470303 325 3 1 0
471296 325 2 3 1
472428 325 3 1 0
473165 325 3 1 0
473432 325 2 4 0
11245 326 2 2 0
197090 326 2 1 0
205689 326 1 3 0
220244 326 3 3 0
256491 326 4 0 0
256917 326 2 1 0
470392 326 3 1 0
472316 326 4 1 0
221340 327 3 0 0
257167 327 2 1 0
404057 327 1 3 0
470533 327 2 1 0
471097 327 3 3 0
471367 327 4 4 0
471449 327 3 1 0
471602 327 3 1 0
559554 327 1 2 1
256286 328 4 1 0
256501 328 2 1 0
257332 328 3 0 0
423979 328 3 3 1
426680 328 3 2 1
470329 328 3 3 0
470574 328 3 1 0
473012 328 4 3 0
473665 328 4 1 0
190305 329 2 4 0
256923 329 3 4 1
423856 329 4 2 0
471453 329 2 2 0
471455 329 2 3 0
472312 329 3 3 0
196311 330 3 1 0
472991 330 3 3 0
473166 330 4 1 0
474581 330 3 2 1
220754 331 3 0 0
256031 331 4 1 0
257716 331 4 1 0
471440 331 3 1 0
473514 331 2 1 0
473821 331 3 1 0
257166 332 4 1 0
257497 332 4 1 0
473167 332 4 2 0
473822 332 3 3 0
476637 332 4 2 0
188168 333 3 3 1
220524 333 2 0 0
471454 333 2 3 0
472311 333 4 1 0
473338 333 3 3 0
473470 333 2 1 0
108064 334 3 3 0
257711 334 3 1 0
258200 334 2 1 0
471551 334 3 3 0
472449 334 2 3 0
472990 334 3 1 0
473168 334 3 3 0
316074 335 4 1 0
472992 335 2 3 0
473163 335 3 0 0
532211 335 2 3 0
426682 336 3 3 0
473169 336 3 3 0
257957 337 1 0 0
188166 338 3 1 0
316069 338 2 3 0
380823 338 1 3 0
470719 338 2 0 0
258279 339 2 3 0
257718 340 3 3 0
258289 340 3 1 0
256003 341 3 1 0
470495 341 3 3 0
471515 341 2 2 0
316071 342 2 3 1
471341 342 3 4 1
549086 342 2 3 0
258288 343 3 0 0
531867 344 2 1 0
188164 345 4 1 0
531714 345 4 1 0
234396 346 3 4 1
316067 346 3 1 0
531660 346 3 1 0
188160 347 3 2 0
531713 347 2 0 0
533085 347 3 1 1
258291 349 4 3 1
531566 349 4 1 1
531567 349 2 1 0
244205 350 3 3 0
532214 350 1 0 0
532503 350 3 1 0
532582 350 4 1 0
531656 351 4 4 1
531661 351 2 1 0
531669 351 3 0 0
178353 352 2 2 0
532584 352 3 1 0
533068 352 4 1 0
188783 353 3 1 0
532087 353 3 1 0
532641 353 3 1 0
532979 353 3 1 0
187952 354 2 1 0
532216 354 4 3 0
532944 354 3 1 0
532945 355 2 2 0
533066 355 3 0 0
533287 355 4 3 1
187612 356 2 1 0
531663 356 3 3 0
532213 356 2 0 0
533048 356 2 1 0
188858 357 3 1 0
531670 357 4 0 0
532207 358 1 1 0
532274 358 4 1 0
532279 358 3 3 0
533295 358 3 3 1
532237 359 3 1 0
533309 359 3 3 0
531492 360 4 1 0
531749 360 3 2 0
532236 360 2 0 0
533047 360 3 1 0
175734 361 2 3 0
187613 361 4 1 0
532175 361 3 1 0
532201 361 2 1 0
532273 361 3 1 0
532275 361 3 1 0
532278 361 3 3 0
533045 361 1 0 0
533290 361 2 3 0
531701 362 2 1 0
533049 362 2 3 0
532177 363 3 1 0
532304 363 3 0 0
532308 363 3 3 0
532400 363 3 3 0
532832 363 3 1 1
216835 364 2 2 0
532072 364 3 1 0
532691 364 4 1 1
533211 364 4 1 0
