156255 0 3 5 1
417364 0 3 5 3
417366 0 3 5 3
417368 0 3 5 3
446787 0 3 5 3
420320 0 4 5 4
547590 0 4 5 1
547592 0 4 5 1
547593 0 4 5 1
12263 0 5 5 3
177180 0 5 5 3
538362 1 6 5 3
169928 0 7 5 3
169929 0 7 5 3
417364 0 7 5 1
417365 0 7 5 1
417367 0 7 5 1
538364 0 8 5 1
285437 0 9 5 1
285439 0 9 5 1
488107 0 10 5 3
547832 0 10 5 1
285440 1 12 5 1
487163 0 14 5 3
547837 0 14 5 1
547838 0 14 5 1
538322 0 15 5 1
285691 0 16 5 1
285693 0 16 5 1
285695 0 16 5 1
538321 0 16 5 1
538322 0 16 5 1
538324 0 16 5 1
547167 0 16 5 3
547229 1 16 5 1
284784 0 18 5 1
284786 0 18 5 1
284787 0 18 5 1
284901 0 18 5 1
284902 0 18 5 1
284903 0 18 5 1
537963 0 18 5 3
537966 0 18 5 3
284714 0 19 5 3
284716 0 19 5 3
285837 0 19 5 1
285841 0 19 5 1
547828 0 19 5 3
547830 0 19 5 3
548163 0 19 5 4
548164 0 19 5 4
284659 0 20 5 1
285078 0 20 5 3
538490 0 20 5 1
547167 0 20 5 0
547168 0 20 5 0
547169 0 20 5 0
285084 0 21 5 1
285086 0 21 5 1
284793 1 22 5 1
284900 0 22 5 3
284901 0 22 5 3
285079 0 22 5 1
285328 0 22 5 1
285586 0 22 5 1
285588 0 22 5 1
538370 0 22 5 1
547801 0 22 5 1
285415 0 23 5 1
285547 0 23 5 3
433883 0 23 5 3
433884 0 23 5 3
433885 0 23 5 3
433886 0 23 5 3
546937 1 23 5 1
547956 0 23 5 1
547959 0 23 5 1
284807 1 24 5 1
285066 0 24 5 1
285067 0 24 5 1
285477 0 24 5 1
285479 0 24 5 1
285480 0 24 5 1
547166 1 24 5 3
547857 1 24 5 0
547859 1 24 5 0
547861 1 24 5 0
547905 1 24 5 1
547907 1 24 5 1
547908 1 24 5 1
547909 1 24 5 1
546787 0 25 5 1
546788 0 25 5 1
547433 0 25 5 1
547903 0 25 5 1
547907 0 25 5 1
547908 0 25 5 1
547909 0 25 5 1
284793 0 26 5 1
284794 0 26 5 1
285478 0 26 5 1
286152 0 26 5 3
285413 0 27 5 3
285416 0 27 5 3
285417 0 27 5 3
286199 0 27 5 1
468279 0 27 5 3
468280 0 27 5 3
547904 0 27 5 1
547908 0 27 5 1
547909 0 27 5 1
548016 1 27 5 0
284808 1 28 5 1
284809 1 28 5 1
284810 1 28 5 1
285233 0 28 5 1
285236 0 28 5 1
285879 1 28 5 1
285880 1 28 5 1
546819 0 28 5 1
546821 0 28 5 1
546823 0 28 5 1
547861 0 28 5 0
548173 0 28 5 3
285090 1 29 5 1
285091 1 29 5 1
285413 0 29 5 3
285418 0 29 5 3
546544 0 29 5 1
547539 0 29 5 1
141919 1 30 5 3
285237 1 30 5 1
285253 0 30 5 1
285256 0 30 5 1
285257 0 30 5 1
285877 0 30 5 3
397056 1 30 5 1
397057 1 30 5 1
546672 0 30 5 1
546673 0 30 5 1
285556 0 31 5 3
285607 0 31 5 1
285610 0 31 5 1
285612 0 31 5 1
285607 0 31 5 2
285608 0 31 5 2
285609 0 31 5 2
285646 0 31 5 1
285800 0 31 5 1
285924 1 31 5 1
285928 1 31 5 1
285993 0 31 5 1
285994 0 31 5 1
285995 0 31 5 1
286071 0 31 5 1
286072 0 31 5 1
320552 0 31 5 3
320555 0 31 5 3
546423 0 31 5 2
548009 1 31 5 4
285712 0 32 5 1
285713 0 32 5 1
285715 0 32 5 1
285717 0 32 5 1
546613 0 32 5 3
546616 0 32 5 3
546978 0 32 5 1
285042 0 33 5 4
285536 0 33 5 1
285607 0 33 5 3
285609 0 33 5 3
285610 0 33 5 3
285924 0 33 5 1
396367 0 33 5 1
396368 0 33 5 1
546821 0 33 5 0
546822 0 33 5 0
546823 0 33 5 0
546824 0 33 5 0
546974 0 33 5 3
546976 0 33 5 3
547691 0 33 5 1
547720 1 33 5 1
547721 1 33 5 1
547723 1 33 5 1
547724 1 33 5 1
103693 0 34 5 3
285254 0 34 5 0
285256 1 34 5 1
285257 1 34 5 1
285458 0 34 5 3
285460 0 34 5 3
405533 0 34 5 3
405534 0 34 5 3
505599 0 34 5 3
547199 0 34 5 4
548126 0 34 5 1
548127 0 34 5 1
548131 0 34 5 1
284818 0 35 5 1
284819 0 35 5 1
284837 0 35 5 1
284839 0 35 5 1
285859 1 35 5 1
285860 1 35 5 1
285861 1 35 5 1
285992 0 35 5 1
285994 0 35 5 1
406730 0 35 5 4
546974 0 35 5 1
89564 0 36 5 3
284919 0 36 5 1
285087 0 36 5 3
285089 0 36 5 3
285198 1 36 5 1
285950 0 36 5 3
548125 0 36 5 0
548128 0 36 5 0
548130 0 36 5 0
110004 0 37 5 1
110005 0 37 5 1
319968 1 37 5 1
285105 1 38 5 1
285858 0 38 5 1
285860 0 38 5 1
286194 0 38 5 0
286195 0 38 5 0
320808 0 38 5 1
320809 0 38 5 1
320810 0 38 5 1
396894 0 38 5 2
396896 0 38 5 2
494639 0 38 5 3
498837 1 38 5 3
548013 0 38 5 1
548014 0 38 5 1
21847 0 39 5 3
102704 0 39 5 3
285253 0 39 5 3
285254 0 39 5 3
285441 0 39 5 1
285442 0 39 5 1
285444 0 39 5 1
285445 0 39 5 1
286219 0 39 5 1
286220 0 39 5 1
546606 0 39 5 1
546607 0 39 5 1
546608 0 39 5 1
285858 0 40 5 3
546603 1 40 5 1
546605 1 40 5 1
546606 1 40 5 1
546607 1 40 5 1
546608 1 40 5 1
407044 1 41 5 1
425764 0 41 5 3
425766 0 41 5 3
546587 0 41 5 2
547455 0 41 5 1
547456 0 41 5 1
547457 0 41 5 1
547701 0 41 5 1
101965 0 42 5 3
283143 0 42 5 4
425765 0 42 5 1
425766 0 42 5 1
547033 0 42 5 1
548080 0 42 5 1
548081 0 42 5 1
285078 0 43 5 1
285080 0 43 5 1
285350 0 43 5 1
285352 0 43 5 1
546603 0 43 5 3
546605 0 43 5 3
547033 0 43 5 1
547454 0 43 5 0
547455 0 43 5 0
547456 0 43 5 0
547458 0 43 5 0
546605 1 44 5 0
546608 1 44 5 0
546860 0 44 5 3
546862 0 44 5 3
548042 0 44 5 1
548047 0 44 5 1
548048 0 44 5 1
286042 1 45 5 1
406917 1 45 5 1
406918 1 45 5 1
424515 1 45 5 1
424516 1 45 5 1
546413 0 45 5 1
546414 0 45 5 1
546500 0 45 5 0
546502 0 45 5 0
546503 0 45 5 0
546504 0 45 5 0
546499 0 45 5 1
546664 0 45 5 1
546960 0 45 5 1
546962 0 45 5 1
546975 0 45 5 1
546996 0 45 5 1
546998 0 45 5 1
547000 0 45 5 1
547274 0 45 5 1
547523 0 45 5 3
547524 0 45 5 3
547744 0 45 5 0
547746 0 45 5 0
548033 0 45 5 1
548036 0 45 5 1
548037 0 45 5 1
548038 0 45 5 1
548042 0 45 5 1
548045 0 45 5 1
114283 0 46 5 3
114284 0 46 5 3
192087 0 46 5 2
285505 0 46 5 2
285507 0 46 5 2
320929 1 46 5 1
320930 1 46 5 1
548046 1 46 5 1
548047 1 46 5 1
548043 0 46 5 3
548045 0 46 5 3
548048 0 46 5 3
284695 1 47 5 1
285354 0 47 5 1
546615 0 47 5 1
546616 0 47 5 1
548192 0 47 5 1
548193 0 47 5 1
284690 0 48 5 1
284691 0 48 5 1
284693 0 48 5 1
284997 0 48 5 1
284999 0 48 5 1
285001 0 48 5 1
379369 0 48 5 2
546861 0 48 5 0
546997 1 48 5 2
546998 1 48 5 2
547583 0 48 5 1
547584 0 48 5 1
547587 0 48 5 1
548034 0 48 5 1
548037 0 48 5 1
548184 0 48 5 1
548185 0 48 5 1
285515 0 49 5 4
546746 0 49 5 1
546747 0 49 5 1
546748 0 49 5 1
546750 0 49 5 1
546751 0 49 5 1
546748 1 49 5 1
546749 1 49 5 1
546750 1 49 5 1
546751 1 49 5 1
546997 1 49 5 1
546999 1 49 5 1
548184 0 49 5 2
548185 0 49 5 2
548186 0 49 5 2
548187 0 49 5 2
548189 0 49 5 2
546746 0 50 5 1
546749 0 50 5 1
546750 0 50 5 1
546751 0 50 5 1
547135 0 50 5 1
547137 0 50 5 1
548006 0 50 5 3
424290 1 51 5 1
424291 1 51 5 1
424294 1 51 5 1
546502 0 51 5 3
546504 0 51 5 3
546543 0 51 5 1
546545 0 51 5 1
546746 1 51 5 2
546747 1 51 5 2
547240 0 51 5 1
547241 0 51 5 1
547585 0 51 5 0
547586 0 51 5 0
547624 0 51 5 1
547627 0 51 5 1
547641 1 51 5 1
547643 1 51 5 1
547644 1 51 5 1
547765 0 51 5 1
547152 0 52 5 1
547154 0 52 5 1
547209 0 52 5 1
547398 0 52 5 1
547399 0 52 5 1
548175 0 52 5 3
548176 0 52 5 3
548179 0 52 5 3
548180 0 52 5 3
548238 0 52 5 3
548239 0 52 5 3
548241 0 52 5 3
284794 0 53 5 1
284995 0 53 5 3
284997 0 53 5 3
284998 0 53 5 3
285001 0 53 5 3
424962 0 53 5 1
457035 0 53 5 3
546745 0 53 5 2
546748 0 53 5 2
546751 0 53 5 2
546792 0 53 5 1
546793 0 53 5 1
546795 0 53 5 1
546796 0 53 5 1
547238 0 53 5 3
547239 0 53 5 3
547241 0 53 5 3
547624 0 53 5 3
65501 0 54 5 3
65503 0 54 5 3
65505 0 54 5 3
425204 0 54 5 1
546577 0 54 5 1
546579 0 54 5 1
547266 1 54 5 3
547395 1 54 5 1
547405 0 54 5 4
424291 0 55 5 1
424294 0 55 5 1
424295 0 55 5 1
424296 0 55 5 1
546454 1 55 5 1
547395 0 55 5 3
547396 0 55 5 3
547397 0 55 5 3
548055 0 55 5 1
548058 0 55 5 1
548059 0 55 5 1
548189 0 55 5 1
425198 0 56 5 3
425199 0 56 5 3
425200 0 56 5 3
425201 0 56 5 3
425736 1 56 5 1
547330 1 56 5 3
547331 1 56 5 3
547359 0 56 5 2
547361 0 56 5 2
548199 0 56 5 1
548200 0 56 5 1
65498 0 57 5 1
65499 0 57 5 1
65500 0 57 5 1
284893 0 57 5 0
425295 1 57 5 1
546517 1 57 5 1
546518 1 57 5 1
546969 0 57 5 1
546971 0 57 5 1
546972 0 57 5 1
547661 0 57 5 1
81980 0 58 5 3
81982 0 58 5 3
424736 1 58 5 1
424738 1 58 5 1
425307 0 58 5 1
425309 0 58 5 1
487388 0 58 5 3
487389 0 58 5 3
487392 0 58 5 3
547576 0 58 5 2
65497 0 59 5 3
313681 0 59 5 3
424626 1 59 5 1
424628 1 59 5 1
424629 1 59 5 1
424630 1 59 5 1
547440 0 60 5 3
284688 0 61 5 3
284873 0 61 5 2
424737 1 61 5 1
424738 1 61 5 1
286211 0 62 5 3
455578 1 62 5 1
455580 1 62 5 1
547577 0 62 5 1
547580 0 62 5 1
424246 0 63 5 3
455646 0 63 5 1
455649 0 63 5 1
546491 0 63 5 1
546492 0 63 5 1
546493 0 63 5 1
546496 0 63 5 1
63626 0 64 5 4
425307 0 64 5 3
425309 0 64 5 3
546468 0 64 5 1
546471 0 64 5 1
546472 0 64 5 1
546474 0 64 5 1
63625 0 68 5 4
548221 0 68 5 1
456282 0 70 5 3
456285 0 70 5 3
546495 0 71 5 1
539593 0 73 5 3
539595 0 73 5 3
456147 0 74 5 3
455807 1 75 5 1
455808 1 75 5 1
456430 1 76 5 1
456431 1 76 5 1
455806 0 79 5 3
456146 0 79 5 3
456148 0 79 5 3
544381 1 80 5 3
455118 0 81 5 1
456824 0 85 5 1
498835 1 294 5 3
498837 1 294 5 3
498840 1 294 5 3
