66332 1 3 6 3 0
83815 0 6 6 4 0
114646 0 6 6 3 0
117078 0 6 6 1 0
156260 0 6 6 3 0
179002 1 3 6 3 0
179918 1 2 6 3 0
215365 0 6 6 1 0
220831 1 3 6 3 0
226169 0 6 6 3 0
254397 0 6 6 3 0
274671 1 2 6 1 0
282808 1 1 6 3 0
297979 0 6 6 2 0
360624 1 2 6 2 0
419512 0 6 6 1 0
426617 0 6 6 2 1
527550 0 6 6 3 0
539580 0 6 6 2 1
553745 0 6 6 3 0
226453 0 6 7 3 1
420414 0 6 7 1 0
226454 1 3 8 3 0
271417 0 6 8 3 0
115776 0 6 9 1 0
420416 1 3 9 3 0
448230 1 2 9 3 0
226765 0 6 10 3 0
274675 1 4 10 3 1
360623 0 6 10 2 0
420749 1 4 10 1 0
473040 0 6 10 3 0
115775 1 4 11 0 0
117079 0 6 11 2 0
117371 0 6 11 1 0
282807 1 4 11 1 0
317417 0 6 11 3 0
360625 0 6 11 3 0
421520 1 4 12 3 0
117080 0 6 13 3 0
419370 1 3 13 1 0
420632 0 6 13 1 0
448227 0 6 13 1 0
226766 0 6 14 3 0
448228 1 3 14 1 1
115778 0 6 15 3 0
274673 0 6 15 2 0
117077 1 3 16 0 0
117255 0 6 16 1 0
441226 0 6 16 3 0
419368 0 6 17 4 0
420034 0 6 17 1 0
420290 1 3 17 1 1
116933 0 6 18 0 0
117261 0 6 18 3 0
116026 0 6 19 1 0
116262 1 5 19 1 0
116818 1 4 20 0 0
117257 1 4 20 1 0
117600 0 6 20 1 0
419128 1 4 20 1 0
419237 0 6 20 3 0
419366 0 6 20 3 0
419849 1 2 20 1 0
420730 0 6 20 1 0
116261 1 5 21 1 0
116458 0 6 21 0 0
419312 0 6 21 1 0
419848 0 6 21 1 0
420009 0 6 21 1 0
116035 1 2 22 3 0
117260 1 3 22 3 0
419236 1 3 22 3 0
464916 0 6 22 3 0
115951 1 4 23 0 0
116022 0 6 23 1 1
116175 0 6 23 3 0
116720 1 1 23 0 0
117100 1 4 23 1 0
419329 0 6 23 1 1
419537 1 4 23 1 0
420207 0 6 23 1 0
116260 1 2 24 1 0
116424 0 6 24 4 0
117577 0 6 24 3 0
419530 1 4 24 1 0
420189 0 6 24 1 1
524912 1 4 24 3 0
115782 1 4 25 1 0
115941 0 6 25 2 0
116091 1 4 25 1 0
116819 0 6 25 3 0
419296 1 5 25 1 0
419502 1 3 25 1 0
420239 0 6 25 4 1
420488 1 2 25 1 0
420561 0 6 25 1 0
115952 1 5 26 0 0
115953 0 6 26 3 0
116032 0 6 26 1 0
116829 0 6 26 0 0
117149 1 3 26 1 0
419423 0 6 26 3 1
419779 0 6 26 1 1
419881 0 6 26 1 0
116255 0 6 27 3 0
419232 1 2 27 1 0
419298 0 6 27 3 1
419473 1 4 27 1 0
419721 0 6 27 4 0
419939 1 4 27 1 0
419949 1 3 27 1 0
420201 0 6 27 1 0
420801 0 6 27 1 1
115780 0 6 28 0 0
116025 0 6 28 3 0
116324 0 6 28 1 0
116416 0 6 28 1 0
116721 0 6 28 2 0
117212 0 6 28 3 1
117233 1 5 28 1 0
419187 1 5 28 1 0
419809 0 6 28 1 0
419880 1 3 28 1 0
420562 0 6 28 3 0
116092 0 6 29 1 0
419474 0 6 29 1 0
420459 1 3 29 1 1
420490 1 3 29 1 0
117236 0 6 30 1 0
419188 1 4 30 1 0
419297 1 5 30 1 0
419476 1 4 30 3 0
419942 1 4 30 3 0
420174 1 3 30 1 0
116023 0 6 31 2 0
116093 0 6 31 1 0
117237 0 6 31 3 0
117556 1 2 31 3 0
196734 0 6 31 3 1
419973 0 6 31 1 0
420175 1 3 31 1 0
420831 1 3 31 1 0
419235 0 6 32 1 0
420573 0 6 32 3 0
420833 0 6 32 3 0
116448 1 3 33 1 0
405687 0 6 33 2 0
419472 1 4 33 1 0
419475 1 2 33 3 1
419479 0 6 33 4 0
420180 1 2 33 1 0
420314 0 6 33 1 0
420765 1 2 33 1 0
116096 0 6 34 3 0
116445 1 4 34 0 0
116866 1 3 34 1 0
420832 0 6 34 1 0
112239 0 6 35 3 0
117232 1 5 35 1 1
117401 1 3 35 0 0
384494 0 6 35 3 0
419518 0 6 35 1 0
196729 0 6 36 1 0
315416 0 6 36 3 0
384492 1 2 36 1 0
420070 1 4 36 1 0
420316 1 3 36 3 0
420792 1 3 36 1 0
419436 0 6 37 1 0
420688 0 6 37 1 0
117235 1 3 38 1 0
419510 0 6 38 1 0
420072 0 6 38 3 0
420370 1 2 38 1 0
419435 1 3 39 1 0
116279 0 6 40 1 0
116595 0 6 40 1 0
419759 1 3 40 1 0
420109 1 3 40 1 0
420516 0 6 40 1 0
420579 0 6 40 1 0
420674 1 3 40 1 0
420687 1 4 40 3 0
117243 1 4 41 1 0
383890 1 3 41 1 0
384311 1 3 41 1 0
419640 0 6 41 1 0
420376 1 4 41 1 0
116282 0 6 42 3 0
116283 0 6 42 3 0
116286 0 6 42 3 1
117044 1 3 42 1 0
117242 1 4 42 1 0
315411 0 6 42 3 0
419217 0 6 42 1 0
420517 0 6 42 3 0
420576 1 2 42 1 0
420676 0 6 42 3 0
420684 1 4 42 1 0
116280 0 6 43 1 0
117303 0 6 43 1 0
383316 0 6 43 1 0
419578 0 6 43 1 0
419639 1 3 43 1 0
420685 0 6 43 3 0
115658 1 4 44 1 0
115794 0 6 44 1 0
117244 0 6 44 1 0
383317 1 4 44 1 0
419940 1 2 44 1 0
420108 1 5 44 1 0
420677 0 6 44 3 1
420683 1 3 44 1 1
117045 0 6 45 1 0
194497 0 6 45 2 1
384304 0 6 45 2 0
384312 1 4 45 2 0
419278 0 6 45 1 1
419579 0 6 45 2 0
115657 0 6 46 1 0
117624 1 3 46 3 0
383319 1 5 46 3 0
384452 0 6 46 3 0
420619 1 4 46 1 0
420673 0 6 46 3 0
115947 1 3 47 1 0
116287 0 6 47 4 0
116842 1 3 47 1 1
194496 0 6 47 2 0
203669 0 6 47 2 0
209174 0 6 47 3 0
383627 1 3 47 1 0
384320 0 6 47 4 1
384362 0 6 47 1 0
384530 0 6 47 2 0
419158 1 3 47 1 0
419191 0 6 47 1 0
419943 1 2 47 3 0
420210 1 3 47 1 0
420680 0 6 47 1 0
449345 1 3 47 3 0
116843 0 6 48 3 0
419134 0 6 48 1 0
419280 1 3 48 3 0
419405 0 6 48 1 0
420682 0 6 48 1 0
115963 1 3 49 1 0
116564 1 4 49 4 0
116840 0 6 49 3 0
209175 0 6 49 4 0
419133 1 3 49 0 1
419157 1 4 49 1 0
117197 0 6 50 1 1
360600 0 6 50 2 0
384020 0 6 50 1 0
420621 1 3 50 3 0
115949 0 6 51 3 0
116557 0 6 51 0 0
419561 0 6 51 1 0
449344 1 3 51 3 1
383086 0 6 52 1 0
419135 0 6 52 1 0
419141 0 6 52 1 0
497641 1 3 52 1 0
117081 0 6 53 3 0
419440 0 6 53 1 0
115851 1 3 54 3 0
115950 0 6 54 3 0
135770 0 6 54 3 0
503700 1 2 54 3 0
117199 0 6 55 1 0
419140 1 2 55 1 0
420873 1 4 55 1 0
427498 0 6 55 3 0
449343 0 6 55 1 0
497156 0 6 55 2 0
115852 0 6 56 3 0
496691 1 2 56 1 0
497721 1 2 56 1 0
116980 1 2 57 2 0
419447 1 4 57 3 0
448962 0 6 57 1 0
117325 1 3 58 1 0
217282 1 3 58 3 0
383088 0 6 58 3 0
420603 0 6 58 1 0
426490 0 6 58 2 0
496693 1 3 58 3 1
498221 1 4 59 2 0
117029 0 6 60 4 0
418979 0 6 60 3 0
419263 0 6 60 1 0
497090 1 4 60 1 0
416282 1 4 61 3 0
419262 0 6 61 1 0
419444 1 3 61 1 0
419819 0 6 61 1 0
116628 1 2 62 1 0
116775 1 4 62 1 1
117326 0 6 62 2 0
117328 0 6 62 3 0
419724 1 2 62 1 0
448963 1 3 62 1 0
419449 1 2 63 2 0
419725 0 6 63 3 0
420863 1 4 63 1 0
448182 0 6 63 1 0
418978 1 2 64 3 0
419722 0 6 64 1 0
448964 1 5 64 2 0
116237 1 4 65 1 0
116627 1 5 65 0 0
117327 1 4 65 3 0
363129 0 6 65 3 1
419723 1 4 65 1 0
420449 1 5 65 1 0
176366 1 3 66 3 0
419844 0 6 66 1 0
419979 0 6 66 2 0
448957 0 6 66 1 0
116973 1 2 67 0 0
419855 0 6 67 3 1
448935 1 3 67 1 0
449446 1 3 67 4 0
67241 1 1 68 3 0
116238 1 2 68 3 1
117329 1 3 68 3 1
420741 1 4 68 1 1
420864 1 4 68 1 0
116236 0 6 69 1 0
363130 0 6 69 3 0
417717 1 4 69 3 0
420212 0 6 69 1 0
420709 1 4 69 1 0
115707 1 4 70 0 0
419177 1 4 70 1 0
419817 1 3 70 1 0
448959 0 6 70 3 1
449749 1 5 70 3 0
116239 0 6 71 3 0
232167 0 6 71 3 0
417716 1 5 71 2 0
420710 1 2 71 3 0
420866 0 6 71 3 0
419845 1 4 72 1 0
167758 0 6 73 2 0
225602 0 6 73 2 0
364981 0 6 73 2 0
448958 1 3 73 1 0
47963 1 4 74 3 0
562241 1 2 74 3 0
165945 0 6 75 3 0
347945 0 6 76 3 0
449529 0 6 77 3 0
11685 0 6 78 3 0
167759 0 6 78 4 0
347943 0 6 78 0 0
449527 0 6 80 3 0
449528 1 3 80 3 0
502988 1 3 81 3 1
362802 0 6 84 4 1
449141 1 4 84 0 0
