252668 0 3 5 3
252669 0 3 5 3
252670 0 3 5 3
376203 1 3 5 2
451138 1 3 5 1
189711 0 4 5 4
459234 0 4 5 4
49185 0 5 5 3
114828 1 5 5 0
114829 1 5 5 0
223275 0 5 5 1
223494 0 7 5 1
223496 0 7 5 1
431277 0 8 5 3
201031 0 12 5 3
222149 0 12 5 3
3434 0 14 5 3
3436 0 14 5 3
479744 0 14 5 1
222149 0 15 5 3
222152 0 15 5 3
221515 0 18 5 1
221517 0 18 5 1
222675 0 18 5 3
222676 0 18 5 3
223584 0 18 5 1
223586 0 18 5 1
223587 0 18 5 1
221515 1 19 5 1
221516 1 19 5 1
221670 0 19 5 1
223392 0 20 5 1
221728 1 21 5 1
221731 1 21 5 1
221732 1 21 5 1
222009 1 21 5 1
222011 1 21 5 1
222013 1 21 5 1
222015 1 21 5 1
223029 0 21 5 3
223030 0 21 5 3
223031 0 21 5 3
222591 1 22 5 3
222594 1 22 5 3
222628 0 22 5 3
222647 0 22 5 1
222648 0 22 5 1
222826 0 22 5 3
222828 0 22 5 3
222961 0 22 5 1
222962 0 22 5 1
221686 0 23 5 3
221687 0 23 5 3
222077 0 23 5 1
222079 0 23 5 1
222080 0 23 5 1
222393 0 23 5 3
222447 0 23 5 1
222508 0 24 5 3
221518 0 25 5 0
221520 0 25 5 0
221521 0 25 5 0
222222 0 26 5 3
222447 1 26 5 1
222448 1 26 5 1
223028 0 26 5 3
223032 0 26 5 3
270990 0 26 5 3
206616 0 27 5 3
206619 0 27 5 3
222849 0 28 5 1
83359 0 29 5 1
83363 0 29 5 1
84135 0 29 5 1
222269 1 29 5 1
222271 1 29 5 1
84133 1 30 5 3
223110 0 30 5 1
223113 0 30 5 1
223114 0 30 5 1
206615 0 31 5 0
222910 0 31 5 1
206059 1 33 5 0
206060 1 33 5 0
206062 1 33 5 0
84156 0 34 5 1
83803 0 35 5 1
83804 0 35 5 1
83806 0 35 5 1
82999 0 37 5 1
409080 0 37 5 3
409082 0 37 5 3
409083 0 37 5 3
82816 0 38 5 1
82817 0 38 5 1
82758 0 39 5 2
82760 0 39 5 2
82761 0 39 5 2
83058 0 39 5 1
83059 0 39 5 1
83748 0 39 5 3
84004 0 39 5 1
84067 1 39 5 1
84069 1 39 5 1
84070 1 39 5 1
84377 0 39 5 1
84378 0 39 5 1
23431 0 40 5 3
83361 1 40 5 1
83364 1 40 5 1
83802 0 40 5 1
83804 0 40 5 1
83807 0 40 5 1
83974 0 41 5 1
84291 0 41 5 1
82708 0 42 5 1
82712 0 42 5 1
82713 0 42 5 1
83600 0 43 5 3
83602 0 43 5 3
83905 0 43 5 3
83910 0 43 5 3
84007 0 43 5 3
174635 0 44 5 3
174638 0 44 5 3
83074 0 45 5 2
83905 1 45 5 1
68045 0 46 5 3
68046 0 46 5 3
68048 0 46 5 3
76943 0 46 5 1
76944 0 46 5 1
76945 0 46 5 1
83066 1 46 5 1
83068 1 46 5 1
83069 1 46 5 1
83070 0 46 5 1
83071 0 46 5 1
83584 0 46 5 1
83587 0 46 5 1
83588 0 46 5 1
83589 0 46 5 1
84066 0 46 5 1
84067 0 46 5 1
84068 0 46 5 1
478937 1 46 5 1
478938 1 46 5 1
478939 1 46 5 1
83422 0 47 5 1
83423 0 47 5 1
83939 0 47 5 1
83941 0 47 5 1
83943 0 47 5 1
84005 0 47 5 3
84157 0 47 5 1
83691 0 48 5 1
83694 0 48 5 1
478931 0 48 5 4
83591 0 49 5 1
83594 0 49 5 1
478937 1 49 5 3
478939 1 49 5 3
82978 0 51 5 0
82979 0 51 5 0
83825 1 51 5 0
83827 1 51 5 0
83828 1 51 5 0
174635 0 51 5 1
83912 0 52 5 3
84262 0 52 5 4
82976 0 53 5 3
83824 0 53 5 3
83826 0 53 5 3
83694 0 54 5 1
174243 1 54 5 3
174546 0 54 5 1
175349 0 54 5 1
175350 0 54 5 1
175353 0 54 5 1
83824 0 56 5 0
83826 0 56 5 0
83827 0 56 5 0
83828 0 56 5 0
82947 0 57 5 3
82949 0 57 5 3
175349 1 58 5 1
175351 1 58 5 1
175352 1 58 5 1
209416 0 61 5 3
209417 0 61 5 3
209418 0 61 5 3
517228 0 61 5 3
