313061 0 2 18 4
451137 1 2 4 1
376202 1 2 4 2
252671 1 3 3 3
252668 0 3 5 3
252669 0 3 5 3
252670 0 3 5 3
376203 1 3 5 2
451138 1 3 5 1
222932 1 4 3 1
459233 1 4 2 4
387689 1 4 2 4
189712 1 4 2 4
114826 1 4 2 0
189711 0 4 5 4
459234 0 4 5 4
223274 1 5 1 1
49186 1 5 1 3
49185 0 5 5 3
114828 1 5 5 0
114829 1 5 5 0
223275 0 5 5 1
210361 1 6 3 3
439270 1 6 2 3
223493 1 7 2 1
114053 1 7 2 0
223494 0 7 5 1
223496 0 7 5 1
431279 1 8 2 3
201031 1 8 2 3
431277 0 8 5 3
115025 1 10 2 4
222644 1 11 1 1
201030 1 12 2 3
222152 1 12 1 3
201031 0 12 5 3
222149 0 12 5 3
3435 1 14 3 3
479742 1 14 2 1
114070 1 14 2 1
3434 0 14 5 3
3436 0 14 5 3
479744 0 14 5 1
222151 1 15 2 3
222149 0 15 5 3
222152 0 15 5 3
222678 1 18 3 3
221513 1 18 3 1
223583 1 18 2 1
221514 1 18 2 1
221515 0 18 5 1
221517 0 18 5 1
222675 0 18 5 3
222676 0 18 5 3
223584 0 18 5 1
223586 0 18 5 1
223587 0 18 5 1
221669 1 19 3 1
222959 1 19 2 1
221515 1 19 5 1
221516 1 19 5 1
221670 0 19 5 1
222010 1 20 3 1
221730 1 20 3 1
157217 1 20 3 3
223393 1 20 2 1
223392 0 20 5 1
222596 1 21 3 3
115061 1 21 2 3
223032 1 21 1 3
221728 1 21 5 1
221731 1 21 5 1
221732 1 21 5 1
222009 1 21 5 1
222011 1 21 5 1
222013 1 21 5 1
222015 1 21 5 1
223029 0 21 5 3
223030 0 21 5 3
223031 0 21 5 3
223088 1 22 4 0
222960 1 22 3 1
222646 1 22 3 1
222629 1 22 3 3
44655 1 22 3 3
222591 1 22 5 3
222594 1 22 5 3
222628 0 22 5 3
222647 0 22 5 1
222648 0 22 5 1
222826 0 22 5 3
222828 0 22 5 3
222961 0 22 5 1
222962 0 22 5 1
222444 1 23 2 1
222392 1 23 2 3
222078 1 23 2 1
221689 1 23 2 3
221686 0 23 5 3
221687 0 23 5 3
222077 0 23 5 1
222079 0 23 5 1
222080 0 23 5 1
222393 0 23 5 3
222447 0 23 5 1
222509 1 24 2 3
222508 0 24 5 3
222445 1 25 2 1
221519 1 25 2 0
221518 0 25 5 0
221520 0 25 5 0
221521 0 25 5 0
270992 1 26 3 3
223031 1 26 1 3
222222 0 26 5 3
222447 1 26 5 1
222448 1 26 5 1
223028 0 26 5 3
223032 0 26 5 3
270990 0 26 5 3
221791 1 27 2 1
206617 1 27 2 3
206616 0 27 5 3
206619 0 27 5 3
222270 1 28 3 1
222847 1 28 2 1
222849 0 28 5 1
84135 0 29 5 1
83358 1 29 3 1
84133 1 29 1 1
83359 0 29 5 1
83363 0 29 5 1
222269 1 29 5 1
222271 1 29 5 1
223112 1 30 2 1
84133 1 30 5 3
223110 0 30 5 1
223113 0 30 5 1
223114 0 30 5 1
222907 1 31 2 1
206613 1 31 2 0
206615 0 31 5 0
222910 0 31 5 1
206058 1 32 3 0
83044 1 32 3 1
83171 1 33 2 1
206059 1 33 5 0
206060 1 33 5 0
206062 1 33 5 0
84155 1 34 3 1
83986 1 34 3 3
84156 0 34 5 1
83802 1 35 2 1
83803 0 35 5 1
83804 0 35 5 1
83806 0 35 5 1
83141 1 36 3 1
82998 1 37 3 1
409084 1 37 2 3
83976 1 37 1 1
82999 0 37 5 1
409080 0 37 5 3
409082 0 37 5 3
409083 0 37 5 3
84068 1 38 3 1
82818 1 38 2 1
82816 0 38 5 1
82817 0 38 5 1
84005 1 39 3 1
83750 1 39 3 3
83602 1 39 3 1
82759 1 39 3 2
83362 1 39 2 1
83056 1 39 1 1
82758 0 39 5 2
82760 0 39 5 2
82761 0 39 5 2
83058 0 39 5 1
83059 0 39 5 1
83748 0 39 5 3
84004 0 39 5 1
84067 1 39 5 1
84069 1 39 5 1
84070 1 39 5 1
84377 0 39 5 1
84378 0 39 5 1
23429 1 40 3 3
83803 1 40 1 1
23431 0 40 5 3
83361 1 40 5 1
83364 1 40 5 1
83802 0 40 5 1
83804 0 40 5 1
83807 0 40 5 1
83975 1 41 1 1
83974 0 41 5 1
84291 0 41 5 1
82711 1 42 2 1
82708 0 42 5 1
82712 0 42 5 1
82713 0 42 5 1
176313 1 43 3 3
84006 1 43 2 3
83806 1 43 2 3
83604 1 43 2 3
83448 1 43 2 1
83600 0 43 5 3
83602 0 43 5 3
83905 0 43 5 3
83910 0 43 5 3
84007 0 43 5 3
83906 1 44 4 1
174639 1 44 3 3
174635 0 44 5 3
174638 0 44 5 3
478936 1 45 3 1
83067 1 45 3 1
83073 1 45 2 2
83074 0 45 5 2
83905 1 45 5 1
183113 0 46 13 3
84065 1 46 3 1
68047 1 46 3 3
83585 1 46 2 1
83072 1 46 2 1
76941 1 46 2 1
83276 1 46 1 2
68045 0 46 5 3
68046 0 46 5 3
68048 0 46 5 3
76943 0 46 5 1
76944 0 46 5 1
76945 0 46 5 1
83066 1 46 5 1
83068 1 46 5 1
83069 1 46 5 1
83070 0 46 5 1
83071 0 46 5 1
83584 0 46 5 1
83587 0 46 5 1
83588 0 46 5 1
83589 0 46 5 1
84066 0 46 5 1
84067 0 46 5 1
84068 0 46 5 1
478937 1 46 5 1
478938 1 46 5 1
478939 1 46 5 1
84156 1 47 3 1
82692 1 47 1 4
83422 0 47 8 1
83423 0 47 5 1
83939 0 47 5 1
83941 0 47 5 1
83943 0 47 5 1
84005 0 47 5 3
84157 0 47 5 1
83690 1 48 3 1
478932 1 48 1 4
83691 0 48 5 1
83694 0 48 5 1
478931 0 48 5 4
83592 1 49 3 1
83591 0 49 5 1
83594 0 49 5 1
478937 1 49 5 3
478939 1 49 5 3
83824 1 50 3 0
83312 1 50 2 1
174636 1 51 2 1
82975 1 51 2 0
82978 0 51 5 0
82979 0 51 5 0
83825 1 51 5 0
83827 1 51 5 0
83828 1 51 5 0
174635 0 51 5 1
84263 1 52 2 4
83914 1 52 2 3
84172 1 52 1 4
83912 0 52 5 3
84262 0 52 5 4
174242 1 53 3 3
82976 0 53 5 3
83824 0 53 5 3
83826 0 53 5 3
175351 1 54 3 1
174544 1 54 3 1
83692 1 54 1 1
83694 0 54 5 1
174243 1 54 5 3
174546 0 54 5 1
175349 0 54 5 1
175350 0 54 6 1
175353 0 54 5 1
85302 1 56 4 2
83823 1 56 1 0
83824 0 56 5 0
83826 0 56 5 0
83827 0 56 5 0
83828 0 56 5 0
82948 1 57 2 3
82947 0 57 5 3
82949 0 57 5 3
175349 1 58 5 1
175351 1 58 5 1
175352 1 58 5 1
517227 1 61 3 3
209419 1 61 2 3
209416 0 61 5 3
209417 0 61 5 3
209418 0 61 5 3
517228 0 61 5 3
