23020 9
390030 9
390031 9
390032 9
464577 9
473491 9
367798 10
471823 10
471825 10
471826 10
461112 11
460522 12
478002 12
478003 12
163599 13
163600 13
392222 13
536436 13
346165 14
346166 14
346167 14
347345 14
347346 14
347349 14
347444 14
459527 14
460081 14
460083 14
460084 14
460085 14
459522 15
459523 15
459525 15
459526 15
459528 15
381681 16
381682 16
381684 16
381685 16
304790 17
304792 17
347956 17
347962 17
349807 17
459231 17
347189 18
347192 18
460926 18
346212 19
347149 19
459298 19
459797 19
459799 19
459800 19
470636 19
470637 19
346209 20
459229 21
459232 21
347038 22
347043 22
347151 22
347466 22
347468 22
459806 22
460463 22
460466 22
460602 23
460603 23
346705 24
459230 24
459231 24
346450 26
346709 26
346603 27
346680 27
346682 27
346683 27
346684 27
385078 27
459403 27
459406 27
346587 28
346601 28
460103 28
460107 28
460130 28
460131 28
460132 28
339046 29
105531 30
105532 30
105534 30
346707 30
460954 30
460956 30
346234 31
347246 31
347248 31
460073 31
460075 31
460906 31
346086 32
346115 32
346116 32
346501 32
459404 32
459407 32
459937 32
459939 32
459941 32
347626 33
440979 33
460855 33
460953 33
460955 33
460957 33
339047 34
339048 34
339049 34
346061 34
346063 34
346064 34
346205 34
346207 34
347554 34
347555 34
346443 35
346446 35
459121 35
460961 35
460964 35
97639 36
97640 36
97641 36
346084 36
346085 36
346087 36
347113 36
347114 36
459627 36
459628 36
460469 36
460472 36
346065 37
346195 37
346196 37
346197 37
460316 37
460319 37
460418 37
460475 37
340028 38
346814 38
459654 38
459655 38
459853 38
459857 38
346337 39
346341 39
346342 39
459656 39
460415 39
460419 39
346467 40
346468 40
346470 40
346472 40
347116 40
347291 40
347293 40
459299 40
460679 40
460681 40
346638 41
346640 41
347770 41
347771 41
347772 41
460314 41
460315 41
460318 41
460320 41
38179 42
38180 42
346812 42
346813 42
346815 42
346816 42
347641 42
347642 42
347643 42
459854 42
459856 42
459858 42
460369 42
460372 42
346878 43
347316 43
347869 43
460126 43
460127 43
460367 43
460416 43
460417 43
460418 43
14395 44
346636 44
346637 44
347319 44
347800 44
347801 44
459876 44
459879 44
460473 44
460475 44
347697 45
347699 45
460365 45
346803 46
346804 46
346805 46
346808 46
347157 46
460363 46
460366 46
523664 46
346135 47
346137 47
346138 47
347607 47
347609 47
460651 47
460653 47
532465 47
102809 49
102813 49
447984 49
460586 49
460589 49
461010 49
170441 50
347158 50
347159 50
347326 50
347328 50
459328 50
459329 50
459331 50
459332 50
347290 51
347292 51
459816 51
459817 51
459818 51
460381 52
131179 53
346684 54
347325 54
347327 54
459710 54
459711 54
459714 54
461005 54
461006 54
461007 54
461008 54
190349 55
38426 56
38428 56
38429 56
347105 56
436863 57
436865 57
459912 58
479453 58
459516 59
476757 59
346009 60
459851 60
337895 61
337898 61
437227 61
437380 61
437383 61
437882 61
437883 61
347824 62
347879 62
332584 63
346381 63
347212 63
476758 63
347722 64
347727 64
328523 65
328525 65
328527 65
338175 65
346382 65
347888 65
436918 65
196438 66
338335 66
338337 66
436173 66
338076 67
338077 67
477124 67
477125 67
477126 67
240793 68
337456 68
347016 68
436916 68
436917 68
328524 69
328526 69
346059 69
346060 69
437428 69
347682 70
437593 70
437594 70
437681 70
437683 70
476173 70
476509 70
476512 70
438000 71
476117 71
337453 72
338017 72
338019 72
476508 72
476510 72
337696 73
337922 73
337923 73
337926 73
337927 73
346820 73
438039 73
437682 74
438002 74
438003 74
346648 75
346650 75
346653 75
337230 76
337231 76
337233 76
337454 76
338010 76
338011 76
338073 76
338074 76
338075 76
338077 76
476008 76
476009 76
476010 76
550211 76
337049 77
346651 77
438072 77
438074 77
475558 77
475559 77
475561 77
337693 78
337698 78
337699 78
347563 78
337922 79
337923 79
337926 79
336935 80
336937 80
337419 80
438075 81
347561 82
337012 83
337014 83
338650 83
338653 83
338654 83
338655 83
337416 84
337418 84
337420 84
336998 85
476845 85
476846 85
117396 86
117397 86
337432 86
117009 87
117012 87
337000 87
337532 87
338542 87
338544 87
338545 87
476844 87
476847 87
476848 87
476851 87
476854 87
337651 89
117011 90
338427 90
337428 91
337430 91
338549 91
338551 91
465374 91
265318 92
265320 92
337530 92
337531 92
337533 92
337781 92
487066 92
336917 93
337701 93
336915 94
510537 94
338550 95
338552 95
15584 96
117580 96
265328 97
312380 97
441696 98
441699 98
441700 98
117589 99
337561 100
337562 100
337563 100
337565 100
337311 102
337313 102
116159 103
116160 103
337922 103
337925 103
205652 105
116048 107
116050 107
116314 111
116318 111
338598 113
338602 113
117480 115
117481 115
338291 115
338292 115
337448 116
338223 116
338226 116
115838 120
116314 120
116315 120
116316 120
116317 120
115836 122
115837 122
117130 123
116715 126
116716 126
117383 129
116239 130
116241 130
117130 130
116234 131
117153 131
117154 131
117155 131
117195 131
116390 133
115665 135
115668 135
115671 135
116240 136
116407 136
117254 136
117255 136
117256 136
115667 137
115670 137
116391 137
116392 137
115666 138
115669 138
116155 138
116393 138
116409 139
116410 139
117282 139
117283 139
117529 139
117526 140
117527 140
117528 140
117530 140
417390 142
116118 145
116155 145
117094 147
116701 148
116703 148
117065 153
117220 155
116783 156
116785 156
116786 156
117064 156
116539 158
117216 158
116372 159
117217 159
117218 159
117221 159
115680 160
115729 162
116088 164
116089 164
117077 164
117080 164
116411 165
116414 165
157610 165
115730 166
115813 169
115816 169
116383 170
182920 172
182921 172
