12988 0 6 6 2 1
34722 0 6 6 3 0
34858 0 6 6 1 0
147625 1 4 6 3 0
155651 0 6 6 4 1
156528 0 6 6 2 1
228408 0 6 6 3 0
229070 1 3 6 3 0
261085 0 6 6 3 0
277067 1 3 6 4 1
317846 1 3 6 4 0
332366 0 6 6 4 0
332881 0 6 6 1 1
411869 0 6 6 3 0
457051 1 3 6 3 0
478644 1 4 6 1 0
511136 0 6 6 3 0
517124 0 6 6 3 0
538537 0 6 6 1 0
557883 0 6 6 3 0
332880 0 6 8 1 0
333111 1 3 8 1 0
34532 0 6 9 1 0
34698 1 5 9 1 0
179242 1 2 9 2 0
229067 1 3 9 2 0
477537 1 2 9 1 0
478643 1 5 9 1 0
478738 1 4 9 1 0
11985 0 6 10 3 0
33516 1 3 10 1 0
34857 0 6 10 0 0
228409 0 6 10 4 0
277066 0 6 10 4 0
457050 0 6 10 3 0
457860 0 6 10 1 0
477442 1 5 10 1 0
511137 0 6 10 3 1
537636 1 3 10 1 0
1728 1 2 11 2 0
199976 1 3 11 3 0
34701 0 6 12 3 1
34859 0 6 12 1 0
331821 0 6 12 1 0
332995 0 6 12 1 0
333113 0 6 12 3 0
333115 1 4 12 3 0
477443 0 6 12 1 0
477843 0 6 12 1 1
478115 1 3 12 1 0
478739 0 6 12 1 0
478973 1 2 12 1 0
33816 0 6 13 1 1
35280 1 4 13 1 0
179236 0 6 13 1 0
199858 1 4 13 3 0
199971 1 2 13 2 0
333114 1 2 13 3 0
457595 0 6 13 1 0
459693 1 4 13 3 0
33518 1 5 14 3 1
34699 0 6 14 1 0
37662 0 6 14 3 0
178717 1 3 14 1 0
537637 0 6 14 1 0
538609 0 6 14 1 0
178946 0 6 15 1 0
229066 1 4 15 2 0
362712 0 6 15 4 0
458951 0 6 15 1 0
477842 0 6 15 1 0
478968 1 5 15 1 0
480612 0 6 15 3 0
34700 0 6 16 3 0
199859 1 3 16 3 0
333112 0 6 16 3 0
333242 0 6 16 1 0
478741 1 3 16 3 0
478842 1 3 16 1 0
478923 1 2 16 1 0
478972 1 4 16 0 0
497142 0 6 16 3 0
537663 0 6 16 1 0
34703 1 4 17 1 0
34850 1 3 17 1 0
178716 0 6 17 0 0
480610 0 6 17 1 0
537801 0 6 17 1 0
332515 0 6 18 1 0
478740 1 4 18 3 0
478969 0 6 18 2 0
478975 1 3 18 2 0
479148 1 3 18 1 0
34612 1 4 19 1 0
35099 1 3 19 1 0
37485 0 6 19 3 0
458795 0 6 19 1 0
479906 0 6 19 3 0
480381 0 6 19 1 0
537634 0 6 19 3 0
34131 0 6 20 1 1
34644 0 6 20 1 0
34847 0 6 20 0 0
34848 0 6 20 2 0
35228 1 4 20 1 0
57840 0 6 20 2 0
199774 0 6 20 3 1
478811 0 6 20 1 0
478841 1 4 20 1 0
478844 0 6 20 3 0
479147 0 6 20 1 0
479149 1 3 20 3 0
479157 1 3 20 0 0
537877 1 2 20 1 0
538133 0 6 20 1 0
9652 0 6 21 2 0
34789 0 6 21 1 0
34849 1 3 21 2 0
332756 0 6 21 1 0
333243 0 6 21 1 0
458796 0 6 21 3 0
478456 1 3 21 1 0
478880 0 6 21 1 0
480613 1 3 21 3 0
537878 1 3 21 3 1
33626 1 3 22 1 0
33784 1 2 22 1 1
333348 1 3 22 1 0
389843 0 6 22 3 0
478272 1 2 22 1 0
479156 0 6 22 0 0
33609 0 6 23 1 0
34109 1 2 23 1 0
34787 0 6 23 1 0
34950 0 6 23 1 0
35098 0 6 23 1 0
35104 1 3 23 1 0
35229 0 6 23 1 0
333286 1 4 23 1 0
477477 1 4 23 1 0
478846 1 3 23 4 1
479150 0 6 23 3 0
34338 0 6 24 1 0
34471 0 6 24 1 0
34975 0 6 24 1 0
35101 0 6 24 3 0
331960 1 3 24 1 0
332791 0 6 24 4 1
333042 1 2 24 3 0
477478 0 6 24 1 0
478451 1 4 24 0 0
478882 0 6 24 3 0
479160 1 3 24 2 1
539122 1 4 24 1 0
33785 1 3 25 2 0
57842 0 6 25 3 1
331962 1 3 25 3 0
332557 0 6 25 3 0
332581 0 6 25 1 0
427197 0 6 25 3 0
477530 1 4 25 1 0
477773 0 6 25 0 0
478273 0 6 25 2 0
478304 0 6 25 1 0
478755 1 4 25 1 0
479027 0 6 25 1 0
537875 1 4 25 0 0
537879 1 2 25 3 0
539053 0 6 25 1 0
33788 0 6 26 1 0
34675 1 4 26 3 0
34910 1 4 26 1 0
35204 1 2 26 1 0
332291 1 2 26 3 0
332370 1 3 26 1 0
332969 1 2 26 1 0
333174 0 6 26 1 0
333349 0 6 26 1 0
478307 1 3 26 3 0
34325 0 6 27 1 0
34980 0 6 27 1 1
35103 0 6 27 4 1
35282 0 6 27 1 0
332110 0 6 27 1 0
392828 1 2 27 3 0
477475 0 6 27 0 0
477479 0 6 27 3 0
478453 1 3 27 1 0
478455 1 3 27 2 0
479024 0 6 27 3 0
539020 0 6 27 1 0
33948 0 6 28 1 0
34111 1 3 28 3 0
34472 0 6 28 1 0
34653 0 6 28 1 0
34785 1 3 28 0 0
35202 1 3 28 1 0
57841 0 6 28 3 1
332067 1 3 28 4 0
332453 0 6 28 1 0
332571 1 4 28 1 1
333179 0 6 28 3 0
375158 0 6 28 3 0
478582 0 6 28 1 0
539154 0 6 28 1 0
34307 0 6 29 1 0
34410 1 3 29 1 0
34632 0 6 29 1 1
34651 0 6 29 1 0
34837 1 3 29 4 0
35209 0 6 29 3 0
275026 0 6 29 3 1
332561 1 2 29 1 0
332991 1 5 29 1 0
478306 1 2 29 3 0
33830 0 6 30 1 1
34308 0 6 30 3 0
34474 0 6 30 3 0
34807 0 6 30 1 0
35009 1 2 30 1 0
35206 1 3 30 3 0
88870 0 6 30 3 0
331995 0 6 30 1 0
332109 1 4 30 0 0
333178 0 6 30 3 0
333350 0 6 30 1 0
398614 0 6 30 1 0
477577 0 6 30 1 0
477774 0 6 30 1 0
478263 0 6 30 1 0
482695 1 4 30 3 0
539052 1 4 30 1 0
33964 1 3 31 1 0
34110 0 6 31 3 0
35203 1 4 31 1 0
293145 0 6 31 3 0
331742 0 6 31 3 0
331811 1 3 31 1 0
331977 1 3 31 1 0
332363 0 6 31 1 0
332562 0 6 31 1 0
332570 1 3 31 1 0
332677 1 3 31 1 0
332878 1 4 31 1 0
333177 0 6 31 2 1
333352 0 6 31 3 0
333386 1 3 31 3 0
335912 1 4 31 3 0
33854 0 6 32 1 1
33953 0 6 32 3 1
33959 1 4 32 1 0
34247 1 4 32 1 1
34496 0 6 32 1 0
34655 1 1 32 1 0
34788 0 6 32 1 0
34810 1 4 32 1 0
58291 1 3 32 3 1
105956 1 3 32 3 0
228461 0 6 32 2 1
237088 1 3 32 3 0
333385 1 3 32 3 0
539021 0 6 32 1 0
34026 0 6 33 1 0
34065 1 5 33 1 0
55807 1 2 33 3 0
119554 0 6 33 2 0
331890 1 4 33 1 0
331907 0 6 33 1 0
332101 0 6 33 1 0
332412 0 6 33 1 0
333250 1 3 33 1 0
477772 1 2 33 0 0
477775 0 6 33 1 0
477868 1 3 33 1 0
478332 0 6 33 2 1
537503 1 2 33 1 0
538205 0 6 33 1 0
538659 1 3 33 1 0
538966 0 6 33 1 1
539155 0 6 33 1 0
33514 1 4 34 1 1
33575 1 4 34 1 0
33598 1 2 34 1 0
33962 1 3 34 3 0
34028 1 3 34 3 0
34812 0 6 34 3 0
55581 1 3 34 2 0
104605 1 4 34 3 0
293149 1 3 34 4 1
331805 1 4 34 1 0
332574 0 6 34 1 0
332883 1 3 34 3 1
333204 1 3 34 1 0
333342 1 4 34 1 0
477591 1 4 34 1 0
538681 1 4 34 1 0
539054 1 4 34 2 0
7885 1 3 35 3 0
33567 0 6 35 1 0
33691 0 6 35 1 0
33933 1 3 35 3 0
33944 1 3 35 1 0
33958 0 6 35 1 1
34042 1 3 35 1 1
34064 1 3 35 1 0
34349 1 3 35 1 0
34654 0 6 35 1 0
34794 0 6 35 4 0
76952 0 6 35 3 0
310282 1 4 35 2 0
331812 0 6 35 3 0
332356 1 3 35 1 0
332871 1 2 35 4 0
332882 1 4 35 3 0
333175 0 6 35 1 0
333277 0 6 35 1 0
333298 1 4 35 1 0
333381 1 4 35 0 0
333423 0 6 35 1 0
435227 0 6 35 3 0
478885 1 3 35 4 0
537523 1 4 35 1 0
538967 0 6 35 1 0
539055 0 6 35 3 0
553168 0 6 35 3 0
33960 0 6 36 1 0
33999 0 6 36 1 0
34043 0 6 36 1 1
34693 0 6 36 1 0
35080 0 6 36 1 0
55582 0 6 36 3 1
58292 0 6 36 3 0
61165 0 6 36 3 1
293147 0 6 36 4 0
332228 1 2 36 1 0
332490 1 3 36 2 0
332576 0 6 36 3 0
333206 0 6 36 3 0
333426 0 6 36 3 0
477579 0 6 36 3 1
477582 0 6 36 1 0
477650 0 6 36 1 0
477776 0 6 36 1 0
479137 0 6 36 1 0
538206 1 2 36 1 0
538963 1 4 36 1 0
33688 0 6 37 3 0
34350 0 6 37 1 0
35082 0 6 37 1 0
35257 0 6 37 1 0
118855 1 2 37 3 0
331986 0 6 37 4 0
332340 1 3 37 4 1
332491 0 6 37 3 0
332870 1 3 37 3 0
333301 0 6 37 3 0
477679 0 6 37 1 0
477867 1 4 37 0 0
478224 0 6 37 1 0
478858 1 4 37 1 1
478963 0 6 37 1 0
537607 1 3 37 1 0
538065 0 6 37 4 0
538908 1 5 37 1 0
34000 1 2 38 2 0
34553 0 6 38 1 0
34742 1 3 38 1 0
35150 0 6 38 1 0
55380 0 6 38 4 1
55579 1 4 38 3 0
200396 1 4 38 3 1
310283 1 2 38 2 0
331891 0 6 38 1 0
332877 0 6 38 1 0
477777 0 6 38 3 0
479132 0 6 38 2 0
537766 1 4 38 1 0
538086 1 3 38 4 0
538227 0 6 38 1 1
538300 0 6 38 1 0
538786 0 6 38 3 0
539029 0 6 38 1 0
539158 0 6 38 3 1
33946 0 6 39 4 0
34001 0 6 39 3 1
35086 0 6 39 1 0
61164 0 6 39 3 0
63451 1 2 39 3 0
174907 0 6 39 3 0
197418 1 2 39 3 0
246491 0 6 39 3 0
273977 0 6 39 2 0
310550 0 6 39 4 1
331851 0 6 39 4 0
331987 0 6 39 3 0
332229 0 6 39 1 0
332351 1 4 39 3 0
332572 0 6 39 3 1
469117 0 6 39 2 0
470372 0 6 39 3 1
477682 0 6 39 3 0
478266 1 2 39 1 0
478334 0 6 39 3 0
537608 0 6 39 3 0
537808 1 4 39 1 1
538662 0 6 39 3 0
538959 1 4 39 0 0
538960 0 6 39 1 0
538962 0 6 39 1 0
552612 0 6 39 3 0
33693 1 2 40 2 0
33961 0 6 40 3 0
34002 0 6 40 4 0
55575 0 6 40 0 0
149963 1 2 40 3 0
152026 1 4 40 2 0
332226 0 6 40 0 0
333300 0 6 40 3 0
410270 1 3 40 3 0
477525 0 6 40 1 0
478310 1 3 40 1 0
478396 0 6 40 1 0
478965 0 6 40 3 1
537519 1 3 40 1 0
537852 0 6 40 2 0
538667 0 6 40 3 0
538674 0 6 40 1 0
538909 0 6 40 1 0
538961 0 6 40 1 0
539041 1 3 40 3 0
539104 1 3 40 1 0
33569 1 4 41 3 0
34239 0 6 41 1 0
34685 0 6 41 1 0
34744 0 6 41 1 0
34985 1 5 41 3 0
35079 1 2 41 1 0
35083 0 6 41 3 0
35110 1 3 41 4 1
35149 1 3 41 1 0
35247 0 6 41 1 0
35297 0 6 41 1 0
199008 0 6 41 4 1
311445 1 3 41 3 0
332218 0 6 41 1 0
332852 0 6 41 1 0
333297 0 6 41 0 0
411297 0 6 41 2 0
451623 0 6 41 3 1
478027 1 3 41 1 0
478823 0 6 41 1 1
478971 1 3 41 3 0
486659 0 6 41 3 0
509205 0 6 41 3 0
538207 1 4 41 1 0
538857 1 4 41 1 0
539094 0 6 41 1 0
539153 0 6 41 1 0
33835 1 3 42 1 0
34808 0 6 42 1 0
34813 0 6 42 1 0
35085 0 6 42 0 0
55381 0 6 42 4 0
61162 1 3 42 1 0
119469 1 4 42 1 0
331870 1 4 42 1 0
332352 0 6 42 3 0
421713 1 2 42 3 0
457925 0 6 42 3 0
477807 0 6 42 1 0
478262 0 6 42 3 0
478293 1 4 42 3 0
478532 1 4 42 1 0
498071 0 6 42 3 1
537767 1 4 42 2 0
538216 1 4 42 3 0
538398 0 6 42 1 0
538731 0 6 42 4 0
538823 1 3 42 3 0
538885 1 4 42 1 0
547556 0 6 42 3 0
34404 0 6 43 3 0
34686 1 4 43 1 0
34747 1 4 43 3 0
63450 0 6 43 3 0
65540 0 6 43 3 0
199007 0 6 43 4 1
332678 0 6 43 1 0
333165 0 6 43 3 0
333323 1 3 43 0 0
410526 1 3 43 1 0
437815 0 6 43 3 1
477462 0 6 43 4 0
478966 1 3 43 3 0
537520 1 3 43 1 0
537720 0 6 43 1 0
537890 0 6 43 1 0
538177 0 6 43 1 0
539093 0 6 43 0 0
49697 0 6 44 2 0
118437 0 6 44 4 0
197419 0 6 44 3 0
421998 0 6 44 2 0
457922 0 6 44 1 0
477746 1 3 44 1 1
477926 1 3 44 1 0
478121 1 2 44 1 0
478286 1 5 44 1 0
478970 1 2 44 3 0
538913 0 6 44 3 0
33571 1 2 45 1 0
33799 1 2 45 1 0
34374 1 3 45 1 0
35090 1 3 45 3 0
35095 1 2 45 1 0
119468 0 6 45 1 0
149240 0 6 45 3 0
267235 0 6 45 2 0
332137 1 3 45 0 0
409847 1 2 45 1 0
477528 0 6 45 3 0
478534 0 6 45 3 1
478822 0 6 45 1 0
509206 1 2 45 3 0
534685 0 6 45 3 0
538714 0 6 45 3 0
539095 1 4 45 1 0
539102 1 4 45 3 0
23611 0 6 46 2 0
33834 0 6 46 1 0
34684 1 3 46 0 0
119470 1 3 46 3 1
225936 0 6 46 3 1
376071 1 3 46 3 0
457923 0 6 46 2 0
478533 1 3 46 3 0
511330 0 6 46 2 0
538712 1 5 46 1 0
538820 1 2 46 1 0
539090 1 4 46 1 0
33586 1 5 47 1 0
34264 0 6 47 1 0
34354 0 6 47 1 0
35089 0 6 47 3 1
35128 0 6 47 1 0
267444 0 6 47 3 0
332192 0 6 47 0 0
332938 0 6 47 0 0
333198 1 3 47 3 0
477502 1 3 47 1 0
478155 0 6 47 1 0
478530 0 6 47 1 0
479126 0 6 47 1 0
509204 1 4 47 1 0
537521 1 3 47 3 0
538176 1 4 47 3 0
538749 1 3 47 1 0
539100 0 6 47 3 0
33573 1 2 48 3 0
34087 1 4 48 1 0
34283 1 3 48 1 0
34375 1 4 48 1 1
34745 0 6 48 2 0
35186 0 6 48 4 0
35194 0 6 48 1 0
266391 0 6 48 2 0
305774 0 6 48 3 0
332142 1 3 48 2 1
375023 0 6 48 3 0
408934 1 3 48 3 0
421997 0 6 48 2 0
475741 0 6 48 3 1
478119 1 2 48 0 0
537560 0 6 48 3 0
537800 0 6 48 1 0
538147 0 6 48 1 0
538179 0 6 48 3 1
33593 1 4 49 3 0
34259 0 6 49 1 0
34936 1 3 49 1 0
35311 0 6 49 3 0
53026 0 6 49 3 0
119467 0 6 49 0 0
202035 1 3 49 2 0
332140 0 6 49 2 0
332194 0 6 49 1 0
368517 0 6 49 3 1
375018 0 6 49 1 0
378580 0 6 49 2 0
478817 0 6 49 4 1
508043 1 4 49 1 0
538013 1 3 49 1 0
538173 0 6 49 3 0
538180 1 2 49 4 0
538713 0 6 49 1 0
539139 0 6 49 1 0
33587 0 6 50 2 0
33697 0 6 50 4 1
34376 0 6 50 3 0
508953 1 4 50 1 0
509208 0 6 50 3 0
511331 0 6 50 3 0
537898 0 6 50 1 0
537944 0 6 50 3 0
538061 1 5 50 1 1
538255 1 4 50 1 0
538819 0 6 50 1 0
539091 0 6 50 3 0
34928 1 5 51 1 0
35197 0 6 51 3 0
226661 1 3 51 2 0
332141 1 4 51 2 0
348133 0 6 51 3 0
475742 1 3 51 3 0
477587 0 6 51 1 0
478661 0 6 51 1 0
510170 1 3 51 2 0
537518 0 6 51 1 0
537522 0 6 51 3 1
537658 0 6 51 1 0
537909 1 4 51 1 0
538150 1 4 51 3 0
538751 0 6 51 2 0
539089 0 6 51 0 0
539101 1 2 51 3 0
34292 1 3 52 3 0
35195 1 3 52 1 0
35196 0 6 52 3 0
209612 0 6 52 3 1
220859 0 6 52 3 0
256752 0 6 52 3 1
376072 1 3 52 3 0
443646 1 4 52 1 0
477592 1 4 52 1 0
478357 1 3 52 1 0
511141 1 3 52 3 0
537899 1 4 52 3 0
538715 1 2 52 3 0
538858 0 6 52 1 0
34260 1 4 53 3 0
118079 1 3 53 4 0
118988 0 6 53 2 1
144568 1 4 53 2 0
226662 0 6 53 2 0
265123 0 6 53 4 0
507720 1 2 53 1 0
508952 0 6 53 1 0
509334 0 6 53 1 0
537811 0 6 53 1 0
538062 1 2 53 3 0
538254 1 4 53 1 0
538265 0 6 53 1 0
538393 0 6 53 1 0
34089 0 6 54 2 0
117781 1 3 54 0 1
434101 1 3 54 2 0
442249 1 2 54 3 0
477484 0 6 54 1 0
477852 0 6 54 3 0
537664 1 3 54 1 0
537715 1 4 54 3 0
538252 1 4 54 3 0
539138 1 3 54 1 0
34261 0 6 55 3 1
35193 0 6 55 1 0
265118 0 6 55 4 1
442531 1 2 55 1 0
443174 1 3 55 3 0
443414 0 6 55 1 0
443645 0 6 55 1 0
477638 0 6 55 1 0
477655 0 6 55 1 0
537659 1 3 55 3 0
538394 1 4 55 1 0
538750 0 6 55 2 0
30209 1 3 56 2 0
34257 1 2 56 1 0
477483 1 4 56 0 0
504443 0 6 56 3 0
509005 1 5 56 1 0
538107 1 4 56 1 0
538250 1 3 56 2 0
538253 1 3 56 0 0
538266 0 6 56 3 0
538591 0 6 56 1 0
538694 1 3 56 4 0
538780 1 2 56 1 0
539087 0 6 56 0 0
225937 1 3 57 1 0
234494 1 4 57 3 1
442533 1 3 57 2 0
477486 1 3 57 3 0
508957 0 6 57 1 0
509179 1 3 57 1 0
538395 0 6 57 3 0
538743 1 4 57 0 0
538781 0 6 57 3 0
539036 1 2 57 3 0
539088 1 4 57 0 0
539144 0 6 57 1 0
34258 1 3 58 1 0
193218 0 6 58 3 0
225941 1 3 58 3 1
435386 0 6 58 3 0
442977 1 4 58 1 0
507719 0 6 58 1 0
538103 1 3 58 2 0
538826 0 6 58 3 0
538866 1 3 58 1 0
142671 0 6 59 3 0
225975 0 6 59 1 0
265117 0 6 59 3 0
142734 1 5 60 2 0
225935 1 4 60 2 1
386415 1 4 60 3 0
442529 0 6 60 3 0
442534 1 4 60 2 0
442976 1 4 60 1 0
443416 0 6 60 3 0
477649 0 6 60 4 1
538346 1 3 60 4 1
538592 0 6 60 1 0
538700 0 6 60 3 0
538716 0 6 60 3 0
556290 0 6 60 3 0
193220 1 3 61 4 0
226675 0 6 61 1 0
227259 1 3 61 1 0
443122 1 3 61 1 0
477482 0 6 61 4 1
477485 1 5 61 1 0
477641 1 2 61 3 0
507696 0 6 61 1 0
509178 1 3 61 1 0
538551 1 4 61 1 0
538744 0 6 61 2 0
351983 0 6 62 3 0
537904 0 6 62 1 0
538552 1 2 62 1 0
538593 0 6 62 1 0
538864 1 3 62 0 0
120364 1 4 63 3 0
142906 1 4 63 4 0
226379 1 4 63 3 0
287309 1 3 63 3 0
538211 0 6 63 1 0
538884 0 6 63 1 0
101528 1 4 64 3 0
226701 1 4 64 1 0
351991 0 6 64 3 0
538595 0 6 64 3 0
193959 0 6 65 1 0
412288 0 6 65 3 1
556288 1 4 65 1 0
250295 1 2 66 3 0
351988 0 6 66 3 0
477640 1 3 66 3 0
538210 0 6 66 0 0
538554 0 6 66 3 0
538861 1 4 66 1 0
538865 1 2 66 0 0
556147 0 6 66 4 0
226676 1 4 67 3 1
227833 0 6 67 1 0
388628 1 3 67 2 0
537747 1 3 67 1 0
538212 0 6 67 3 0
538213 1 3 67 3 0
538364 0 6 67 0 0
538886 0 6 67 3 1
556184 0 6 67 3 0
193954 0 6 68 1 0
193962 0 6 68 3 0
194386 1 4 68 1 0
227839 1 3 68 3 0
451604 0 6 68 2 0
537958 1 4 68 0 0
538553 0 6 68 3 0
538869 0 6 68 1 0
193955 1 3 69 1 0
227438 0 6 69 1 0
227834 1 2 69 3 0
451606 1 3 69 3 0
538797 0 6 69 1 0
176158 0 6 70 3 0
194204 0 6 70 1 0
214062 0 6 70 3 0
257209 1 3 70 3 0
451526 1 3 70 4 0
538142 0 6 70 4 1
538365 1 3 70 0 0
538863 1 2 70 3 1
538872 1 2 70 3 0
538877 0 6 70 4 1
194079 1 2 71 1 1
194503 1 4 71 1 1
194541 1 2 71 4 0
195343 0 6 71 3 0
326810 0 6 71 3 0
388625 0 6 71 3 0
388627 1 4 71 2 0
537748 0 6 71 1 0
556185 0 6 71 4 0
193956 0 6 72 3 0
194202 0 6 72 0 0
227440 1 3 72 3 1
451603 0 6 72 2 0
226434 0 6 73 1 0
361399 0 6 73 3 1
537959 0 6 73 2 0
538776 1 3 73 2 0
538850 0 6 73 1 0
538870 1 4 73 1 0
193912 1 4 74 3 0
193992 0 6 74 0 0
227832 0 6 74 1 0
194077 1 2 75 3 0
194203 0 6 75 1 0
214061 1 3 75 3 0
361160 0 6 75 3 0
538871 1 3 75 1 0
538873 1 3 75 3 0
193993 0 6 77 0 0
225995 1 4 77 1 0
175511 0 6 78 2 0
226273 1 3 78 1 0
193899 0 6 79 1 0
193909 0 6 79 1 1
226858 0 6 79 1 1
227353 1 4 79 4 1
227357 0 6 79 1 0
513739 0 6 79 3 0
513737 1 4 80 2 0
81120 1 3 81 3 0
198421 1 4 81 3 0
226266 1 3 82 0 0
227046 1 3 82 3 0
513736 1 3 83 0 0
513738 0 6 83 3 0
193971 0 6 84 3 0
226269 0 6 84 2 0
81119 1 1 85 3 0
226200 0 6 85 1 0
193533 0 6 87 2 0
81687 0 6 88 1 0
226267 1 3 88 0 0
226959 1 4 88 1 0
231452 0 6 88 2 0
226046 0 6 89 4 1
80956 0 6 90 1 0
81689 0 6 90 2 0
226961 1 5 91 3 0
81917 0 6 92 1 0
226268 0 6 92 2 0
226271 0 6 92 3 1
82134 1 4 94 1 0
82141 1 2 96 3 0
