147623 0 3 5 3
147626 0 3 5 3
478643 0 3 5 1
478645 0 3 5 1
229065 0 4 5 3
229068 0 4 5 3
229069 0 4 5 3
277066 0 4 5 4
457047 0 4 5 3
457048 0 4 5 3
457050 0 4 5 3
34701 1 6 5 1
333110 0 6 5 1
333112 0 6 5 1
333113 0 6 5 1
478740 0 6 5 1
478741 0 6 5 1
477444 1 7 5 1
477445 1 7 5 1
33514 0 8 5 1
33517 0 8 5 1
179239 0 8 5 2
179243 0 8 5 2
333114 0 9 5 3
1726 0 10 5 2
1730 0 10 5 2
35281 0 10 5 1
333111 0 10 5 3
333112 0 10 5 3
478117 0 10 5 1
478118 0 10 5 1
33515 1 11 5 3
33516 1 11 5 3
33517 1 11 5 3
459689 1 11 5 3
459692 1 11 5 3
477842 0 11 5 1
477845 0 11 5 1
478972 0 11 5 1
199972 0 12 5 2
229065 0 12 5 2
229067 0 12 5 2
229068 0 12 5 2
478967 1 12 5 1
478969 1 12 5 1
34705 0 14 5 1
199858 0 14 5 3
478738 0 14 5 3
478739 0 14 5 3
478843 0 14 5 1
478924 0 14 5 1
478928 0 14 5 1
34851 0 15 5 1
478738 0 15 5 3
478972 0 16 5 2
478973 0 16 5 2
479146 0 16 5 1
479151 0 16 5 1
34613 1 17 5 1
35100 0 17 5 1
35229 0 17 5 1
35230 0 17 5 1
35231 0 17 5 1
478840 0 17 5 1
478843 0 17 5 1
9651 0 18 5 2
479147 0 18 5 3
479150 0 18 5 3
34848 0 19 5 2
478460 0 19 5 1
479156 1 19 5 0
479158 1 19 5 0
479160 1 19 5 0
480609 0 19 5 3
480611 0 19 5 3
537876 0 19 5 1
537879 0 19 5 1
537875 0 19 5 3
537877 0 19 5 3
33628 0 20 5 1
477475 0 20 5 1
477476 0 20 5 1
33785 0 21 5 1
35107 0 21 5 1
478274 0 21 5 1
478276 0 21 5 1
478845 0 21 5 4
539123 0 21 5 1
539125 0 21 5 1
34110 0 22 5 1
34111 0 22 5 1
34976 0 22 5 1
34977 0 22 5 1
331959 0 22 5 1
477529 0 22 5 1
477532 0 22 5 1
478452 1 22 5 0
478453 1 22 5 0
478454 1 22 5 0
478756 0 22 5 1
479158 0 22 5 2
537877 0 22 5 0
34673 0 23 5 3
34674 0 23 5 3
34911 0 23 5 1
333039 0 23 5 3
477774 0 23 5 0
477775 0 23 5 0
477776 0 23 5 0
477777 0 23 5 0
478305 0 24 5 3
478306 0 24 5 3
537875 0 24 5 3
537876 0 24 5 3
35205 0 25 5 1
35206 0 25 5 1
332290 0 25 5 3
332971 0 25 5 1
478452 0 25 5 1
478455 0 25 5 1
478451 0 25 5 2
478452 0 25 5 2
34110 0 26 5 3
34789 0 26 5 0
34790 0 26 5 0
34791 0 26 5 0
35203 0 26 5 1
35204 0 26 5 1
332992 1 26 5 1
332993 1 26 5 1
332994 1 26 5 1
392826 0 26 5 3
392829 0 26 5 3
34408 0 27 5 1
34409 0 27 5 1
34411 0 27 5 1
35202 0 28 5 1
35204 0 28 5 1
35206 0 28 5 1
35204 0 28 5 3
35205 0 28 5 3
331741 0 28 5 3
332562 0 28 5 1
332565 0 28 5 1
478305 0 28 5 3
478307 0 28 5 3
33965 0 29 5 1
34808 0 29 5 1
34812 0 29 5 1
35008 0 29 5 1
35010 0 29 5 1
35012 0 29 5 1
331809 0 29 5 1
331810 0 29 5 1
331813 0 29 5 1
332881 1 29 5 1
333174 0 29 5 2
333176 0 29 5 2
333178 0 29 5 2
333179 0 29 5 2
333174 0 29 5 3
333175 0 29 5 3
333176 0 29 5 3
333179 0 29 5 3
333381 0 29 5 3
333385 0 29 5 3
34068 1 30 5 1
34246 1 30 5 1
58288 0 30 5 3
58289 0 30 5 3
58290 0 30 5 3
331889 0 30 5 1
331892 0 30 5 1
331893 0 30 5 1
331978 1 30 5 1
333381 0 30 5 3
333383 0 30 5 3
477776 0 30 5 1
477778 0 30 5 1
33515 0 31 5 1
33516 0 31 5 1
33517 0 31 5 1
34653 0 31 5 1
34656 0 31 5 1
34657 0 31 5 1
331803 0 31 5 1
331807 0 31 5 1
333251 0 31 5 1
333252 0 31 5 1
333253 0 31 5 1
333341 0 31 5 1
333343 0 31 5 1
333344 0 31 5 1
333345 0 31 5 1
333346 0 31 5 1
477593 0 31 5 1
477869 0 31 5 1
477870 0 31 5 1
477871 0 31 5 1
538682 0 31 5 1
538683 0 31 5 1
33574 1 32 5 1
33961 0 32 5 3
34026 0 32 5 3
55580 0 32 5 2
310281 0 32 5 2
332878 0 32 5 3
332879 0 32 5 3
332880 0 32 5 3
332881 0 32 5 3
332883 0 32 5 3
332879 0 32 5 3
332880 0 32 5 3
333207 0 32 5 1
333382 0 32 5 0
333384 0 32 5 0
333385 0 32 5 0
477773 0 32 5 0
477776 0 32 5 0
477778 0 32 5 0
537502 0 32 5 1
537504 0 32 5 1
537524 0 32 5 1
7883 0 33 5 3
33600 0 33 5 1
33934 0 33 5 3
34043 0 33 5 1
34065 0 33 5 1
34066 0 33 5 1
34067 0 33 5 1
34068 0 33 5 1
34352 0 33 5 1
34353 0 33 5 1
478884 0 33 5 4
538960 0 33 5 1
538965 0 33 5 1
477583 0 34 5 1
477868 0 34 5 0
477869 0 34 5 0
477870 0 34 5 0
477871 0 34 5 0
478860 0 34 5 1
538209 0 34 5 1
538909 1 34 5 1
538912 1 34 5 1
538913 1 34 5 1
118853 0 35 5 3
118854 0 35 5 3
332341 0 35 5 4
34743 0 36 5 1
34745 0 36 5 1
34747 0 36 5 1
55575 1 36 5 3
55577 1 36 5 3
332871 1 36 5 3
477678 0 36 5 3
477679 0 36 5 3
477681 0 36 5 3
537768 1 36 5 1
537769 1 36 5 1
537809 0 36 5 1
537811 0 36 5 1
537813 0 36 5 1
34001 0 37 5 2
152024 0 37 5 2
152027 0 37 5 2
152028 0 37 5 2
310281 0 37 5 2
310282 0 37 5 2
538960 1 37 5 0
538961 1 37 5 0
538963 1 37 5 0
538964 1 37 5 0
552613 0 37 5 3
34980 1 38 5 3
34981 1 38 5 3
34983 1 38 5 3
410269 0 38 5 3
478268 0 38 5 1
478311 0 38 5 1
478312 0 38 5 1
538206 0 38 5 1
538860 0 38 5 1
539042 0 38 5 3
539105 0 38 5 1
539106 0 38 5 1
33691 0 39 5 2
33694 0 39 5 2
33695 0 39 5 2
35152 0 39 5 1
331871 0 39 5 1
478029 0 39 5 1
478030 0 39 5 1
478294 0 39 5 3
478530 0 39 5 1
478533 0 39 5 1
478967 0 39 5 3
478968 0 39 5 3
537769 0 39 5 2
538396 0 39 5 1
538401 0 39 5 1
538402 0 39 5 1
35080 0 40 5 1
35082 0 40 5 1
35084 0 40 5 1
61163 0 40 5 1
61164 0 40 5 1
119468 1 40 5 1
119471 1 40 5 1
538886 1 40 5 1
547552 0 40 5 3
547555 0 40 5 3
34684 1 41 5 1
34685 1 41 5 1
34688 1 41 5 1
34689 1 41 5 1
333324 0 41 5 0
333326 0 41 5 0
333327 0 41 5 0
333328 0 41 5 0
410528 0 41 5 1
410529 0 41 5 1
478963 0 41 5 3
478964 0 41 5 3
478965 0 41 5 3
537518 0 41 5 1
537519 0 41 5 1
537522 0 41 5 1
539094 0 41 5 0
539095 0 41 5 0
539097 0 41 5 0
477745 0 42 5 1
477747 0 42 5 1
477748 0 42 5 1
477928 0 42 5 1
35085 0 43 5 3
35086 0 43 5 3
35089 0 43 5 3
332139 0 43 5 0
332140 0 43 5 0
478119 0 43 5 1
478122 0 43 5 1
478123 0 43 5 1
478967 0 43 5 3
478968 0 43 5 3
478969 0 43 5 3
478971 0 43 5 3
538714 1 43 5 1
538715 1 43 5 1
33570 0 44 5 1
33572 0 44 5 1
33573 0 44 5 1
33588 1 44 5 1
33798 0 44 5 1
33800 0 44 5 1
33801 0 44 5 1
34686 0 44 5 0
34687 0 44 5 0
35097 0 44 5 1
119469 0 44 5 3
119471 0 44 5 3
376072 0 44 5 3
409846 0 44 5 1
409850 0 44 5 1
478529 0 44 5 3
478531 0 44 5 3
478532 0 44 5 3
509205 0 44 5 1
509203 0 44 5 3
509204 0 44 5 3
509205 0 44 5 3
34089 0 45 5 1
34355 0 45 5 1
34357 0 45 5 1
34374 0 45 5 1
34377 0 45 5 1
477501 0 45 5 1
477504 0 45 5 1
537518 0 45 5 3
537519 0 45 5 3
537520 0 45 5 3
538822 0 45 5 1
538823 0 45 5 1
33590 0 46 5 3
33591 0 46 5 3
33592 0 46 5 3
33594 0 46 5 3
34282 0 46 5 1
34285 0 46 5 1
266392 0 46 5 2
33570 0 47 5 3
33571 0 47 5 3
33572 0 47 5 3
34937 0 47 5 1
34938 0 47 5 1
34939 0 47 5 1
202034 0 47 5 2
202036 0 47 5 2
478123 0 47 5 0
508042 1 47 5 1
508045 1 47 5 1
538010 0 47 5 1
538012 0 47 5 1
538253 0 47 5 1
538256 0 47 5 1
34929 1 48 5 1
34931 1 48 5 1
34932 1 48 5 1
332142 0 48 5 2
538145 0 48 5 3
538148 0 48 5 3
538149 0 48 5 3
538181 0 48 5 4
226658 0 49 5 2
226660 0 49 5 2
443645 0 49 5 1
475740 0 49 5 3
477591 0 49 5 1
477593 0 49 5 1
510167 0 49 5 2
537898 0 49 5 3
537900 0 49 5 3
537910 1 49 5 1
537911 1 49 5 1
537912 1 49 5 1
34257 0 50 5 3
34258 0 50 5 3
35193 0 50 5 1
35194 0 50 5 1
35197 0 50 5 1
376070 0 50 5 3
478356 0 50 5 1
511140 0 50 5 3
539102 0 50 5 3
34289 1 51 5 3
537714 0 51 5 3
538251 0 51 5 3
538253 1 51 5 1
538256 1 51 5 1
538395 0 51 5 1
538712 0 51 5 3
117783 0 52 5 0
117785 0 52 5 0
434099 0 52 5 2
507719 0 52 5 1
537663 0 52 5 1
537665 0 52 5 1
537666 0 52 5 1
539139 0 52 5 1
539140 0 52 5 1
443172 0 53 5 3
477485 0 53 5 0
509004 1 53 5 1
509006 1 53 5 1
537657 0 53 5 3
537658 0 53 5 3
442534 0 54 5 1
538251 0 54 5 2
538254 0 54 5 0
538255 0 54 5 0
538693 0 54 5 4
539087 0 54 5 0
539089 0 54 5 0
539090 0 54 5 0
34259 0 55 5 1
225939 0 55 5 1
234495 1 55 5 3
442531 0 55 5 2
442532 0 55 5 2
442535 0 55 5 2
442536 0 55 5 2
509178 0 55 5 1
538745 1 55 5 0
34257 0 56 5 1
34259 0 56 5 1
34260 0 56 5 1
34261 0 56 5 1
225938 0 56 5 3
225940 0 56 5 3
538864 0 56 5 1
538867 0 56 5 1
538868 0 56 5 1
142735 1 57 5 2
142737 1 57 5 2
225936 0 57 5 2
386416 0 57 5 3
442531 0 57 5 2
442535 0 57 5 2
442536 0 57 5 2
442977 1 58 5 1
477483 1 58 5 1
477484 1 58 5 1
477486 1 58 5 1
538347 0 58 5 4
193219 0 59 5 4
227261 0 59 5 1
227263 0 59 5 1
538553 1 59 5 1
538554 1 59 5 1
142907 0 60 5 4
226376 0 60 5 3
226378 0 60 5 3
443123 1 60 5 1
443124 1 60 5 1
443125 1 60 5 1
443126 1 60 5 1
477640 0 60 5 3
509179 1 60 5 1
509180 1 60 5 1
509181 1 60 5 1
537905 0 60 5 1
537906 0 60 5 1
538867 0 60 5 0
538868 0 60 5 0
101527 0 61 5 3
538551 0 61 5 1
538554 0 61 5 1
226700 1 62 5 1
226703 1 62 5 1
556289 1 63 5 1
556290 1 63 5 1
477641 0 64 5 3
538862 1 64 5 1
537959 0 65 5 0
538211 0 65 5 3
538864 0 65 5 0
538866 0 65 5 0
538867 0 65 5 0
538868 0 65 5 0
227836 0 66 5 3
227838 0 66 5 3
193954 0 67 5 1
451603 0 67 5 3
451605 0 67 5 3
388626 0 68 5 2
388628 0 68 5 2
538367 0 68 5 0
538861 0 69 5 3
538862 0 69 5 3
538869 0 69 5 3
538870 0 69 5 3
538871 0 69 5 3
194078 0 70 5 1
194081 0 70 5 1
194082 0 70 5 1
227439 0 70 5 3
227441 0 70 5 3
538869 0 70 5 1
538871 0 70 5 1
538872 0 70 5 1
193908 0 71 5 3
193909 0 71 5 3
193910 0 71 5 3
538775 0 71 5 2
193993 0 73 5 0
193994 0 73 5 0
538869 0 73 5 1
538870 0 73 5 1
538872 0 73 5 1
225993 0 74 5 1
225998 0 74 5 1
193995 0 76 5 0
227354 0 76 5 4
513736 0 77 5 2
513739 0 77 5 2
513737 0 77 5 3
513738 0 77 5 3
198422 0 78 5 3
81118 0 79 5 3
227045 0 80 5 3
226268 1 81 5 0
513738 0 81 5 0
513739 0 81 5 0
81118 0 84 5 3
226960 0 85 5 1
226962 0 85 5 1
226266 0 86 5 0
226268 0 86 5 0
226960 1 88 5 3
226962 1 88 5 3
82133 1 92 5 1
82136 1 92 5 1
82137 1 92 5 1
