401859 2 1 4 1
45746 3 2 4 0
333187 3 2 0 0
429161 5 4 3 0
559342 5 4 4 0
142271 6 3 1 0
143873 6 2 1 0
218918 6 5 2 0
453651 6 2 3 0
430721 7 1 0 0
430722 7 3 1 0
213794 8 1 1 0
560548 8 3 3 0
142453 9 3 3 0
399317 9 1 1 0
431117 10 3 1 0
398135 11 1 1 0
213792 12 2 3 0
558660 12 3 2 0
143220 15 3 1 0
399234 15 2 1 0
397128 16 2 1 1
398221 16 3 1 1
398222 16 1 1 0
398228 16 3 3 0
452910 16 1 1 0
453326 16 3 1 0
454466 16 2 1 0
143695 17 1 1 0
212935 17 2 3 0
397472 18 2 1 0
398229 18 2 3 0
398330 18 3 1 0
398766 18 2 1 0
453744 18 3 1 0
454629 18 3 3 0
397129 19 2 1 1
398218 19 4 2 0
398219 19 3 0 1
87741 20 2 3 1
143698 20 2 3 0
238519 20 2 4 0
398227 20 4 1 0
429849 20 3 1 0
397266 21 4 2 0
397469 21 3 1 0
398329 21 4 1 0
399154 21 2 2 0
399326 21 3 3 0
453738 21 3 1 0
88791 22 2 3 0
238518 22 2 4 1
397591 22 3 3 0
25358 23 3 3 1
552694 23 4 3 1
398331 24 4 3 0
498801 24 2 3 0
30976 25 3 3 0
132480 27 3 3 0
214265 27 3 3 0
398592 27 4 1 0
30974 29 2 2 1
87797 29 3 1 0
437312 29 4 3 0
88784 30 1 1 0
214263 30 2 0 0
87749 31 3 1 0
88373 31 2 1 0
88817 31 3 1 0
452955 31 2 1 0
30975 32 2 2 0
88376 32 2 3 0
88841 32 3 1 0
453489 32 3 3 1
87748 33 4 1 1
88237 33 3 1 0
88455 33 3 1 0
87743 34 2 1 0
88197 34 3 1 0
88671 34 2 1 0
88893 34 4 3 0
89067 34 3 1 1
87899 35 2 3 1
89094 35 3 1 0
89100 35 2 3 0
87579 36 4 1 0
88084 36 1 1 0
88238 36 3 1 0
88336 36 3 1 0
89066 36 3 1 0
452921 36 4 1 0
87578 37 3 0 0
87893 37 2 4 0
89240 37 2 1 0
212162 37 3 3 0
453565 37 4 1 0
31118 38 3 2 0
87744 38 2 1 0
87830 38 4 1 0
88456 38 3 1 0
89068 38 3 1 0
452697 38 3 1 0
454623 38 4 1 0
454770 38 3 0 0
88288 39 2 1 0
88934 39 2 1 0
88947 39 2 1 0
89065 39 2 0 0
453762 39 3 1 0
454986 39 3 1 0
87689 40 4 1 0
453638 40 3 1 0
454210 40 2 1 0
88391 41 3 1 0
89045 41 2 1 0
89176 41 3 3 1
452790 41 2 1 0
453978 41 3 4 0
454089 41 3 1 0
454249 41 2 0 0
87580 42 2 1 0
453855 42 2 1 1
454109 42 4 0 0
454935 42 3 1 0
454936 42 2 3 0
88188 43 3 1 0
89001 43 3 3 0
89318 43 3 1 0
88047 44 2 3 0
452711 44 2 1 0
453690 44 3 2 0
454908 44 4 1 0
87762 45 1 0 0
87895 45 4 1 0
88392 45 3 3 0
88936 45 4 1 0
205735 46 2 2 0
262046 46 2 3 0
452612 47 4 1 0
454127 47 3 1 0
87601 48 2 1 0
87758 48 3 1 0
205734 48 1 2 0
205741 48 2 1 0
89059 49 2 0 0
454682 49 3 1 0
88313 50 3 3 0
205742 50 2 3 1
262045 50 3 1 0
282618 50 1 3 0
282627 50 3 3 1
452901 50 3 3 0
453687 50 3 1 0
205740 51 2 1 0
453281 51 2 1 0
453531 51 2 4 1
454960 51 2 1 0
205739 52 1 1 0
454021 52 4 1 0
454648 52 4 1 0
87760 53 4 3 0
88190 53 3 3 0
88311 53 4 2 0
282619 53 1 3 0
454650 53 3 3 0
467596 53 3 1 0
453283 54 3 3 0
453317 54 2 3 0
453782 54 3 3 0
454022 54 1 3 1
88312 55 3 3 0
453273 55 4 3 0
453366 55 2 1 0
453764 55 3 3 0
453922 55 3 1 0
454821 55 3 1 0
454963 55 3 3 0
467590 55 3 1 1
467591 55 2 1 0
88309 56 3 1 0
452896 56 1 1 0
454023 56 3 3 0
454686 56 3 3 0
453235 57 2 1 1
454025 57 3 0 0
466936 57 2 1 0
392248 58 2 3 0
453613 58 3 1 0
467224 58 2 1 1
467496 58 1 3 0
468128 58 1 1 0
468129 58 4 1 0
468321 58 2 3 1
397660 59 3 3 0
454014 59 3 1 0
466691 59 2 1 0
466938 59 2 3 1
467595 59 3 3 0
468134 59 4 3 0
468232 59 2 1 0
204520 60 2 1 0
204784 60 3 1 0
249458 60 2 3 1
453239 60 2 1 0
454509 60 2 0 0
467593 60 2 3 0
392249 61 2 3 0
454705 61 3 3 0
467403 61 3 1 1
453013 62 2 1 0
454702 62 4 1 0
468234 62 2 1 0
76830 63 4 3 0
205088 63 3 1 0
454019 63 3 3 0
454026 63 3 3 1
454707 63 2 2 0
454942 63 3 1 0
467383 63 4 1 0
204228 64 1 1 0
452749 64 4 1 0
454511 64 3 2 0
466897 64 4 1 0
453394 65 4 1 0
453496 65 4 1 0
467545 65 4 3 0
555347 65 4 3 0
205378 66 3 3 0
205449 66 3 1 0
454941 66 2 1 0
466657 66 3 3 0
466741 66 1 1 0
468302 66 3 1 0
454355 67 2 1 0
454392 67 2 1 0
466736 67 2 1 0
468080 67 2 1 0
468082 67 3 3 1
204511 68 3 1 0
205392 68 4 1 1
205487 68 2 3 0
466888 68 2 4 0
466993 68 3 1 0
204752 69 2 3 0
453010 69 3 2 0
453497 69 3 1 0
454035 69 3 1 0
466664 69 2 1 0
468081 69 4 3 0
453895 70 3 1 0
454357 70 2 1 0
468303 70 3 1 0
454581 71 3 3 0
467007 71 3 1 0
467400 71 3 1 0
452796 72 3 2 1
453960 72 3 2 0
454305 72 3 1 1
454354 72 3 1 0
454580 72 3 3 0
466733 72 4 1 0
466745 72 3 3 0
466748 72 3 4 0
466966 72 2 1 0
468370 72 3 1 0
204175 73 2 1 1
205383 73 2 1 0
453265 73 2 1 0
466661 73 3 0 0
467945 73 3 1 0
468371 73 3 3 0
205462 74 2 1 0
332591 74 2 3 0
359647 74 2 2 0
453187 74 4 1 0
467071 74 3 1 0
467181 74 4 1 0
452907 75 3 1 0
454586 75 3 2 0
467182 75 2 3 0
467186 75 3 1 0
467796 75 2 2 0
204545 76 2 1 0
467055 76 1 1 0
467375 76 2 3 0
467815 76 1 0 0
467822 76 2 3 0
204085 77 2 1 0
466783 77 3 3 0
466841 77 3 4 0
467367 77 2 1 0
467819 77 2 1 0
467208 78 3 1 0
467245 78 3 2 0
122343 79 2 2 0
203978 79 1 1 0
204288 79 4 1 0
454587 79 3 3 1
467372 79 3 1 0
468257 79 3 1 0
468308 79 4 1 0
283223 80 3 2 1
466860 80 4 1 0
467405 80 3 3 0
468307 80 4 3 0
203980 81 2 1 0
204639 81 4 1 0
467223 81 2 1 1
468585 81 3 3 0
27419 82 3 3 1
204170 82 5 1 0
204532 82 3 1 0
205763 82 3 0 0
468104 82 3 1 0
66755 83 2 1 0
204234 83 2 1 0
205030 83 2 1 0
205166 83 4 2 1
205344 83 4 1 0
205348 83 2 0 0
467095 83 3 3 0
467406 83 3 2 0
467699 83 3 2 1
468259 83 3 3 0
203979 84 3 1 0
204171 84 3 1 0
205277 84 4 3 0
424349 84 2 3 0
468118 84 3 3 0
149857 85 3 3 1
204402 85 4 1 0
205031 85 3 1 0
205172 85 1 1 0
205341 85 1 3 0
205758 85 4 3 0
468571 85 3 1 0
7194 86 4 2 0
205203 86 4 1 0
205347 86 2 3 1
467340 86 2 1 0
467936 86 4 4 0
204644 87 2 2 0
205033 87 2 3 0
390536 87 2 3 0
469313 87 2 3 0
204500 88 2 3 0
204816 88 4 1 0
204591 89 2 0 0
204597 89 3 3 0
467932 89 3 3 0
204107 90 2 1 0
204594 90 3 1 0
204823 90 2 3 0
205076 90 2 4 1
205202 90 3 1 0
466631 90 4 1 0
466644 90 3 1 0
467289 90 2 3 0
468215 90 2 1 0
468354 90 2 1 0
204835 91 2 1 1
204916 91 1 1 0
205259 91 4 1 0
466681 91 2 1 0
466991 91 3 2 0
470172 91 3 1 0
149855 92 2 1 0
204579 92 2 1 0
205326 92 2 1 0
205445 92 2 1 0
463528 92 4 2 0
466602 92 3 3 0
466632 92 2 1 0
466635 92 4 3 0
467322 92 3 1 0
467745 92 2 1 0
468351 92 2 4 1
468498 92 3 1 0
204525 93 2 0 0
205038 93 2 1 0
205414 93 3 1 0
466655 93 4 1 0
466751 93 4 1 0
467828 93 4 3 0
24840 94 3 2 1
464292 94 2 4 1
468499 94 1 2 0
469136 94 3 1 0
520115 94 2 3 0
204754 95 2 0 0
204783 95 3 1 0
466754 95 3 3 1
468695 95 2 1 0
149856 96 2 3 0
205171 96 4 3 0
466683 96 3 1 0
469138 97 2 3 1
149853 98 3 1 1
204199 98 3 3 0
212521 98 3 2 0
380061 98 2 0 0
490431 98 4 2 0
204772 99 3 1 1
467352 99 3 1 0
468214 99 2 3 0
430379 100 3 3 0
464583 100 3 3 0
150699 101 2 1 0
204126 101 3 1 0
379338 101 2 4 0
467024 101 3 3 1
467825 101 3 1 0
468211 101 2 1 0
204153 102 2 3 0
464933 102 3 2 1
467353 102 2 3 0
204007 103 3 1 0
430385 103 3 3 0
468213 103 3 2 0
205048 104 4 3 0
215616 104 3 3 0
467220 104 2 1 0
467867 104 3 1 0
204147 105 2 2 0
527563 105 3 3 0
136315 106 3 3 0
204148 106 3 2 0
466823 106 2 1 0
467217 106 3 1 0
212571 107 3 3 0
380029 107 4 1 0
380617 107 4 1 0
464934 107 4 3 0
204294 108 4 1 0
379517 108 3 1 0
467218 108 3 1 1
89093 109 2 3 0
244136 109 2 3 0
379459 109 3 1 0
467119 110 4 1 0
467869 110 2 3 0
379457 111 2 0 0
380472 111 2 3 0
467868 111 4 1 0
112008 112 2 1 0
131306 112 2 2 0
392212 112 2 3 0
380789 113 1 1 0
379965 114 2 1 0
380606 114 1 1 0
380700 114 3 1 0
467222 114 5 3 0
168396 115 2 2 0
379461 115 2 3 0
379687 115 3 1 0
380871 115 4 1 0
69604 116 4 3 0
112009 116 4 3 0
379194 116 2 1 0
380874 116 2 1 0
489151 117 3 3 0
379221 118 2 1 0
379791 119 3 1 0
382710 122 4 3 0
554935 122 3 3 0
379790 123 3 1 0
381497 123 2 3 0
