21914 0 6 6 4 0
23019 1 4 6 2 0
79437 0 6 6 3 0
113273 0 6 6 4 0
145193 0 6 6 4 0
158967 0 6 6 3 0
163600 1 3 6 3 1
283621 1 4 6 3 0
347151 0 6 6 1 0
367797 1 4 6 1 0
388527 0 6 6 1 0
390033 0 6 6 3 0
459526 0 6 6 1 0
464576 1 5 6 1 0
470145 0 6 6 3 0
471824 1 3 6 1 0
473490 1 4 6 3 0
475171 0 6 6 3 0
479049 0 6 6 1 0
536439 0 6 6 3 0
459527 0 6 7 3 0
461111 1 3 7 1 0
459522 0 6 8 0 0
471826 0 6 8 3 1
163598 1 3 9 0 0
163599 0 6 9 2 0
304783 0 6 9 3 0
347149 0 6 9 1 0
347347 1 2 9 1 0
367514 0 6 9 3 0
392223 1 3 9 3 1
460520 1 5 9 1 0
478001 1 4 9 1 0
536437 1 3 9 1 0
346166 0 6 10 1 0
347443 1 3 10 1 0
459523 1 3 10 1 0
459528 1 3 10 3 0
470637 0 6 10 1 0
478390 0 6 10 1 0
304782 1 2 11 3 0
346168 1 4 11 3 0
347153 0 6 11 3 0
459524 1 3 11 1 0
460082 1 4 11 1 0
461079 0 6 11 1 0
460519 0 6 12 1 0
470827 0 6 12 1 0
349808 1 3 13 2 0
381683 1 4 13 3 0
459230 1 4 13 1 0
470636 0 6 13 0 0
246157 1 2 14 2 0
304789 1 4 14 1 0
347154 1 2 14 3 0
347188 1 3 14 1 0
347344 0 6 14 1 0
347672 0 6 14 2 0
347939 0 6 14 1 0
347959 1 5 14 1 0
346209 1 4 15 1 0
346520 0 6 15 1 0
347346 0 6 15 1 0
347349 0 6 15 2 0
347825 1 4 15 4 0
459299 1 3 15 2 0
459832 0 6 15 2 0
460594 0 6 15 1 0
460616 0 6 15 1 0
460925 1 4 15 3 0
461081 0 6 15 1 0
346061 0 6 16 1 0
346212 1 3 16 3 1
347079 0 6 16 1 0
459798 1 4 16 1 0
460524 1 3 16 4 0
460597 1 2 16 3 0
470638 1 4 16 2 0
304332 0 6 17 1 0
346072 0 6 17 2 0
346448 0 6 17 1 0
347189 0 6 17 1 0
347958 0 6 17 1 0
459231 1 3 17 3 0
460410 0 6 17 1 1
347041 1 4 18 1 0
347150 1 3 18 1 0
347469 1 3 18 3 0
347637 0 6 18 1 0
347941 0 6 18 3 0
459804 1 3 18 1 0
460408 0 6 18 0 0
461086 0 6 18 1 0
88651 0 6 19 3 0
339048 0 6 19 3 0
347014 0 6 19 1 0
347996 0 6 19 1 0
460464 1 5 19 1 0
460518 1 4 19 4 0
460601 1 3 19 1 0
346708 1 3 20 1 0
347190 0 6 20 1 1
347432 0 6 20 1 0
459325 1 3 20 4 1
459405 0 6 20 1 0
459475 0 6 20 4 1
460129 0 6 20 1 0
460602 0 6 20 3 0
167712 0 6 21 3 1
346602 0 6 21 1 0
347124 1 4 21 3 0
347575 1 4 21 1 0
347995 0 6 21 1 0
459229 1 5 21 1 0
460130 0 6 21 1 0
346447 1 4 22 0 1
346534 0 6 22 1 0
346706 1 3 22 1 0
347038 0 6 22 0 0
347042 1 3 22 3 0
347638 0 6 22 3 0
460351 0 6 22 4 0
461058 0 6 22 4 1
461084 0 6 22 0 0
501792 1 3 22 3 0
167713 0 6 23 3 0
346049 0 6 23 1 0
346604 1 3 23 3 0
346707 0 6 23 1 0
347576 0 6 23 2 0
385079 1 3 23 3 0
460128 1 2 23 1 0
339041 1 3 24 3 0
346228 0 6 24 1 0
346585 1 4 24 1 0
346681 0 6 24 1 1
347581 1 2 24 3 0
459404 0 6 24 0 0
459407 1 4 24 3 0
460104 1 3 24 1 0
460621 1 2 24 4 0
339049 1 4 25 3 0
346603 1 5 25 3 0
346705 1 2 25 1 0
347099 0 6 25 1 0
347246 1 3 25 1 0
459643 0 6 25 1 0
460954 0 6 25 1 0
105533 1 3 26 3 0
346084 1 2 26 1 0
347612 0 6 26 1 0
460854 0 6 26 1 0
346085 1 3 27 1 0
346114 1 2 27 1 0
346204 0 6 27 1 1
346235 1 3 27 3 0
347247 1 3 27 3 0
459720 0 6 27 3 0
460074 1 3 27 1 0
460103 0 6 27 1 1
460905 1 3 27 3 0
460955 1 4 27 1 0
524515 0 6 27 3 0
339047 1 3 28 1 0
346087 1 3 28 3 0
346635 1 3 28 2 0
347441 0 6 28 1 0
459403 0 6 28 0 0
459938 1 4 28 1 0
279594 1 3 29 3 0
339046 1 3 29 0 0
346499 1 4 29 1 0
346587 0 6 29 3 1
347122 0 6 29 1 0
347248 0 6 29 3 1
347624 1 4 29 1 0
440981 1 3 29 2 0
459620 0 6 29 3 0
459645 0 6 29 3 0
460443 0 6 29 1 0
460856 1 4 29 3 0
460956 1 3 29 1 0
460961 0 6 29 0 0
461144 1 3 29 1 0
469874 0 6 29 3 0
176444 0 6 30 3 0
346115 0 6 30 3 0
346203 1 3 30 0 0
346939 0 6 30 1 0
347552 1 4 30 1 0
459482 0 6 30 1 0
459627 0 6 30 1 0
459642 0 6 30 1 0
459936 0 6 30 0 1
460679 1 3 30 1 0
460742 0 6 30 1 0
460855 1 2 30 3 0
461125 0 6 30 4 0
346062 1 4 31 1 0
346233 0 6 31 1 1
346444 1 3 31 1 0
346759 0 6 31 1 0
459119 1 4 31 1 0
459483 0 6 31 1 0
459937 0 6 31 0 0
460473 1 2 31 1 0
460902 0 6 31 1 0
460953 0 6 31 1 0
460964 0 6 31 2 0
145653 0 6 32 3 0
340037 0 6 32 4 0
346086 1 3 32 3 0
346876 0 6 32 1 0
459709 1 2 32 0 0
460962 1 4 32 1 0
461143 1 3 32 0 0
97642 1 4 33 3 0
346193 1 3 33 1 0
346641 1 3 33 1 0
347112 1 4 33 1 0
441338 0 6 33 4 1
459121 0 6 33 3 0
459215 0 6 33 1 1
459626 1 5 33 1 0
459653 1 2 33 1 0
460314 1 3 33 1 0
460417 1 2 33 1 0
460469 1 3 33 1 0
460861 0 6 33 3 0
460909 0 6 33 3 0
460967 0 6 33 1 0
460998 0 6 33 3 0
461072 0 6 33 1 0
346064 1 4 34 3 0
346337 0 6 34 1 0
346468 1 2 34 1 0
346775 0 6 34 3 0
346812 1 4 34 1 0
346874 0 6 34 1 0
457912 0 6 34 4 0
459484 0 6 34 1 0
459485 0 6 34 3 1
459855 1 3 34 1 0
460484 0 6 34 0 0
461116 0 6 34 1 0
176442 0 6 35 1 0
340031 1 4 35 2 0
346116 0 6 35 3 0
346206 1 4 35 3 0
346815 1 4 35 3 0
459248 0 6 35 1 0
460418 1 3 35 3 0
460474 0 6 35 3 0
460652 0 6 35 1 1
460750 0 6 35 2 0
460831 0 6 35 3 0
340156 0 6 36 2 0
346202 1 3 36 3 0
346339 1 5 36 2 0
346469 1 4 36 1 0
346471 0 6 36 3 0
346505 0 6 36 1 0
347115 1 3 36 3 0
459655 1 5 36 3 0
459692 0 6 36 3 0
460397 0 6 36 1 0
460415 0 6 36 0 0
460680 1 3 36 1 0
461071 0 6 36 1 0
14406 0 6 37 3 0
340674 1 3 37 3 0
346194 1 3 37 1 0
346816 0 6 37 3 0
346853 0 6 37 1 0
346875 0 6 37 1 0
347288 1 4 37 1 0
347640 1 2 37 1 0
347771 0 6 37 1 0
459297 0 6 37 0 0
459487 0 6 37 2 0
459769 1 5 37 3 0
459858 1 2 37 3 0
459877 0 6 37 1 0
176443 1 4 38 1 0
222066 0 6 38 2 0
339327 0 6 38 3 0
346503 0 6 38 1 0
346649 0 6 38 1 0
346878 1 3 38 3 0
346951 0 6 38 4 0
347251 0 6 38 4 0
347731 0 6 38 1 0
347946 0 6 38 1 0
459159 0 6 38 1 1
460237 0 6 38 1 0
460472 0 6 38 1 0
346341 1 4 39 3 0
346472 1 4 39 3 0
346669 0 6 39 4 0
347845 1 3 39 1 0
459876 0 6 39 1 1
346735 0 6 40 1 0
460907 1 5 40 1 0
141170 1 3 41 3 0
222067 0 6 41 2 0
346435 1 2 41 1 0
346655 0 6 41 3 0
459291 0 6 41 1 0
460471 0 6 41 1 0
340673 0 6 42 2 0
346342 1 3 42 3 0
346506 1 4 42 3 0
346734 0 6 42 1 0
346851 0 6 42 1 0
346855 0 6 42 3 0
347769 1 3 42 0 0
347773 0 6 42 3 0
459730 0 6 42 1 0
459766 0 6 42 1 0
459854 1 4 42 1 0
222065 1 3 43 2 0
346042 1 3 43 1 0
347602 0 6 43 1 0
459731 0 6 43 1 0
346660 1 4 44 4 0
346736 0 6 44 1 0
347730 0 6 44 1 0
347770 1 2 44 1 0
459307 0 6 44 1 0
459767 1 4 44 1 0
459853 1 3 44 0 1
346016 1 3 45 1 0
346850 1 3 45 1 0
459293 1 3 45 3 0
459732 1 4 45 3 1
459856 0 6 45 1 0
460587 1 3 45 1 0
29211 0 6 46 2 0
191042 0 6 46 3 0
222068 1 3 46 3 0
346437 0 6 46 1 0
346658 0 6 46 3 0
346852 1 2 46 1 1
347774 1 2 46 3 0
347980 0 6 46 1 0
459910 0 6 46 1 0
459971 1 4 46 1 0
460086 1 5 46 1 0
460470 1 4 46 1 0
459264 1 2 47 1 0
346652 1 2 48 3 0
347163 0 6 48 1 0
459770 0 6 48 3 0
460145 1 4 48 1 0
460871 1 4 48 1 0
29212 0 6 49 2 0
29213 1 3 49 3 0
45922 0 6 49 3 0
346836 1 3 49 1 0
460588 1 3 49 2 0
461007 0 6 49 1 1
29214 1 4 50 3 0
191043 0 6 50 3 0
346017 0 6 50 2 0
346679 0 6 50 4 0
347201 1 3 50 1 0
347732 0 6 50 3 0
460146 1 3 50 1 0
461006 0 6 50 1 0
28758 1 4 51 3 1
460589 0 6 51 3 0
461160 1 4 51 1 0
29857 0 6 52 3 1
345941 1 3 52 1 0
459265 1 3 52 1 0
459266 0 6 52 1 0
460147 1 1 52 3 0
461005 0 6 52 1 0
461008 0 6 52 1 0
45919 0 6 53 1 0
346345 0 6 53 1 0
347158 0 6 53 1 0
461010 1 3 53 3 0
28756 0 6 54 1 0
265268 1 3 54 3 0
346528 0 6 54 1 0
460189 0 6 54 1 0
346205 0 6 55 1 0
346702 0 6 55 1 0
398937 0 6 55 4 0
459160 1 2 55 3 0
460148 1 2 55 3 1
45927 0 6 56 3 0
459869 0 6 56 1 0
460186 0 6 56 0 0
460187 1 3 56 1 0
460830 1 3 56 1 0
28135 1 4 57 4 1
28200 1 4 57 1 0
28755 0 6 57 1 0
266673 0 6 57 3 1
346040 1 3 57 1 0
346530 0 6 57 3 0
346701 1 4 57 1 0
346770 1 3 57 1 0
460456 0 6 57 4 1
83357 1 4 58 3 0
347682 0 6 58 1 0
29269 0 6 59 1 0
345946 0 6 59 1 1
347138 1 4 59 1 0
460184 0 6 59 4 0
460725 0 6 59 1 0
28109 1 2 60 1 0
28757 0 6 60 3 0
346165 0 6 60 1 0
347009 1 2 60 1 0
347431 0 6 60 1 1
460235 0 6 60 1 0
461061 0 6 60 1 0
83358 0 6 61 3 0
346011 0 6 61 3 0
346047 1 4 61 1 0
346529 1 3 61 1 0
346768 0 6 61 0 0
346769 0 6 61 1 0
346771 0 6 61 3 0
347935 1 3 61 1 0
459252 0 6 61 1 0
28121 0 6 62 4 0
28824 1 3 62 4 0
83355 1 4 62 0 0
346039 0 6 62 1 0
346637 0 6 62 1 0
347120 1 4 62 1 0
347310 0 6 62 3 0
347683 1 3 62 1 1
461063 0 6 62 3 0
494900 0 6 62 3 0
346636 0 6 63 1 0
346761 1 4 63 3 0
347094 1 5 63 3 0
347121 0 6 63 3 0
28112 0 6 64 3 0
345992 0 6 64 1 0
347008 0 6 64 1 0
347884 0 6 64 1 0
28120 0 6 65 4 1
83679 1 2 65 2 0
347401 1 4 65 1 0
347553 1 4 65 1 0
347936 0 6 65 1 0
347938 1 3 65 3 0
28107 1 2 66 1 0
345991 0 6 66 1 0
346639 1 4 66 3 0
346646 1 4 66 3 0
347007 0 6 66 0 0
347290 0 6 66 1 0
347303 1 3 66 1 0
459251 1 2 66 1 0
84141 0 6 67 3 0
347988 0 6 67 1 0
345935 1 3 68 1 0
345990 1 4 68 0 0
346172 1 4 68 1 0
346227 0 6 68 1 0
346647 0 6 68 4 0
460796 1 4 68 1 0
84137 1 3 69 3 0
197777 0 6 69 3 1
215818 1 4 69 1 0
346285 0 6 69 1 0
346638 1 3 69 2 0
347404 0 6 69 3 1
347551 0 6 69 1 0
346169 0 6 70 1 0
346642 1 4 70 3 0
347278 1 4 70 1 0
347569 1 3 70 4 0
460993 1 3 70 1 0
215672 0 6 71 4 0
215985 0 6 71 0 0
345934 0 6 71 1 1
345994 0 6 71 2 0
346287 0 6 71 1 0
347089 1 3 71 1 0
347280 1 5 71 3 1
347302 1 4 71 1 0
347399 0 6 71 0 0
347987 1 4 71 1 0
459165 1 2 71 1 0
346719 1 4 72 1 0
347316 0 6 72 1 0
347668 1 4 72 1 0
347986 1 4 72 1 0
460053 1 4 72 3 0
346289 1 3 73 3 0
347386 0 6 73 1 0
345937 0 6 74 2 0
346762 0 6 74 1 0
347502 0 6 74 1 0
459253 1 3 74 1 0
346170 1 3 75 1 0
346353 1 2 75 1 0
347087 1 3 75 0 0
347088 0 6 75 1 0
347611 0 6 75 1 0
347989 0 6 75 1 0
460483 0 6 75 4 1
215997 1 4 76 1 0
459166 0 6 76 2 0
346777 1 3 77 3 0
347074 0 6 77 1 0
347090 0 6 77 3 1
345938 1 3 78 3 1
346352 0 6 78 3 1
346366 0 6 78 1 0
347500 0 6 78 1 0
459461 1 3 78 1 0
215998 1 3 79 1 0
346763 1 3 79 1 0
347082 0 6 79 1 0
347319 0 6 79 3 0
347325 1 4 79 1 0
347501 1 3 79 1 0
347570 0 6 79 3 0
388123 0 6 79 2 0
346349 0 6 80 3 1
346351 1 3 80 3 0
346582 1 3 81 1 0
346819 1 5 81 1 0
347493 1 4 81 1 0
460863 0 6 81 1 0
346264 1 4 82 1 1
347318 1 3 82 3 0
347504 1 4 82 3 0
347904 1 4 83 1 0
457527 1 4 83 2 0
215996 1 3 84 1 0
346263 0 6 84 1 0
346581 0 6 84 1 0
346818 1 4 84 1 0
347336 0 6 84 4 1
346410 0 6 85 1 0
346820 0 6 85 3 0
347143 0 6 85 1 0
347317 1 3 85 1 0
347511 1 3 85 2 0
485988 0 6 85 3 0
347901 0 6 86 1 0
460866 0 6 86 3 0
545594 1 4 86 2 0
216000 0 6 88 3 0
346266 0 6 88 3 0
346726 1 3 88 4 1
347136 1 3 88 0 0
485985 0 6 88 1 0
485986 0 6 88 1 0
346063 0 6 89 1 0
346489 1 3 89 3 0
347123 0 6 89 1 0
347322 0 6 89 1 0
379361 1 4 89 3 0
347141 0 6 90 3 0
486366 1 4 91 1 0
315335 0 6 92 3 0
346065 0 6 92 3 0
346107 0 6 93 1 0
346400 1 2 93 3 0
255357 1 2 94 3 0
315345 0 6 94 3 0
486367 0 6 94 1 0
311077 1 2 95 2 0
390092 1 4 96 3 0
485456 0 6 96 1 1
486237 1 3 96 4 0
346110 0 6 97 3 0
346320 0 6 97 1 0
484913 0 6 97 3 0
540118 0 6 97 3 0
121864 1 3 99 3 0
342260 1 3 99 3 1
311080 0 6 100 3 0
485458 0 6 100 3 0
425610 1 3 101 3 0
121261 0 6 103 3 1
