147623 7
147626 7
478643 7
478645 7
277066 8
457048 8
34699 10
34700 10
34701 10
33515 12
179239 12
179243 12
477538 12
34859 14
333431 14
333433 14
478643 14
539017 14
34786 16
34788 16
34791 16
333428 17
333429 17
333430 17
457223 17
457861 17
333278 18
333279 18
34790 19
34832 20
455119 20
333336 21
34671 22
34785 22
34787 22
34789 22
538063 22
538300 22
332717 23
332718 23
35100 24
455500 24
455501 24
538116 24
539138 24
539139 24
35288 25
35290 25
332698 25
332700 25
332701 25
456697 25
538499 25
538734 25
456982 26
456987 26
457241 26
457244 26
457245 26
458716 26
34471 27
34473 27
34474 27
215786 27
438509 27
455767 27
455769 27
456985 27
537703 27
537704 27
35101 28
35102 28
456693 28
538869 28
538870 28
539180 28
539181 28
34836 29
331926 29
455091 29
455887 29
332419 30
332420 30
332421 30
332562 30
332734 30
332736 30
332737 30
455347 30
457225 30
537705 30
537706 30
538628 30
538631 30
539094 30
113829 31
215790 31
456986 31
537708 31
538277 31
34067 32
35303 32
35304 32
332078 32
332080 32
332818 32
333436 32
333439 32
455003 32
456074 32
456987 32
457051 32
457545 32
457548 32
457549 32
458636 32
538008 32
34520 33
34523 33
34755 33
34757 33
35008 33
35012 33
332025 33
455483 33
456582 33
456692 33
456694 33
456698 33
502141 33
537825 33
538386 33
538629 33
538630 33
280390 34
332600 34
439392 34
455767 34
456073 34
456077 34
538206 34
538869 34
33631 35
35017 35
332571 35
332573 35
332966 35
333212 35
333215 35
34248 36
34522 36
34638 36
285073 36
332287 36
333087 36
333090 36
333456 36
333457 36
355495 36
455810 36
455812 36
456247 36
456249 36
468006 36
468009 36
516386 36
539003 36
34349 37
332262 37
332263 37
332265 37
332581 37
332583 37
333373 37
436396 37
456513 37
458882 37
35016 38
35250 38
320235 38
333204 38
437301 38
537912 38
538869 38
538872 38
539084 38
332563 39
332565 39
538145 39
538501 39
33577 40
439270 40
439271 40
456131 40
456134 40
457546 40
467997 40
538144 40
538147 40
538149 40
538150 40
34352 41
34353 41
35297 41
35298 41
332264 41
333088 41
333089 41
333090 41
436422 41
439036 41
439038 41
456585 41
457187 41
458723 41
458726 41
34635 42
34636 42
34637 42
332772 42
436420 42
437991 42
455740 42
537628 42
34409 43
320593 43
320595 43
455641 43
457973 43
457974 43
457975 43
468149 43
501980 43
35313 44
50614 44
50616 44
101128 44
332291 44
333431 44
333432 44
436261 44
436262 44
436264 44
455746 44
501983 44
537633 44
537635 44
34249 45
320596 45
331814 45
331816 45
332691 45
333248 45
455119 45
456341 45
456342 45
456345 45
455740 46
456251 46
456254 46
458723 46
458725 46
537629 46
537853 46
302761 47
302762 47
34647 48
436265 48
436266 48
457039 48
457041 48
537875 48
537877 48
537879 48
538628 48
538631 48
455586 49
537481 49
538277 49
33541 50
254113 50
456116 50
456117 50
456118 50
539146 50
34928 51
34930 51
34931 51
455136 51
455137 51
458047 51
468151 51
468152 51
468153 51
537508 51
538593 51
254120 52
302761 52
456524 52
458119 52
502393 52
34181 53
34182 53
437257 53
455736 53
455737 53
457038 53
537618 53
538627 53
538628 53
34516 54
34564 54
253558 54
302815 54
455200 54
455299 54
455971 54
455972 54
455973 54
407596 55
502016 55
537698 55
537699 55
537700 55
537701 55
455134 56
455284 56
456879 56
33990 57
35104 57
253559 57
302575 57
302576 57
455392 57
35081 58
455395 58
535727 58
535728 58
539294 58
34744 59
34745 59
34746 59
302558 59
302577 59
302578 59
302580 59
455937 59
34555 60
34556 60
253554 60
253557 60
253738 60
302875 60
449625 60
455394 60
538154 60
538156 60
35084 61
254690 61
254693 61
254695 61
255439 61
255440 61
333070 61
333071 61
456752 61
494561 61
253615 62
253617 62
253618 62
253619 62
253620 62
254390 62
254392 62
254409 62
255656 62
255660 62
366075 62
449120 62
456169 62
456810 62
456813 62
34017 63
152712 63
253739 63
253740 63
253741 63
253998 63
254000 63
254001 63
255249 63
301783 63
394729 63
455913 63
455916 63
34675 64
253860 64
253956 64
253957 64
254702 64
407311 64
449979 64
455816 64
544646 64
255438 65
255526 65
255529 65
255531 65
366079 65
455327 65
119161 66
119163 66
254173 66
254731 66
254978 66
255525 66
301308 66
254391 67
254395 67
255593 67
255595 67
255596 67
448220 67
449937 67
449939 67
455551 67
455553 67
455602 67
541369 67
253854 68
254027 68
254028 68
254029 68
333004 68
333006 68
333376 68
333378 68
333379 68
407308 68
455065 68
254170 69
254172 69
254392 69
254394 69
254447 69
255767 69
257778 69
301302 69
301324 69
333377 69
407306 69
449130 69
449131 69
449448 69
450028 69
456782 69
456783 69
456784 69
68596 70
449704 70
449708 70
456510 70
456680 70
476103 70
476104 70
476106 70
253757 71
253758 71
253946 71
253947 71
255243 71
393978 71
393980 71
455185 71
455271 71
455273 71
456712 71
456715 71
254548 72
254699 72
254701 72
301379 72
332118 72
332460 72
332463 72
407313 72
450030 72
455070 72
455074 72
455075 72
554664 72
182102 73
254960 73
254962 73
255752 73
333371 73
340481 73
448282 73
449665 73
449668 73
450118 73
450119 73
253966 74
333007 74
333008 74
406819 74
448580 74
448582 74
456783 74
553984 74
182101 75
182880 75
254746 75
255304 75
255449 75
255451 75
378308 75
455552 75
23035 76
255751 76
255754 76
406913 76
406914 76
406915 76
448722 76
448723 76
449255 76
450029 76
255685 77
333346 77
393979 77
61585 78
253951 78
253952 78
302971 78
331783 78
448282 78
448283 78
448315 78
108015 79
182106 79
182107 79
182108 79
182109 79
183240 79
207650 79
246701 79
253777 79
255769 79
408166 79
448289 79
333341 80
333342 80
333347 80
359788 80
407035 80
407433 80
407434 80
449273 80
449275 80
456246 80
456248 80
182153 81
182156 81
182512 81
253529 81
302487 81
449280 81
449846 81
449867 81
182961 82
182963 82
207653 82
207654 82
336872 82
336875 82
404442 82
404446 82
404447 82
182143 83
182611 83
182613 83
182614 83
183239 83
183241 83
254445 83
336864 83
406896 83
406897 83
406913 83
406914 83
448289 83
448291 83
181882 84
359788 84
359791 84
448421 84
338879 85
448414 85
449362 85
455845 85
182725 86
183018 86
254293 86
254296 86
254844 86
255211 86
255212 86
255213 86
255490 86
338882 86
404126 86
407144 86
407908 86
450785 86
455261 86
181604 87
181606 87
181607 87
181772 87
182477 87
183213 87
253520 87
253521 87
253523 87
253524 87
255711 87
255714 87
255715 87
336870 87
336872 87
339824 87
361165 87
408374 87
408377 87
408378 87
108013 88
182121 88
182122 88
182124 88
254265 88
255735 88
301984 88
301985 88
329325 88
336871 88
448407 88
448410 88
449810 88
449812 88
181568 89
181571 89
182117 89
183211 89
340268 89
408074 89
408075 89
455843 89
456939 89
456940 89
182002 90
182004 90
182114 90
253980 90
254694 90
255278 90
301794 90
301798 90
337051 90
337052 90
408383 90
408385 90
456355 90
456356 90
270961 91
329324 91
329328 91
406965 91
406967 91
408382 91
408384 91
455261 91
455841 91
455842 91
476238 91
254008 92
254234 92
255076 92
278707 92
278708 92
278709 92
350001 92
350003 92
408307 92
408308 92
448982 92
448985 92
39240 93
182826 93
182827 93
183360 93
254266 93
255274 93
337451 93
406966 93
407761 93
407762 93
407764 93
407765 93
407766 93
178907 94
181576 94
182590 94
182890 94
182892 94
182893 94
270962 94
337449 94
339799 94
339800 94
182773 95
182774 95
183257 95
183258 95
183345 95
254307 95
302002 95
338159 95
338160 95
338236 95
338412 95
338413 95
163479 96
182284 96
182286 96
182589 96
255150 96
255153 96
407989 96
407994 96
455197 96
455198 96
455199 96
182772 97
182775 97
183153 97
337271 97
338012 97
338237 97
338238 97
338239 97
338240 97
338241 97
338553 97
406967 97
406973 97
406974 97
434545 97
434547 97
450064 97
450065 97
450066 97
182250 98
182253 98
338875 98
336834 99
336836 99
338784 99
338785 99
182245 100
182285 100
182286 100
254232 100
254234 100
254237 100
338013 100
338851 100
434546 100
448412 100
449565 100
181954 101
181960 101
195272 101
338159 101
338160 101
340755 101
182018 102
182577 102
182579 102
253877 102
253878 102
253879 102
253880 102
337930 102
337931 102
337932 102
450064 102
337821 103
340579 103
340581 103
362391 103
148307 104
148308 104
181815 104
183242 104
183243 104
338366 104
338722 104
338726 104
339688 104
339690 104
382785 104
44003 105
181951 105
182525 105
182875 105
194964 105
194966 105
337978 105
338368 105
382783 105
382784 105
181557 106
181558 106
337822 106
408432 106
408436 106
181953 107
182466 107
182569 107
182570 107
183280 107
237594 107
255279 107
337293 107
337296 107
338543 107
338549 107
382781 107
382782 107
407238 107
549955 107
337626 108
338347 108
181514 109
181941 109
181942 109
181943 109
181944 109
183276 109
183277 109
337704 109
337705 109
337964 109
381072 109
381076 109
407565 109
407567 109
483258 109
181691 110
254788 110
381141 110
382244 110
239565 111
285594 111
285595 111
285596 111
285597 111
330593 111
338330 111
338331 111
408432 111
408435 111
95723 112
182816 112
254950 112
255684 112
255900 112
255902 112
337286 112
337287 112
338327 112
338886 112
559149 112
254423 113
254425 113
337199 113
337200 113
337202 113
340563 113
340564 113
381139 113
255367 114
337376 114
382457 114
76404 115
76406 115
239566 115
254323 115
381539 115
96430 116
96431 116
177495 116
217475 116
217476 116
285704 116
337288 116
337289 116
479879 116
518150 116
285703 117
381494 117
381495 117
95088 118
160869 118
254422 118
337038 118
381714 118
381920 118
381923 118
381924 118
381926 118
381927 118
382049 118
382273 118
382275 118
382276 118
518152 118
255054 119
337602 119
337603 119
338065 119
338066 119
381367 119
381368 119
381369 119
382282 119
382287 119
382407 119
171960 120
171963 120
338281 120
338286 120
381491 120
381493 120
517717 120
517718 120
517719 120
518635 120
187202 121
254526 121
337584 121
381059 121
382739 121
382742 121
382743 121
75609 122
75935 122
75936 122
254520 122
254521 122
255517 122
255518 122
255689 122
255690 122
255692 122
255693 122
338284 122
338285 122
345723 122
345727 122
382588 122
382592 122
504313 122
335688 123
338107 123
338108 123
341404 123
341408 123
382282 123
382285 123
519254 123
254420 124
254425 124
254751 124
254754 124
336819 124
381073 124
381077 124
381871 124
518144 124
518145 124
518147 124
518148 124
243577 125
253610 125
253612 125
254427 125
338262 125
379902 125
382841 125
382844 125
382872 125
517513 125
75616 126
338619 126
382742 126
517715 126
517716 126
75153 127
75293 127
75297 127
75617 127
75618 127
75827 127
75830 127
86932 127
170308 127
170309 127
170310 127
179135 127
254415 127
254416 127
254533 127
254534 127
337950 127
338285 127
338286 127
381832 127
381835 127
382839 127
389001 127
504472 127
504474 127
75454 128
75457 128
75608 128
75610 128
379698 128
393261 128
393263 128
504311 128
504312 128
518154 128
519492 128
218660 129
254043 129
254044 129
254046 129
341403 129
341405 129
379912 129
379915 129
504393 129
76228 130
76230 130
76587 130
76588 130
76591 130
95275 130
95447 130
95450 130
254707 130
254710 130
336444 130
336930 130
381188 130
382387 130
75929 131
75930 131
95268 131
95270 131
95889 131
95890 131
96212 131
148415 131
218931 131
218932 131
243586 131
254210 131
254213 131
254508 131
255182 131
255185 131
341407 131
341408 131
382871 131
393262 131
394833 131
422160 131
503060 131
503063 131
503944 131
503945 131
504038 131
517371 131
517504 131
517505 131
517506 131
517507 131
517748 131
518675 131
520902 131
520903 131
520904 131
75826 132
75827 132
76136 132
76137 132
76138 132
96213 132
96214 132
254709 132
255493 132
255496 132
380989 132
395042 132
517655 132
30799 133
95276 133
243582 133
243583 133
381214 133
393259 133
393263 133
393264 133
503734 133
503735 133
505079 133
95386 134
95388 134
95389 134
95683 134
95685 134
95689 134
196861 134
197379 134
336442 134
336445 134
336446 134
337393 134
380494 134
382841 134
382843 134
517662 134
517665 134
521192 134
521193 134
75207 135
253988 135
253989 135
255328 135
335500 135
337187 135
380491 135
381832 135
393198 135
394833 135
394843 135
518350 135
520032 135
171452 136
250473 136
255329 136
311031 136
338527 136
380502 136
380505 136
381177 136
381182 136
381183 136
381185 136
381187 136
393537 136
503784 136
505077 136
517750 136
520201 136
76596 137
337392 137
345779 137
379178 137
379179 137
380492 137
381774 137
381776 137
393509 137
393656 137
394440 137
394441 137
394442 137
503249 137
503251 137
503252 137
511990 137
511991 137
518678 137
520203 137
521118 137
75740 138
75742 138
76603 138
95974 138
96514 138
96515 138
149787 138
149790 138
250471 138
250475 138
335495 138
335507 138
336822 138
380488 138
380490 138
393194 138
393197 138
393546 138
394159 138
394160 138
394161 138
517663 138
518979 138
519377 138
519378 138
540565 138
60954 139
95151 139
95152 139
96312 139
186504 139
250480 139
336269 139
504990 139
504992 139
517707 139
517708 139
518123 139
518832 139
520031 139
521053 139
521057 139
171450 140
171453 140
249843 140
344588 140
380602 140
380604 140
380985 140
380989 140
393891 140
518308 140
521056 140
338076 141
338080 141
380891 141
380893 141
393242 141
393750 141
394583 141
394584 141
504656 141
519135 141
519137 141
521117 141
521120 141
521122 141
75742 142
75743 142
95798 142
149791 142
154391 142
243578 142
249844 142
249845 142
338687 142
393508 142
393547 142
393690 142
393879 142
393880 142
395004 142
517705 142
517706 142
518017 142
518019 142
518020 142
76277 143
95860 143
344331 143
344333 143
381179 143
381180 143
381181 143
393540 143
393753 143
395193 143
395195 143
337712 144
393198 144
394954 144
395031 144
519236 144
519238 144
86848 145
94448 145
95272 145
95398 145
95399 145
337905 145
394855 145
505116 145
505117 145
505120 145
518660 145
95152 146
277783 146
335948 146
337036 146
337044 146
75903 147
75904 147
171093 147
243198 147
335565 147
337710 147
337713 147
344547 147
344549 147
394671 147
394731 147
394828 147
503696 147
503700 147
504114 147
504115 147
504650 147
504652 147
517886 147
195501 148
362663 148
362666 148
381180 148
394852 148
395031 148
424294 148
503799 148
504457 148
504458 148
504603 148
504746 148
504748 148
504928 148
504930 148
505111 148
517889 148
520367 148
95736 149
95737 149
95738 149
95739 149
125664 149
243287 149
335867 149
335868 149
337401 149
337404 149
337738 149
337739 149
337740 149
337741 149
337742 149
380284 149
380286 149
395175 149
425617 149
448136 149
503637 149
503766 149
504122 149
129628 150
243284 150
244347 150
254041 150
254042 150
333725 150
344977 150
345625 150
394717 150
503031 150
504177 150
504388 150
504389 150
504390 150
504456 150
504460 150
511294 150
171090 151
188320 151
188323 151
394222 151
394573 151
395040 151
395042 151
503608 151
503611 151
76252 152
76254 152
125665 152
243386 152
243720 152
337260 152
337261 152
337667 152
380053 152
380055 152
380867 152
402974 152
503033 152
503035 152
503440 152
503442 152
503443 152
504650 152
504652 152
504749 152
504819 152
506953 152
519961 152
520943 152
75172 153
75874 153
75877 153
76623 153
76626 153
166042 153
178170 153
344865 153
344906 153
344909 153
344974 153
344976 153
345162 153
393767 153
394928 153
476485 153
502724 153
502948 153
502950 153
503014 153
503016 153
503018 153
503565 153
503566 153
504453 153
514113 153
95388 154
336982 154
337114 154
337280 154
337282 154
345621 154
345624 154
379555 154
393316 154
393427 154
393476 154
393764 154
502945 154
503837 154
504131 154
504132 154
504289 154
504297 154
504705 154
504706 154
337389 155
338078 155
338079 155
338409 155
338411 155
338412 155
344321 155
345267 155
379417 155
402822 155
402823 155
402825 155
402973 155
422357 155
422359 155
503166 155
503728 155
505166 155
96097 156
96098 156
116746 156
116748 156
243775 156
243777 156
257917 156
284035 156
291213 156
337261 156
339185 156
339188 156
379412 156
393777 156
394934 156
394935 156
503033 156
503441 156
503444 156
503829 156
504251 156
504511 156
504512 156
504514 156
504515 156
504527 156
504529 156
537023 156
76635 157
76656 157
76659 157
96049 157
96053 157
96054 157
344681 157
345617 157
365649 157
379282 157
380305 157
380985 157
393426 157
393429 157
393473 157
393475 157
503317 157
504530 157
76833 158
76836 158
244787 158
337306 158
337387 158
339186 158
339189 158
379553 158
379556 158
379557 158
380217 158
380220 158
380306 158
393333 158
393335 158
393336 158
394996 158
395043 158
503642 158
504405 158
504680 158
504715 158
519959 158
94868 159
95511 159
95513 159
96470 159
117551 159
159137 159
260263 159
315939 159
336878 159
336879 159
380454 159
393346 159
393999 159
394001 159
394971 159
394973 159
394974 159
395053 159
422325 159
422327 159
503189 159
503191 159
503315 159
503531 159
503533 159
504585 159
504778 159
65080 160
96276 160
96285 160
244730 160
244731 160
344299 160
344319 160
379462 160
379463 160
379818 160
379819 160
379820 160
503019 160
503020 160
503643 160
503725 160
503780 160
503862 160
503865 160
504750 160
504752 160
504763 160
504767 160
76832 161
76837 161
94865 161
94867 161
94870 161
94904 161
94906 161
96283 161
273517 161
335670 161
336410 161
337165 161
337960 161
337964 161
337965 161
337966 161
344320 161
344973 161
344976 161
344977 161
379276 161
393536 161
394898 161
394899 161
477089 161
477091 161
504485 161
505171 161
505172 161
505175 161
75895 162
75897 162
75899 162
95799 162
95801 162
95804 162
159135 162
159136 162
159138 162
292173 162
337876 162
338712 162
344965 162
379274 162
380449 162
380452 162
505083 162
505161 162
94805 163
94806 163
94807 163
94809 163
95244 163
95795 163
95796 163
96005 163
120759 163
244315 163
279284 163
315940 163
315941 163
344647 163
344649 163
379571 163
380944 163
393851 163
393852 163
394442 163
413419 163
86977 164
94965 164
96273 164
96277 164
178813 164
338657 164
338658 164
338801 164
344442 164
345383 164
345385 164
379371 164
380744 164
422323 164
422324 164
96278 165
96449 165
164766 165
273518 165
335373 165
335377 165
345296 165
345297 165
379570 165
380942 165
380945 165
503441 165
503443 165
76555 166
95783 166
95786 166
195003 166
335510 166
343206 166
379233 166
505173 166
75981 167
75983 167
96001 167
126746 167
344724 167
345607 167
379489 167
380016 167
95405 168
194682 168
243623 168
345873 168
345876 168
345877 168
345879 168
379339 168
379340 168
379370 168
379484 168
380497 168
393999 168
96194 169
279070 169
279074 169
345102 169
345104 169
345106 169
379405 169
380479 169
393249 169
95381 170
96350 170
96352 170
194680 170
194683 170
292751 170
337401 170
337403 170
337404 170
379403 170
379407 170
393600 170
393601 170
75898 171
93663 171
95376 171
96486 171
244822 171
244826 171
336385 171
336386 171
344992 171
344994 171
379404 171
379406 171
393235 171
393236 171
450800 171
503521 171
555460 171
75885 172
110849 172
194681 172
243629 172
244823 172
344046 172
344874 172
344885 172
379953 172
380233 172
393459 172
393460 172
193595 173
194721 173
244581 173
335750 173
338733 173
344405 173
344407 173
344410 173
345102 173
345105 173
345843 173
345844 173
379187 173
379774 173
379776 173
393375 173
395151 173
96193 174
96194 174
96195 174
193695 174
193698 174
257944 174
318275 174
336046 174
336048 174
336049 174
336051 174
379548 174
515598 174
36037 175
36038 175
95047 175
160257 175
194175 175
194176 175
328632 175
328635 175
345366 175
363389 175
363390 175
380046 175
380047 175
394390 175
529546 175
529548 175
536485 175
95859 176
96019 176
193272 176
193829 176
194344 176
344881 176
344891 176
368211 176
36034 177
36036 177
75142 177
75143 177
75145 177
76096 177
76097 177
194335 177
194342 177
194343 177
244826 177
344764 177
380788 177
394512 177
428522 177
536484 177
37196 178
75146 178
95217 178
194427 178
211463 178
211465 178
211466 178
322084 178
322085 178
335794 178
335795 178
344871 178
344872 178
363393 178
363395 178
381000 178
414858 178
93239 179
93241 179
93242 179
95442 179
174028 179
193909 179
244582 179
335790 179
335792 179
337422 179
345450 179
448296 179
521614 179
539436 179
539437 179
96144 180
96145 180
96147 180
193561 180
272106 180
335359 180
335361 180
344762 180
515603 180
516841 180
75274 181
75624 181
211815 181
336139 181
348435 181
516844 181
516845 181
75799 182
75800 182
75802 182
75804 182
95631 182
193238 182
194423 182
234517 182
274938 182
274939 182
345260 182
516838 182
516840 182
516842 182
516843 182
75916 183
75918 183
75919 183
75920 183
330354 183
336730 183
516880 183
193617 184
194101 184
335993 184
93239 185
93240 185
95217 185
193432 185
193434 185
193435 185
313274 185
336141 185
345238 185
345459 185
345461 185
517070 185
539323 185
76356 186
95491 186
193668 186
331800 186
336139 186
336140 186
336142 186
336144 186
525548 186
525549 186
525550 186
531496 186
539359 186
539360 186
540097 186
540099 186
93874 187
93875 187
190589 187
193341 187
193656 187
193876 187
194367 187
237424 187
249041 187
249042 187
75800 188
75801 188
75803 188
193327 188
193330 188
193331 188
193332 188
332545 188
336884 188
507220 188
533157 188
533158 188
533161 188
539324 188
539325 188
553434 188
210180 189
216610 189
216613 189
490395 189
516143 189
516148 189
538777 189
193343 190
193346 190
193628 190
233125 190
233127 190
233130 190
532207 190
532208 190
539616 190
539619 190
3945 191
3948 191
3950 191
76515 191
95526 191
95527 191
95529 191
104331 191
193666 191
313895 191
337807 191
344530 191
531439 191
540776 191
540779 191
540780 191
540782 191
540832 191
71067 192
71069 192
71071 192
95041 192
193206 192
379650 192
379651 192
379653 192
379654 192
540643 192
194395 193
336232 193
357344 193
357348 193
367061 193
367062 193
367064 193
540485 193
193628 194
193631 194
233131 194
331226 194
331230 194
344331 194
344333 194
344334 194
344335 194
380598 194
515668 194
539596 194
539646 194
104333 195
193306 195
193308 195
335473 195
344507 195
345256 195
345258 195
345259 195
345260 195
345395 195
345398 195
345399 195
400544 195
497181 195
516142 195
516143 195
516147 195
4034 196
4171 196
4172 196
75946 196
75948 196
95527 196
95529 196
95530 196
193309 196
216613 196
313994 196
313996 196
344819 196
345416 196
345417 196
345420 196
380091 196
380093 196
449148 196
449149 196
516118 196
516144 196
516938 196
516939 196
533093 196
533095 196
533097 196
539322 196
539326 196
539489 196
540890 196
4236 197
20655 197
71071 197
314211 197
314214 197
314215 197
379742 197
379743 197
531440 197
531441 197
531442 197
540764 197
71072 198
93920 198
100293 198
104331 198
104332 198
193521 198
331225 198
331226 198
336175 198
336178 198
345087 198
357347 198
380090 198
380928 198
380929 198
532204 198
532207 198
532208 198
539323 198
539325 198
540612 198
540894 198
4234 199
71044 199
515449 199
515452 199
531439 199
539767 199
71068 200
71069 200
76840 200
331227 200
331229 200
380087 200
380088 200
517082 200
539766 200
539768 200
539769 200
539770 200
539771 200
4237 201
193484 201
193485 201
272670 201
272671 201
345086 201
516140 201
532432 201
539278 201
540323 201
540324 201
540327 201
540328 201
540776 201
540777 201
540780 201
143154 202
143156 202
194439 202
194441 202
216262 202
313996 202
344715 202
517243 202
517244 202
539188 202
76744 203
76826 203
194070 203
194072 203
344459 203
344460 203
539944 203
4726 204
105179 204
105182 204
105183 204
105184 204
313997 204
336177 204
465010 204
5463 205
104192 205
104193 205
127357 205
335528 205
335530 205
335622 205
335625 205
345428 205
4722 206
4728 206
87808 206
87809 206
87810 206
87811 206
335458 206
339212 206
533117 206
533118 206
533119 206
547340 206
4029 207
193247 207
193249 207
344740 207
345479 207
517241 207
539900 207
4587 208
4604 208
4607 208
4723 208
4724 208
9385 208
9389 208
104191 208
194312 208
194313 208
217406 208
336527 208
444024 208
481054 208
539607 208
4028 209
4505 209
4507 209
105042 209
105840 209
222272 209
453897 209
539899 209
76745 210
104530 210
105836 210
106063 210
106065 210
539779 210
5462 211
106068 211
128423 211
194117 211
194300 211
217104 211
335883 211
335884 211
344991 211
485584 211
4388 212
52374 212
52376 212
104508 212
104511 212
105838 212
105841 212
106177 212
481055 212
5360 213
76744 213
310008 213
336203 213
336259 213
336263 213
4501 214
4747 214
4750 214
52380 214
106179 214
336324 214
3727 215
104270 215
104272 215
310009 215
310012 215
4497 216
4595 216
4801 216
52374 216
52375 216
52376 216
105015 216
105367 216
106141 216
393568 216
558642 216
227 217
229 217
1823 217
2147 217
2149 217
3911 217
4280 217
4281 217
4749 217
4751 217
104786 217
104789 217
344821 217
344823 217
453510 217
631 218
635 218
3026 218
3690 218
3691 218
3693 218
3694 218
4072 218
4077 218
4078 218
4690 218
5009 218
5011 218
5012 218
105150 218
105803 218
105805 218
193700 218
193702 218
410319 218
1129 219
3695 219
3728 219
4327 219
4588 219
4613 219
5028 219
104177 219
104179 219
194126 219
194128 219
194129 219
194130 219
907 220
908 220
909 220
911 220
4694 220
5342 220
165561 220
165562 220
209327 220
344822 220
453773 220
4328 221
4689 221
4692 221
4693 221
5504 221
5507 221
106136 221
106137 221
1976 222
2881 222
2882 222
3732 222
3734 222
3737 222
4717 222
4720 222
4845 222
4849 222
104352 222
104353 222
453364 222
482133 222
4617 223
4810 223
105575 223
105578 223
194477 223
209707 223
482650 223
482653 223
482654 223
652 224
4417 224
4788 224
4790 224
4791 224
5020 224
5115 224
5117 224
105366 224
482135 224
1447 225
4058 225
70145 225
70146 225
481989 225
481689 226
913 227
1200 227
1203 227
1445 227
3663 227
3666 227
106006 227
106009 227
106010 227
3822 228
3830 228
3902 228
4749 228
4795 228
481832 228
482364 228
1272 229
1274 229
1446 229
1678 229
1680 229
106285 229
106289 229
316436 229
4849 230
4850 230
94069 230
2558 231
2559 231
2702 231
481833 231
3901 232
105791 232
106283 232
106287 232
482487 232
482490 232
481685 233
12200 234
538599 234
4280 235
4547 235
4550 235
1177 236
482222 237
482223 237
868 238
4007 238
4082 238
105917 239
106284 239
532663 239
1429 240
106214 240
533807 240
104347 241
104348 241
104359 241
104360 241
104362 241
1269 242
1273 242
1486 242
1488 242
104358 242
104361 242
104363 242
104364 242
104537 242
104538 242
105213 242
531940 242
531942 242
531947 242
531951 242
531952 242
104246 243
104919 243
104921 243
532523 243
786 244
788 244
2377 244
104623 244
531666 244
532664 244
104596 245
104598 245
105919 245
105921 245
531415 245
532189 245
532190 245
532191 245
532588 245
532591 245
210 246
211 246
852 246
856 246
104624 246
105616 246
105857 246
105861 246
179119 246
179120 246
179121 246
234989 246
531519 246
531522 246
532589 246
532590 246
415530 247
531523 247
1208 248
531665 248
531666 248
817 249
106241 249
532662 249
373 250
374 250
104604 250
104918 250
105102 250
531854 250
532588 250
532590 250
104625 251
524800 251
371 252
816 252
1334 252
105104 252
105105 252
105457 252
524801 252
185 253
296 253
532201 253
532203 253
285 254
5528 255
30149 255
105540 255
105542 255
421856 255
421859 255
524843 255
1548 256
245020 256
105106 257
294 258
611 258
1001 258
106332 258
438 259
440 259
1554 259
1557 259
35161 260
254 261
105371 261
309505 262
533500 262
1143 265
1147 265
39926 265
39928 265
307519 265
307522 265
84958 266
84959 266
1341 267
1458 270
1459 270
1465 282
1467 282
456583 289
