33633 0 30 4 0 13
280577 0 33 3 1 24
333206 0 33 3 0 13
33578 0 35 4 0 13
100190 0 43 4 0 13
456170 0 57 3 0 13
34541 0 58 3 0 13
381425 0 122 3 0 13
379218 0 136 1 0 9
517885 0 142 3 0 13
243283 0 145 0 0 8
254175 0 148 4 1 18
336985 0 149 3 0 13
393592 0 149 4 0 13
380249 0 154 4 1 18
292177 0 157 3 0 13
95306 0 164 4 0 13
440560 0 181 3 0 13
525553 0 181 3 0 13
380089 0 195 3 0 13
517080 0 195 0 0 8
4667 0 207 4 0 13
76747 0 208 3 0 13
222277 0 208 4 0 13
5383 0 212 0 0 8
532659 0 239 0 1 31
901 0 250 4 0 13
