478644 1 3 3 1
147625 1 3 3 3
147623 0 3 3 3
147626 0 3 3 3
478643 0 3 3 1
478645 0 3 3 1
457051 1 4 2 3
317846 1 4 2 4
277067 1 4 2 4
229070 1 4 2 3
277066 0 4 3 4
457048 0 4 3 3
34698 1 5 4 1
477442 1 6 4 1
478738 1 6 3 1
333111 1 6 2 1
34699 1 6 3 1
34700 1 6 3 1
34701 1 6 3 1
229067 1 7 2 2
537636 1 8 2 1
33516 1 8 2 1
477537 1 8 1 1
179242 1 8 1 2
33515 0 8 3 1
179239 0 8 3 2
179243 0 8 3 2
477538 0 8 3 1
478646 1 10 2 3
333429 1 10 2 1
539016 1 10 1 1
34860 1 10 1 3
34859 0 10 3 3
333431 0 10 3 1
333433 0 10 3 1
478643 0 10 3 3
539017 0 10 3 1
34785 1 11 3 0
510351 1 11 2 4
35113 1 11 1 3
457225 1 12 4 1
539019 1 12 3 1
228412 1 12 3 4
34786 1 12 3 0
34788 1 12 3 0
34790 1 12 3 0
34791 1 12 3 0
457862 1 13 2 3
333431 1 13 2 1
333428 0 13 3 1
333429 0 13 3 1
333430 0 13 3 1
457223 1 13 3 1
457861 0 13 3 3
333277 1 14 2 1
34789 0 14 4 1
333278 0 14 3 1
333279 0 14 3 1
34833 1 15 4 1
455121 1 15 3 2
34788 1 15 3 1
34787 0 15 4 3
333420 1 15 1 1
34785 0 15 3 1
34790 0 15 3 1
332157 1 16 3 1
457224 1 16 2 1
34791 1 16 2 3
34785 0 16 3 3
34832 1 16 3 1
455119 1 16 3 2
34669 1 17 4 1
333337 1 17 3 3
333336 0 17 3 3
332716 1 18 4 1
457240 1 18 3 1
34786 1 18 3 1
538061 1 18 2 1
34671 1 18 3 1
34785 0 18 3 1
34787 0 18 3 1
34789 0 18 3 1
538063 0 18 3 1
538300 0 18 3 1
35099 1 19 2 1
332717 1 19 3 1
332718 1 19 3 1
455499 1 20 3 1
539140 1 20 2 1
538115 1 20 2 1
332187 1 20 2 3
332114 1 20 2 1
35100 1 20 3 1
35101 1 20 3 1
455500 0 20 3 1
455501 0 20 3 1
538116 0 20 3 1
539138 0 20 3 1
539139 0 20 3 1
538498 1 21 3 2
538393 1 21 3 1
538007 1 21 3 1
35289 1 21 3 1
538733 1 21 2 1
456693 1 21 2 1
332699 1 21 2 1
34834 1 21 1 1
35288 0 21 3 1
35290 0 21 3 1
332698 0 21 3 1
332700 0 21 3 1
332701 0 21 3 1
456697 0 21 3 1
538499 0 21 3 2
538734 0 21 3 1
458713 1 22 3 1
457302 1 22 3 3
191464 1 22 3 3
457243 1 22 2 1
456983 1 22 2 1
332703 1 22 2 3
64924 1 22 2 2
456982 0 22 3 1
456985 0 22 3 1
456987 0 22 3 1
457241 0 22 3 1
457244 0 22 3 1
457245 0 22 3 1
458716 0 22 3 1
538124 1 23 3 3
456986 1 23 3 3
456698 1 23 3 3
455768 1 23 3 1
438508 1 23 3 3
332822 1 23 3 3
332630 1 23 3 1
215787 1 23 3 3
537707 1 23 2 1
34472 1 23 1 1
34471 0 23 3 1
34473 0 23 3 1
34474 0 23 3 1
215786 0 23 3 3
438509 0 23 3 3
455767 0 23 3 1
455769 0 23 3 1
456693 0 23 3 3
456985 0 23 3 3
537703 0 23 3 1
537704 0 23 3 1
458329 1 24 3 3
456479 1 24 3 1
333444 1 24 3 2
539135 1 24 2 1
538871 1 24 2 1
538300 1 24 2 1
456694 1 24 2 1
35100 1 24 2 2
539179 1 24 1 1
333204 1 24 1 1
332733 1 24 1 1
35101 0 24 3 2
35102 0 24 3 2
332736 0 24 3 1
456693 0 24 3 1
538869 0 24 3 1
538870 0 24 3 1
539180 0 24 3 1
539181 0 24 3 1
538627 1 25 3 1
331886 1 25 3 1
455888 1 25 2 1
455090 1 25 2 1
34832 1 25 2 1
331924 1 25 1 1
34836 0 25 3 1
331926 0 25 3 1
455091 0 25 3 1
455887 0 25 3 1
332739 1 26 3 3
332561 1 26 3 1
215789 1 26 3 4
539097 1 26 2 2
538008 1 26 2 2
502138 1 26 2 3
455346 1 26 2 1
332422 1 26 2 1
537704 1 26 1 0
457227 1 26 1 3
181201 1 26 1 3
33571 1 26 1 1
332419 0 26 3 1
332420 0 26 3 1
332421 0 26 3 1
332562 0 26 3 1
332734 0 26 3 3
332736 0 26 3 3
332737 0 26 3 3
455347 0 26 3 1
457225 0 26 3 3
537705 0 26 3 0
537706 0 26 4 0
538628 1 26 3 1
538631 1 26 3 1
539094 0 26 3 2
458635 1 27 3 1
456984 1 27 3 1
113827 1 27 3 2
539056 1 27 2 1
331737 1 27 2 1
538278 1 27 1 3
113829 0 27 3 2
215790 1 27 3 4
456986 0 27 3 1
537708 0 27 3 1
538277 0 27 3 3
538009 1 28 3 2
456073 0 28 5 1
455493 1 28 3 4
333435 1 28 3 1
332821 1 28 3 3
332079 1 28 3 1
35302 1 28 3 1
34065 1 28 3 1
457544 1 28 2 0
456985 1 28 2 2
456585 1 28 2 3
455485 1 28 2 3
332969 1 28 2 1
251489 1 28 2 3
457047 1 28 1 0
332954 1 28 1 1
332652 1 28 1 1
34067 0 28 3 1
35303 0 28 3 1
35304 0 28 3 1
332078 0 28 3 1
332080 0 28 3 1
332818 0 28 3 3
333436 0 28 3 1
333439 0 28 3 1
455003 0 28 3 1
456074 0 28 3 1
456077 0 28 3 1
456582 0 28 3 3
456987 0 28 3 2
457051 0 28 3 0
457545 0 28 3 0
457548 0 28 3 0
457549 0 28 3 0
458636 1 28 3 1
538008 0 28 3 2
538872 1 29 4 3
436395 1 29 4 1
538384 1 29 3 1
502142 1 29 3 3
34521 1 29 3 1
457945 1 29 2 3
436530 1 29 2 1
332023 1 29 2 1
35123 1 29 2 1
35011 1 29 2 3
34926 1 29 2 3
34756 1 29 2 1
538628 1 29 1 1
537824 1 29 1 1
456696 1 29 1 1
456131 1 29 1 1
34520 0 29 3 1
34523 0 29 3 1
34755 0 29 3 1
34757 0 29 3 1
35008 0 29 3 3
35012 0 29 3 3
332025 0 29 3 1
455483 1 29 3 3
456582 1 29 3 3
456692 0 29 3 1
456694 0 29 3 1
456698 0 29 3 1
502141 0 29 3 3
537825 0 29 3 1
538386 0 29 3 1
538629 0 29 3 1
538630 0 29 3 1
33633 0 30 13 4
539084 1 30 3 1
538207 1 30 3 1
456076 1 30 3 1
455634 1 30 3 1
439390 1 30 3 1
332601 1 30 3 4
247276 1 30 3 2
35015 1 30 3 1
280389 1 30 2 3
457220 1 30 1 2
455769 1 30 1 3
332704 1 30 1 4
280390 0 30 3 3
332600 0 30 3 4
439392 0 30 3 1
455767 0 30 3 3
456077 0 30 3 1
538206 0 30 3 1
538869 1 30 3 3
456245 1 31 3 0
333455 1 31 3 1
332955 1 31 3 3
332615 1 31 3 4
332570 1 31 3 1
34636 1 31 3 1
539002 1 31 2 1
333483 1 31 2 1
333210 1 31 2 1
332967 1 31 2 3
436531 1 31 1 3
33631 1 31 3 4
35016 1 31 3 1
35017 1 31 3 1
332571 0 31 3 1
332573 0 31 3 1
332966 0 31 3 3
333212 0 31 3 1
333215 0 31 3 1
34478 1 32 4 2
516385 1 32 3 3
332284 1 32 3 1
301646 1 32 3 2
35014 1 32 3 1
34249 1 32 3 3
456582 1 32 2 1
355494 1 32 2 3
285074 1 32 2 2
35295 1 32 2 1
34905 1 32 2 1
34520 1 32 2 0
468008 1 32 1 3
455811 1 32 1 1
333088 1 32 1 1
34248 0 32 3 3
34522 0 32 3 0
34638 1 32 3 1
285073 0 32 3 2
332287 0 32 3 1
333087 0 32 3 1
333090 0 32 3 1
333456 1 32 3 1
333457 1 32 3 1
355495 0 32 3 3
455810 0 32 3 1
455812 0 32 3 1
456247 1 32 3 0
456249 1 32 3 0
468006 0 32 3 3
468009 0 32 3 3
516386 0 32 3 3
539003 1 32 3 1
333206 0 33 13 3
280577 0 33 24 3
35013 1 33 4 0
458880 1 33 3 1
333375 1 33 3 3
332839 1 33 3 4
467997 1 33 2 3
436397 1 33 2 3
332600 1 33 2 4
34635 1 33 2 1
34351 1 33 2 1
458067 1 33 1 4
456510 1 33 1 1
332582 1 33 1 2
332264 1 33 1 1
34069 1 33 1 3
34349 0 33 3 1
34352 0 33 3 1
34353 0 33 3 1
332262 0 33 3 1
332263 0 33 5 1
332265 0 33 3 1
332581 0 33 3 2
332583 0 33 3 2
333373 0 33 3 3
436396 0 33 3 3
456513 0 33 3 1
458882 0 33 3 1
537909 1 34 3 1
332769 1 34 3 1
539083 1 34 2 1
457551 1 34 2 1
437300 1 34 2 1
331945 1 34 2 1
320238 1 34 2 3
35251 1 34 2 3
538873 1 34 1 3
34523 1 34 1 3
35016 1 34 3 0
35250 0 34 3 3
320235 0 34 3 3
333204 1 34 3 3
437301 0 34 3 1
537912 0 34 3 1
538869 0 34 3 3
538872 0 34 3 3
539084 0 34 3 1
33578 0 35 13 4
457548 1 35 3 3
436420 0 35 5 1
332562 1 35 3 1
35298 0 35 5 3
34278 1 35 3 3
538500 1 35 2 1
538146 1 35 2 1
455747 1 35 2 1
455636 1 35 2 3
332741 1 35 2 3
332033 1 35 2 2
301647 1 35 1 2
332563 0 35 3 1
332565 0 35 3 1
538144 0 35 3 1
538145 0 35 4 1
538147 0 35 3 1
538149 0 35 3 1
538501 0 35 3 1
439037 1 36 4 1
537473 1 36 3 1
455695 1 36 3 1
436265 1 36 3 1
467994 1 36 2 1
439272 1 36 2 1
301609 1 36 2 1
34349 1 36 2 1
456135 1 36 1 3
34596 1 36 1 1
33577 1 36 3 4
439270 0 36 3 1
439271 0 36 3 1
456131 0 36 3 3
456134 0 36 3 3
457546 1 36 3 3
467997 0 36 3 1
538144 0 36 3 1
538147 0 36 3 1
538149 0 36 3 1
538150 0 36 3 1
538994 1 37 4 1
455744 1 37 4 0
456647 1 37 3 1
34637 0 37 4 3
500603 1 37 2 3
458724 1 37 2 1
457188 1 37 2 4
333087 1 37 2 0
139323 1 37 2 3
456583 1 37 1 1
436421 1 37 1 1
35299 1 37 1 3
33050 1 37 1 3
34352 1 37 3 1
34353 1 37 3 1
35297 0 37 3 3
332264 0 37 3 3
333088 0 37 3 0
333089 0 37 3 0
333090 0 37 3 0
436422 0 37 3 1
439036 1 37 3 1
439038 1 37 3 1
456585 0 37 3 1
457187 0 37 3 4
458723 0 37 3 1
458726 0 37 3 1
34411 1 38 4 1
537629 1 38 3 2
458560 1 38 3 2
455741 1 38 3 1
437989 1 38 3 1
458554 1 38 2 4
332770 1 38 2 1
34638 1 38 2 3
436418 1 38 1 1
332266 1 38 1 3
34636 1 38 3 3
34635 0 38 3 3
34636 0 38 3 3
332772 0 38 3 1
436420 0 38 3 1
437991 0 38 3 1
455740 0 38 3 1
455746 1 38 3 0
537628 0 38 3 2
501981 1 39 3 2
457976 1 39 3 3
456649 1 39 3 3
456251 1 39 3 1
332205 1 39 3 1
501980 0 39 3 2
468152 1 39 2 3
438714 1 39 2 1
320594 1 39 2 3
455639 1 39 1 1
35250 1 39 1 3
34409 1 39 3 1
320593 0 39 3 3
320595 0 39 3 3
455641 0 39 3 1
456254 0 39 3 1
457973 0 39 3 3
457974 0 39 3 3
457975 0 39 3 3
468149 0 39 3 3
501983 0 39 3 2
331815 1 40 4 1
500654 1 40 3 2
436433 1 40 3 3
333246 1 40 3 0
537631 1 40 2 1
436263 1 40 2 1
254115 1 40 2 3
101129 1 40 2 3
50617 1 40 2 3
35315 1 40 2 3
455745 1 40 1 0
333433 1 40 1 3
332289 1 40 1 1
35313 0 40 3 3
50614 0 40 3 3
50616 0 40 3 3
101128 0 40 3 3
332291 0 40 3 1
333431 0 40 3 3
333432 0 40 3 3
436261 0 40 3 1
436262 0 40 3 1
436264 0 40 3 1
455746 0 40 3 0
501983 1 40 3 1
537633 0 40 3 1
537635 0 40 3 1
332400 1 41 4 3
558312 1 41 3 2
537852 1 41 3 2
455124 1 41 3 3
332689 1 41 3 1
34932 1 41 3 3
34247 1 41 3 1
501774 1 41 2 2
456342 0 41 3 1
320599 1 41 2 3
456343 1 41 1 1
34249 0 41 3 1
320596 0 41 3 3
331814 1 41 3 1
331816 1 41 3 1
332691 0 41 3 1
333248 1 41 3 0
455119 0 41 3 3
456341 0 41 3 1
456345 0 41 3 1
537628 1 42 3 2
455742 1 42 3 3
332347 1 42 3 1
456252 1 42 2 1
437894 1 42 2 4
458722 1 42 1 1
455740 0 42 3 3
456251 0 42 3 1
456254 0 42 3 1
458723 0 42 3 1
458725 0 42 3 1
537629 0 42 3 2
537853 1 42 3 2
100190 0 43 13 4
538629 1 43 3 1
468153 1 43 2 3
302760 1 43 2 1
302761 0 43 3 1
302762 0 43 3 1
468152 0 43 3 3
457040 1 44 3 1
34648 1 44 3 1
537876 1 44 2 1
437255 1 44 2 1
436264 1 44 2 1
34647 0 44 3 1
436265 0 44 3 1
436266 0 44 3 1
457039 0 44 3 1
457041 0 44 3 1
537875 0 44 3 1
537877 0 44 3 1
537879 0 44 3 1
538628 1 44 3 1
538631 1 44 3 1
538274 1 45 2 1
537483 1 45 2 3
455585 1 45 2 1
34551 1 45 2 1
34245 1 45 2 1
437257 1 45 3 1
455586 0 45 3 1
537481 0 45 3 3
538277 0 45 3 1
537700 1 46 4 1
455299 1 46 3 1
539145 1 46 2 1
501019 1 46 2 2
254116 1 46 2 3
33542 1 46 2 3
456533 1 46 1 1
456115 1 46 1 1
33541 0 46 3 3
254113 0 46 3 3
456116 0 46 3 1
456117 0 46 3 1
456118 0 46 3 1
539146 0 46 3 1
538595 1 47 3 3
458045 1 47 3 1
456923 1 47 3 1
456525 1 47 3 1
455135 1 47 3 1
537507 1 47 2 1
456598 1 47 2 1
468150 1 47 1 2
458295 1 47 1 1
34929 1 47 1 1
34928 0 47 3 1
34930 0 47 3 1
34931 0 47 3 1
455136 0 47 3 1
455137 0 47 3 1
458047 0 47 3 1
468151 0 47 3 2
468152 0 47 3 2
468153 0 47 3 2
537508 0 47 3 1
537701 1 47 3 1
538593 0 47 3 3
538460 1 48 3 1
502394 1 48 3 3
254119 1 48 3 3
458117 1 48 2 1
455201 1 48 2 1
396717 1 48 2 3
34180 1 48 2 1
456616 1 48 1 1
302762 1 48 1 3
254120 0 48 3 3
302761 0 48 3 3
456524 1 48 3 1
458119 0 48 3 1
502393 0 48 3 3
346466 1 49 3 3
537616 1 49 2 1
457042 1 49 2 3
455974 1 49 2 1
455739 1 49 2 3
538631 1 49 1 3
537476 1 49 1 3
437254 1 49 1 0
34181 1 49 3 1
34182 1 49 3 1
437257 0 49 3 0
455736 0 49 3 3
455737 0 49 3 3
457038 0 49 3 3
537618 0 49 3 1
538627 0 49 3 3
538628 0 49 3 3
502015 1 50 4 4
455976 1 50 3 3
455975 1 50 3 3
455205 1 50 3 3
34517 1 50 3 1
458124 1 50 2 2
457041 1 50 2 3
455300 1 50 2 1
302814 1 50 2 1
253555 1 50 2 1
539146 1 50 1 3
538722 1 50 1 2
457412 1 50 1 1
34567 1 50 1 3
34516 0 50 3 1
34564 0 50 3 3
253558 0 50 3 1
302815 0 50 3 1
455200 0 50 3 3
455299 0 50 3 1
455971 0 50 3 3
455972 0 50 3 3
455973 0 50 3 3
537701 0 51 3 1
537699 0 51 3 3
537510 1 51 2 3
458136 1 51 2 3
447030 1 51 2 3
302558 1 51 2 1
33602 1 51 1 1
407596 0 51 3 2
502016 1 51 3 4
537698 0 51 3 1
537700 0 51 3 3
302578 1 52 3 1
458193 1 52 2 1
458120 1 52 2 3
456878 1 52 2 1
456731 1 52 2 2
455283 1 52 1 1
455136 1 52 1 1
33863 1 52 1 3
332627 1 52 0 3
455134 0 52 3 1
455284 0 52 3 1
456879 0 52 3 1
132188 1 53 3 4
62577 1 53 3 3
546503 1 53 2 3
35107 1 53 2 3
33989 1 53 2 0
455393 1 53 1 1
253554 1 53 1 1
33990 0 53 3 0
35104 0 53 3 3
253557 0 53 3 1
253559 0 53 3 1
302575 1 53 3 1
302576 1 53 4 1
455392 0 53 5 1
302577 1 54 4 1
539296 1 54 3 3
456169 1 54 3 1
455526 1 54 3 1
505307 1 54 2 3
302557 1 54 2 0
253553 1 54 2 4
35079 1 54 2 1
535729 1 54 1 3
301712 1 54 1 1
35081 0 54 3 1
455394 1 54 3 1
455395 1 54 3 1
535727 0 54 3 3
535728 0 54 3 3
539294 0 54 3 3
455936 1 55 3 1
302559 1 55 3 1
254816 1 55 3 1
458194 1 55 2 3
302752 1 55 2 1
221083 1 55 2 2
34747 1 55 2 3
34017 1 55 2 1
34744 0 55 3 3
34745 0 55 3 3
34746 0 55 3 3
302558 0 55 3 1
302580 1 55 3 1
302578 1 55 3 1
302580 1 55 3 1
455937 0 55 3 1
253740 1 56 3 1
538155 1 56 2 1
449626 1 56 2 1
302873 1 56 2 1
253559 1 56 2 3
253556 1 56 2 2
34554 1 56 2 1
34555 0 56 3 1
34556 0 56 3 1
253557 0 56 3 2
253554 0 56 3 3
253738 0 56 3 1
253741 0 56 3 1
302875 0 56 3 1
449625 0 56 3 1
455394 0 56 3 3
538154 0 56 3 1
538156 0 56 3 1
456170 0 57 13 3
494563 1 57 2 3
456751 1 57 2 1
333069 1 57 2 1
254692 1 57 2 1
255438 1 57 1 1
35080 1 57 1 1
35084 0 57 3 1
254690 0 57 3 1
254693 0 57 3 1
254695 0 57 3 1
255439 0 57 3 1
255440 0 57 3 1
333070 0 57 3 1
333071 0 57 3 1
456752 0 57 3 1
494561 0 57 3 3
34541 0 58 13 3
254407 1 58 3 1
254391 1 58 3 1
253616 1 58 3 1
366074 1 58 2 2
333011 1 58 2 1
255658 1 58 2 1
253739 0 58 4 1
456809 1 58 1 1
456742 1 58 1 1
449117 1 58 1 1
253615 0 58 3 1
253617 0 58 3 1
253618 0 58 3 1
253619 0 58 3 1
253620 0 58 3 1
254390 0 58 3 1
254392 0 58 3 1
254409 0 58 3 1
255656 0 58 3 1
255660 0 58 3 1
366075 0 58 3 2
449120 0 58 3 1
456169 1 58 3 3
456810 0 58 3 1
456813 0 58 3 1
253954 1 59 4 1
544647 1 59 3 0
456451 1 59 3 4
456026 1 59 3 4
255248 1 59 3 1
34016 1 59 3 1
449980 1 59 2 1
394731 1 59 2 3
301784 1 59 2 4
254699 1 59 2 1
253999 1 59 2 1
253738 1 59 2 1
152711 1 59 2 1
455915 1 59 1 1
34017 0 59 3 1
152712 0 59 3 1
253740 0 59 3 1
253741 0 59 3 1
253998 0 59 3 1
254000 0 59 3 1
254001 0 59 3 1
255249 0 59 3 1
301783 0 59 3 4
394729 0 59 3 3
455913 0 59 3 1
455916 0 59 3 1
458333 1 60 3 3
455817 1 60 3 3
450118 1 60 3 1
253859 1 60 3 3
34674 1 60 3 2
456177 1 60 2 1
455816 0 60 3 3
407312 1 60 2 3
366078 1 60 2 3
255825 1 60 2 1
255756 1 60 2 1
254442 1 60 2 3
34675 0 60 3 2
253860 0 60 3 3
253956 1 60 3 1
253957 1 60 3 1
254702 1 60 3 1
407311 0 60 3 3
449979 1 60 3 1
544646 1 60 3 0
254979 1 61 3 4
254728 1 61 3 0
253852 1 61 3 0
456168 1 61 2 1
455884 1 61 2 1
448219 1 61 2 1
333376 1 61 2 1
301306 1 61 2 1
255527 1 61 2 1
255436 1 61 2 0
254088 1 61 2 4
33637 1 61 2 2
255439 1 61 1 2
255438 0 61 3 2
255526 0 61 3 1
255529 0 61 3 1
255531 0 61 3 1
333378 0 61 3 1
366079 1 61 3 3
455327 0 61 3 3
254393 1 62 4 1
448218 1 62 3 1
255522 1 62 3 1
119165 1 62 3 3
255748 1 62 2 1
254700 1 62 2 2
254172 1 62 2 2
456144 1 62 1 0
255826 1 62 1 3
253774 1 62 1 1
119161 0 62 3 3
119163 0 62 3 3
254173 0 62 3 2
254731 1 62 3 0
254978 1 62 3 4
255525 0 62 3 1
301308 1 62 3 1
449296 1 63 3 1
407310 1 63 3 1
253754 1 63 3 1
455601 1 63 2 0
455550 1 63 2 0
449938 1 63 2 1
255775 1 63 2 1
255592 1 63 2 1
254481 1 63 2 3
35229 1 63 2 1
541371 1 63 1 3
456811 1 63 1 1
254392 1 63 1 1
253757 0 63 3 1
253758 0 63 3 1
254391 0 63 3 1
254395 0 63 3 1
254391 1 63 3 1
254395 1 63 3 1
255593 0 63 3 1
255595 0 63 3 1
255596 0 63 3 1
448220 1 63 3 1
449937 0 63 3 1
449939 0 63 3 1
455551 0 63 3 0
455553 0 63 3 0
455602 0 63 3 0
541369 0 63 3 3
455469 1 64 3 3
455062 1 64 3 1
333380 1 64 3 3
333005 1 64 3 1
253855 1 64 3 3
254390 1 64 2 0
254026 1 64 2 1
253854 0 64 3 3
254028 0 64 3 1
254027 1 64 3 4
254029 1 64 3 4
333004 0 64 3 1
333006 0 64 3 1
333376 0 64 3 3
333378 0 64 3 3
333379 0 64 4 3
407308 1 64 3 1
455065 0 64 3 1
456511 1 65 4 1
456785 1 65 3 3
407309 1 65 3 1
254958 1 65 3 1
254701 1 65 3 3
254173 1 65 3 2
449132 1 65 2 3
448156 1 65 2 1
301325 1 65 2 3
257780 1 65 2 3
255018 1 65 2 3
253778 1 65 2 1
450027 1 65 1 1
449449 1 65 1 3
301303 1 65 1 2
255768 1 65 1 1
254448 1 65 1 2
254170 0 65 3 2
254172 0 65 3 2
254392 1 65 3 0
254394 1 65 3 0
254447 0 65 3 2
254699 0 65 3 3
255767 0 65 3 1
257778 0 65 3 3
301302 0 65 3 2
301324 0 65 3 3
333377 0 65 3 3
407306 0 65 3 1
449130 0 65 3 3
449131 0 65 3 3
449448 0 65 3 3
450028 0 65 3 1
456782 0 65 3 3
456783 0 65 3 3
456784 0 65 3 3
456676 1 66 3 1
449705 1 66 3 1
255241 1 66 3 1
476105 1 66 2 3
449299 1 66 2 3
68594 1 66 2 2
68596 0 66 3 2
449704 0 66 5 1
449708 0 66 3 1
456510 1 66 3 1
456680 0 66 3 1
476103 0 66 3 3
476104 0 66 3 3
476106 0 66 3 3
456713 1 67 3 1
393979 1 67 3 3
301380 1 67 3 1
253949 1 67 3 2
35192 1 67 3 3
253755 1 67 2 2
455269 1 67 1 1
455186 1 67 1 1
333007 1 67 1 3
255467 1 67 1 1
253757 0 67 3 2
253758 0 67 3 2
253946 0 67 3 2
253947 0 67 3 2
255243 1 67 3 1
301379 0 67 3 1
393978 0 67 3 3
393980 0 67 3 3
455185 0 67 3 1
455271 0 67 3 1
455273 0 67 3 1
456712 0 67 3 1
456715 0 67 3 1
554665 1 68 3 4
469556 1 68 3 2
450029 1 68 3 3
448283 1 68 3 1
407867 1 68 3 1
407314 1 68 3 3
332120 1 68 3 1
254702 1 68 3 3
455073 1 68 2 2
331715 1 68 2 3
301381 1 68 2 1
254549 1 68 2 3
34850 1 68 2 1
456787 1 68 1 4
455551 1 68 1 0
332461 1 68 1 3
44780 1 68 1 3
254548 0 68 3 3
254699 0 68 3 3
254701 0 68 3 3
301379 0 68 3 1
332118 0 68 3 1
332460 0 68 3 3
332463 0 68 3 3
407313 0 68 3 3
450030 0 68 3 3
455070 0 68 3 2
455074 0 68 3 2
455075 0 68 3 2
455552 0 68 3 0
554664 0 68 3 4
455509 1 69 3 1
448769 1 69 3 1
265617 1 69 3 2
255834 1 69 3 3
254959 1 69 3 1
449666 1 69 2 1
448482 1 69 2 1
340480 1 69 2 3
255755 1 69 2 3
254343 1 69 2 1
471825 1 69 1 3
450120 1 69 1 3
333370 1 69 1 2
182103 1 69 1 3
121874 1 69 1 3
182101 0 69 3 3
182102 0 69 3 3
254960 0 69 3 1
254962 0 69 3 1
255751 0 69 3 3
255752 0 69 3 3
333371 0 69 3 2
340481 0 69 3 3
448282 1 69 3 1
449665 0 69 3 1
449668 0 69 3 1
450118 0 69 3 3
450119 0 69 3 3
406818 1 70 3 1
182100 1 70 3 1
553987 1 70 2 3
448581 1 70 2 1
253964 1 70 2 1
546983 1 70 1 3
456815 1 70 1 4
455470 1 70 1 3
333006 1 70 1 2
255431 1 70 1 2
253966 0 70 3 1
333007 0 70 3 2
333008 0 70 3 2
406819 0 70 4 1
448580 0 70 3 1
448582 0 70 3 1
456783 0 70 3 3
553984 0 70 3 3
455670 1 71 3 2
455553 1 71 3 2
407027 1 71 3 1
378310 1 71 3 3
265616 1 71 3 2
255450 1 71 3 1
255300 1 71 3 0
254189 1 71 3 1
456329 1 71 2 0
254043 1 71 2 1
245430 1 71 2 2
182883 1 71 2 3
254745 1 71 1 1
182101 0 71 3 3
182880 0 71 3 3
254746 0 71 3 1
255304 0 71 3 0
255449 0 71 3 1
255451 0 71 3 1
378308 0 71 3 3
455552 0 71 3 2
255686 1 72 4 1
449842 1 72 3 1
448720 1 72 3 1
448293 1 72 3 3
255753 1 72 3 2
255217 1 72 3 1
182254 1 72 3 1
450030 1 72 2 3
449256 1 72 2 3
406912 1 72 2 1
332465 1 72 2 4
253867 1 72 2 1
23038 1 72 2 3
285359 1 72 1 3
23035 0 72 3 3
255751 0 72 3 2
255754 0 72 3 2
406913 0 72 3 1
406914 0 72 3 1
406915 0 72 3 1
448722 0 72 3 1
448723 0 72 3 1
449255 0 72 3 3
450029 0 72 3 3
554830 1 73 3 2
393978 1 73 3 0
333342 1 73 3 1
333225 1 73 2 1
302640 1 73 2 0
253598 1 73 2 1
255685 1 73 3 1
333346 0 73 3 1
393979 0 73 3 0
470905 1 74 3 2
455706 1 74 3 0
449949 1 74 3 1
448284 1 74 3 3
302958 1 74 3 4
255218 1 74 3 1
207653 1 74 3 3
61587 1 74 3 3
456973 1 74 2 4
332446 1 74 2 4
331780 1 74 2 1
302969 1 74 2 0
253773 1 74 2 3
158391 1 74 2 2
448313 1 74 1 1
253950 1 74 1 1
61585 0 74 3 3
253951 0 74 3 1
253952 0 74 3 1
302971 0 74 3 0
331783 0 74 3 1
448282 0 74 3 3
448283 0 74 3 3
448315 0 74 3 1
408164 1 75 3 1
183239 1 75 3 1
448600 1 75 2 1
448290 1 75 2 1
407032 1 75 2 1
255767 1 75 2 1
253775 1 75 2 1
246700 1 75 2 3
113279 1 75 2 3
108012 1 75 2 1
456782 1 75 1 1
182107 0 75 3 1
34990 1 75 1 1
108015 0 75 3 1
182106 0 75 3 1
182108 0 75 5 1
182109 0 75 3 1
183240 0 75 3 1
207650 1 75 3 3
246701 0 75 3 3
253777 0 75 3 1
255769 0 75 3 1
408166 0 75 3 1
448289 0 75 3 1
456244 1 76 3 0
449272 1 76 3 1
255219 1 76 3 3
182255 1 76 3 3
407432 1 76 2 1
359790 1 76 2 3
333345 1 76 2 2
333341 0 76 3 2
333342 0 76 3 2
333347 0 76 3 2
359788 0 76 3 3
407035 1 76 3 1
407433 0 76 3 1
407434 0 76 3 1
449273 0 76 3 1
449275 0 76 3 1
456246 0 76 3 0
456248 0 76 3 0
470397 1 77 3 2
449279 1 77 3 1
448286 1 77 3 2
255864 1 77 3 4
554495 1 77 2 4
302486 1 77 2 3
302274 1 77 2 0
253530 1 77 2 1
182154 1 77 2 1
449845 1 77 1 3
182511 1 77 1 1
182153 0 77 3 1
182156 0 77 3 1
182512 0 77 3 1
253529 0 77 3 1
302487 0 77 3 3
449280 0 77 3 1
449846 0 77 3 3
449867 0 77 3 1
406895 1 78 4 1
108015 1 78 4 3
448736 1 78 3 1
404445 1 78 3 1
336874 1 78 3 3
312844 1 78 3 3
207651 1 78 3 1
182612 1 78 3 1
448292 1 78 2 3
302047 1 78 2 3
182962 1 78 2 1
522420 1 78 1 3
255294 1 78 1 1
182961 0 78 3 1
182963 0 78 3 1
207653 0 78 3 1
207654 0 78 3 1
336872 0 78 3 3
336875 0 78 3 3
404442 0 78 3 1
404446 0 78 3 1
404447 0 78 3 1
408649 1 79 3 1
408381 1 79 3 1
254403 1 79 3 1
181881 1 79 3 1
493500 1 79 2 3
448294 1 79 2 3
406915 1 79 2 3
254444 1 79 2 1
183242 1 79 2 3
181905 1 79 2 3
336866 1 79 1 3
182141 1 79 1 1
182143 0 79 3 1
182611 1 79 3 1
182613 1 79 3 1
182614 1 79 3 1
183239 0 79 3 3
183241 0 79 3 3
254445 0 79 3 1
336864 0 79 3 3
406896 1 79 3 1
406897 1 79 3 1
406913 0 79 3 3
406914 0 79 3 3
448289 0 79 3 3
448291 0 79 3 3
448420 1 80 1 1
359789 1 80 1 1
280438 1 80 1 3
183079 1 80 1 1
181882 1 80 3 1
359788 0 80 3 1
359791 0 80 3 1
448421 0 80 3 1
404127 1 81 4 3
182476 1 81 4 0
450787 1 81 3 3
450550 1 81 3 3
338881 1 81 3 3
455843 1 81 2 1
448413 1 81 2 1
255489 1 81 2 3
254294 1 81 2 1
449364 1 81 1 3
338880 1 81 1 1
253771 1 81 1 4
338879 0 81 3 1
448414 0 81 3 1
449362 0 81 3 3
455845 0 81 3 1
218994 1 82 4 3
408376 1 82 3 1
407909 1 82 3 1
407146 1 82 3 3
339823 1 82 3 1
255210 1 82 3 1
182726 1 82 3 3
455259 1 82 2 1
449812 1 82 2 1
408650 1 82 2 3
254845 1 82 2 3
182478 1 82 2 1
183014 1 82 1 1
182725 0 82 3 3
183018 0 82 3 1
254293 1 82 3 1
254296 1 82 3 1
254844 0 82 3 3
255211 0 82 3 1
255212 0 82 3 1
255213 0 82 3 1
255490 1 82 3 3
338882 1 82 3 3
404126 1 82 3 3
407144 0 82 3 3
407908 0 82 3 1
450785 1 82 4 3
455261 0 82 3 1
361168 1 83 3 3
255716 1 83 3 3
181603 1 83 3 1
302049 1 83 2 3
302002 1 83 2 1
254412 1 83 2 3
183212 1 83 2 1
182613 1 83 2 3
181774 1 83 2 1
407308 1 83 1 1
336871 1 83 1 1
253522 1 83 1 1
181604 0 83 3 1
181606 0 83 3 1
181607 0 83 3 1
181772 0 83 3 1
182477 1 83 3 1
183213 0 83 3 1
253520 0 83 3 1
253521 0 83 3 1
253523 0 83 3 1
253524 0 83 3 1
255711 0 83 3 3
255714 0 83 3 3
255715 0 83 3 3
336870 0 83 3 1
336872 0 83 3 1
339824 1 83 3 1
361165 0 83 3 3
408374 1 83 3 1
408377 1 83 3 1
408378 1 83 3 1
254605 1 84 4 1
448178 1 84 3 1
254264 1 84 3 1
456937 1 84 2 1
449811 1 84 2 1
448408 1 84 2 1
408382 1 84 2 1
336876 1 84 2 3
329327 1 84 2 3
301986 1 84 2 3
301539 1 84 2 3
255734 1 84 1 1
182119 1 84 1 1
108014 1 84 1 3
108013 0 84 3 3
182121 0 84 3 1
182122 0 84 3 1
182124 0 84 3 1
254265 0 84 3 1
255735 0 84 3 1
301984 0 84 3 3
301985 0 84 3 3
329325 0 84 3 3
336871 0 84 3 3
448407 0 84 3 1
448410 0 84 3 1
449810 0 84 3 1
449812 0 84 3 1
408384 0 85 5 1
253977 1 85 4 1
182115 1 85 4 1
456354 1 85 3 0
350003 1 85 3 3
182116 1 85 3 1
455844 1 85 2 1
455841 0 85 3 1
408073 1 85 2 1
340267 1 85 2 1
183214 1 85 2 3
455846 1 85 1 3
181568 0 85 3 1
181571 0 85 3 1
182117 0 85 3 1
183211 0 85 3 3
340268 0 85 3 1
350001 0 85 3 3
408074 0 85 3 1
408075 0 85 3 1
455843 0 85 3 1
456939 1 85 3 1
456940 1 85 3 1
407762 1 86 3 0
376967 1 86 3 3
337050 1 86 3 1
255275 1 86 3 1
183351 1 86 3 3
340137 1 86 2 1
301795 1 86 2 1
254307 1 86 2 1
254912 1 86 1 3
254693 1 86 1 1
182001 1 86 1 1
182002 0 86 3 1
182004 0 86 3 1
182114 1 86 3 1
253980 1 86 3 1
254694 0 86 3 1
255278 0 86 3 1
301794 0 86 3 1
301798 0 86 3 1
337051 0 86 3 1
337052 0 86 3 1
408382 1 86 3 1
408383 1 86 4 1
408385 1 86 3 1
456355 1 86 3 0
456356 1 86 3 0
455845 1 87 3 3
254058 1 87 3 1
476239 1 87 2 2
450784 1 87 2 2
406966 1 87 2 1
329326 1 87 2 2
255490 1 87 2 3
183029 1 87 2 1
455260 1 87 1 1
270962 1 87 1 3
270961 0 87 3 3
329324 0 87 3 2
329328 0 87 3 2
406965 0 87 3 1
406967 0 87 3 1
407761 1 87 4 0
407766 1 87 3 0
408382 0 87 3 1
455261 0 87 3 1
455841 0 87 3 3
455842 0 87 3 3
476238 0 87 3 2
39241 1 88 4 3
448984 1 88 3 3
407764 1 88 4 0
406964 1 88 3 0
353246 1 88 3 3
183359 1 88 3 1
408306 1 88 2 1
350002 1 88 2 3
302525 1 88 2 1
278710 1 88 2 3
255712 1 88 2 1
255075 1 88 2 1
254232 1 88 2 1
181966 1 88 2 1
455198 1 88 1 3
254009 1 88 1 2
181788 1 88 1 3
254008 0 88 3 2
254234 0 88 3 1
255076 0 88 3 1
278707 0 88 3 3
278708 0 88 3 3
278709 0 88 3 3
350001 0 88 3 3
350003 0 88 3 3
408307 0 88 3 1
408308 0 88 3 1
448982 0 88 3 3
448985 0 88 3 3
448409 1 89 3 3
301797 1 89 3 3
255279 1 89 3 2
182891 1 89 3 1
450064 1 89 2 1
407865 1 89 2 1
337448 1 89 2 1
254263 1 89 2 1
182825 1 89 2 1
39240 1 89 3 3
182826 0 89 3 1
182827 0 89 3 1
183360 1 89 3 1
254266 0 89 3 1
255274 0 89 3 2
337451 0 89 3 1
406966 1 89 3 0
407761 1 89 3 1
407762 1 89 3 1
407765 1 89 3 1
407766 1 89 3 1
450065 0 89 3 1
450066 0 89 3 1
408545 1 90 4 3
253787 1 90 4 3
183344 1 90 4 1
339798 1 90 3 1
182589 0 90 5 3
178908 1 90 3 3
338161 1 90 2 1
337450 1 90 2 3
301796 1 90 2 1
270963 1 90 2 3
181572 1 90 2 1
220992 1 90 1 2
178907 0 90 3 3
181576 0 90 3 1
182590 0 90 3 1
182890 1 90 3 1
182892 1 90 3 1
182893 1 90 3 1
270962 0 90 3 3
337449 0 90 3 3
339799 0 90 3 1
339800 0 90 3 1
339790 1 91 4 3
448406 1 91 3 4
338409 1 91 3 1
255148 1 91 3 1
183255 1 91 3 1
182828 1 91 3 0
182775 0 91 5 1
338238 1 91 2 1
302005 1 91 2 3
254310 1 91 2 2
181967 1 91 2 1
182773 0 91 3 3
182774 0 91 3 3
183257 0 91 3 1
183258 0 91 3 1
183345 1 91 3 1
254307 0 91 3 2
302002 0 91 3 3
338159 1 91 3 1
338160 1 91 3 1
338236 0 91 3 1
338412 0 91 3 1
338413 0 91 3 1
338533 1 92 4 1
80887 1 92 3 3
455196 1 92 2 0
407990 1 92 2 1
182592 1 92 2 3
163480 1 92 2 4
182285 1 92 1 1
163479 0 92 3 4
182284 0 92 3 1
182286 0 92 3 1
255150 1 92 3 1
255153 1 92 3 1
407989 0 92 3 1
407994 0 92 3 1
455197 0 92 3 0
455198 0 92 3 0
455199 0 92 3 0
450063 1 93 3 1
337269 1 93 3 1
181573 1 93 3 1
449153 1 93 2 3
407584 1 93 2 3
406975 1 93 2 3
406968 1 93 2 3
338552 1 93 2 4
338239 0 93 3 1
338011 1 93 2 1
336836 1 93 2 3
434546 1 93 1 3
183155 1 93 1 1
182772 0 93 3 1
183153 0 93 3 1
337271 0 93 3 1
338012 0 93 3 1
338237 0 93 3 1
338238 0 93 3 3
338240 0 93 3 3
338241 0 93 3 3
338553 0 93 3 4
406967 0 93 3 3
406973 0 93 3 3
406974 0 93 3 3
434545 0 93 3 3
434547 0 93 3 3
450064 0 93 3 1
450065 0 93 3 1
450066 0 93 3 1
338876 1 94 2 1
338784 0 94 4 3
182251 1 94 2 1
182250 0 94 3 1
182253 0 94 3 1
338875 0 94 3 1
254233 1 95 4 1
407189 1 95 3 1
195274 1 95 3 1
182287 1 95 3 3
449566 1 95 2 1
407993 1 95 2 2
406859 1 95 2 1
338786 1 95 2 3
337268 1 95 2 1
336835 1 95 2 3
219971 1 95 1 3
195272 0 95 3 1
336834 0 95 3 3
336836 0 95 3 3
338785 1 95 3 1
181955 1 96 4 0
455130 1 96 3 1
434544 1 96 3 0
338850 1 96 2 1
338010 1 96 2 1
255278 1 96 2 1
182246 1 96 2 3
181744 1 96 2 1
448411 1 96 1 2
182245 0 96 3 3
182285 1 96 3 3
182286 1 96 3 3
254232 1 96 3 1
254234 1 96 3 1
254237 1 96 3 1
338013 0 96 3 1
338851 0 96 3 1
434546 0 96 3 0
448412 0 96 3 2
449565 1 96 3 1
550390 1 97 4 2
181956 1 97 3 1
340757 1 97 2 1
338162 1 97 2 3
195271 1 97 2 1
181812 1 97 2 2
87931 1 97 1 2
181954 1 97 3 0
181960 1 97 3 0
195272 0 97 3 1
338159 0 97 3 3
338160 0 97 3 3
340755 0 97 3 1
449848 1 98 3 4
253876 1 98 3 1
182573 1 98 3 1
407894 1 98 2 0
182015 1 98 2 1
450066 1 98 1 3
337934 1 98 1 3
182018 0 98 3 1
182577 0 98 3 1
182579 0 98 3 1
253877 0 98 3 1
253878 0 98 3 1
253879 0 98 3 1
253880 0 98 3 1
337930 0 98 3 3
337931 0 98 3 3
337932 0 98 3 3
450064 0 98 3 3
340580 1 99 3 1
181810 1 99 3 4
362390 1 99 2 3
337819 1 99 2 1
337821 0 99 3 1
340579 0 99 3 1
340581 0 99 3 1
362391 0 99 3 3
337980 1 100 4 1
382783 0 100 4 3
183240 1 100 3 1
339689 1 100 2 1
338723 1 100 2 1
338363 1 100 2 1
148312 1 100 2 3
181817 1 100 1 3
148307 0 100 3 3
148308 0 100 3 3
181815 0 100 3 3
183242 0 100 3 1
183243 0 100 3 1
338366 0 100 4 1
338722 0 100 3 1
338726 0 100 3 1
339688 0 100 3 1
339690 0 100 3 1
382781 0 100 3 1
382785 0 100 3 1
182522 1 101 3 1
181941 1 101 3 1
181556 1 101 3 1
194965 1 101 2 3
182876 1 101 2 3
181949 1 101 2 1
44001 1 101 2 0
44003 0 101 3 0
181942 0 101 3 1
181944 0 101 3 1
181951 0 101 3 1
182525 0 101 3 1
182875 0 101 3 3
194964 0 101 3 3
194966 0 101 3 3
337978 1 101 3 1
338368 0 101 3 1
382784 0 101 3 3
337294 1 102 4 1
408433 1 102 2 1
337821 1 102 2 3
138123 1 102 2 3
43996 1 102 2 3
181557 1 102 3 1
181558 1 102 3 1
337822 0 102 3 3
408432 0 102 3 1
408436 0 102 3 1
68303 1 103 4 3
338365 1 103 3 1
337199 1 103 3 1
181823 1 103 3 1
181510 1 103 3 3
549954 1 103 2 3
407565 1 103 2 1
338544 1 103 2 1
254323 1 103 2 1
237595 1 103 2 3
183277 1 103 2 1
182568 1 103 2 1
181953 0 103 3 3
181952 1 103 2 3
337933 1 103 1 3
182464 1 103 1 1
182466 0 103 3 1
182569 0 103 3 1
182570 0 103 3 1
183276 0 103 3 1
183280 0 103 3 1
237594 0 103 3 3
255279 0 103 3 1
337293 1 103 3 1
337296 1 103 3 1
338543 0 103 3 1
338549 0 103 3 1
382781 0 103 3 1
382782 0 103 3 1
407238 0 103 3 2
549955 0 103 3 3
338348 1 104 3 3
181516 1 104 3 3
483257 1 104 2 3
381613 1 104 2 3
338242 1 104 2 3
337625 1 104 2 1
337582 1 104 2 1
267210 1 104 2 2
254685 1 104 2 4
285050 1 104 1 1
337626 0 104 3 1
338347 0 104 3 3
337960 1 105 3 1
183278 1 105 3 1
181940 1 105 3 0
337069 1 105 2 1
255681 1 105 2 1
217474 1 105 2 3
43533 1 105 2 0
381679 1 105 1 1
381074 1 105 1 1
338088 1 105 1 1
337703 1 105 1 1
200143 1 105 1 3
181514 1 105 3 3
181941 0 105 3 0
181942 0 105 3 0
181943 0 105 3 0
181944 0 105 3 0
183276 0 105 3 1
183277 0 105 3 1
337704 0 105 3 1
337705 0 105 3 1
337964 0 105 3 1
381072 0 105 3 1
381076 0 105 3 1
407565 0 105 3 2
407567 0 105 3 2
483258 1 105 3 3
285596 0 106 4 1
381138 1 106 3 0
181686 1 106 3 1
43254 1 106 3 3
382242 1 106 2 1
254784 1 106 1 1
181691 0 106 3 1
254788 0 106 3 1
381139 0 106 3 0
381141 0 106 3 0
382244 0 106 3 1
337290 1 107 4 3
338328 1 107 2 1
330592 1 107 2 3
254324 1 107 2 1
239566 1 107 2 3
408436 1 107 1 3
382901 1 107 1 3
285595 1 107 3 3
239565 0 107 3 3
285594 0 107 3 1
285597 1 107 3 3
330593 0 107 3 3
338330 0 107 3 1
338331 0 107 3 1
408432 0 107 3 3
408435 0 107 3 3
381140 1 108 3 1
255682 1 108 3 1
182491 1 108 3 1
176748 1 108 3 2
559150 1 108 2 3
338333 1 108 2 3
95725 1 108 2 3
255901 1 108 1 1
182815 1 108 1 1
95723 0 108 3 3
182816 0 108 3 1
254950 0 108 3 1
255684 0 108 3 1
255900 0 108 3 1
255902 0 108 3 1
337286 1 108 3 3
337287 1 108 3 3
338327 0 108 3 1
338886 0 108 3 3
559149 0 108 3 3
255365 1 109 4 1
382026 1 109 3 4
381611 1 109 3 0
254421 1 109 3 1
95716 1 109 3 1
340561 1 109 2 1
337198 1 109 2 1
165158 1 109 2 2
525026 1 109 1 3
338329 1 109 1 1
254423 0 109 3 1
254425 0 109 3 1
337199 0 109 3 1
337200 0 109 3 1
337202 0 109 3 1
337288 0 109 3 0
337289 0 109 3 0
340563 0 109 3 1
340564 0 109 3 1
381139 1 109 3 1
239565 1 110 4 1
76403 1 110 4 1
381538 1 110 3 1
337375 1 110 3 2
43582 1 110 2 4
382458 1 110 1 1
255367 1 110 3 1
337376 0 110 3 2
382457 0 110 3 1
254326 1 111 3 3
183450 1 111 3 2
381681 1 111 2 1
338331 1 111 2 3
517677 1 111 1 3
76404 1 111 3 1
76406 1 111 3 1
239566 1 111 3 1
254323 0 111 3 3
381539 1 111 3 1
381492 1 112 4 1
382278 1 112 3 0
518151 1 112 2 1
479880 1 112 2 3
381983 1 112 2 4
379719 1 112 2 3
338063 1 112 2 1
96428 1 112 2 1
337287 1 112 1 0
285701 1 112 1 1
217477 1 112 1 3
177494 1 112 1 3
96430 0 112 3 1
96431 0 112 3 1
177495 0 112 3 3
217475 0 112 3 3
217476 0 112 3 3
285704 0 112 3 1
337288 0 112 3 0
337289 0 112 3 0
479879 0 112 3 3
518150 0 112 3 1
518152 0 112 3 1
383074 1 113 4 3
381873 1 113 3 4
517644 1 113 2 4
285702 1 113 2 1
285703 0 113 3 1
381491 1 113 3 1
381494 1 113 3 1
381495 1 113 3 1
285344 1 114 4 3
255689 1 114 4 0
382462 1 114 3 0
381921 1 114 3 1
337037 1 114 3 0
518153 1 114 2 3
382274 1 114 2 1
382050 1 114 2 1
381925 1 114 2 1
381715 1 114 2 1
337337 1 114 2 3
254423 1 114 2 1
95087 1 114 2 2
42230 1 114 2 3
382238 1 114 1 3
255366 1 114 1 2
160871 1 114 1 3
95088 0 114 3 2
160869 0 114 3 3
254422 0 114 3 1
337038 0 114 3 0
381714 0 114 3 1
381920 0 114 3 1
381923 0 114 3 1
381924 0 114 3 1
381926 0 114 3 1
381927 0 114 3 1
382049 0 114 3 1
382273 0 114 3 1
382275 0 114 3 1
382276 0 114 3 1
518152 0 114 3 3
254359 1 115 4 1
381366 1 115 3 1
337516 1 115 3 3
255053 1 115 3 1
253737 1 115 3 1
95993 1 115 3 1
382285 1 115 2 1
338415 1 115 2 3
337994 1 115 2 1
255802 1 115 2 1
182494 1 115 2 3
338064 1 115 1 1
255054 0 115 3 1
255692 1 115 3 0
337602 0 115 3 1
337603 0 115 3 1
338065 0 115 3 1
338066 0 115 3 1
381367 0 115 3 1
381368 0 115 3 1
381369 0 115 3 1
382282 0 115 3 1
382287 0 115 3 1
382407 0 115 3 1
518634 1 116 3 1
381494 1 116 3 3
517715 1 116 2 1
382696 1 116 2 1
382408 1 116 2 1
338282 1 116 2 1
338202 1 116 2 2
171964 1 116 2 3
337600 1 116 1 1
75338 1 116 1 2
171960 0 116 3 3
171963 0 116 3 3
338281 0 116 3 1
338284 0 116 3 1
338286 0 116 3 1
381491 0 116 3 3
381493 0 116 3 3
517717 0 116 3 1
517718 0 116 3 1
517719 0 116 3 1
518635 0 116 3 1
382740 1 117 3 1
382275 1 117 3 3
381057 1 117 3 0
337586 1 117 3 1
254525 1 117 3 1
254519 1 117 3 1
75385 1 117 3 1
382589 1 117 2 1
187203 1 117 2 2
187202 0 117 3 2
254526 0 117 3 1
337584 0 117 3 1
381059 0 117 3 0
382739 0 117 3 1
382742 0 117 3 1
382743 0 117 3 1
519251 1 118 4 1
504314 1 118 3 3
255691 1 118 3 1
345725 1 118 2 3
337008 1 118 2 1
255694 1 118 2 3
255516 1 118 2 1
75934 1 118 2 1
285816 1 118 1 3
75608 1 118 1 1
75609 0 118 3 1
75935 0 118 3 1
75936 0 118 3 1
254520 1 118 3 1
254521 1 118 3 1
255517 0 118 3 1
255518 0 118 3 1
255689 0 118 3 1
255690 0 118 3 1
255692 0 118 3 1
255693 0 118 3 1
255689 0 118 3 3
255690 0 118 3 3
255693 0 118 3 3
338284 0 118 3 3
338285 0 118 3 3
345723 0 118 3 3
345727 0 118 3 3
382588 1 118 3 1
382592 1 118 3 1
504313 0 118 3 3
518143 1 119 3 0
341405 1 119 3 2
338105 1 119 3 1
254424 1 119 3 3
389001 1 119 2 3
382839 1 119 2 0
382287 1 119 2 2
335687 1 119 2 3
255618 1 119 2 1
75930 1 119 2 1
335688 0 119 3 3
338107 0 119 3 1
338108 0 119 3 1
341404 0 119 3 2
341408 0 119 3 2
382282 0 119 3 2
382285 0 119 3 2
382841 0 119 3 0
519254 1 119 3 1
382410 1 120 3 3
381056 1 120 3 0
255541 1 120 3 4
381870 1 120 2 0
381072 1 120 2 0
336820 1 120 2 1
255454 1 120 2 1
75614 1 120 2 2
254752 1 120 1 2
96003 1 120 1 3
254420 1 120 3 3
254425 1 120 3 3
254751 0 120 3 2
254754 0 120 3 2
336819 0 120 3 1
381073 0 120 3 0
381077 0 120 3 0
381871 0 120 3 0
518144 1 120 3 0
518145 1 120 3 0
518147 1 120 3 0
518148 1 120 3 0
338618 1 121 4 1
517512 1 121 3 1
393921 1 121 3 3
382840 1 121 3 1
338261 1 121 3 1
255521 1 121 3 3
254426 1 121 3 1
75610 1 121 3 3
504312 1 121 2 1
382871 1 121 2 1
382283 1 121 2 1
379903 1 121 2 1
243579 1 121 2 3
76641 1 121 2 1
75826 1 121 2 1
253612 0 121 3 1
243577 0 121 3 3
253610 0 121 5 3
254427 0 121 3 1
338262 0 121 3 1
379902 0 121 3 1
382841 0 121 3 1
382844 0 121 3 1
382872 0 121 3 1
517513 0 121 3 1
381425 0 122 13 3
75151 1 122 4 1
337995 1 122 3 1
95685 1 122 3 1
517718 1 122 2 3
386677 1 122 2 3
382739 1 122 2 1
345724 1 122 2 3
338133 1 122 2 1
189303 1 122 2 3
75618 0 122 4 3
75616 0 122 3 3
75617 0 122 3 3
75827 1 122 3 1
338619 1 122 3 1
382742 0 122 3 1
517715 0 122 3 3
517716 0 122 3 3
504473 1 123 3 1
381834 1 123 3 3
336283 1 123 3 2
254532 1 123 3 1
75295 1 123 3 1
389002 1 123 2 3
338287 1 123 2 3
337951 1 123 2 4
254428 1 123 2 3
254413 1 123 2 1
179134 1 123 2 3
170307 1 123 2 1
95372 1 123 2 3
86934 1 123 2 3
75829 1 123 2 1
75619 1 123 2 3
382842 1 123 1 1
338779 1 123 1 4
95734 1 123 1 4
75153 1 123 3 1
75293 0 123 3 1
75297 0 123 3 1
75617 0 123 3 3
75827 0 123 3 1
75830 0 123 3 1
86932 0 123 3 3
170308 0 123 3 1
170309 0 123 3 1
170310 0 123 3 1
179135 0 123 3 3
254415 0 123 3 1
254416 0 123 3 1
254533 0 123 3 1
254534 0 123 3 1
337950 0 123 3 4
338285 0 123 3 3
338286 0 123 3 3
381832 0 123 3 3
381835 0 123 3 3
382839 0 123 3 1
389001 0 123 3 3
504472 0 123 3 1
504474 0 123 3 1
504315 1 124 3 3
379913 1 124 3 1
254348 1 124 3 3
75456 1 124 3 1
519490 1 124 2 1
518152 1 124 2 2
517504 1 124 2 1
341404 1 124 2 1
254347 1 124 2 1
75929 1 124 2 1
75611 1 124 2 3
518170 1 124 1 0
504038 1 124 1 1
393260 1 124 1 1
75454 0 124 3 1
75457 0 124 3 1
75608 0 124 3 3
75610 0 124 3 3
379698 0 124 3 1
379912 0 124 3 1
393261 0 124 3 1
393263 0 124 3 1
504311 0 124 3 3
504312 0 124 3 3
518154 0 124 3 2
519492 0 124 3 1
518707 1 125 4 1
381187 1 125 4 1
504313 1 125 3 3
395040 1 125 3 1
338792 1 125 3 4
336929 1 125 3 0
303195 1 125 3 3
254045 1 125 3 3
95272 1 125 3 3
76712 1 125 3 1
505079 1 125 2 1
504391 1 125 2 2
379911 1 125 2 1
254427 1 125 2 1
218658 1 125 2 1
76590 1 125 2 1
75126 1 125 2 1
249733 1 125 1 3
218660 0 125 3 1
254043 0 125 3 3
254044 0 125 3 3
254046 0 125 3 3
341403 1 125 3 1
341405 1 125 3 1
379912 0 125 3 1
379915 0 125 3 1
504393 0 125 3 2
503943 1 126 4 1
382385 1 126 3 1
336442 1 126 3 1
254708 1 126 2 1
95897 1 126 2 4
95449 1 126 2 1
76227 1 126 2 1
95689 1 126 1 3
95274 1 126 1 1
75598 1 126 1 4
76228 0 126 3 1
76230 0 126 3 1
76587 1 126 3 1
76588 1 126 3 1
76591 1 126 3 1
95275 0 126 3 1
95276 0 126 3 1
95447 0 126 3 1
95450 0 126 3 1
254707 0 126 3 1
254709 0 126 3 1
254710 0 126 3 1
336444 0 126 3 1
336930 1 126 3 0
381188 1 126 3 1
382387 0 126 3 1
519151 1 127 4 1
520900 1 127 3 1
517372 1 127 3 3
503062 1 127 3 1
394834 1 127 3 1
243587 1 127 3 4
518672 1 127 2 1
517746 1 127 2 1
517503 1 127 2 0
504039 1 127 2 1
422162 1 127 2 3
381123 1 127 2 1
341406 1 127 2 2
255344 1 127 2 1
255183 1 127 2 2
218929 1 127 2 1
148417 1 127 2 2
96215 1 127 2 3
96051 1 127 2 1
95891 1 127 2 3
75932 1 127 2 3
519189 1 127 1 1
517506 0 127 3 0
393259 1 127 1 1
382873 1 127 1 3
254509 1 127 1 4
254211 1 127 1 1
171961 1 127 1 1
171248 1 127 1 1
75929 0 127 3 3
75930 0 127 3 3
95268 1 127 3 3
95270 1 127 3 3
95889 0 127 3 3
95890 0 127 3 3
96212 0 127 4 3
96213 0 127 3 3
96214 0 127 3 3
148415 0 127 3 2
218931 0 127 3 1
218932 0 127 3 1
243586 0 127 3 4
254210 0 127 3 1
254213 0 127 3 1
254508 0 127 3 4
255182 0 127 3 2
255185 0 127 3 2
341407 0 127 3 2
341408 0 127 3 2
382871 0 127 3 3
393262 0 127 3 1
394833 0 127 3 1
422160 0 127 3 3
503060 0 127 3 1
503063 0 127 3 1
503944 1 127 3 1
503945 1 127 3 1
504038 0 127 3 1
517371 0 127 3 3
517505 0 127 3 0
517504 0 127 3 3
517507 0 127 3 3
517748 0 127 3 1
518675 0 127 3 1
520902 0 127 3 1
520903 0 127 3 1
520904 0 127 3 1
243580 1 128 4 0
517659 1 128 3 1
504675 1 128 3 1
395043 1 128 3 3
393258 1 128 3 0
381370 1 128 3 4
76135 1 128 3 1
380986 1 128 2 1
255495 1 128 2 1
505108 1 128 1 1
75828 1 128 1 1
75826 0 128 3 1
75827 0 128 3 1
76136 0 128 3 1
76137 0 128 3 1
76138 0 128 3 1
96213 0 128 3 0
96214 0 128 3 0
254709 0 128 3 1
255493 0 128 3 1
255496 0 128 3 1
380989 0 128 3 1
395042 0 128 3 3
517655 0 128 3 1
503315 1 129 3 1
380492 0 129 5 1
336444 1 129 3 1
254760 1 129 3 1
95896 1 129 3 3
95275 1 129 3 3
30798 1 129 3 3
518591 1 129 2 1
505080 1 129 2 3
503733 1 129 2 1
479537 1 129 2 3
381186 1 129 2 1
255329 1 129 2 1
253885 1 129 2 1
215259 1 129 2 3
95601 1 129 2 3
381213 1 129 1 1
255879 1 129 1 3
30799 0 129 3 3
95276 0 129 3 3
243582 1 129 3 0
243583 1 129 3 0
381214 0 129 3 1
393259 1 129 3 0
393263 1 129 3 0
393264 1 129 3 0
503734 0 129 3 1
503735 0 129 3 1
505079 0 129 3 3
521016 1 130 4 1
518349 1 130 3 1
382844 1 130 3 3
337392 1 130 3 1
95603 1 130 3 4
75465 1 130 3 1
521190 1 130 2 1
517752 1 130 2 3
517663 1 130 2 1
336267 1 130 2 1
197382 1 130 2 3
149791 1 130 2 3
95687 1 130 2 1
95387 1 130 2 1
95270 1 130 2 1
196859 1 130 1 2
95386 0 130 3 1
95388 0 130 3 1
95389 0 130 3 1
95683 0 130 3 1
95685 0 130 3 1
95689 0 130 3 1
196861 0 130 3 2
197379 0 130 3 3
336442 1 130 3 1
336445 1 130 3 1
336446 1 130 3 1
337393 0 130 3 1
380491 1 130 3 1
380494 1 130 3 1
382841 0 130 3 3
382843 0 130 3 3
517662 0 130 3 1
517665 0 130 3 1
517750 0 130 3 3
521192 0 130 3 1
521193 0 130 3 1
518709 1 131 3 1
518125 1 131 3 1
394835 1 131 3 1
393547 1 131 3 3
337189 1 131 3 3
250475 1 131 3 3
75208 1 131 3 2
520029 1 131 2 1
394841 1 131 2 1
393194 1 131 2 1
381831 1 131 2 0
335498 1 131 2 1
255350 1 131 2 1
255331 1 131 2 3
518673 1 131 1 1
380489 1 131 1 1
253986 1 131 1 2
75207 0 131 3 2
253988 0 131 3 2
253989 0 131 3 2
255328 0 131 4 3
255329 0 131 3 3
335500 0 131 3 1
337187 0 131 3 3
380490 0 131 3 1
380491 0 131 3 1
381832 0 131 3 0
393198 0 131 3 1
394833 0 131 3 1
394843 0 131 3 1
518350 1 131 3 1
520032 0 131 3 1
521117 1 132 3 0
517751 1 132 3 2
517440 1 132 3 3
394439 1 132 3 1
381209 1 132 3 3
380501 1 132 3 1
519228 1 132 2 1
518123 1 132 2 3
505070 1 132 2 4
503785 1 132 2 1
393534 1 132 2 1
382386 1 132 2 2
381189 1 132 2 3
381180 1 132 2 1
338523 1 132 2 1
254065 1 132 2 3
171450 1 132 2 1
520202 1 132 1 1
505076 1 132 1 1
311030 1 132 1 3
171452 0 132 3 1
250471 1 132 3 3
250473 1 132 3 3
255329 0 132 3 0
311031 0 132 3 3
338527 0 132 3 1
380502 0 132 3 1
380505 0 132 3 1
381177 0 132 3 1
381182 0 132 3 1
381183 0 132 3 1
381185 0 132 3 3
381187 0 132 3 3
393537 0 132 3 1
503784 0 132 3 1
505077 0 132 3 1
517750 0 132 3 2
520201 0 132 4 1
518978 1 133 4 1
519375 1 133 3 1
518680 1 133 3 4
511993 1 133 3 3
504537 1 133 3 1
503250 1 133 3 1
393507 1 133 3 1
381775 1 133 3 1
380494 1 133 3 3
337393 1 133 3 3
76598 1 133 3 3
518625 1 133 2 1
393689 1 133 2 1
364497 1 133 2 2
345777 1 133 2 1
552753 1 133 1 2
395172 1 133 1 2
393658 1 133 1 3
379177 1 133 1 1
254900 1 133 1 1
76596 0 133 3 3
337392 0 133 3 3
345779 0 133 3 1
379178 0 133 3 1
379179 0 133 3 1
380492 0 133 3 3
381774 0 133 3 1
381776 0 133 3 1
393509 0 133 3 1
393656 0 133 3 3
394440 1 133 3 1
394441 1 133 3 1
394442 1 133 3 1
503249 0 133 3 1
503251 0 133 3 1
503252 0 133 3 1
511990 0 133 3 3
511991 0 133 3 3
518678 0 133 3 4
520203 0 133 3 1
521118 1 133 3 0
520391 1 134 3 1
504991 1 134 3 1
503063 1 134 3 2
503058 1 134 3 3
393195 1 134 3 1
338078 1 134 3 1
337898 1 134 3 1
336269 0 134 4 1
255351 1 134 3 3
95973 1 134 3 1
540564 1 134 2 2
518197 1 134 2 1
517705 1 134 2 1
517662 1 134 2 1
399100 1 134 2 3
394158 1 134 2 1
394092 1 134 2 1
393544 1 134 2 1
393365 1 134 2 1
380493 1 134 2 3
336819 1 134 2 1
253110 1 134 2 3
149789 1 134 2 1
96513 1 134 2 1
76604 1 134 2 1
508554 1 134 1 3
335505 1 134 1 1
335493 1 134 1 1
75738 1 134 1 1
75740 0 134 3 1
75742 0 134 3 1
76603 0 134 3 1
95974 0 134 3 1
96514 0 134 3 1
96515 0 134 3 1
149787 0 134 3 1
149790 0 134 3 1
250471 0 134 3 1
250475 0 134 3 1
335495 0 134 3 1
335507 0 134 3 1
336822 0 134 3 1
338076 0 134 3 1
380488 0 134 3 3
380490 0 134 3 3
393194 0 134 3 1
393197 0 134 3 1
393546 0 134 3 1
394159 0 134 3 1
394160 0 134 3 1
394161 0 134 3 1
517663 0 134 3 1
518979 1 134 3 1
519377 1 134 3 1
519378 1 134 3 1
540565 0 134 3 2
518305 1 135 4 1
171455 1 135 4 3
518831 1 135 3 3
393542 1 135 3 1
96309 1 135 3 1
95149 1 135 3 1
521055 1 135 2 1
518122 1 135 2 3
517881 1 135 2 3
404858 1 135 2 3
394488 1 135 2 1
393890 1 135 2 1
393799 1 135 2 3
393345 1 135 2 1
336266 1 135 2 1
265990 1 135 2 3
60955 1 135 2 3
520032 1 135 1 3
393753 1 135 1 3
250479 1 135 1 3
186505 1 135 1 3
60954 0 135 3 3
95151 0 135 3 1
95152 0 135 3 1
96312 0 135 3 1
186504 0 135 4 3
250480 0 135 3 3
504990 1 135 3 1
504992 1 135 3 1
517707 1 135 3 1
517708 1 135 3 1
518123 0 135 3 3
518832 0 135 3 3
520031 0 135 3 3
521053 0 135 3 1
521057 0 135 5 1
379218 0 136 9 1
393243 1 136 3 2
381210 1 136 3 3
344587 1 136 3 1
76465 1 136 3 1
503637 1 136 2 1
496587 1 136 2 3
393814 1 136 2 3
380987 1 136 2 1
380603 1 136 2 2
340290 1 136 2 2
338355 1 136 2 4
249842 1 136 2 1
123814 1 136 2 3
171450 1 136 3 3
171453 1 136 3 3
249843 0 136 3 1
344588 0 136 3 1
380602 0 136 3 2
380604 0 136 3 2
380985 0 136 3 1
380989 0 136 3 1
393891 1 136 3 1
518308 1 136 3 1
521056 1 136 3 3
243577 1 137 4 1
520389 1 137 3 0
506126 1 137 3 2
394585 1 137 3 3
394029 1 137 3 1
393506 1 137 3 1
338077 1 137 3 1
519138 1 137 2 1
504654 1 137 2 1
393746 1 137 2 1
337519 1 137 2 3
253108 1 137 2 3
96514 1 137 2 2
95795 1 137 2 1
95064 1 137 2 1
521121 1 137 1 3
504307 1 137 1 1
503701 1 137 1 1
380892 1 137 1 1
337186 1 137 1 3
75686 1 137 1 2
75454 1 137 1 1
338076 0 137 3 1
338080 0 137 3 1
380891 0 137 3 1
380893 0 137 3 1
393242 1 137 3 2
393750 0 137 3 1
394583 0 137 3 3
394584 0 137 3 3
504656 0 137 3 1
519135 0 137 3 1
519137 0 137 3 1
521117 0 137 3 3
521120 0 137 3 3
521122 0 137 3 3
517708 1 138 3 3
395003 1 138 3 1
393752 1 138 3 3
344332 1 138 3 1
518016 1 138 2 1
503702 1 138 2 1
395034 1 138 2 1
393878 1 138 2 1
338685 1 138 2 0
223283 1 138 2 3
154394 1 138 2 3
149790 1 138 2 3
96364 1 138 2 0
95858 1 138 2 1
76603 1 138 2 0
75744 1 138 2 3
393688 1 138 1 1
393546 1 138 1 3
300517 1 138 1 2
75742 0 138 3 3
75743 0 138 3 3
95798 1 138 3 1
95860 0 138 3 1
149791 0 138 3 3
154391 0 138 3 3
243578 1 138 3 1
249844 0 138 3 1
249845 0 138 3 1
338687 0 138 3 0
393508 1 138 3 1
393547 0 138 3 3
393690 0 138 3 1
393879 0 138 3 1
393880 0 138 3 1
395004 0 138 3 1
517705 0 138 3 3
517706 0 138 3 3
518017 0 138 3 1
518019 0 138 3 1
518020 0 138 3 1
511336 1 139 4 2
394058 1 139 4 4
344548 1 139 4 1
519237 1 139 3 1
381182 1 139 3 3
249648 1 139 3 1
243266 1 139 3 1
95859 1 139 3 2
76278 1 139 3 2
75620 1 139 3 4
395192 1 139 2 1
394463 1 139 2 1
393539 1 139 2 1
379215 1 139 2 3
394110 1 139 1 1
337896 1 139 1 3
76277 0 139 3 2
95860 0 139 3 2
344331 1 139 3 1
344333 1 139 3 1
381179 0 139 3 3
381180 0 139 3 3
381181 0 139 3 3
393540 0 139 3 1
393753 1 139 3 3
395193 0 139 3 1
395195 0 139 3 1
95736 1 140 4 1
434794 1 140 3 3
394851 1 140 3 1
95397 1 140 3 1
504112 1 140 2 1
503160 1 140 2 2
503134 1 140 2 1
395033 1 140 2 3
393196 1 140 2 1
380864 1 140 2 3
337713 1 140 2 1
503854 1 140 1 3
394955 1 140 1 1
328839 1 140 1 3
147110 1 140 1 3
337712 0 140 3 1
393198 0 140 3 1
394954 0 140 3 1
395031 0 140 3 3
504115 0 140 3 1
519236 1 140 3 1
519238 1 140 3 1
277784 1 141 4 3
518658 1 141 3 1
503139 1 141 3 1
379966 1 141 3 4
95268 1 141 3 1
94876 1 141 3 1
94449 1 141 3 3
505118 1 141 2 1
504227 1 141 2 4
379963 1 141 2 1
309156 1 141 2 3
86849 1 141 2 3
337904 1 141 1 1
86848 0 141 3 3
94448 0 141 3 3
95272 0 141 3 1
95398 1 141 3 1
95399 1 141 3 1
95738 1 141 3 1
337905 0 141 3 1
394855 1 141 3 1
505116 0 141 3 1
505117 0 141 3 1
505120 0 141 3 1
518660 0 141 3 1
517885 0 142 13 3
504649 1 142 3 1
344545 1 142 3 0
344331 1 142 3 1
337043 1 142 3 1
95151 1 142 3 3
504175 1 142 2 1
503852 1 142 2 1
394527 1 142 2 1
335949 1 142 2 3
303865 1 142 2 2
337034 1 142 1 1
95152 0 142 3 3
277783 1 142 3 3
335948 0 142 3 3
337036 0 142 3 1
337044 0 142 3 1
520365 1 143 4 2
519238 1 143 3 3
503695 1 143 3 1
395032 1 143 3 3
394730 1 143 3 3
381183 1 143 3 3
379947 1 143 3 1
335563 1 143 3 0
249650 1 143 3 3
243197 1 143 3 0
75900 1 143 3 0
511333 1 143 2 3
511061 1 143 2 3
504386 1 143 2 1
394829 1 143 2 3
394669 1 143 2 1
393742 1 143 2 2
337712 1 143 2 1
171091 1 143 2 1
95477 1 143 2 3
504111 1 143 1 1
75901 1 143 1 1
75904 0 143 3 0
75903 0 143 3 1
171093 0 143 3 1
243198 0 143 3 0
335565 0 143 3 0
337710 0 143 3 1
337713 0 143 3 1
344547 1 143 3 0
344549 1 143 3 0
394671 0 143 3 1
394731 0 143 3 3
394828 0 143 3 3
503696 0 143 3 1
503700 0 143 3 1
504114 0 143 3 1
504115 0 143 3 1
504388 0 143 3 1
504650 1 143 3 1
504652 1 143 3 1
517886 1 143 3 3
75504 1 144 4 1
503797 1 144 3 1
424291 1 144 3 2
249398 1 144 3 0
195502 1 144 3 3
505110 1 144 2 1
504929 1 144 2 1
504747 1 144 2 1
504601 1 144 2 1
504582 1 144 2 3
504460 1 144 2 3
504455 1 144 2 1
394852 0 144 3 3
362665 1 144 2 3
338434 1 144 2 1
195501 0 144 3 3
362663 0 144 3 3
362666 0 144 3 3
381180 1 144 3 3
395031 1 144 3 3
424294 0 144 3 2
503799 0 144 3 1
504457 0 144 3 1
504458 0 144 3 1
504456 0 144 3 3
504457 0 144 3 3
504603 0 144 3 1
504746 0 144 3 1
504748 0 144 3 1
504928 0 144 3 1
504930 0 144 3 1
505111 0 144 3 1
517889 0 144 3 2
520367 1 144 3 2
243283 0 145 8 0
504023 1 145 3 2
503768 1 145 3 1
448135 1 145 3 3
425618 1 145 3 3
395173 1 145 3 1
394417 1 145 3 1
379193 1 145 3 4
337743 1 145 3 3
337402 1 145 3 1
243285 1 145 3 1
125665 1 145 3 3
517762 1 145 2 1
503639 1 145 2 3
503454 1 145 2 1
503311 1 145 2 1
394588 1 145 2 1
380285 1 145 2 1
345621 1 145 2 1
335865 1 145 2 1
95738 0 145 3 1
95737 0 145 3 3
504124 1 145 1 3
243278 1 145 1 1
94447 1 145 1 2
95739 0 145 3 1
95736 0 145 3 3
125664 0 145 3 3
243284 0 145 3 1
243287 0 145 3 1
335867 0 145 3 1
335868 0 145 3 1
337401 0 145 3 1
337404 0 145 3 1
337738 0 145 3 3
337739 0 145 3 3
337740 0 145 3 3
337741 0 145 3 3
337742 0 145 3 3
380284 0 145 3 1
380286 0 145 3 1
395175 0 145 3 1
425617 0 145 3 3
448136 0 145 3 3
503637 0 145 3 3
503766 0 145 3 1
504122 0 145 3 3
345267 1 146 3 1
344975 1 146 3 1
333726 1 146 3 2
129627 1 146 3 2
76503 1 146 3 1
511293 1 146 2 3
504459 1 146 2 2
504387 1 146 2 1
504179 1 146 2 3
503033 1 146 2 1
395067 1 146 2 3
345572 1 146 2 1
244349 1 146 2 3
394718 1 146 1 3
393517 1 146 1 1
266094 1 146 1 3
254040 1 146 1 3
129628 0 146 3 2
243284 1 146 3 0
244347 0 146 3 3
254041 0 146 3 3
254042 0 146 3 3
333725 0 146 3 2
344974 0 146 3 1
344976 0 146 3 1
344977 0 146 3 1
345624 1 146 3 1
345625 1 146 3 1
394717 0 146 3 3
503031 0 146 3 1
504177 0 146 3 3
504388 0 146 3 1
504389 0 146 3 1
504390 0 146 3 1
504456 0 146 3 1
504460 0 146 3 2
511294 0 146 3 3
520944 1 147 4 2
504818 1 147 4 0
504746 1 147 4 1
503610 1 147 4 1
395035 1 147 3 3
394220 1 147 3 1
380054 1 147 3 1
336983 1 147 3 0
336977 1 147 3 3
244340 1 147 3 0
171089 1 147 3 0
96490 1 147 3 4
86048 1 147 3 3
76249 1 147 3 1
505130 1 147 2 2
504932 1 147 2 3
504116 1 147 2 3
503609 1 147 2 1
394574 1 147 2 1
345776 1 147 2 1
283223 1 147 2 3
244141 1 147 2 2
95269 1 147 2 1
76572 1 147 2 1
504883 1 147 1 1
395041 1 147 1 1
188322 1 147 1 3
95174 1 147 1 4
171090 0 147 3 0
188320 0 147 3 3
188323 0 147 3 3
394222 0 147 3 1
394573 0 147 3 1
395040 0 147 3 1
395042 0 147 3 1
503608 0 147 3 1
503611 0 147 3 1
254175 0 148 18 4
393764 0 148 5 1
380680 1 148 4 1
178173 1 148 4 3
506955 1 148 3 2
393429 0 148 5 1
379413 1 148 3 3
337666 1 148 3 1
243717 1 148 3 1
243383 1 148 3 1
75909 1 148 3 3
75506 1 148 3 3
7410 1 148 3 3
519959 1 148 2 1
504202 1 148 2 1
503694 1 148 2 1
503568 1 148 2 2
503564 1 148 2 0
503013 1 148 2 1
502949 1 148 2 1
402975 1 148 2 3
344907 1 148 2 2
337259 1 148 2 1
249372 1 148 2 3
125664 1 148 2 3
95607 1 148 2 4
75904 1 148 2 3
504653 1 148 1 3
503441 1 148 1 1
393785 1 148 1 1
380865 1 148 1 0
75274 1 148 1 1
76252 1 148 3 1
76254 1 148 3 1
125665 0 148 3 3
243386 0 148 3 1
243720 0 148 3 1
336982 1 148 3 0
337260 0 148 3 1
337261 0 148 3 1
337667 0 148 3 1
380053 1 148 3 1
380055 1 148 3 1
380867 0 148 3 0
393426 0 148 3 1
402974 0 148 3 3
503033 0 148 3 0
503035 0 148 3 0
503443 0 148 3 0
503440 0 148 5 1
503442 0 148 3 1
504650 0 148 3 3
504652 0 148 3 3
504749 1 148 3 1
504819 1 148 3 0
506953 0 148 3 2
519961 0 148 3 1
520943 1 148 3 2
393592 0 149 13 4
336985 0 149 13 3
504290 1 149 4 1
337113 1 149 4 2
504199 1 149 3 3
476487 1 149 3 3
380222 1 149 3 1
344973 1 149 3 1
75875 1 149 3 1
514114 1 149 2 3
504528 1 149 2 0
504300 1 149 2 3
504255 1 149 2 1
502725 1 149 2 2
394997 1 149 2 3
394926 1 149 2 1
393644 1 149 2 1
345161 1 149 2 1
344864 1 149 2 1
166043 1 149 2 3
76625 1 149 2 1
75171 1 149 2 1
520521 1 149 1 1
504454 1 149 1 3
503998 1 149 1 1
420951 1 149 1 3
393787 1 149 1 3
338432 1 149 1 1
75172 0 149 3 1
75874 0 149 3 1
75877 0 149 3 1
76623 0 149 3 1
76626 0 149 3 1
166042 0 149 3 3
178170 1 149 3 3
344865 0 149 3 1
344906 1 149 3 2
344909 1 149 3 2
344974 0 149 3 1
344976 0 149 3 1
345162 0 149 3 1
393767 1 149 3 1
394928 0 149 3 1
476485 0 149 3 3
502724 0 149 3 2
502948 1 149 3 1
502950 1 149 3 1
503014 1 149 3 1
503016 1 149 3 1
503018 1 149 3 1
503565 1 149 3 0
503566 1 149 3 0
504453 0 149 3 3
514113 0 149 3 3
504707 1 150 3 4
503726 1 150 3 1
394787 1 150 3 4
393765 1 150 3 1
379723 1 150 3 1
379554 1 150 3 1
338410 1 150 3 1
272732 1 150 3 3
504133 1 150 2 1
503838 1 150 2 3
502944 1 150 2 2
394860 1 150 2 1
393775 1 150 2 4
393474 1 150 2 1
393428 1 150 2 1
345620 1 150 2 1
345527 1 150 2 1
338403 1 150 2 3
337281 1 150 2 1
95386 1 150 2 1
76655 1 150 2 4
17308 1 150 2 2
422671 1 150 1 2
393312 1 150 1 1
198282 1 150 1 3
95388 0 150 3 1
336982 1 150 3 3
337114 1 150 3 2
337280 0 150 3 1
337282 0 150 3 1
345621 0 150 3 1
345624 0 150 3 1
379555 0 150 3 1
393316 0 150 3 1
393426 0 150 3 1
393427 0 150 3 1
393475 0 150 3 1
393476 0 150 3 1
502945 0 150 3 2
503837 0 150 3 3
504131 0 150 3 1
504132 0 150 3 1
504289 1 150 3 1
504297 1 150 3 3
504705 0 150 3 4
504706 0 150 3 4
527746 1 151 3 2
504741 1 151 3 0
504404 1 151 3 1
503835 1 151 3 0
503162 1 151 3 0
379418 1 151 3 4
345160 1 151 3 0
344320 1 151 3 1
338082 1 151 3 3
337386 1 151 3 1
328973 1 151 3 3
518813 1 151 2 3
505165 1 151 2 2
503643 1 151 2 1
503164 1 151 2 1
422360 1 151 2 3
402972 1 151 2 0
402824 1 151 2 3
345266 1 151 2 1
344488 1 151 2 1
193693 1 151 2 3
170398 1 151 2 0
171090 1 151 1 1
337389 0 151 3 1
338078 0 151 3 3
338079 0 151 3 3
338409 1 151 3 1
338411 1 151 3 1
338412 1 151 3 1
344321 0 151 3 1
345267 0 151 3 1
379417 0 151 3 4
402822 0 151 3 3
402823 0 151 3 3
402825 0 151 3 3
402973 0 151 3 0
422357 0 151 3 3
422359 0 151 3 3
503166 0 151 3 1
503728 1 151 3 1
505166 0 151 3 2
393431 1 152 4 3
337350 1 152 4 1
537026 1 152 3 3
504530 0 152 4 0
445414 1 152 3 3
394936 1 152 3 2
394896 1 152 3 1
345828 1 152 3 3
339186 1 152 5 0
243778 1 152 3 3
116743 1 152 3 0
75874 1 152 3 0
66106 1 152 3 3
504572 1 152 2 0
504480 1 152 2 3
504390 1 152 2 3
504250 1 152 2 2
503830 1 152 2 2
503450 1 152 2 0
500809 1 152 2 3
393778 1 152 2 2
379411 1 152 2 0
337262 1 152 2 3
284034 1 152 2 3
257920 1 152 2 3
243718 1 152 2 1
96099 1 152 2 1
504513 1 152 1 3
503445 1 152 1 3
503034 1 152 1 1
393635 1 152 1 3
291215 1 152 1 2
96097 0 152 3 1
96098 0 152 3 1
116746 0 152 3 0
116748 0 152 3 0
243775 0 152 3 3
243777 0 152 3 3
257917 0 152 3 3
284035 0 152 3 3
291213 0 152 3 2
337261 0 152 3 3
339185 0 152 4 2
339188 0 152 3 2
379412 0 152 3 0
393777 0 152 3 2
394934 0 152 3 2
394935 0 152 3 2
503033 0 152 3 1
503441 0 152 3 3
503444 0 152 3 3
503829 0 152 3 2
504251 0 152 3 2
504511 0 152 3 3
504512 0 152 3 3
504514 0 152 3 3
504515 0 152 3 3
504527 0 152 4 3
504529 0 152 3 3
537023 0 152 3 3
519960 1 153 3 1
393477 1 153 3 3
379279 1 153 3 1
344679 1 153 3 1
249564 1 153 3 3
171092 1 153 3 2
504406 1 153 2 3
503641 1 153 2 0
503316 1 153 2 1
503017 1 153 2 3
380989 1 153 2 3
380307 1 153 2 1
345618 1 153 2 3
96050 1 153 2 1
95516 1 153 2 2
94994 1 153 2 1
76657 1 153 2 1
76634 1 153 2 3
394778 1 153 1 3
393476 1 153 1 3
393291 1 153 1 1
365651 1 153 1 2
76635 0 153 3 3
76656 0 153 3 1
76659 0 153 3 1
96049 0 153 3 1
96053 0 153 3 1
96054 0 153 3 1
344681 0 153 3 1
345617 0 153 3 3
365649 0 153 3 2
379282 0 153 3 1
380305 0 153 5 1
380306 0 153 3 1
380985 0 153 3 3
393426 1 153 3 3
393429 1 153 3 3
393473 0 153 4 3
393475 0 153 3 3
503317 0 153 3 1
380249 0 154 18 4
380449 1 154 4 1
504681 1 154 3 3
503188 1 154 3 1
395039 1 154 3 1
394000 1 154 3 1
379555 1 154 3 1
338566 1 154 3 3
338550 1 154 3 1
337309 1 154 3 3
244788 1 154 3 1
243932 1 154 3 1
76781 1 154 3 1
504713 1 154 2 2
503166 1 154 2 3
394994 1 154 2 1
393334 1 154 2 1
380219 1 154 2 1
379552 1 154 2 1
290793 1 154 2 2
116747 1 154 2 3
503837 1 154 1 2
476489 1 154 1 3
476488 1 154 1 4
438608 1 154 1 3
337388 1 154 1 3
337279 1 154 1 1
76834 1 154 1 1
76551 1 154 1 1
76833 0 154 3 1
76836 0 154 3 1
76837 0 154 3 1
244787 0 154 3 1
337306 0 154 3 3
337387 0 154 3 3
339189 1 154 3 0
379556 0 154 3 1
379557 0 154 3 1
379553 0 154 3 1
380217 0 154 3 1
380220 0 154 3 1
380306 1 154 3 1
393333 0 154 3 1
393335 0 154 3 1
393336 0 154 3 1
394996 0 154 3 1
395043 0 154 3 1
503642 1 154 3 0
504405 1 154 3 3
504680 0 154 3 3
504715 0 154 3 2
519959 1 154 3 1
260264 1 155 3 3
244732 1 155 3 3
159138 1 155 3 3
117553 1 155 3 3
95515 1 155 3 3
536197 1 155 2 3
504776 1 155 2 1
504586 1 155 2 4
504249 1 155 2 0
493612 1 155 2 2
422326 1 155 2 3
413200 1 155 2 2
395051 1 155 2 1
394972 1 155 2 2
380083 1 155 2 1
336877 1 155 2 1
244439 1 155 2 1
96472 1 155 2 3
503717 1 155 1 1
503532 1 155 1 1
503318 1 155 1 3
393349 1 155 1 3
315941 1 155 1 3
94865 1 155 1 1
94867 0 155 3 1
94868 0 155 3 1
95511 0 155 3 3
95513 0 155 3 3
96470 0 155 3 3
117551 0 155 3 3
159137 0 155 3 3
260263 0 155 3 3
315939 0 155 3 3
336878 0 155 3 1
336879 0 155 3 1
380454 1 155 3 1
393346 0 155 3 3
393999 1 155 3 1
394001 1 155 3 1
394971 0 155 3 2
394973 0 155 3 2
394974 0 155 3 2
395053 0 155 3 1
422325 0 155 3 3
422327 0 155 3 3
503189 1 155 3 1
503191 1 155 3 1
503315 0 155 3 3
503531 0 155 3 1
503533 0 155 3 1
504585 0 155 3 4
504778 0 155 3 1
505162 1 156 4 3
379274 0 156 5 1
503779 1 156 3 4
379464 1 156 3 1
117377 1 156 3 3
96275 1 156 3 1
96044 1 156 3 1
504764 1 156 2 1
504751 1 156 2 2
503870 1 156 2 4
503864 1 156 2 3
503728 1 156 2 2
503020 0 156 3 1
394700 1 156 2 4
394462 1 156 2 1
394167 1 156 2 2
344298 1 156 2 2
337164 1 156 2 1
96283 0 156 4 0
94996 1 156 2 3
503644 1 156 1 3
503019 0 156 3 1
379817 1 156 1 0
344321 1 156 1 3
65081 1 156 1 3
65080 0 156 3 3
96276 0 156 3 1
96285 0 156 3 1
244730 1 156 3 3
244731 1 156 3 3
344299 0 156 3 2
344319 0 156 3 3
344320 0 156 3 3
379462 0 156 3 1
379463 0 156 3 1
379818 0 156 3 0
379819 0 156 3 0
379820 0 156 3 0
503643 0 156 3 3
503725 0 156 3 2
503780 0 156 3 4
503862 0 156 3 3
503865 0 156 3 3
504750 0 156 3 2
504752 0 156 3 2
504763 0 156 3 1
504767 0 156 3 1
292177 0 157 13 3
505173 1 157 3 1
504869 1 157 3 3
477090 1 157 3 3
393535 1 157 3 1
344646 1 157 3 1
335671 1 157 3 1
76833 1 157 3 1
503552 1 157 2 3
413198 1 157 2 3
394897 1 157 2 1
393212 1 157 2 3
379615 1 157 2 1
338657 1 157 2 1
337963 1 157 2 1
337068 1 157 2 1
336408 1 157 2 1
273516 1 157 2 1
200337 1 157 2 3
96282 1 157 2 0
95800 1 157 2 1
94903 1 157 2 1
504482 1 157 1 0
380313 1 157 1 3
379660 1 157 1 0
344974 1 157 1 1
94866 1 157 1 1
76832 0 157 3 1
76837 0 157 3 1
94865 0 157 3 1
94867 0 157 3 1
94870 0 157 3 1
94904 0 157 3 1
94906 0 157 3 1
95799 0 157 3 1
95804 0 157 3 1
273517 0 157 3 1
335670 0 157 3 1
336410 0 157 3 1
337165 1 157 3 1
337960 0 157 3 1
337964 0 157 3 1
337965 0 157 3 1
337966 0 157 3 1
344320 0 157 3 1
344647 0 157 3 1
344973 0 157 3 1
344976 0 157 3 1
344977 0 157 3 1
379276 1 157 3 1
393536 0 157 3 1
394898 0 157 3 1
394899 0 157 3 1
477089 0 157 3 3
477091 0 157 3 3
504485 0 157 3 0
505161 1 157 3 3
505171 0 157 3 1
505172 0 157 3 1
505175 0 157 3 1
380454 1 158 3 3
379569 1 158 3 1
379275 1 158 3 1
337874 1 158 3 1
317156 1 158 3 3
279285 1 158 3 4
95802 1 158 3 2
95243 1 158 3 1
379282 1 158 2 3
338711 1 158 2 3
337091 1 158 2 4
159137 1 158 2 3
75894 1 158 2 1
505160 1 158 1 1
505081 1 158 1 1
344963 1 158 1 1
337878 1 158 1 1
75895 0 158 3 1
75897 0 158 3 1
75899 0 158 3 1
95799 0 158 3 2
95801 0 158 3 2
95804 0 158 3 2
159135 0 158 3 3
159136 0 158 3 3
159138 0 158 3 3
292173 1 158 3 3
337876 0 158 3 1
338712 0 158 3 3
344965 0 158 3 1
380449 0 158 3 3
380452 0 158 3 3
505083 0 158 3 1
505161 0 158 3 1
380943 1 159 3 1
380590 1 159 3 2
344645 1 159 3 1
244313 1 159 3 1
120761 1 159 3 3
96004 1 159 3 1
95470 1 159 3 4
503090 1 159 2 3
413422 1 159 2 3
335672 1 159 2 3
315942 1 159 2 3
95797 1 159 2 3
94808 1 159 2 3
394441 1 159 1 1
393848 1 159 1 1
243934 1 159 1 3
76334 1 159 1 1
94805 0 159 3 3
94806 0 159 3 3
94807 0 159 3 3
94809 0 159 3 3
95244 1 159 3 1
95795 0 159 3 3
95796 0 159 3 3
96005 0 159 3 1
120759 0 159 3 3
244315 0 159 3 1
279284 1 159 3 4
315940 0 159 3 3
315941 0 159 3 3
344647 0 159 3 1
344649 0 159 3 1
379571 1 159 3 1
380944 0 159 3 1
380945 0 159 3 1
393851 0 159 3 1
393852 0 159 3 1
394442 0 159 3 1
413419 0 159 3 3
422327 1 160 3 3
380741 1 160 3 1
380103 1 160 3 1
345295 1 160 3 1
345009 1 160 3 1
338659 1 160 3 3
38006 1 160 3 3
379852 1 160 2 0
379370 1 160 2 1
345382 1 160 2 1
344487 1 160 2 1
344440 1 160 2 1
338800 1 160 2 1
194815 1 160 2 3
178814 1 160 2 3
94963 1 160 2 1
86978 1 160 2 3
172894 1 160 1 3
96274 1 160 1 1
86977 0 160 3 3
94965 0 160 3 1
96273 0 160 3 1
96277 0 160 3 1
178813 0 160 3 3
338657 0 160 3 3
338658 0 160 3 3
338801 0 160 3 1
344442 0 160 3 1
345383 0 160 3 1
345385 0 160 3 1
379371 0 160 3 1
380744 0 160 3 1
422323 0 160 3 3
422324 0 160 3 3
343208 1 161 4 1
335224 1 161 4 4
440319 1 161 3 3
379572 1 161 3 3
379339 1 161 3 1
337097 1 161 3 1
164767 1 161 3 3
96447 1 161 3 1
76557 1 161 3 1
76303 1 161 3 1
75895 1 161 3 1
477089 1 161 2 2
345176 1 161 2 1
335375 1 161 2 1
315682 1 161 2 2
273515 1 161 2 1
110656 1 161 2 2
95186 1 161 2 1
503442 1 161 1 1
406188 1 161 1 2
96278 0 161 3 1
96449 0 161 3 1
164766 0 161 3 3
273518 0 161 3 1
335373 0 161 3 1
335377 0 161 3 1
345296 1 161 3 1
345297 1 161 3 1
379570 0 161 3 3
380942 0 161 3 1
380945 0 161 3 1
503441 0 161 3 1
503443 0 161 3 1
345388 1 162 4 2
344309 1 162 3 4
335514 1 162 3 1
335508 1 162 3 1
195002 1 162 3 1
75982 1 162 3 1
518485 1 162 2 3
505175 1 162 2 3
437299 1 162 2 3
394681 1 162 2 1
379228 1 162 2 1
345604 1 162 2 1
193730 1 162 2 3
95784 1 162 2 1
95668 1 162 2 4
95298 1 162 2 1
393398 1 162 1 1
379485 1 162 1 1
344978 1 162 1 2
76555 1 162 3 1
95783 0 162 3 1
95786 0 162 3 1
195003 0 162 3 1
335510 0 162 3 1
343206 1 162 3 1
379233 0 162 3 1
505173 0 162 3 3
96450 1 163 4 3
380520 1 163 3 4
344723 1 163 3 2
394409 1 163 2 1
379490 1 163 2 4
345104 1 163 2 1
337876 1 163 2 2
279284 1 163 2 3
263430 1 163 2 3
96000 1 163 2 0
94858 1 163 2 4
76699 1 163 2 1
380014 1 163 1 1
244852 1 163 1 1
77946 1 163 1 2
75981 1 163 3 1
75983 1 163 3 1
96001 0 163 3 0
126746 1 163 3 3
344724 0 163 3 2
345607 1 163 3 1
379489 0 163 3 4
380016 0 163 3 1
95306 0 164 13 4
279072 1 164 4 1
96193 1 164 4 1
379880 1 164 3 1
273862 1 164 3 1
243621 1 164 3 1
194678 1 164 3 1
193589 1 164 3 4
380719 1 164 2 1
380498 1 164 2 2
379487 1 164 2 3
379371 1 164 2 3
379341 1 164 2 3
368853 1 164 2 4
130587 1 164 2 3
95406 1 164 2 3
394001 1 164 1 1
379736 1 164 1 1
345874 1 164 1 1
95405 0 164 3 3
194680 0 164 3 1
194681 0 164 3 1
194682 0 164 3 1
243623 0 164 3 1
345873 0 164 3 1
345876 0 164 3 1
345877 0 164 3 1
345879 0 164 3 1
379339 0 164 3 3
379340 0 164 3 3
379370 0 164 3 3
379484 0 164 3 3
380497 0 164 3 2
393999 0 164 3 1
393599 1 165 4 0
380478 1 165 3 1
379408 1 165 3 3
345103 1 165 3 1
305049 1 165 3 3
180282 1 165 3 4
35216 1 165 3 3
451874 1 165 2 3
393248 1 165 2 1
379404 1 165 2 1
275674 1 165 2 2
78605 1 165 2 2
76097 1 165 2 1
345642 1 165 1 1
96194 1 165 3 1
96195 1 165 3 1
279070 1 165 3 1
279074 1 165 3 1
345102 0 165 3 1
345104 0 165 3 1
345106 0 165 3 1
379403 0 165 3 1
379405 0 165 3 1
380479 0 165 3 1
393249 0 165 3 1
344877 1 166 3 1
338185 1 166 3 3
300660 1 166 3 2
96351 1 166 3 1
344356 1 166 2 3
337400 1 166 2 0
313872 1 166 2 4
292750 1 166 2 2
95380 1 166 1 1
95381 0 166 3 1
96350 0 166 3 1
96352 0 166 3 1
194680 0 166 3 2
194683 0 166 3 2
292751 0 166 3 2
337401 0 166 3 0
337403 0 166 3 0
337404 0 166 3 0
379403 1 166 3 3
379407 1 166 5 3
393600 1 166 3 0
393601 1 166 3 0
380047 1 167 4 1
129599 1 167 3 4
95200 1 167 3 1
93664 1 167 3 3
555461 1 167 2 2
503515 1 167 2 1
450802 1 167 2 3
393237 1 167 2 3
344991 1 167 2 1
344669 1 167 2 2
244821 1 167 2 1
196299 1 167 2 1
195810 1 167 2 4
95377 1 167 2 3
93204 1 167 2 3
76533 1 167 2 3
37006 1 167 2 3
336388 1 167 1 3
96484 1 167 1 1
77948 1 167 1 3
75897 1 167 1 1
75898 0 167 3 1
93663 0 167 3 3
95376 0 167 3 3
96486 0 167 3 1
244822 0 167 4 1
244823 0 167 3 1
244826 0 167 3 1
336385 0 167 3 3
336386 0 167 3 3
344992 0 167 3 1
344994 0 167 3 1
379404 1 167 3 3
379406 1 167 3 3
393235 0 167 3 3
393236 0 167 3 3
450800 0 167 3 3
503521 0 167 3 1
555460 0 167 3 2
194719 1 168 4 1
393462 1 168 3 3
374360 1 168 3 3
344852 1 168 3 1
338149 1 168 3 4
336553 1 168 3 1
412306 1 168 2 2
380228 1 168 2 1
380030 1 168 2 1
379881 1 168 2 3
345842 1 168 2 1
344883 1 168 2 1
344873 1 168 2 1
243296 1 168 2 2
193865 1 168 2 4
193696 1 168 2 1
193593 1 168 2 0
110851 1 168 2 3
95410 1 168 2 3
75886 1 168 2 1
379952 1 168 1 1
345077 1 168 1 0
243627 1 168 1 3
75885 0 168 3 1
110849 0 168 3 3
194681 0 168 3 1
243629 0 168 3 3
244823 0 168 3 1
344046 0 168 3 2
344874 0 168 3 1
344885 0 168 3 1
379953 0 168 3 1
380233 0 168 3 1
393459 0 168 3 3
393460 0 168 3 3
345298 1 169 4 1
339914 1 169 4 3
344406 1 169 3 1
244579 1 169 3 1
96192 1 169 3 1
536485 1 169 2 3
395150 1 169 2 4
393372 1 169 2 1
379775 1 169 2 1
345697 1 169 2 3
338731 1 169 2 1
96191 1 169 2 1
95049 1 169 2 1
13418 1 169 2 1
379185 1 169 1 2
345107 1 169 1 3
335749 1 169 1 1
96195 0 169 3 1
193595 1 169 3 0
194721 1 169 3 1
244581 0 169 3 1
335750 0 169 3 1
338733 0 169 3 1
344405 0 169 3 1
344407 0 169 3 1
344410 0 169 3 1
345102 0 169 3 3
345105 0 169 3 3
345843 1 169 3 1
345844 1 169 3 1
379187 0 169 3 2
379774 0 169 3 1
379776 0 169 3 1
393375 0 169 3 1
395151 0 169 3 4
194172 1 170 4 1
95045 1 170 4 1
379547 1 170 3 3
257943 1 170 3 3
193697 1 170 3 1
436343 1 170 2 3
374831 1 170 2 3
336271 1 170 2 1
336053 1 170 2 3
336047 1 170 2 1
318278 1 170 2 3
96142 1 170 2 1
95613 1 170 2 1
95573 1 170 2 3
515597 1 170 1 3
381026 1 170 1 3
336385 1 170 1 1
96294 1 170 1 1
96193 1 170 3 1
96194 1 170 3 1
96195 1 170 3 1
193695 0 170 3 1
193698 0 170 3 1
257944 0 170 3 3
318275 0 170 3 3
336046 0 170 3 1
336048 0 170 3 1
336049 0 170 3 1
336051 0 170 3 3
379548 0 170 3 3
515598 0 170 3 3
529549 1 171 3 3
394814 1 171 3 1
238235 1 171 3 2
193911 1 171 3 1
536484 1 171 2 2
394391 1 171 2 4
380049 1 171 2 3
328634 1 171 2 3
326224 1 171 2 2
232092 1 171 2 3
160259 1 171 2 3
105447 1 171 2 3
76094 1 171 2 1
521614 1 171 1 2
379190 1 171 1 4
345367 1 171 1 1
36036 1 171 1 1
36037 0 171 3 1
36038 0 171 3 1
76097 0 171 3 1
95047 1 171 3 1
160257 0 171 3 3
193909 0 171 3 1
194175 1 171 3 1
194176 1 171 3 1
328632 0 171 3 3
328635 0 171 3 3
345366 0 171 3 1
363389 1 171 3 3
363390 1 171 3 3
380046 0 171 3 3
380047 0 171 3 3
394390 0 171 3 4
529546 0 171 3 3
529548 0 171 3 3
536485 0 171 3 2
344890 1 172 3 0
344762 1 172 3 1
194340 1 172 3 1
95857 1 172 3 1
93564 1 172 3 3
553211 1 172 2 3
515604 1 172 2 1
380229 1 172 2 2
368213 1 172 2 3
344880 1 172 2 1
292785 1 172 2 3
194334 1 172 2 1
193827 1 172 2 1
193271 1 172 2 1
96020 1 172 2 1
337923 1 172 1 3
95859 0 172 3 1
96019 0 172 3 1
193272 0 172 3 1
193829 0 172 3 1
194344 0 172 3 1
344881 0 172 3 1
344891 0 172 3 0
368211 0 172 3 3
428521 1 173 3 3
395007 1 173 3 3
380787 1 173 3 2
335791 1 173 3 1
194401 1 173 3 0
194341 1 173 3 2
536486 1 173 2 3
516841 1 173 2 1
436342 1 173 2 2
394513 1 173 2 4
244823 1 173 2 1
211464 1 173 2 1
93240 1 173 2 1
36033 1 173 2 1
399626 1 173 1 3
76095 1 173 1 1
75144 1 173 1 1
36034 0 173 3 1
36036 0 173 3 1
75142 0 173 4 1
75143 0 173 3 1
75145 0 173 3 1
76096 0 173 3 1
76097 0 173 3 1
194335 1 173 3 1
194342 0 173 3 2
194343 0 173 3 2
244826 0 173 3 1
344764 1 173 3 1
380788 0 173 3 2
394512 0 173 3 4
428522 0 173 3 3
536484 0 173 3 3
337421 1 174 4 2
95438 1 174 4 1
448299 1 174 3 3
328635 1 174 3 3
194426 1 174 3 1
193657 1 174 3 1
193514 1 174 3 1
116719 1 174 3 2
414859 1 174 2 3
380998 1 174 2 1
368828 1 174 2 3
363394 1 174 2 1
344874 1 174 2 3
336731 1 174 2 1
335961 1 174 2 1
322088 1 174 2 3
95215 1 174 2 0
94851 1 174 2 0
76411 1 174 2 1
75733 1 174 2 1
37193 1 174 2 1
13793 1 174 2 1
37196 0 174 3 1
75146 0 174 3 0
95217 0 174 3 0
194427 0 174 3 1
211463 1 174 3 1
211465 1 174 3 1
211466 1 174 3 1
322084 0 174 3 3
322085 0 174 3 3
335790 1 174 3 1
335792 1 174 3 1
335794 1 174 4 1
335795 1 174 3 1
344871 0 174 3 3
344872 0 174 3 3
363393 0 174 3 1
363395 0 174 3 1
381000 0 174 3 1
414858 0 174 3 3
344763 1 175 4 3
194336 1 175 4 1
76404 1 175 4 1
533161 1 175 3 1
419596 1 175 3 1
345448 1 175 3 1
345276 1 175 3 1
521615 1 175 2 2
488430 1 175 2 3
379831 1 175 2 4
336886 1 175 2 1
244581 1 175 2 3
193908 1 175 2 1
174030 1 175 2 2
95216 1 175 2 1
93238 1 175 2 1
539438 1 175 1 2
344995 1 175 1 3
93239 0 175 3 1
93241 0 175 3 1
93242 0 175 3 1
95442 1 175 3 1
174028 0 175 3 2
193909 0 175 3 1
244582 0 175 3 3
335790 0 175 3 3
335792 0 175 3 3
337422 1 175 3 2
345450 0 175 3 1
448296 1 175 3 3
521614 0 175 3 2
539436 0 175 3 2
539437 0 175 3 2
516842 0 176 5 0
515606 1 176 3 2
345782 1 176 3 3
335362 1 176 3 2
313843 1 176 3 3
272109 1 176 3 3
193558 1 176 2 1
95221 1 176 2 3
159002 1 176 1 2
96146 1 176 1 3
96144 0 176 3 3
96145 0 176 3 3
96147 0 176 3 3
193561 0 176 3 1
272106 0 176 3 3
335359 0 176 3 2
335361 0 176 3 2
344762 1 176 3 3
515603 0 176 3 2
516838 0 176 3 3
516840 0 176 3 3
516841 0 176 3 3
75275 1 177 3 2
15111 1 177 3 1
560832 1 177 2 3
516847 1 177 2 3
336142 1 177 2 1
274937 1 177 2 2
211814 1 177 2 1
75625 1 177 2 1
476204 1 177 1 3
348436 1 177 1 3
75274 0 177 3 2
75624 0 177 3 1
211815 0 177 3 1
336139 0 177 3 1
348435 0 177 3 3
516844 0 177 3 3
516845 0 177 3 3
336729 1 178 4 0
113355 1 178 4 3
345277 1 178 3 4
336700 1 178 3 1
234518 1 178 3 3
193239 1 178 3 3
95629 1 178 3 1
75801 1 178 3 1
48973 1 178 3 3
539360 1 178 2 1
345261 1 178 2 3
194422 1 178 2 3
95976 1 178 2 3
95569 1 178 2 4
95264 1 178 2 1
95218 1 178 2 3
516837 1 178 1 0
412309 1 178 1 3
75799 0 178 3 1
75800 0 178 3 1
75802 0 178 3 1
75804 0 178 3 1
95631 0 178 3 1
193238 0 178 3 3
194423 0 178 3 3
234517 0 178 3 3
274938 1 178 3 2
274939 1 178 3 2
345260 0 178 3 3
516838 0 178 3 0
516840 0 178 3 0
516843 0 178 3 0
539359 0 178 3 1
560980 1 179 3 4
540182 1 179 3 3
516878 1 179 3 1
336140 0 179 5 3
193618 1 179 3 1
516483 1 179 2 1
336132 1 179 2 3
330356 1 179 2 3
278352 1 179 2 3
273490 1 179 2 4
75917 1 179 2 1
75542 1 179 2 2
337422 1 179 1 3
193910 1 179 1 1
75916 0 179 3 1
75918 0 179 3 1
75919 0 179 3 1
75920 0 179 3 1
330354 0 179 3 3
336730 1 179 3 0
516880 0 179 3 1
517067 1 180 3 1
193639 1 180 3 1
193433 1 180 3 1
435145 1 180 2 3
335991 1 180 2 1
273993 1 180 2 3
194104 1 180 2 3
331802 1 180 1 3
193617 1 180 3 1
194101 0 180 3 3
335993 0 180 3 1
525553 0 181 13 3
440560 0 181 13 3
418405 1 181 4 3
418418 1 181 3 3
249042 0 181 5 0
193666 1 181 3 1
345458 1 181 2 1
345237 1 181 2 1
336144 0 181 4 1
313276 1 181 2 3
236332 1 181 2 4
193437 1 181 2 1
120092 1 181 2 1
95220 1 181 2 3
95097 1 181 2 2
93242 1 181 2 3
13446 1 181 2 1
539359 1 181 1 1
539324 1 181 1 1
93239 0 181 3 3
93240 0 181 3 3
95217 0 181 3 3
193432 1 181 5 1
193434 1 181 3 1
193435 0 181 3 1
249041 0 181 3 3
313274 0 181 3 3
336141 0 181 4 3
345238 0 181 3 1
345459 0 181 3 1
345461 0 181 3 1
517070 1 181 3 1
539323 0 181 3 1
531494 1 182 3 1
331798 1 182 3 1
233132 1 182 3 3
95487 1 182 3 1
540100 1 182 2 3
539357 1 182 2 1
449478 1 182 2 3
336882 1 182 2 2
76355 1 182 2 1
76356 0 182 3 1
95491 0 182 3 1
193668 1 182 3 1
331800 0 182 3 1
336139 0 182 3 1
336140 0 182 3 1
336142 0 182 3 1
525548 1 182 3 3
525549 1 182 3 3
525550 1 182 3 3
531496 0 182 3 1
539359 0 182 3 1
539360 0 182 3 1
540097 0 182 3 3
540099 0 182 3 3
540508 1 183 3 3
533160 1 183 3 1
515453 1 183 3 1
336699 1 183 3 1
193873 1 183 3 1
93876 1 183 3 2
249040 1 183 2 0
237425 1 183 2 3
194368 1 183 2 1
193340 1 183 2 1
345259 1 183 1 3
190590 1 183 1 3
93874 0 183 3 2
93875 0 183 3 2
190589 0 183 3 3
193341 0 183 3 1
193656 0 183 3 2
193876 0 183 3 1
194367 0 183 3 1
237424 0 183 3 3
249041 0 183 3 0
44081 1 184 4 3
540558 1 184 3 1
515551 1 184 3 0
344285 1 184 3 1
236327 1 184 3 3
194659 1 184 3 1
193328 1 184 3 1
553435 1 184 2 3
539322 1 184 2 1
516140 1 184 2 1
490397 1 184 2 3
336885 1 184 2 3
332546 1 184 2 3
75804 1 184 2 3
507222 1 184 1 3
15110 1 184 1 3
75800 0 184 3 3
75801 0 184 3 3
75803 0 184 3 3
193327 0 184 3 1
193330 0 184 3 1
193331 0 184 3 1
193332 0 184 3 1
332545 0 184 3 3
336884 0 184 3 3
507220 0 184 3 3
533157 1 184 3 1
533158 1 184 3 1
533161 1 184 3 1
539324 0 184 3 1
539325 0 184 3 1
553434 0 184 3 3
532204 1 185 4 1
540557 1 185 3 0
538778 1 185 3 3
516146 1 185 3 1
338025 1 185 3 4
335994 1 185 3 3
210181 1 185 3 1
95653 1 185 3 1
75352 1 185 3 4
540089 1 185 2 3
216612 1 185 2 3
199333 1 185 2 3
3942 1 185 2 1
210180 0 185 3 1
216610 0 185 3 3
216613 0 185 3 3
490395 1 185 3 3
516143 0 185 3 1
516148 0 185 3 1
538777 0 185 3 3
531440 1 186 4 1
540778 1 186 3 1
539617 1 186 3 1
193630 1 186 3 1
193345 1 186 3 3
95530 1 186 3 3
515446 1 186 2 3
233131 1 186 2 3
233128 1 186 2 3
90796 1 186 2 3
3948 0 186 4 1
540780 1 186 1 1
335597 1 186 1 1
193343 0 186 3 3
193346 0 186 3 3
193628 0 186 3 1
233125 0 186 3 3
233127 0 186 3 3
233130 0 186 3 3
532207 1 186 3 1
532208 1 186 4 1
539616 0 186 3 1
539619 0 186 3 1
539596 1 187 3 1
104333 1 187 3 3
4434 1 187 3 1
540777 1 187 2 1
516344 1 187 2 1
379651 0 187 4 1
331229 1 187 2 3
194005 1 187 2 2
193667 1 187 2 3
193203 1 187 2 1
76516 1 187 2 1
76257 1 187 2 3
4637 1 187 2 1
3947 1 187 2 1
540833 1 187 1 1
344528 1 187 1 1
337810 1 187 1 2
3945 0 187 3 1
3950 0 187 3 1
76515 0 187 3 1
95526 1 187 3 3
95527 1 187 3 3
95529 1 187 3 3
104331 0 187 3 3
193666 0 187 3 3
313895 0 187 3 1
337807 0 187 3 2
344530 0 187 3 1
531439 1 187 3 1
540776 0 187 3 1
540779 0 187 3 1
540780 0 187 3 1
540782 0 187 3 1
540776 1 187 3 1
540832 0 187 3 1
540483 1 188 3 1
379652 1 188 3 1
71068 1 188 3 1
555192 1 188 2 3
540639 1 188 2 1
516938 1 188 2 2
380929 1 188 2 1
345801 1 188 2 1
336228 1 188 2 1
236495 1 188 2 3
199144 1 188 2 3
234182 1 188 1 3
194106 1 188 1 1
95039 1 188 1 1
71067 0 188 3 1
71069 0 188 3 1
71071 0 188 3 1
95041 0 188 3 1
193206 1 188 3 1
379650 0 188 3 1
379653 0 188 3 1
379654 0 188 3 1
540643 0 188 3 1
539599 1 189 4 3
313893 1 189 4 1
193629 1 189 4 1
95528 1 189 4 2
539597 1 189 3 1
380820 1 189 3 2
233130 1 189 3 0
94608 1 189 3 1
357347 1 189 2 3
194394 1 189 2 1
367065 1 189 1 3
194395 0 189 3 1
336232 1 189 3 1
357344 0 189 3 3
357348 0 189 3 3
367061 0 189 3 3
367062 0 189 3 3
367064 0 189 3 3
540485 1 189 3 1
345257 1 190 4 1
95037 1 190 4 3
459510 1 190 3 3
331228 1 190 3 3
539644 1 190 2 1
516145 1 190 2 1
515669 1 190 2 4
380597 1 190 2 1
335240 1 190 2 1
476431 1 190 1 3
193628 1 190 3 1
193631 1 190 3 1
233131 1 190 3 0
331226 0 190 3 3
331230 0 190 3 3
344331 0 190 3 3
344333 0 190 3 3
344334 0 190 3 3
344335 0 190 3 3
380598 0 190 3 1
515668 0 190 3 4
539596 1 190 3 3
539646 0 190 3 1
95526 1 191 4 0
533092 1 191 3 1
400542 1 191 3 2
314779 1 191 3 1
69564 1 191 3 1
539323 1 191 2 1
516142 1 191 3 1
345396 1 191 2 1
344505 1 191 2 1
335472 1 191 2 1
313896 1 191 2 3
193307 1 191 2 1
75407 1 191 2 1
539318 1 191 1 3
497182 1 191 1 2
104330 1 191 1 1
95038 1 191 1 3
76596 1 191 1 1
104333 0 191 3 1
193306 0 191 5 1
193308 0 191 3 1
335473 0 191 3 1
344507 0 191 3 1
345256 1 191 3 1
345258 1 191 3 1
345259 1 191 3 1
345260 1 191 3 1
345395 0 191 3 1
345398 0 191 3 1
345399 0 191 3 1
400544 0 191 3 2
497181 0 191 3 2
516143 1 191 3 1
516147 1 191 3 1
379741 1 192 4 1
314212 1 192 4 1
539491 1 192 3 3
75947 1 192 3 1
540891 1 192 2 1
540765 1 192 2 1
516117 1 192 2 2
476432 1 192 2 4
380090 1 192 2 1
345418 1 192 2 1
344817 1 192 2 1
313995 1 192 2 3
4033 1 192 2 1
516940 1 192 1 3
449146 1 192 1 1
216610 1 192 1 1
4170 1 192 1 1
4034 0 192 3 1
4171 0 192 3 1
4172 0 192 3 1
75946 0 192 3 1
75948 0 192 3 1
95527 1 192 3 0
95529 1 192 3 0
95530 1 192 3 0
193309 1 192 3 1
216613 0 192 3 1
313994 0 192 3 3
313996 0 192 3 3
344819 0 192 3 1
345416 0 192 3 1
345417 0 192 3 1
345420 0 192 3 1
380091 0 192 3 1
380093 0 192 3 1
449148 0 192 3 1
449149 0 192 3 1
516118 0 192 3 2
516144 1 192 3 0
516938 0 192 3 3
516939 0 192 3 3
533093 1 192 3 1
533095 1 192 3 1
533097 1 192 3 1
539322 1 192 3 1
539325 1 192 3 1
539326 1 192 4 1
539489 0 192 3 3
540764 0 192 3 1
540890 0 192 3 1
532205 1 193 3 1
193484 1 193 3 3
540767 1 193 2 3
539766 1 193 2 1
539473 1 193 2 1
531438 1 193 2 1
515972 1 193 2 4
314266 1 193 2 3
184126 1 193 2 3
20653 1 193 2 2
4581 1 193 2 2
531442 0 193 3 1
71067 1 193 1 1
4235 1 193 1 1
4236 0 193 3 1
20655 0 193 3 2
71069 0 193 3 1
71071 0 193 3 1
314211 1 193 3 1
314214 1 193 3 1
314215 1 193 3 1
379742 1 193 3 1
379743 1 193 3 1
531440 0 193 3 1
531441 0 193 3 3
539768 0 193 4 1
539771 0 193 3 1
540764 0 193 3 3
345086 1 194 3 1
96032 1 194 3 3
540893 1 194 2 3
343415 1 194 2 3
336176 1 194 2 1
331230 1 194 2 3
100292 1 194 2 2
540611 1 194 1 1
380930 1 194 1 3
357343 1 194 1 0
193523 1 194 1 4
104329 1 194 1 1
94932 1 194 1 4
93917 1 194 1 1
81165 1 194 1 4
71072 0 194 3 3
93920 0 194 3 1
100293 0 194 3 2
104331 0 194 3 1
104332 0 194 3 1
193521 0 194 3 4
331225 0 194 3 3
331226 0 194 3 3
336175 0 194 3 1
336178 0 194 3 1
345087 0 194 3 1
357347 0 194 3 0
380090 0 194 3 1
380928 0 194 3 3
380929 0 194 3 3
532204 1 194 3 1
532207 1 194 3 1
532208 1 194 3 1
539323 1 194 3 3
539325 1 194 3 3
540612 0 194 3 1
540894 0 194 3 3
517080 0 195 8 0
380089 0 195 13 3
71070 1 195 4 1
5506 1 195 4 1
379745 1 195 3 2
5289 1 195 3 1
561774 1 195 2 3
532953 1 195 2 1
515450 1 195 2 1
194438 1 195 2 1
109948 1 195 2 3
76838 1 195 2 0
71042 1 195 2 1
4237 1 195 2 1
344268 1 195 1 1
104325 1 195 1 3
4234 0 195 3 1
71044 0 195 3 1
194439 0 195 3 1
515449 0 195 3 1
515452 0 195 3 1
531439 0 195 3 3
539766 1 195 3 1
539767 1 195 4 1
539770 1 195 3 1
96104 1 196 4 0
539765 1 196 3 0
540781 1 196 2 3
81164 1 196 2 3
75980 1 196 2 4
5389 1 196 2 3
249223 1 196 1 3
223369 1 196 1 3
71068 1 196 3 1
71069 1 196 3 1
76840 1 196 3 0
331227 0 196 3 1
331229 0 196 3 1
380087 1 196 3 3
380088 1 196 3 3
517082 1 196 3 0
539766 0 196 3 0
539768 0 196 3 0
539769 0 196 3 0
539771 0 196 3 0
539766 0 196 3 1
539770 0 196 3 1
539276 1 197 3 1
439857 1 197 3 3
345087 1 197 3 3
313993 1 197 3 0
540326 1 197 2 1
532431 1 197 2 1
515384 1 197 2 4
193483 1 197 2 1
104653 1 197 2 1
21968 1 197 2 3
516141 1 197 1 3
272673 1 197 1 3
4237 0 197 3 0
193484 0 197 3 1
193485 0 197 3 1
272670 0 197 3 3
272671 0 197 3 3
345086 0 197 3 3
516140 0 197 3 3
532432 0 197 3 1
539278 0 197 3 1
540323 0 197 3 1
540324 0 197 3 1
540327 0 197 3 1
540328 0 197 3 1
540776 1 197 3 3
540777 1 197 3 3
540780 1 197 3 3
517241 1 198 3 0
515451 1 198 3 2
345479 1 198 3 1
310059 1 198 3 3
247092 1 198 3 3
143157 1 198 3 3
70974 1 198 3 1
539937 1 198 2 1
400543 1 198 2 3
344714 1 198 2 1
540683 1 198 1 3
539185 1 198 1 1
216261 1 198 1 3
194437 1 198 1 0
143154 0 198 3 3
143156 0 198 3 3
194439 0 198 3 0
194441 0 198 3 0
216262 0 198 3 3
313996 1 198 3 0
344715 0 198 3 1
517243 0 198 3 0
517244 0 198 3 0
539188 0 198 3 1
465009 1 199 4 2
105180 1 199 4 1
539898 1 199 3 3
501359 1 199 3 2
539948 1 199 2 3
344462 1 199 2 3
220144 1 199 2 3
76828 1 199 2 4
76745 1 199 2 1
5136 1 199 2 1
194071 1 199 1 3
69565 1 199 1 1
76744 0 199 3 1
76826 0 199 3 4
194070 0 199 3 3
194072 0 199 3 3
344459 0 199 3 3
344460 0 199 3 3
539944 0 199 3 3
194362 1 200 3 1
88536 1 200 3 3
4722 1 200 5 1
344706 1 200 2 1
313998 1 200 2 3
5390 1 200 2 4
4723 1 200 2 1
336173 1 200 1 1
3880 1 200 1 2
4724 0 200 4 1
4726 0 200 3 1
105179 1 200 3 1
105182 1 200 3 1
105183 1 200 3 1
105184 1 200 3 1
313997 0 200 3 3
336177 0 200 3 1
465010 1 200 3 2
70801 1 201 4 1
4725 1 201 4 1
540368 1 201 3 3
335623 1 201 3 1
127359 1 201 3 3
104190 1 201 3 1
4605 1 201 3 1
532400 1 201 2 1
345430 1 201 2 3
339213 1 201 2 3
335529 1 201 2 1
105633 1 201 2 1
5461 1 201 2 1
5463 0 201 3 1
104192 0 201 3 1
104193 0 201 3 1
127357 0 201 3 3
335528 0 201 3 1
335530 0 201 3 1
335622 0 201 3 1
335625 0 201 3 1
345428 0 201 3 3
336678 1 202 4 1
193248 1 202 4 1
533116 1 202 3 1
344738 1 202 3 1
335457 1 202 3 1
194364 1 202 3 1
547341 1 202 2 3
540151 1 202 2 1
539189 1 202 2 2
222794 1 202 2 3
87812 1 202 2 3
4604 1 202 3 1
4723 1 202 3 1
4724 1 202 3 1
4728 1 202 3 1
87808 0 202 3 3
87809 0 202 3 3
87810 0 202 3 3
87811 0 202 3 3
335458 0 202 3 1
339212 1 202 3 3
533117 0 202 3 1
533118 0 202 3 1
533119 0 202 3 1
547340 0 202 3 3
532908 1 203 3 3
517244 1 203 3 3
514098 1 203 3 2
193471 1 203 3 1
106104 1 203 3 1
5089 1 203 3 2
4726 1 203 3 1
539899 1 203 2 3
481055 1 203 2 3
344461 1 203 2 3
344459 1 203 2 0
220149 1 203 2 3
104188 1 203 2 0
4026 1 203 2 1
345481 1 203 1 3
4029 0 203 3 1
193247 1 203 3 1
193249 1 203 3 1
344740 1 203 3 1
345479 0 203 3 3
517241 0 203 3 3
539900 0 203 3 3
336528 1 204 3 3
105838 1 204 3 0
9390 1 204 3 3
444022 1 204 2 2
336226 1 204 2 3
217405 1 204 2 3
89313 1 204 2 4
4603 1 204 2 1
4588 1 204 2 1
539606 1 204 1 3
382212 1 204 1 3
335530 1 204 1 2
194315 1 204 1 3
4587 0 204 3 1
4604 0 204 4 1
4607 0 204 3 1
4723 1 204 3 1
4724 1 204 3 1
9385 0 204 3 3
9389 0 204 3 3
104191 1 204 3 0
194312 0 204 3 3
194313 0 204 3 3
217406 0 204 3 3
336527 0 204 3 3
444024 0 204 3 2
481054 1 204 3 3
539607 0 204 3 3
222274 1 205 3 3
4431 1 205 3 1
230 1 205 3 3
106064 1 205 2 1
104672 1 205 2 4
4504 1 205 2 1
4399 1 205 2 1
4027 1 205 2 1
453902 1 205 1 3
105040 1 205 1 1
4028 0 205 3 1
4505 0 205 3 1
4507 0 205 3 1
105042 0 205 3 1
105840 1 205 3 0
222272 0 205 3 3
453897 0 205 3 3
539899 0 205 3 4
344992 1 206 4 1
194063 1 206 3 1
104529 1 206 3 1
539776 1 206 2 1
105835 1 206 2 1
4401 1 206 2 3
76746 1 206 1 3
76745 0 206 3 3
104530 0 206 3 1
105836 0 206 3 1
106063 1 206 3 1
106065 1 206 3 1
539779 0 206 3 1
4667 0 207 13 4
335882 1 207 3 1
345032 1 207 2 4
194299 1 207 2 4
128424 1 207 2 3
106067 1 207 2 3
485587 1 207 1 3
381226 1 207 1 4
217106 1 207 1 3
194116 1 207 1 1
52380 1 207 1 3
5464 1 207 1 3
5462 0 207 3 3
106068 0 207 3 3
128423 0 207 3 3
194117 0 207 3 1
194300 0 207 3 4
217104 0 207 3 3
335883 0 207 3 1
335884 0 207 3 1
344991 1 207 3 1
485584 0 207 3 3
222277 0 208 13 4
76747 0 208 13 3
336204 1 208 4 4
105839 1 208 3 1
104925 1 208 3 1
52378 1 208 3 3
4387 1 208 3 3
481056 1 208 2 3
106176 1 208 2 1
104507 1 208 1 1
4388 0 208 3 3
52374 0 208 3 3
52376 0 208 3 3
104508 0 208 3 1
104511 0 208 3 1
105838 0 208 3 1
105841 0 208 3 1
106177 0 208 3 1
106179 0 208 3 1
481055 0 208 3 3
558449 1 209 3 2
453074 1 209 3 1
336260 1 209 3 1
335262 1 209 3 2
310009 0 209 5 0
106294 1 209 2 1
5384 1 209 2 1
5361 1 209 2 1
310011 1 209 1 3
5360 0 209 3 1
76744 1 209 3 3
310012 0 209 3 1
310008 0 209 3 3
310012 0 209 3 3
336203 1 209 3 4
336259 0 209 3 1
336263 0 209 3 1
336325 1 210 3 3
4652 1 210 3 2
4502 1 210 3 3
194473 1 210 2 1
106178 1 210 2 3
4749 1 210 2 1
4103 1 210 2 1
3690 1 210 2 0
52381 1 210 1 3
4501 0 210 3 3
4747 0 210 3 1
4750 0 210 3 1
52380 0 210 3 3
106179 0 210 3 3
336324 0 210 3 3
504597 1 211 3 3
454547 1 211 3 1
105957 1 211 3 1
105366 1 211 3 1
5168 1 211 3 3
5009 1 211 3 1
4657 1 211 3 3
4105 1 211 3 2
481054 1 211 2 1
3728 1 211 2 1
104271 1 211 1 3
5382 1 211 1 3
3727 0 211 3 1
5012 0 211 3 1
104270 0 211 3 3
104272 0 211 3 3
310012 0 211 3 0
5383 0 212 8 0
2146 1 212 4 1
453507 1 212 3 1
336268 1 212 3 3
52377 1 212 3 1
5476 1 212 3 4
4496 1 212 3 3
558643 1 212 2 4
558169 1 212 2 4
393567 1 212 2 3
309830 1 212 2 0
222178 1 212 2 3
106142 1 212 2 1
4799 1 212 2 1
4692 1 212 2 1
4594 1 212 2 1
3897 1 212 2 2
3788 1 212 2 3
193703 1 212 1 3
105553 1 212 1 3
105014 1 212 1 1
4497 0 212 3 3
4595 0 212 3 1
4690 0 212 3 1
4801 0 212 3 1
52374 0 212 3 1
52375 0 212 3 1
52376 0 212 3 1
105015 0 212 3 1
105367 1 212 3 1
106141 0 212 3 1
393568 0 212 3 3
558642 0 212 3 4
634 1 213 4 3
336329 1 213 3 2
104787 1 213 3 1
5027 1 213 3 1
4907 1 213 3 1
4282 1 213 3 1
3910 1 213 3 0
1821 1 213 3 1
461765 1 213 2 2
3692 1 213 2 1
228 1 213 2 1
344822 1 213 1 3
336510 1 213 1 1
4612 1 213 1 1
227 0 213 3 1
229 0 213 3 1
1823 0 213 3 1
2147 1 213 3 1
2149 1 213 3 1
3911 0 213 3 0
4280 0 213 3 1
4281 0 213 3 1
4613 0 213 3 1
4749 0 213 3 1
4751 0 213 3 1
5028 0 213 3 1
104786 0 213 3 1
104789 0 213 3 1
344821 0 213 3 3
344823 0 213 3 3
453510 1 213 3 1
3896 1 214 4 0
105804 1 214 3 3
5014 1 214 3 3
4611 1 214 3 0
4587 1 214 3 0
454548 1 214 2 1
410318 1 214 2 3
335885 1 214 2 4
193701 1 214 2 3
106208 1 214 2 1
4784 1 214 2 1
4074 1 214 2 3
3025 1 214 2 1
105151 1 214 1 4
5013 1 214 1 1
4689 1 214 1 0
4075 1 214 1 1
3776 1 214 1 2
631 1 214 3 3
635 1 214 3 3
3026 0 214 3 1
3690 1 214 3 1
3691 1 214 3 1
3693 1 214 3 1
3694 1 214 3 1
4072 0 214 3 3
4077 0 214 3 1
4078 0 214 3 1
4690 0 214 3 0
4693 0 214 3 0
5009 0 214 3 1
5011 0 214 3 1
5012 0 214 3 1
105150 0 214 3 4
105803 0 214 3 3
105805 0 214 3 3
193700 0 214 3 3
193702 0 214 3 3
410319 0 214 3 3
453362 1 215 3 1
105368 1 215 3 3
4910 1 215 3 3
194125 1 215 2 0
104178 1 215 2 1
5029 1 215 2 3
523661 1 215 1 3
4325 1 215 1 1
3730 1 215 1 3
1127 1 215 1 1
1129 0 215 3 1
3695 0 215 3 1
3728 0 215 3 3
4327 0 215 3 1
4588 1 215 3 0
4613 1 215 3 0
5028 0 215 3 3
104177 0 215 3 1
104179 0 215 3 1
194126 0 215 3 0
194128 0 215 3 0
194129 0 215 3 0
194130 0 215 3 0
4413 1 216 3 1
454658 1 216 2 3
453776 1 216 2 3
344823 1 216 2 3
209329 1 216 2 3
144107 1 216 2 3
5343 1 216 2 3
1822 1 216 2 2
910 1 216 2 3
165564 1 216 1 3
907 0 216 3 3
908 0 216 3 3
909 0 216 3 3
911 0 216 3 3
4694 0 216 3 3
5342 0 216 3 3
165561 0 216 3 3
165562 0 216 3 3
209327 0 216 3 3
344822 0 216 3 3
453773 0 216 3 3
389269 1 217 4 3
104354 1 217 4 4
4602 1 217 3 3
2880 1 217 3 1
528359 1 217 2 3
349513 1 217 2 3
335398 1 217 2 1
106134 1 217 2 1
4614 1 217 2 3
1843 1 217 2 2
231 1 217 2 1
4328 0 217 3 1
4689 1 217 3 1
4692 1 217 3 1
4693 1 217 3 1
5504 0 217 3 1
5507 0 217 3 1
106136 0 217 3 1
106137 0 217 3 1
105576 1 218 4 1
453577 1 218 3 0
631 1 218 3 1
482131 1 218 2 1
482012 1 218 2 1
194476 1 218 2 3
105472 1 218 2 1
4719 1 218 2 1
1978 1 218 2 3
239 1 218 2 3
453365 1 218 1 3
4846 1 218 1 1
4721 1 218 1 3
3731 1 218 1 1
229 1 218 1 3
5505 1 218 0 1
1976 0 218 3 3
2881 1 218 3 1
2882 1 218 3 1
3732 0 218 3 1
3734 0 218 3 1
3737 0 218 3 1
4720 0 218 3 1
4717 0 218 3 3
4845 0 218 3 1
4849 0 218 3 1
104352 1 218 3 4
104353 1 218 3 4
453364 0 218 3 3
482133 0 218 3 1
105367 1 219 4 1
105432 1 219 3 4
5114 1 219 3 1
4809 1 219 3 3
209708 1 219 2 3
104310 1 219 2 3
4414 1 219 2 1
482656 1 219 1 3
218918 1 219 1 3
4616 1 219 1 3
4617 0 219 3 3
4810 0 219 3 3
105575 1 219 3 1
105578 1 219 3 1
194477 1 219 3 3
209707 0 219 3 3
482650 0 219 3 3
482653 0 219 3 3
482654 0 219 3 3
4787 1 220 2 0
4415 1 220 2 1
3097 1 220 2 1
1163 1 220 2 4
653 1 220 2 3
5021 1 220 1 2
652 0 220 3 3
4417 0 220 3 1
4788 0 220 3 0
4790 0 220 3 0
4791 0 220 3 0
5020 0 220 3 2
5115 1 220 3 1
5117 1 220 3 1
105366 1 220 3 1
482135 0 220 3 1
4241 1 221 3 3
4057 1 221 3 1
70144 1 221 2 2
3770 1 221 2 1
1444 1 221 2 1
540845 1 221 1 3
481987 1 221 1 1
148533 1 221 1 3
4797 1 221 1 3
1446 0 221 3 1
1447 0 221 4 1
4058 0 221 3 1
4795 0 221 3 3
70145 0 221 3 2
70146 0 221 3 2
481989 0 221 3 1
106007 1 222 3 1
3821 1 222 3 3
481694 1 222 2 3
298395 1 222 2 3
11699 1 222 2 3
481689 0 222 3 3
3829 1 223 3 0
3664 1 223 3 1
106005 1 223 2 3
4801 1 223 2 2
4243 1 223 2 4
914 1 223 2 2
296933 1 223 1 2
106304 1 223 1 2
1201 1 223 1 3
913 0 223 3 2
1200 0 223 3 3
1203 0 223 3 3
1445 1 223 3 3
3663 0 223 3 1
3666 0 223 3 1
106006 1 223 3 1
106009 1 223 3 1
106010 1 223 3 1
482362 1 224 3 1
4796 1 224 3 3
3823 1 224 3 4
4748 1 224 2 1
481833 1 224 1 1
453860 1 224 1 3
3901 1 224 1 1
3822 0 224 3 4
3830 1 224 3 0
3902 0 224 3 1
4749 0 224 3 1
4795 0 224 3 3
481832 0 224 3 1
482364 0 224 3 1
4458 1 225 3 3
1271 1 225 3 1
106286 1 225 2 1
316435 1 225 1 3
5410 1 225 1 4
1272 0 225 3 1
1274 0 225 3 1
1446 0 225 3 1
1678 0 225 3 1
1680 0 225 3 1
106283 0 225 3 1
106285 0 225 3 1
106287 0 225 3 1
106289 0 225 3 1
316436 0 225 3 3
481914 1 226 3 1
4847 1 226 3 1
2560 1 226 3 2
538602 1 226 2 3
94070 1 226 2 3
11710 1 226 1 0
4849 0 226 3 1
4850 0 226 3 1
94069 0 226 3 3
481832 1 227 2 1
422918 1 227 2 3
12200 1 227 2 3
4109 1 227 2 1
2703 1 227 1 4
2558 1 227 3 2
2559 1 227 3 2
2702 0 227 3 4
481833 0 227 3 1
482491 1 228 3 2
106285 1 228 3 1
105788 1 228 3 1
105728 1 228 3 4
106004 1 228 2 3
3902 1 228 2 3
477222 1 228 1 3
3901 0 228 3 3
105791 0 228 3 1
106283 0 228 3 1
106287 0 228 3 1
482487 0 228 3 2
482490 0 228 3 2
481686 1 229 2 1
4551 1 229 2 4
1837 1 229 2 4
1681 1 229 1 3
4550 0 229 3 4
481685 0 229 3 1
12201 1 230 3 3
4548 1 230 3 1
214328 1 230 2 3
106312 1 230 2 3
538600 1 230 1 3
12200 0 230 3 3
538599 0 230 3 3
105743 1 231 3 2
31488 1 231 2 3
4281 1 231 2 1
4280 0 231 3 1
4547 1 231 3 1
4550 1 231 3 1
1180 1 232 2 1
1177 0 232 3 1
106214 1 233 3 3
866 1 233 3 1
532361 1 233 2 0
482224 1 233 2 3
1429 1 233 2 4
482222 0 233 3 3
482223 0 233 3 3
4421 1 234 3 1
4081 1 234 2 3
4010 1 234 1 3
868 1 234 3 1
4007 0 234 3 3
4082 0 234 3 3
532660 1 235 3 0
106283 1 235 3 1
105919 1 235 2 1
2378 1 235 2 2
416 1 235 2 1
105917 0 235 3 1
106284 0 235 3 1
532663 0 235 3 0
533808 1 236 3 3
1428 1 236 3 3
106215 1 236 2 3
737 1 236 2 1
1429 0 236 3 3
106214 0 236 3 3
533807 0 236 3 3
105210 1 237 4 1
104345 1 237 3 1
1487 1 237 3 1
105828 1 237 2 3
104362 0 237 3 1
104358 1 237 4 1
806 1 237 2 1
104347 0 237 3 1
104348 0 237 3 1
104359 0 237 3 1
104360 0 237 3 1
104361 0 237 3 1
104364 0 237 3 1
535178 1 238 3 4
105887 1 238 3 1
531948 1 238 2 1
531939 1 238 1 1
1270 1 238 1 1
1269 0 238 3 1
1273 0 238 3 1
1486 1 238 3 1
1488 1 238 3 1
104361 1 238 3 1
104363 1 238 3 1
104364 1 238 3 1
104537 0 238 3 3
104538 0 238 3 3
105213 1 238 3 1
531940 0 238 3 1
531942 0 238 3 1
531947 0 238 3 1
531951 0 238 3 1
531952 0 238 3 1
532659 0 239 31 0
104758 1 239 3 3
104245 1 239 3 1
532521 1 239 2 1
104920 1 239 1 3
104246 0 239 3 1
104919 0 239 3 3
104921 0 239 3 3
532523 0 239 3 1
532661 1 240 3 1
532187 1 240 3 1
104622 1 240 3 1
531665 1 240 2 1
413842 1 240 2 3
105918 1 240 2 1
2379 1 240 2 3
532054 1 240 1 0
441555 1 240 1 4
789 1 240 1 3
786 0 240 3 3
788 0 240 3 3
2377 0 240 3 3
104623 0 240 3 1
531666 0 240 3 1
532664 0 240 3 1
532592 1 241 3 1
532511 1 241 3 1
531416 1 241 2 1
105309 1 241 2 3
104597 1 241 2 1
104596 0 241 3 1
104598 0 241 3 1
105919 1 241 3 1
105921 1 241 3 1
531415 0 241 3 1
532189 1 241 3 1
532190 1 241 3 1
532191 1 241 3 1
532588 0 241 3 1
532591 0 241 4 1
105614 1 242 3 1
104919 1 242 3 1
104619 1 242 3 1
854 1 242 3 1
531520 1 242 2 1
234987 1 242 2 3
213068 1 242 2 3
179118 1 242 2 2
105860 1 242 2 3
212 1 242 2 3
247 1 242 1 1
210 0 242 3 3
211 0 242 3 3
852 0 242 3 1
856 0 242 3 1
104624 0 242 3 1
105616 0 242 3 1
105857 0 242 3 3
105861 0 242 3 3
179119 0 242 3 2
179120 0 242 3 2
179121 0 242 3 2
234989 0 242 3 3
531519 0 242 4 1
531522 0 242 3 1
531523 0 242 3 1
532589 0 242 3 1
532590 0 242 3 1
415532 1 243 1 2
415530 0 243 3 2
531523 0 243 3 1
819 1 244 4 1
531668 1 244 3 3
531667 1 244 2 3
524799 1 244 2 2
1208 0 244 3 1
524800 0 244 3 2
531665 0 244 3 3
531666 0 244 3 3
228732 1 245 2 3
106240 1 245 2 2
532663 1 245 1 3
816 1 245 3 1
817 1 245 3 1
106241 0 245 3 2
532662 0 245 3 3
1636 1 246 3 1
204 1 246 3 3
532804 1 246 2 4
104921 1 246 2 3
104599 1 246 2 1
372 1 246 2 1
47 1 246 2 1
532593 1 246 1 3
531855 1 246 1 3
105103 1 246 1 1
373 0 246 3 1
374 0 246 3 1
104604 0 246 3 1
104918 0 246 3 3
105102 0 246 4 1
531854 0 246 3 3
532588 0 246 3 3
532590 0 246 3 3
524801 0 247 4 3
104626 1 247 3 4
354383 1 247 2 3
105456 1 247 2 1
1115 1 247 2 1
104625 0 247 3 4
524800 0 247 4 3
106412 1 248 3 1
1333 1 248 3 1
820 1 248 3 3
710 1 248 3 4
818 1 248 1 1
371 0 248 3 3
816 0 248 3 1
1334 0 248 3 1
105104 1 248 3 1
105105 1 248 3 1
105457 1 248 3 1
294 1 249 3 1
143 1 249 3 1
187 1 249 1 2
184 1 249 1 4
185 0 249 3 2
296 0 249 3 1
532201 0 249 3 3
532203 0 249 3 3
901 0 250 13 4
312816 1 250 3 1
1306 1 250 3 1
439 1 250 3 1
105541 1 250 2 1
284 1 250 1 1
285 0 250 3 1
312817 1 251 3 1
1752 1 251 3 3
524842 1 251 2 3
421860 1 251 2 3
380908 1 251 2 3
5529 1 251 2 3
1005 1 251 2 1
30148 1 251 1 3
5528 0 251 3 3
30149 0 251 3 3
105540 1 251 3 1
105542 1 251 3 1
421856 0 251 3 3
421859 0 251 3 3
524843 0 251 3 3
535067 1 252 3 1
245021 1 252 3 3
1546 1 252 3 1
1548 0 252 3 1
245020 0 252 3 3
533500 1 253 4 1
275515 1 253 2 3
612 1 253 2 1
296 1 253 2 3
183 1 253 2 3
105105 1 253 1 3
105106 0 253 3 3
106331 1 254 3 1
1004 1 254 2 3
252 1 254 2 1
294 1 254 3 3
611 1 254 3 1
1001 0 254 3 3
106332 0 254 3 1
869 1 255 3 1
534074 1 255 2 2
5528 1 255 2 3
1553 1 255 2 1
441 1 255 1 3
438 0 255 3 3
440 0 255 3 3
1554 0 255 3 1
1557 0 255 3 1
132963 1 256 2 2
35162 1 256 2 3
1509 1 256 2 0
413 1 256 2 4
522281 1 256 1 3
105354 1 256 1 1
35161 0 256 3 3
533501 1 257 3 3
105370 1 257 3 1
255 1 257 3 3
312818 1 257 2 3
254 0 257 3 3
105371 0 257 3 1
309506 1 258 2 3
144144 1 258 2 3
1354 1 258 2 3
309505 0 258 3 3
533500 1 258 3 3
451 1 259 2 3
384 1 259 2 0
39927 1 261 3 2
1144 1 261 3 1
307523 1 261 2 3
1143 0 261 3 1
1147 0 261 3 1
39926 0 261 3 2
39928 0 261 3 2
307519 0 261 3 3
307522 0 261 3 3
1343 1 262 3 1
84960 1 262 2 3
84958 0 262 3 3
84959 0 262 3 3
1341 1 263 3 1
1628 1 266 2 1
1460 1 266 2 3
1458 0 266 3 3
1459 0 266 3 3
5153 1 269 4 4
1467 1 276 2 3
1464 1 277 3 0
1465 1 278 3 0
1467 1 278 3 0
456583 1 285 3 3
