18354 1 3 6 3 0
49054 1 2 6 3 0
84619 0 6 6 4 0
100586 1 2 6 1 0
102512 0 6 6 3 0
153270 0 6 6 3 0
214792 1 3 6 1 0
215309 0 6 6 4 1
228007 0 6 6 3 0
233713 1 4 6 3 1
247867 0 6 6 3 0
273694 0 6 6 2 0
281898 1 3 6 1 0
318361 1 3 6 1 0
356114 0 6 6 3 0
358992 0 6 6 3 0
382743 0 6 6 3 0
433029 1 3 6 4 1
499241 0 6 6 3 0
559326 1 4 6 0 0
228005 0 6 7 1 0
100589 1 3 8 3 0
273343 0 6 8 4 0
560291 0 6 8 4 1
84750 1 3 9 4 0
214794 0 6 9 3 1
228006 0 6 9 1 0
356119 1 2 9 2 0
19134 0 6 10 4 0
49052 0 6 10 0 0
229296 1 3 10 1 0
317986 1 4 10 1 0
229062 0 6 11 1 0
322522 0 6 12 2 0
227886 1 4 13 1 0
317642 0 6 13 3 0
356122 0 6 13 3 1
229021 0 6 15 1 0
325141 0 6 15 3 0
229955 1 3 16 1 0
468127 1 3 16 2 1
227890 0 6 17 3 0
229018 0 6 17 2 0
229381 0 6 18 1 0
229954 0 6 18 0 0
228510 1 4 19 1 0
228728 0 6 19 1 0
229308 1 2 19 1 0
468122 0 6 19 3 0
50033 0 6 20 3 0
331915 1 3 20 3 0
228518 1 4 21 1 0
228904 0 6 21 4 0
229309 0 6 21 3 0
229413 0 6 21 1 1
228524 0 6 22 1 0
228146 0 6 23 1 0
228672 1 2 23 1 0
229007 1 3 23 3 0
229201 0 6 23 1 0
228515 1 3 24 1 0
229502 1 4 24 3 0
228760 1 3 25 1 0
298384 0 6 25 2 0
227873 1 4 26 1 0
228673 1 2 26 3 0
228871 1 4 26 1 0
229986 1 4 26 1 0
491597 1 3 26 1 0
229504 0 6 27 4 1
229855 1 4 27 1 0
228763 0 6 28 3 0
228803 1 2 28 1 0
228977 1 4 28 1 0
229143 0 6 28 1 0
229221 1 2 28 1 0
229672 0 6 28 1 0
229909 0 6 28 1 0
229988 0 6 28 3 0
491516 1 5 28 1 0
228205 1 3 29 1 0
228761 0 6 29 1 0
435439 0 6 29 3 0
491115 1 5 29 1 0
491517 1 3 29 3 0
227885 0 6 30 1 0
228517 0 6 30 1 0
229854 0 6 30 1 0
229984 1 4 30 1 0
492715 1 2 30 1 0
227986 1 3 31 1 0
228400 1 4 31 1 0
228674 0 6 31 3 0
229699 1 3 31 1 0
229902 1 3 31 3 0
491116 1 4 31 2 0
227907 0 6 32 3 0
228248 0 6 32 4 1
229609 0 6 32 1 0
491584 1 2 32 1 0
527269 1 2 32 3 0
227888 1 3 33 1 0
229053 1 3 33 4 0
229858 1 3 33 3 0
491119 0 6 33 1 0
227979 0 6 34 2 0
227990 1 3 34 3 0
228032 0 6 34 1 0
228085 1 2 34 1 0
228624 1 4 34 1 0
229865 1 5 34 3 0
527243 0 6 34 4 1
540358 1 2 34 3 0
228823 0 6 35 1 0
229158 1 2 35 1 0
491097 0 6 35 1 0
540352 1 5 35 3 0
540353 1 2 35 1 0
180819 1 4 36 3 0
227985 0 6 36 3 0
229045 0 6 36 1 1
491352 0 6 36 1 0
491587 0 6 36 3 0
492941 1 5 36 1 0
155779 1 3 37 3 1
162689 1 3 37 3 0
228623 1 2 37 1 0
228825 1 3 37 1 0
229060 0 6 37 3 0
229546 0 6 37 1 0
229856 1 2 37 2 0
229864 1 3 37 3 0
492332 1 3 37 1 0
60846 1 3 38 2 0
228086 0 6 38 3 0
228551 0 6 38 3 0
229046 0 6 38 1 0
491350 1 4 38 0 0
491705 0 6 38 1 0
540356 0 6 38 1 0
227949 1 4 39 1 0
228377 1 5 39 1 0
228619 1 3 39 1 0
228642 1 4 39 1 0
228824 0 6 39 1 0
229340 0 6 39 1 0
229849 0 6 39 1 0
229867 0 6 39 1 0
491706 1 5 39 1 0
228030 1 4 40 3 0
323097 0 6 40 3 0
491402 1 2 40 4 0
492272 1 3 40 1 0
492472 0 6 40 1 0
540357 1 3 40 3 0
155778 0 6 41 1 0
228184 1 3 41 1 0
228620 1 4 41 2 0
229647 0 6 41 1 1
491340 1 3 41 1 0
491411 1 4 41 1 0
492330 0 6 41 1 0
540355 0 6 41 1 0
227951 0 6 42 3 0
228185 0 6 42 3 0
228573 0 6 42 1 0
228618 0 6 42 0 0
228621 0 6 42 3 1
228643 0 6 42 3 0
228908 1 2 42 1 0
229829 0 6 42 1 0
229888 0 6 42 1 0
264969 1 2 42 3 0
491346 1 4 42 1 0
491679 0 6 42 1 1
492478 1 2 42 0 0
228796 1 4 43 1 0
491075 0 6 43 1 0
491369 1 4 43 0 0
492273 1 2 43 2 0
539919 1 4 43 1 0
204718 0 6 44 2 0
227948 1 4 44 1 0
228549 1 3 44 1 0
228910 0 6 44 1 0
228913 0 6 44 3 0
229088 1 3 44 1 0
229390 1 3 44 1 0
229564 1 4 44 1 0
229646 1 3 44 1 0
229851 0 6 44 3 0
264970 1 3 44 3 0
491250 1 4 44 3 0
491616 0 6 44 1 0
492030 1 4 44 1 0
125635 1 3 45 3 0
186451 0 6 45 3 0
227891 1 4 45 1 0
228799 0 6 45 2 0
229645 0 6 45 1 0
229889 0 6 45 1 0
229893 0 6 45 4 0
229977 1 3 45 4 0
491077 1 3 45 1 0
491078 0 6 45 3 0
491345 0 6 45 1 0
491680 1 4 45 3 0
492230 0 6 45 1 0
492470 0 6 45 1 0
539920 0 6 45 1 0
227997 1 4 46 1 0
228045 0 6 46 1 0
228079 1 3 46 1 0
228495 1 2 46 1 0
228574 0 6 46 3 0
228651 1 2 46 1 0
229089 1 4 46 1 0
229341 1 3 46 1 0
229418 1 3 46 1 0
229566 0 6 46 3 0
491065 1 2 46 4 0
491338 1 3 46 0 0
491341 0 6 46 1 0
491348 1 2 46 1 0
491370 1 4 46 0 0
491617 0 6 46 1 0
492894 1 4 46 1 0
156338 0 6 47 1 0
186788 0 6 47 2 0
229269 0 6 47 1 0
229639 0 6 47 2 0
229649 0 6 47 3 0
269656 1 2 47 3 0
491208 1 4 47 1 0
491246 0 6 47 2 0
491586 1 3 47 1 0
491753 1 5 47 4 1
492409 0 6 47 1 0
492974 0 6 47 1 0
151653 1 3 48 3 0
192616 0 6 48 3 1
227892 0 6 48 3 0
227998 0 6 48 1 0
227999 0 6 48 3 1
228081 1 4 48 3 0
228644 1 2 48 3 0
228653 1 3 48 3 0
228973 0 6 48 1 0
229144 1 2 48 1 0
476344 1 3 48 2 0
491066 1 3 48 1 0
491251 1 2 48 4 0
491724 1 4 48 1 0
492029 1 4 48 0 0
493015 0 6 48 1 0
227929 1 3 49 1 0
228357 1 5 49 1 0
228561 0 6 49 1 0
228568 1 4 49 3 0
228646 0 6 49 3 0
228652 0 6 49 1 0
228953 0 6 49 3 0
229028 1 3 49 3 0
229197 1 4 49 1 0
229417 1 3 49 1 0
229892 0 6 49 3 1
229976 1 4 49 3 0
491157 1 3 49 1 0
491778 0 6 49 1 0
491990 0 6 49 1 0
492410 1 2 49 3 0
492976 1 4 49 3 1
493063 1 3 49 0 0
493101 0 6 49 1 0
157421 0 6 50 1 0
189303 1 4 50 3 0
228046 0 6 50 3 0
228999 1 4 50 1 0
229090 1 3 50 3 0
229194 1 3 50 0 0
229421 1 5 50 3 0
229427 0 6 50 3 0
491344 0 6 50 1 0
491347 1 4 50 1 0
492071 1 5 50 0 0
228082 1 3 51 3 0
228358 1 2 51 3 0
228396 1 3 51 4 0
228650 0 6 51 1 0
228798 0 6 51 2 0
229202 0 6 51 3 1
229342 0 6 51 3 0
277162 0 6 51 3 0
415278 0 6 51 3 0
491159 1 4 51 3 0
491752 0 6 51 4 0
492014 1 4 51 4 0
492970 0 6 51 1 0
493062 0 6 51 0 0
493073 1 2 51 3 0
186795 1 3 52 3 1
228463 0 6 52 1 0
229026 1 3 52 1 0
229195 0 6 52 0 0
229652 0 6 52 4 0
229804 0 6 52 1 0
491087 1 2 52 1 0
491621 1 2 52 3 0
492046 0 6 52 1 0
492072 1 3 52 1 0
492119 1 3 52 1 0
492372 1 3 52 1 0
492739 0 6 52 1 0
492931 0 6 52 3 1
87302 1 3 53 2 0
156775 1 3 53 1 0
228026 1 4 53 3 1
228269 0 6 53 1 1
228656 0 6 53 3 1
229000 1 3 53 1 0
229027 0 6 53 3 0
229152 1 3 53 3 0
229419 1 3 53 1 0
229420 1 3 53 3 1
229985 1 4 53 1 0
491069 0 6 53 1 0
491426 0 6 53 1 0
491780 1 4 53 1 0
492073 1 3 53 3 0
492248 0 6 53 1 0
492407 0 6 53 0 0
492677 0 6 53 1 0
492800 1 2 53 1 0
492826 1 4 53 1 0
492973 1 3 53 1 1
227959 0 6 54 1 0
228228 1 3 54 1 0
228380 0 6 54 2 0
228647 0 6 54 3 0
228741 0 6 54 1 0
229003 0 6 54 3 0
229091 1 3 54 3 0
229233 0 6 54 1 0
300941 0 6 54 3 0
491156 1 2 54 1 0
491287 1 3 54 3 0
491428 1 2 54 3 0
491454 1 4 54 1 0
492157 0 6 54 3 1
492498 1 4 54 1 0
492815 0 6 54 1 0
492996 0 6 54 4 0
493075 1 4 54 3 0
87304 0 6 55 3 0
202560 0 6 55 2 0
229159 0 6 55 1 0
229414 1 4 55 2 0
275371 1 3 55 3 0
277565 1 3 55 3 0
491154 1 4 55 0 0
492121 0 6 55 3 1
492427 1 4 55 1 0
492576 0 6 55 1 0
492683 0 6 55 1 0
493043 0 6 55 2 1
79209 0 6 56 3 0
186012 0 6 56 2 0
228604 1 3 56 3 0
228626 1 4 56 1 0
229001 0 6 56 1 0
229002 1 4 56 2 0
229234 0 6 56 1 0
229540 0 6 56 3 0
443217 0 6 56 3 1
491068 1 3 56 0 0
491542 1 3 56 1 0
491757 0 6 56 1 0
491779 0 6 56 1 0
491781 0 6 56 3 0
491946 1 2 56 2 0
492113 1 3 56 3 1
492118 0 6 56 1 0
492266 0 6 56 1 0
492673 0 6 56 1 0
492902 1 3 56 1 0
492939 1 4 56 1 0
493074 1 3 56 3 1
493156 0 6 56 1 0
156648 0 6 57 1 0
228230 0 6 57 3 0
228231 1 4 57 3 0
228872 1 2 57 1 0
229424 1 3 57 1 0
229506 1 2 57 3 0
236175 0 6 57 3 0
389400 1 5 57 2 0
444248 0 6 57 3 0
491508 0 6 57 4 0
491664 0 6 57 3 0
491903 0 6 57 4 0
492488 1 4 57 3 0
492492 1 4 57 1 0
492549 1 2 57 1 0
506417 1 2 57 3 0
96037 0 6 58 3 0
228227 0 6 58 1 0
228628 1 4 58 3 0
228742 0 6 58 1 0
228892 0 6 58 1 0
228983 0 6 58 1 0
229232 1 4 58 0 0
229412 1 4 58 0 0
229803 1 4 58 0 0
229806 1 3 58 3 1
274961 1 4 58 3 0
491158 0 6 58 3 0
492045 1 4 58 0 0
492270 1 3 58 3 0
492373 1 4 58 1 0
492799 1 3 58 0 0
49488 0 6 59 3 0
228911 0 6 59 1 0
229129 0 6 59 1 0
229805 0 6 59 3 0
229991 0 6 59 1 0
280273 1 2 59 3 1
351349 0 6 59 2 0
491155 0 6 59 0 0
491912 1 4 59 1 0
492265 0 6 59 1 0
492271 0 6 59 3 1
492674 0 6 59 1 0
492682 0 6 59 1 0
493144 0 6 59 1 0
518481 1 3 59 3 0
187246 1 3 60 4 1
228298 1 2 60 1 0
228743 0 6 60 1 0
228909 1 3 60 1 0
229990 0 6 60 0 1
406413 0 6 60 3 0
475813 1 2 60 3 0
491759 1 3 60 3 0
491949 1 3 60 4 0
492285 1 3 60 1 0
492490 1 3 60 1 0
492798 0 6 60 0 0
158165 0 6 61 3 0
186872 0 6 61 3 0
216365 1 3 61 3 0
228296 1 2 61 0 0
228692 1 3 61 4 0
229236 0 6 61 3 0
229370 1 3 61 0 0
229633 0 6 61 0 0
406412 0 6 61 2 0
410882 1 3 61 3 0
475112 0 6 61 3 0
492059 0 6 61 2 0
493109 0 6 61 1 0
493142 0 6 61 1 0
554454 1 4 61 3 0
73082 0 6 62 3 1
211604 0 6 62 2 0
227868 1 4 62 1 0
228308 1 4 62 1 0
228997 1 2 62 4 1
229061 0 6 62 1 1
229369 1 3 62 3 1
229394 0 6 62 0 0
491329 1 3 62 1 0
492229 1 3 62 4 1
492288 1 5 62 3 0
492548 1 2 62 1 1
507173 1 4 62 2 0
129044 0 6 63 3 1
185715 1 5 63 2 0
228894 0 6 63 3 0
228912 1 4 63 3 0
229395 0 6 63 1 0
229599 0 6 63 1 1
229937 0 6 63 0 0
475812 0 6 63 3 0
491948 1 4 63 3 0
492127 0 6 63 1 0
492900 1 3 63 4 0
493108 1 3 63 1 0
35291 1 2 64 2 0
181851 1 4 64 3 1
228300 1 3 64 3 0
228687 0 6 64 4 1
279675 0 6 64 3 1
414817 0 6 64 3 0
491279 1 4 64 4 0
492675 1 3 64 2 0
492729 0 6 64 1 0
493143 0 6 64 1 0
554453 0 6 64 3 0
42590 1 4 65 3 0
149877 0 6 65 3 0
171985 1 4 65 3 0
213017 1 4 65 3 0
216366 0 6 65 3 1
228097 1 2 65 0 0
228685 0 6 65 3 0
229013 0 6 65 3 0
229373 0 6 65 3 0
229397 1 4 65 3 0
229634 0 6 65 2 1
493135 0 6 65 1 0
507174 1 5 65 2 0
182945 0 6 66 3 0
185285 1 3 66 3 0
228031 1 4 66 4 1
228301 1 2 66 3 0
229598 0 6 66 0 0
229896 1 4 66 1 0
414808 1 4 66 3 0
491827 1 3 66 1 0
492727 0 6 66 1 0
493145 1 3 66 3 0
493146 0 6 66 3 0
42591 1 4 67 3 0
129041 1 3 67 1 0
228098 0 6 67 0 0
228297 1 2 67 0 0
228502 1 4 67 0 1
228748 0 6 67 1 0
491178 0 6 67 1 0
491237 0 6 67 1 0
491278 1 3 67 4 0
491330 0 6 67 3 0
492898 0 6 67 3 0
554451 0 6 67 2 0
42592 0 6 68 4 1
197791 1 4 68 2 0
211605 1 4 68 2 0
228309 1 3 68 3 1
229196 1 3 68 1 0
229396 0 6 68 1 0
492541 1 2 68 2 1
45626 1 3 69 3 0
182946 0 6 69 3 0
228299 0 6 69 1 0
228370 0 6 69 3 0
228939 0 6 69 1 0
491209 0 6 69 1 0
491239 0 6 69 3 0
491280 1 3 69 4 1
491798 1 4 69 1 0
493060 1 4 69 4 0
554450 1 3 69 1 0
150512 1 3 70 3 0
182951 0 6 70 2 0
228088 0 6 70 2 0
228100 0 6 70 3 0
228369 0 6 70 1 1
228501 0 6 70 0 0
279323 1 4 70 3 0
461348 1 3 70 2 0
491242 1 4 70 3 0
493133 0 6 70 3 0
129043 1 2 71 3 0
228938 1 5 71 1 1
294224 0 6 71 2 0
492542 0 6 71 3 0
493132 0 6 71 2 0
42738 1 3 72 3 1
150509 1 3 72 1 0
198479 1 4 72 2 0
228505 0 6 72 2 0
228937 0 6 72 1 0
229199 0 6 72 3 0
229898 0 6 72 3 0
492665 1 3 72 3 0
228503 0 6 73 1 0
228945 0 6 73 3 0
249132 1 4 73 3 0
461843 1 4 73 3 0
492765 1 3 73 1 0
533418 0 6 73 3 1
554708 1 3 73 1 0
554881 0 6 73 1 1
555131 1 3 73 4 0
555290 0 6 73 1 0
182949 0 6 74 3 0
220170 0 6 74 2 0
228504 1 3 74 2 0
228943 0 6 74 1 0
235152 1 5 74 3 0
279322 1 3 74 1 0
338121 0 6 74 2 0
461352 1 4 74 2 0
471505 1 3 74 3 0
491799 1 4 74 3 0
492668 0 6 74 4 1
554706 1 3 74 1 0
149396 1 2 75 1 0
149402 1 4 75 1 0
554331 0 6 75 1 0
554710 0 6 75 3 1
554880 1 3 75 1 0
150342 0 6 76 3 0
150510 0 6 76 1 0
168261 0 6 76 4 0
228944 0 6 76 3 0
235153 1 4 76 3 0
278090 0 6 76 1 0
461351 1 3 76 2 0
461842 1 4 76 3 0
461846 1 3 76 4 0
471216 0 6 76 3 0
492666 1 3 76 3 0
554711 1 3 76 3 0
555044 0 6 76 1 0
92650 0 6 77 3 0
149423 1 3 77 1 0
228940 0 6 77 3 0
235150 0 6 77 1 0
278943 1 2 77 3 0
279350 1 3 77 1 0
312669 0 6 77 3 1
461350 0 6 77 0 0
554699 1 3 77 4 1
554709 1 3 77 1 0
234999 0 6 78 1 0
235155 1 4 78 1 0
279345 0 6 78 1 0
555042 1 5 78 0 0
235154 0 6 79 0 0
278362 1 4 79 1 0
278559 0 6 79 1 0
279317 0 6 79 1 0
368752 1 4 79 3 0
553770 0 6 79 3 0
554705 0 6 79 3 0
554872 1 3 79 2 0
554882 1 5 79 1 1
149394 0 6 80 0 0
149867 0 6 80 1 0
149871 0 6 80 1 0
228952 0 6 80 3 0
235158 1 3 80 3 0
235904 1 3 80 4 1
236584 0 6 80 1 0
278094 0 6 80 3 0
525397 0 6 80 1 0
554598 0 6 80 1 0
554707 1 3 80 1 0
555134 1 4 80 1 0
235165 0 6 81 3 0
236165 1 4 81 4 0
278558 1 4 81 0 0
279346 1 2 81 2 0
554700 1 3 81 4 1
554704 1 4 81 3 0
555043 1 3 81 1 0
30753 1 3 82 3 0
208524 0 6 82 3 0
278361 1 4 82 1 0
279432 1 4 82 1 0
553769 1 3 82 3 0
554601 1 3 82 3 0
104433 0 6 83 3 0
149195 0 6 83 1 0
149363 1 5 83 1 0
150185 1 3 83 1 0
278654 1 3 83 1 0
279348 0 6 83 3 0
330996 0 6 83 3 0
554285 1 3 83 1 0
555133 0 6 83 1 0
555510 0 6 83 1 0
150115 1 4 84 1 0
150570 0 6 84 1 0
150696 0 6 84 1 0
235000 0 6 84 3 0
235162 0 6 84 1 0
236582 1 2 84 0 0
278328 1 3 84 1 0
279438 1 3 84 3 0
525396 0 6 84 1 0
554567 1 2 84 1 0
554702 0 6 84 1 0
555135 1 3 84 1 0
554051 0 6 85 1 0
554712 0 6 85 1 1
149359 1 5 86 0 0
150117 0 6 86 3 0
150477 0 6 86 1 0
278587 0 6 86 1 0
447943 0 6 86 3 0
149016 0 6 87 1 1
149055 0 6 87 1 0
149196 1 5 87 1 0
149338 0 6 87 1 0
236586 1 2 87 3 0
553802 0 6 87 1 0
555280 1 4 87 1 0
150114 1 4 88 1 0
150469 1 5 88 0 1
235156 1 2 88 1 0
235259 1 2 88 1 0
236518 0 6 88 0 0
236585 0 6 88 3 1
278620 1 3 88 3 0
279096 0 6 88 3 0
554004 1 3 88 1 0
149019 0 6 89 3 0
149160 0 6 89 1 0
149336 0 6 89 3 0
149365 0 6 89 3 0
150021 0 6 89 2 0
150517 1 4 89 1 0
278732 0 6 89 1 0
344137 1 3 89 3 0
554714 1 2 89 1 0
554716 0 6 89 3 1
149057 1 4 90 1 0
149101 1 4 90 2 0
149757 1 3 90 1 0
150470 1 2 90 1 0
150519 0 6 90 3 0
236475 0 6 90 3 1
259890 1 2 90 3 0
278586 0 6 90 0 0
553803 0 6 90 3 1
554131 0 6 90 1 0
554713 0 6 90 1 0
555355 1 3 90 3 0
149732 1 3 91 1 0
149759 0 6 91 3 0
150472 0 6 91 3 0
553965 0 6 91 3 0
554398 0 6 91 3 0
149225 1 3 92 1 0
150471 0 6 92 1 0
235261 0 6 92 3 0
554576 0 6 92 1 0
554975 0 6 92 3 0
555285 1 3 92 1 0
555330 0 6 92 1 0
149642 1 2 93 4 0
235268 1 2 93 3 1
235694 1 3 93 1 0
236615 1 4 93 1 0
553804 1 4 93 3 0
149056 0 6 94 1 0
149161 0 6 94 1 0
235493 0 6 94 1 0
149823 1 3 95 1 0
150008 1 3 95 1 0
192751 1 3 95 2 0
234761 1 3 95 1 1
235312 0 6 95 1 0
235677 1 5 95 1 0
235696 1 4 95 1 1
236374 1 3 96 3 0
236487 0 6 96 1 0
236519 1 4 96 1 0
236525 1 4 96 1 0
236617 1 3 96 3 0
553799 1 3 96 1 0
554130 0 6 96 1 0
555286 1 2 96 1 0
149825 0 6 97 2 0
151150 0 6 97 3 0
235551 0 6 97 1 0
235695 0 6 97 1 0
235978 1 4 97 1 0
236443 0 6 97 1 0
236488 0 6 97 3 0
236523 0 6 97 2 0
236588 0 6 97 1 0
68042 1 2 98 3 1
235576 1 2 98 1 0
235913 1 3 98 1 0
271755 0 6 98 3 0
68039 1 3 99 0 0
193986 1 3 99 3 0
234850 1 4 99 4 0
235311 1 5 99 0 0
235979 1 4 99 2 0
236444 1 3 99 3 0
236521 0 6 99 2 0
305815 1 2 99 3 0
555284 1 5 99 1 0
556990 1 3 99 2 0
140234 0 6 100 2 0
235912 1 3 100 1 0
235980 0 6 100 3 0
236489 0 6 100 3 0
256380 1 3 100 3 0
264038 1 3 100 3 0
400175 1 3 100 3 0
234776 1 4 101 1 0
236445 1 2 101 3 0
236531 1 3 101 2 0
311306 1 2 101 2 0
554378 0 6 101 1 0
554439 1 4 101 3 0
68041 0 6 102 2 0
185345 0 6 102 2 0
234777 1 3 102 1 0
234849 0 6 102 4 0
235575 1 3 102 1 0
235578 1 4 102 3 0
235697 0 6 102 1 1
236524 0 6 102 2 0
256381 1 2 102 3 0
332894 1 3 102 3 0
532490 0 6 102 3 0
236491 0 6 103 1 0
258287 1 5 103 3 0
305816 1 3 103 4 0
438279 1 2 103 3 0
483053 0 6 103 3 0
40751 1 4 104 3 0
235594 1 3 104 1 0
554381 0 6 104 3 0
37349 0 6 105 3 0
234774 1 5 105 0 0
311307 0 6 105 3 0
332892 1 3 105 1 0
438428 1 3 105 3 0
532489 1 3 105 3 0
234775 0 6 106 1 0
235413 0 6 106 1 0
235728 0 6 106 1 0
332893 1 2 106 3 1
332891 0 6 107 1 0
235248 0 6 108 1 0
235436 1 4 108 1 0
235688 0 6 108 4 1
258285 0 6 108 1 0
438275 1 4 108 1 0
438280 1 4 108 3 1
235303 0 6 109 1 0
235408 1 3 109 1 1
235731 0 6 109 3 0
11248 0 6 110 3 0
36290 1 3 110 3 0
235106 0 6 110 1 0
235851 0 6 110 1 0
235857 0 6 110 1 0
236733 0 6 110 1 0
235004 1 4 111 1 0
235437 1 2 111 1 0
236162 1 4 111 1 0
235013 1 4 112 1 0
235272 0 6 112 1 0
235300 0 6 112 3 0
235795 0 6 112 1 0
235854 1 3 112 3 0
295707 1 3 112 3 0
11239 1 3 113 4 0
235420 0 6 113 1 0
234865 0 6 114 1 0
235014 1 4 114 1 0
235028 0 6 114 1 0
235439 1 2 114 3 0
235620 0 6 114 1 0
236734 0 6 114 3 0
332166 0 6 114 2 0
235049 1 2 115 1 1
235619 1 2 115 1 0
235791 1 5 115 1 0
235852 1 4 115 1 0
12520 1 5 116 4 0
235036 1 4 116 0 0
235050 0 6 116 3 1
235055 0 6 116 1 0
236026 1 4 116 1 0
236087 0 6 116 1 0
236600 1 4 116 1 1
235033 1 4 117 3 0
235853 1 4 117 3 1
236077 0 6 117 3 0
236086 1 4 117 0 0
234867 1 4 118 3 1
235850 0 6 118 1 0
236730 0 6 118 1 0
234787 0 6 119 1 0
235042 0 6 119 3 0
235440 1 4 119 3 0
235698 0 6 119 1 0
235925 1 4 119 0 0
236078 1 4 119 3 0
236081 0 6 119 1 0
236437 1 4 119 1 0
234864 1 4 120 0 0
234913 0 6 120 1 0
235032 1 4 120 3 0
235241 0 6 120 1 0
236265 1 4 120 1 0
235701 1 3 121 3 0
236089 0 6 121 2 0
140018 1 5 122 2 0
234646 1 3 122 1 0
234791 1 4 122 1 0
234846 0 6 122 1 0
235298 1 4 122 1 0
235430 1 4 122 1 1
235438 1 3 122 2 0
236088 1 3 122 2 0
236264 1 5 122 1 0
379681 0 6 122 2 0
234707 1 5 123 1 0
234708 1 4 123 1 1
234782 0 6 123 1 0
234934 0 6 123 1 0
235107 0 6 123 1 0
235617 0 6 123 3 0
235972 1 3 123 1 0
236051 0 6 123 1 0
236381 0 6 123 4 1
317739 1 3 123 3 0
234792 1 4 124 3 0
235421 1 3 124 1 0
235108 0 6 125 3 0
235264 0 6 125 1 0
236004 1 4 125 1 0
236005 0 6 125 1 0
236427 0 6 125 1 0
236470 0 6 125 1 0
236701 1 4 125 1 0
325145 0 6 125 3 1
234647 0 6 126 1 0
234654 0 6 126 1 0
234790 0 6 126 1 0
234834 0 6 126 1 0
235973 0 6 126 1 0
236358 1 4 126 1 0
236403 0 6 126 1 1
234709 1 2 127 3 0
234788 1 5 127 1 0
234935 0 6 127 1 0
235112 1 3 127 1 0
236003 0 6 127 1 0
236181 0 6 127 1 0
140019 1 4 128 2 0
234648 0 6 128 3 1
234710 1 5 128 3 1
235965 0 6 128 3 0
235974 1 4 128 3 0
236008 1 3 128 3 0
236712 0 6 128 3 1
235589 1 3 129 1 0
236359 1 3 129 1 0
234655 0 6 130 1 0
234793 0 6 130 3 1
235563 1 4 130 1 1
235756 1 4 130 1 1
236360 0 6 130 3 0
236057 1 3 131 3 0
236702 0 6 131 1 0
234789 1 3 132 1 0
235559 1 3 132 4 1
236035 0 6 132 1 0
236094 0 6 132 1 0
236490 1 4 132 1 0
334248 0 6 132 3 0
334772 1 3 132 2 0
234916 0 6 133 1 0
235592 1 3 133 3 0
236055 1 3 133 1 0
236707 1 4 133 1 0
235109 0 6 134 3 0
236036 0 6 134 1 0
236569 1 4 134 1 0
334240 1 3 134 4 0
236095 1 3 135 3 0
234918 1 3 136 3 0
235588 1 3 136 1 0
236056 1 4 136 1 1
234914 0 6 137 1 0
236505 1 3 137 3 0
334247 0 6 137 3 0
234829 1 2 138 1 0
235149 0 6 138 3 0
235126 0 6 139 3 0
235587 1 3 139 0 0
235946 0 6 139 1 0
236101 0 6 139 3 0
517381 0 6 139 3 0
234861 0 6 141 1 0
235376 1 4 141 1 0
235538 1 4 141 4 1
235542 0 6 141 1 0
235951 0 6 141 3 0
334246 0 6 141 1 0
517374 1 2 141 3 0
517378 1 3 141 1 0
235022 0 6 142 1 0
236506 1 2 142 3 0
333138 1 2 142 3 0
235539 1 3 143 4 1
236675 1 4 143 1 0
334245 0 6 143 1 0
517380 1 4 143 1 0
234711 1 4 144 3 0
234927 0 6 144 1 1
235948 1 2 144 1 0
235949 1 3 144 1 0
293067 0 6 144 2 0
333137 1 4 144 1 0
235021 0 6 145 1 0
235146 1 4 145 1 0
235944 1 3 145 4 0
235950 1 4 145 3 0
517373 0 6 145 3 0
535257 1 3 145 2 0
234702 1 2 146 4 0
234794 0 6 146 4 1
234862 1 4 146 3 0
234920 0 6 146 1 0
236128 0 6 146 1 0
290518 0 6 146 3 0
334576 1 3 146 1 0
235316 0 6 147 1 0
236501 0 6 147 3 0
261834 1 4 147 2 0
291306 1 2 147 3 0
334578 1 4 147 1 0
106010 1 2 148 3 0
235144 1 3 148 2 1
235148 0 6 148 2 0
235863 1 3 148 1 0
334412 1 5 148 1 1
334507 0 6 148 1 0
462784 1 2 148 3 0
235315 0 6 149 1 0
236127 0 6 149 0 0
333984 0 6 149 1 0
334583 0 6 149 1 0
388585 1 3 149 2 0
207411 0 6 150 3 1
291302 0 6 150 1 1
334442 0 6 150 1 0
334572 0 6 150 2 0
334579 0 6 150 1 0
235865 0 6 151 3 0
290708 0 6 151 3 0
334328 0 6 151 3 0
334508 1 4 151 1 0
334527 0 6 151 1 0
428457 1 2 151 3 0
462569 1 4 151 4 0
291467 1 4 152 3 1
325877 1 2 152 3 1
333847 0 6 152 3 0
333985 1 4 152 3 0
334440 1 3 152 1 0
334581 0 6 152 3 1
334845 1 3 152 3 0
336417 0 6 152 3 0
347641 1 3 152 3 0
387000 1 3 152 3 0
106008 0 6 153 2 0
222254 0 6 153 2 0
291528 0 6 153 4 0
318255 0 6 153 3 0
334069 1 4 153 1 0
334194 0 6 153 1 0
334415 1 3 153 3 0
334506 1 3 153 0 0
334510 0 6 153 3 0
388586 0 6 153 2 1
333983 1 2 154 1 0
334502 0 6 154 0 0
334509 1 4 154 1 0
334526 1 3 154 1 0
235869 0 6 155 3 0
291457 1 3 155 1 0
333625 1 4 155 1 0
333986 0 6 155 3 0
334076 1 2 155 1 0
334329 0 6 155 3 0
334414 1 4 155 2 0
334584 0 6 155 1 1
334619 1 4 155 1 0
335112 0 6 155 1 0
335170 1 3 155 1 0
347642 1 2 155 3 0
526362 1 3 155 3 1
235034 1 4 156 4 1
315207 0 6 156 3 0
334110 1 4 156 1 0
334499 0 6 156 4 0
334511 0 6 156 3 0
334623 1 3 156 1 0
334922 0 6 156 1 0
335190 0 6 156 1 1
106009 1 3 157 3 0
330490 0 6 157 3 0
334059 0 6 157 4 0
334070 0 6 157 3 0
334129 0 6 157 3 0
334487 0 6 157 1 0
147750 0 6 158 3 0
291459 1 2 158 2 1
334111 0 6 158 3 0
334921 0 6 158 1 0
335175 1 3 158 1 0
472945 1 2 158 3 0
526360 1 4 158 1 0
333626 1 2 159 3 0
333694 1 3 159 1 0
334505 1 4 159 3 0
334880 1 2 159 1 0
335067 1 2 159 1 0
335174 0 6 159 1 1
335194 0 6 159 1 0
315205 0 6 160 2 0
319370 0 6 160 3 0
333674 0 6 160 1 0
334622 1 4 160 1 0
334627 0 6 160 4 0
334927 1 4 160 2 1
428173 1 4 160 2 0
35072 0 6 161 2 0
235867 1 3 161 1 0
333645 0 6 161 1 0
334188 1 2 161 1 0
334286 0 6 161 1 0
335192 1 3 161 3 0
334788 1 4 162 2 0
334881 0 6 162 1 0
235234 0 6 163 4 1
235304 0 6 163 1 0
334553 0 6 163 1 0
335009 1 1 163 1 0
335021 1 2 163 1 0
335070 0 6 163 1 0
428147 0 6 163 2 0
334388 1 3 164 1 0
334882 1 4 164 3 0
335023 0 6 164 3 1
335198 0 6 164 3 0
67041 0 6 165 3 0
235868 0 6 165 3 0
333689 0 6 165 1 0
334928 0 6 165 3 0
334951 1 3 165 1 0
335196 1 3 165 2 1
335197 0 6 165 3 1
375612 0 6 165 2 0
35071 0 6 166 0 0
235227 0 6 166 3 0
334187 1 3 166 0 0
334503 1 4 166 1 0
334624 0 6 166 1 0
334956 0 6 166 3 0
67040 0 6 167 2 0
147272 0 6 167 3 0
334221 1 3 167 1 0
334528 1 3 167 1 0
334883 1 3 167 3 0
335020 1 3 167 1 0
457535 0 6 167 3 0
235228 1 2 168 3 0
328657 0 6 168 3 0
333787 1 4 168 3 0
334552 1 4 168 0 0
335019 0 6 168 0 0
490144 1 4 168 3 0
505109 1 3 168 2 0
147913 1 3 169 3 0
334301 1 3 169 1 0
334536 0 6 169 1 0
334929 1 4 169 3 0
334949 1 4 169 2 0
334952 1 4 169 1 0
334953 0 6 169 1 0
335055 0 6 169 1 0
544793 0 6 169 3 0
67038 0 6 170 1 0
147725 0 6 170 4 0
235989 1 4 170 1 0
334649 0 6 170 1 0
334955 1 4 170 3 0
335199 1 3 170 3 0
490143 0 6 170 3 1
65778 0 6 171 1 0
334176 1 3 171 1 0
334184 0 6 171 4 0
334226 1 3 171 3 1
334647 0 6 171 0 0
334711 1 2 171 1 0
334760 0 6 171 1 0
334809 1 3 171 1 0
334906 1 3 171 1 0
335047 0 6 171 1 0
335079 1 4 171 1 0
455677 1 3 171 3 1
490145 0 6 171 4 1
334639 1 3 172 0 0
334844 1 3 172 1 0
334954 0 6 172 1 0
505108 1 5 172 2 0
235273 1 4 173 1 0
333796 1 3 173 1 0
334064 1 4 173 1 0
334411 0 6 173 1 0
334648 0 6 173 1 1
334762 0 6 173 3 0
334784 1 3 173 1 0
334899 1 4 173 1 0
490146 0 6 173 4 0
41041 0 6 174 3 0
334224 1 2 174 2 1
334377 1 4 174 1 0
334483 0 6 174 4 0
334806 1 2 174 3 0
402439 1 3 174 2 0
523537 1 3 174 3 0
235907 0 6 175 1 0
236632 0 6 175 1 0
333722 0 6 175 4 0
334652 1 4 175 3 0
334811 0 6 175 3 1
334905 1 3 175 1 0
539120 1 2 175 3 1
65857 1 3 176 1 0
334746 1 3 176 1 0
334814 1 3 176 1 1
334900 0 6 176 3 0
334901 1 4 176 3 0
334903 1 3 176 3 0
65859 0 6 177 1 0
333680 1 3 177 1 0
334008 0 6 177 1 1
334063 0 6 177 1 0
334066 1 4 177 3 0
334805 1 4 177 1 0
335103 0 6 177 1 0
399392 1 3 177 3 0
41042 1 3 178 3 1
175404 1 2 178 3 0
235023 0 6 178 1 0
334651 0 6 178 2 0
334786 1 4 178 4 1
335104 0 6 178 1 0
474081 1 4 178 3 0
65731 1 4 179 1 0
65858 0 6 179 1 0
66058 0 6 179 1 0
333830 0 6 179 4 0
334378 1 3 179 1 0
334397 1 3 179 3 0
334709 1 4 179 1 0
334795 0 6 179 4 0
334909 0 6 179 4 1
66085 1 2 180 1 0
333683 1 2 180 3 0
334803 0 6 180 0 0
334904 0 6 180 3 0
335101 0 6 180 0 0
539119 0 6 180 3 0
42203 1 4 181 3 0
65861 0 6 181 3 0
88996 0 6 181 3 0
334145 0 6 181 3 0
334813 0 6 181 1 0
65895 0 6 182 1 0
66181 1 3 182 1 0
90506 0 6 182 4 0
334009 0 6 182 1 0
334097 1 3 182 3 0
334394 1 4 182 1 0
335102 1 4 182 1 0
537929 1 4 182 4 0
52713 1 4 183 3 1
65860 1 2 183 3 1
182370 0 6 183 3 0
333652 0 6 183 2 0
52710 1 4 184 3 0
66089 1 3 184 3 1
42202 0 6 185 3 0
52709 1 3 185 3 1
66934 0 6 185 3 0
67293 1 3 185 1 0
52712 0 6 186 3 0
66486 0 6 186 4 0
334395 1 2 187 1 0
544823 1 2 187 3 0
53650 0 6 188 4 0
47527 1 2 189 2 0
66377 0 6 189 1 0
53651 1 4 190 4 1
66860 0 6 190 3 0
8751 1 3 191 3 0
67195 0 6 191 1 1
335026 0 6 191 1 0
545859 1 4 191 3 0
67198 1 3 192 3 0
67534 1 3 192 1 0
52371 0 6 194 1 0
335027 1 4 195 3 0
54327 1 4 197 1 0
334384 1 4 197 1 0
335145 1 3 198 1 0
334383 0 6 200 0 0
333668 1 4 201 1 0
333669 1 4 203 3 1
333667 0 6 204 1 0
334189 0 6 204 1 0
334410 0 6 205 3 1
334027 0 6 207 1 0
334280 0 6 208 1 0
334826 0 6 209 1 0
335076 0 6 209 1 0
334344 0 6 211 3 0
335025 0 6 211 1 0
333712 1 2 212 1 1
333814 1 4 212 1 0
334281 1 4 213 1 0
333813 1 4 215 1 0
334629 1 3 215 1 0
333926 1 3 216 1 0
334204 1 3 217 1 0
333924 0 6 218 3 0
334389 0 6 218 3 1
127289 0 6 219 2 0
333884 0 6 219 1 0
333925 1 4 219 1 0
333648 1 3 221 3 0
333883 0 6 221 1 0
127288 1 4 222 2 0
127287 1 4 223 0 0
333881 1 3 223 0 0
334165 1 3 223 1 0
195230 1 4 224 2 0
333647 1 4 224 3 0
333885 0 6 224 3 0
334000 1 3 224 1 0
356811 1 4 224 3 0
214529 1 3 225 3 0
334162 0 6 225 3 0
356812 0 6 226 3 0
333882 1 3 227 0 0
333886 1 4 227 3 1
391873 1 4 227 3 0
334001 1 2 228 1 0
109994 0 6 229 3 0
481767 0 6 229 3 0
291514 0 6 231 3 0
292093 0 6 232 4 0
261652 1 4 236 2 0
498899 0 6 237 3 0
292091 0 6 238 4 1
29686 0 6 239 2 0
261650 1 2 239 1 0
261653 1 3 240 3 0
292092 0 6 241 4 1
548200 1 4 241 3 0
261660 1 3 242 3 1
261819 0 6 242 1 0
261651 0 6 243 1 0
261654 0 6 243 3 0
295867 1 3 243 3 0
498898 0 6 243 3 0
261657 0 6 244 2 0
548198 1 4 244 1 0
295865 1 3 245 1 0
377885 0 6 245 3 0
58812 0 6 246 3 0
283767 0 6 246 3 0
295104 0 6 246 1 0
377630 0 6 246 3 0
547276 1 4 246 3 1
447258 1 3 247 3 0
547481 1 3 247 1 0
548199 1 4 247 3 0
295105 0 6 248 1 0
296089 0 6 248 3 0
252538 1 4 249 3 0
295727 0 6 249 1 0
296086 0 6 249 3 1
249063 1 4 250 3 0
252537 1 2 250 3 0
547483 0 6 251 3 0
359184 1 4 252 3 0
536967 1 4 252 3 0
296342 0 6 254 1 1
296694 0 6 255 1 0
359186 1 2 255 2 0
359701 0 6 255 3 1
536965 1 3 255 2 0
296695 1 3 257 1 0
145715 1 3 258 3 0
296485 0 6 259 1 0
432688 1 4 262 3 0
296571 0 6 265 1 1
295168 0 6 269 1 0
296329 1 4 269 1 0
295169 1 3 271 1 0
295423 1 3 271 3 0
296407 1 4 271 1 0
295171 1 3 273 3 0
296530 0 6 273 1 0
295170 1 2 274 3 0
295730 0 6 274 3 0
296409 1 4 274 3 0
296532 0 6 275 3 0
296683 0 6 275 1 0
295567 1 4 276 1 0
296406 0 6 276 0 0
295566 0 6 279 0 0
296155 0 6 279 3 0
131730 0 6 280 3 0
296154 1 2 280 3 0
295308 1 5 281 0 1
295307 0 6 282 0 0
308734 1 2 283 1 0
295840 0 6 285 3 0
308516 1 5 287 1 0
308519 0 6 288 3 0
308735 1 3 288 1 0
309221 1 3 289 1 0
308517 1 4 290 1 0
308518 0 6 290 1 0
309216 0 6 291 0 0
309222 0 6 291 1 0
309215 0 6 292 0 0
309217 0 6 293 2 0
309223 1 3 293 3 0
309560 1 2 293 1 0
308520 1 2 294 3 0
309224 1 2 294 3 0
309423 1 2 294 1 0
363646 0 6 295 2 0
424358 0 6 295 3 0
308251 1 3 296 1 1
308876 0 6 296 0 0
309218 0 6 296 2 0
309220 1 4 296 1 0
308297 1 3 297 1 0
309211 0 6 297 0 0
10862 1 5 298 3 0
308208 0 6 298 4 0
424351 1 2 298 0 0
307413 1 3 299 3 0
308875 1 2 299 0 0
309562 1 2 299 2 0
308250 1 3 300 1 0
309219 0 6 300 1 0
424715 0 6 303 4 0
308684 0 6 304 4 1
309382 0 6 304 0 0
308394 1 5 305 0 0
309393 1 2 305 3 1
309561 0 6 305 1 0
424711 0 6 305 0 0
309677 1 2 306 4 0
308259 1 3 307 0 0
308395 1 4 307 2 0
308659 1 4 307 4 0
308204 1 2 308 2 0
309240 0 6 308 4 1
309532 0 6 308 4 0
424314 0 6 308 0 0
62068 1 3 309 3 1
308261 0 6 309 3 1
424712 0 6 309 3 0
424317 0 6 310 3 1
62069 1 3 311 3 1
308272 1 4 312 3 0
184867 1 4 313 2 0
412289 1 4 314 3 0
