464576 1 2 4 1
473490 1 3 3 3
367797 1 3 3 1
283621 1 3 3 3
23019 1 3 3 2
23020 0 3 3 2
390030 0 3 3 3
464577 1 3 3 1
471824 1 4 2 1
163600 1 4 2 3
460520 1 5 4 1
461111 1 5 2 1
478001 1 6 3 1
478002 0 6 3 1
390030 0 7 9 1
536437 1 7 2 1
392223 1 7 2 3
163598 1 7 2 0
163600 0 7 3 0
536438 0 7 3 1
537316 1 8 3 1
459235 1 8 3 0
459525 1 8 2 1
347443 1 8 2 1
347347 1 8 1 1
347344 0 8 3 1
347345 0 8 3 1
347348 0 8 3 1
347349 0 8 3 1
347441 0 8 3 1
347442 0 8 3 1
390033 1 8 3 1
347339 1 9 2 0
347342 0 9 3 0
347466 1 10 4 0
536119 1 10 2 1
478002 1 10 2 3
347441 0 10 3 1
347445 0 10 3 1
536120 0 10 3 1
367799 1 11 3 1
346550 1 11 3 1
536569 1 11 2 4
478792 1 11 2 1
347468 1 11 3 0
367797 0 11 3 1
367801 0 11 3 1
478965 1 12 3 1
339443 1 12 3 3
477434 1 12 2 1
346528 1 12 2 1
346582 1 12 1 1
346530 0 12 3 1
346551 1 12 3 1
346552 1 12 3 1
346584 0 12 3 1
478966 0 12 3 1
536741 1 13 3 1
536451 1 13 3 1
478706 1 13 3 1
346285 1 13 3 1
537319 1 13 2 3
347320 1 13 2 0
478705 0 13 3 1
537318 0 13 3 3
347377 1 14 3 1
478302 1 14 2 1
477573 1 14 2 1
346674 1 14 2 3
346672 1 14 1 1
346287 1 14 3 1
346288 1 14 3 1
346289 1 14 3 1
346673 0 14 3 1
477571 0 14 4 1
477574 0 14 3 1
477575 0 14 3 1
478303 0 14 3 1
478304 0 14 3 1
477522 1 15 3 1
536450 1 15 2 1
347683 1 15 2 1
347468 1 15 2 3
346047 1 15 1 1
346046 0 15 3 1
346051 0 15 3 1
347682 0 15 3 1
477523 0 15 3 1
536149 1 16 3 1
477900 1 16 2 1
477487 1 16 2 1
347730 1 16 2 1
347698 1 16 2 1
347471 1 16 2 0
478190 1 16 1 1
347732 0 16 3 1
347733 0 16 3 1
477489 0 16 3 1
477574 1 16 3 0
477899 0 16 3 1
477901 0 16 3 1
478191 0 16 3 1
536152 0 16 3 1
536451 1 16 3 1
477588 1 17 4 1
347681 1 17 4 0
346070 1 17 4 1
477695 1 17 2 1
367849 1 17 1 1
347651 1 17 1 1
347654 0 17 3 1
367851 0 17 3 1
347850 1 18 3 1
347087 1 18 3 0
346914 1 18 3 1
345922 1 18 3 1
347702 1 18 2 1
347640 1 18 1 1
347685 1 18 3 0
347703 0 18 3 1
347851 0 18 3 1
347852 0 18 3 1
477591 1 18 3 1
477900 0 18 3 1
477901 0 18 3 1
477902 0 18 3 1
477903 0 18 5 1
477899 0 18 3 3
477900 0 18 3 3
477901 0 18 3 3
368933 1 19 3 0
478521 1 19 2 3
368631 1 19 2 1
368175 1 19 2 1
347157 1 19 2 1
346641 1 19 2 1
347091 1 19 1 3
346916 1 19 3 1
346917 1 19 3 1
347089 1 19 3 0
347090 1 19 4 0
347159 0 19 3 1
368630 0 19 3 1
536356 1 20 3 3
478698 1 20 3 1
478349 1 20 3 1
478170 1 20 3 1
347999 1 20 3 1
536452 1 20 2 1
478773 1 20 2 4
478189 1 20 2 0
478185 1 20 2 0
477575 1 20 2 2
346964 1 20 2 1
346444 1 20 2 1
478715 1 20 1 1
347051 1 20 1 1
346284 1 20 1 0
346286 0 20 3 0
346287 0 20 3 0
346443 0 20 3 1
346965 0 20 3 1
347052 0 20 3 1
347088 0 20 3 3
348000 0 20 3 1
368935 1 20 3 0
368936 1 20 3 0
478171 0 20 3 1
478172 0 20 3 1
478173 0 20 3 1
478191 0 20 3 0
478714 0 20 3 1
536453 0 20 3 1
536454 1 21 3 3
478590 1 21 3 1
477802 1 21 3 1
368521 1 21 3 1
346769 1 21 3 1
346445 1 21 3 3
477805 1 21 2 1
347060 1 21 2 0
346071 1 21 2 1
346446 0 21 3 3
346770 0 21 3 1
477803 0 21 3 1
478350 1 21 4 1
478351 1 21 3 1
478593 0 21 3 1
347159 1 22 3 3
347089 1 22 3 1
346697 1 22 3 4
192919 1 22 3 2
477421 1 22 2 1
347543 1 22 2 3
346876 1 22 2 1
346423 1 22 2 3
346362 1 22 2 3
478778 1 22 1 2
192918 0 22 3 2
192920 0 22 3 2
346360 0 22 3 3
347087 0 22 3 1
477420 0 22 3 1
536450 1 22 3 3
536451 1 22 3 3
346067 0 23 13 3
477795 1 23 4 2
347771 1 23 3 1
478339 1 23 2 3
477793 1 23 2 1
368614 1 23 2 1
347842 1 23 2 0
347797 1 23 2 1
346757 1 23 2 1
347731 1 23 1 1
347011 1 23 1 3
346486 1 23 1 0
346489 0 23 3 0
347009 0 23 3 3
347730 0 23 3 1
347769 0 23 3 1
347772 0 23 3 1
347773 0 23 3 1
347845 0 23 3 0
347848 0 23 3 0
368617 0 23 4 1
477794 0 23 3 1
478340 0 23 3 3
479083 0 23 3 3
346945 1 24 4 1
477455 1 24 3 1
368515 1 24 3 1
347843 1 24 3 1
347500 1 24 3 1
323548 1 24 3 3
518508 1 24 2 3
477680 1 24 2 2
477589 1 24 2 1
347131 1 24 2 1
346874 1 24 2 1
346107 1 24 2 1
323046 1 24 2 3
479085 1 24 1 3
478800 1 24 1 3
323044 0 24 3 3
323045 0 24 3 3
346068 1 24 3 3
346876 0 24 3 1
347504 0 24 3 1
347847 0 24 3 1
477588 0 24 3 1
477678 0 24 3 2
477681 0 24 3 2
477796 1 24 3 2
518509 0 24 3 3
368431 1 25 3 1
346446 1 25 3 3
479087 1 25 2 3
478599 1 25 2 3
477653 1 25 2 1
367852 1 25 2 3
346768 1 25 2 0
347704 1 25 1 2
347326 1 25 1 1
346108 1 25 3 1
346443 0 25 3 3
346950 1 25 3 1
347327 0 25 3 1
347703 0 25 3 2
477654 0 25 3 1
478595 0 25 3 3
478596 0 25 3 3
479083 1 26 4 1
368522 1 26 3 1
347894 1 26 3 1
347061 1 26 3 1
346758 1 26 3 3
224235 1 26 3 1
477804 1 26 2 1
368228 1 26 2 1
346499 1 26 2 1
346305 1 26 2 0
368616 1 26 1 3
346726 1 26 1 4
280180 1 26 1 2
280183 0 26 3 2
346500 0 26 3 1
368227 0 26 3 1
368229 0 26 3 1
368521 0 26 3 1
368524 0 26 3 1
368615 0 26 3 3
478807 1 27 3 3
368525 1 27 3 3
346918 1 27 3 3
346873 1 27 3 4
534018 1 27 2 3
478092 1 27 2 4
477792 1 27 2 0
347553 1 27 2 1
346913 0 27 3 3
346917 0 27 3 3
347552 0 27 3 1
368521 0 27 3 3
368523 0 27 3 3
477796 0 27 3 0
478093 0 27 3 4
478805 0 27 3 3
479082 1 27 3 1
479084 1 27 3 1
479086 1 27 3 1
479088 1 27 3 1
534017 0 27 3 3
368972 1 28 4 1
518509 1 28 3 3
347789 1 28 3 0
368334 1 28 2 3
347112 1 28 2 1
346085 1 28 2 1
368169 1 28 1 2
346084 0 28 3 1
368333 0 28 3 3
532737 1 29 3 3
347987 1 29 3 1
347294 1 29 3 3
481620 1 29 2 3
346010 1 29 2 3
347290 1 29 1 1
157986 1 29 1 3
157985 0 29 3 3
346008 0 29 3 3
347291 0 29 3 1
347791 1 29 3 0
347792 1 29 3 0
518506 1 29 3 3
518507 1 29 3 3
347025 1 30 4 1
347658 1 30 3 3
346556 1 30 3 1
478922 1 30 2 1
441585 1 30 2 3
347525 1 30 2 0
346947 0 30 3 3
346040 1 30 2 1
346950 1 30 1 3
346039 0 30 3 1
346041 0 30 3 1
346044 0 30 3 1
346945 0 30 3 1
346946 0 30 3 3
347990 1 30 3 1
367839 0 30 3 3
295035 1 31 3 3
501593 1 31 2 1
478853 1 31 2 2
368171 1 31 2 3
347015 1 31 2 1
346949 1 31 2 3
346505 1 31 2 1
346063 1 31 2 1
319383 1 31 2 2
346506 0 31 3 1
346557 1 31 3 1
346559 1 31 3 1
346946 0 31 3 3
347024 1 31 3 1
368169 0 31 3 3
322966 1 32 3 1
478757 1 32 2 3
368855 1 32 2 1
368060 1 32 2 1
347506 1 32 2 2
272491 1 32 2 4
548549 1 32 1 3
476448 1 32 1 2
466362 1 32 1 3
368516 1 32 1 2
272492 0 32 3 4
295036 1 32 3 3
322968 0 32 3 1
347505 0 32 3 2
347507 0 32 3 2
368514 0 32 3 2
368857 0 32 3 1
368858 0 32 3 1
466360 0 32 3 3
466361 0 32 3 3
476447 0 32 3 2
476449 0 32 3 2
478755 0 32 3 3
548547 0 32 3 3
548550 0 32 3 3
537001 1 33 3 3
501936 1 33 3 4
346324 1 33 3 1
346007 1 33 3 1
368059 1 33 3 1
368063 1 33 3 1
536998 0 33 3 3
479023 1 34 3 3
477986 1 34 3 1
347293 1 34 3 3
347172 1 34 3 3
368065 1 34 2 2
367780 1 34 2 1
347024 1 34 2 1
346706 1 34 2 1
348010 1 34 1 3
346705 0 34 3 1
346707 0 34 3 1
346709 0 34 3 1
347025 0 34 3 1
347027 0 34 3 1
347288 0 34 3 3
347289 0 34 3 3
347290 0 34 3 3
348009 0 34 3 3
367781 0 34 3 1
367782 0 34 3 1
367784 0 34 3 1
368064 0 34 3 2
479024 0 34 3 3
478759 1 35 3 2
478848 1 35 2 2
368678 1 36 3 1
367779 1 36 2 1
347505 1 36 2 0
221441 1 36 2 3
500799 1 36 1 3
477845 1 36 1 1
210563 1 36 1 3
221439 0 36 3 3
368676 0 36 3 1
368677 0 36 3 1
368681 0 36 3 1
500797 0 36 3 3
478063 1 37 3 1
347140 1 37 3 3
367765 1 37 2 1
347335 1 37 2 4
346064 1 37 2 3
224728 1 37 2 3
466359 1 37 1 3
346061 0 37 3 3
346063 0 37 3 3
347136 0 37 3 3
347137 0 37 3 3
347138 0 37 3 3
347141 0 37 3 3
346804 1 38 3 1
430328 1 38 2 3
368687 1 38 2 3
365593 1 38 2 2
364897 1 38 2 1
346803 0 38 3 1
346807 0 38 3 1
430327 0 38 3 3
430329 0 38 3 3
363686 1 39 4 1
364775 1 39 3 1
347575 1 39 2 1
346705 1 39 1 1
221346 1 39 1 3
221344 0 39 3 3
221347 0 39 3 3
346706 0 39 3 1
347576 0 39 3 1
364776 0 39 3 1
367766 0 39 3 3
347826 0 40 13 4
368912 1 40 3 3
347334 1 40 3 4
347581 1 40 2 3
368161 1 40 1 3
347335 0 40 3 4
363683 1 40 3 1
368907 0 40 3 3
478011 1 41 3 0
346814 1 41 3 3
346803 1 41 3 0
509601 1 41 2 2
368315 1 41 2 1
368162 1 41 2 4
367782 1 41 2 2
364896 1 41 2 1
347170 1 41 2 1
346806 1 41 2 1
58246 1 41 2 3
346506 1 41 1 3
346504 0 41 3 3
346505 0 41 3 3
346804 0 41 3 0
346805 0 41 3 0
346808 0 41 3 0
346807 0 41 3 1
346808 0 41 3 1
346813 0 41 3 3
347171 0 41 3 1
367779 0 41 3 2
367781 0 41 3 2
368312 0 41 4 1
509600 0 41 3 2
477895 1 42 2 3
368316 1 42 2 3
270785 1 42 2 3
448225 1 42 1 3
368077 1 42 1 1
364776 1 42 1 1
270781 0 42 3 3
368080 0 42 3 1
368312 0 42 3 3
368314 0 42 3 3
477893 0 42 3 3
345999 1 43 4 4
367967 1 43 3 1
478012 1 43 2 0
347139 1 43 2 1
346804 0 43 3 1
347141 0 43 3 1
478014 0 43 3 0
347572 1 44 3 2
346807 1 44 3 3
173500 1 44 3 3
890 1 44 3 3
367655 1 44 2 1
368241 1 44 1 1
368086 1 44 1 1
364718 1 44 1 3
89555 1 44 1 4
173498 0 44 3 3
346805 0 44 3 3
346808 0 44 3 3
347573 0 44 3 2
367657 0 44 3 1
367968 1 44 3 1
367969 1 44 3 1
368085 0 44 3 1
368088 0 44 3 1
364518 1 45 2 1
368080 1 45 1 3
346507 1 45 1 4
888 1 45 3 3
889 1 45 3 3
368079 0 45 3 3
478931 1 46 3 1
364463 1 46 3 1
368919 1 46 2 1
368185 1 46 2 1
347552 1 46 1 1
364519 1 46 3 1
478930 0 46 3 1
478932 0 46 3 1
367598 1 47 3 1
364521 1 47 3 4
367875 1 47 2 1
367235 1 47 2 1
347136 1 47 2 0
346806 0 47 3 3
346807 0 47 3 3
347137 0 47 3 0
367236 0 47 3 1
368187 1 47 3 1
368188 1 47 3 1
356077 1 48 2 1
307445 1 48 2 3
307441 0 48 3 3
307443 0 48 3 3
307444 0 48 3 3
356078 0 48 3 1
364519 1 48 3 4
367599 0 49 13 3
356139 1 49 3 3
368054 1 49 2 1
367965 1 49 2 3
364108 1 49 1 1
363889 1 49 1 1
328553 1 49 1 3
173498 1 49 1 1
173499 0 49 3 1
173500 0 49 3 1
328554 0 49 5 3
356140 0 49 3 3
364107 0 49 3 1
368052 0 49 3 1
364840 1 50 4 1
367968 1 50 3 3
367442 1 50 3 1
328551 1 50 3 1
32649 1 50 3 3
368920 1 50 2 3
310903 1 50 2 3
367584 1 50 1 3
328552 0 50 3 1
328553 0 50 3 1
328550 1 50 3 3
328553 1 50 3 3
367598 1 50 3 3
367600 1 50 3 3
367969 0 50 3 3
368919 0 50 3 3
368921 0 50 3 3
367446 1 51 3 1
347327 1 51 3 3
190262 1 51 3 1
367898 1 51 2 3
363971 1 51 2 1
190263 0 51 3 1
190265 0 51 3 1
363975 0 51 3 1
367445 0 51 3 1
367448 0 51 3 1
367449 0 51 3 1
367899 0 51 3 3
368137 1 52 2 1
363434 1 52 2 1
132851 1 52 2 2
132852 0 52 3 2
363432 0 52 3 1
320769 1 53 4 3
367349 1 53 3 1
190646 1 53 3 1
477458 1 53 2 1
26456 1 53 2 3
26457 0 53 3 3
477459 0 53 3 1
477462 1 54 3 1
364528 1 54 3 1
191509 1 54 3 1
367750 1 54 2 1
363703 1 54 1 1
320765 1 54 3 3
364527 0 54 3 1
364529 0 54 3 1
364530 0 54 3 1
367350 1 54 3 1
367352 1 54 3 1
477461 0 54 3 1
346790 1 55 2 3
368139 1 55 1 3
368137 0 55 3 3
368138 0 55 3 3
363827 1 56 2 4
548505 1 57 4 1
363850 1 57 3 1
367242 1 57 2 1
367351 1 58 2 3
364531 1 58 2 3
190647 1 58 2 3
190645 0 58 3 3
190646 0 58 3 3
364527 0 58 3 3
368136 1 58 3 1
368139 1 58 3 1
548503 1 58 3 1
548506 1 58 3 1
363822 1 59 3 3
368738 1 59 2 3
189781 1 59 1 1
189783 0 59 3 1
363819 0 59 3 3
368736 0 59 3 3
549684 1 61 3 1
363282 1 61 2 1
363283 0 61 3 1
363285 0 61 3 1
549686 0 61 3 1
548503 1 62 2 1
548508 0 62 3 1
548509 0 62 3 1
364527 1 63 3 1
364529 0 63 3 1
548834 1 64 3 2
548833 0 64 3 2
548835 0 64 3 2
548836 0 64 3 2
363247 1 65 3 1
549657 1 65 2 1
548921 1 65 2 1
363248 0 65 3 1
549655 0 65 3 1
548880 1 66 3 1
548882 0 66 3 1
548883 0 66 3 1
548587 1 67 4 1
548526 1 67 2 1
189422 1 67 2 3
548529 0 67 3 1
549658 0 67 3 1
549537 1 68 3 1
363246 1 68 3 1
190981 1 68 3 1
363498 1 68 2 1
548832 1 68 1 1
363247 0 68 3 1
363250 0 68 3 1
548304 1 69 4 1
548918 1 69 2 0
138421 0 70 12 2
363249 1 70 3 3
363247 0 70 3 3
548557 1 71 3 1
549943 1 71 2 1
549786 1 71 2 3
548920 1 71 2 2
548879 1 71 2 1
138420 1 71 3 2
548880 0 71 3 1
548884 0 71 3 1
548570 1 72 4 2
549915 1 72 2 1
549143 1 72 2 1
548633 1 72 2 3
548524 1 72 1 1
548529 0 72 3 1
548530 0 72 3 1
548631 0 72 3 3
548634 0 72 3 3
549144 0 72 3 1
549145 0 72 3 1
549942 1 72 3 1
548804 1 73 1 1
189421 1 73 1 3
548571 1 73 3 2
548805 0 73 3 1
549227 1 74 3 1
343113 1 74 2 2
549228 0 74 3 1
548634 1 75 3 3
550048 1 75 2 1
548530 1 76 2 3
549229 1 77 2 3
548524 1 77 3 3
548527 1 77 3 3
374304 1 79 2 3
549472 1 79 1 1
549474 1 81 3 3
334724 1 81 2 3
548529 1 82 2 3
124441 1 82 1 3
124440 0 82 3 3
548525 0 82 3 3
548530 0 82 3 3
391912 1 87 1 3
391910 0 87 3 3
