243138 0 3 5 3
243139 0 3 5 3
344762 0 3 5 3
244406 0 4 5 1
291619 0 4 5 1
291621 0 4 5 1
334391 0 4 5 2
538176 0 5 5 2
35009 0 6 5 1
244263 0 6 5 3
291615 0 6 5 4
291616 0 6 5 4
292524 0 6 5 1
292528 0 6 5 1
292530 0 6 5 1
300200 0 6 5 2
34337 0 8 5 1
35009 0 8 5 3
548891 0 8 5 3
115941 0 9 5 3
300199 0 9 5 0
445805 0 11 5 3
32127 0 12 5 2
34139 0 14 5 3
115744 0 14 5 2
417749 0 15 5 1
417752 0 15 5 1
243063 0 18 5 1
420744 0 18 5 3
420747 0 18 5 3
243142 1 24 5 1
417728 0 24 5 1
417730 0 24 5 1
417734 0 24 5 1
419050 0 24 5 1
243142 0 29 5 3
243144 0 29 5 3
243145 0 29 5 3
544399 1 33 5 0
544393 0 33 5 1
417588 0 34 5 1
417589 0 34 5 1
543698 1 36 5 1
543702 1 36 5 1
544393 0 36 5 1
544396 0 36 5 1
544397 0 36 5 1
543812 1 37 5 1
543813 1 37 5 1
57427 0 38 5 4
542943 0 38 5 3
543053 0 38 5 1
54889 0 39 5 3
544067 0 39 5 1
544071 0 39 5 1
543331 0 42 5 4
543354 0 42 5 2
542893 1 43 5 2
457143 0 44 5 3
542975 0 46 5 3
543664 0 50 5 1
543663 1 55 5 1
544434 0 56 5 1
544435 0 56 5 1
542936 1 59 5 3
542937 1 59 5 3
542938 1 59 5 3
548413 0 59 5 1
548414 0 59 5 1
550015 1 59 5 1
543411 0 60 5 1
544326 0 60 5 1
544327 0 60 5 1
544328 0 60 5 1
543408 1 61 5 1
543411 1 61 5 1
544119 0 61 5 1
550020 1 64 5 3
544385 0 65 5 1
550017 1 65 5 3
550072 0 68 5 1
548403 0 69 5 3
550123 1 73 5 1
550122 1 74 5 1
549039 0 76 5 0
549041 0 76 5 0
549038 1 76 5 1
549041 1 76 5 1
549841 1 77 5 3
549037 0 79 5 3
549039 0 79 5 3
549842 0 80 5 2
548269 0 84 5 3
548270 0 84 5 3
283142 0 88 5 3
