317568 1 2 4 3
299738 1 3 3 3
202348 1 3 3 1
194574 1 3 3 3
88376 1 3 3 3
10705 1 3 3 3
10707 0 3 5 3
299739 0 3 5 3
317567 1 3 5 3
321482 1 4 2 3
74202 1 4 2 3
202349 1 4 5 1
321481 0 4 5 3
409249 1 5 3 3
129471 1 5 2 3
387025 1 5 1 1
387026 0 5 5 1
409248 0 5 5 3
134815 1 6 3 3
127317 1 6 3 1
387970 1 6 2 1
350527 1 6 2 3
230421 1 6 2 3
127320 0 6 5 1
127321 0 6 5 1
134813 0 6 5 3
134814 0 6 5 3
134816 0 6 5 3
230420 0 6 5 3
387968 0 6 5 1
387971 0 6 5 1
93453 1 7 2 1
10703 1 7 2 4
93454 0 7 6 1
396103 1 8 3 2
387630 1 8 3 0
387632 0 8 5 0
128338 1 9 2 1
128341 0 9 5 1
128077 1 10 4 1
93455 0 10 5 3
388080 1 11 2 1
128061 1 11 2 1
128078 1 11 5 1
128079 1 11 5 1
128080 1 11 5 1
128081 1 11 5 1
388079 0 11 5 1
388487 1 12 4 1
387971 1 12 2 1
387309 1 12 2 4
203177 1 12 2 1
128094 1 12 2 1
203178 0 12 5 1
387972 0 12 5 1
387140 1 13 3 3
128425 1 13 3 1
127429 1 13 3 1
388049 1 13 2 2
127430 0 13 5 1
387139 0 13 5 3
388048 0 13 5 2
388486 1 13 5 1
128427 1 14 5 1
128362 1 15 4 1
128093 1 15 3 1
127310 1 15 3 4
387889 1 15 2 1
203176 1 15 2 1
127110 1 15 1 1
127113 0 15 5 1
127114 0 15 5 1
128094 0 15 5 1
387891 0 15 5 1
386663 1 17 3 1
386662 1 18 5 1
386664 1 18 5 1
467511 1 20 3 3
388593 1 20 2 4
388051 1 20 2 3
128652 1 20 2 1
128650 0 20 5 1
388049 0 20 5 3
388050 0 20 5 3
291829 1 21 2 3
503085 1 23 2 3
503083 0 23 5 3
503084 0 23 5 3
388591 1 24 3 3
128581 1 24 2 1
388587 1 24 1 0
388590 1 26 3 3
127421 1 27 2 1
127422 0 27 5 1
388587 1 27 5 3
388588 1 27 5 3
388589 1 27 5 3
117075 1 28 1 3
117073 0 28 5 3
127054 1 29 3 1
387434 1 29 1 3
127056 0 29 5 1
387432 0 29 5 3
387435 0 29 5 3
127679 1 33 2 1
128478 1 35 3 1
127041 1 36 3 1
127044 0 36 5 1
127045 0 36 5 1
128479 1 36 5 1
128480 1 36 5 1
127658 1 37 2 3
127653 0 37 5 3
127654 0 37 5 3
127010 1 39 2 1
127009 0 39 5 1
127849 1 40 1 1
127851 0 40 5 1
128664 0 41 6 3
61283 1 41 2 2
127044 1 41 1 3
127042 0 41 5 3
128665 1 42 2 3
80210 1 43 3 3
128160 1 43 2 3
128158 0 43 5 3
128159 0 43 5 3
65138 1 44 3 2
127439 1 44 2 1
65137 0 44 5 2
127437 0 44 5 1
128659 1 46 1 1
127019 1 47 2 3
128186 1 48 2 1
128188 0 48 5 1
446425 1 49 1 3
65139 1 50 3 3
127981 1 50 2 1
127843 1 50 2 1
65137 0 50 5 3
65138 0 50 5 3
127983 0 50 5 1
127558 1 51 3 1
451396 1 52 3 3
126996 1 52 1 1
126994 0 52 5 1
451395 0 52 5 3
473448 1 53 2 3
128116 1 53 2 1
128436 1 53 1 1
128118 0 53 5 1
128437 0 53 5 1
473443 0 53 5 3
473446 0 53 5 3
473447 0 53 5 3
128132 1 54 2 1
128448 1 54 1 1
137078 1 55 3 1
137870 1 55 2 1
127836 1 55 2 3
127820 1 55 1 2
127580 1 55 1 1
127583 0 55 5 1
127837 0 55 5 3
137869 0 55 5 1
137871 0 55 5 1
126997 1 56 3 1
127954 1 56 1 1
126995 0 56 5 1
126998 0 56 5 1
127956 0 56 5 1
138050 1 57 3 1
128451 1 57 2 3
128353 1 57 2 1
128487 1 57 1 4
128439 1 57 1 2
128448 0 57 5 3
128449 0 57 5 3
138051 1 58 5 1
127519 1 59 3 1
128040 1 59 2 3
127037 1 59 1 3
127521 0 59 5 1
128355 1 61 4 3
127163 1 61 3 4
137655 1 61 2 1
126991 1 61 1 3
137657 0 61 5 1
128290 1 62 2 3
128353 1 62 5 3
127937 1 63 4 1
492316 1 63 3 3
138056 1 63 3 1
138051 1 63 3 1
128157 1 63 2 1
127980 1 63 1 1
127982 0 63 5 1
138057 0 63 5 1
138059 0 63 5 1
127217 1 64 3 1
127218 0 64 5 1
127219 0 64 5 1
128158 1 64 5 1
128159 1 64 5 1
138050 1 64 5 1
137622 1 65 4 1
127768 1 66 2 1
137625 1 66 5 1
127521 1 67 1 3
127520 0 67 5 3
138055 0 67 5 3
138057 0 67 5 3
128098 1 68 2 1
138052 1 68 1 1
128102 0 68 5 1
138050 0 68 5 1
127938 1 69 3 3
128101 1 70 1 3
128099 0 70 5 3
302377 1 72 2 3
138057 1 72 2 2
128098 0 72 5 1
128102 0 72 5 1
138056 0 72 5 2
302376 0 72 5 3
302378 0 72 5 3
128099 0 73 5 3
128100 0 73 5 3
22870 1 75 2 4
128394 1 75 1 0
128395 0 75 5 0
128396 0 75 5 0
