401859 1 2 4 4
333187 1 3 3 0
45746 1 3 3 4
401858 1 3 5 4
333188 1 4 5 0
333189 1 4 5 0
559342 1 5 1 4
429161 1 5 1 3
453651 1 6 3 3
143873 1 6 3 1
142271 1 6 2 1
218918 1 6 0 2
142272 0 6 5 1
453650 0 6 5 3
453652 0 6 5 3
430721 1 7 4 0
430722 1 7 2 1
430724 0 7 5 1
560548 1 8 2 3
213792 1 9 3 3
142453 1 9 2 3
213791 0 9 6 3
397826 1 10 3 3
431117 1 10 2 1
397827 0 10 5 3
431119 0 10 5 1
431120 0 10 5 1
213789 0 12 5 2
213790 0 12 5 2
397815 1 13 3 1
472355 1 13 2 2
454014 1 13 2 1
143843 1 13 1 1
397814 0 13 5 1
454017 0 13 5 1
143220 1 14 3 1
472356 1 14 5 2
397831 1 15 3 1
399682 1 15 1 3
143219 1 15 5 1
143224 1 15 5 1
397828 0 15 5 1
397830 0 15 5 1
397832 0 15 5 1
399681 0 15 5 3
454015 0 15 5 2
454018 0 15 5 2
454019 0 15 5 2
399533 1 16 3 1
453090 1 16 2 1
398436 1 17 4 1
139679 1 17 3 3
399183 1 17 2 1
143846 1 17 2 1
139676 0 17 5 3
139677 0 17 5 3
399534 1 17 5 1
399536 1 17 5 1
454019 0 17 5 3
399185 1 18 5 1
454016 0 18 5 3
454018 0 18 5 3
398214 1 19 4 1
532388 1 19 2 3
397832 0 19 5 0
452670 1 20 2 3
452671 0 20 5 3
397519 1 21 3 1
397811 1 21 2 1
453947 1 21 1 4
397521 0 21 8 1
397812 0 21 5 1
453948 0 21 5 4
454703 1 23 3 1
454391 1 23 3 1
454293 0 23 5 1
454292 0 23 5 1
454297 0 23 5 1
398910 1 24 3 1
454751 1 24 2 1
397587 1 24 2 1
454295 1 24 5 1
454296 1 24 5 1
454913 1 25 1 4
398913 1 25 5 1
454296 0 25 5 1
454754 1 25 5 1
454947 1 26 3 1
454752 1 26 3 1
454702 0 26 6 3
452844 1 26 2 1
397586 1 26 2 1
454294 1 26 5 3
454949 0 26 5 1
454705 1 27 3 3
397589 1 27 3 3
453992 1 27 2 1
454392 1 27 1 1
397588 0 27 5 3
453991 0 27 5 1
453994 0 27 5 1
454391 0 27 5 1
454751 1 27 5 1
398395 1 28 4 1
454390 1 28 2 1
397127 1 28 2 1
453620 1 28 1 1
397129 0 28 6 1
453621 0 28 5 1
453622 0 28 5 1
454393 0 28 5 1
454394 0 28 5 1
398394 1 29 5 1
398397 1 29 5 1
453831 1 30 3 0
454908 1 30 2 1
454252 1 30 2 3
399662 1 30 2 1
398916 1 30 2 4
453828 1 30 1 3
453829 0 30 5 3
454911 0 30 5 1
208092 1 31 3 3
398290 1 31 2 1
398041 1 31 2 1
42764 1 31 2 2
208091 0 31 5 3
397127 0 31 5 1
397130 0 31 5 1
398289 0 31 5 1
453832 1 31 5 0
452897 1 32 1 1
454851 1 33 4 3
454847 1 33 3 1
454836 1 33 3 0
452601 1 33 3 3
365133 1 33 3 3
453815 1 33 2 1
453619 1 33 2 1
452697 1 33 2 1
355455 1 33 2 3
355453 0 33 5 3
355454 0 33 5 3
452602 0 33 5 3
452698 0 33 5 1
452699 0 33 5 1
453621 0 33 5 1
452593 0 34 13 3
453325 1 34 4 1
454623 1 34 2 1
398205 1 34 2 1
454621 0 34 5 1
454848 1 34 5 3
454850 1 34 5 3
452588 1 35 4 1
397722 1 35 3 1
453246 1 35 2 1
398207 1 35 5 1
452587 1 35 5 3
452591 1 35 5 3
453327 1 35 5 1
398227 1 36 4 1
453687 1 36 3 1
453530 1 36 3 4
84358 1 36 3 3
43770 1 36 3 2
452895 1 36 2 4
452587 1 36 5 1
452590 1 36 5 1
454909 1 37 2 1
399364 1 37 2 1
397550 1 37 2 1
453013 1 37 1 1
397548 0 37 5 1
398225 1 37 5 1
398226 1 37 5 1
399365 0 37 5 1
399367 0 37 5 1
453014 0 37 5 1
453689 1 37 5 1
454185 1 38 3 4
399025 1 38 3 1
454567 1 38 2 1
454313 1 38 1 1
454315 0 38 5 1
454568 0 38 5 1
454569 0 38 5 1
454574 1 39 4 1
397174 1 39 3 1
399366 1 39 2 1
397320 1 39 2 1
398268 1 39 1 1
397176 0 39 5 1
398266 0 39 5 1
398267 0 39 5 1
398269 0 39 5 1
454911 0 40 6 3
399416 1 40 3 1
454235 1 40 2 4
397318 1 40 7 1
397319 1 40 5 1
397321 1 40 5 1
454572 1 40 5 1
454575 1 40 5 1
84353 1 41 4 4
397173 1 41 3 1
454910 1 41 2 3
453822 1 41 2 1
453247 1 41 1 1
397176 0 41 5 1
453248 0 41 5 1
454909 0 41 5 3
305793 1 42 2 3
485231 1 42 1 3
453823 1 42 5 1
453824 1 42 5 1
398099 1 43 3 1
453850 1 43 2 3
399438 1 44 2 3
397506 0 44 5 2
399630 0 44 5 1
429582 1 45 3 3
84352 1 45 3 4
399317 1 45 1 1
399316 0 45 5 1
398820 1 46 3 1
399319 1 46 2 3
399254 1 46 2 1
397643 1 46 2 1
397641 0 46 5 1
399316 0 46 5 3
399317 0 46 5 3
397326 1 47 4 1
397769 1 47 3 2
398819 1 47 5 1
398821 1 47 5 1
364939 1 48 4 1
399252 1 48 3 0
397461 1 48 3 1
398618 1 48 2 1
398592 1 48 1 1
397830 1 48 1 1
397806 1 48 1 0
397327 1 48 5 1
397809 0 48 5 0
397828 0 48 5 1
397829 0 48 5 1
398619 0 48 5 1
399255 0 48 5 0
399256 0 48 6 0
452827 1 49 3 1
399193 1 49 3 1
398542 1 49 3 1
397151 1 49 1 1
364937 1 49 5 1
364940 1 49 5 1
364942 1 49 5 1
397153 0 49 5 1
397154 0 49 5 1
398543 0 49 5 1
399195 0 49 5 1
452828 0 49 5 1
398366 1 51 3 1
399253 0 51 5 3
453428 1 52 2 3
397808 1 52 2 3
42369 1 52 2 3
42368 0 52 5 3
204159 1 53 3 2
397542 1 53 2 1
397155 1 53 2 3
397327 1 53 1 2
204160 0 53 5 2
398723 1 54 3 3
453653 1 54 2 1
397159 1 54 2 3
399195 1 54 1 3
398254 1 54 1 1
397158 0 54 5 3
453654 0 54 5 1
453655 0 54 5 1
452896 1 55 2 1
454257 0 55 5 1
398297 1 56 4 1
398257 1 56 3 3
454756 1 56 2 4
453554 1 56 1 3
397152 1 56 1 2
397154 0 56 5 2
397155 0 56 5 2
452897 1 56 5 1
452898 1 56 5 1
399234 1 57 3 1
399097 1 57 2 3
351483 1 57 2 3
398255 1 57 5 3
399235 0 57 5 1
453932 1 58 2 1
398552 1 58 2 1
42879 1 58 2 3
42877 0 58 5 3
42880 0 58 6 3
453934 0 58 5 1
454141 1 59 2 1
398253 1 59 2 1
398257 0 59 5 1
454143 0 59 5 1
454145 0 59 5 1
453009 1 60 3 1
398699 0 60 7 0
460029 1 60 2 3
454316 1 60 2 1
454755 1 60 1 3
454318 0 60 5 1
460028 0 60 5 3
461520 0 61 13 3
398557 1 61 3 1
399237 1 61 2 3
398277 1 61 2 1
42877 0 61 5 3
42878 0 61 5 3
398559 0 61 5 1
398700 1 61 5 1
453008 1 61 5 1
453010 1 61 5 1
453011 1 61 5 1
397280 1 62 3 1
398697 1 62 2 0
398091 1 62 2 3
397283 0 62 5 1
397853 1 63 3 1
453287 1 63 2 1
397187 1 63 2 1
453933 1 63 1 1
397854 0 63 5 1
397855 0 63 5 1
397857 0 63 5 1
453286 0 63 5 1
453288 0 63 5 1
453934 0 63 5 1
561883 1 64 3 3
454317 1 64 3 3
398627 1 64 3 1
40409 1 64 1 1
40407 0 64 5 1
398626 0 64 5 1
561884 0 64 5 3
398706 1 65 4 1
398581 1 65 4 1
418270 1 65 2 3
398229 1 65 2 3
454178 1 65 1 1
398226 0 65 5 3
398228 0 65 5 3
418265 0 65 5 3
418268 0 65 5 3
418269 0 65 5 3
397418 1 66 2 1
397398 1 66 2 2
397396 0 66 5 2
397419 0 66 5 1
397421 0 66 5 1
453265 1 67 3 1
397991 1 67 3 3
321155 1 67 3 3
398833 1 67 2 1
321154 0 67 5 3
397992 0 67 5 3
398832 0 67 5 1
398834 0 67 5 1
453266 0 67 5 1
453268 0 67 5 1
398807 0 68 5 1
397416 1 68 3 1
397397 1 68 3 2
398805 1 68 6 3
397857 1 68 1 3
397398 0 68 5 2
397418 0 68 5 1
397853 0 68 5 3
397856 0 68 5 3
398806 0 68 5 1
253467 0 69 13 4
452558 1 69 3 3
452553 0 69 5 3
452557 0 69 5 3
454354 1 70 3 1
398804 1 70 2 1
40407 0 70 5 3
253468 1 70 5 4
398803 0 70 5 1
398407 1 71 3 1
398836 1 71 2 3
397146 1 71 2 3
398408 0 71 5 1
398409 0 71 5 1
418268 1 72 2 2
418266 0 72 5 2
418270 0 72 5 2
399561 1 73 3 1
399281 1 73 3 1
321280 1 73 3 1
418267 1 73 2 1
321282 0 73 5 1
399285 0 73 5 1
398831 1 74 3 0
398464 1 74 3 1
398695 1 74 2 3
399560 1 74 5 1
418268 0 75 5 1
418269 0 75 5 1
399210 1 76 2 1
399209 0 76 5 1
321283 1 77 2 3
397143 1 77 1 3
399663 1 78 3 3
399662 0 78 5 3
419312 1 79 3 1
419313 0 79 5 1
399486 1 80 3 3
454423 1 82 3 4
360806 1 82 2 3
265361 1 82 1 3
360807 0 82 5 3
417539 1 83 3 3
399214 1 83 2 3
399209 0 83 5 3
399211 1 85 2 2
399213 0 85 5 2
294266 1 87 1 3
419708 1 88 1 0
419699 1 94 3 3
399214 0 85 5 2
