23020 0 3 5 2
390030 0 3 5 3
464577 1 3 5 1
478002 0 6 5 1
163600 0 7 5 0
536438 0 7 5 1
347344 0 8 5 1
347345 0 8 5 1
347348 0 8 5 1
347349 0 8 5 1
347441 0 8 5 1
347442 0 8 5 1
390033 1 8 5 1
347441 0 10 5 1
347444 0 10 5 1
347445 0 10 5 1
347467 1 11 5 0
367798 0 11 5 1
367800 0 11 5 1
346573 0 12 5 3
347442 0 12 5 3
347444 0 12 5 3
537316 0 12 5 1
559001 0 12 5 3
346444 0 13 5 1
346445 0 13 5 1
347500 0 13 5 1
347501 0 13 5 1
347998 0 13 5 1
367852 0 13 5 1
477435 1 13 5 1
477573 0 13 5 2
346550 0 14 5 3
346553 0 14 5 3
346101 0 15 5 3
346103 0 15 5 3
346313 0 15 5 2
346315 0 15 5 2
460215 1 15 5 3
460216 1 15 5 3
460218 1 15 5 3
477574 0 16 5 2
536196 0 16 5 1
536197 0 16 5 1
536199 0 16 5 1
346102 0 17 5 1
347501 0 17 5 1
347502 0 17 5 1
477574 0 17 5 0
537176 0 17 5 0
346452 0 18 5 3
345990 0 19 5 2
345991 0 19 5 2
536042 1 19 5 0
536044 1 19 5 0
208436 0 20 5 1
478718 0 20 5 4
478826 1 20 5 1
535981 0 20 5 1
535985 0 20 5 1
529065 0 21 5 3
529066 0 21 5 3
536196 0 21 5 3
536200 0 21 5 3
478755 0 22 5 1
208863 0 23 5 1
345923 0 23 5 1
345925 0 23 5 1
346159 0 23 5 3
346762 0 23 5 1
535963 1 23 5 1
209015 0 24 5 3
347938 0 24 5 1
420802 0 24 5 3
477923 0 24 5 1
477926 0 24 5 1
537339 0 24 5 1
346852 0 25 5 1
346854 0 25 5 1
347636 0 27 5 1
477923 0 27 5 3
479148 0 27 5 1
479150 0 27 5 1
537377 0 27 5 3
537380 0 27 5 3
346017 1 28 5 1
346018 1 28 5 1
347153 0 28 5 1
347154 0 28 5 1
477460 1 28 5 1
18465 0 29 5 0
18466 0 29 5 0
536367 1 29 5 1
536364 0 29 5 3
537241 0 29 5 3
535612 0 30 5 1
18465 0 31 5 3
346458 0 31 5 1
346463 0 31 5 1
346850 0 31 5 3
347149 0 31 5 3
535957 0 31 5 3
535453 0 32 5 1
536366 0 32 5 1
536367 0 32 5 1
18014 0 33 5 0
18015 0 33 5 0
20057 0 33 5 0
18939 0 34 5 3
18941 0 34 5 3
346854 1 34 5 1
535609 0 34 5 3
535610 0 34 5 3
535612 0 34 5 3
18463 0 35 5 0
347105 0 35 5 1
347470 1 35 5 0
347472 1 35 5 0
348000 1 35 5 3
478246 0 35 5 3
535954 0 35 5 3
18940 0 36 5 1
18942 0 36 5 1
346681 0 36 5 3
348022 0 36 5 1
483023 1 36 5 3
346284 0 38 5 1
346285 0 38 5 1
346286 0 38 5 1
346289 0 38 5 1
346542 1 38 5 1
347442 0 38 5 2
537090 0 38 5 0
346042 0 39 5 1
346044 0 39 5 1
346240 0 39 5 1
346241 0 39 5 1
346033 0 40 5 3
346035 0 40 5 3
347959 1 40 5 1
347961 1 40 5 1
345991 1 41 5 0
345993 1 41 5 0
346859 1 41 5 0
347551 0 41 5 1
347899 0 42 5 3
346044 1 43 5 1
346240 1 43 5 3
346241 1 43 5 3
473816 0 43 5 2
535616 1 43 5 1
347551 0 44 5 1
473117 0 44 5 2
347615 0 45 5 3
473819 1 45 5 1
347526 1 46 5 0
347958 0 46 5 1
472206 0 46 5 1
346039 1 47 5 3
346040 1 47 5 3
346041 1 47 5 3
346042 1 47 5 3
346043 1 47 5 3
346721 0 47 5 1
473819 0 47 5 3
473820 0 47 5 3
535615 0 47 5 2
346582 0 48 5 1
346583 0 48 5 1
347669 0 48 5 0
346540 0 50 5 1
347956 0 50 5 3
346003 0 51 5 1
472208 0 51 5 1
472281 1 51 5 1
346390 0 52 5 1
346438 0 52 5 1
346439 0 52 5 1
346535 0 52 5 2
346169 0 53 5 1
346170 0 53 5 1
346174 0 53 5 1
346169 0 53 5 1
346435 0 53 5 3
472206 0 53 5 3
472630 0 53 5 1
472452 0 54 5 1
472454 0 54 5 1
473473 0 54 5 1
166781 1 55 5 3
166782 1 55 5 3
166783 1 55 5 3
346536 1 55 5 3
472245 0 55 5 1
346923 0 56 5 0
346927 0 56 5 0
473113 0 56 5 1
347135 1 57 5 0
347438 0 57 5 3
347720 1 57 5 1
347721 1 57 5 1
472736 0 57 5 1
473719 1 57 5 1
473723 1 57 5 1
346472 0 58 5 1
472012 0 58 5 1
473211 0 58 5 1
79407 0 59 5 2
161799 0 59 5 3
161800 0 59 5 3
346818 1 59 5 3
346820 1 59 5 3
346924 0 59 5 3
472259 0 59 5 1
472452 0 59 5 3
473723 1 59 5 0
92686 0 60 5 2
346469 0 60 5 1
347068 0 60 5 0
347070 0 60 5 0
346170 0 61 5 3
346172 0 61 5 3
346173 0 61 5 3
472246 0 61 5 0
473177 0 61 5 0
473179 0 61 5 0
473180 0 61 5 0
473181 0 61 5 0
347137 0 62 5 1
347139 0 62 5 1
347140 0 62 5 1
347141 0 62 5 1
472806 1 62 5 0
472805 0 62 5 2
472806 0 62 5 2
472809 0 62 5 2
473657 0 63 5 1
473658 0 63 5 1
346394 0 64 5 1
346395 0 64 5 1
346638 0 64 5 3
472158 0 64 5 1
472257 1 64 5 3
473208 0 64 5 2
473266 0 64 5 1
347139 0 66 5 3
347141 0 66 5 3
473618 0 66 5 4
472947 0 67 5 3
472948 0 67 5 3
473657 1 67 5 2
346638 0 68 5 3
387245 0 68 5 3
417220 1 68 5 3
417221 1 68 5 3
211890 0 69 5 3
346385 0 69 5 3
347137 0 69 5 3
347214 0 70 5 0
473150 0 70 5 1
473601 0 70 5 0
473658 0 71 5 0
473659 0 71 5 0
473660 0 71 5 0
347643 0 72 5 1
473189 0 72 5 1
346330 0 73 5 1
346331 0 73 5 1
346332 0 73 5 1
473620 0 73 5 3
346074 0 74 5 1
473112 0 74 5 1
347245 1 75 5 1
473009 0 75 5 1
472563 0 76 5 2
473462 1 76 5 1
473680 1 76 5 1
473683 1 76 5 1
472048 0 77 5 0
472620 0 77 5 0
346196 0 78 5 1
346197 0 78 5 1
472538 0 78 5 3
473243 0 78 5 1
473240 1 78 5 1
473243 1 78 5 1
346063 0 79 5 1
472637 0 79 5 1
472854 0 79 5 1
36962 1 80 5 2
428498 0 80 5 1
428499 0 80 5 1
472047 0 80 5 2
472051 0 80 5 2
472097 1 80 5 0
472869 0 80 5 0
473679 1 80 5 0
347538 0 81 5 0
472049 0 81 5 3
473459 1 81 5 1
473462 1 81 5 1
473679 0 81 5 3
473682 0 81 5 3
472226 0 82 5 1
472228 0 82 5 1
472848 0 82 5 1
346218 0 83 5 4
472043 0 83 5 1
473240 1 83 5 3
473241 1 83 5 3
481656 0 83 5 4
428499 0 84 5 3
428500 0 84 5 3
429181 0 84 5 1
429353 0 84 5 1
429354 0 84 5 1
473308 0 84 5 1
473309 0 84 5 1
428498 1 85 5 3
428499 1 85 5 3
428502 1 85 5 3
473035 0 85 5 1
346458 0 86 5 0
472022 0 86 5 1
473084 0 86 5 4
56853 0 87 5 2
428536 1 87 5 1
428537 1 87 5 1
431322 0 87 5 3
431323 0 87 5 3
15901 0 88 5 3
429125 0 88 5 3
472148 1 88 5 1
346602 0 89 5 3
346604 0 89 5 3
428739 0 89 5 1
472029 0 89 5 2
472032 0 89 5 2
542782 0 89 5 3
561920 1 89 5 3
427932 0 90 5 4
428538 0 90 5 3
428740 0 91 5 0
431324 1 91 5 3
473188 0 91 5 3
473189 0 91 5 3
473190 0 91 5 3
56854 0 92 5 0
429118 0 92 5 1
429119 0 92 5 1
472139 0 92 5 1
472140 0 92 5 1
472141 0 92 5 1
472482 1 94 5 0
473252 0 94 5 3
429118 0 95 5 3
429429 0 95 5 3
428034 0 96 5 1
428962 1 96 5 1
473410 1 96 5 1
473412 1 96 5 1
473416 1 96 5 1
429584 0 97 5 3
472479 0 100 5 3
472481 0 100 5 3
473415 0 100 6 1
473799 1 101 5 3
473800 1 101 5 3
428656 0 103 5 1
428658 0 103 5 1
428969 1 103 5 3
473424 0 104 5 1
473426 0 104 5 1
428787 0 106 5 3
173757 0 109 5 3
173758 0 109 5 3
