66332 4 3 3 0
179002 4 3 3 0
220831 4 3 3 0
274671 4 3 1 0
179918 5 4 3 0
360624 5 4 2 0
226454 6 3 3 0
282808 6 5 3 0
115776 7 3 1 0
274675 7 2 3 1
420416 7 3 3 0
420749 7 2 1 0
226765 8 3 3 0
448230 8 4 3 0
448228 9 2 1 1
117364 11 2 0 0
117367 11 3 1 0
419183 11 3 4 1
391442 12 5 3 0
449476 14 4 1 0
449813 14 2 1 1
314777 15 3 3 0
117370 16 4 3 0
116477 18 3 1 0
448560 19 2 3 0
449005 19 4 1 0
449478 21 2 0 0
116479 22 3 1 0
448974 22 1 1 0
449355 22 2 1 0
116475 23 3 1 0
116926 23 2 1 0
449680 23 2 1 1
448258 24 2 1 0
449357 25 3 3 0
449696 25 2 1 0
116759 26 3 1 0
116978 26 3 1 0
448684 26 3 3 0
448936 26 1 1 0
448968 26 3 3 0
448973 26 2 1 0
449335 26 2 2 1
449730 26 2 1 0
116481 27 3 3 0
448181 27 2 1 0
116758 28 3 1 0
448528 28 2 1 0
448942 28 2 1 0
448984 28 2 1 0
448750 29 3 1 0
449692 29 2 1 0
117257 30 2 1 0
448180 30 2 1 0
448257 30 3 1 0
448972 30 3 1 1
449391 30 3 1 1
116806 31 2 1 0
116808 31 4 3 0
116928 31 3 3 0
116981 31 4 3 0
117179 31 3 1 0
117253 31 3 3 1
118358 31 3 3 1
149494 31 1 3 1
448747 31 3 1 0
448758 31 3 3 0
449936 31 2 1 0
448467 32 3 1 0
449582 32 3 1 0
449845 32 3 1 0
18728 33 2 2 1
117262 33 3 4 1
249902 33 2 3 0
448184 33 4 3 0
448642 33 2 3 0
448848 33 2 1 0
449144 33 2 2 0
449339 33 3 3 0
449419 33 4 1 0
449511 33 2 3 0
148116 34 3 3 0
445881 34 3 3 0
448441 34 3 1 0
448527 34 2 0 0
448530 34 3 1 0
448875 34 4 1 0
449165 34 2 0 0
449169 34 4 1 0
366749 35 3 3 1
449349 35 3 1 0
449937 35 2 1 0
448465 36 4 1 0
448510 36 1 0 0
448630 36 2 1 1
449418 36 3 1 0
449698 36 4 3 0
449757 36 3 3 0
116126 37 3 1 1
147378 37 3 3 0
155911 37 3 3 0
207762 37 3 3 0
448259 37 4 3 0
448951 37 2 1 0
449127 37 3 3 0
449417 37 3 1 0
449588 37 3 1 0
155910 38 3 3 1
188764 38 1 0 0
448582 38 4 1 0
448641 38 4 2 0
448643 38 2 3 1
448833 38 1 1 0
448963 38 3 1 0
449488 38 3 2 0
449735 38 4 1 0
156114 39 2 3 0
276868 39 2 3 0
448466 39 3 1 0
448559 39 2 1 0
449152 39 3 1 0
449686 39 4 1 1
449935 39 2 1 1
513991 39 2 3 0
547641 39 2 3 1
15729 40 3 4 0
116128 40 4 3 0
157500 40 2 1 0
448424 40 2 1 0
449415 40 4 3 0
449689 40 2 3 0
525132 40 1 3 0
9657 41 2 2 1
440286 41 2 3 0
448342 41 3 2 0
448345 41 3 3 0
448531 41 4 3 0
448577 41 4 1 0
449838 41 3 4 0
61652 42 2 3 0
448339 42 4 0 0
448554 42 3 1 0
448835 42 3 3 0
208733 43 2 3 0
447337 43 3 3 0
448836 43 3 3 0
449688 43 3 1 0
526498 43 3 2 1
276617 44 4 3 0
448366 44 2 3 0
448513 44 4 3 0
448536 44 3 3 0
156054 45 3 1 0
157021 45 4 3 0
448425 45 4 1 0
513990 45 4 2 0
550133 45 2 4 1
157222 46 2 1 0
447339 46 3 4 1
448556 46 3 3 1
117269 47 3 3 0
156055 47 2 3 1
297234 47 2 3 0
448352 47 4 1 0
449510 47 3 2 0
450129 47 4 1 0
156056 48 4 3 0
288580 48 2 3 0
294124 48 4 3 0
549033 48 2 3 0
157224 49 3 1 0
449982 49 4 0 0
464983 49 2 3 0
548904 49 4 3 0
156551 51 2 3 0
357047 51 3 3 0
449099 52 3 1 0
157612 54 2 1 0
157615 54 3 3 0
314876 54 3 4 1
93701 56 3 3 0
155982 56 4 1 1
52190 61 4 3 0
156758 62 2 1 0
52185 64 3 1 0
50642 65 2 1 0
50926 68 2 4 0
50638 69 4 1 0
50644 69 4 3 0
51563 69 3 1 0
50637 70 3 1 0
50648 70 5 1 0
50647 73 3 1 0
51404 75 3 1 0
51575 75 2 1 0
50983 76 4 1 0
50984 76 2 3 1
51361 76 2 0 0
51574 77 1 1 0
52144 77 3 3 0
51095 78 3 1 0
52026 78 3 1 0
50396 79 2 3 0
52017 79 3 2 1
51073 80 2 1 0
51667 80 2 1 0
50704 81 4 1 0
50885 81 4 1 0
51309 81 3 4 0
51713 81 2 1 0
51821 81 4 1 0
51083 82 1 2 0
51281 82 3 3 1
51302 82 3 1 0
50668 83 1 1 0
51278 83 3 1 0
51305 83 2 3 0
302872 83 2 3 0
50707 84 2 1 0
51303 84 3 1 0
51666 84 3 0 0
52041 84 2 1 0
50315 85 4 1 0
52162 85 2 2 0
52186 85 4 3 0
52202 86 4 1 0
340940 86 4 3 0
51345 87 4 1 0
52163 88 3 3 0
52200 89 3 1 0
51710 90 3 3 0
50702 91 3 3 0
51050 91 4 1 0
51132 91 3 1 0
51801 91 3 1 0
52040 91 4 1 0
51344 93 4 0 0
50440 94 3 1 0
50923 94 4 4 1
51718 95 4 3 0
52171 96 3 1 0
11483 97 2 1 0
50600 99 3 1 0
87182 99 3 3 0
11536 100 2 1 0
50736 100 2 1 0
52172 100 2 1 0
51927 102 4 1 0
12196 103 2 1 0
11149 105 2 1 0
52173 107 4 1 0
114576 107 2 1 0
11842 108 3 1 0
12542 108 2 1 0
114378 108 4 0 0
51434 110 4 1 0
52159 111 3 3 0
98049 111 3 2 0
51495 112 4 1 0
51588 112 1 1 0
115068 112 2 1 0
115226 112 2 1 0
11633 115 2 0 0
51539 115 3 1 1
114140 115 3 1 0
114141 115 2 1 0
114549 116 4 3 0
115227 116 3 1 0
115263 116 3 3 0
51536 117 3 0 0
51589 117 3 1 0
97268 118 2 1 0
115069 118 4 1 0
98583 119 3 3 0
51856 120 2 1 0
115380 120 2 1 0
51026 121 2 1 0
51888 121 2 1 0
51951 121 3 1 0
51142 122 4 1 0
98587 122 4 1 0
50329 123 4 4 1
50485 123 3 1 0
50591 124 3 1 0
51541 124 2 3 0
96900 124 2 1 0
50764 125 3 1 0
52313 125 4 1 0
98585 125 2 1 0
50778 126 3 1 0
258419 126 2 3 0
51911 128 3 1 0
99105 128 2 1 0
50486 129 2 1 0
50665 129 2 1 0
51048 129 3 1 0
51829 129 2 1 0
98533 129 3 1 0
98904 129 4 3 0
130726 129 3 1 0
50590 130 4 1 0
51399 130 3 1 0
51989 130 3 4 0
97547 130 3 1 0
111869 130 2 3 0
157793 130 2 3 0
50666 131 2 3 0
96903 131 3 3 0
97248 131 3 1 1
99130 131 3 0 0
130725 131 3 1 0
51047 132 2 3 0
92810 132 2 2 0
99207 132 2 1 0
50935 133 3 1 0
51782 133 2 1 0
52050 133 4 1 0
97246 133 3 0 0
97546 133 4 1 0
99206 133 3 1 0
130839 133 3 1 0
140997 133 2 1 0
503864 133 3 3 0
50687 134 2 3 0
50737 134 2 1 0
51677 134 4 1 0
51926 134 3 1 0
112279 134 3 3 0
129802 134 3 1 0
48047 135 3 3 0
51401 135 3 2 0
97256 135 3 3 0
97539 135 2 3 1
130859 135 3 1 0
152487 135 2 2 0
545239 135 2 3 0
50335 136 2 1 0
50560 136 3 1 0
51131 136 3 3 0
51935 136 2 1 0
97629 136 3 3 0
98348 136 4 1 0
98353 136 2 3 0
130253 136 3 1 0
516413 136 3 3 0
50746 137 2 3 0
50991 137 2 4 0
98739 137 2 1 0
129886 137 2 1 0
140998 137 3 1 0
50694 138 4 4 0
96949 138 3 1 0
97538 138 3 3 0
99090 138 2 2 0
99262 138 2 4 0
50401 139 3 1 0
97632 139 3 3 0
97703 139 2 0 1
98349 139 3 1 0
98965 139 3 1 0
52128 140 4 3 0
97528 140 2 1 0
97999 140 2 1 0
98255 140 2 3 0
129096 140 2 0 0
129490 140 3 1 0
129888 140 2 3 0
50561 141 3 1 0
51938 141 3 3 0
97536 141 3 1 0
97650 141 2 1 0
98402 141 2 0 0
129801 141 3 1 0
129872 141 2 1 0
141222 141 1 1 0
143808 141 2 3 1
152489 141 4 3 0
50400 142 2 0 0
50567 142 2 1 0
52049 142 3 1 0
98737 142 4 1 0
128931 142 1 1 0
129541 142 3 1 0
130585 142 3 1 0
96911 143 3 1 0
97201 143 3 1 0
97304 143 3 1 0
98034 143 2 1 0
98805 143 2 1 0
99075 143 2 1 0
129069 143 3 0 0
129657 143 2 1 0
129750 143 3 1 0
130473 143 3 0 0
96989 144 3 1 0
98350 144 4 1 0
98355 144 3 1 0
98651 144 3 1 0
129013 144 1 1 1
130244 144 3 1 0
130519 144 2 1 1
52048 145 4 0 0
129310 145 3 1 0
129752 145 3 3 0
140117 145 3 1 1
140376 145 2 1 0
96769 146 2 1 0
97063 146 2 1 0
97627 146 3 1 0
98579 146 2 1 0
98684 146 3 3 0
99117 146 1 1 0
129076 146 2 3 0
129413 146 3 1 1
130589 146 4 1 0
140711 146 3 3 0
141447 146 3 1 0
50568 147 3 1 0
99355 147 3 3 0
128947 147 1 0 0
128950 147 2 1 0
130243 147 3 1 0
140128 147 3 0 0
51979 148 4 0 0
99255 148 3 1 0
129089 148 4 1 0
129460 148 2 1 0
129655 148 4 1 0
129721 148 3 1 0
130144 148 3 3 0
130587 148 3 3 0
140404 148 2 1 0
140814 148 2 1 0
409332 148 2 3 1
50569 149 2 3 0
96767 149 3 0 0
97777 149 4 1 0
129700 149 3 1 0
130387 149 3 1 0
130388 149 3 1 0
130712 149 2 1 0
141854 149 3 1 0
399196 149 2 2 0
453384 149 2 3 0
97514 150 3 1 0
98330 150 3 0 0
99077 150 3 3 0
99311 150 4 3 0
127736 150 3 3 0
128952 150 2 3 0
129475 150 3 1 0
129706 150 3 0 1
129720 150 2 0 0
130241 150 3 0 0
130573 150 3 1 0
140443 150 3 4 0
141633 150 3 1 0
99039 151 2 1 0
99119 151 3 3 0
129414 151 3 3 0
129654 151 4 0 0
130779 151 2 1 0
140099 151 2 1 0
329974 151 2 0 0
96772 152 3 3 0
97301 152 4 3 1
97340 152 3 3 0
98292 152 3 1 0
128923 152 2 1 0
129419 152 3 1 0
129874 152 1 2 0
130576 152 2 3 0
140591 152 4 4 1
141629 152 2 1 0
329972 152 4 2 0
96770 153 4 1 0
96786 153 3 1 0
98295 153 3 3 0
98329 153 3 0 0
99076 153 3 1 0
128903 153 2 1 0
129805 153 2 0 0
130722 153 3 1 0
140244 153 3 0 0
96783 154 2 3 0
96792 154 3 1 0
97148 154 4 1 0
97198 154 3 1 0
99040 154 3 1 1
99279 154 3 3 0
129476 154 4 1 0
130305 154 3 4 1
130386 154 4 4 0
130780 154 3 3 0
141048 154 3 4 0
141238 154 2 1 0
290108 154 4 2 0
329971 154 3 2 0
38389 155 1 2 0
96836 155 3 3 0
97203 155 3 1 0
98212 155 4 1 0
98300 155 2 3 0
98930 155 4 1 0
129502 155 3 2 0
129897 155 2 1 1
130162 155 2 1 0
130610 155 3 1 0
329975 155 3 0 0
96793 156 1 1 0
129077 156 3 1 0
129245 156 2 1 0
129653 156 2 3 0
130176 156 2 1 0
130184 156 2 1 0
140416 156 3 2 0
141042 156 3 1 0
141631 156 3 3 0
421801 156 2 2 0
38216 157 2 2 0
96742 157 3 3 1
97555 157 2 1 0
98293 157 2 2 0
98749 157 4 1 0
98887 157 4 4 1
129401 157 3 1 0
129420 157 3 1 0
129504 157 3 2 0
129507 157 2 3 0
129890 157 3 3 0
129909 157 3 0 0
130391 157 2 2 0
130546 157 4 1 0
140100 157 3 1 0
141723 157 2 3 0
329976 157 2 1 0
79603 158 3 2 0
98752 158 1 2 0
99324 158 3 3 0
128951 158 4 3 0
129078 158 2 1 0
129477 158 3 3 1
129505 158 3 3 0
129518 158 3 4 1
129753 158 3 1 0
130186 158 3 3 0
130270 158 3 1 0
130628 158 1 1 0
130827 158 4 1 0
140465 158 3 1 0
140845 158 2 1 0
140947 158 3 1 1
288874 158 3 3 0
92492 159 3 1 0
96829 159 3 3 0
96843 159 3 1 0
97102 159 3 2 0
97532 159 4 1 0
98298 159 3 0 0
98748 159 4 1 0
128876 159 4 3 0
129404 159 3 3 0
130529 159 3 1 0
130658 159 2 1 1
140090 159 3 1 0
141158 159 2 3 0
330446 159 3 0 0
97557 160 4 3 0
97605 160 2 1 0
97694 160 2 0 0
97854 160 3 3 1
98202 160 4 2 0
98747 160 3 0 0
99292 160 4 1 0
99316 160 2 1 0
129126 160 3 4 1
129177 160 2 1 1
129311 160 3 3 0
129481 160 2 0 0
129746 160 4 0 0
129754 160 3 1 0
129896 160 4 1 0
130602 160 1 3 0
130611 160 2 1 0
140788 160 2 1 0
141442 160 2 1 0
96791 161 2 3 0
97531 161 3 1 0
97607 161 2 3 0
97892 161 2 1 0
129079 161 3 1 0
129285 161 3 1 0
129673 161 2 1 0
130097 161 1 0 0
130098 161 2 1 0
130718 161 2 3 0
130825 161 2 3 0
140089 161 1 0 0
140102 161 3 3 0
140864 161 2 1 0
141500 161 3 3 0
154390 161 4 3 0
188622 161 2 3 1
96543 162 1 1 0
97222 162 1 1 0
97226 162 2 1 0
97345 162 1 1 0
98226 162 4 3 1
98638 162 2 1 0
99185 162 3 4 0
99271 162 2 1 0
129739 162 2 4 0
130272 162 3 3 0
130612 162 2 1 0
140401 162 2 3 0
140426 162 4 1 0
170766 162 3 3 0
421524 162 4 3 1
23948 163 2 3 0
35394 163 2 3 0
38217 163 3 2 0
92493 163 4 1 0
96437 163 3 3 0
96828 163 3 3 0
97553 163 3 1 0
97708 163 2 4 1
98110 163 3 3 1
98204 163 3 2 0
98809 163 2 4 1
98926 163 3 1 0
99037 163 2 1 0
121760 163 3 2 0
129530 163 3 1 0
130245 163 2 3 1
140490 163 3 1 0
140790 163 4 1 0
202701 163 4 3 0
261999 163 3 2 0
274427 163 2 3 1
339195 163 3 3 0
96844 164 4 2 0
97028 164 3 1 0
98007 164 1 1 0
98888 164 2 4 1
98985 164 3 2 1
99122 164 1 1 0
99313 164 3 0 0
128899 164 4 1 0
129082 164 2 1 0
129329 164 3 1 0
129458 164 2 1 0
129526 164 1 1 0
130100 164 3 1 0
130445 164 2 3 0
130740 164 1 1 0
140789 164 2 1 1
140792 164 3 3 0
140820 164 2 3 0
141281 164 3 1 0
142885 164 1 2 0
203612 164 3 2 0
439359 164 2 2 1
23945 165 3 1 0
98488 165 4 1 0
99221 165 2 1 0
99314 165 2 1 0
130101 165 1 2 0
140456 165 2 1 1
141775 165 4 1 0
191021 165 3 2 1
530293 165 3 3 0
24670 166 3 1 0
32830 166 2 3 0
96928 166 3 1 0
98008 166 1 1 0
128954 166 2 1 0
129081 166 4 3 0
141474 166 2 3 0
188621 166 3 3 0
232206 166 3 2 0
24444 167 2 1 0
97346 167 3 1 0
97516 167 3 3 1
98146 167 4 1 0
98171 167 2 1 0
99093 167 3 3 0
129830 167 3 3 0
138472 167 3 3 0
140056 167 2 1 0
141061 167 3 1 0
141777 167 4 1 0
303442 167 4 3 0
439113 167 2 1 0
439159 167 3 1 0
97858 168 3 1 0
97927 168 4 1 0
129085 168 3 3 0
140708 168 4 1 0
141771 168 3 1 1
219922 168 1 1 0
303435 168 2 2 0
554801 168 3 3 0
97687 169 3 4 0
98608 169 3 3 0
98945 169 3 1 0
99220 169 3 1 0
140285 169 3 1 0
141770 169 3 1 0
163960 169 2 3 1
318434 169 1 3 0
23541 170 2 3 0
24066 170 2 3 0
24673 170 4 3 0
96630 170 4 3 1
97524 170 4 3 0
98021 170 3 0 0
99219 170 2 0 0
99222 170 4 1 0
127791 170 3 4 1
127799 170 4 2 0
140281 170 2 0 0
140651 170 3 4 0
217727 170 3 1 0
228541 170 4 3 0
233835 170 3 3 0
439867 170 3 1 0
23036 171 3 1 0
24681 171 3 1 0
97523 171 3 3 0
98170 171 4 1 0
98637 171 3 1 0
98817 171 3 0 0
99224 171 4 3 0
140990 171 5 1 0
141221 171 2 1 0
141376 171 3 1 0
141831 171 3 3 0
141837 171 2 1 0
141916 171 4 3 0
142186 171 2 1 0
258916 171 3 2 1
330020 171 4 3 1
331577 171 3 1 1
438213 171 2 1 0
439111 171 2 1 1
439236 171 2 1 0
561734 171 2 3 0
3172 172 4 3 1
23040 172 2 3 0
24478 172 2 1 0
89562 172 2 3 0
97928 172 3 1 0
98636 172 3 0 0
98641 172 2 3 0
98822 172 4 3 1
98944 172 2 0 0
99343 172 3 3 0
102807 172 3 2 0
124072 172 2 3 0
130346 172 2 1 0
141773 172 3 3 0
159864 172 4 3 0
216730 172 3 1 0
234701 172 2 4 1
331688 172 2 0 0
343123 172 3 2 0
367012 172 2 3 0
438119 172 2 1 0
439630 172 1 1 0
24032 173 3 1 0
96788 173 4 1 0
98819 173 2 1 0
99174 173 2 1 0
99215 173 2 1 0
142187 173 2 1 0
161379 173 2 1 0
162232 173 2 3 0
328709 173 2 3 0
355450 173 3 3 1
439090 173 2 1 0
439873 173 2 3 0
24111 174 3 1 0
96916 174 2 3 1
98018 174 2 3 1
98928 174 2 3 0
98929 174 3 3 0
99156 174 3 2 1
142188 174 2 1 0
173421 174 3 3 0
180547 174 3 3 0
228540 174 3 3 0
438166 174 2 1 0
438290 174 3 1 0
24682 175 3 1 0
98174 175 4 4 1
98640 175 2 3 0
140992 175 4 3 0
141710 175 2 1 0
161629 175 2 3 0
220991 175 2 1 0
246188 175 2 2 0
318436 175 4 3 0
438961 175 3 1 0
439237 175 2 2 1
439709 175 3 1 0
471689 175 3 3 0
98831 176 3 1 0
140263 176 4 3 1
141075 176 1 1 0
141399 176 2 3 0
143461 176 2 1 0
171649 176 3 3 0
174641 176 4 2 1
425233 176 3 3 0
439235 176 3 1 0
439631 176 4 3 1
517554 176 2 3 1
23120 177 4 1 0
190527 177 3 2 0
217889 177 3 1 0
425232 177 3 3 0
438474 177 3 3 1
22493 178 3 1 0
23126 178 2 1 0
74037 178 3 4 0
220812 178 2 1 0
438202 178 3 3 0
23250 179 2 1 0
23849 179 3 1 0
98017 179 2 1 0
98794 179 1 4 1
140299 179 2 1 0
140976 179 2 1 0
141076 179 2 3 0
331244 179 3 2 0
438582 179 4 4 1
438960 179 3 1 0
23125 180 3 3 0
23851 180 3 1 0
97455 180 2 1 0
98501 180 3 1 0
206210 180 4 3 0
217044 180 2 1 0
217131 180 3 1 0
217489 180 2 1 0
377537 180 2 4 0
378564 180 2 1 0
425231 180 2 1 0
430351 180 4 3 0
438561 180 2 1 0
445395 180 2 3 0
23056 181 4 1 0
30289 181 2 3 0
140886 181 2 1 0
140977 181 2 3 0
216618 181 3 0 0
216622 181 2 3 1
216628 181 3 1 0
220431 181 3 1 1
377380 181 3 1 0
23130 182 3 3 0
98497 182 2 1 0
140400 182 2 1 0
216632 182 3 3 1
216802 182 4 1 1
217452 182 3 1 0
220815 182 4 3 0
229512 182 3 1 0
23325 183 2 3 0
23854 183 3 3 0
23989 183 2 1 0
140183 183 4 1 0
217006 183 3 1 0
217741 183 2 1 0
220430 183 3 0 0
378562 183 1 0 0
378775 183 3 1 0
23251 184 4 1 0
98016 184 3 1 0
98670 184 1 1 0
378421 184 3 1 0
438560 184 2 1 0
496061 184 2 3 0
23252 185 3 3 1
24236 185 1 1 0
141320 185 3 2 0
216630 185 2 3 0
216795 185 2 1 0
217035 185 4 3 0
217667 185 3 1 0
221413 185 3 1 0
228092 185 2 1 0
438355 185 2 3 0
24532 186 3 3 0
216627 186 3 1 0
217015 186 2 1 0
217258 186 4 1 0
217322 186 3 1 0
377368 186 3 1 0
377876 186 2 1 0
391744 186 2 3 0
23632 187 1 1 0
121168 187 4 3 0
140770 187 3 1 0
216418 187 1 1 0
216467 187 3 1 0
217317 187 4 1 1
217441 187 4 3 0
378420 187 2 0 0
378424 187 2 3 0
378733 187 2 3 0
98673 188 2 0 0
141576 188 3 1 0
216661 188 4 1 0
217323 188 2 1 0
217432 188 2 1 0
217440 188 2 3 0
217717 188 3 1 0
229797 188 3 1 0
525585 188 3 3 0
23850 189 3 1 0
24531 189 2 2 1
62171 189 3 3 0
141239 189 3 1 0
216803 189 1 1 0
217277 189 4 1 0
217507 189 3 1 0
217668 189 3 1 0
227868 189 3 1 0
228090 189 3 3 0
245124 189 4 3 0
140402 190 2 3 0
141563 190 2 1 0
196620 190 2 1 0
216466 190 2 1 0
216817 190 2 1 1
217431 190 2 1 0
220237 190 4 1 0
220279 190 2 4 1
256377 190 3 4 0
360047 190 2 3 0
377302 190 2 3 0
378430 190 3 3 0
378650 190 4 3 0
378866 190 3 1 0
397428 190 3 3 0
17849 191 3 2 0
141337 191 4 3 0
141389 191 3 1 0
217827 191 3 1 0
221414 191 4 1 0
229798 191 2 1 0
377392 191 3 4 1
378735 191 2 1 0
397427 191 3 3 1
216243 192 3 3 0
216419 192 3 1 0
228100 192 3 1 0
228122 192 3 1 1
229457 192 3 1 0
76359 193 4 3 0
194777 193 3 1 0
217434 193 3 2 0
217899 193 4 3 0
220193 193 1 3 1
220851 193 4 3 0
378422 193 3 1 0
379132 193 2 1 0
383088 193 3 3 0
397426 193 2 2 0
140220 194 2 1 0
190537 194 4 3 0
196748 194 2 1 0
217622 194 3 1 0
217826 194 2 1 0
220565 194 2 3 1
220584 194 4 3 0
254730 194 2 3 0
377950 194 2 1 0
378573 194 3 1 0
378913 194 2 1 0
24533 195 2 3 0
190540 195 2 3 0
216242 195 2 3 0
216501 195 4 1 0
377875 195 4 1 0
550520 195 3 3 0
98233 196 4 1 0
196818 196 2 1 0
227500 196 3 2 0
227872 196 2 1 0
257093 196 3 3 0
377259 196 2 1 0
378808 196 2 3 0
217147 197 3 1 0
217829 197 3 3 0
377887 197 4 3 0
378787 197 4 1 0
378914 197 3 3 0
195380 198 4 2 0
196670 198 2 1 0
196819 198 3 1 0
216246 198 3 0 0
229921 198 3 3 0
377276 198 1 3 0
377945 198 3 1 0
377963 198 3 1 0
378087 198 2 2 0
378088 198 3 0 0
378186 198 4 1 0
378191 198 3 3 0
12180 199 2 3 1
340407 199 3 3 0
377486 199 2 3 1
377962 199 1 1 0
378359 199 3 1 0
378912 199 4 1 0
379100 199 1 1 0
554447 199 3 2 0
52424 200 3 2 0
195159 200 4 1 0
196352 200 1 1 0
196820 200 2 3 1
217145 200 4 1 1
221411 200 3 3 0
377260 200 3 1 0
377698 200 1 3 0
378302 200 3 1 0
379099 200 3 3 0
141564 201 3 3 0
196669 201 3 1 0
216247 201 3 2 0
216546 201 2 0 0
228099 201 1 1 0
229917 201 3 0 0
257090 201 3 1 0
377595 201 3 1 0
377883 201 4 3 0
377979 201 2 3 0
379095 201 3 1 0
141264 202 2 1 0
220150 202 2 1 0
228098 202 3 0 0
257092 202 3 1 0
314890 202 2 3 0
377705 202 4 1 0
377978 202 4 1 0
378056 202 1 1 0
378492 202 3 1 1
379108 202 2 1 0
2879 203 2 3 1
229906 203 2 0 0
254710 203 4 3 1
257091 203 2 1 0
377487 203 3 3 0
377642 203 1 4 0
378018 203 2 1 0
378627 203 3 3 0
378805 203 3 1 0
397800 203 1 1 0
173470 204 2 4 1
377176 204 3 1 0
377319 204 3 1 0
377522 204 3 3 0
483112 204 2 2 0
537128 204 2 2 0
2076 205 2 3 0
342716 205 3 1 0
377199 205 3 1 0
378058 205 3 3 0
378165 205 3 4 1
378249 205 3 3 1
378336 205 3 1 0
521995 205 2 4 0
88352 206 4 2 0
149685 206 2 2 0
229244 206 3 2 0
377144 206 2 1 0
378020 206 2 3 1
378415 206 2 1 1
378804 206 2 0 0
379134 206 3 1 0
141602 207 3 3 0
141971 207 3 3 1
195253 207 4 3 0
195358 207 2 3 1
342715 207 2 1 0
196431 208 2 1 0
377508 208 3 2 0
399211 208 2 1 0
113734 209 4 3 0
288060 209 3 3 0
344215 209 3 1 0
377178 209 4 2 0
377906 209 4 1 0
378791 209 3 3 1
69416 210 3 3 1
195268 210 3 4 0
196300 210 3 3 0
245358 210 3 3 0
378072 210 2 1 0
378318 210 2 1 0
378382 210 2 4 0
398017 210 2 1 0
1902 211 3 4 1
141142 211 3 1 0
141306 211 4 3 0
196780 211 2 1 0
344217 211 2 3 1
377295 211 3 3 0
379085 211 3 3 1
113732 212 2 2 0
377740 212 2 1 0
378524 212 4 3 0
378965 212 2 1 0
398365 212 4 1 0
398591 212 2 1 0
434315 212 3 3 0
196171 213 3 1 0
196548 213 2 3 0
301714 213 3 3 0
378319 213 3 3 0
379089 213 2 1 0
1860 214 2 1 0
196173 214 3 1 0
197008 214 2 1 0
254651 214 4 3 0
343853 214 1 3 0
377728 214 1 1 0
378218 214 4 1 0
398552 214 2 1 0
3760 215 2 2 0
195127 215 3 1 0
220269 215 2 3 0
246248 215 4 3 0
287776 215 4 2 0
342640 215 3 1 0
378241 215 3 1 1
379092 215 2 3 0
398369 215 3 3 0
3245 216 2 0 0
98089 216 4 3 0
194754 216 2 1 0
196505 216 1 1 0
246011 216 3 4 1
343459 216 3 0 0
377727 216 2 0 0
398287 216 2 1 0
398840 216 4 1 0
399313 216 3 3 1
399332 216 1 1 0
41909 217 2 3 0
194850 217 2 1 1
195131 217 3 3 1
397950 217 3 3 0
397964 217 4 1 0
397965 217 2 1 0
399309 217 3 1 0
343450 218 1 1 0
377742 218 3 3 0
378243 218 2 1 0
399308 218 3 0 1
446578 218 3 3 1
2078 219 2 4 0
195128 219 4 1 0
195568 219 1 1 0
196175 219 3 3 1
377749 219 3 4 1
397562 219 3 1 0
397806 219 2 4 1
398841 219 3 3 1
399661 219 3 1 0
438806 219 3 3 0
3062 220 2 1 0
195300 220 3 1 0
195406 220 2 1 0
195705 220 3 3 0
196979 220 2 1 0
377741 220 3 1 0
397963 220 3 1 0
399238 220 2 1 0
512702 220 3 3 0
1857 221 2 3 0
2150 221 2 1 0
3247 221 2 2 0
40128 221 3 3 0
195299 221 4 1 0
246466 221 4 3 0
376635 221 3 3 1
377732 221 3 0 0
377737 221 4 1 0
397313 221 4 1 0
399141 221 3 1 0
399362 221 4 3 0
1896 222 3 1 0
2073 222 4 1 0
3248 222 4 3 0
4875 222 2 3 0
31623 222 3 3 0
195356 222 2 1 0
196144 222 3 1 0
343525 222 3 3 0
377556 222 2 3 0
377747 222 2 3 0
399450 222 2 1 0
107248 223 3 3 0
139806 223 3 2 0
195071 223 3 1 0
195296 223 4 3 0
195386 223 2 1 0
195567 223 3 1 1
196190 223 3 1 0
397563 223 3 3 0
398410 223 1 1 0
398489 223 3 1 0
399142 223 3 3 0
157800 224 3 3 0
195570 224 3 3 0
234781 224 4 3 0
378040 224 2 1 0
398491 224 2 3 0
2470 225 4 3 0
90416 225 2 3 0
195087 225 2 1 0
398000 225 4 1 0
399363 225 2 3 0
451215 225 2 3 0
3382 226 2 1 0
155493 226 2 2 1
195400 226 3 3 0
195480 226 2 1 0
196465 226 2 1 0
268866 226 2 3 0
343213 226 3 3 0
378167 226 2 1 0
399356 226 3 1 0
399452 226 3 3 0
1897 227 3 1 1
194966 227 3 1 0
195571 227 3 3 0
195675 227 2 1 0
196192 227 3 2 0
378367 227 3 1 0
398403 227 3 0 0
399076 227 1 1 0
399357 227 1 1 0
399581 227 3 1 0
3563 228 4 3 0
191436 228 3 3 0
196289 228 4 1 0
379126 228 4 1 0
191434 229 3 1 0
193210 229 3 3 1
195088 229 4 1 0
195226 229 3 1 0
195398 229 2 1 0
195920 229 3 0 0
196272 229 3 3 1
196292 229 4 3 0
196929 229 3 0 0
309519 229 3 2 0
378223 229 1 3 0
378344 229 3 1 0
397356 229 2 1 0
195014 230 3 1 0
195032 230 2 4 0
195688 230 3 1 0
195870 230 4 1 0
376092 230 2 1 0
378368 230 3 1 0
398004 230 4 3 0
399202 230 2 0 0
2349 231 4 1 0
3095 231 2 1 0
120680 231 3 3 0
195395 231 4 3 0
195405 231 2 1 0
196181 231 4 1 0
196229 231 3 1 0
376632 231 3 3 0
378166 231 4 1 0
397136 231 3 0 0
397449 231 3 2 0
450741 231 2 1 0
2553 232 1 1 0
3466 232 4 1 0
191435 232 3 1 0
195079 232 3 1 0
195873 232 3 3 0
377061 232 1 1 0
378216 232 2 3 0
378799 232 2 3 1
398507 232 2 1 0
523469 232 3 2 0
2504 233 4 1 0
2723 233 3 1 0
3423 233 4 1 0
191442 233 3 3 0
195518 233 3 1 0
195849 233 3 1 0
196110 233 3 1 1
196231 233 2 1 0
242484 233 1 3 0
377330 233 1 2 0
378043 233 4 3 0
378370 233 3 3 0
378674 233 2 3 1
2387 234 2 1 0
3094 234 3 0 0
3187 234 2 1 0
3468 234 2 1 0
195090 234 3 3 0
195396 234 4 1 0
195839 234 3 1 0
197082 234 2 1 0
197083 234 1 1 0
313973 234 4 3 0
397355 234 3 1 0
397839 234 2 1 0
2524 235 2 1 0
2849 235 2 1 0
2976 235 2 1 0
3186 235 2 1 0
195294 235 3 3 0
265488 235 3 3 0
378762 235 2 1 0
397566 235 4 3 0
523918 235 2 3 0
3353 236 2 1 0
41013 236 4 3 0
195178 236 3 3 0
195512 236 3 0 0
195869 236 3 1 0
376093 236 3 1 0
398057 236 3 1 0
3188 237 3 3 1
195080 237 4 3 0
195250 237 2 1 0
195397 237 4 1 0
196120 237 2 1 0
375363 237 2 1 0
2203 238 2 3 0
195184 238 3 3 0
195286 238 4 0 0
196107 238 3 1 0
196546 238 4 3 0
197052 238 2 0 0
197076 238 3 3 0
211353 238 3 3 0
255544 238 2 3 0
399367 238 3 1 0
2623 239 3 1 0
3160 239 3 3 1
3348 239 1 0 0
3455 239 3 4 0
89219 239 1 3 0
195436 239 2 1 0
196559 239 3 1 0
197075 239 2 3 0
376100 239 4 3 0
377062 239 3 1 1
2284 240 3 0 0
2845 240 4 0 0
2982 240 2 4 1
3672 240 2 1 0
194769 240 3 1 0
195515 240 3 3 0
196608 240 4 3 0
211354 240 3 3 0
291280 240 2 3 0
378765 240 3 3 1
399519 240 3 1 0
2286 241 2 1 0
194816 241 2 1 0
338833 241 2 1 1
338837 241 2 1 0
3101 242 2 1 0
3461 242 3 3 0
195179 242 3 3 0
196104 242 3 3 0
196558 242 2 0 0
196973 242 2 1 0
197121 242 3 1 0
212519 242 3 3 0
398388 242 3 1 0
398640 242 4 3 0
2563 243 3 1 0
3156 243 3 0 0
3460 243 2 3 0
397294 243 3 1 0
397738 243 2 1 0
398413 243 2 1 0
399520 243 3 1 1
2465 244 3 0 0
2566 244 2 3 0
3671 244 3 1 0
197036 244 2 1 0
211352 244 3 1 0
340157 244 2 1 0
399073 244 2 1 0
2034 245 3 1 1
3213 245 2 1 0
62743 245 2 3 0
196609 245 4 3 0
197004 245 2 1 0
197016 245 4 1 0
398529 245 2 1 0
399093 245 3 1 0
2565 246 4 2 0
2945 246 3 1 0
3300 246 3 1 0
397739 246 2 1 0
399215 246 2 1 0
268096 247 3 3 1
397741 247 2 3 0
398153 247 3 1 0
398213 247 3 1 0
2971 248 3 2 1
93849 248 1 1 0
340158 248 3 3 0
397206 248 2 1 0
397542 248 2 1 0
446557 248 3 2 0
196303 249 3 1 0
378766 249 4 3 1
397740 249 2 3 0
399092 249 3 1 0
399095 249 2 3 0
399216 249 3 1 0
2182 250 2 1 0
3020 250 3 1 0
397207 250 1 1 0
3449 251 2 1 0
214378 251 2 3 0
341840 251 2 3 0
2067 252 2 1 0
129797 252 2 3 0
136214 252 2 2 1
399045 252 3 3 0
2186 253 4 1 0
3144 253 3 1 0
143682 253 4 2 0
397641 253 3 1 0
398599 253 2 1 0
399084 253 2 0 0
3163 254 1 1 0
3457 254 4 1 0
397958 254 3 1 0
496334 254 2 3 0
521345 254 4 2 1
537089 254 2 2 0
2071 255 2 4 0
2798 255 3 1 0
3031 255 4 1 1
3451 255 3 1 0
3596 256 1 1 0
397208 256 4 3 0
397956 256 3 1 0
398796 256 2 1 0
1958 257 3 1 0
3513 257 1 1 0
3533 257 2 1 0
35288 257 2 3 0
347379 257 4 3 0
398970 257 4 1 0
2716 258 2 1 0
3049 258 2 1 0
143687 258 3 1 0
399288 258 3 4 0
2070 259 3 3 0
2111 259 1 1 0
2793 259 3 3 0
3676 259 4 1 0
399517 259 3 3 0
2138 260 2 3 0
3205 260 3 1 0
397237 260 3 4 1
1956 261 3 1 0
1960 261 2 3 0
2113 262 3 3 0
3511 262 3 0 0
3514 262 4 2 0
143690 262 3 3 0
200473 262 3 3 0
397240 262 3 1 0
398800 262 2 3 0
398944 262 4 1 0
399294 262 3 1 0
499945 262 4 2 0
3035 263 2 3 0
3535 263 3 1 0
142931 263 2 1 0
486465 263 3 1 0
2318 264 3 1 0
3399 264 3 3 0
4783 264 2 4 0
211862 264 3 3 0
346103 264 4 3 0
397276 264 3 1 0
528598 264 3 3 0
1948 265 2 1 0
99294 265 3 3 0
398946 265 2 1 0
499946 265 3 2 0
2701 266 3 0 1
25731 266 4 3 0
398194 266 3 3 0
398357 266 3 1 0
399278 266 2 1 0
485545 267 2 1 0
486229 267 4 1 0
1905 268 3 1 0
2808 268 3 0 0
3435 268 3 1 0
347317 268 3 3 0
397693 268 2 1 0
397836 268 3 2 0
398202 268 3 3 0
398945 268 2 1 0
3618 269 2 4 1
397277 269 3 2 0
397833 269 1 0 0
486417 269 2 3 0
397834 270 4 0 0
398305 270 2 2 0
2054 271 1 0 0
2057 271 3 3 0
2801 271 2 4 0
3073 271 2 2 0
3613 271 2 3 1
132118 271 2 3 0
485675 271 3 2 0
486101 271 2 3 0
2564 272 3 2 0
154158 272 3 3 0
248263 272 3 2 0
347316 272 3 2 0
347322 272 3 3 0
397580 272 3 1 0
475200 272 3 3 0
485932 272 3 1 0
486343 272 3 1 0
2696 273 3 2 0
398198 273 3 1 0
398662 273 1 1 0
398612 274 2 1 0
486345 275 2 3 0
399168 276 2 1 0
475199 276 3 2 0
24207 277 2 2 0
195267 277 3 3 0
397247 277 2 4 0
398483 277 3 1 0
486183 277 2 1 0
486359 277 3 1 0
2059 278 3 3 0
2507 278 3 1 0
3568 278 3 1 0
2317 279 3 1 0
20463 279 4 2 0
1944 281 4 3 0
2028 281 2 1 0
3140 281 2 1 0
3483 281 2 1 0
3569 281 2 3 0
397315 281 3 4 0
398735 281 4 1 0
484929 281 2 1 0
485312 281 4 1 0
70121 282 3 1 0
165454 282 3 2 1
397170 282 2 3 0
397269 282 4 1 0
399442 282 2 3 0
399499 282 2 1 0
484970 282 2 1 1
398419 283 4 1 0
484928 283 3 1 0
3218 284 2 4 1
397783 284 2 1 0
398337 284 2 1 0
399336 284 3 1 0
486001 284 3 1 0
486040 284 3 3 0
174496 285 2 1 0
398739 285 4 1 0
460479 285 2 3 0
484882 285 2 1 0
486265 285 3 1 0
69751 286 3 1 0
70146 286 2 1 0
398442 286 2 1 0
398866 286 2 1 0
399487 286 2 1 0
2050 287 3 3 1
398764 287 2 1 0
485000 287 3 1 0
485274 287 3 1 0
69750 288 2 1 0
70010 288 4 1 0
70013 288 3 3 0
397328 288 3 4 0
397784 288 4 2 0
399191 288 3 1 1
399192 288 2 1 0
485225 288 2 1 0
485996 288 3 1 0
561676 288 2 2 0
399526 289 2 1 0
485083 289 4 1 0
486078 289 2 1 0
2240 290 4 1 0
69909 290 3 1 0
398247 290 3 1 0
398407 290 2 3 0
399190 290 2 1 0
401541 290 4 3 0
485703 290 3 1 0
397441 291 4 1 1
397872 291 2 1 0
397928 291 2 1 1
399527 291 2 3 0
485013 291 3 1 0
486513 291 2 3 0
486584 291 2 1 0
496714 291 2 3 0
549426 291 4 3 0
69886 292 3 1 0
69990 292 3 1 1
70035 292 2 2 0
397337 292 2 3 1
398768 292 2 3 0
399701 292 3 1 0
69758 293 3 2 0
70461 293 4 1 0
90413 293 3 3 0
69757 294 3 1 0
70946 294 3 1 0
398248 294 3 1 0
399016 294 3 1 0
399017 294 3 1 0
486471 294 3 1 0
70756 295 4 1 0
70926 295 4 1 0
397931 295 3 3 0
399014 295 2 1 0
399652 295 2 3 1
486011 295 3 1 0
3323 296 3 4 1
69905 296 1 1 0
158014 296 3 0 0
397193 296 3 2 0
397613 296 3 1 0
399275 296 3 3 0
424600 296 3 3 0
485987 296 1 0 0
69994 297 3 3 0
70463 297 3 3 0
70649 297 2 1 0
70828 297 3 1 0
70878 297 1 1 0
90410 297 4 1 0
159684 297 4 1 0
399704 297 3 3 0
69965 298 3 1 0
70148 298 2 1 0
71146 298 3 1 0
159673 298 2 1 0
397612 298 2 0 0
485012 298 4 1 1
485649 298 2 3 0
486009 298 2 1 0
486323 298 3 1 0
70824 299 2 0 0
485350 299 2 3 1
485351 299 3 1 0
39055 300 3 3 0
70118 300 3 3 0
70503 300 3 2 0
71042 300 3 1 0
71181 300 3 1 0
158016 300 3 1 0
159683 300 2 1 0
486233 300 2 2 0
486324 300 3 1 0
70766 301 3 1 0
70847 301 2 1 0
71271 301 4 1 0
71316 301 3 1 0
158017 301 3 3 0
159311 301 3 0 0
463776 301 2 3 0
486014 301 3 3 0
486161 301 4 1 0
520052 301 4 2 0
39051 302 1 3 0
69529 302 4 1 0
70119 302 3 3 0
70328 302 2 4 0
70509 302 2 3 0
70874 302 4 4 1
101807 302 4 3 0
158346 302 3 3 0
484889 302 3 1 0
485738 302 4 1 0
486325 302 4 3 0
69892 303 2 4 1
70145 303 4 3 0
70225 303 2 1 0
71183 303 3 3 0
71778 303 3 2 0
159313 303 3 1 0
159672 303 3 1 0
159682 303 2 1 0
485353 303 3 4 0
71102 304 3 1 0
126563 304 3 3 0
486377 304 2 1 0
69765 305 3 2 0
71216 305 3 3 1
71780 305 2 3 0
484924 305 3 1 0
485015 305 2 3 0
485102 305 3 4 0
485760 305 2 1 0
486238 305 3 3 0
501036 305 3 3 0
70850 306 3 4 0
159319 306 4 1 0
251900 306 2 3 1
412074 306 3 2 0
485479 306 3 3 0
70505 307 3 3 0
71779 307 3 3 0
160028 307 1 1 0
484918 307 4 1 0
501029 307 3 3 0
158275 308 3 3 0
158314 308 4 1 0
486104 308 2 1 0
486422 308 2 1 0
485751 309 1 1 0
485827 309 3 1 0
70504 310 4 3 0
158896 310 3 1 0
159320 310 3 3 0
484925 310 3 3 1
484926 310 4 3 0
485594 310 3 1 0
71217 311 3 4 1
158067 311 4 4 1
158073 311 3 4 1
158679 311 2 3 0
159475 311 3 1 0
160027 311 3 0 0
160030 311 2 2 1
160041 311 2 1 0
484897 311 3 0 0
485832 311 2 1 0
486053 311 3 1 0
486504 311 3 1 0
158007 312 3 1 0
158058 312 2 0 0
158401 312 3 3 0
159593 312 3 1 0
413652 312 2 3 0
485028 312 4 1 0
486035 312 3 1 0
486750 312 2 1 1
158589 313 3 1 0
158875 313 2 1 0
485947 313 1 1 0
486021 313 3 1 0
20259 314 2 4 0
157916 314 4 1 0
158897 314 3 1 0
158899 314 2 3 0
160108 314 1 1 0
244317 314 3 3 0
361621 314 3 0 0
486638 314 2 1 0
159722 315 3 1 1
159743 315 2 1 0
160026 315 3 0 0
485463 315 2 1 1
142367 316 3 3 0
157709 316 3 1 1
157860 316 4 1 0
158877 316 3 3 0
361565 316 1 0 0
485304 316 3 4 0
486022 316 3 1 0
486639 316 4 1 0
70410 317 3 1 0
158173 317 3 1 0
158279 317 2 1 0
160210 317 3 1 0
235162 317 2 3 0
436682 317 2 3 0
157674 318 2 1 0
157861 318 3 1 0
159388 318 2 1 0
159721 318 2 0 0
160107 318 2 1 0
486334 318 2 3 0
486335 318 4 3 0
157967 319 4 1 0
235581 319 2 4 0
560469 319 3 2 0
157862 320 4 1 0
159387 320 3 1 0
159408 320 3 1 0
159742 320 3 1 0
159951 320 2 3 0
486307 320 2 1 1
70502 321 3 1 0
159019 321 3 1 0
159477 321 4 1 0
361568 321 3 2 0
486838 321 2 1 1
487598 321 3 1 0
157863 322 2 3 0
158276 322 4 3 0
328806 322 3 3 0
487599 322 2 1 1
554286 322 3 3 0
70605 323 3 1 1
157946 323 2 1 0
159954 323 4 3 0
157972 324 4 3 0
158025 324 2 3 0
158027 324 4 0 0
158169 324 3 4 1
158177 324 3 1 0
158907 324 3 3 0
160271 324 2 0 0
294781 324 4 3 0
158168 325 2 2 0
158785 325 2 1 0
158906 325 2 3 0
485902 325 2 3 0
158023 326 3 1 0
158611 326 3 4 1
159071 326 2 3 0
159667 326 3 1 0
69747 327 3 4 0
70606 327 3 1 0
70701 327 2 0 0
71113 327 3 1 0
158006 327 2 1 0
159767 327 4 1 0
159963 327 2 1 0
279189 327 3 3 0
485030 327 2 3 0
485392 327 2 1 0
486789 327 2 1 0
69927 328 2 1 0
70342 328 2 3 0
70594 328 3 2 0
158639 328 3 1 0
158787 328 4 3 0
159020 328 3 3 0
158498 329 3 3 1
158742 329 3 3 0
160182 329 2 2 0
272603 329 2 1 0
485532 329 1 1 0
70511 330 3 1 0
70604 330 2 0 1
70700 330 3 4 1
158784 330 4 1 0
159021 330 2 3 0
160146 330 3 1 0
485398 330 3 3 0
486164 330 3 3 0
69996 331 2 0 0
157667 331 3 1 1
158910 331 2 1 0
38668 332 1 3 0
69708 332 2 3 0
69787 332 4 1 0
69930 332 4 3 0
69998 332 2 2 0
158641 332 2 0 0
159538 332 3 1 0
486246 332 1 0 0
486250 332 3 3 0
69902 333 2 4 1
69942 333 4 3 0
70241 333 3 1 0
70298 333 3 1 0
70383 333 3 1 0
71178 333 4 4 0
158266 333 3 1 0
485773 333 4 1 0
158626 334 1 1 0
158789 334 2 3 0
485475 334 2 1 0
70165 335 2 0 0
70385 335 2 1 0
70658 335 3 0 0
158269 335 3 3 0
159215 335 4 1 1
159537 335 2 1 0
340291 335 2 2 0
69795 336 4 3 0
335324 336 3 3 0
374476 336 2 0 0
485184 336 2 1 0
485310 336 2 3 0
157843 337 2 3 1
273102 337 3 1 0
70657 338 2 0 0
159271 338 3 4 1
13321 340 4 2 0
274133 340 2 1 0
70660 341 2 1 0
159272 341 3 4 1
186550 341 3 3 0
485315 341 1 1 0
486172 341 4 1 0
486556 341 3 1 0
70661 342 4 3 0
335325 342 2 3 1
485186 342 3 3 0
70662 343 2 3 1
158293 343 2 2 1
336061 343 2 1 0
486553 343 2 4 0
336404 344 3 1 0
486681 344 3 1 0
335320 345 2 1 0
485982 345 3 1 0
274135 346 4 3 0
485985 346 3 3 1
486554 346 2 4 0
485623 347 3 4 0
485983 347 3 1 0
486174 351 4 3 1
