228250 0 4 5 0
319750 0 4 5 0
360871 0 4 5 3
360873 0 4 5 3
530503 0 4 5 0
475491 0 5 5 3
290408 0 7 5 1
292545 0 8 5 3
292546 0 8 5 3
292547 0 8 5 3
292549 0 8 5 3
227935 0 9 5 0
227937 0 9 5 0
290399 1 10 5 1
290400 1 10 5 1
290402 1 10 5 1
290404 1 10 5 1
290403 0 10 5 3
85417 0 11 5 1
292059 1 11 5 1
292060 1 11 5 1
292550 1 11 5 1
290564 0 12 5 1
290565 0 12 5 1
292544 0 12 5 3
293019 1 12 5 3
290398 0 13 5 2
290401 0 13 5 2
290404 0 13 5 2
290405 0 13 5 3
290406 0 13 5 3
491668 0 13 5 2
491670 0 13 5 2
292625 0 14 5 1
292628 0 14 5 1
290401 1 15 5 0
290403 1 15 5 0
292333 0 15 5 0
292336 1 15 5 1
324619 0 15 5 3
291629 0 16 5 1
291630 0 16 5 1
290432 0 17 5 1
293140 0 17 5 1
293143 0 17 5 1
84696 0 18 5 3
290399 0 18 5 1
290401 0 18 5 1
292185 0 18 5 1
292187 0 18 5 1
271959 0 19 5 3
293117 0 19 5 1
293120 0 19 5 1
293121 0 19 5 1
293122 0 19 5 1
84560 0 20 5 1
84562 0 20 5 1
291272 0 20 5 1
291274 0 20 5 1
292335 0 20 5 3
292383 0 20 5 3
290294 1 21 5 3
290459 1 21 5 1
85480 0 22 5 1
291295 0 22 5 3
292481 0 22 5 1
290377 0 23 5 1
290410 0 23 5 3
290474 0 23 5 1
290475 0 23 5 1
84671 0 24 5 1
84674 0 24 5 1
85480 0 24 5 3
85701 0 24 5 1
292093 0 24 5 1
72909 0 25 5 3
84735 0 25 5 1
84736 0 25 5 1
290300 0 25 5 3
290301 0 25 5 3
290600 0 25 5 4
291831 0 25 5 1
291833 0 25 5 1
167469 0 26 5 3
290524 0 26 5 3
290528 0 26 5 3
291833 0 26 5 1
291834 0 26 5 1
431904 0 26 5 3
291436 0 27 5 1
291438 0 27 5 1
292332 0 27 5 3
292336 0 27 5 3
292653 0 27 5 4
84463 0 28 5 1
85479 0 28 5 3
85480 0 28 5 3
290639 0 28 5 0
84673 0 29 5 3
85280 0 29 5 3
85804 0 29 5 1
292634 0 29 5 1
292650 0 29 5 1
292874 0 29 5 3
292876 0 29 5 3
84672 0 30 5 1
84673 0 30 5 1
84734 0 30 5 3
290526 0 30 5 1
290528 0 30 5 1
290779 0 30 5 1
291435 1 30 5 1
291436 1 30 5 1
291437 1 30 5 1
503179 0 30 5 1
552851 0 30 5 3
290296 0 31 5 1
290897 0 31 5 2
291117 0 31 5 3
291118 0 31 5 3
431906 0 31 5 1
552858 0 31 5 3
3670 1 32 5 3
3671 1 32 5 3
84867 0 32 5 1
85909 0 32 5 3
290453 0 32 5 1
290455 0 32 5 1
291790 0 32 5 1
291791 0 32 5 1
292125 0 32 5 1
292651 0 32 5 3
292841 0 32 5 1
552857 1 32 5 1
552860 1 32 5 1
84458 0 33 5 3
85733 0 33 5 4
85737 0 33 5 4
158587 0 33 5 0
169871 0 33 5 3
291059 0 33 5 1
292652 0 33 5 1
468354 0 33 5 2
468356 0 33 5 2
480835 0 33 5 2
84889 0 34 5 3
158587 0 34 5 3
158588 0 34 5 3
167479 0 34 5 1
167482 0 34 5 1
167483 0 34 5 1
177225 0 34 5 1
177226 0 34 5 1
290525 1 34 5 3
290527 1 34 5 3
291248 0 34 5 3
291250 0 34 5 3
291759 0 34 5 3
292580 0 34 5 3
292682 0 34 5 1
292780 0 34 5 3
504883 0 34 5 1
56758 0 35 5 3
84742 0 35 5 1
84745 0 35 5 1
176327 0 35 5 1
176328 0 35 5 1
291183 0 35 5 1
291512 1 35 5 1
291713 0 35 5 1
291761 0 35 5 0
291763 0 35 5 0
503083 0 35 5 3
503181 0 35 5 1
504074 0 35 5 1
505084 0 35 5 1
505088 0 35 5 1
84487 0 36 5 3
84681 0 36 5 1
84682 0 36 5 1
84711 0 36 5 2
85089 0 36 5 1
85393 1 36 5 3
176324 0 36 5 3
177229 0 36 5 0
177231 0 36 5 0
290379 1 36 5 1
290433 0 36 5 0
290799 1 36 5 1
290896 0 36 5 1
292617 0 36 5 1
292985 0 36 5 3
292986 0 36 5 3
323441 0 36 5 3
432566 0 36 5 1
432568 0 36 5 1
504103 0 36 5 1
84618 0 37 5 1
84619 0 37 5 1
85088 1 37 5 1
85741 0 37 5 1
85745 0 37 5 1
292242 0 37 5 3
292245 0 37 5 3
292694 0 37 5 1
292948 0 37 5 1
292949 0 37 5 1
292947 0 37 5 3
292948 0 37 5 3
503253 1 37 5 1
504205 0 37 5 1
84465 0 38 5 3
84466 0 38 5 3
84468 0 38 5 3
177225 0 38 5 3
177228 0 38 5 3
177229 0 38 5 3
290535 0 38 5 1
292189 0 38 5 1
292411 0 38 5 1
292412 0 38 5 1
331861 1 38 5 3
331862 1 38 5 3
503444 1 38 5 1
504678 0 38 5 1
552226 0 38 5 1
552980 0 38 5 1
553510 0 38 5 1
85445 1 39 5 1
85447 1 39 5 1
85819 0 39 5 1
291671 0 39 5 1
292924 0 39 5 1
293081 0 39 5 1
293082 0 39 5 1
56759 0 40 5 1
84436 0 40 5 1
84744 0 40 5 1
84745 0 40 5 1
84746 0 40 5 1
85073 0 40 5 1
85074 0 40 5 1
290713 1 40 5 1
291709 0 40 5 1
291710 0 40 5 1
291758 0 40 5 2
291759 0 40 5 2
293141 0 40 5 3
504186 0 40 5 1
504712 0 40 5 1
504717 0 40 5 1
553326 0 40 5 1
553328 0 40 5 1
85787 1 41 5 1
177017 0 41 5 3
177018 0 41 5 3
292683 0 41 5 1
503888 0 41 5 1
504198 0 41 5 3
504202 1 41 5 1
504204 1 41 5 1
504205 1 41 5 1
504316 0 41 5 1
504952 1 41 5 0
504949 0 41 5 3
504950 0 41 5 3
504952 0 41 5 3
53159 0 42 5 1
53161 0 42 5 1
216717 1 42 5 3
291092 0 42 5 1
291093 0 42 5 1
291540 0 42 5 1
291629 1 42 5 1
503446 0 42 5 0
503447 0 42 5 0
503996 0 42 5 1
504159 0 42 5 1
504594 0 42 5 0
504595 1 42 5 0
504596 0 42 5 1
504712 0 42 5 3
504715 0 42 5 3
504808 0 42 5 1
504810 0 42 5 1
539839 0 42 5 3
539840 0 42 5 3
85433 0 43 5 3
85584 1 43 5 0
85586 1 43 5 0
85587 1 43 5 0
85742 0 43 5 2
101589 0 43 5 0
101590 0 43 5 0
199528 0 43 5 3
292925 1 43 5 1
292926 1 43 5 1
367512 0 43 5 1
502980 1 43 5 1
502981 1 43 5 1
503734 0 43 5 1
53158 0 44 5 3
53159 0 44 5 3
84438 0 44 5 1
84459 0 44 5 3
84461 0 44 5 3
84463 0 44 5 3
84937 0 44 5 1
250024 0 44 5 3
290387 0 44 5 1
290390 0 44 5 1
305951 0 44 5 2
307183 0 44 5 3
433761 1 44 5 4
503130 0 44 5 1
503623 0 44 5 3
503626 0 44 5 3
503627 0 44 5 3
504193 0 44 5 1
504195 0 44 5 1
504676 0 44 5 3
54316 0 45 5 1
54318 0 45 5 1
291205 0 45 5 1
291207 0 45 5 1
291210 0 45 5 1
291301 0 45 5 3
293137 0 45 5 4
432968 0 45 5 3
502986 0 45 5 3
502989 0 45 5 3
503187 1 45 5 0
503557 0 45 5 1
503814 1 45 5 1
503816 1 45 5 1
503817 1 45 5 1
504950 1 45 5 0
504951 1 45 5 0
552201 0 45 5 2
85138 0 46 5 3
85140 0 46 5 3
85650 0 46 5 1
85740 0 46 5 3
85741 0 46 5 3
175921 0 46 5 1
177011 0 46 5 2
177013 0 46 5 2
291132 0 46 5 3
291133 0 46 5 3
291135 0 46 5 3
433766 1 46 5 2
503765 0 46 5 3
503908 1 46 5 1
503909 1 46 5 1
504531 0 46 5 3
504533 0 46 5 3
84468 1 47 5 1
84470 1 47 5 1
85157 0 47 5 3
85159 0 47 5 3
293132 0 47 5 2
293135 0 47 5 2
305951 0 47 5 2
502913 0 47 5 1
503813 1 47 5 1
503816 1 47 5 1
553513 0 47 5 1
100566 0 48 5 0
290910 0 48 5 1
290912 0 48 5 1
432194 0 48 5 1
503013 0 48 5 1
503666 0 48 5 1
503661 0 48 5 3
503665 0 48 5 3
504392 0 48 5 1
504394 0 48 5 1
504478 0 48 5 1
113542 0 49 5 3
113543 0 49 5 3
113545 0 49 5 3
502986 0 49 5 1
502987 0 49 5 1
503129 0 49 5 1
503130 0 49 5 1
503132 0 49 5 1
503910 0 49 5 3
85426 0 50 5 1
85427 0 50 5 1
86248 0 50 5 2
290935 1 50 5 1
365367 0 50 5 3
480143 1 50 5 3
504334 0 50 5 1
504957 0 50 5 1
504958 0 50 5 1
78084 1 51 5 3
78085 1 51 5 3
100526 0 51 5 0
100530 0 51 5 0
100566 0 51 5 1
100564 0 51 5 2
503737 1 51 5 1
176497 1 52 5 1
176780 0 52 5 3
418361 0 52 5 1
503465 0 52 5 1
503467 0 52 5 1
53254 0 53 5 1
85158 0 53 5 1
85159 0 53 5 1
86721 0 53 5 1
86723 0 53 5 1
147288 0 53 5 2
176452 1 53 5 1
176757 0 53 5 1
176758 0 53 5 1
176759 0 53 5 1
176760 0 53 5 1
177153 0 53 5 1
177157 0 53 5 1
177159 0 53 5 1
504760 0 53 5 1
175813 0 54 5 1
176758 0 54 5 1
176760 0 54 5 1
176761 0 54 5 1
247703 0 54 5 0
247705 0 54 5 0
247701 1 54 5 1
247705 1 54 5 1
247706 1 54 5 1
87264 1 55 5 1
176501 0 55 5 3
176506 0 55 5 3
177154 0 55 5 1
177158 0 55 5 1
177159 0 55 5 1
327601 0 55 5 3
327602 0 55 5 3
327604 0 55 5 3
365366 0 55 5 2
418361 0 55 5 2
433230 0 55 5 1
52711 1 56 5 1
132640 0 56 5 3
132642 0 56 5 3
149131 0 56 5 3
149134 0 56 5 3
312573 0 56 5 3
502965 0 56 5 1
502968 0 56 5 1
503329 0 56 5 1
146548 0 57 5 3
431856 0 57 5 1
433231 0 57 5 0
433232 0 57 5 0
497481 0 57 5 2
503651 0 57 5 2
504757 0 57 5 3
86288 0 58 5 1
86289 0 58 5 1
86291 0 58 5 1
86604 0 58 5 1
171760 0 58 5 2
432487 0 58 5 1
432491 0 58 5 1
504101 0 58 5 3
504182 0 58 5 3
504183 0 58 5 3
504186 0 58 5 3
53388 1 59 5 1
176727 1 59 5 1
176731 1 59 5 1
176730 0 59 5 1
176731 0 59 5 1
427720 1 59 5 3
442487 0 59 5 3
504650 0 59 5 1
54136 1 60 5 1
99069 1 60 5 2
99075 1 60 5 2
417988 0 60 5 1
432977 0 60 5 1
433432 0 60 5 1
502972 0 60 5 1
502973 0 60 5 1
503045 0 60 5 1
504162 0 60 5 3
504163 0 60 5 3
504194 0 60 5 3
504670 0 60 5 1
505045 0 60 5 1
505048 0 60 5 1
52551 0 61 5 0
87125 0 61 5 1
87126 0 61 5 1
87338 0 61 5 3
180664 0 61 5 3
311886 0 61 5 2
417518 0 61 5 1
417564 0 61 5 1
427719 1 61 5 0
427721 1 61 5 0
427722 1 61 5 0
427718 0 61 5 2
432260 0 61 5 1
432263 0 61 5 1
432390 1 61 5 1
504731 0 61 5 0
53158 0 62 5 1
53159 0 62 5 1
110570 0 62 5 3
176044 0 62 5 1
176046 0 62 5 1
176355 0 62 5 3
432489 1 62 5 1
442140 0 62 5 1
442142 0 62 5 1
442143 0 62 5 1
504254 0 62 5 1
504648 0 62 5 1
52738 0 63 5 1
52739 0 63 5 1
52741 0 63 5 1
54132 0 63 5 3
54133 0 63 5 3
100868 0 63 5 1
417474 0 63 5 3
418641 0 63 5 1
427722 0 63 5 1
432050 0 63 5 1
432053 0 63 5 1
432990 1 63 5 1
503044 0 63 5 0
503399 0 63 5 1
503590 0 63 5 1
503644 0 63 5 3
503647 0 63 5 3
418640 0 64 5 1
427717 0 64 5 2
427720 0 64 5 2
427721 0 64 5 2
432621 0 64 5 3
433797 0 64 5 1
503023 0 64 5 3
52900 0 65 5 1
99069 1 65 5 3
99073 1 65 5 3
244967 0 65 5 1
244970 0 65 5 1
244972 0 65 5 1
308004 0 65 5 2
308005 0 65 5 2
427540 0 65 5 1
432390 0 65 5 1
442324 1 65 5 1
442484 0 65 5 1
442485 0 65 5 1
494321 1 65 5 1
503272 1 65 5 1
503275 1 65 5 1
52612 0 66 5 3
87155 0 66 5 1
87157 0 66 5 1
117558 0 66 5 3
417778 0 66 5 1
417775 1 66 5 1
417785 0 66 5 1
417788 0 66 5 1
417894 0 66 5 1
417899 0 66 5 1
418100 0 66 5 1
425909 0 66 5 1
432978 1 66 5 1
432980 1 66 5 1
502925 0 66 5 3
502929 0 66 5 3
504333 1 66 5 0
504334 1 66 5 0
54212 0 67 5 1
418882 0 67 5 1
418883 0 67 5 1
504674 0 67 5 1
53367 0 68 5 1
53402 1 68 5 1
53403 1 68 5 1
53404 1 68 5 1
53969 0 68 5 1
53972 0 68 5 1
87128 0 68 5 4
87454 0 68 5 0
100538 1 68 5 3
145939 0 68 5 3
259430 1 68 5 3
259434 1 68 5 3
417418 0 68 5 3
417419 0 68 5 3
418296 0 68 5 1
418297 0 68 5 1
418298 0 68 5 1
432977 0 68 5 3
493982 0 68 5 1
529613 0 68 5 3
52897 1 69 5 3
52898 1 69 5 3
87404 1 69 5 1
87405 1 69 5 1
87409 1 69 5 1
417320 0 69 5 4
418097 0 69 5 0
432058 1 69 5 1
433024 1 69 5 0
433022 0 69 5 3
433023 0 69 5 3
433024 0 69 5 3
442317 0 69 5 3
87388 1 70 5 1
292735 0 70 5 3
292736 0 70 5 3
322546 0 70 5 3
417493 0 70 5 3
418471 0 70 5 2
432809 0 70 5 3
432810 0 70 5 3
503590 0 70 5 2
553458 1 70 5 3
52624 0 71 5 1
52628 0 71 5 1
52629 0 71 5 1
52631 0 71 5 1
53969 0 71 5 1
56858 0 71 5 2
101119 0 71 5 3
417350 0 71 5 3
417351 0 71 5 3
417352 0 71 5 3
417776 0 71 5 3
418327 0 71 5 3
433174 0 71 5 1
443434 0 71 5 1
49303 0 72 5 3
52789 1 72 5 3
52895 1 72 5 1
145946 0 72 5 3
175902 0 72 5 1
221362 1 72 5 1
413330 1 72 5 1
418100 0 72 5 1
418572 0 72 5 1
426136 0 72 5 1
426139 0 72 5 1
426136 1 72 5 1
426139 1 72 5 1
433237 0 72 5 1
493980 0 72 5 1
52945 0 73 5 3
133576 1 73 5 1
322757 0 73 5 3
322758 0 73 5 3
322759 0 73 5 3
322761 0 73 5 3
399421 0 73 5 3
417455 0 73 5 4
417772 0 73 5 0
418295 0 73 5 3
418296 0 73 5 3
418298 0 73 5 3
426364 0 73 5 3
426366 0 73 5 3
431819 0 73 5 1
431821 0 73 5 1
431822 0 73 5 1
431839 0 73 5 0
432415 0 73 5 1
432420 0 73 5 1
432613 0 73 5 3
433717 0 73 5 1
442320 0 73 5 1
442321 0 73 5 1
442322 0 73 5 1
451673 0 73 5 0
493740 0 73 5 1
493741 0 73 5 1
493745 0 73 5 1
52618 1 74 5 1
52633 0 74 5 1
52636 0 74 5 1
52637 0 74 5 1
52638 0 74 5 1
101077 0 74 5 3
101208 1 74 5 3
417497 0 74 5 0
417498 0 74 5 0
432421 0 74 5 3
433414 0 74 5 1
433417 0 74 5 1
533547 0 74 5 2
555555 0 74 5 3
133575 0 75 5 3
133576 0 75 5 3
244605 0 75 5 1
418350 0 75 5 1
418351 0 75 5 1
432593 0 75 5 1
433234 0 75 5 3
433235 0 75 5 3
433238 0 75 5 3
433817 1 75 5 1
433819 1 75 5 1
503597 0 75 5 1
516921 0 75 5 2
53656 0 76 5 1
53659 0 76 5 1
53660 0 76 5 1
54030 0 76 5 0
54031 0 76 5 0
176169 0 76 5 1
176757 1 76 5 1
176759 1 76 5 1
417907 0 76 5 1
417908 0 76 5 1
418571 0 76 5 3
418573 0 76 5 3
431855 0 76 5 1
431858 0 76 5 1
432180 0 76 5 1
432182 0 76 5 1
432687 1 76 5 3
432688 1 76 5 3
432690 1 76 5 3
52678 0 77 5 3
52679 0 77 5 3
260475 0 77 5 3
438846 0 77 5 3
438848 0 77 5 3
443247 0 77 5 1
443589 0 77 5 1
443591 0 77 5 1
52635 0 78 5 3
52637 0 78 5 3
53374 1 78 5 3
426188 1 78 5 1
426189 1 78 5 1
431860 0 78 5 1
432178 0 78 5 3
432179 0 78 5 3
432182 0 78 5 3
432613 0 78 5 2
432682 0 78 5 1
433016 0 78 5 1
493698 0 78 5 1
503589 0 78 5 3
503590 0 78 5 3
504141 0 78 5 1
504144 0 78 5 1
504147 0 78 5 3
52553 0 79 5 3
53016 1 79 5 1
259080 1 79 5 1
259081 1 79 5 1
259082 1 79 5 1
418489 1 79 5 1
418491 1 79 5 1
425980 0 79 5 1
426867 0 79 5 1
431766 1 79 5 4
433464 1 79 5 1
433465 1 79 5 1
433466 1 79 5 1
433467 1 79 5 1
516585 0 79 5 3
534232 0 79 5 3
52676 0 80 5 1
53992 0 80 5 1
125836 0 80 5 2
415384 0 80 5 0
415386 0 80 5 0
432689 0 80 5 3
433342 0 80 5 1
433524 0 80 5 3
433548 0 80 5 1
442299 0 80 5 1
442358 0 80 5 1
498342 0 80 5 2
503586 1 80 5 0
53012 0 81 5 3
53983 0 81 5 1
53984 0 81 5 1
53985 0 81 5 1
176012 1 81 5 1
417360 0 81 5 3
417364 0 81 5 3
417748 0 82 5 1
432009 1 83 5 1
432010 1 83 5 1
432011 1 83 5 1
432591 0 83 5 1
432592 0 83 5 1
432594 0 83 5 1
433017 0 83 5 1
439096 1 83 5 1
503304 0 83 5 1
504146 0 83 5 4
176139 1 84 5 3
176850 0 84 5 1
176852 0 84 5 1
258391 0 84 5 1
258477 0 84 5 1
431928 1 84 5 1
431930 1 84 5 1
431931 1 84 5 1
433249 0 84 5 1
433250 0 84 5 1
443860 0 84 5 3
493773 1 84 5 1
493774 1 84 5 1
493777 1 84 5 1
493778 1 84 5 1
533580 0 84 5 1
52675 0 85 5 1
260243 0 85 5 1
273271 1 85 5 1
273272 0 85 5 3
273274 0 85 5 3
418366 0 85 5 1
418368 0 85 5 1
433469 0 85 5 1
442164 0 85 5 1
443626 0 85 5 3
503231 0 85 5 1
52359 0 86 5 1
52360 0 86 5 1
52361 0 86 5 1
53335 0 86 5 1
53844 0 86 5 1
260140 0 86 5 1
260144 0 86 5 1
432596 1 86 5 1
432598 0 86 5 3
493630 0 86 5 1
259443 0 87 5 3
415250 0 87 5 1
433387 0 87 5 2
442164 0 87 5 2
53029 0 88 5 1
53678 0 88 5 1
54168 1 88 5 1
54171 1 88 5 1
258851 0 88 5 0
258852 0 88 5 0
415250 0 88 5 3
415252 0 88 5 3
415390 1 88 5 1
418255 1 88 5 1
427378 0 88 5 1
494192 0 88 5 1
494194 0 88 5 1
53795 1 89 5 1
53796 1 89 5 1
132181 0 89 5 3
132182 0 89 5 3
132186 0 89 5 3
260241 0 89 5 3
418335 0 89 5 1
418336 0 89 5 1
418352 0 89 5 1
418353 0 89 5 1
532031 0 89 5 3
53794 0 90 5 1
53796 0 90 5 1
53879 1 90 5 1
53881 1 90 5 1
53882 1 90 5 1
53883 1 90 5 1
53884 1 90 5 1
176635 0 90 5 3
259373 0 90 5 1
259377 0 90 5 1
260077 0 90 5 1
414893 0 90 5 4
442933 0 90 5 3
491381 1 90 5 4
494055 0 90 5 1
54178 0 91 5 0
54179 0 91 5 0
258849 0 91 5 3
258851 0 91 5 3
258852 0 91 5 3
258999 1 91 5 1
259659 0 91 5 1
259660 0 91 5 1
442934 0 91 5 1
493621 0 91 5 1
533576 0 91 5 3
54111 0 92 5 1
258477 0 92 5 3
258479 0 92 5 3
258480 0 92 5 3
417571 0 92 5 1
427374 1 92 5 3
427375 1 92 5 3
427376 1 92 5 3
427377 1 92 5 3
493268 0 92 5 3
493769 1 92 5 1
493770 1 92 5 1
494051 0 92 5 3
494055 0 92 5 3
53410 1 93 5 1
53886 0 93 5 0
53939 1 93 5 1
94252 0 93 5 3
94253 0 93 5 3
376964 0 93 5 3
493620 0 93 5 1
493625 0 93 5 3
493626 0 93 5 3
493627 0 93 5 3
493630 0 93 5 3
503513 0 93 5 3
533579 0 93 5 1
54112 0 94 5 1
77535 0 94 5 2
132183 1 94 5 1
132184 1 94 5 1
132185 1 94 5 1
132186 1 94 5 1
177155 0 94 5 2
257228 0 94 5 2
257230 0 94 5 2
258471 1 94 5 4
259116 1 94 5 1
259117 1 94 5 1
259115 0 94 5 1
259121 0 94 5 1
259657 0 94 5 3
259659 0 94 5 3
259922 1 94 5 0
259923 1 94 5 0
259925 1 94 5 0
260315 0 94 5 2
296846 0 94 5 1
296850 0 94 5 1
418257 0 94 5 1
418654 0 94 5 3
52503 0 95 5 1
53386 1 95 5 3
53879 0 95 5 3
53880 0 95 5 3
53914 0 95 5 0
53915 0 95 5 0
54001 0 95 5 1
54003 0 95 5 1
54006 0 95 5 1
175687 0 95 5 2
258997 0 95 5 3
259251 0 95 5 0
297733 0 95 5 3
297735 0 95 5 3
418649 0 95 5 1
432594 0 95 5 3
440408 0 95 5 3
442540 1 95 5 1
442541 1 95 5 1
486323 0 95 5 3
486324 0 95 5 3
486326 0 95 5 3
486327 0 95 5 3
493622 0 95 5 1
494024 0 95 5 1
53408 0 96 5 3
53420 1 96 5 1
54142 0 96 5 1
54146 0 96 5 1
132184 0 96 5 1
258996 0 96 5 2
259000 0 96 5 2
260432 1 96 5 0
443832 0 96 5 1
513474 1 96 5 2
54142 0 97 5 3
54143 0 97 5 3
259205 0 97 5 1
259304 0 97 5 1
259486 0 97 5 1
260079 0 97 5 1
260315 0 97 5 1
298060 0 97 5 1
298062 0 97 5 1
298063 0 97 5 1
475507 0 97 5 3
475509 0 97 5 3
533710 0 97 5 1
53880 0 98 5 1
53883 0 98 5 1
259940 0 98 5 3
296987 0 98 5 1
296990 0 98 5 1
475859 0 98 5 3
475861 0 98 5 3
493587 0 98 5 3
535007 1 98 5 1
535008 1 98 5 1
535009 1 98 5 1
414 0 99 5 3
415 0 99 5 3
53161 0 99 5 1
53210 0 99 5 1
53212 0 99 5 1
53552 0 99 5 1
53553 0 99 5 1
53554 0 99 5 1
259956 0 99 5 1
259958 0 99 5 1
259972 0 99 5 1
259974 0 99 5 1
260314 1 99 5 3
288131 0 99 5 3
288132 0 99 5 3
296916 0 99 5 1
297181 0 99 5 1
297184 0 99 5 1
324425 0 99 5 2
324428 0 99 5 2
427770 0 99 5 3
427771 0 99 5 3
39457 0 100 5 3
145751 0 100 5 2
296840 0 100 5 1
296843 0 100 5 1
427622 0 100 5 1
494050 0 100 5 3
512831 0 100 5 3
534863 0 100 5 1
54229 0 101 5 1
259345 0 101 5 4
260451 0 101 5 1
427798 0 101 5 1
427801 0 101 5 1
474827 0 101 5 1
494199 0 101 5 3
494200 0 101 5 3
494361 0 101 5 1
534239 0 101 5 3
53037 0 102 5 1
82711 0 102 5 2
259405 0 102 5 3
259972 1 102 5 2
296986 0 102 5 3
296989 0 102 5 3
324426 0 102 5 2
52418 0 103 5 3
53210 0 103 5 1
53214 0 103 5 1
137198 1 103 5 2
137199 1 103 5 2
297255 1 103 5 1
556994 0 103 5 3
53039 1 104 5 1
54076 0 104 5 3
54078 0 104 5 3
94420 0 104 5 3
259270 0 104 5 1
259271 0 104 5 1
260570 0 104 5 3
260574 0 104 5 3
288129 0 104 5 3
288131 0 104 5 3
297183 0 104 5 0
426393 0 104 5 1
427768 0 104 5 1
427769 0 104 5 1
534724 0 104 5 1
534727 0 104 5 1
534863 0 104 5 0
534864 0 104 5 0
534865 0 104 5 0
39457 0 105 5 0
39458 0 105 5 0
52531 0 105 5 1
52532 0 105 5 1
53135 0 105 5 3
54032 0 105 5 1
54035 0 105 5 1
176349 0 105 5 3
176350 0 105 5 3
296990 0 105 5 3
533458 0 105 5 1
533459 0 105 5 1
533462 0 105 5 1
533463 0 105 5 1
52400 0 106 5 1
53211 0 106 5 3
53214 0 106 5 3
426211 0 106 5 1
426212 0 106 5 1
426216 0 106 5 1
426389 1 106 5 1
426391 1 106 5 1
510628 0 106 5 3
52660 0 107 5 1
260421 0 107 5 3
297255 1 107 5 1
297256 1 107 5 1
297258 1 107 5 1
443206 0 107 5 3
443207 0 107 5 3
37650 1 108 5 1
37653 1 108 5 1
39463 0 108 5 1
39469 0 108 5 1
52530 0 108 5 0
52532 0 108 5 0
53493 0 108 5 4
54077 0 108 5 0
54079 0 108 5 0
418347 0 108 5 3
418349 0 108 5 3
418350 0 108 5 3
474053 0 108 5 3
474054 0 108 5 3
474125 0 108 5 3
533907 0 108 5 1
38871 1 109 5 1
213850 1 109 5 3
213851 1 109 5 3
426210 0 109 5 1
426212 0 109 5 1
426214 0 109 5 1
426215 0 109 5 1
474964 0 109 5 1
38564 0 110 5 1
39466 0 110 5 0
52697 0 110 5 1
53640 0 110 5 3
154798 0 110 5 3
258862 0 110 5 1
258863 0 110 5 1
426213 0 110 5 3
426212 0 110 5 3
426216 0 110 5 3
426646 0 110 5 1
426647 0 110 5 3
459265 0 110 5 3
534245 0 110 5 1
534246 0 110 5 1
534244 0 110 5 1
535275 1 110 5 1
535276 1 110 5 1
535277 1 110 5 1
7563 1 111 5 2
7564 1 111 5 2
7566 1 111 5 2
37568 0 111 5 1
37571 0 111 5 1
130956 0 111 5 3
258977 0 111 5 1
260418 0 111 5 2
260421 0 111 5 2
297086 0 111 5 1
427682 0 111 5 1
427684 0 111 5 1
38790 0 112 5 1
297255 0 112 5 3
297257 0 112 5 3
297258 0 112 5 3
297828 0 112 5 1
297957 0 112 5 1
386717 1 112 5 1
387089 0 112 5 3
443983 1 112 5 3
443984 1 112 5 3
474731 1 112 5 1
474732 1 112 5 1
519415 0 112 5 1
519418 0 112 5 1
520354 0 112 5 1
520358 0 112 5 1
534976 0 112 5 1
37988 0 113 5 1
38562 0 113 5 1
39459 0 113 5 3
39460 0 113 5 3
54935 0 113 5 3
260570 1 113 5 3
260571 1 113 5 3
297051 1 113 5 1
297052 1 113 5 1
426210 0 113 5 1
426211 0 113 5 1
426216 0 113 5 1
474968 1 113 5 3
37652 0 114 5 1
39172 0 114 5 1
39173 0 114 5 1
39177 0 114 5 1
39339 0 114 5 1
52694 0 114 5 3
52695 0 114 5 3
427681 0 114 5 3
427683 0 114 5 3
442947 0 114 5 1
442951 0 114 5 1
443580 1 114 5 1
551178 0 114 5 3
37982 0 115 5 3
54281 1 115 5 3
54282 1 115 5 3
187441 0 115 5 2
215245 0 115 5 3
277630 0 115 5 3
297287 1 115 5 1
297291 1 115 5 1
427005 1 115 5 1
427006 1 115 5 1
427113 0 116 5 1
435444 0 116 5 3
435445 0 116 5 3
474072 0 116 5 1
520296 1 116 5 1
37475 0 117 5 3
37807 0 117 5 3
37809 0 117 5 3
39172 0 117 5 2
39174 0 117 5 2
39177 0 117 5 2
39197 0 117 5 1
73336 1 117 5 3
174889 0 117 5 3
297051 0 117 5 1
297052 0 117 5 1
297288 0 117 5 1
297290 0 117 5 1
427239 0 117 5 1
520153 0 117 5 4
551176 0 117 5 3
551179 0 117 5 3
37779 0 118 5 1
39310 1 118 5 2
39314 1 118 5 2
39315 1 118 5 2
118886 0 118 5 3
136841 1 118 5 3
258862 0 118 5 3
258867 0 118 5 3
435446 0 118 5 1
533644 1 118 5 1
533648 1 118 5 1
39312 0 119 5 3
39316 0 119 5 3
215652 0 119 5 3
215654 0 119 5 3
444090 0 119 5 1
474068 1 119 5 1
474069 1 119 5 1
519417 0 119 5 1
519418 0 119 5 1
520740 0 119 5 1
520812 1 119 5 1
532967 0 119 5 3
534892 1 119 5 1
534895 1 119 5 1
37654 0 120 5 0
37656 0 120 5 0
37658 0 120 5 0
38034 0 120 5 3
38035 0 120 5 3
38713 1 120 5 1
39201 0 120 5 1
221213 0 120 5 3
221215 0 120 5 3
520072 0 120 5 1
9436 0 121 5 0
9437 0 121 5 0
37898 0 121 5 1
38199 0 121 5 1
38269 0 121 5 1
38704 1 121 5 1
38705 1 121 5 1
520405 1 121 5 1
520407 1 121 5 1
533914 0 121 5 2
533915 0 121 5 2
533917 0 121 5 2
533918 0 121 5 2
534147 0 121 5 1
535277 0 121 5 3
37475 0 122 5 3
37477 0 122 5 3
37478 0 122 5 3
39310 0 122 5 1
39312 0 122 5 1
39313 0 122 5 1
39316 0 122 5 1
39321 0 122 5 2
174484 0 122 5 1
297609 0 122 5 1
363177 0 122 5 3
520066 1 122 5 1
533623 0 122 5 1
533625 0 122 5 1
534848 1 122 5 1
9542 0 123 5 0
38197 0 123 5 1
38199 0 123 5 1
174112 0 123 5 1
174114 0 123 5 1
268250 0 123 5 3
435973 0 123 5 3
499806 0 123 5 2
499807 0 123 5 2
520072 0 123 5 3
520074 0 123 5 3
533434 1 123 5 1
37704 0 124 5 3
361280 0 124 5 3
426582 0 124 5 3
427037 0 124 5 1
427039 0 124 5 1
443612 0 124 5 2
520388 0 124 5 1
520392 0 124 5 1
520414 0 124 5 2
520443 0 124 5 1
520812 0 124 5 1
520814 0 124 5 1
12907 0 125 5 2
37497 1 125 5 1
37500 1 125 5 1
37496 0 125 5 1
37501 0 125 5 1
37895 0 125 5 1
73462 0 125 5 1
146486 0 125 5 3
520538 0 125 5 0
520540 0 125 5 0
521904 0 125 5 3
521905 0 125 5 3
535355 0 125 5 1
535356 0 125 5 1
535359 0 125 5 1
9536 0 126 5 4
101283 0 126 5 3
174113 0 126 5 0
355963 1 126 5 3
443133 0 126 5 3
511317 0 126 5 2
520601 0 126 5 0
520602 0 126 5 0
37877 0 127 5 1
38154 0 127 5 1
38157 0 127 5 1
175195 0 127 5 1
363179 0 127 5 3
426645 0 127 5 1
426646 0 127 5 1
426648 0 127 5 1
519766 0 127 5 1
519768 0 127 5 1
519769 0 127 5 1
520322 0 127 5 1
520816 1 127 5 3
534726 0 127 5 3
37743 0 128 5 1
37901 0 128 5 2
38092 0 128 5 3
38094 0 128 5 3
38096 0 128 5 3
175539 1 128 5 1
175580 0 128 5 1
175582 0 128 5 1
362222 1 128 5 4
427041 1 128 5 3
427043 1 128 5 3
427524 0 128 5 1
427527 0 128 5 1
442696 0 128 5 1
519766 0 128 5 0
519768 0 128 5 0
519769 0 128 5 0
520025 1 128 5 1
520204 0 128 5 1
520410 0 128 5 2
534841 0 128 5 1
10339 0 129 5 3
38751 0 129 5 2
38754 0 129 5 2
89249 0 129 5 3
174843 0 129 5 1
356872 0 129 5 2
356876 0 129 5 2
442185 0 129 5 1
442188 0 129 5 1
519765 0 129 5 1
519932 0 129 5 1
519936 0 129 5 1
38034 0 130 5 0
174521 0 130 5 2
174523 0 130 5 2
174524 0 130 5 2
175032 0 130 5 3
175034 0 130 5 3
175540 0 130 5 1
414243 1 130 5 4
427454 0 130 5 1
427456 0 130 5 1
519464 0 130 5 1
520015 0 130 5 3
520502 0 130 5 1
533935 0 130 5 1
533936 0 130 5 1
37873 0 131 5 0
37875 0 131 5 0
37883 0 131 5 3
38464 0 131 5 1
174685 0 131 5 3
443427 0 131 5 3
443428 0 131 5 3
519763 0 131 5 3
519768 0 131 5 3
520599 0 131 5 1
520600 0 131 5 1
520602 0 131 5 1
520604 0 131 5 1
534834 0 131 5 0
38929 0 132 5 1
38930 0 132 5 1
39025 0 132 5 1
39336 1 132 5 1
39451 0 132 5 1
442455 1 132 5 1
519596 0 132 5 1
520027 0 132 5 3
535069 0 132 5 0
10340 0 133 5 1
38745 0 133 5 0
520467 0 133 5 3
535360 0 133 5 2
38702 0 134 5 0
39032 0 134 5 1
39138 1 134 5 1
173902 1 134 5 0
174485 1 134 5 1
519462 0 134 5 1
519465 0 134 5 1
519616 0 134 5 3
520464 0 134 5 3
520466 0 134 5 3
532887 0 134 5 3
532889 0 134 5 3
532890 0 134 5 3
37736 1 135 5 1
37738 1 135 5 1
38098 0 135 5 3
38628 1 135 5 1
38629 1 135 5 1
38630 1 135 5 1
39337 0 135 5 3
175571 0 135 5 1
175572 0 135 5 1
364011 1 135 5 3
364012 1 135 5 3
427132 0 135 5 1
442348 1 135 5 1
442349 1 135 5 1
442453 0 135 5 1
442908 0 135 5 1
519979 1 135 5 1
38403 0 136 5 3
38406 0 136 5 3
39452 0 136 5 1
173830 0 136 5 0
175573 0 136 5 3
175577 0 136 5 3
238932 1 136 5 3
334474 0 136 5 3
362593 0 136 5 3
442337 0 136 5 1
442341 0 136 5 1
443198 0 136 5 2
38730 0 137 5 0
57866 0 137 5 3
128610 1 137 5 3
175376 1 137 5 1
175379 1 137 5 1
426905 0 137 5 0
426906 0 137 5 0
480013 0 137 5 3
496010 1 137 5 1
496013 1 137 5 1
496014 1 137 5 1
38637 0 138 5 2
184708 0 138 5 3
311209 0 138 5 2
519840 0 138 5 1
519841 0 138 5 1
426586 0 139 5 1
443815 0 139 5 1
519977 0 139 5 1
521197 0 139 5 1
38554 0 140 5 3
38557 0 140 5 3
38820 0 140 5 3
38823 0 140 5 3
248687 0 140 5 3
258807 1 140 5 3
259029 1 140 5 1
259030 1 140 5 1
443056 1 140 5 1
495036 0 140 5 1
495037 0 140 5 1
519977 0 140 5 3
519980 0 140 5 3
216693 0 141 5 3
238747 0 141 5 3
258801 0 141 5 2
426588 0 141 5 1
127530 0 142 5 3
174515 0 142 5 3
238928 0 142 5 2
238929 0 142 5 2
238934 0 142 5 2
426922 0 142 5 2
426925 0 142 5 2
426926 0 142 5 2
519938 0 142 5 1
521192 0 142 5 3
38476 0 143 5 1
38478 0 143 5 1
39335 0 143 5 3
174301 0 143 5 1
174476 0 143 5 3
174635 0 143 5 1
259674 0 143 5 1
426844 0 143 5 0
426847 0 143 5 0
443813 0 143 5 3
35649 0 144 5 3
35651 0 144 5 3
175283 0 144 5 3
240513 1 144 5 1
240515 1 144 5 1
248687 0 144 5 3
259666 1 144 5 0
337236 0 144 5 3
426926 0 144 5 2
427172 0 144 5 3
427173 0 144 5 3
427172 0 144 5 3
427173 0 144 5 3
427177 0 144 5 3
442246 0 144 5 1
494796 0 144 5 3
494797 0 144 5 3
494799 0 144 5 3
519680 1 144 5 1
519991 0 144 5 1
521191 0 144 5 3
172209 0 145 5 3
426844 0 145 5 1
426846 0 145 5 1
426848 0 145 5 1
426849 0 145 5 1
426850 0 145 5 1
173878 0 146 5 1
173881 0 146 5 1
174637 1 146 5 1
174639 1 146 5 1
175405 1 146 5 0
175404 0 146 5 2
462710 0 146 5 1
462713 0 146 5 1
520523 1 146 5 1
520524 1 146 5 1
413142 0 147 5 3
442184 0 147 5 1
519623 0 147 5 1
519624 0 147 5 1
38345 0 148 5 3
38346 0 148 5 3
175305 0 148 5 0
175308 0 148 5 0
175565 0 148 5 3
175566 0 148 5 3
239773 0 148 5 3
239775 0 148 5 3
258798 0 148 5 3
442894 0 148 5 1
462085 0 148 5 1
519662 0 148 5 3
520560 0 148 5 1
521047 0 148 5 1
521050 0 148 5 1
175302 0 149 5 1
175303 0 149 5 1
175307 0 149 5 1
443238 0 149 5 1
443240 0 149 5 1
495922 0 149 5 1
38572 0 150 5 1
240086 0 150 5 1
240626 0 150 5 1
462089 0 150 5 1
309861 0 151 5 1
309864 0 151 5 1
310781 0 151 5 3
310782 0 151 5 3
37631 0 152 5 1
37632 0 152 5 1
175303 0 152 5 3
175304 0 152 5 3
175306 0 152 5 3
259141 0 152 5 1
469693 0 152 5 3
520562 0 152 5 0
240080 0 153 5 1
240083 0 153 5 1
240413 1 153 5 1
287826 0 153 5 2
461747 0 153 5 1
461750 0 153 5 1
496038 0 153 5 1
39466 0 154 5 1
39468 0 154 5 1
175104 0 154 5 1
175105 0 154 5 1
443063 0 154 5 1
495922 0 154 5 3
174296 0 155 5 1
174297 0 155 5 1
174300 0 155 5 1
174301 0 155 5 1
174421 0 155 5 4
174422 0 155 5 4
443288 1 155 5 1
495176 0 155 5 1
495179 0 155 5 1
495820 1 155 5 1
521057 0 155 5 1
521058 0 155 5 1
23545 0 156 5 3
37968 0 156 5 1
237360 0 156 5 1
237362 0 156 5 1
238052 1 156 5 1
238053 1 156 5 1
238055 1 156 5 1
240098 0 156 5 1
240156 0 156 5 3
240218 0 156 5 1
443240 0 156 5 3
462178 0 156 5 3
520215 0 156 5 0
520560 1 156 5 1
520561 1 156 5 1
38763 0 157 5 3
38764 0 157 5 3
38766 0 157 5 3
39464 0 157 5 1
39469 0 157 5 1
240078 0 157 5 1
240080 0 157 5 1
240082 0 157 5 1
240083 0 157 5 1
461979 0 157 5 1
462107 0 157 5 1
462110 0 157 5 1
462111 0 157 5 1
494392 0 157 5 1
494665 0 157 5 3
495707 0 157 5 1
496040 0 157 5 3
496057 0 157 5 1
236947 1 158 5 1
236950 1 158 5 1
236952 1 158 5 1
239309 0 158 5 1
239310 0 158 5 1
239311 0 158 5 1
380229 1 158 5 3
461743 1 158 5 0
462533 0 158 5 1
462535 0 158 5 1
462630 0 158 5 1
495751 0 158 5 3
495752 0 158 5 3
496288 0 158 5 1
496291 0 158 5 1
520562 0 158 5 1
30751 0 159 5 3
39460 0 159 5 1
164493 0 159 5 3
174366 0 159 5 1
174368 0 159 5 1
237085 0 159 5 3
237086 0 159 5 3
239189 0 159 5 1
239191 0 159 5 1
239193 0 159 5 1
239308 0 159 5 3
239309 0 159 5 3
239522 0 159 5 1
240078 0 159 5 3
240414 0 159 5 3
408938 0 159 5 1
461478 1 159 5 0
462358 0 159 5 1
462359 0 159 5 1
462356 0 159 5 2
462360 0 159 5 2
495827 0 159 5 3
495828 0 159 5 3
496255 0 159 5 1
496259 0 159 5 1
496260 0 159 5 1
519704 0 159 5 3
519934 1 159 5 0
537333 0 159 5 1
37968 0 160 5 3
38941 0 160 5 3
38942 0 160 5 3
174367 0 160 5 1
236947 0 160 5 1
236952 0 160 5 1
266895 1 160 5 2
461515 0 160 5 1
461518 0 160 5 1
461519 0 160 5 1
494668 0 160 5 1
495708 1 160 5 1
495751 0 160 5 3
496040 1 160 5 0
496056 0 160 5 2
520905 0 160 5 1
520906 0 160 5 1
537323 0 160 5 3
537325 0 160 5 3
38696 0 161 5 1
150022 0 161 5 3
239308 1 161 5 1
239311 1 161 5 1
240216 0 161 5 3
425915 0 161 5 3
462403 0 161 5 0
494812 0 161 5 1
495567 0 161 5 1
495568 0 161 5 1
495570 0 161 5 1
518833 0 161 5 2
519735 0 161 5 3
519738 0 161 5 3
519739 0 161 5 3
519743 0 161 5 1
520054 0 161 5 3
174648 0 162 5 1
174796 0 162 5 1
175328 0 162 5 1
175329 0 162 5 1
239242 1 162 5 1
239243 1 162 5 1
239481 0 162 5 4
301380 1 162 5 3
408940 0 162 5 3
408941 0 162 5 3
494580 1 162 5 0
495591 1 162 5 1
495654 0 162 5 0
495967 0 162 5 1
495968 0 162 5 1
519647 0 162 5 4
519648 0 162 5 4
519704 0 162 5 3
174055 0 163 5 1
266894 0 163 5 3
461300 0 163 5 1
461301 0 163 5 1
461303 0 163 5 1
461320 0 163 5 3
462356 0 163 5 3
462357 0 163 5 3
492461 0 163 5 3
494936 0 163 5 0
495034 1 163 5 1
495035 1 163 5 1
495037 1 163 5 1
519736 1 163 5 1
519738 1 163 5 1
519740 1 163 5 1
38587 0 164 5 1
239444 0 164 5 1
461516 0 164 5 1
461911 0 164 5 3
461916 0 164 5 3
495121 1 164 5 1
495122 1 164 5 1
495561 0 164 5 1
520900 0 164 5 3
38694 0 165 5 3
38695 0 165 5 3
38747 1 165 5 1
163413 0 165 5 1
174803 0 165 5 1
174804 0 165 5 1
174915 0 165 5 1
237603 0 165 5 3
409826 0 165 5 1
489709 0 165 5 3
494841 0 165 5 1
495599 0 165 5 1
495600 0 165 5 1
519622 0 165 5 1
561587 0 165 5 3
38693 0 166 5 3
38695 0 166 5 3
38697 0 166 5 3
39261 0 166 5 1
109482 0 166 5 2
163678 0 166 5 1
175452 0 166 5 1
240222 0 166 5 1
494925 0 166 5 1
495261 1 166 5 1
495653 0 166 5 2
495654 0 166 5 2
495656 0 166 5 2
496011 0 166 5 0
496012 0 166 5 0
496014 0 166 5 0
517517 0 166 5 3
517518 0 166 5 3
519736 0 166 5 3
519738 0 166 5 3
519740 0 166 5 3
520389 0 166 5 1
520391 0 166 5 1
38944 1 167 5 3
175389 0 167 5 2
259794 0 167 5 1
461301 0 167 5 1
461302 0 167 5 1
461301 0 167 5 1
461302 0 167 5 1
39414 0 168 5 1
163557 0 168 5 1
163802 1 168 5 1
239407 0 168 5 1
240222 1 168 5 1
259747 1 168 5 0
259749 1 168 5 0
461219 1 168 5 1
462538 0 168 5 1
494922 0 168 5 1
494924 0 168 5 1
495261 1 168 5 1
495262 1 168 5 1
39047 0 169 5 1
39058 0 169 5 1
39060 0 169 5 1
39061 0 169 5 1
174174 0 169 5 1
174561 0 169 5 1
237306 0 169 5 1
237673 0 169 5 1
237672 0 169 5 2
237674 0 169 5 2
237675 0 169 5 2
239408 0 169 5 3
239410 0 169 5 3
239412 0 169 5 3
239797 0 169 5 1
259792 0 169 5 3
461761 0 169 5 1
490901 0 169 5 3
490903 0 169 5 3
496201 0 169 5 1
561590 0 169 5 1
38991 1 170 5 1
109485 0 170 5 0
163079 0 170 5 1
163082 0 170 5 1
163306 1 170 5 1
174249 0 170 5 1
175191 0 170 5 0
175192 0 170 5 0
175452 1 170 5 1
175454 1 170 5 1
239396 0 170 5 3
313501 0 170 5 3
494479 1 170 5 1
496004 0 170 5 2
520390 0 170 5 3
238073 0 171 5 1
269491 0 171 5 2
426586 0 171 5 3
494698 0 171 5 1
494700 0 171 5 1
494701 0 171 5 1
494768 0 171 5 1
561736 0 171 5 1
561739 0 171 5 1
110940 0 172 5 0
237672 0 172 5 3
240792 1 172 5 2
313501 0 172 5 3
339262 0 172 5 0
339263 0 172 5 0
462537 0 172 5 3
495185 0 172 5 1
520148 0 172 5 3
163912 0 173 5 1
175377 0 173 5 1
175378 0 173 5 1
238125 0 173 5 1
238126 0 173 5 1
239124 1 173 5 0
496099 0 173 5 3
63442 0 174 5 3
163028 0 174 5 1
163029 0 174 5 1
163360 0 174 5 3
163362 0 174 5 3
164378 0 174 5 3
174248 0 174 5 1
174250 0 174 5 1
175333 0 174 5 3
239122 0 174 5 3
239124 0 174 5 3
495619 0 174 5 1
520407 0 174 5 1
560833 0 174 5 1
561738 0 174 5 1
562379 0 174 5 1
110719 1 175 5 3
148214 0 175 5 1
148217 0 175 5 1
163318 0 175 5 1
164552 0 175 5 1
164553 0 175 5 1
237529 0 175 5 1
237531 0 175 5 1
239243 0 175 5 1
239244 0 175 5 1
239323 0 175 5 1
494701 0 175 5 3
495264 0 175 5 3
496094 0 175 5 3
496334 1 175 5 1
563027 0 175 5 3
162937 1 176 5 1
163339 0 176 5 3
163991 0 176 5 1
164244 0 176 5 1
240392 1 176 5 1
240386 0 176 5 1
240391 0 176 5 1
312287 0 176 5 2
312288 0 176 5 2
312289 0 176 5 2
494424 0 176 5 1
496161 0 176 5 1
496243 0 176 5 1
496247 0 176 5 1
496276 0 176 5 1
496277 0 176 5 1
561736 0 176 5 1
561738 0 176 5 1
561739 0 176 5 1
109790 0 177 5 4
163029 0 177 5 3
236972 0 177 5 1
238131 0 177 5 1
238132 0 177 5 1
312295 0 177 5 0
312298 0 177 5 0
562185 0 177 5 1
60149 0 178 5 3
60151 0 178 5 3
64288 0 178 5 1
64292 0 178 5 1
64293 0 178 5 1
117355 0 178 5 2
162937 0 178 5 0
237530 0 178 5 0
238142 0 178 5 1
238144 0 178 5 1
238145 0 178 5 1
258925 0 178 5 1
258928 0 178 5 1
494671 0 178 5 1
495297 0 178 5 1
495300 0 178 5 1
496244 0 178 5 1
496246 0 178 5 1
561322 0 178 5 1
63444 0 179 5 1
139568 1 179 5 3
162835 0 179 5 2
162838 0 179 5 1
162840 0 179 5 1
163051 1 179 5 1
164347 0 179 5 1
164348 0 179 5 1
164351 0 179 5 1
164566 0 179 5 2
164567 0 179 5 2
236960 0 179 5 1
236963 0 179 5 1
238132 1 179 5 1
238135 1 179 5 1
238136 1 179 5 1
238578 0 179 5 1
260522 0 179 5 3
495295 0 179 5 2
495296 0 179 5 2
495297 0 179 5 2
562829 0 179 5 1
562831 0 179 5 1
63801 1 180 5 1
163534 1 180 5 2
163535 1 180 5 2
237089 0 180 5 1
237870 0 180 5 3
237871 0 180 5 3
237872 0 180 5 3
237873 0 180 5 3
237984 0 180 5 1
240091 0 180 5 1
240095 0 180 5 1
254380 0 180 5 3
494485 1 180 5 0
495003 1 180 5 1
495029 0 180 5 1
495869 0 180 5 1
495872 0 180 5 1
110700 1 181 5 1
164216 0 181 5 1
164217 0 181 5 1
237090 0 181 5 1
238664 0 181 5 4
495265 0 181 5 2
561642 0 181 5 1
562099 0 181 5 1
562100 0 181 5 1
562717 0 181 5 3
562720 0 181 5 3
563141 0 181 5 1
237785 0 182 5 1
312296 0 182 5 3
312325 0 182 5 1
313491 0 182 5 1
504462 1 182 5 1
195286 0 183 5 3
213029 0 183 5 3
236960 0 183 5 3
237760 0 183 5 1
238659 0 183 5 2
238662 0 183 5 2
494725 0 183 5 1
494990 1 183 5 0
494993 1 183 5 0
495521 0 183 5 3
496256 0 183 5 0
496258 0 183 5 0
496260 0 183 5 0
524115 1 183 5 3
524116 1 183 5 3
164302 1 184 5 1
164303 1 184 5 1
193733 0 184 5 2
562669 1 184 5 3
164237 0 185 5 1
164278 0 185 5 1
237818 1 185 5 1
237984 0 185 5 3
237986 0 185 5 3
238737 0 185 5 1
240094 0 185 5 0
109501 0 186 5 3
189678 0 186 5 1
195287 1 186 5 3
238820 0 186 5 1
494954 1 186 5 1
164205 1 187 5 0
467421 0 187 5 3
467423 0 187 5 3
494985 0 187 5 1
240093 0 188 5 0
496391 0 188 5 3
496394 0 188 5 3
126403 0 189 5 1
162774 0 189 5 1
236804 0 189 5 1
238353 0 189 5 1
563027 1 189 5 0
14464 0 190 5 3
163783 0 190 5 1
191333 1 190 5 4
237708 0 190 5 1
237710 0 190 5 1
237752 0 190 5 3
237754 0 190 5 3
494514 0 190 5 1
494515 0 190 5 1
163293 0 191 5 3
163294 0 191 5 3
163295 0 191 5 3
495246 0 191 5 1
495967 0 191 5 1
163245 0 192 5 2
164237 0 192 5 1
164238 0 192 5 1
237751 0 192 5 1
237878 0 192 5 1
237880 0 192 5 1
494950 0 192 5 3
494951 0 192 5 3
495050 0 192 5 1
163649 0 193 5 1
163811 0 193 5 1
163812 0 193 5 1
164019 0 193 5 1
164041 0 193 5 1
164043 0 193 5 1
363424 0 193 5 3
494454 1 193 5 0
494455 1 193 5 0
495216 1 193 5 1
495217 1 193 5 1
126510 0 194 5 1
237746 0 194 5 1
237747 0 194 5 1
237872 0 194 5 2
238745 0 194 5 1
495355 0 194 5 1
495357 0 194 5 1
496269 0 194 5 1
496270 0 194 5 1
496273 0 194 5 1
163740 1 195 5 0
237210 0 195 5 1
237211 0 195 5 1
238535 0 195 5 1
495337 0 195 5 3
124985 0 196 5 1
124986 0 196 5 1
164332 0 196 5 1
164336 0 196 5 1
164337 0 196 5 1
237441 0 196 5 3
237443 0 196 5 3
494496 0 196 5 1
494497 0 196 5 1
126467 0 197 5 1
163740 0 197 5 0
163831 0 197 5 1
163834 0 197 5 1
164021 0 197 5 1
164019 0 197 5 3
164024 0 197 5 3
237372 1 197 5 1
277128 0 197 5 3
495823 0 197 5 1
509571 0 197 5 3
126467 0 198 5 2
126469 0 198 5 2
163327 0 198 5 3
163328 0 198 5 3
163329 0 198 5 3
163828 1 198 5 4
164193 1 198 5 1
164194 1 198 5 1
164196 1 198 5 1
171257 1 198 5 0
236981 0 198 5 1
238779 1 198 5 1
238782 1 198 5 1
125665 0 199 5 4
163737 0 199 5 2
163738 0 199 5 2
124891 0 200 5 1
126338 0 200 5 4
126467 0 200 5 3
126470 0 200 5 3
176438 0 200 5 2
178300 0 200 5 3
237738 0 200 5 1
237739 0 200 5 1
238579 1 200 5 1
495519 0 200 5 1
59596 0 201 5 3
59598 0 201 5 3
59600 0 201 5 3
124891 0 201 5 1
124892 0 201 5 1
125603 0 201 5 1
125605 0 201 5 1
126178 0 201 5 3
164191 0 201 5 3
164193 0 201 5 3
164194 0 201 5 3
177129 0 201 5 3
177131 0 201 5 3
494495 0 201 5 3
508941 0 201 5 3
555152 0 201 5 3
39637 1 202 5 3
125108 1 202 5 1
125112 1 202 5 1
170571 0 202 5 0
170573 0 202 5 0
237622 0 202 5 1
124973 0 203 5 1
125107 0 203 5 1
125108 0 203 5 1
125110 0 203 5 1
125112 0 203 5 1
125472 0 203 5 1
125818 0 203 5 1
125819 0 203 5 1
495843 0 203 5 1
495844 0 203 5 1
125700 0 204 5 2
125965 1 204 5 2
125967 1 204 5 2
125968 1 204 5 2
171250 1 204 5 1
171251 1 204 5 1
237620 0 204 5 0
237621 0 204 5 0
237622 0 204 5 0
496062 0 204 5 1
125512 0 205 5 1
125513 0 205 5 1
126068 0 205 5 0
126406 1 205 5 1
162954 0 205 5 1
170328 1 205 5 0
238738 0 205 5 1
494744 0 205 5 1
508938 0 205 5 2
508939 0 205 5 2
87167 0 206 5 2
125139 1 206 5 1
125367 0 206 5 1
125368 0 206 5 1
125369 0 206 5 1
126407 0 206 5 3
163117 0 206 5 0
163120 0 206 5 0
237574 0 206 5 0
238043 1 206 5 0
238044 1 206 5 0
238356 0 206 5 1
238359 0 206 5 1
495847 1 206 5 1
126066 0 207 5 2
126523 0 207 5 3
162955 0 207 5 0
163119 0 207 5 0
237080 0 207 5 1
238345 1 207 5 3
125366 0 208 5 2
126138 0 208 5 0
126140 0 208 5 0
126668 0 208 5 2
163678 0 208 5 1
170328 0 208 5 3
170329 0 208 5 3
170330 0 208 5 3
237757 0 208 5 1
237782 0 208 5 1
237784 0 208 5 1
237786 0 208 5 1
252106 0 208 5 2
268044 0 208 5 3
125099 1 209 5 0
125101 1 209 5 0
125102 1 209 5 0
125369 0 209 5 1
125510 0 209 5 0
125512 0 209 5 0
125513 0 209 5 0
126539 0 209 5 1
163589 0 209 5 1
170549 0 209 5 3
170552 0 209 5 3
238109 0 209 5 0
238253 0 209 5 1
238254 0 209 5 1
238256 0 209 5 1
238259 0 209 5 1
73067 0 210 5 3
162694 0 210 5 3
162695 0 210 5 3
236926 0 210 5 1
236983 0 210 5 3
125547 1 211 5 1
126847 0 211 5 4
162956 1 211 5 1
219551 0 211 5 3
87167 0 212 5 3
125511 0 212 5 3
125537 0 212 5 1
130857 0 212 5 4
163042 0 212 5 1
236925 0 212 5 1
236929 0 212 5 1
125683 1 213 5 3
167064 0 213 5 3
237611 1 213 5 1
238346 0 213 5 3
363344 0 213 5 1
363349 0 213 5 1
495606 0 213 5 1
163476 0 214 5 1
163478 0 214 5 1
163479 0 214 5 1
173516 0 214 5 3
215026 1 214 5 3
215027 1 214 5 3
215029 1 214 5 3
237503 1 214 5 1
238389 0 214 5 3
272191 0 214 5 3
272192 0 214 5 3
363602 0 214 5 1
363603 0 214 5 1
364037 0 214 5 1
364038 0 214 5 1
364154 0 214 5 1
69313 0 215 5 3
126069 1 215 5 1
126072 1 215 5 1
129183 0 215 5 0
129184 0 215 5 0
162953 1 215 5 3
363668 0 215 5 1
535214 0 215 5 3
126380 0 216 5 2
126382 0 216 5 2
163961 0 216 5 1
163962 0 216 5 1
163964 0 216 5 1
236897 0 216 5 1
236898 0 216 5 1
215035 0 217 5 3
363335 0 217 5 1
363337 0 217 5 1
237613 0 218 5 3
238384 0 218 5 1
364036 0 218 5 3
365067 0 220 5 1
130663 0 221 5 0
130664 0 221 5 0
130665 0 221 5 0
362736 0 221 5 1
162699 0 222 5 3
162700 0 222 5 3
163965 0 222 5 3
163966 0 222 5 3
166811 1 222 5 1
362980 0 222 5 1
363508 0 222 5 2
129302 0 223 5 3
129304 0 223 5 3
364196 0 223 5 1
364231 0 223 5 1
364255 1 223 5 3
364256 1 223 5 3
364257 1 223 5 3
487583 1 223 5 0
363657 0 224 5 1
363740 0 224 5 2
363742 0 224 5 2
363743 0 224 5 2
364254 0 224 5 3
364259 0 224 5 3
364964 0 224 5 1
364965 0 224 5 1
70239 0 225 5 3
168750 1 225 5 3
364016 0 225 5 1
364149 0 225 5 1
364150 0 225 5 1
163820 0 226 5 3
185876 0 226 5 2
363359 0 226 5 3
295608 1 227 5 3
363403 0 227 5 1
363404 0 227 5 1
363739 0 227 5 0
363741 0 227 5 0
364390 0 227 5 1
364698 1 227 5 1
487843 0 227 5 0
488181 0 227 5 1
488182 0 227 5 1
163887 0 229 5 4
164925 0 229 5 2
343410 0 229 5 2
363262 0 229 5 2
363263 0 229 5 2
363452 1 229 5 1
71479 0 230 5 3
71480 0 230 5 3
163182 0 230 5 3
488169 0 230 5 1
163548 0 231 5 1
363959 0 231 5 3
364992 0 231 5 1
364993 0 231 5 1
365103 1 231 5 3
164504 1 232 5 1
164921 1 232 5 3
164923 1 232 5 3
170491 0 232 5 3
365110 1 232 5 1
365112 1 232 5 1
487086 0 232 5 3
487087 0 232 5 3
163927 0 233 5 3
363316 0 233 5 1
363488 0 233 5 1
364310 0 233 5 3
364478 0 233 5 1
364801 0 233 5 1
487087 0 233 5 1
487089 0 233 5 1
364177 0 234 5 3
364310 1 234 5 3
364312 1 234 5 3
364953 1 234 5 1
364954 1 234 5 1
365151 0 234 5 1
365152 0 234 5 1
365154 0 234 5 1
365155 0 234 5 1
363871 0 235 5 1
364248 0 235 5 0
364694 1 235 5 3
364695 1 235 5 3
364952 0 235 5 1
422238 0 235 5 3
487466 0 235 5 1
487525 0 235 5 1
163265 0 237 5 1
363487 0 237 5 0
488267 0 237 5 1
488268 0 237 5 1
362767 0 238 5 1
364801 0 238 5 0
487153 0 238 5 1
162704 0 239 5 3
362800 1 239 5 1
365151 0 239 5 3
365153 0 239 5 3
363140 0 240 5 0
363141 0 240 5 0
364930 1 240 5 0
163262 1 241 5 1
163266 1 241 5 1
363836 0 241 5 1
163265 1 242 5 1
363471 0 242 5 3
162691 0 245 5 1
162695 0 245 5 1
162696 0 245 5 1
163977 0 245 5 3
365102 1 245 5 0
363076 0 246 5 1
162975 0 248 5 1
363073 0 248 5 3
134700 0 249 5 1
164557 0 249 5 1
164559 0 249 5 1
363072 1 249 5 1
363073 1 249 5 1
363075 1 249 5 1
363076 1 249 5 1
134871 0 250 5 1
134873 0 250 5 1
134874 0 250 5 1
163422 1 250 5 3
135779 0 253 5 1
156178 0 253 5 3
161201 0 253 5 2
164037 0 253 5 1
362773 0 253 5 1
362774 0 253 5 1
363943 0 253 5 2
363944 0 253 5 2
363946 0 253 5 2
161514 1 254 5 0
163137 0 254 5 1
163138 0 254 5 1
134534 0 255 5 1
162726 0 255 5 1
163935 0 255 5 1
163936 0 255 5 1
163939 0 255 5 1
164078 0 255 5 1
135208 0 256 5 3
162870 0 256 5 3
162871 0 256 5 3
162873 0 256 5 3
176987 0 256 5 3
360023 0 256 5 3
360024 0 256 5 3
379384 0 256 5 3
379385 0 256 5 3
379386 0 256 5 3
135863 0 257 5 3
163509 0 257 5 1
164171 0 257 5 2
164231 0 257 5 1
75669 0 258 5 3
360025 0 258 5 1
163562 0 259 5 1
163564 0 259 5 1
363977 0 259 5 1
163561 0 260 5 3
163562 0 260 5 3
163563 0 260 5 3
164173 0 260 5 3
136179 1 262 5 0
360026 0 262 5 1
360027 0 262 5 1
364235 0 262 5 1
364237 0 262 5 1
135877 0 263 5 1
134652 1 264 5 0
134995 1 264 5 0
135349 0 264 5 3
135350 0 264 5 3
135880 0 264 5 1
135882 0 264 5 1
134789 0 265 5 4
134898 0 265 5 1
134901 0 265 5 1
134913 0 266 5 3
134914 0 266 5 3
134915 0 266 5 3
135031 0 266 5 3
135033 0 266 5 3
164095 1 266 5 1
363884 0 266 5 1
363885 0 266 5 1
134935 1 267 5 1
134937 1 267 5 1
135004 0 267 5 1
278116 1 267 5 1
278118 1 267 5 1
278120 1 267 5 1
278798 0 267 5 1
363564 0 267 5 1
135442 1 268 5 1
135594 1 268 5 0
136246 0 268 5 0
164094 0 268 5 0
164097 0 268 5 0
164098 0 268 5 0
278116 0 268 5 1
134894 0 269 5 1
163656 1 269 5 1
134892 0 270 5 1
134895 0 270 5 1
135489 1 270 5 1
135064 1 271 5 1
135069 1 271 5 1
163861 0 271 5 1
164309 1 271 5 0
164313 1 271 5 0
164314 1 271 5 0
326168 0 271 5 3
46367 0 272 5 3
46368 0 272 5 3
134908 0 272 5 1
135023 1 273 5 1
135026 1 273 5 1
135027 1 273 5 1
135466 1 273 5 3
136156 0 273 5 1
279231 0 273 5 3
134913 0 274 5 2
135478 1 274 5 1
135480 1 274 5 1
135481 1 274 5 1
278884 0 274 5 1
135025 0 275 5 3
135328 0 275 5 1
135468 0 275 5 3
135790 0 275 5 2
135792 0 275 5 2
134603 0 276 5 1
134604 0 276 5 1
135065 0 276 5 1
135070 0 276 5 1
135366 0 276 5 1
135129 1 277 5 1
135451 1 277 5 1
135452 1 277 5 1
136244 0 277 5 2
136246 0 277 5 2
135065 0 278 5 3
367636 0 278 5 2
367637 0 278 5 3
136244 0 279 5 3
224168 0 279 5 3
278884 0 279 5 0
278885 0 279 5 0
278888 0 279 5 0
134813 0 280 5 1
332288 0 280 5 3
135620 0 281 5 1
135790 0 281 5 3
164007 0 281 5 3
134643 0 282 5 1
134644 0 282 5 1
134884 0 282 5 3
156021 0 282 5 3
135547 1 284 5 1
135819 0 284 5 1
134744 0 285 5 2
136218 1 285 5 1
136219 1 285 5 1
134669 0 287 5 4
135546 0 287 5 1
135547 0 287 5 1
135548 0 287 5 1
63983 0 288 5 3
134551 0 288 5 3
134552 0 288 5 3
134553 0 288 5 3
134557 0 288 5 3
136025 0 288 5 1
135959 0 289 5 1
135962 0 289 5 1
418682 0 289 5 4
63984 0 291 5 3
135958 0 292 5 1
135962 0 292 5 1
136028 0 292 5 1
135635 0 293 5 1
350622 0 293 5 2
350625 0 293 5 2
134752 0 294 5 1
539566 0 294 5 3
135810 0 295 5 1
362035 1 296 5 2
135714 0 299 5 1
135717 0 299 5 1
136248 1 300 5 1
136250 1 300 5 1
136251 1 300 5 1
135888 0 301 5 1
351622 0 301 5 1
351624 0 301 5 1
351625 0 301 5 1
351626 0 301 5 1
134709 1 302 5 1
134712 1 302 5 1
136252 0 302 5 2
351624 0 302 5 3
135281 0 303 5 3
135284 0 303 5 3
351625 0 303 5 2
273883 0 304 5 3
273136 1 307 5 1
273137 1 307 5 1
304716 0 311 5 2
304718 0 311 5 2
304719 0 311 5 2
304720 0 311 5 2
304722 0 311 5 2
304721 0 317 5 1
