228250 10
319750 10
360871 10
360873 10
530503 10
475491 11
290408 13
292545 14
292546 14
292547 14
292549 14
227935 15
227937 15
290399 16
290400 16
290402 16
85417 17
292059 17
292060 17
292550 17
290564 18
290565 18
292544 18
293019 18
290398 19
290404 19
290405 19
290406 19
491668 19
491670 19
292625 20
292628 20
290403 21
292333 21
292336 21
324619 21
291629 22
291630 22
290432 23
293140 23
293143 23
84696 24
290399 24
290401 24
292185 24
292187 24
271959 25
293117 25
293120 25
293121 25
293122 25
84560 26
84562 26
291272 26
291274 26
292335 26
292383 26
290294 27
290459 27
291295 28
292481 28
290377 29
290410 29
290474 29
290475 29
84671 30
84674 30
85701 30
292093 30
72909 31
84735 31
84736 31
290300 31
290301 31
290600 31
291831 31
167469 32
290524 32
291833 32
291834 32
431904 32
291438 33
292332 33
292336 33
292653 33
84463 34
85479 34
85480 34
290639 34
85280 35
85804 35
292634 35
292650 35
292874 35
292876 35
84672 36
84673 36
84734 36
290526 36
290528 36
290779 36
291435 36
291436 36
291437 36
503179 36
552851 36
290296 37
290897 37
291117 37
291118 37
431906 37
552858 37
3670 38
3671 38
84867 38
85909 38
290453 38
290455 38
291790 38
291791 38
292125 38
292651 38
292841 38
552857 38
552860 38
84458 39
85733 39
85737 39
169871 39
291059 39
292652 39
468354 39
468356 39
480835 39
84889 40
158587 40
158588 40
167479 40
167482 40
167483 40
177226 40
290525 40
290527 40
291248 40
291250 40
291759 40
292580 40
292682 40
292780 40
504883 40
56758 41
84742 41
176327 41
176328 41
291183 41
291512 41
291713 41
291761 41
291763 41
503083 41
503181 41
504074 41
505084 41
505088 41
84487 42
84681 42
84682 42
84711 42
85089 42
85393 42
176324 42
177231 42
290379 42
290433 42
290799 42
290896 42
292617 42
292985 42
292986 42
323441 42
432566 42
432568 42
504103 42
84618 43
84619 43
85088 43
85741 43
85745 43
292242 43
292245 43
292694 43
292947 43
292948 43
292949 43
503253 43
84465 44
84466 44
84468 44
177225 44
177228 44
177229 44
290535 44
292189 44
292411 44
292412 44
331861 44
331862 44
503444 44
504678 44
552226 44
552980 44
553510 44
85445 45
85447 45
85819 45
291671 45
292924 45
293081 45
293082 45
56759 46
84436 46
84744 46
84745 46
84746 46
85073 46
85074 46
290713 46
291709 46
291710 46
291758 46
291759 46
293141 46
504186 46
504717 46
553326 46
553328 46
85787 47
177017 47
177018 47
292683 47
503888 47
504198 47
504202 47
504204 47
504205 47
504316 47
504949 47
504952 47
53161 48
216717 48
291092 48
291093 48
291540 48
291629 48
503446 48
503447 48
503996 48
504159 48
504594 48
504595 48
504596 48
504712 48
504715 48
504808 48
504810 48
539839 48
539840 48
85433 49
85584 49
85586 49
85587 49
85742 49
101589 49
101590 49
199528 49
292925 49
292926 49
367512 49
502980 49
502981 49
503734 49
53158 50
53159 50
84438 50
84459 50
84461 50
84463 50
84937 50
250024 50
290387 50
290390 50
307183 50
433761 50
503623 50
503626 50
503627 50
504193 50
504195 50
504676 50
54316 51
54318 51
291205 51
291207 51
291210 51
291301 51
293137 51
432968 51
502989 51
503187 51
503557 51
503814 51
503817 51
504950 51
504951 51
552201 51
85138 52
85140 52
85650 52
85740 52
85741 52
175921 52
177011 52
177013 52
291132 52
291133 52
291135 52
433766 52
503765 52
503908 52
503909 52
504531 52
504533 52
84468 53
84470 53
85157 53
293132 53
293135 53
305951 53
502913 53
503813 53
503816 53
553513 53
290910 54
290912 54
432194 54
503013 54
503661 54
503665 54
503666 54
504392 54
504394 54
504478 54
113542 55
113543 55
113545 55
502986 55
502987 55
503129 55
503130 55
503132 55
503910 55
85426 56
85427 56
86248 56
290935 56
365367 56
480143 56
504334 56
504957 56
504958 56
78084 57
78085 57
100526 57
100530 57
100564 57
100566 57
503737 57
176497 58
176780 58
503465 58
503467 58
53254 59
85158 59
85159 59
86721 59
86723 59
147288 59
176452 59
176757 59
176759 59
177153 59
177157 59
504760 59
175813 60
176758 60
176760 60
176761 60
247701 60
247703 60
247705 60
247706 60
87264 61
176501 61
176506 61
177154 61
177158 61
177159 61
327601 61
327602 61
327604 61
365366 61
418361 61
433230 61
52711 62
132640 62
132642 62
149131 62
149134 62
312573 62
502965 62
502968 62
503329 62
146548 63
431856 63
433231 63
433232 63
497481 63
503651 63
504757 63
86288 64
86289 64
86291 64
86604 64
171760 64
432487 64
432491 64
504101 64
504182 64
504183 64
504186 64
53388 65
176727 65
176730 65
176731 65
442487 65
504650 65
54136 66
99075 66
417988 66
432977 66
433432 66
502972 66
502973 66
503045 66
504162 66
504163 66
504194 66
504670 66
505045 66
505048 66
52551 67
87125 67
87126 67
87338 67
180664 67
311886 67
417518 67
417564 67
427718 67
427719 67
432260 67
432263 67
504731 67
53158 68
53159 68
110570 68
176044 68
176046 68
176355 68
432489 68
442140 68
442142 68
442143 68
504254 68
504648 68
52738 69
52739 69
52741 69
54132 69
54133 69
100868 69
417474 69
418641 69
427722 69
432050 69
432053 69
432990 69
503044 69
503399 69
503590 69
503644 69
503647 69
418640 70
427717 70
427720 70
427721 70
432621 70
433797 70
503023 70
52900 71
99069 71
99073 71
244967 71
244970 71
244972 71
308004 71
308005 71
427540 71
432390 71
442324 71
442484 71
442485 71
494321 71
503272 71
503275 71
52612 72
87155 72
87157 72
117558 72
417775 72
417778 72
417785 72
417788 72
417894 72
417899 72
425909 72
432978 72
432980 72
502925 72
502929 72
504333 72
504334 72
54212 73
418882 73
418883 73
504674 73
53367 74
53402 74
53403 74
53404 74
53972 74
87128 74
87454 74
100538 74
145939 74
259430 74
259434 74
417418 74
417419 74
418297 74
432977 74
493982 74
529613 74
52897 75
52898 75
87404 75
87405 75
87409 75
417320 75
418097 75
432058 75
433022 75
433023 75
433024 75
442317 75
87388 76
292735 76
292736 76
322546 76
417493 76
418471 76
432809 76
432810 76
503590 76
553458 76
52624 77
52628 77
52629 77
52631 77
53969 77
56858 77
101119 77
417350 77
417351 77
417352 77
417776 77
418327 77
433174 77
443434 77
49303 78
52789 78
52895 78
145946 78
175902 78
221362 78
413330 78
418100 78
418572 78
426136 78
426139 78
433237 78
493980 78
52945 79
322757 79
322758 79
322759 79
322761 79
399421 79
417455 79
417772 79
418295 79
418296 79
418298 79
426364 79
426366 79
431819 79
431821 79
431822 79
431839 79
432415 79
432420 79
433717 79
442320 79
442321 79
442322 79
451673 79
493740 79
493741 79
493745 79
52618 80
52633 80
52636 80
52638 80
101077 80
101208 80
417497 80
417498 80
432421 80
433414 80
433417 80
533547 80
555555 80
133575 81
133576 81
244605 81
418350 81
418351 81
432593 81
433234 81
433235 81
433238 81
433817 81
433819 81
503597 81
516921 81
53656 82
53659 82
53660 82
54030 82
54031 82
176169 82
176757 82
176759 82
417907 82
417908 82
418571 82
418573 82
431855 82
431858 82
432180 82
432687 82
432688 82
432690 82
52678 83
52679 83
260475 83
438846 83
438848 83
443247 83
443589 83
443591 83
52635 84
52637 84
53374 84
426188 84
426189 84
431860 84
432178 84
432179 84
432182 84
432613 84
432682 84
433016 84
493698 84
503589 84
503590 84
504141 84
504144 84
504147 84
52553 85
53016 85
259080 85
259081 85
259082 85
418489 85
418491 85
425980 85
426867 85
431766 85
433464 85
433465 85
433466 85
433467 85
516585 85
534232 85
52676 86
53992 86
125836 86
415384 86
415386 86
432689 86
433342 86
433524 86
433548 86
442299 86
442358 86
498342 86
503586 86
53012 87
53983 87
53984 87
53985 87
176012 87
417360 87
417364 87
417748 88
432009 89
432010 89
432011 89
432591 89
432592 89
432594 89
433017 89
439096 89
503304 89
504146 89
176139 90
176850 90
176852 90
258391 90
258477 90
431928 90
431930 90
431931 90
433249 90
433250 90
443860 90
493773 90
493774 90
493777 90
493778 90
533580 90
52675 91
260243 91
273271 91
273272 91
273274 91
418366 91
418368 91
433469 91
443626 91
503231 91
52359 92
52360 92
52361 92
53335 92
53844 92
260140 92
260144 92
432596 92
432598 92
493630 92
259443 93
433387 93
442164 93
53029 94
53678 94
54168 94
54171 94
415250 94
415252 94
415390 94
418255 94
427378 94
494192 94
494194 94
53795 95
132181 95
132182 95
260241 95
418335 95
418336 95
418352 95
418353 95
532031 95
53794 96
53796 96
53881 96
53882 96
53883 96
53884 96
176635 96
259373 96
259377 96
260077 96
414893 96
442933 96
491381 96
54178 97
54179 97
258849 97
258851 97
258852 97
258999 97
259660 97
442934 97
493621 97
533576 97
54111 98
258477 98
258479 98
258480 98
417571 98
427374 98
427375 98
427376 98
427377 98
493268 98
493769 98
493770 98
494051 98
494055 98
53410 99
53886 99
53939 99
94252 99
94253 99
376964 99
493620 99
493625 99
493626 99
493627 99
493630 99
503513 99
533579 99
54112 100
77535 100
132183 100
132185 100
132186 100
177155 100
257228 100
257230 100
258471 100
259115 100
259116 100
259117 100
259121 100
259657 100
259659 100
259922 100
259923 100
259925 100
296846 100
296850 100
418257 100
418654 100
52503 101
53386 101
53879 101
53914 101
53915 101
54001 101
54003 101
54006 101
175687 101
258997 101
259251 101
297733 101
297735 101
418649 101
432594 101
440408 101
442540 101
442541 101
486323 101
486324 101
486326 101
486327 101
493622 101
494024 101
53408 102
53420 102
54146 102
132184 102
258996 102
259000 102
260432 102
443832 102
513474 102
54142 103
54143 103
259205 103
259304 103
259486 103
260079 103
260315 103
298060 103
298062 103
298063 103
475507 103
475509 103
533710 103
53880 104
53883 104
259940 104
296987 104
296990 104
475859 104
475861 104
493587 104
535007 104
535008 104
535009 104
414 105
415 105
53161 105
53212 105
53552 105
53553 105
53554 105
259956 105
259958 105
259974 105
260314 105
288132 105
296916 105
297181 105
297184 105
324425 105
324428 105
427770 105
427771 105
145751 106
296840 106
296843 106
427622 106
494050 106
512831 106
54229 107
259345 107
260451 107
427798 107
427801 107
474827 107
494199 107
494200 107
494361 107
534239 107
53037 108
82711 108
259405 108
259972 108
296986 108
296989 108
324426 108
52418 109
53210 109
137198 109
137199 109
556994 109
53039 110
54076 110
54078 110
94420 110
259270 110
259271 110
260570 110
260574 110
288129 110
288131 110
297183 110
426393 110
427768 110
427769 110
534724 110
534727 110
534863 110
534864 110
534865 110
39457 111
39458 111
52531 111
53135 111
54032 111
54035 111
176349 111
176350 111
296990 111
533458 111
533459 111
533462 111
533463 111
52400 112
53211 112
53214 112
426211 112
426389 112
426391 112
510628 112
52660 113
297256 113
443206 113
443207 113
37650 114
37653 114
39463 114
39469 114
52530 114
52532 114
53493 114
54077 114
54079 114
418347 114
418349 114
418350 114
474053 114
474054 114
474125 114
533907 114
38871 115
213850 115
213851 115
426214 115
426215 115
474964 115
38564 116
39466 116
52697 116
53640 116
154798 116
258862 116
258863 116
426212 116
426213 116
426646 116
426647 116
459265 116
534244 116
534245 116
534246 116
535275 116
535276 116
535277 116
7563 117
7564 117
7566 117
37568 117
37571 117
130956 117
258977 117
260418 117
260421 117
297086 117
427682 117
427684 117
38790 118
297255 118
297257 118
297258 118
297828 118
297957 118
386717 118
387089 118
443983 118
443984 118
474731 118
474732 118
519415 118
519418 118
520354 118
520358 118
534976 118
37988 119
38562 119
39459 119
39460 119
54935 119
260570 119
260571 119
426210 119
426211 119
426216 119
474968 119
37652 120
39173 120
39339 120
52694 120
52695 120
427681 120
427683 120
442947 120
442951 120
443580 120
551178 120
37982 121
54281 121
54282 121
187441 121
215245 121
277630 121
297287 121
297291 121
427005 121
427006 121
427113 122
435444 122
435445 122
474072 122
520296 122
37807 123
37809 123
39172 123
39174 123
39177 123
39197 123
73336 123
174889 123
297051 123
297052 123
297288 123
297290 123
427239 123
520153 123
551176 123
551179 123
37779 124
39314 124
39315 124
118886 124
136841 124
258862 124
258867 124
435446 124
533644 124
533648 124
215652 125
215654 125
444090 125
474068 125
474069 125
519417 125
519418 125
520740 125
532967 125
534892 125
534895 125
37654 126
37656 126
37658 126
38034 126
38035 126
38713 126
39201 126
221213 126
221215 126
9436 127
9437 127
37898 127
38269 127
38704 127
38705 127
520405 127
520407 127
533914 127
533915 127
533917 127
533918 127
534147 127
535277 127
37475 128
37477 128
37478 128
39310 128
39312 128
39313 128
39316 128
39321 128
174484 128
297609 128
363177 128
520066 128
533623 128
533625 128
534848 128
9542 129
38197 129
38199 129
174112 129
174114 129
268250 129
435973 129
499806 129
499807 129
520072 129
520074 129
533434 129
37704 130
361280 130
426582 130
427037 130
427039 130
443612 130
520388 130
520392 130
520414 130
520443 130
520812 130
520814 130
12907 131
37496 131
37497 131
37500 131
37501 131
37895 131
73462 131
146486 131
520538 131
520540 131
521904 131
521905 131
535355 131
535356 131
535359 131
9536 132
101283 132
174113 132
355963 132
443133 132
511317 132
520601 132
37877 133
38154 133
38157 133
175195 133
363179 133
426645 133
426646 133
426648 133
520322 133
520816 133
534726 133
37743 134
37901 134
38092 134
38094 134
38096 134
175539 134
175580 134
175582 134
362222 134
427041 134
427043 134
427524 134
427527 134
442696 134
519766 134
519769 134
520025 134
520204 134
520410 134
534841 134
10339 135
38751 135
38754 135
89249 135
174843 135
356872 135
356876 135
442185 135
442188 135
519765 135
519932 135
519936 135
38034 136
174521 136
174523 136
174524 136
175032 136
175034 136
175540 136
414243 136
427454 136
427456 136
519464 136
520015 136
520502 136
533935 136
533936 136
37873 137
37875 137
37883 137
38464 137
174685 137
443427 137
443428 137
519763 137
519768 137
520599 137
520600 137
520602 137
520604 137
534834 137
38929 138
38930 138
39025 138
39336 138
39451 138
442455 138
519596 138
520027 138
535069 138
10340 139
38745 139
520467 139
535360 139
38702 140
39032 140
39138 140
173902 140
174485 140
519462 140
519465 140
519616 140
520464 140
520466 140
532887 140
532889 140
532890 140
37736 141
37738 141
38098 141
38628 141
38629 141
38630 141
39337 141
175571 141
175572 141
364011 141
364012 141
427132 141
442348 141
442349 141
442453 141
442908 141
519979 141
38403 142
38406 142
39452 142
173830 142
175573 142
175577 142
238932 142
334474 142
362593 142
442337 142
442341 142
443198 142
38730 143
57866 143
128610 143
175376 143
175379 143
426905 143
426906 143
480013 143
496010 143
496013 143
496014 143
38637 144
184708 144
311209 144
519840 144
519841 144
426586 145
443815 145
521197 145
38554 146
38557 146
38820 146
38823 146
258807 146
259029 146
259030 146
443056 146
495036 146
495037 146
519977 146
519980 146
216693 147
238747 147
258801 147
426588 147
127530 148
174515 148
238928 148
238929 148
238934 148
426922 148
426925 148
519938 148
521192 148
38476 149
38478 149
39335 149
174301 149
174476 149
174635 149
259674 149
426847 149
443813 149
35649 150
35651 150
175283 150
240513 150
240515 150
248687 150
259666 150
337236 150
426926 150
427172 150
427173 150
427177 150
442246 150
494796 150
494797 150
494799 150
519680 150
519991 150
521191 150
172209 151
426844 151
426846 151
426848 151
426849 151
426850 151
173878 152
173881 152
174637 152
174639 152
175404 152
175405 152
462710 152
462713 152
520523 152
520524 152
413142 153
442184 153
519623 153
519624 153
38345 154
38346 154
175305 154
175308 154
175565 154
175566 154
239773 154
239775 154
258798 154
442894 154
462085 154
519662 154
520560 154
521047 154
521050 154
175302 155
175307 155
443238 155
443240 155
38572 156
240086 156
240626 156
462089 156
309861 157
309864 157
310781 157
310782 157
37631 158
37632 158
175303 158
175304 158
175306 158
259141 158
469693 158
240413 159
287826 159
461747 159
461750 159
496038 159
39466 160
39468 160
175104 160
175105 160
443063 160
495922 160
174296 161
174297 161
174300 161
174301 161
174421 161
174422 161
443288 161
495176 161
495179 161
495820 161
521057 161
521058 161
23545 162
237360 162
237362 162
238052 162
238053 162
238055 162
240098 162
240156 162
240218 162
443240 162
462178 162
520215 162
520560 162
520561 162
38763 163
38764 163
38766 163
39464 163
39469 163
240080 163
240082 163
240083 163
461979 163
462107 163
462110 163
462111 163
494392 163
494665 163
495707 163
496057 163
236950 164
239310 164
380229 164
461743 164
462533 164
462535 164
462630 164
495752 164
496288 164
496291 164
520562 164
30751 165
39460 165
164493 165
174366 165
174368 165
237085 165
237086 165
239189 165
239191 165
239193 165
239309 165
239522 165
240078 165
240414 165
408938 165
461478 165
462358 165
462359 165
462360 165
495827 165
495828 165
496255 165
496259 165
496260 165
519934 165
537333 165
37968 166
38941 166
38942 166
174367 166
236947 166
236952 166
266895 166
461515 166
461518 166
461519 166
494668 166
495708 166
495751 166
496040 166
496056 166
520905 166
520906 166
537323 166
537325 166
38696 167
150022 167
239308 167
239311 167
240216 167
425915 167
462403 167
494812 167
495567 167
495568 167
495570 167
518833 167
519735 167
519739 167
519743 167
520054 167
174648 168
174796 168
175328 168
175329 168
239242 168
239243 168
239481 168
301380 168
408940 168
408941 168
494580 168
495591 168
495967 168
495968 168
519647 168
519648 168
519704 168
174055 169
266894 169
461300 169
461303 169
461320 169
462356 169
462357 169
492461 169
494936 169
495034 169
495035 169
495037 169
38587 170
239444 170
461516 170
461911 170
461916 170
495121 170
495122 170
495561 170
520900 170
38694 171
38747 171
163413 171
174803 171
174804 171
174915 171
237603 171
409826 171
489709 171
494841 171
495599 171
495600 171
519622 171
561587 171
38693 172
38695 172
38697 172
39261 172
109482 172
163678 172
494925 172
495653 172
495654 172
495656 172
496011 172
496012 172
496014 172
517517 172
517518 172
519736 172
519738 172
519740 172
520389 172
520391 172
38944 173
175389 173
259794 173
461301 173
461302 173
39414 174
163557 174
163802 174
239407 174
240222 174
259747 174
259749 174
461219 174
462538 174
494922 174
494924 174
495261 174
495262 174
39047 175
39058 175
39060 175
39061 175
174174 175
174561 175
237306 175
237673 175
237674 175
237675 175
239408 175
239410 175
239412 175
239797 175
259792 175
461761 175
490901 175
490903 175
496201 175
561590 175
38991 176
109485 176
163079 176
163082 176
163306 176
174249 176
175191 176
175192 176
175452 176
175454 176
239396 176
494479 176
496004 176
520390 176
238073 177
269491 177
426586 177
494698 177
494700 177
494768 177
110940 178
237672 178
240792 178
313501 178
339262 178
339263 178
462537 178
495185 178
520148 178
163912 179
175377 179
175378 179
238125 179
238126 179
496099 179
63442 180
163028 180
163360 180
163362 180
164378 180
174248 180
174250 180
175333 180
239122 180
239124 180
495619 180
520407 180
560833 180
562379 180
110719 181
148214 181
148217 181
163318 181
164552 181
164553 181
237529 181
237531 181
239243 181
239244 181
239323 181
494701 181
495264 181
496094 181
496334 181
563027 181
163339 182
163991 182
164244 182
240386 182
240391 182
240392 182
312287 182
312288 182
312289 182
494424 182
496161 182
496243 182
496247 182
496276 182
496277 182
561736 182
561738 182
561739 182
109790 183
163029 183
236972 183
238131 183
312295 183
312298 183
562185 183
60149 184
60151 184
64288 184
64292 184
64293 184
117355 184
162937 184
237530 184
238142 184
238144 184
238145 184
258925 184
258928 184
494671 184
495300 184
496244 184
496246 184
561322 184
63444 185
139568 185
162835 185
162838 185
162840 185
163051 185
164347 185
164348 185
164351 185
164566 185
164567 185
236963 185
238132 185
238135 185
238136 185
238578 185
260522 185
495295 185
495296 185
495297 185
562829 185
562831 185
63801 186
163534 186
163535 186
237089 186
237870 186
237871 186
237872 186
237873 186
240091 186
240095 186
254380 186
494485 186
495003 186
495029 186
495869 186
495872 186
110700 187
164216 187
164217 187
237090 187
238664 187
495265 187
561642 187
562099 187
562100 187
562717 187
562720 187
563141 187
237785 188
312296 188
312325 188
313491 188
504462 188
195286 189
213029 189
236960 189
237760 189
238659 189
238662 189
494725 189
494990 189
494993 189
495521 189
496256 189
496258 189
496260 189
524115 189
524116 189
164302 190
164303 190
193733 190
562669 190
164237 191
164278 191
237818 191
237984 191
237986 191
238737 191
240094 191
109501 192
189678 192
195287 192
238820 192
494954 192
164205 193
467421 193
467423 193
494985 193
240093 194
496391 194
496394 194
126403 195
162774 195
236804 195
238353 195
563027 195
14464 196
163783 196
191333 196
237708 196
237710 196
237752 196
237754 196
494514 196
494515 196
163293 197
163294 197
163295 197
495246 197
495967 197
163245 198
164237 198
164238 198
237751 198
237878 198
237880 198
494950 198
494951 198
495050 198
163649 199
163811 199
163812 199
164041 199
164043 199
363424 199
494454 199
494455 199
495216 199
495217 199
126510 200
237746 200
237747 200
237872 200
238745 200
495355 200
495357 200
496269 200
496270 200
496273 200
237210 201
237211 201
238535 201
495337 201
124985 202
124986 202
164332 202
164336 202
164337 202
237441 202
237443 202
494496 202
494497 202
163740 203
163831 203
163834 203
164019 203
164021 203
164024 203
237372 203
277128 203
495823 203
509571 203
126469 204
163327 204
163328 204
163329 204
163828 204
164196 204
171257 204
236981 204
238779 204
238782 204
125665 205
163737 205
163738 205
126338 206
126467 206
126470 206
176438 206
178300 206
237738 206
237739 206
238579 206
495519 206
59596 207
59598 207
59600 207
124891 207
124892 207
125603 207
125605 207
126178 207
164191 207
164193 207
164194 207
177129 207
177131 207
494495 207
508941 207
555152 207
39637 208
170571 208
170573 208
124973 209
125107 209
125108 209
125110 209
125112 209
125472 209
125818 209
125819 209
495843 209
495844 209
125700 210
125965 210
125967 210
125968 210
171250 210
171251 210
237620 210
237621 210
237622 210
496062 210
126068 211
126406 211
162954 211
238738 211
494744 211
508938 211
508939 211
87167 212
125139 212
125367 212
125368 212
126407 212
163117 212
163120 212
237574 212
238043 212
238044 212
238356 212
238359 212
495847 212
126066 213
126523 213
162955 213
163119 213
237080 213
238345 213
125366 214
126138 214
126140 214
126668 214
163678 214
170328 214
170329 214
170330 214
237757 214
237782 214
237784 214
237786 214
252106 214
268044 214
125099 215
125101 215
125102 215
125369 215
125510 215
125512 215
125513 215
126539 215
163589 215
170549 215
170552 215
238109 215
238253 215
238254 215
238256 215
238259 215
73067 216
162694 216
162695 216
236926 216
236983 216
125547 217
126847 217
162956 217
219551 217
87167 218
125511 218
125537 218
130857 218
163042 218
236925 218
236929 218
125683 219
167064 219
237611 219
238346 219
363344 219
363349 219
495606 219
163476 220
163478 220
163479 220
173516 220
215026 220
215027 220
215029 220
237503 220
238389 220
272191 220
272192 220
363602 220
363603 220
364037 220
364038 220
364154 220
69313 221
126069 221
126072 221
129183 221
129184 221
162953 221
363668 221
535214 221
126380 222
126382 222
163961 222
163962 222
163964 222
236897 222
236898 222
215035 223
363335 223
363337 223
237613 224
238384 224
364036 224
365067 226
130663 227
130664 227
130665 227
362736 227
162699 228
162700 228
163965 228
163966 228
166811 228
362980 228
363508 228
129302 229
129304 229
364196 229
364231 229
364255 229
364256 229
364257 229
487583 229
363657 230
363740 230
363742 230
363743 230
364254 230
364259 230
364964 230
364965 230
70239 231
168750 231
364016 231
364149 231
364150 231
163820 232
185876 232
363359 232
295608 233
363403 233
363404 233
363739 233
363741 233
364390 233
364698 233
487843 233
488181 233
488182 233
163887 235
164925 235
343410 235
363262 235
363263 235
363452 235
71479 236
71480 236
163182 236
488169 236
163548 237
363959 237
364992 237
364993 237
365103 237
164504 238
164921 238
164923 238
170491 238
365110 238
365112 238
487086 238
163927 239
363316 239
363488 239
364478 239
487087 239
487089 239
364177 240
364310 240
364312 240
364953 240
364954 240
365152 240
365154 240
365155 240
363871 241
364248 241
364694 241
364695 241
364952 241
422238 241
487466 241
487525 241
363487 243
488267 243
488268 243
362767 244
364801 244
487153 244
162704 245
362800 245
365151 245
365153 245
363140 246
363141 246
364930 246
163262 247
163266 247
363836 247
163265 248
363471 248
162691 251
162695 251
162696 251
163977 251
365102 251
162975 254
134700 255
164557 255
164559 255
363072 255
363073 255
363075 255
363076 255
134871 256
134873 256
134874 256
163422 256
135779 259
156178 259
161201 259
164037 259
362773 259
362774 259
363943 259
363944 259
363946 259
161514 260
163137 260
163138 260
134534 261
162726 261
163935 261
163936 261
163939 261
164078 261
135208 262
162870 262
162871 262
162873 262
176987 262
360023 262
360024 262
379384 262
379385 262
379386 262
135863 263
163509 263
164171 263
164231 263
75669 264
360025 264
163564 265
363977 265
163561 266
163562 266
163563 266
164173 266
136179 268
360026 268
360027 268
364235 268
364237 268
135877 269
134652 270
134995 270
135349 270
135350 270
135880 270
135882 270
134789 271
134898 271
134901 271
134913 272
134914 272
134915 272
135031 272
135033 272
164095 272
363884 272
363885 272
134935 273
134937 273
135004 273
278118 273
278120 273
278798 273
363564 273
135442 274
135594 274
136246 274
164094 274
164097 274
164098 274
278116 274
134894 275
163656 275
134892 276
134895 276
135489 276
135064 277
135069 277
163861 277
164309 277
164313 277
164314 277
326168 277
46367 278
46368 278
134908 278
135023 279
135026 279
135027 279
135466 279
136156 279
279231 279
134913 280
135478 280
135480 280
135481 280
135025 281
135328 281
135468 281
135790 281
135792 281
134603 282
134604 282
135070 282
135366 282
135129 283
135451 283
135452 283
136246 283
135065 284
367636 284
367637 284
136244 285
224168 285
278884 285
278885 285
278888 285
134813 286
332288 286
135620 287
135790 287
164007 287
134643 288
134644 288
134884 288
156021 288
135819 290
134744 291
136218 291
136219 291
134669 293
135546 293
135547 293
135548 293
63983 294
134551 294
134552 294
134553 294
134557 294
136025 294
135959 295
418682 295
63984 297
135958 298
135962 298
136028 298
135635 299
350622 299
350625 299
134752 300
539566 300
135810 301
362035 302
135714 305
135717 305
136248 306
136250 306
136251 306
135888 307
351622 307
351626 307
134709 308
134712 308
136252 308
351624 308
135281 309
135284 309
351625 309
273883 310
273136 313
273137 313
304716 317
304718 317
304719 317
304720 317
304722 317
304721 323
