274808 1 3 3 0
530501 1 4 2 0
360872 1 4 2 3
319748 1 4 2 0
228248 1 4 2 0
215741 1 4 2 3
64554 1 4 2 3
228250 0 4 5 0
319750 0 4 5 0
360871 0 4 5 3
360873 0 4 5 3
530503 0 4 5 0
435523 1 5 4 1
78422 1 5 3 3
475493 1 5 1 3
475491 0 5 5 3
290406 1 7 1 1
290408 0 7 5 1
292550 1 8 2 3
292545 0 8 5 3
292546 0 8 5 3
292547 0 8 5 3
292549 0 8 5 3
491675 1 9 3 3
290401 1 9 3 1
227934 1 9 2 0
227935 0 9 5 0
227937 0 9 5 0
292723 1 10 4 3
292058 1 10 3 1
290404 1 10 5 1
292548 1 10 2 1
290399 1 10 5 1
290400 1 10 5 1
290402 1 10 6 1
290403 0 10 5 3
293020 0 11 13 3
292330 1 11 3 0
205495 1 11 2 2
85415 1 11 2 1
85417 0 11 5 1
292059 1 11 5 1
292060 1 11 5 1
292550 1 11 5 1
290563 1 12 3 1
290564 0 12 5 1
290565 0 12 5 1
292544 0 12 5 3
293019 1 12 5 3
84870 1 13 4 1
290407 1 13 3 3
491669 1 13 2 2
292518 1 13 2 3
290398 0 13 5 2
290401 0 13 5 2
290404 0 13 5 2
290405 0 13 5 3
290406 0 13 5 3
491668 0 13 5 2
491670 0 13 5 2
292333 0 14 6 0
292626 1 14 2 1
292073 1 14 1 1
292625 0 14 5 1
292628 0 14 5 1
292332 1 15 3 0
324621 1 15 2 3
291902 1 15 2 1
293073 1 15 1 4
290401 1 15 5 0
290403 1 15 5 0
292336 1 15 5 1
324619 0 15 5 3
292382 1 16 3 1
291628 1 16 2 1
291629 0 16 5 1
291630 0 16 5 1
292519 1 17 2 3
290616 1 17 2 4
290433 1 17 2 1
84576 1 17 2 3
290432 0 17 5 1
293140 0 17 5 1
293143 0 17 5 1
85852 1 18 3 1
292184 1 18 2 1
291295 1 18 2 1
290400 1 18 2 1
84699 1 18 1 3
84696 0 18 5 3
290399 0 18 5 1
290401 0 18 5 1
292185 0 18 5 1
292187 0 18 5 1
293118 1 19 2 1
291995 1 19 2 1
271958 1 19 2 3
271959 0 19 5 3
293117 0 19 6 1
293120 0 19 5 1
293121 0 19 5 1
293122 0 19 5 1
290457 1 20 4 1
290295 1 20 3 3
292384 1 20 2 3
292336 1 20 2 3
291271 1 20 2 1
290283 1 20 2 1
84561 1 20 2 1
324619 1 20 1 1
84560 0 20 5 1
84562 0 20 5 1
291272 0 20 5 1
291274 0 20 5 1
292335 0 20 5 3
292383 0 20 5 3
290995 1 21 2 1
290294 1 21 5 3
290459 1 21 5 1
85888 1 22 3 1
85478 1 22 3 1
292480 1 22 2 1
291296 1 22 2 3
85480 0 22 5 1
291295 0 22 5 3
292481 0 22 5 1
292653 1 23 2 4
290837 1 23 2 1
290473 1 23 2 1
290378 1 23 2 1
72910 1 23 2 1
290409 1 23 1 3
290377 0 23 5 1
290410 0 23 5 3
290474 0 23 5 1
290475 0 23 5 1
291210 1 24 3 3
167470 1 24 3 3
84669 1 24 3 1
292634 1 24 2 3
292090 1 24 2 1
290460 1 24 2 4
85804 1 24 2 1
85702 1 24 2 1
85482 1 24 2 3
287010 1 24 1 2
84671 0 24 5 1
84674 0 24 5 1
85480 0 24 5 3
85701 0 24 5 1
292093 0 24 5 1
72912 1 25 3 3
291832 1 25 2 1
290601 1 25 2 4
290302 1 25 2 3
84734 1 25 2 1
72909 0 25 5 3
84735 0 25 5 1
84736 0 25 5 1
290300 0 25 5 3
290301 0 25 5 3
290600 0 25 5 4
291831 0 25 5 1
291833 0 25 5 1
85283 1 26 4 4
504051 1 26 3 1
431906 1 26 3 3
293026 1 26 3 1
290527 1 26 3 3
290817 1 26 2 1
167471 1 26 2 3
291435 1 26 1 1
290639 1 26 1 2
167469 0 26 5 3
290524 0 26 5 3
290528 0 26 5 3
291833 0 26 5 1
291834 0 26 5 1
431904 0 26 5 3
292816 1 27 4 3
292337 1 27 3 3
291437 1 27 3 1
290570 1 27 3 3
552861 1 27 2 3
292654 1 27 2 4
290732 1 27 2 1
85059 1 27 2 1
73127 1 27 1 1
291436 0 27 5 1
291438 0 27 5 1
292332 0 27 5 3
292336 0 27 5 3
292653 0 27 5 4
292780 1 28 4 1
84461 1 28 3 1
73785 1 28 3 2
291292 1 28 2 3
290638 1 28 2 0
85481 1 28 2 3
84463 0 28 5 1
85479 0 28 5 3
85480 0 28 5 3
290639 0 28 5 0
292875 1 29 3 3
292649 1 29 3 1
291434 1 29 3 1
85279 1 29 3 3
84709 1 29 3 1
298879 1 29 2 2
292633 1 29 2 1
290818 1 29 2 2
290456 1 29 2 1
85030 1 29 2 0
77989 1 29 2 3
290296 1 29 1 1
85803 1 29 1 1
84673 0 29 5 3
85280 0 29 5 3
85804 0 29 5 1
292634 0 29 5 1
292650 0 29 5 1
292874 0 29 5 3
292876 0 29 5 3
489217 1 30 4 3
291708 1 30 4 1
292580 1 30 3 1
290778 1 30 3 1
552852 1 30 2 3
503181 1 30 2 1
292584 1 30 2 4
290405 1 30 2 1
84736 1 30 2 3
84671 1 30 2 1
85909 1 30 1 1
84674 1 30 0 3
84672 0 30 5 1
84673 0 30 5 1
84734 0 30 5 3
290526 0 30 6 1
290528 0 30 5 1
290779 0 30 5 1
291435 1 30 5 1
291436 1 30 5 1
291437 1 30 5 1
503179 0 30 5 1
552851 0 30 5 3
552858 0 31 5 3
3672 1 31 4 3
431903 1 31 3 1
552860 1 31 6 1
292069 1 31 2 3
291120 1 31 2 3
290898 1 31 2 2
290298 1 31 2 1
84708 1 31 2 2
290296 0 31 5 1
290897 0 31 5 2
291117 0 31 5 3
291118 0 31 5 3
431906 0 31 5 1
84602 1 32 4 0
503081 1 32 3 1
292840 1 32 3 1
292652 0 32 6 1
292464 1 32 3 1
291789 1 32 3 1
290948 1 32 3 1
290452 1 32 3 1
77988 1 32 3 3
503465 1 32 2 1
292805 1 32 2 3
292322 1 32 2 3
292123 1 32 2 1
291613 1 32 2 1
291035 1 32 2 1
85910 1 32 2 3
292995 1 32 1 1
292249 1 32 1 1
290556 1 32 1 2
3670 1 32 5 3
3671 1 32 5 3
84867 0 32 5 1
85909 0 32 5 3
290453 0 32 5 1
290455 0 32 5 1
291790 0 32 5 1
291791 0 32 5 1
292125 0 32 5 1
292651 0 32 5 3
292841 0 32 5 1
552857 1 32 5 1
480833 1 33 3 2
169872 1 33 3 3
158586 1 33 3 0
291056 1 33 2 1
229096 1 33 2 3
85738 1 33 2 4
84457 1 33 2 3
71595 1 33 2 4
468358 1 33 1 2
85547 1 33 1 2
84458 0 33 5 3
85733 0 33 5 4
85737 0 33 5 4
158587 0 33 5 0
169871 0 33 5 3
291059 0 33 5 1
468354 0 33 5 2
468356 0 33 5 2
480835 0 33 5 2
291511 1 34 4 1
503083 0 34 6 3
292782 1 34 3 3
84890 1 34 3 3
503461 1 34 2 0
292986 1 34 2 1
292683 1 34 2 1
291764 1 34 2 3
291249 1 34 2 3
290841 1 34 2 3
177228 1 34 2 1
167480 1 34 2 1
504882 1 34 1 1
292582 1 34 1 3
291822 1 34 1 4
158591 1 34 1 3
84889 0 34 5 3
158587 0 34 5 3
158588 0 34 5 3
167479 0 34 5 1
167482 0 34 5 1
167483 0 34 5 1
177225 0 34 5 1
177226 0 34 7 1
290525 1 34 5 3
290527 1 34 5 3
291248 0 34 5 3
291250 0 34 5 3
291759 0 34 5 3
292580 0 34 5 3
292682 0 34 5 1
292780 0 34 5 3
504883 0 34 5 1
290762 1 35 4 1
290377 1 35 4 1
85395 1 35 4 3
432165 1 35 3 1
291711 1 35 3 1
290795 1 35 3 1
176326 1 35 3 1
505086 1 35 2 1
503084 1 35 2 3
292243 1 35 2 1
291758 1 35 2 0
85448 1 35 2 3
56759 1 35 2 3
504073 1 35 1 1
503180 1 35 1 1
291181 1 35 1 1
84744 1 35 1 1
56758 0 35 5 3
84742 0 35 5 1
84745 0 35 5 1
176327 0 35 5 1
176328 0 35 5 1
291183 0 35 5 1
291512 1 35 5 1
291713 0 35 5 1
291761 0 35 5 0
291763 0 35 7 0
503181 0 35 5 1
504074 0 35 5 1
505084 0 35 5 1
505088 0 35 5 1
85089 0 36 5 1
503870 1 36 3 4
432567 1 36 3 1
85088 1 36 6 1
84551 1 36 3 1
504105 1 36 2 1
503251 1 36 2 1
468357 1 36 2 2
292987 1 36 2 3
292616 1 36 2 1
290894 1 36 2 1
290461 1 36 2 0
290432 1 36 2 0
84680 1 36 2 1
84488 1 36 2 3
323442 1 36 1 3
61229 1 36 1 3
84487 0 36 6 3
84681 0 36 5 1
84682 0 36 5 1
84711 0 36 5 2
85393 1 36 5 3
176324 0 36 5 3
177229 0 36 5 0
177231 0 36 5 0
290379 1 36 5 1
290433 0 36 5 0
290799 1 36 5 1
290896 0 36 5 1
292617 0 36 5 1
292985 0 36 5 3
292986 0 36 5 3
323441 0 36 5 3
432566 0 36 5 1
432568 0 36 5 1
504103 0 36 5 1
503445 1 37 4 1
504202 1 37 3 1
292406 1 37 3 1
291791 1 37 3 3
85679 1 37 3 1
331863 1 37 2 3
292692 1 37 2 1
292246 1 37 2 3
290926 1 37 2 1
290569 1 37 2 1
85742 1 37 2 1
71579 1 37 2 3
292949 0 37 5 1
292947 0 37 5 3
290381 1 37 1 4
84616 1 37 1 1
84449 1 37 1 1
84618 0 37 5 1
84619 0 37 5 1
85741 0 37 5 1
85745 0 37 5 1
292242 0 37 5 3
292245 0 37 5 3
292694 0 37 5 1
292948 0 37 5 1
503253 1 37 5 1
504205 0 37 5 1
552977 1 38 3 1
504676 1 38 3 1
292212 1 38 3 4
291493 1 38 3 4
85444 1 38 3 1
553511 1 38 2 1
552224 1 38 2 1
292410 1 38 2 1
292238 1 38 2 0
292188 1 38 2 1
292035 1 38 2 0
291712 1 38 2 1
290534 1 38 2 1
137592 1 38 2 3
84470 1 38 2 3
292883 1 38 1 4
292876 1 38 1 3
84465 0 38 5 3
84466 0 38 5 3
84468 0 38 5 3
177225 0 38 5 3
177228 0 38 5 3
177229 0 38 5 3
290535 0 38 5 1
292189 0 38 5 1
292411 0 38 5 1
292412 0 38 5 1
331861 1 38 5 3
331862 1 38 5 3
503444 1 38 5 1
504678 0 38 5 1
552226 0 38 5 1
552980 0 38 5 1
553510 0 38 5 1
435035 1 39 4 3
290936 1 39 3 3
290797 1 39 3 1
290710 1 39 3 1
176366 1 39 3 2
504753 1 39 2 4
293080 1 39 2 1
292247 1 39 2 3
291669 1 39 2 1
290380 1 39 2 3
85066 1 39 2 3
292923 1 39 1 1
167476 1 39 1 1
85816 1 39 1 1
85445 1 39 5 1
85447 1 39 5 1
85819 0 39 5 1
291671 0 39 5 1
292924 0 39 6 1
293081 0 39 5 1
293082 0 39 5 1
504201 1 40 4 1
85785 1 40 4 1
504950 0 40 6 3
432577 1 40 3 1
292801 1 40 3 1
291707 1 40 3 1
291132 1 40 3 1
97409 1 40 3 2
85433 1 40 3 1
84435 1 40 3 1
553255 1 40 2 1
504182 1 40 2 1
305951 1 40 2 3
293142 1 40 2 3
291143 1 40 2 1
85072 1 40 2 1
504714 1 40 1 1
504314 1 40 1 1
291761 1 40 1 2
85758 1 40 1 4
84743 1 40 1 1
56756 1 40 1 1
56759 0 40 5 1
84436 0 40 5 1
84744 0 40 5 1
84745 0 40 5 1
84746 0 40 5 1
85073 0 40 5 1
85074 0 40 5 1
290713 1 40 5 1
291709 0 40 5 1
291710 0 40 5 1
291758 0 40 5 2
291759 0 40 5 2
293141 0 40 5 3
504186 0 40 5 1
504712 0 40 5 1
504717 0 40 5 1
553326 0 40 5 1
553328 0 40 5 1
504592 1 41 4 0
503767 1 41 4 1
291627 1 41 4 1
216718 1 41 3 3
177019 1 41 3 3
504908 1 41 2 1
504313 1 41 2 1
503886 1 41 2 1
292681 1 41 2 1
84681 1 41 2 3
504200 1 41 1 3
502961 1 41 1 2
431974 1 41 1 3
85787 1 41 5 1
177017 0 41 5 3
177018 0 41 5 3
292683 0 41 5 1
503888 0 41 5 1
504198 0 41 5 3
504202 1 41 5 1
504204 1 41 5 1
504205 1 41 5 1
504316 0 41 5 1
504952 1 41 5 0
504949 0 41 6 3
504952 0 41 5 3
502979 1 42 4 1
291492 1 42 4 3
85583 1 42 4 0
539841 1 42 3 3
504158 1 42 3 1
503997 1 42 3 1
291539 1 42 3 1
176930 1 42 3 4
553502 1 42 2 1
504807 1 42 2 1
504597 1 42 2 1
504591 1 42 2 0
291091 1 42 2 1
503578 1 42 1 1
290714 1 42 1 3
53158 1 42 1 1
53159 0 42 5 1
53161 0 42 5 1
216717 1 42 5 3
291092 0 42 5 1
291093 0 42 5 1
291540 0 42 5 1
291629 1 42 5 1
503446 0 42 5 0
503447 0 42 5 0
503996 0 42 5 1
504159 0 42 5 1
504594 0 42 5 0
504595 1 42 5 0
504596 0 42 5 1
504712 0 42 5 3
504715 0 42 5 3
504808 0 42 5 1
504810 0 42 5 1
539839 0 42 5 3
539840 0 42 5 3
503731 1 43 3 1
433762 1 43 3 4
291706 1 43 3 0
177011 1 43 3 0
151151 1 43 3 4
101588 1 43 3 0
85744 1 43 3 2
85434 1 43 3 3
504312 1 43 2 0
367511 1 43 2 1
290941 1 43 2 0
221458 1 43 2 3
199531 1 43 2 3
432968 1 43 1 3
224625 1 43 1 3
85596 1 43 1 4
85433 0 43 5 3
85584 1 43 5 0
85586 1 43 5 0
85587 1 43 5 0
85742 0 43 5 2
101589 0 43 5 0
101590 0 43 5 0
199528 0 43 5 3
292925 1 43 5 1
292926 1 43 5 1
367512 0 43 5 1
502980 1 43 5 1
502981 1 43 5 1
503734 0 43 5 1
553717 1 44 3 3
503813 1 44 3 1
503184 1 44 3 0
503129 1 44 3 1
305949 1 44 3 2
292497 1 44 3 3
84464 1 44 3 3
504194 1 44 2 1
503628 1 44 2 3
307184 1 44 2 3
290386 1 44 2 1
133722 1 44 2 3
84936 1 44 2 1
53162 1 44 2 3
504678 1 44 1 3
503281 1 44 1 2
250025 1 44 1 3
53158 0 44 5 3
53159 0 44 5 3
84438 0 44 5 1
84459 0 44 5 3
84461 0 44 5 3
84463 0 44 5 3
84937 0 44 5 1
250024 0 44 5 3
290387 0 44 5 1
290390 0 44 5 1
305951 0 44 5 2
307183 0 44 5 3
433761 1 44 5 4
503130 0 44 5 1
503623 0 44 5 3
503626 0 44 5 3
503627 0 44 5 3
504193 0 44 5 1
504195 0 44 5 1
504676 0 44 5 3
432969 1 45 3 3
291304 1 45 3 3
54317 1 45 3 1
552202 1 45 2 2
503906 1 45 2 1
503556 1 45 2 1
502988 1 45 2 3
482807 1 45 2 2
433763 1 45 2 2
293138 1 45 2 4
291206 1 45 2 1
291133 0 45 6 3
433582 1 45 1 1
176509 1 45 1 4
84633 1 45 1 3
54316 0 45 5 1
54318 0 45 5 1
291205 0 45 5 1
291207 0 45 5 1
291210 0 45 5 1
291301 0 45 5 3
293137 0 45 5 4
432968 0 45 5 3
502986 0 45 5 3
502989 0 45 5 3
503187 1 45 5 0
503557 0 45 5 1
503814 1 45 5 1
503816 1 45 5 1
503817 1 45 5 1
504950 1 45 5 0
504951 1 45 5 0
552201 0 45 5 2
84467 1 46 4 1
503815 1 46 3 1
175920 1 46 3 1
85745 1 46 3 3
553513 0 46 6 1
504534 1 46 2 3
504161 1 46 2 3
503768 1 46 2 1
291136 1 46 2 3
290943 1 46 2 2
177014 1 46 2 2
85649 1 46 2 1
85139 1 46 2 3
503769 1 46 1 3
85138 0 46 5 3
85140 0 46 5 3
85650 0 46 5 1
85740 0 46 5 3
85741 0 46 5 3
175921 0 46 5 1
177011 0 46 5 2
177013 0 46 5 2
291132 0 46 5 3
291135 0 46 5 3
433766 1 46 5 2
503765 0 46 5 3
503908 1 46 5 1
503909 1 46 6 1
504531 0 46 5 3
504533 0 46 5 3
504948 1 47 3 4
502959 1 47 3 4
502912 1 47 3 1
305950 1 47 3 2
293134 1 47 3 2
553510 1 47 2 1
480855 1 47 2 3
85531 1 47 2 1
84468 1 47 5 1
84470 1 47 5 1
85157 0 47 5 3
85159 0 47 5 3
293132 0 47 5 2
293135 0 47 5 2
305951 0 47 5 2
502913 0 47 5 1
503813 1 47 5 1
503816 1 47 5 1
432193 1 48 3 1
291144 1 48 3 3
100562 1 48 3 0
54205 1 48 3 0
32111 1 48 3 2
504393 1 48 2 1
503666 0 48 5 1
503663 1 48 2 1
503012 1 48 2 1
290911 1 48 2 1
85229 1 48 2 1
504477 1 48 1 1
100566 0 48 5 0
290910 0 48 5 1
290912 0 48 5 1
432194 0 48 5 1
503013 0 48 5 1
503661 0 48 5 3
503665 0 48 5 3
504392 0 48 5 1
504394 0 48 5 1
504478 0 48 5 1
480144 1 49 4 3
290933 1 49 3 1
54207 1 49 3 3
503128 1 49 2 1
113544 1 49 2 3
101587 1 49 2 0
502983 1 49 1 1
113542 0 49 5 3
113543 0 49 5 3
113545 0 49 5 3
502986 0 49 5 1
502987 0 49 5 1
503129 0 49 5 1
503130 0 49 5 1
503132 0 49 5 1
503910 0 49 5 3
503736 1 50 4 1
187988 1 50 4 3
78086 1 50 4 3
504956 1 50 3 1
300888 1 50 3 3
85425 1 50 3 1
504333 1 50 2 1
365369 1 50 2 3
176661 1 50 2 1
86247 1 50 2 2
35149 1 50 2 3
503592 1 50 1 0
433023 1 50 1 1
85426 0 50 5 1
85427 0 50 5 1
86248 0 50 5 2
290935 1 50 5 1
365367 0 50 5 3
480143 1 50 5 3
504334 0 50 5 1
504957 0 50 5 1
504958 0 50 5 1
366714 1 51 4 3
432675 1 51 3 4
432158 1 51 3 1
176493 1 51 3 1
100564 0 51 5 2
100525 1 51 3 0
503350 1 51 2 1
503124 1 51 2 1
432184 1 51 2 4
365368 1 51 2 3
78084 1 51 5 3
78085 1 51 5 3
100526 0 51 5 0
100530 0 51 5 0
100566 0 51 5 1
503737 1 51 5 1
176451 1 52 4 1
418358 1 52 3 1
503261 1 52 2 2
502982 1 52 2 3
176781 1 52 2 3
99499 1 52 2 0
505167 1 52 1 3
503466 1 52 1 1
176497 1 52 5 1
176780 0 52 5 3
418361 0 52 5 1
503465 0 52 5 1
503467 0 52 5 1
504756 1 53 3 1
366711 1 53 3 1
503122 1 53 2 3
341707 1 53 2 2
247704 1 53 2 1
177155 1 53 2 1
176756 1 53 2 1
86720 1 53 2 1
53252 1 53 2 1
503482 1 53 1 4
147290 1 53 1 2
85156 1 53 1 1
53254 0 53 5 1
85158 0 53 5 1
85159 0 53 5 1
86721 0 53 5 1
86723 0 53 5 1
147288 0 53 5 2
176452 1 53 5 1
176757 0 53 5 1
176758 0 53 5 1
176759 0 53 5 1
176760 0 53 5 1
177153 0 53 5 1
177157 0 53 5 1
177159 0 53 5 1
504760 0 53 5 1
503018 1 54 3 1
505143 1 54 2 1
503849 1 54 2 4
175812 1 54 2 1
87262 1 54 2 1
175813 0 54 5 1
176758 0 54 5 1
176760 0 54 5 1
176761 0 54 5 1
247703 0 54 5 0
247705 0 54 5 0
247701 1 54 5 1
247705 1 54 5 1
247706 1 54 5 1
433229 1 55 3 1
52712 1 55 3 1
418360 1 55 2 2
365367 1 55 2 2
176505 1 55 2 3
327603 1 55 1 3
87264 1 55 5 1
176501 0 55 5 3
176506 0 55 5 3
177154 0 55 5 1
177158 0 55 5 1
177159 0 55 5 1
327601 0 55 5 3
327602 0 55 5 3
327604 0 55 5 3
365366 0 55 5 2
418361 0 55 5 2
433230 0 55 5 1
503325 1 56 3 1
502964 1 56 3 1
312574 1 56 3 3
132641 1 56 3 3
503481 1 56 2 4
503585 1 56 1 1
503519 1 56 1 1
418359 1 56 1 1
149135 1 56 1 3
52711 1 56 5 1
132640 0 56 5 3
132642 0 56 5 3
149131 0 56 5 3
149134 0 56 5 3
312573 0 56 5 3
502965 0 56 5 1
502968 0 56 5 1
503329 0 56 5 1
503650 1 57 3 2
418171 1 57 3 1
504167 1 57 2 1
503965 1 57 2 3
503260 1 57 2 1
433228 1 57 2 0
432873 1 57 2 1
177109 1 57 2 1
146547 1 57 2 3
100526 1 57 2 1
87461 1 57 2 2
86251 1 57 2 3
52549 1 57 2 1
431858 1 57 1 1
146548 0 57 5 3
431856 0 57 5 1
433231 0 57 5 0
433232 0 57 5 0
497481 0 57 5 2
503651 0 57 5 2
504757 0 57 5 3
53385 1 58 4 1
504187 1 58 3 3
503022 1 58 3 3
432874 1 58 3 3
432489 1 58 3 1
427721 1 58 3 3
171761 1 58 3 2
86603 1 58 3 1
504102 1 58 2 3
497480 1 58 2 2
176728 1 58 2 1
54032 1 58 2 1
504100 1 58 1 1
248143 1 58 1 2
86290 1 58 1 1
86288 0 58 5 1
86289 0 58 5 1
86291 0 58 5 1
86604 0 58 5 1
171760 0 58 5 2
432487 0 58 5 1
432491 0 58 5 1
504101 0 58 5 3
504182 0 58 5 3
504183 0 58 5 3
504186 0 58 5 3
176729 1 59 3 1
99073 1 59 3 2
87344 1 59 3 3
54132 1 59 3 1
504648 1 59 2 1
442488 1 59 2 3
417638 1 59 2 1
52837 1 59 2 1
53388 1 59 5 1
176727 1 59 5 1
176731 1 59 5 1
176730 0 59 5 1
176731 0 59 5 1
427720 1 59 5 3
442487 0 59 5 3
504650 0 59 5 1
52470 1 60 4 1
505046 1 60 3 1
504164 1 60 3 3
503043 1 60 3 1
432978 1 60 3 1
432388 1 60 3 1
427716 1 60 3 0
364468 1 60 3 2
502970 1 60 2 1
433430 1 60 2 1
417935 1 60 2 1
293129 1 60 2 3
287860 1 60 2 3
504673 1 60 1 1
504195 1 60 1 3
417987 1 60 1 1
54136 1 60 5 1
99069 1 60 5 2
99075 1 60 5 2
417988 0 60 5 1
432977 0 60 5 1
433432 0 60 5 1
502972 0 60 5 1
502973 0 60 5 1
503045 0 60 5 1
504162 0 60 5 3
504163 0 60 5 3
504194 0 60 5 3
504670 0 60 5 1
505045 0 60 5 1
505048 0 60 5 1
292921 1 61 4 3
504727 1 61 3 0
432488 1 61 3 1
427719 1 61 5 0
87339 1 61 3 3
87123 1 61 3 1
418055 1 61 2 1
417563 1 61 2 1
417517 1 61 2 1
311887 1 61 2 2
52550 1 61 2 2
52548 1 61 2 0
432262 1 61 1 1
180665 1 61 1 3
52551 0 61 5 0
87125 0 61 5 1
87126 0 61 5 1
87338 0 61 5 3
180664 0 61 5 3
311886 0 61 5 2
417518 0 61 5 1
417564 0 61 5 1
427721 1 61 5 0
427722 1 61 5 0
427718 0 61 6 2
432260 0 61 5 1
432263 0 61 5 1
432390 1 61 5 1
504731 0 61 5 0
442141 1 62 3 1
432989 1 62 3 1
419257 1 62 3 3
418727 1 62 3 1
415409 1 62 3 3
175641 1 62 3 1
53160 1 62 3 1
505009 1 62 2 3
503485 1 62 2 4
176354 1 62 2 3
176045 1 62 2 1
85988 1 62 2 0
523235 1 62 1 3
504647 1 62 1 1
504253 1 62 1 1
418172 1 62 1 2
110574 1 62 1 3
53158 0 62 5 1
53159 0 62 5 1
110570 0 62 5 3
176044 0 62 6 1
176046 0 62 5 1
176355 0 62 5 3
432489 1 62 5 1
442140 0 62 5 1
442142 0 62 5 1
442143 0 62 5 1
504254 0 62 5 1
504648 0 62 5 1
504244 1 63 3 0
503587 1 63 3 1
503398 1 63 3 1
432051 1 63 3 1
431917 1 63 3 1
417557 1 63 3 4
54135 1 63 3 3
503087 1 63 2 1
503042 1 63 2 0
432129 1 63 2 3
427717 0 63 6 2
418637 1 63 2 1
417475 1 63 2 3
100866 1 63 2 1
93239 1 63 2 3
52737 1 63 2 1
52528 1 63 2 3
504629 1 63 1 2
503646 1 63 1 3
417536 1 63 1 0
347653 1 63 1 3
52738 0 63 5 1
52739 0 63 5 1
52741 0 63 5 1
54132 0 63 5 3
54133 0 63 5 3
100868 0 63 5 1
417474 0 63 5 3
418641 0 63 5 1
427722 0 63 5 1
432050 0 63 5 1
432053 0 63 5 1
432990 1 63 5 1
503044 0 63 5 0
503399 0 63 5 1
503590 0 63 5 1
503644 0 63 5 3
503647 0 63 5 3
503273 1 64 4 1
494322 1 64 4 1
52770 1 64 4 4
505109 1 64 3 1
442325 1 64 3 1
418862 1 64 3 1
503025 1 64 2 3
433795 1 64 2 1
432626 1 64 2 3
418638 1 64 2 1
417680 1 64 2 4
364469 1 64 2 3
133337 1 64 2 3
99074 1 64 2 3
86531 1 64 2 3
53417 1 64 1 1
418640 0 64 5 1
427720 0 64 5 2
427721 0 64 5 2
432621 0 64 5 3
433797 0 64 5 1
503023 0 64 5 3
504332 1 65 4 0
442483 1 65 3 1
432977 1 65 3 1
418682 1 65 3 4
417778 0 65 6 1
53807 1 65 3 1
432387 1 65 2 1
418471 1 65 2 2
308006 1 65 2 2
244968 1 65 2 1
52898 1 65 2 1
433219 1 65 1 1
427538 1 65 1 1
54347 1 65 1 2
52900 0 65 6 1
99069 1 65 5 3
99073 1 65 5 3
244967 0 65 5 1
244970 0 65 5 1
244972 0 65 5 1
308004 0 65 5 2
308005 0 65 5 2
427540 0 65 5 1
432390 0 65 5 1
442324 1 65 5 1
442484 0 65 5 1
442485 0 65 5 1
494321 1 65 5 1
503272 1 65 5 1
503275 1 65 5 1
502928 1 66 3 3
433615 1 66 3 1
427539 1 66 3 1
425911 1 66 3 1
418097 1 66 3 1
417787 1 66 3 1
417776 1 66 3 1
417351 1 66 3 1
117557 1 66 3 3
484188 1 66 2 3
432782 1 66 2 1
419056 1 66 2 1
417895 1 66 2 1
417320 1 66 2 4
413325 1 66 2 4
87156 1 66 2 1
52612 0 66 5 3
87155 0 66 5 1
87157 0 66 5 1
117558 0 66 5 3
417775 1 66 5 1
417785 0 66 5 1
417788 0 66 5 1
417894 0 66 5 1
417899 0 66 5 1
418100 0 66 5 1
425909 0 66 5 1
432978 1 66 5 1
432980 1 66 5 1
502925 0 66 5 3
502929 0 66 5 3
504333 1 66 5 0
504334 1 66 5 0
426363 1 67 3 1
100540 1 67 3 3
53401 1 67 3 1
504671 1 67 2 1
418290 1 67 2 1
410257 1 67 2 3
259433 1 67 2 3
86415 1 67 2 4
54213 1 67 2 1
418884 1 67 1 1
54212 0 67 5 1
418882 0 67 5 1
418883 0 67 5 1
504674 0 67 5 1
433020 0 68 8 0
432059 1 68 4 1
529614 1 68 3 3
504581 1 68 3 4
432979 1 68 3 3
417772 1 68 3 0
87406 1 68 3 1
53392 1 68 3 1
504076 1 68 2 3
493980 1 68 2 1
426136 1 68 2 1
418295 1 68 2 1
417422 1 68 2 3
145940 1 68 2 3
87451 1 68 2 0
53970 1 68 2 1
53365 1 68 2 1
503474 1 68 1 4
418294 1 68 1 2
53367 0 68 5 1
53402 1 68 5 1
53403 1 68 5 1
53404 1 68 5 1
53969 0 68 5 1
53972 0 68 5 1
87128 0 68 5 4
87454 0 68 5 0
100538 1 68 5 3
145939 0 68 5 3
259430 1 68 5 3
259434 1 68 5 3
417418 0 68 5 3
417419 0 68 5 3
418296 0 68 5 1
418297 0 68 5 1
418298 0 68 5 1
432977 0 68 5 3
493982 0 68 5 1
529613 0 68 5 3
553459 0 69 13 3
442321 1 69 3 3
433025 1 69 3 3
418096 1 69 3 0
417319 1 69 3 4
87387 1 69 3 1
53747 1 69 3 4
471802 1 69 2 3
432800 1 69 2 1
418734 1 69 2 3
418107 1 69 2 1
54289 1 69 1 4
52897 1 69 5 3
52898 1 69 5 3
87404 1 69 5 1
87405 1 69 5 1
87409 1 69 5 1
417320 0 69 5 4
418097 0 69 5 0
432058 1 69 5 1
433024 1 69 5 0
433022 0 69 5 3
433023 0 69 5 3
433024 0 69 5 3
442317 0 69 5 3
503589 1 70 2 2
431952 1 70 2 1
417497 1 70 2 3
322548 1 70 2 3
292738 1 70 2 3
432811 1 70 1 3
418472 1 70 1 2
308007 1 70 1 2
87388 1 70 5 1
292735 0 70 5 3
292736 0 70 5 3
322546 0 70 5 3
417493 0 70 5 3
418471 0 70 5 2
432809 0 70 5 3
432810 0 70 5 3
503590 0 70 5 2
553458 1 70 5 3
413329 1 71 4 1
52894 1 71 4 1
426138 1 71 3 1
53971 1 71 3 1
52790 1 71 3 3
52630 1 71 3 1
52623 1 71 3 1
443431 1 71 2 1
433169 1 71 2 1
432802 1 71 2 1
418467 1 71 2 3
418329 1 71 2 3
417779 1 71 2 3
417354 1 71 2 3
221363 1 71 2 1
101121 1 71 2 3
56857 1 71 2 2
440907 1 71 1 2
52624 0 71 5 1
52628 0 71 5 1
52629 0 71 5 1
52631 0 71 5 1
53969 0 71 5 1
56858 0 71 5 2
101119 0 71 5 3
417350 0 71 5 3
417351 0 71 5 3
417352 0 71 5 3
417776 0 71 5 3
418327 0 71 5 3
433174 0 71 5 1
443434 0 71 5 1
433103 1 72 4 1
433236 1 72 3 1
243742 1 72 3 1
175903 1 72 3 1
133574 1 72 3 1
52875 1 72 3 1
493979 1 72 2 1
432373 1 72 2 3
426137 1 72 2 1
418761 1 72 2 1
145945 1 72 2 3
49305 1 72 2 3
418571 1 72 1 1
418098 1 72 1 1
49303 0 72 5 3
52789 1 72 5 3
52895 1 72 5 1
145946 0 72 5 3
175902 0 72 5 1
221362 1 72 5 1
413330 1 72 5 1
418100 0 72 5 1
418572 0 72 5 1
426136 0 72 5 1
426139 0 72 5 1
426136 1 72 5 1
426139 1 72 5 1
433237 0 72 5 1
493980 0 72 5 1
52619 1 73 4 1
451672 1 73 3 0
443564 1 73 3 1
442319 1 73 3 1
432687 1 73 3 0
432614 1 73 3 3
431837 1 73 3 0
431821 0 73 5 1
417771 1 73 3 0
399420 1 73 3 3
101207 1 73 3 3
493742 1 73 2 1
490986 1 73 2 3
433716 1 73 2 1
432417 1 73 2 1
431818 1 73 2 1
426367 1 73 2 3
417715 1 73 2 3
417456 1 73 2 4
52947 1 73 2 3
418299 1 73 1 3
322760 1 73 1 3
52945 0 73 5 3
133576 1 73 5 1
322757 0 73 5 3
322758 0 73 5 3
322759 0 73 5 3
322761 0 73 5 3
399421 0 73 5 3
417455 0 73 5 4
417772 0 73 5 0
418295 0 73 5 3
418296 0 73 5 3
418298 0 73 5 3
426364 0 73 5 3
426366 0 73 5 3
431819 0 73 5 1
431822 0 73 5 1
431839 0 73 5 0
432415 0 73 5 1
432420 0 73 5 1
432613 0 73 5 3
433717 0 73 5 1
442320 0 73 5 1
442321 0 73 5 1
442322 0 73 5 1
451673 0 73 5 0
493740 0 73 5 1
493741 0 73 5 1
493745 0 73 5 1
399822 1 74 4 0
433820 1 74 3 1
433415 1 74 3 1
555558 1 74 2 3
533548 1 74 2 2
443424 1 74 2 1
417492 1 74 2 0
101078 1 74 2 3
52635 1 74 2 1
52618 1 74 6 1
52633 0 74 5 1
52636 0 74 5 1
52637 0 74 5 1
52638 0 74 5 1
101077 0 74 5 3
101208 1 74 5 3
417497 0 74 5 0
417498 0 74 5 0
432421 0 74 5 3
433414 0 74 5 1
433417 0 74 5 1
533547 0 74 5 2
555555 0 74 5 3
432689 1 75 4 3
260190 1 75 4 4
503596 1 75 3 1
433524 1 75 3 0
433239 1 75 3 3
431945 1 75 3 2
418349 1 75 3 1
176758 1 75 3 1
133578 1 75 3 3
52930 1 75 3 1
504140 1 75 2 1
432591 1 75 2 1
308909 1 75 2 3
244604 1 75 2 1
516922 1 75 1 2
133575 0 75 5 3
133576 0 75 5 3
244605 0 75 5 1
418350 0 75 5 1
418351 0 75 5 1
432593 0 75 5 1
433234 0 75 5 3
433235 0 75 5 3
433238 0 75 5 3
433817 1 75 5 1
433819 1 75 5 1
503597 0 75 5 1
516921 0 75 5 2
555560 1 76 3 2
418575 1 76 3 3
54025 1 76 3 0
53658 1 76 3 1
431856 1 76 2 1
431826 1 76 2 3
417905 1 76 2 1
417493 1 76 2 0
260473 1 76 2 1
176168 1 76 2 1
432179 1 76 1 1
95258 1 76 1 3
53326 1 76 1 4
53656 0 76 5 1
53659 0 76 5 1
53660 0 76 5 1
54030 0 76 5 0
54031 0 76 5 0
176169 0 76 5 1
176757 1 76 5 1
176759 1 76 5 1
417907 0 76 5 1
417908 0 76 5 1
418571 0 76 5 3
418573 0 76 5 3
431855 0 76 7 1
431858 0 76 5 1
432180 0 76 5 1
432182 0 76 5 1
432687 1 76 5 3
432688 1 76 5 3
432690 1 76 5 3
426186 1 77 3 1
260474 1 77 3 3
53375 1 77 3 3
52676 1 77 3 3
534127 1 77 2 3
443590 1 77 2 1
443246 1 77 2 1
442613 1 77 2 1
438847 1 77 1 3
427309 1 77 1 1
93043 1 77 1 3
52678 0 77 5 3
52679 0 77 5 3
260475 0 77 5 3
438846 0 77 5 3
438848 0 77 5 3
443247 0 77 5 1
443589 0 77 5 1
443591 0 77 5 1
431767 1 78 4 4
504145 1 78 3 3
503591 1 78 3 3
433463 1 78 3 1
418490 1 78 3 1
259079 1 78 3 1
53886 1 78 3 0
503259 1 78 2 4
433017 1 78 2 1
432806 1 78 2 1
432680 1 78 2 1
53013 1 78 2 1
504139 1 78 1 1
493697 1 78 1 1
432611 1 78 1 2
432181 1 78 1 3
52635 0 78 5 3
52637 0 78 5 3
53374 1 78 5 3
426188 1 78 5 1
426189 1 78 5 1
431860 0 78 5 1
432178 0 78 5 3
432179 0 78 5 3
432182 0 78 5 3
432613 0 78 5 2
432682 0 78 5 1
433016 0 78 5 1
493698 0 78 5 1
503589 0 78 5 3
503590 0 78 5 3
504141 0 78 5 1
504144 0 78 5 1
504147 0 78 5 3
534231 1 79 3 3
516584 1 79 3 3
503583 1 79 3 0
439699 1 79 3 2
432048 1 79 3 1
426866 1 79 3 1
53819 1 79 3 1
425979 1 79 2 1
53325 1 79 2 3
52556 1 79 1 3
52553 0 79 5 3
53016 1 79 5 1
259080 1 79 5 1
259081 1 79 5 1
259082 1 79 5 1
418489 1 79 5 1
418491 1 79 5 1
425980 0 79 5 1
426867 0 79 5 1
431766 1 79 5 4
433464 1 79 5 1
433465 1 79 5 1
433466 1 79 5 1
433467 1 79 5 1
516585 0 79 5 3
534232 0 79 5 3
442354 1 80 3 1
442298 1 80 3 1
433547 1 80 3 1
415383 1 80 3 0
273274 1 80 3 3
176010 1 80 3 1
52675 1 80 3 1
498340 1 80 2 2
433526 1 80 2 3
125835 1 80 2 2
433340 1 80 1 1
408033 1 80 1 4
53991 1 80 1 1
52676 0 80 5 1
53992 0 80 5 1
125836 0 80 5 2
415384 0 80 5 0
415386 0 80 5 0
432689 0 80 5 3
433342 0 80 5 1
433524 0 80 5 3
433548 0 80 5 1
442299 0 80 5 1
442358 0 80 5 1
498342 0 80 5 2
503586 1 80 5 0
53981 1 81 3 1
417365 1 81 2 3
504138 1 81 1 3
52535 1 81 1 0
53012 0 81 5 3
53983 0 81 5 1
53984 0 81 5 1
53985 0 81 5 1
176012 1 81 5 1
417360 0 81 5 3
417364 0 81 5 3
432012 1 82 4 1
259500 1 82 4 0
53869 1 82 4 1
439093 1 82 3 1
417747 1 82 3 1
436917 1 82 2 3
259501 1 82 2 1
417748 0 82 5 1
493775 1 83 4 1
431929 1 83 4 1
432698 1 83 3 1
432590 1 83 3 1
176393 1 83 3 1
176138 1 83 3 3
431830 1 83 2 1
414870 1 83 2 1
53820 1 83 2 1
503303 1 83 1 1
433016 1 83 1 1
432066 1 83 1 1
431823 1 83 1 3
432009 1 83 5 1
432010 1 83 5 1
432011 1 83 5 1
432591 0 83 5 1
432592 0 83 5 1
432594 0 83 5 1
433017 0 83 5 1
439096 1 83 5 1
503304 0 83 5 1
504146 0 83 5 4
176904 1 84 4 1
443863 1 84 3 3
433248 1 84 3 1
432053 1 84 3 3
258390 1 84 3 1
54007 1 84 3 1
533577 1 84 2 1
273272 0 84 6 3
258479 1 84 2 1
176849 1 84 2 1
432596 1 84 1 1
176139 1 84 5 3
176850 0 84 5 1
176852 0 84 5 1
258391 0 84 5 1
258477 0 84 5 1
431928 1 84 5 1
431930 1 84 5 1
431931 1 84 5 1
433249 0 84 5 1
433250 0 84 5 1
443860 0 84 5 3
493773 1 84 5 1
493774 1 84 5 1
493777 1 84 5 1
493778 1 84 5 1
533580 0 84 5 1
432595 1 85 3 1
418367 1 85 3 1
260244 1 85 3 3
38629 1 85 3 3
503232 1 85 2 1
493274 1 85 2 2
442163 1 85 2 1
433468 1 85 2 1
273273 1 85 2 3
260242 1 85 2 1
21313 1 85 2 3
52674 1 85 1 1
52675 0 85 5 1
260243 0 85 5 1
273271 1 85 5 1
273274 0 85 5 3
418366 0 85 5 1
418368 0 85 5 1
433469 0 85 5 1
442164 0 85 5 1
443626 0 85 5 3
503231 0 85 5 1
494180 1 86 3 1
53333 1 86 3 1
21312 1 86 3 0
493628 1 86 2 1
493272 1 86 2 3
350975 1 86 2 3
260141 1 86 2 1
53843 1 86 2 1
52362 1 86 2 1
443627 1 86 1 3
433390 1 86 1 3
259035 1 86 1 4
52359 0 86 5 1
52360 0 86 5 1
52361 0 86 5 1
53335 0 86 5 1
53844 0 86 5 1
260140 0 86 7 1
260144 0 86 5 1
432596 1 86 5 1
432598 0 86 5 3
493630 0 86 5 1
53857 1 87 4 3
518369 1 87 3 3
433388 1 87 3 2
418256 1 87 3 1
415388 1 87 3 1
53765 1 87 3 1
442165 1 87 2 2
415251 1 87 2 1
260347 1 87 2 1
259442 1 87 2 3
54169 1 87 2 1
431824 1 87 1 3
414684 1 87 1 3
259536 1 87 1 1
259443 0 87 5 3
415250 0 87 5 1
433387 0 87 5 2
442164 0 87 5 2
260237 1 88 4 4
494191 1 88 3 1
415253 1 88 3 3
258508 1 88 3 1
53794 0 88 7 1
53026 1 88 3 1
258849 1 88 2 0
53674 1 88 2 1
432699 1 88 1 3
427375 1 88 1 1
53029 0 88 5 1
53678 0 88 5 1
54168 1 88 5 1
54171 1 88 5 1
258851 0 88 5 0
258852 0 88 5 0
415250 0 88 5 3
415252 0 88 5 3
415390 1 88 5 1
418255 1 88 5 1
427378 0 88 6 1
494192 0 88 5 1
494194 0 88 5 1
491382 1 89 3 4
53914 1 89 3 1
53880 1 89 3 1
53059 1 89 3 3
532030 1 89 2 3
493500 1 89 2 1
418334 1 89 2 1
355733 1 89 2 3
132185 1 89 2 3
53017 1 89 2 1
21775 1 89 2 0
53795 1 89 5 1
53796 1 89 5 1
132181 0 89 5 3
132182 0 89 5 3
132186 0 89 5 3
260241 0 89 5 3
418335 0 89 5 1
418336 0 89 5 1
418352 0 89 5 1
418353 0 89 5 1
532031 0 89 5 3
258997 1 90 4 1
419836 1 90 3 3
414892 1 90 3 4
260075 1 90 3 1
259374 1 90 3 1
176636 1 90 3 3
494051 1 90 2 1
427367 1 90 2 4
53402 1 90 2 1
503229 1 90 1 0
442934 1 90 1 3
432701 1 90 1 1
53796 0 90 5 1
53879 1 90 5 1
53881 1 90 5 1
53882 1 90 5 1
53883 1 90 5 1
53884 1 90 5 1
176635 0 90 5 3
259373 0 90 5 1
259377 0 90 5 1
260077 0 90 5 1
414893 0 90 5 4
442933 0 90 5 3
491381 1 90 5 4
494055 0 90 5 1
493768 1 91 4 1
461561 1 91 3 3
417568 1 91 3 1
260308 1 91 3 1
258854 1 91 3 3
239660 1 91 3 3
533580 1 91 2 3
493622 1 91 2 1
442931 1 91 2 1
260349 1 91 2 3
260346 1 91 2 0
259658 1 91 2 1
54175 1 91 2 0
470575 1 91 1 3
259923 1 91 1 1
54178 0 91 5 0
54179 0 91 5 0
258849 0 91 5 3
258851 0 91 5 3
258852 0 91 5 3
258999 1 91 5 1
259659 0 91 5 1
259660 0 91 5 1
442934 0 91 5 1
493621 0 91 5 1
533576 0 91 5 3
53940 1 92 4 1
53408 1 92 4 1
417569 1 92 3 1
260226 1 92 3 1
493267 1 92 2 3
122286 1 92 2 3
54110 1 92 2 1
53353 1 92 2 1
494057 1 92 1 3
448941 1 92 1 3
259915 1 92 1 4
258482 1 92 1 3
54111 0 92 5 1
258477 0 92 5 3
258479 0 92 5 3
258480 0 92 5 3
417571 0 92 5 1
427374 1 92 5 3
427375 1 92 5 3
427376 1 92 5 3
427377 1 92 5 3
493268 0 92 5 3
493769 1 92 5 1
493770 1 92 5 1
494051 0 92 5 3
494055 0 92 5 3
258472 1 93 3 4
94254 1 93 3 3
533710 1 93 2 3
503512 1 93 2 3
376965 1 93 2 3
259921 1 93 2 0
259118 1 93 2 1
53885 1 93 2 0
533578 1 93 1 1
493629 1 93 1 3
53410 1 93 5 1
53886 0 93 5 0
53939 1 93 5 1
94252 0 93 5 3
94253 0 93 5 3
376964 0 93 5 3
493620 0 93 5 1
493625 0 93 5 3
493626 0 93 5 3
493627 0 93 5 3
493630 0 93 5 3
503513 0 93 5 3
533579 0 93 5 1
442538 1 94 3 1
413618 1 94 3 4
54274 1 94 3 4
53387 1 94 3 3
38623 1 94 3 1
493587 1 94 2 1
418655 1 94 2 3
418255 1 94 2 1
260241 1 94 2 1
259119 1 94 2 1
177158 1 94 2 2
77529 1 94 2 4
54109 1 94 2 1
296848 1 94 1 1
260313 1 94 1 2
77533 1 94 1 2
52502 1 94 1 3
54112 0 94 5 1
77535 0 94 5 2
132183 1 94 5 1
132184 1 94 5 1
132185 1 94 5 1
132186 1 94 5 1
177155 0 94 5 2
257228 0 94 5 2
257230 0 94 5 2
258471 1 94 5 4
259116 1 94 5 1
259117 1 94 5 1
259115 0 94 5 1
259121 0 94 5 1
259657 0 94 5 3
259659 0 94 5 3
259922 1 94 5 0
259923 1 94 5 0
259925 1 94 5 0
260315 0 94 5 2
296846 0 94 5 1
296850 0 94 5 1
418257 0 94 5 1
418654 0 94 5 3
260430 1 95 4 0
53422 1 95 4 1
513473 1 95 3 2
52500 1 95 3 1
534210 1 95 2 3
494023 1 95 2 1
493569 1 95 2 3
486328 1 95 2 3
440407 1 95 2 3
432593 1 95 2 3
418648 1 95 2 1
297736 1 95 2 3
259249 1 95 2 0
259001 1 95 2 3
175688 1 95 2 2
54004 1 95 2 1
53883 1 95 2 3
53912 1 95 1 0
52503 0 95 5 1
53386 1 95 5 3
53879 0 95 5 3
53880 0 95 5 3
53914 0 95 5 0
53915 0 95 5 0
54001 0 95 5 1
54003 0 95 5 1
54006 0 95 5 1
175687 0 95 5 2
258997 0 95 5 3
259251 0 95 5 0
297733 0 95 5 3
297735 0 95 5 3
418649 0 95 5 1
432594 0 95 5 3
440408 0 95 5 3
442540 1 95 5 1
442541 1 95 5 1
486323 0 95 5 3
486324 0 95 5 3
486326 0 95 5 3
486327 0 95 5 3
493622 0 95 5 1
494024 0 95 5 1
298146 1 96 3 4
132181 1 96 3 1
94394 1 96 3 3
493386 1 96 2 2
443828 1 96 2 1
260455 1 96 2 2
258999 1 96 2 2
53411 1 96 2 3
53408 0 96 5 3
53420 1 96 5 1
54142 0 96 5 1
54146 0 96 5 1
132184 0 96 5 1
258996 0 96 5 2
259000 0 96 5 2
260432 1 96 5 0
443832 0 96 5 1
513474 1 96 5 2
535006 1 97 3 1
260080 1 97 3 1
533709 1 97 2 1
504658 1 97 2 2
475508 1 97 2 3
398778 1 97 2 4
298061 1 97 2 1
260312 1 97 2 1
259483 1 97 2 1
259301 1 97 2 1
259202 1 97 2 1
176899 1 97 2 1
52404 1 97 2 1
427272 1 97 1 1
54142 0 97 5 3
54143 0 97 5 3
259205 0 97 5 1
259304 0 97 5 1
259486 0 97 5 1
260079 0 97 5 1
260315 0 97 5 1
298060 0 97 5 1
298062 0 97 5 1
298063 0 97 5 1
475507 0 97 5 3
475509 0 97 5 3
533710 0 97 5 1
475862 1 98 3 3
296987 0 98 5 1
259941 1 98 3 3
53881 1 98 3 1
53039 1 98 3 1
494048 1 98 2 1
493590 1 98 2 3
493290 1 98 2 4
427620 1 98 2 1
417633 1 98 2 1
296988 1 98 2 1
444158 1 98 1 1
53880 0 98 5 1
53883 0 98 5 1
259940 0 98 5 3
296990 0 98 5 1
475859 0 98 5 3
475861 0 98 5 3
493587 0 98 5 3
535007 1 98 5 1
535008 1 98 5 1
535009 1 98 5 1
297358 1 99 3 0
259973 1 99 3 1
259957 1 99 3 1
238506 1 99 3 3
53159 1 99 3 1
427773 1 99 2 3
324427 1 99 2 2
297183 1 99 2 1
296917 1 99 2 1
260449 1 99 2 1
258774 1 99 2 1
260357 1 99 1 1
53551 1 99 1 1
53211 1 99 1 1
416 1 99 1 3
414 0 99 5 3
415 0 99 5 3
53161 0 99 5 1
53210 0 99 5 1
53212 0 99 5 1
53552 0 99 5 1
53553 0 99 5 1
53554 0 99 5 1
259956 0 99 5 1
259958 0 99 5 1
259972 0 99 5 1
259974 0 99 7 1
260314 1 99 5 3
288131 0 99 5 3
288132 0 99 5 3
296916 0 99 5 1
297181 0 99 5 1
297184 0 99 5 1
324425 0 99 5 2
324428 0 99 6 2
427770 0 99 5 3
427771 0 99 5 3
534862 1 100 3 1
512832 1 100 3 3
296841 1 100 3 1
259270 1 100 3 1
39507 1 100 3 1
39458 1 100 3 3
494049 1 100 2 3
427621 1 100 2 1
145750 1 100 2 2
53130 1 100 2 4
52419 1 100 2 3
39457 0 100 5 3
145751 0 100 5 2
296840 0 100 5 1
296843 0 100 5 1
427622 0 100 5 1
494050 0 100 5 3
512831 0 100 5 3
534863 0 100 5 1
53261 0 101 13 4
422400 1 101 3 3
534240 1 101 2 3
494363 1 101 2 1
494203 1 101 2 3
474825 1 101 2 1
427797 1 101 2 1
260448 1 101 2 1
259346 1 101 2 4
54228 1 101 2 1
256194 1 101 1 3
54229 0 101 5 1
259345 0 101 5 4
260451 0 101 5 1
427798 0 101 5 1
427801 0 101 5 1
474827 0 101 5 1
494199 0 101 5 3
494200 0 101 5 3
494361 0 101 5 1
534239 0 101 5 3
422401 1 102 3 3
259407 1 102 3 3
137200 1 102 3 2
52374 1 102 3 1
297256 1 102 2 1
260472 1 102 2 0
53038 1 102 2 1
82712 1 102 1 2
53037 0 102 5 1
82711 0 102 5 2
259405 0 102 5 3
259972 1 102 5 2
296986 0 102 5 3
296989 0 102 5 3
324426 0 102 5 2
325165 0 103 12 2
556993 1 103 3 3
426725 1 103 3 1
136765 1 103 3 4
52420 1 103 2 3
43552 1 103 2 3
238504 1 103 1 2
52418 0 103 5 3
53210 0 103 5 1
53214 0 103 5 1
137198 1 103 5 2
137199 1 103 5 2
297255 1 103 5 1
556994 0 103 5 3
534861 1 104 3 0
297181 1 104 3 0
288132 1 104 3 3
287447 1 104 3 2
260573 1 104 3 3
534726 1 104 2 1
427766 1 104 2 1
259269 1 104 2 1
94419 1 104 2 3
54079 1 104 2 3
53039 1 104 5 1
54076 0 104 5 3
54078 0 104 5 3
94420 0 104 5 3
259270 0 104 5 1
259271 0 104 5 1
260570 0 104 5 3
260574 0 104 5 3
288129 0 104 5 3
288131 0 104 5 3
297183 0 104 5 0
426393 0 104 5 1
427768 0 104 5 1
427769 0 104 5 1
534724 0 104 5 1
534727 0 104 5 1
534863 0 104 5 0
534864 0 104 5 0
534865 0 104 5 0
459265 1 105 3 3
426388 1 105 3 1
53915 1 105 3 3
54033 1 105 2 1
53639 1 105 2 1
53136 1 105 2 3
52530 1 105 2 1
533461 1 105 1 1
512837 1 105 1 2
260030 1 105 1 4
176352 1 105 1 3
39455 1 105 1 0
426392 1 105 0 1
39457 0 105 5 0
39458 0 105 5 0
52531 0 105 5 1
52532 0 105 5 1
53135 0 105 5 3
54032 0 105 5 1
54035 0 105 5 1
176349 0 105 5 3
176350 0 105 5 3
296990 0 105 5 3
533458 0 105 5 1
533459 0 105 5 1
533462 0 105 5 1
533463 0 105 5 1
443322 1 106 3 1
510630 1 106 2 3
426210 1 106 2 1
297257 1 106 2 1
52398 1 106 2 1
53213 1 106 1 3
52400 0 106 8 1
53211 0 106 5 3
53214 0 106 5 3
426211 0 106 6 1
426212 0 106 5 1
426216 0 106 5 1
426389 1 106 5 1
426391 1 106 5 1
510628 0 106 5 3
37651 1 107 3 1
433549 1 107 2 3
258415 1 107 2 4
443211 1 107 1 3
260422 1 107 1 3
52661 1 107 1 1
52660 0 107 5 1
260421 0 107 5 3
297255 1 107 5 1
297256 1 107 5 1
297258 1 107 5 1
443206 0 107 5 3
443207 0 107 5 3
38870 1 108 4 1
474127 1 108 3 3
54075 1 108 3 0
533908 1 108 2 1
520905 1 108 2 1
426000 1 108 2 1
418351 1 108 2 3
260572 1 108 2 2
259516 1 108 2 1
213852 1 108 2 3
194979 1 108 2 3
53492 1 108 2 4
52529 1 108 2 0
39465 1 108 2 1
474056 1 108 1 3
37650 1 108 5 1
37653 1 108 5 1
39463 0 108 7 1
39469 0 108 5 1
52530 0 108 5 0
52532 0 108 5 0
53493 0 108 5 4
54077 0 108 5 0
54079 0 108 5 0
418347 0 108 5 3
418349 0 108 5 3
418350 0 108 5 3
474053 0 108 5 3
474054 0 108 5 3
474125 0 108 5 3
533907 0 108 5 1
535273 1 109 4 1
534242 1 109 3 3
474963 1 109 3 1
327222 1 109 3 3
52695 1 109 3 1
5554 1 109 3 3
427683 1 109 2 1
296928 1 109 2 1
39386 1 109 2 1
38871 1 109 5 1
213850 1 109 5 3
213851 1 109 5 3
426210 0 109 5 1
426212 0 109 5 1
426214 0 109 5 1
426215 0 109 5 1
474964 0 109 5 1
426648 1 110 3 3
421651 1 110 3 3
258418 1 110 3 3
7565 1 110 3 2
534579 1 110 2 1
534245 0 110 5 1
258864 1 110 2 1
154801 1 110 2 3
53641 1 110 2 3
38562 1 110 2 1
534244 0 110 5 1
474051 1 110 1 3
459264 1 110 1 3
442806 1 110 1 1
427768 1 110 1 3
426645 1 110 1 1
52694 1 110 1 1
38564 0 110 6 1
39466 0 110 5 0
52697 0 110 5 1
53640 0 110 5 3
154798 0 110 5 3
258862 0 110 5 1
258863 0 110 5 1
426213 0 110 6 3
426212 0 110 5 3
426216 0 110 5 3
426646 0 110 5 1
426647 0 110 5 3
459265 0 110 5 3
534246 0 110 5 1
535275 1 110 5 1
535276 1 110 5 1
535277 1 110 5 1
443986 1 111 4 3
474729 1 111 3 1
442685 1 111 3 0
425896 1 111 3 1
386718 1 111 3 1
297084 1 111 3 1
258975 1 111 3 1
427681 1 111 2 1
426182 1 111 2 1
130958 1 111 2 3
52533 1 111 2 3
38825 1 111 2 1
37569 1 111 2 1
260420 1 111 1 2
7563 1 111 5 2
7564 1 111 5 2
7566 1 111 5 2
37568 0 111 5 1
37571 0 111 5 1
130956 0 111 5 3
258977 0 111 5 1
260418 0 111 5 2
260421 0 111 5 2
297086 0 111 5 1
427682 0 111 5 1
427684 0 111 6 1
297049 1 112 4 1
297959 1 112 3 1
297827 1 112 3 1
534975 1 112 2 1
534845 1 112 2 1
520356 1 112 2 1
520254 1 112 2 3
519416 1 112 2 1
474970 1 112 2 3
387088 1 112 2 3
260574 1 112 2 3
38789 1 112 2 1
462993 1 112 1 3
297259 1 112 1 3
260010 1 112 1 3
38790 0 112 5 1
297255 0 112 5 3
297257 0 112 5 3
297258 0 112 5 3
297828 0 112 5 1
297957 0 112 5 1
386717 1 112 5 1
387089 0 112 5 3
443983 1 112 5 3
443984 1 112 5 3
474731 1 112 5 1
474732 1 112 5 1
519415 0 112 5 1
519418 0 112 5 1
520354 0 112 5 1
520358 0 112 5 1
534976 0 112 5 1
534926 1 113 3 1
443579 1 113 3 1
534580 1 113 2 3
533377 1 113 2 1
475494 1 113 2 1
258924 1 113 2 4
39209 1 113 2 1
37986 1 113 2 1
103714 1 113 1 3
54934 1 113 1 3
39462 1 113 1 3
37988 0 113 5 1
38562 0 113 5 1
39459 0 113 5 3
39460 0 113 5 3
54935 0 113 5 3
260570 1 113 5 3
260571 1 113 5 3
297051 1 113 5 1
297052 1 113 5 1
426210 0 113 5 1
426211 0 113 5 1
426216 0 113 5 1
474968 1 113 5 3
427004 1 114 4 1
297289 1 114 3 1
54286 1 114 3 3
551181 1 114 2 3
442948 1 114 2 1
258493 1 114 2 4
193846 1 114 2 4
193470 1 114 2 3
39338 1 114 2 1
39196 1 114 2 0
37649 1 114 2 1
37652 0 114 5 1
39172 0 114 5 1
39173 0 114 5 1
39177 0 114 5 1
39339 0 114 5 1
52694 0 114 5 3
52695 0 114 5 3
427681 0 114 5 3
427683 0 114 5 3
442947 0 114 5 1
442951 0 114 5 1
443580 1 114 5 1
551178 0 114 5 3
474076 1 115 4 0
520295 1 115 3 1
322873 1 115 3 3
277632 1 115 3 3
248880 1 115 3 4
187442 1 115 3 2
86906 1 115 3 3
510252 1 115 2 3
427436 1 115 2 4
427230 1 115 2 3
361345 1 115 2 3
215244 1 115 2 3
183673 1 115 2 3
37981 1 115 2 3
555992 1 115 1 3
37884 1 115 1 1
37982 0 115 5 3
54281 1 115 5 3
54282 1 115 5 3
187441 0 115 5 2
215245 0 115 5 3
277630 0 115 5 3
297287 1 115 5 1
297291 1 115 5 1
427005 1 115 5 1
427006 1 115 5 1
462992 1 116 3 1
52826 1 116 3 1
534850 1 116 2 1
435447 1 116 2 3
427111 1 116 2 1
426824 1 116 2 1
73338 1 116 2 3
474073 1 116 1 1
462994 1 116 1 3
426118 1 116 1 3
427113 0 116 5 1
435444 0 116 7 3
435445 0 116 5 3
474072 0 116 5 1
520296 1 116 5 1
533914 1 117 3 1
533646 1 117 3 1
443437 1 117 3 1
426109 1 117 3 1
136842 1 117 3 3
39313 1 117 3 2
37808 1 117 3 3
551180 1 117 2 3
520152 1 117 2 4
518255 1 117 2 2
363174 1 117 2 3
297048 1 117 2 1
39106 1 117 2 1
38039 1 117 2 1
37480 1 117 2 3
427236 1 117 1 1
174888 1 117 1 3
39198 1 117 1 1
39175 1 117 1 2
37475 0 117 5 3
37807 0 117 5 3
37809 0 117 5 3
39172 0 117 5 2
39174 0 117 5 2
39177 0 117 5 2
39197 0 117 5 1
73336 1 117 5 3
174889 0 117 5 3
297051 0 117 5 1
297052 0 117 5 1
297288 0 117 5 1
297290 0 117 5 1
427239 0 117 5 1
520153 0 117 5 4
551176 0 117 5 3
551179 0 117 5 3
520814 1 118 3 1
363006 1 118 3 4
118887 1 118 3 3
534893 1 118 2 1
520793 1 118 2 3
500628 1 118 2 3
474067 1 118 2 1
37888 1 118 2 3
37777 1 118 2 1
258866 1 118 1 3
37779 0 118 5 1
39310 1 118 5 2
39314 1 118 5 2
39315 1 118 5 2
118886 0 118 5 3
136841 1 118 5 3
258862 0 118 5 3
258867 0 118 5 3
435446 0 118 5 1
533644 1 118 5 1
533648 1 118 5 1
520949 1 119 4 1
297054 1 119 4 2
146502 1 119 3 4
532966 1 119 2 3
520739 1 119 2 1
444089 1 119 2 1
437366 1 119 2 3
215653 1 119 2 3
72590 1 119 2 3
38714 1 119 2 1
38119 1 119 2 2
519415 1 119 1 1
38818 1 119 1 2
39312 0 119 5 3
39316 0 119 5 3
215652 0 119 5 3
215654 0 119 5 3
444090 0 119 5 1
474068 1 119 5 1
474069 1 119 5 1
519417 0 119 5 1
519418 0 119 5 1
520740 0 119 5 1
520812 1 119 5 1
532967 0 119 6 3
534892 1 119 5 1
534895 1 119 5 1
520406 1 120 3 1
499805 1 120 3 2
312592 1 120 3 3
221214 1 120 3 3
174209 1 120 3 1
39200 1 120 3 1
38703 1 120 3 1
38038 1 120 3 3
37973 1 120 3 1
534945 1 120 2 3
520537 1 120 2 1
520073 1 120 2 1
464299 1 120 2 2
433990 1 120 2 3
377542 1 120 2 2
39203 1 120 2 3
475052 1 120 1 1
37654 0 120 5 0
37656 0 120 5 0
37658 0 120 5 0
38034 0 120 5 3
38035 0 120 5 3
38713 1 120 5 1
39201 0 120 5 1
221213 0 120 5 3
221215 0 120 5 3
520072 0 120 5 1
520531 1 121 4 1
520065 1 121 3 1
38197 0 121 7 1
535275 1 121 2 3
534849 1 121 2 1
534691 1 121 2 1
534146 1 121 2 1
533916 1 121 2 2
533458 1 121 2 1
363175 1 121 2 3
38267 1 121 2 1
37897 1 121 2 1
475367 1 121 1 3
37655 1 121 1 0
9435 1 121 1 0
9436 0 121 5 0
9437 0 121 5 0
37898 0 121 5 1
38199 0 121 5 1
38269 0 121 5 1
38704 1 121 5 1
38705 1 121 5 1
520405 1 121 5 1
520407 1 121 5 1
533914 0 121 5 2
533915 0 121 5 2
533917 0 121 5 2
533918 0 121 5 2
534147 0 121 5 1
535277 0 121 5 3
533431 1 122 4 1
561593 1 122 3 3
533621 1 122 3 1
174487 1 122 3 1
39311 1 122 3 1
297610 1 122 2 1
297293 1 122 2 1
144351 1 122 2 3
39323 1 122 2 2
363179 1 122 1 3
37479 1 122 1 3
37475 0 122 5 3
37477 0 122 5 3
37478 0 122 5 3
39310 0 122 5 1
39312 0 122 5 1
39313 0 122 5 1
39316 0 122 5 1
39321 0 122 6 2
174484 0 122 5 1
297609 0 122 5 1
363177 0 122 5 3
520066 1 122 5 1
533623 0 122 5 1
533625 0 122 5 1
534848 1 122 5 1
534413 1 123 3 1
520075 1 123 3 3
435972 1 123 3 3
268251 1 123 3 3
535358 1 123 2 1
38198 1 123 2 1
9541 1 123 2 0
499804 1 123 1 2
174113 1 123 1 1
9542 0 123 5 0
38199 0 123 5 1
174112 0 123 6 1
174114 0 123 5 1
268250 0 123 5 3
435973 0 123 5 3
499806 0 123 5 2
499807 0 123 5 2
520072 0 123 5 3
520074 0 123 5 3
533434 1 123 5 1
534838 1 124 4 1
37496 0 124 6 1
520390 1 124 3 1
443613 1 124 3 2
361279 1 124 3 3
10340 1 124 3 3
520415 1 124 2 2
361725 1 124 2 3
37706 1 124 2 3
520813 1 124 1 1
520442 1 124 1 1
427038 1 124 1 1
426583 1 124 1 3
37704 0 124 5 3
361280 0 124 5 3
426582 0 124 5 3
427037 0 124 5 1
427039 0 124 5 1
443612 0 124 5 2
520388 0 124 5 1
520392 0 124 5 1
520414 0 124 5 2
520443 0 124 5 1
520812 0 124 5 1
520814 0 124 5 1
355962 1 125 4 3
12909 1 125 3 2
535357 1 125 2 1
534148 1 125 2 1
521906 1 125 2 3
520536 1 125 2 0
520436 1 125 2 1
382914 1 125 2 3
146488 1 125 2 3
100400 1 125 2 3
37499 1 125 2 1
174493 1 125 1 1
73461 1 125 1 1
37894 1 125 1 1
12907 0 125 5 2
37497 1 125 5 1
37500 1 125 5 1
37501 0 125 5 1
37895 0 125 5 1
73462 0 125 5 1
146486 0 125 5 3
520538 0 125 5 0
520540 0 125 5 0
521904 0 125 5 3
521905 0 125 5 3
535355 0 125 5 1
535356 0 125 5 1
535359 0 125 5 1
520817 0 126 13 3
533843 1 126 4 3
38349 1 126 4 1
520922 1 126 3 1
520599 1 126 3 0
511319 1 126 3 2
9538 1 126 3 4
520802 1 126 2 3
101285 1 126 2 3
443136 1 126 1 3
297294 1 126 1 3
9536 0 126 5 4
101283 0 126 5 3
174113 0 126 5 0
355963 1 126 5 3
443133 0 126 5 3
511317 0 126 5 2
520601 0 126 5 0
520602 0 126 5 0
520027 1 127 4 1
175538 1 127 4 1
534728 1 127 3 3
520891 1 127 3 4
520502 1 127 3 3
427042 1 127 3 3
362224 1 127 3 4
232387 1 127 3 2
175539 1 127 6 1
175194 1 127 3 1
101281 1 127 3 1
38155 1 127 3 1
533841 1 127 2 2
531922 1 127 2 3
519767 1 127 2 1
443427 1 127 2 1
426644 1 127 2 1
146485 1 127 2 0
39523 1 127 2 1
37875 1 127 2 1
520830 1 127 1 1
520321 1 127 1 1
363178 1 127 1 3
37877 0 127 5 1
38154 0 127 5 1
38157 0 127 5 1
175195 0 127 5 1
363179 0 127 5 3
426645 0 127 5 1
426646 0 127 5 1
426648 0 127 5 1
519766 0 127 7 1
519768 0 127 5 1
519769 0 127 5 1
520322 0 127 5 1
520816 1 127 5 3
534726 0 127 5 3
520203 1 128 3 1
442695 1 128 3 1
39091 1 128 3 1
534839 1 128 2 1
520320 1 128 2 4
519763 1 128 2 0
519592 1 128 2 1
427522 1 128 2 1
175578 1 128 2 1
146482 1 128 2 4
38095 1 128 2 3
37742 1 128 2 1
37702 1 128 2 3
520077 1 128 1 4
37899 1 128 1 2
37743 0 128 5 1
37901 0 128 5 2
38092 0 128 5 3
38094 0 128 5 3
38096 0 128 5 3
175580 0 128 5 1
175582 0 128 5 1
362222 1 128 5 4
427041 1 128 5 3
427043 1 128 5 3
427524 0 128 5 1
427527 0 128 5 1
442696 0 128 5 1
519766 0 128 5 0
519768 0 128 5 0
519769 0 128 5 0
520025 1 128 5 1
520204 0 128 5 1
520410 0 128 5 2
534841 0 128 5 1
175550 0 129 24 3
156833 1 129 4 3
519935 1 129 3 1
356874 1 129 3 2
39289 1 129 3 1
38752 1 129 3 2
10341 1 129 3 3
174894 1 129 2 1
174842 1 129 2 1
442184 1 129 1 1
10339 0 129 5 3
38751 0 129 5 2
38754 0 129 5 2
89249 0 129 5 3
174843 0 129 5 1
356872 0 129 5 2
356876 0 129 5 2
442185 0 129 5 1
442188 0 129 5 1
519765 0 129 5 1
519932 0 129 5 1
519936 0 129 5 1
520501 1 130 3 1
421843 1 130 3 2
364025 1 130 3 3
261860 1 130 3 3
175537 1 130 3 1
175035 1 130 3 3
38259 1 130 3 1
533934 1 130 2 1
533422 1 130 2 3
520017 1 130 2 3
519462 1 130 2 1
427453 1 130 2 1
174522 1 130 2 2
89247 1 130 2 3
54468 1 130 2 3
519746 1 130 1 4
519478 1 130 1 4
519447 1 130 1 1
38033 1 130 1 0
38034 0 130 5 0
174521 0 130 5 2
174523 0 130 5 2
174524 0 130 5 2
175032 0 130 5 3
175034 0 130 5 3
175540 0 130 5 1
414243 1 130 5 4
427454 0 130 5 1
427456 0 130 5 1
519464 0 130 5 1
520015 0 130 5 3
520502 0 130 5 1
533935 0 130 5 1
533936 0 130 5 1
55991 1 131 4 1
39335 1 131 4 1
519924 1 131 3 1
442453 1 131 3 1
534832 1 131 2 0
520603 1 131 2 1
443430 1 131 2 3
427203 1 131 2 1
174687 1 131 2 3
174474 1 131 2 1
39066 1 131 2 1
38466 1 131 2 3
38465 1 131 2 1
37882 1 131 2 3
37874 1 131 2 0
37625 1 131 2 3
535067 1 131 1 3
520445 1 131 1 3
37873 0 131 5 0
37875 0 131 5 0
37883 0 131 5 3
38464 0 131 5 1
174685 0 131 5 3
443427 0 131 5 3
443428 0 131 5 3
519763 0 131 5 3
519768 0 131 5 3
520599 0 131 5 1
520600 0 131 5 1
520602 0 131 5 1
520604 0 131 5 1
534834 0 131 5 0
174771 1 132 4 1
221698 1 132 3 3
38928 1 132 3 1
535068 1 132 2 0
520319 1 132 2 4
520029 1 132 2 3
519594 1 132 2 1
39021 1 132 2 1
38178 1 132 2 1
39452 1 132 1 1
38929 0 132 5 1
38930 0 132 5 1
39025 0 132 5 1
39336 1 132 5 1
39451 0 132 5 1
442455 1 132 5 1
519596 0 132 5 1
520027 0 132 5 3
535069 0 132 5 0
39137 1 133 4 1
520187 1 133 3 1
488260 1 133 3 2
426896 1 133 3 1
426781 1 133 3 3
174484 1 133 3 1
38285 1 133 3 3
535359 1 133 2 2
520466 0 133 6 3
173901 1 133 2 0
39065 1 133 2 1
38743 1 133 2 0
519602 1 133 1 3
10340 0 133 5 1
38745 0 133 5 0
520467 0 133 5 3
535360 0 133 5 2
519977 1 134 3 1
442347 1 134 3 1
426894 1 134 3 1
39033 1 134 3 1
37735 1 134 3 1
534065 1 134 2 1
532892 1 134 2 3
519757 1 134 2 4
519463 1 134 2 1
427302 1 134 2 3
364014 1 134 2 3
39124 1 134 2 1
38699 1 134 2 0
38627 1 134 2 1
38525 1 134 2 3
31707 1 134 2 4
519615 1 134 1 3
38702 0 134 5 0
39032 0 134 5 1
39138 1 134 5 1
173902 1 134 5 0
174485 1 134 5 1
519462 0 134 5 1
519465 0 134 5 1
519616 0 134 5 3
520464 0 134 5 3
532887 0 134 5 3
532889 0 134 5 3
532890 0 134 5 3
520370 1 135 4 1
238933 1 135 4 3
427143 1 135 3 3
258634 1 135 3 3
38097 1 135 3 3
442907 1 135 2 1
442454 1 135 2 1
427130 1 135 2 1
308167 1 135 2 3
39369 1 135 2 3
175569 1 135 1 1
37736 1 135 5 1
37738 1 135 5 1
38098 0 135 5 3
38628 1 135 5 1
38629 1 135 5 1
38630 1 135 6 1
39337 0 135 5 3
175571 0 135 5 1
175572 0 135 5 1
364011 1 135 5 3
364012 1 135 5 3
427132 0 135 5 1
442348 1 135 5 1
442349 1 135 5 1
442453 0 135 5 1
442908 0 135 5 1
519979 1 135 5 1
519250 1 136 4 1
426173 1 136 4 1
128612 1 136 4 3
496011 1 136 3 1
362592 1 136 3 3
175576 1 136 3 3
175377 1 136 3 1
443197 1 136 2 2
442338 1 136 2 1
258806 1 136 2 1
173909 1 136 2 3
173827 1 136 2 0
38405 1 136 2 3
334475 1 136 1 3
174772 1 136 1 3
38403 0 136 5 3
38406 0 136 5 3
39452 0 136 5 1
173830 0 136 5 0
175573 0 136 5 3
175577 0 136 5 3
238932 1 136 5 3
334474 0 136 5 3
362593 0 136 5 3
442337 0 136 5 1
442341 0 136 5 1
443198 0 136 5 2
496010 1 137 5 1
426904 1 137 3 0
38728 1 137 3 0
533488 1 137 2 1
174515 1 137 2 1
89245 1 137 2 3
57868 1 137 2 3
535071 1 137 1 3
480012 1 137 1 3
38730 0 137 5 0
57866 0 137 5 3
128610 1 137 5 3
175376 1 137 5 1
175379 1 137 5 1
426905 0 137 5 0
426906 0 137 5 0
480013 0 137 5 3
496013 1 137 5 1
496014 1 137 5 1
519260 1 138 4 1
311211 1 138 3 2
519838 1 138 2 1
496006 1 138 2 3
495021 1 138 2 3
238934 1 138 2 3
184710 1 138 2 3
38636 1 138 2 2
467400 1 138 1 2
38637 0 138 5 2
184708 0 138 5 3
311209 0 138 5 2
519840 0 138 5 1
519841 0 138 5 1
258808 1 139 4 3
443055 1 139 3 1
259028 1 139 3 1
521196 1 139 2 1
443813 1 139 2 1
426587 1 139 2 1
175381 1 139 2 3
174703 1 139 2 1
128417 1 139 2 4
67481 1 139 2 2
519976 1 139 1 1
480018 1 139 1 3
426586 0 139 7 1
443815 0 139 5 1
519977 0 139 5 1
521197 0 139 5 1
173935 0 140 18 4
519979 1 140 2 3
495032 1 140 2 1
461431 1 140 2 3
260459 1 140 2 3
248689 1 140 2 3
175165 1 140 2 4
38822 1 140 2 3
37845 1 140 2 3
175579 1 140 1 1
38556 1 140 1 3
38554 0 140 5 3
38557 0 140 5 3
38820 0 140 5 3
38823 0 140 5 3
248687 0 140 5 3
258807 1 140 5 3
259029 1 140 5 1
259030 1 140 5 1
443056 1 140 7 1
495036 0 140 5 1
495037 0 140 5 1
519977 0 140 5 3
519980 0 140 5 3
258798 1 141 3 2
216695 1 141 3 3
38539 1 141 3 3
418968 1 141 2 2
238751 1 141 2 3
175283 1 141 2 1
39087 1 141 2 4
39005 1 141 2 3
519982 1 141 1 1
113436 1 141 1 3
216693 0 141 5 3
238747 0 141 5 3
258801 0 141 5 2
426588 0 141 5 1
521193 1 142 3 3
427585 1 142 3 4
258764 1 142 3 1
127532 1 142 3 3
426924 1 142 2 2
285447 1 142 2 3
520735 1 142 1 1
174516 1 142 1 3
127530 0 142 5 3
174515 0 142 5 3
238928 0 142 5 2
238929 0 142 5 2
238934 0 142 5 2
426922 0 142 5 2
426925 0 142 5 2
426926 0 142 5 2
519938 0 142 5 1
521192 0 142 5 3
240514 1 143 4 1
276996 1 143 3 3
259665 1 143 3 0
173837 1 143 3 1
519929 1 143 2 1
519678 1 143 2 1
443814 1 143 2 3
426845 1 143 2 0
296533 1 143 2 3
290942 1 143 2 2
237199 1 143 2 4
174632 1 143 2 1
174475 1 143 2 3
174296 1 143 2 1
170006 1 143 2 3
39337 1 143 2 3
489143 1 143 1 3
239159 1 143 1 3
38477 1 143 1 1
38476 0 143 5 1
38478 0 143 5 1
39335 0 143 5 3
174301 0 143 5 1
174476 0 143 5 3
174635 0 143 5 1
259674 0 143 5 1
426844 0 143 5 0
426847 0 143 5 0
443813 0 143 5 3
175284 1 144 3 3
35650 1 144 3 3
519978 1 144 2 1
494798 1 144 2 3
442244 1 144 2 1
427177 0 144 5 3
426923 1 144 2 2
337237 1 144 2 3
175582 1 144 2 3
175566 1 144 2 1
427178 1 144 1 3
248688 1 144 1 3
174706 1 144 1 3
35649 0 144 5 3
35651 0 144 5 3
175283 0 144 5 3
240513 1 144 5 1
240515 1 144 5 1
248687 0 144 5 3
259666 1 144 5 0
337236 0 144 6 3
426926 0 144 5 2
427172 0 144 5 3
427173 0 144 5 3
427172 0 144 5 3
427173 0 144 5 3
442246 0 144 5 1
494796 0 144 5 3
494797 0 144 5 3
494799 0 144 5 3
519680 1 144 5 1
519991 0 144 5 1
521191 0 144 5 3
520522 1 145 3 1
175404 0 145 6 2
174636 1 145 3 1
172208 1 145 3 3
65625 1 145 3 2
443078 1 145 1 3
175272 1 145 1 1
172209 0 145 5 3
426844 0 145 5 1
426846 0 145 5 1
426848 0 145 5 1
426849 0 145 5 1
426850 0 145 5 1
520879 1 146 3 1
495540 1 146 3 4
175406 1 146 3 2
175282 1 146 3 1
37630 1 146 3 1
462711 1 146 2 1
427026 1 146 2 1
173880 1 146 2 1
427183 1 146 1 1
375465 1 146 1 3
173878 0 146 5 1
173881 0 146 5 1
174637 1 146 5 1
174639 1 146 5 1
175405 1 146 5 0
462710 0 146 5 1
462713 0 146 5 1
520523 1 146 5 1
520524 1 146 5 1
519684 1 147 3 2
442185 1 147 3 1
427468 1 147 3 3
519621 1 147 2 1
442784 1 147 2 1
427024 1 147 2 3
413143 1 147 2 3
240586 1 147 2 1
240475 1 147 2 1
98605 1 147 2 3
413142 0 147 5 3
442184 0 147 5 1
519623 0 147 5 1
519624 0 147 5 1
521048 1 148 3 1
520561 1 148 3 1
239776 1 148 3 3
175302 0 148 6 1
519985 1 148 2 0
519663 1 148 2 3
462086 1 148 2 1
442891 1 148 2 1
175567 1 148 2 3
175285 1 148 2 3
38347 1 148 2 3
520835 1 148 1 3
258801 1 148 1 3
38345 0 148 5 3
38346 0 148 5 3
175305 0 148 5 0
175308 0 148 5 0
175565 0 148 5 3
175566 0 148 5 3
239773 0 148 5 3
239775 0 148 5 3
258798 0 148 5 3
442894 0 148 5 1
462085 0 148 7 1
519662 0 148 5 3
520560 0 148 5 1
521047 0 148 5 1
521050 0 148 5 1
443239 1 149 3 1
442837 1 149 3 3
427029 1 149 3 3
175304 1 149 3 1
495923 1 149 2 1
296049 1 149 2 4
171665 1 149 2 3
38356 1 149 1 4
175303 0 149 5 1
175307 0 149 5 1
443238 0 149 5 1
443240 0 149 5 1
495922 0 149 5 1
240623 1 150 3 1
38570 1 150 2 1
240085 1 150 1 1
38572 0 150 5 1
240086 0 150 5 1
240626 0 150 5 1
462089 0 150 5 1
462179 1 151 3 1
309860 1 151 2 1
171666 1 151 2 3
311593 1 151 1 1
309861 0 151 5 1
309864 0 151 5 1
310781 0 151 5 3
310782 0 151 5 3
240412 1 152 4 1
259140 1 152 3 3
239526 1 152 3 3
520557 1 152 2 0
469694 1 152 2 3
259139 1 152 2 1
37629 1 152 2 1
239309 1 152 1 1
37631 0 152 5 1
37632 0 152 5 1
175303 0 152 5 3
175304 0 152 5 3
175306 0 152 5 3
259141 0 152 5 1
469693 0 152 5 3
520562 0 152 5 0
149911 1 153 4 3
408938 1 153 3 1
240081 1 153 3 1
239773 1 153 3 1
519987 1 153 2 2
496039 1 153 2 1
495934 1 153 2 1
461748 1 153 2 1
443757 1 153 2 4
287827 1 153 2 2
258802 1 153 1 2
240080 0 153 5 1
240083 0 153 5 1
240413 1 153 5 1
287826 0 153 5 2
461747 0 153 5 1
461750 0 153 5 1
496038 0 153 5 1
495818 1 154 3 1
443286 1 154 3 1
175103 1 154 3 1
495925 1 154 2 3
462561 1 154 2 1
461596 1 154 2 1
443240 1 154 2 3
163623 1 154 2 1
23545 1 154 2 3
443061 1 154 1 1
39464 1 154 1 1
39466 0 154 5 1
39468 0 154 5 1
175104 0 154 5 1
175105 0 154 5 1
443063 0 154 5 1
495922 0 154 5 3
520558 1 155 3 1
495175 1 155 3 1
238054 1 155 3 1
174298 1 155 3 1
237084 1 155 2 1
521055 1 155 1 1
494691 1 155 1 2
174423 1 155 1 4
174296 0 155 5 1
174297 0 155 5 1
174300 0 155 5 1
174301 0 155 5 1
174421 0 155 5 4
174422 0 155 5 4
443288 1 155 5 1
495176 0 155 5 1
495179 0 155 5 1
495820 1 155 5 1
521057 0 155 5 1
521058 0 155 5 1
443241 1 156 3 3
408939 1 156 3 1
240158 1 156 3 3
520214 1 156 2 0
520052 1 156 2 3
496453 1 156 2 1
462181 1 156 2 3
240213 1 156 2 1
240097 1 156 2 1
240078 0 156 6 1
237359 1 156 2 1
237213 1 156 2 1
91785 1 156 2 2
39374 1 156 2 1
37969 1 156 2 1
23546 1 156 2 3
23545 0 156 5 3
37968 0 156 5 1
237360 0 156 5 1
237362 0 156 5 1
238052 1 156 5 1
238053 1 156 5 1
238055 1 156 5 1
240098 0 156 5 1
240156 0 156 5 3
240218 0 156 5 1
443240 0 156 5 3
462178 0 156 5 3
520215 0 156 5 0
520560 1 156 5 1
520561 1 156 5 1
462533 0 157 6 1
380230 1 157 4 3
495568 1 157 3 1
494692 1 157 3 2
494667 1 157 3 3
462109 1 157 3 1
461741 1 157 3 0
236949 1 157 3 1
496056 1 157 2 1
496041 1 157 2 3
495706 1 157 2 1
494390 1 157 2 1
461980 1 157 2 1
240079 1 157 2 1
39467 1 157 2 1
38923 1 157 2 3
38767 1 157 2 3
38763 0 157 5 3
38764 0 157 5 3
38766 0 157 5 3
39464 0 157 5 1
39469 0 157 5 1
240080 0 157 5 1
240082 0 157 5 1
240083 0 157 5 1
461979 0 157 5 1
462107 0 157 5 1
462110 0 157 5 1
462111 0 157 5 1
494392 0 157 5 1
494665 0 157 5 3
495707 0 157 7 1
496040 0 157 5 3
496057 0 157 6 1
519933 1 158 4 0
496290 1 158 3 1
462631 1 158 3 3
461475 1 158 3 0
240035 1 158 3 3
495753 1 158 2 3
462532 1 158 2 1
461435 1 158 2 1
38573 1 158 2 1
495439 1 158 1 1
462629 1 158 1 1
236947 1 158 5 1
236950 1 158 5 1
236952 1 158 5 1
239309 0 158 5 1
239310 0 158 5 1
239311 0 158 5 1
380229 1 158 5 3
461743 1 158 5 0
462535 0 158 5 1
462630 0 158 5 1
495751 0 158 5 3
495752 0 158 5 3
496288 0 158 5 1
496291 0 158 5 1
520562 0 158 5 1
496037 1 159 3 0
462358 0 159 5 1
134156 1 159 3 3
537332 1 159 2 1
519705 1 159 2 3
496257 1 159 2 1
495829 1 159 2 3
495582 1 159 2 1
462356 0 159 5 2
461978 1 159 2 0
408940 1 159 2 1
266894 1 159 2 2
240084 1 159 2 3
239190 1 159 2 1
237087 1 159 2 3
164494 1 159 2 3
30752 1 159 2 3
517948 1 159 1 3
240416 1 159 1 3
239521 1 159 1 1
174364 1 159 1 1
39459 1 159 1 1
30751 0 159 5 3
39460 0 159 5 1
164493 0 159 5 3
174366 0 159 5 1
174368 0 159 5 1
237085 0 159 5 3
237086 0 159 5 3
239189 0 159 5 1
239191 0 159 5 1
239193 0 159 5 1
239308 0 159 5 3
239309 0 159 5 3
239522 0 159 5 1
240078 0 159 5 3
240414 0 159 5 3
408938 0 159 5 1
461478 1 159 5 0
462359 0 159 5 1
462360 0 159 5 2
495827 0 159 5 3
495828 0 159 5 3
496255 0 159 5 1
496259 0 159 5 1
496260 0 159 5 1
519704 0 159 5 3
519934 1 159 5 0
537333 0 159 5 1
239257 1 160 4 1
494666 1 160 3 1
461517 1 160 3 1
239307 1 160 3 1
38950 1 160 3 2
38944 1 160 3 3
496121 1 160 2 1
462357 1 160 2 2
260185 1 160 2 1
174365 1 160 2 1
37971 1 160 2 3
537327 1 160 1 3
520904 1 160 1 1
236948 1 160 1 1
23544 1 160 1 0
37968 0 160 5 3
38941 0 160 5 3
38942 0 160 5 3
174367 0 160 5 1
236947 0 160 5 1
236952 0 160 5 1
266895 1 160 6 2
461515 0 160 5 1
461518 0 160 5 1
461519 0 160 5 1
494668 0 160 5 1
495708 1 160 5 1
495751 0 160 5 3
496040 1 160 5 0
496056 0 160 5 2
520905 0 160 5 1
520906 0 160 5 1
537323 0 160 5 3
537325 0 160 5 3
495590 1 161 4 1
518834 1 161 3 2
494716 1 161 3 1
239241 1 161 3 1
150024 1 161 3 3
542247 1 161 2 3
519742 1 161 2 1
519737 1 161 2 3
494813 1 161 2 1
494578 1 161 2 0
462401 1 161 2 0
461762 1 161 2 3
425918 1 161 2 3
409064 1 161 2 3
301381 1 161 2 3
38694 1 161 2 1
520055 1 161 1 3
495566 1 161 1 1
240217 1 161 1 3
38696 0 161 5 1
150022 0 161 5 3
239308 1 161 5 1
239311 1 161 5 1
240216 0 161 5 3
425915 0 161 5 3
462403 0 161 5 0
494812 0 161 5 1
495567 0 161 5 1
495568 0 161 5 1
495570 0 161 5 1
518833 0 161 5 2
519735 0 161 5 3
519738 0 161 5 3
519739 0 161 5 3
519743 0 161 5 1
520054 0 161 5 3
495966 1 162 3 1
495598 1 162 3 1
495145 1 162 3 3
495033 1 162 3 1
461983 1 162 3 3
240411 1 162 3 4
174795 1 162 3 1
408921 1 162 2 1
239783 1 162 2 3
239480 1 162 2 4
174644 1 162 2 1
163184 1 162 2 1
24939 1 162 2 3
519917 1 162 1 1
519706 1 162 1 3
519649 1 162 1 4
495653 1 162 1 0
408942 1 162 1 3
175326 1 162 1 1
174648 0 162 5 1
174796 0 162 5 1
175328 0 162 5 1
175329 0 162 5 1
239242 1 162 5 1
239243 1 162 5 1
239481 0 162 5 4
301380 1 162 5 3
408940 0 162 5 3
408941 0 162 5 3
494580 1 162 5 0
495591 1 162 5 1
495654 0 162 5 0
495967 0 162 5 1
495968 0 162 5 1
519647 0 162 5 4
519648 0 162 5 4
519704 0 162 5 3
520706 1 163 3 1
518608 1 163 3 3
496110 1 163 3 3
461302 1 163 3 1
238797 1 163 3 1
174053 1 163 3 1
38951 1 163 3 3
520765 1 163 2 3
495120 1 163 2 1
494935 1 163 2 0
492462 1 163 2 3
461318 1 163 2 3
409187 1 163 2 4
163079 1 163 2 1
38017 1 163 2 4
173879 1 163 1 1
174055 0 163 5 1
266894 0 163 5 3
461300 0 163 5 1
461301 0 163 5 1
461303 0 163 5 1
461320 0 163 5 3
462356 0 163 5 3
462357 0 163 5 3
492461 0 163 5 3
494936 0 163 5 0
495034 1 163 5 1
495035 1 163 5 1
495037 1 163 5 1
519736 1 163 5 1
519738 1 163 5 1
519740 1 163 5 1
494577 1 164 3 0
240722 1 164 3 1
38744 1 164 3 1
520902 1 164 2 3
409998 1 164 2 3
259738 1 164 2 1
239443 1 164 2 1
38588 1 164 2 1
519457 1 164 1 1
495562 1 164 1 1
409299 1 164 1 3
38587 0 164 5 1
239444 0 164 5 1
461516 0 164 5 1
461911 0 164 5 3
461916 0 164 5 3
495121 1 164 5 1
495122 1 164 5 1
495561 0 164 5 1
520900 0 164 5 3
489710 1 165 3 3
174914 1 165 3 1
561590 1 165 2 3
521115 1 165 2 3
519620 1 165 2 1
495597 1 165 2 1
495259 1 165 2 1
239259 1 165 2 3
174801 1 165 2 1
163415 1 165 2 1
494840 1 165 1 1
409827 1 165 1 1
237604 1 165 1 3
38697 1 165 1 3
38694 0 165 5 3
38695 0 165 5 3
38747 1 165 5 1
163413 0 165 5 1
174803 0 165 5 1
174804 0 165 5 1
174915 0 165 5 1
237603 0 165 5 3
409826 0 165 5 1
489709 0 165 5 3
494841 0 165 5 1
495599 0 165 5 1
495600 0 165 5 1
519622 0 165 5 1
561587 0 165 5 3
174099 0 166 18 4
520388 1 166 3 1
519835 1 166 3 3
517520 1 166 3 3
496009 1 166 3 0
175405 1 166 3 1
38943 1 166 3 3
556470 1 166 2 2
496293 1 166 2 3
495655 1 166 2 2
494921 1 166 2 1
419136 1 166 2 3
386650 1 166 2 3
240221 1 166 2 1
175453 1 166 2 1
163679 1 166 2 1
38696 1 166 2 3
519739 1 166 1 3
464616 1 166 1 3
109485 1 166 1 2
39259 1 166 1 1
38693 0 166 5 3
38695 0 166 5 3
38697 0 166 5 3
39261 0 166 5 1
109482 0 166 5 2
163678 0 166 5 1
175452 0 166 5 1
240222 0 166 5 1
494925 0 166 5 1
495261 1 166 7 1
495653 0 166 5 2
495654 0 166 5 2
495656 0 166 5 2
496011 0 166 5 0
496012 0 166 5 0
496014 0 166 5 0
517517 0 166 5 3
517518 0 166 5 3
519736 0 166 5 3
519738 0 166 5 3
519740 0 166 5 3
520389 0 166 5 1
520391 0 166 5 1
240219 1 167 4 1
495260 1 167 3 1
494872 1 167 3 1
490812 1 167 3 3
461220 1 167 3 1
312418 1 167 3 1
259744 1 167 3 0
163800 1 167 3 1
163270 1 167 3 4
494384 1 167 2 1
240355 1 167 2 4
237601 1 167 2 3
259792 1 167 1 1
175388 1 167 1 2
38944 1 167 5 3
175389 0 167 5 2
259794 0 167 5 1
461301 0 167 5 1
461302 0 167 5 1
461301 0 167 5 1
461302 0 167 5 1
496420 1 168 3 1
495185 1 168 3 1
221953 1 168 3 2
163555 1 168 3 1
494923 1 168 2 1
462537 1 168 2 1
239408 0 168 6 3
174582 1 168 2 3
39411 1 168 2 1
39414 0 168 5 1
163557 0 168 5 1
163802 1 168 5 1
239407 0 168 5 1
240222 1 168 5 1
259747 1 168 5 0
259749 1 168 5 0
461219 1 168 5 1
462538 0 168 5 1
494922 0 168 5 1
494924 0 168 5 1
495261 1 168 5 1
495262 1 168 5 1
494475 1 169 4 1
560865 1 169 3 1
496199 1 169 3 1
259793 1 169 3 3
237673 0 169 5 1
175451 1 169 3 1
38990 1 169 3 1
561588 1 169 2 1
520147 1 169 2 1
496170 1 169 2 4
495263 1 169 2 1
464611 1 169 2 2
461758 1 169 2 1
240828 1 169 2 2
240796 1 169 2 2
239798 1 169 2 1
239411 1 169 2 3
237672 0 169 5 2
174560 1 169 2 1
174173 1 169 2 1
163302 1 169 2 1
39057 1 169 2 1
38613 1 169 2 0
237304 1 169 1 1
39045 1 169 1 1
39047 0 169 5 1
39058 0 169 5 1
39060 0 169 5 1
39061 0 169 5 1
174174 0 169 5 1
174561 0 169 5 1
237306 0 169 5 1
237674 0 169 5 2
237675 0 169 6 2
239410 0 169 5 3
239412 0 169 5 3
239797 0 169 5 1
259792 0 169 5 3
461761 0 169 5 1
490901 0 169 5 3
490903 0 169 5 3
496201 0 169 5 1
561590 0 169 5 1
561587 1 170 3 1
240792 1 170 7 2
237109 1 170 3 1
175188 1 170 3 0
520392 1 170 2 3
495052 1 170 2 1
239398 1 170 2 3
109481 1 170 2 0
496003 1 170 1 2
409826 1 170 1 1
313502 1 170 1 3
174248 1 170 1 1
163077 1 170 1 1
38991 1 170 5 1
109485 0 170 5 0
163079 0 170 5 1
163082 0 170 5 1
163306 1 170 5 1
174249 0 170 5 1
175191 0 170 5 0
175192 0 170 5 0
175452 1 170 5 1
175454 1 170 5 1
239396 0 170 5 3
313501 0 170 5 3
494479 1 170 5 1
496004 0 170 5 2
520390 0 170 5 3
535168 1 171 3 3
495797 1 171 3 1
426588 1 171 3 3
269490 1 171 3 2
240793 1 171 3 2
561737 1 171 2 1
494766 1 171 2 1
419135 1 171 2 3
238071 1 171 2 1
163305 1 171 2 2
494699 1 171 1 1
237603 1 171 1 1
163977 1 171 1 1
238073 0 171 5 1
269491 0 171 5 2
426586 0 171 5 3
494698 0 171 5 1
494700 0 171 5 1
494701 0 171 5 1
494768 0 171 5 1
561736 0 171 5 1
561739 0 171 5 1
239123 1 172 4 0
496161 1 172 3 1
313503 1 172 3 3
239569 1 172 3 3
175024 1 172 3 0
520149 1 172 2 3
495186 1 172 2 1
339261 1 172 2 0
239124 1 172 6 0
110939 1 172 2 0
110940 0 172 5 0
237672 0 172 5 3
313501 0 172 5 3
339262 0 172 5 0
339263 0 172 5 0
462537 0 172 5 3
495185 0 172 5 1
520148 0 172 5 3
240791 0 173 18 4
163911 1 173 3 1
496101 1 173 2 3
496093 1 173 2 1
260522 1 173 2 4
238123 1 173 2 1
175376 1 173 2 1
174564 1 173 2 1
163337 1 173 2 1
163912 0 173 5 1
175377 0 173 5 1
175378 0 173 5 1
238125 0 173 5 1
238126 0 173 5 1
496099 0 173 5 3
110720 0 174 13 3
312287 0 174 7 2
174893 1 174 4 3
562377 1 174 3 1
496333 1 174 3 1
175334 1 174 3 3
164367 1 174 3 1
63445 1 174 3 3
520405 1 174 2 1
495880 1 174 2 3
240825 1 174 2 3
237584 1 174 2 3
174247 1 174 2 1
164379 1 174 2 3
163363 1 174 2 3
163025 1 174 2 1
560831 1 174 1 1
495620 1 174 1 1
239126 1 174 1 3
63442 0 174 5 3
163028 0 174 6 1
163029 0 174 5 1
163360 0 174 5 3
163362 0 174 5 3
164378 0 174 5 3
174248 0 174 5 1
174250 0 174 5 1
175333 0 174 5 3
239122 0 174 5 3
239124 0 174 5 3
495619 0 174 5 1
520407 0 174 5 1
560833 0 174 5 1
561738 0 174 5 1
562379 0 174 5 1
162935 1 175 4 1
563029 1 175 3 3
552664 1 175 3 3
240386 0 175 6 1
239242 1 175 3 1
163316 1 175 3 1
496096 1 175 2 3
495265 1 175 2 3
239321 1 175 2 1
237530 1 175 2 1
164551 1 175 2 1
110941 1 175 2 3
39302 1 175 2 1
561953 1 175 1 1
495834 1 175 1 4
148213 1 175 1 1
110914 1 175 1 3
110719 1 175 5 3
148214 0 175 5 1
148217 0 175 5 1
163318 0 175 5 1
164552 0 175 5 1
164553 0 175 5 1
237529 0 175 6 1
237531 0 175 5 1
239243 0 175 5 1
239244 0 175 5 1
239323 0 175 5 1
494701 0 175 5 3
495264 0 175 5 3
496094 0 175 5 3
496334 1 175 5 1
563027 0 175 5 3
561735 1 176 3 1
496245 1 176 3 1
240390 1 176 3 1
78942 1 176 3 3
496275 1 176 2 1
496160 1 176 2 1
494423 1 176 2 1
312290 1 176 2 2
238132 0 176 6 1
164563 1 176 2 3
164242 1 176 2 1
163989 1 176 2 1
163532 1 176 2 1
110692 1 176 2 0
78935 1 176 2 3
163338 1 176 1 3
162937 1 176 5 1
163339 0 176 5 3
163991 0 176 5 1
164244 0 176 5 1
240392 1 176 5 1
240391 0 176 5 1
312288 0 176 5 2
312289 0 176 5 2
494424 0 176 5 1
496161 0 176 5 1
496243 0 176 5 1
496247 0 176 5 1
496276 0 176 5 1
496277 0 176 5 1
561736 0 176 5 1
561738 0 176 5 1
561739 0 176 5 1
562184 1 177 2 1
312294 1 177 2 0
238134 1 177 2 1
238046 1 177 2 4
236971 1 177 2 1
163311 1 177 2 3
109791 1 177 2 4
504459 1 177 1 1
163557 1 177 1 3
109790 0 177 5 4
163029 0 177 5 3
236972 0 177 5 1
238131 0 177 8 1
312295 0 177 5 0
312298 0 177 5 0
562185 0 177 5 1
238056 1 178 3 3
237696 1 178 3 3
162933 1 178 3 0
139569 1 178 3 3
561325 1 178 2 1
495296 0 178 6 2
494670 1 178 2 1
258926 1 178 2 1
238143 1 178 2 1
163053 1 178 2 1
117356 1 178 2 2
64289 1 178 2 1
60152 1 178 2 3
164215 1 178 1 3
168903 1 178 0 3
60149 0 178 5 3
60151 0 178 5 3
64288 0 178 5 1
64292 0 178 5 1
64293 0 178 5 1
117355 0 178 5 2
162937 0 178 5 0
237530 0 178 5 0
238142 0 178 6 1
238144 0 178 5 1
238145 0 178 5 1
258925 0 178 5 1
258928 0 178 5 1
494671 0 178 5 1
495297 0 178 5 1
495300 0 178 5 1
496244 0 178 5 1
496246 0 178 5 1
561322 0 178 5 1
495004 1 179 4 1
63802 1 179 4 1
504457 1 179 3 1
495298 1 179 3 2
494484 1 179 3 0
238575 1 179 3 1
164569 1 179 3 2
162836 1 179 3 2
562830 1 179 2 1
495301 1 179 2 1
495245 1 179 2 3
494725 1 179 2 2
494468 1 179 2 4
236961 1 179 2 1
163533 1 179 2 2
260521 1 179 1 3
214149 1 179 1 2
164349 1 179 1 1
162837 1 179 1 1
63442 1 179 1 1
63444 0 179 5 1
139568 1 179 5 3
162835 0 179 5 2
162838 0 179 5 1
162840 0 179 5 1
163051 1 179 5 1
164347 0 179 5 1
164348 0 179 5 1
164351 0 179 5 1
164566 0 179 5 2
164567 0 179 5 2
236960 0 179 5 1
236963 0 179 5 1
238132 1 179 5 1
238135 1 179 5 1
238136 1 179 5 1
238578 0 179 5 1
260522 0 179 5 3
495295 0 179 5 2
495297 0 179 5 2
562829 0 179 5 1
562831 0 179 5 1
312296 0 180 7 3
237874 1 180 3 3
110699 1 180 3 1
561491 1 180 2 2
495870 1 180 2 1
495638 1 180 2 1
240093 1 180 2 1
237983 1 180 2 1
64287 1 180 2 4
495027 1 180 1 1
254379 1 180 1 3
237088 1 180 1 1
63801 1 180 5 1
163534 1 180 5 2
163535 1 180 5 2
237089 0 180 5 1
237870 0 180 5 3
237871 0 180 5 3
237872 0 180 5 3
237873 0 180 5 3
237984 0 180 5 1
240091 0 180 5 1
240095 0 180 5 1
254380 0 180 5 3
494485 1 180 5 0
495003 1 180 5 1
495029 0 180 5 1
495869 0 180 5 1
495872 0 180 5 1
562097 1 181 3 1
504458 1 181 3 1
237803 1 181 3 2
64706 1 181 3 1
561641 1 181 2 1
495264 1 181 2 2
238663 1 181 2 4
164213 1 181 2 1
563139 1 181 1 1
562721 1 181 1 3
163310 1 181 1 3
110700 1 181 5 1
164216 0 181 5 1
164217 0 181 5 1
237090 0 181 5 1
238664 0 181 5 4
495265 0 181 5 2
561642 0 181 5 1
562099 0 181 5 1
562100 0 181 5 1
562717 0 181 5 3
562720 0 181 5 3
563141 0 181 5 1
524117 1 182 3 3
494989 1 182 3 0
313492 1 182 3 1
312324 1 182 3 1
312297 1 182 3 3
240804 1 182 3 3
238577 1 182 3 3
237237 1 182 3 1
163055 1 182 3 3
237782 1 182 2 1
237785 0 182 5 1
312325 0 182 5 1
313491 0 182 5 1
504462 1 182 5 1
562667 1 183 3 1
164304 1 183 3 1
562668 1 183 2 3
496255 1 183 2 0
494724 1 183 2 1
237757 1 183 2 1
237469 1 183 2 1
236965 1 183 2 3
213030 1 183 2 3
195287 1 183 2 3
238660 1 183 1 2
236955 1 183 1 2
195286 0 183 7 3
213029 0 183 5 3
236960 0 183 5 3
237760 0 183 5 1
238659 0 183 5 2
238662 0 183 5 2
494725 0 183 5 1
494990 1 183 5 0
494993 1 183 5 0
495521 0 183 5 3
496256 0 183 5 0
496258 0 183 5 0
496260 0 183 5 0
524115 1 183 5 3
524116 1 183 5 3
496393 1 184 3 1
237816 1 184 3 1
494630 1 184 2 3
193734 1 184 2 2
109501 1 184 2 3
237774 1 184 1 3
164302 1 184 5 1
164303 1 184 5 1
193733 0 184 5 2
562669 1 184 5 3
494952 1 185 3 1
312481 1 185 3 2
238736 1 185 3 1
237985 1 185 3 3
164233 1 185 3 1
479746 1 185 2 3
240092 1 185 1 0
164276 1 185 1 1
164237 0 185 5 1
164278 0 185 5 1
237818 1 185 5 1
237984 0 185 5 3
237986 0 185 5 3
238737 0 185 5 1
240094 0 185 5 0
479745 1 186 3 3
236769 1 186 3 4
189677 1 186 3 1
109502 1 186 3 3
238818 1 186 2 1
164204 1 186 2 0
152954 1 186 2 2
40490 1 186 2 3
109501 0 186 5 3
189678 0 186 5 1
195287 1 186 5 3
238820 0 186 5 1
494954 1 186 5 1
237420 1 187 3 3
195284 1 187 3 1
494984 1 187 2 1
467422 1 187 2 3
457982 1 187 2 3
238815 1 187 2 1
495013 1 187 1 1
312298 1 187 1 3
272563 1 187 1 3
238219 1 187 1 0
164205 1 187 5 0
467421 0 187 5 3
467423 0 187 5 3
494985 0 187 5 1
563026 1 188 3 0
496395 1 188 3 3
237752 0 188 7 3
189793 1 188 3 1
562919 1 188 2 3
495246 1 188 2 1
240091 1 188 1 0
240093 0 188 5 0
496391 0 188 5 3
496394 0 188 5 3
162219 1 189 4 4
239819 1 189 3 3
191334 1 189 3 4
126401 1 189 3 1
272254 1 189 2 3
238351 1 189 2 1
236805 1 189 2 1
162772 1 189 2 1
160352 1 189 2 3
121532 1 189 1 3
126403 0 189 5 1
162774 0 189 5 1
236804 0 189 5 1
238353 0 189 5 1
563027 1 189 5 0
300395 1 190 3 2
238212 1 190 3 1
237755 1 190 3 3
14465 1 190 3 3
237707 1 190 2 1
163784 1 190 2 1
148695 1 190 2 3
494513 1 190 1 1
14464 0 190 5 3
163783 0 190 5 1
191333 1 190 5 4
237708 0 190 5 1
237710 0 190 5 1
237754 0 190 5 3
494514 0 190 5 1
494515 0 190 5 1
523776 1 191 2 2
495965 1 191 2 1
495249 1 191 2 1
494951 0 191 6 3
163296 1 191 2 3
163293 0 191 5 3
163294 0 191 5 3
163295 0 191 5 3
495246 0 191 5 1
495967 0 191 5 1
495856 1 192 3 4
495215 1 192 3 1
494451 1 192 3 0
237879 1 192 3 1
494679 1 192 2 3
237747 1 192 2 1
163248 1 192 2 2
495047 1 192 1 1
494953 1 192 1 3
479742 1 192 1 3
164234 1 192 1 1
163245 0 192 5 2
164237 0 192 5 1
164238 0 192 5 1
237751 0 192 5 1
237878 0 192 5 1
237880 0 192 5 1
494950 0 192 5 3
495050 0 192 5 1
363423 1 193 3 3
164040 1 193 2 1
164021 1 193 2 1
163650 1 193 2 1
163810 1 193 1 1
81015 1 193 1 2
163649 0 193 5 1
163811 0 193 5 1
163812 0 193 5 1
164019 0 193 5 1
164041 0 193 5 1
164043 0 193 5 1
363424 0 193 5 3
494454 1 193 5 0
494455 1 193 5 0
495216 1 193 5 1
495217 1 193 5 1
496376 1 194 3 3
495945 1 194 3 1
495354 1 194 3 1
496271 1 194 2 1
238744 1 194 2 1
163738 1 194 2 0
237873 1 194 1 2
237749 1 194 1 1
237110 1 194 1 1
126509 1 194 1 1
126510 0 194 5 1
237746 0 194 5 1
237747 0 194 5 1
237872 0 194 5 2
238745 0 194 5 1
495355 0 194 5 1
495357 0 194 5 1
496269 0 194 5 1
496270 0 194 5 1
496273 0 194 5 1
238536 1 195 3 1
495715 1 195 2 3
495336 1 195 2 3
237369 1 195 2 1
237209 1 195 1 1
237012 1 195 1 1
163740 1 195 5 0
237210 0 195 5 1
237211 0 195 5 1
238535 0 195 5 1
495337 0 195 5 3
237370 1 196 3 1
81014 1 196 3 2
494495 1 196 2 1
164335 1 196 2 1
237442 1 196 1 3
124984 1 196 1 1
124985 0 196 5 1
124986 0 196 5 1
164332 0 196 5 1
164336 0 196 5 1
164337 0 196 5 1
237441 0 196 5 3
237443 0 196 5 3
494496 0 196 5 1
494497 0 196 5 1
163829 0 197 18 4
238780 1 197 4 1
164191 1 197 4 1
124891 0 197 8 1
509572 1 197 3 3
126635 1 197 3 4
495824 1 197 2 1
495526 1 197 2 1
277127 1 197 2 3
238584 1 197 2 1
171256 1 197 2 0
164023 1 197 2 3
126468 1 197 2 1
163832 1 197 1 1
163737 1 197 1 0
126467 0 197 5 1
163740 0 197 5 0
163831 0 197 5 1
163834 0 197 5 1
164021 0 197 5 1
164019 0 197 5 3
164024 0 197 5 3
237372 1 197 5 1
277128 0 197 5 3
495823 0 197 5 1
509571 0 197 5 3
237077 1 198 3 3
536442 1 198 2 1
496302 1 198 2 4
496062 1 198 2 1
236980 1 198 2 1
163330 1 198 2 3
126470 1 198 2 2
125103 1 198 2 1
531644 1 198 1 3
126467 0 198 5 2
126469 0 198 5 2
163327 0 198 5 3
163328 0 198 5 3
163329 0 198 5 3
163828 1 198 5 4
164193 1 198 5 1
164194 1 198 5 1
164196 1 198 6 1
171257 1 198 5 0
236981 0 198 5 1
238779 1 198 5 1
238782 1 198 5 1
260282 1 199 3 3
238580 1 199 3 1
163739 1 199 3 2
126178 1 199 2 1
125664 1 199 2 4
125665 0 199 5 4
163737 0 199 5 2
163738 0 199 5 2
238189 1 200 4 3
495517 1 200 3 1
126337 1 200 3 4
124889 1 200 3 1
198914 1 200 2 2
176441 1 200 2 2
163833 1 200 2 2
126471 1 200 2 3
237737 1 200 1 1
178299 1 200 1 3
126338 0 200 5 4
126467 0 200 5 3
126470 0 200 5 3
176438 0 200 5 2
178300 0 200 5 3
237738 0 200 5 1
237739 0 200 5 1
238579 1 200 5 1
495519 0 200 5 1
39638 1 201 4 3
126654 1 201 3 4
126180 1 201 3 3
125107 0 201 7 1
124890 1 201 3 1
508942 1 201 2 3
163027 1 201 2 1
126404 1 201 2 3
125601 1 201 2 1
59601 1 201 2 3
555153 1 201 1 3
177130 1 201 1 3
176430 1 201 1 3
59596 0 201 5 3
59598 0 201 5 3
59600 0 201 5 3
124891 0 201 5 1
124892 0 201 5 1
125603 0 201 5 1
125605 0 201 5 1
126178 0 201 5 3
164191 0 201 5 3
164193 0 201 5 3
164194 0 201 5 3
177129 0 201 5 3
177131 0 201 5 3
494495 0 201 5 3
508941 0 201 5 3
555152 0 201 5 3
504107 1 202 3 3
237620 1 202 2 1
170570 1 202 2 0
241766 1 202 1 3
126537 1 202 1 1
494497 1 202 0 3
39637 1 202 5 3
125108 1 202 5 1
125112 1 202 5 1
170571 0 202 5 0
170573 0 202 5 0
237622 0 202 5 1
171247 1 203 4 1
495842 1 203 3 1
237104 1 203 3 3
125966 1 203 3 2
125817 1 203 3 1
238678 1 203 2 3
236982 1 203 2 3
126701 1 203 2 1
125473 1 203 2 1
125109 1 203 2 1
124971 1 203 2 1
124973 0 203 5 1
125108 0 203 5 1
125110 0 203 5 1
125112 0 203 5 1
125472 0 203 5 1
125818 0 203 5 1
125819 0 203 5 1
495843 0 203 5 1
495844 0 203 5 1
126531 1 204 4 1
126407 0 204 7 3
124895 1 204 4 4
237619 1 204 3 0
125701 1 204 3 2
170329 1 204 2 0
125970 1 204 2 1
496063 1 204 1 1
178028 1 204 1 2
125700 0 204 5 2
125965 1 204 5 2
125967 1 204 5 2
125968 1 204 5 2
171250 1 204 5 1
171251 1 204 5 1
237620 0 204 5 0
237621 0 204 5 0
237622 0 204 5 0
496062 0 204 5 1
495845 1 205 4 1
238041 1 205 4 0
125136 1 205 4 1
238161 1 205 3 3
125510 1 205 3 1
508940 1 205 2 2
508256 1 205 2 3
238735 1 205 2 1
162955 1 205 2 1
126066 1 205 2 0
536314 1 205 1 0
494743 1 205 1 1
176438 1 205 1 0
125512 0 205 5 1
125513 0 205 5 1
126068 0 205 5 0
126406 1 205 5 1
162954 0 205 5 1
170328 1 205 5 0
238738 0 205 5 1
494744 0 205 5 1
508938 0 205 5 2
508939 0 205 5 2
238346 1 206 4 3
496065 1 206 3 3
238358 1 206 3 1
237573 1 206 3 0
237198 1 206 3 4
163118 1 206 3 0
126840 1 206 3 3
87168 1 206 3 2
126683 1 206 2 3
112122 1 206 2 3
239381 1 206 1 3
126408 1 206 1 3
125366 1 206 1 1
87167 0 206 5 2
125139 1 206 5 1
125367 0 206 7 1
125368 0 206 5 1
125369 0 206 5 1
163117 0 206 5 0
163120 0 206 5 0
237574 0 206 5 0
238043 1 206 5 0
238044 1 206 5 0
238356 0 206 5 1
238359 0 206 5 1
495847 1 206 5 1
162953 1 207 3 0
162949 1 207 3 3
126524 1 207 3 3
237079 1 207 2 1
125548 1 207 2 1
126066 0 207 5 2
126523 0 207 5 3
162955 0 207 5 0
163119 0 207 5 0
237080 0 207 5 1
238345 1 207 5 3
268043 1 208 3 3
126669 1 208 3 2
125579 1 208 3 1
125098 1 208 3 0
170331 1 208 2 3
163680 1 208 2 1
126134 1 208 2 0
125684 1 208 2 1
237783 1 208 1 1
237758 1 208 1 1
125366 0 208 5 2
126138 0 208 5 0
126140 0 208 5 0
126668 0 208 5 2
163678 0 208 5 1
170328 0 208 5 3
170329 0 208 5 3
170330 0 208 5 3
237757 0 208 5 1
237782 0 208 5 1
237784 0 208 5 1
237786 0 208 5 1
252106 0 208 5 2
268044 0 208 5 3
496126 1 209 3 1
163588 1 209 3 1
126536 1 209 3 1
125365 1 209 3 1
238255 1 209 2 1
238105 1 209 2 0
170931 1 209 2 3
170551 1 209 2 3
130856 1 209 2 3
125549 1 209 2 3
125509 1 209 2 0
125099 1 209 5 0
125101 1 209 5 0
125102 1 209 5 0
125369 0 209 5 1
125510 0 209 5 0
125512 0 209 6 0
125513 0 209 5 0
126539 0 209 5 1
163589 0 209 5 1
170549 0 209 5 3
170552 0 209 5 3
238109 0 209 5 0
238253 0 209 5 1
238254 0 209 5 1
238256 0 209 5 1
238259 0 209 5 1
236984 1 210 3 3
125544 1 210 3 1
236925 1 210 2 1
162954 1 210 2 1
162696 1 210 2 3
73066 1 210 2 3
73067 0 210 5 3
162694 0 210 5 3
162695 0 210 5 3
236926 0 210 7 1
236983 0 210 5 3
363673 1 211 3 2
306739 1 211 3 3
238352 1 211 3 1
219552 1 211 2 3
126848 1 211 1 4
125547 1 211 5 1
126847 0 211 5 4
162956 1 211 6 1
219551 0 211 5 3
237610 1 212 4 1
363668 1 212 3 1
163040 1 212 3 1
126203 1 212 3 1
125685 1 212 3 3
363190 1 212 2 1
130858 1 212 2 4
173513 1 212 1 2
147708 1 212 1 1
125533 1 212 1 1
87167 0 212 5 3
125511 0 212 5 3
125537 0 212 5 1
130857 0 212 5 4
163042 0 212 5 1
236925 0 212 5 1
236929 0 212 5 1
215030 1 213 4 3
237500 1 213 3 1
167066 1 213 3 3
495604 1 213 2 1
363346 1 213 2 1
238347 1 213 1 3
129127 1 213 1 0
125683 1 213 5 3
167064 0 213 5 3
237611 1 213 5 1
238346 0 213 5 3
363344 0 213 5 1
363349 0 213 5 1
495606 0 213 5 1
364156 1 214 3 1
363600 1 214 3 1
272193 1 214 3 3
126070 1 214 3 1
364036 1 214 2 1
238390 1 214 2 3
173519 1 214 2 3
130419 1 214 2 2
163475 1 214 1 1
163476 0 214 5 1
163478 0 214 5 1
163479 0 214 5 1
173516 0 214 5 3
215026 1 214 5 3
215027 1 214 5 3
215029 1 214 5 3
237503 1 214 5 1
238389 0 214 5 3
272191 0 214 5 3
272192 0 214 5 3
363602 0 214 5 1
363603 0 214 5 1
364037 0 214 5 1
364038 0 214 5 1
364154 0 214 5 1
364744 1 215 3 1
363850 1 215 3 1
129131 1 215 3 0
129130 1 215 3 3
555051 1 215 2 4
535215 1 215 2 3
129182 1 215 2 0
126806 1 215 2 0
483411 1 215 1 3
363669 1 215 1 1
69317 1 215 1 3
69313 0 215 5 3
126069 1 215 5 1
126072 1 215 5 1
129183 0 215 6 0
129184 0 215 5 0
162953 1 215 5 3
363668 0 215 5 1
535214 0 215 5 3
363979 1 216 4 1
554863 1 216 3 2
363333 1 216 3 1
238353 1 216 2 3
236896 1 216 2 1
163963 1 216 2 1
126381 1 216 1 2
125679 1 216 1 2
126380 0 216 5 2
126382 0 216 5 2
163961 0 216 5 1
163962 0 216 5 1
163964 0 216 5 1
236897 0 216 5 1
236898 0 216 5 1
509543 0 217 13 3
129529 1 217 3 0
363336 1 217 2 1
215037 1 217 2 3
129185 1 217 2 3
128769 1 217 2 1
363508 1 217 1 1
215035 0 217 5 3
363335 0 217 5 1
363337 0 217 5 1
130779 1 218 3 0
362710 1 218 2 1
238383 1 218 2 1
237616 1 218 2 3
126703 1 218 2 3
364039 1 218 1 3
237613 0 218 5 3
238384 0 218 5 1
364036 0 218 5 3
362919 1 220 3 1
365066 1 220 2 1
364256 1 220 2 1
362789 1 220 2 1
163966 1 220 2 3
364832 1 220 1 3
365067 0 220 5 1
166810 1 221 4 1
364312 1 221 3 1
362737 1 221 2 1
130662 1 221 2 0
130663 0 221 5 0
130664 0 221 5 0
130665 0 221 5 0
362736 0 221 5 1
364258 1 222 3 3
162701 1 222 3 3
487580 1 222 2 0
363186 1 222 2 4
362977 1 222 2 1
362738 1 222 2 3
163964 1 222 2 3
364196 1 222 1 1
363509 1 222 1 2
166916 1 222 1 1
162699 0 222 5 3
162700 0 222 5 3
163965 0 222 5 3
163966 0 222 5 3
166811 1 222 5 1
362980 0 222 5 1
363508 0 222 5 2
364361 1 223 4 1
364199 1 223 3 1
129522 1 223 3 3
364232 1 223 2 1
362733 1 223 2 3
129305 1 223 2 3
129302 0 223 5 3
129304 0 223 5 3
364196 0 223 5 1
364231 0 223 5 1
364255 1 223 5 3
364256 1 223 5 3
364257 1 223 5 3
487583 1 223 5 0
168749 0 224 13 3
364868 1 224 3 1
364456 1 224 3 1
363741 1 224 3 2
364109 1 224 2 1
363659 1 224 2 1
364963 1 224 1 1
364706 1 224 1 1
363657 0 224 5 1
363740 0 224 5 2
363742 0 224 5 2
363743 0 224 5 2
364254 0 224 5 3
364259 0 224 5 3
364964 0 224 5 1
364965 0 224 5 1
362768 1 225 3 1
70240 1 225 3 3
364950 1 225 2 3
364201 1 225 2 3
364147 1 225 1 1
364017 1 225 1 1
70239 0 225 5 3
168750 1 225 5 3
364016 0 225 5 1
364149 0 225 5 1
364150 0 225 5 1
295609 1 226 4 3
364696 1 226 3 1
163819 1 226 3 3
118702 1 226 3 3
498761 1 226 2 3
381703 1 226 2 2
367310 1 226 2 3
320366 1 226 2 3
8672 1 226 2 3
163820 0 226 5 3
185876 0 226 5 2
363359 0 226 5 3
548874 1 227 3 3
488180 1 227 3 1
364388 1 227 3 1
363738 1 227 3 0
363402 1 227 3 1
487841 1 227 2 0
364972 1 227 2 1
167189 1 227 2 3
295608 1 227 5 3
363403 0 227 5 1
363404 0 227 5 1
363739 0 227 5 0
363741 0 227 5 0
364390 0 227 5 1
364698 1 227 5 1
487843 0 227 5 0
488181 0 227 5 1
488182 0 227 5 1
365143 1 228 2 1
364869 1 228 2 3
363453 1 228 2 1
487087 1 229 3 1
363263 0 229 5 2
164383 1 229 3 1
150701 1 229 3 3
365172 1 229 2 1
343409 1 229 2 2
164922 1 229 2 2
163889 1 229 2 4
364873 1 229 1 1
363264 1 229 1 2
163887 0 229 5 4
164925 0 229 7 2
343410 0 229 5 2
363262 0 229 5 2
363452 1 229 5 1
365105 1 230 4 3
364638 1 230 4 1
488168 1 230 3 1
278501 1 230 3 4
165812 1 230 2 4
363755 1 230 1 1
163183 1 230 1 3
71482 1 230 1 3
71479 0 230 5 3
71480 0 230 5 3
163182 0 230 5 3
488169 0 230 5 1
365109 1 231 3 1
364991 1 231 3 1
164505 1 231 3 1
487085 1 231 2 3
363960 1 231 2 3
163546 1 231 2 1
364885 1 231 1 1
163548 0 231 5 1
363959 0 231 5 3
364992 0 231 5 1
364993 0 231 5 1
365103 1 231 5 3
487090 1 232 3 3
385738 1 232 2 3
170493 1 232 2 3
164504 1 232 5 1
164921 1 232 5 3
164923 1 232 5 3
170491 0 232 5 3
365110 1 232 5 1
365112 1 232 5 1
487086 0 232 5 3
487087 0 232 5 3
488815 0 233 18 4
364951 1 233 3 1
364314 1 233 3 3
363485 1 233 3 1
363315 1 233 3 1
163928 1 233 3 3
487088 1 233 2 1
364952 1 233 2 1
364800 1 233 2 1
364474 1 233 2 1
364313 1 233 2 3
343044 1 233 2 3
163263 1 233 2 1
364331 1 233 1 1
163927 0 233 5 3
363316 0 233 5 1
363488 0 233 5 1
364310 0 233 5 3
364478 0 233 5 1
364801 0 233 5 1
487087 0 233 5 1
487089 0 233 5 1
364697 1 234 4 3
364180 1 234 3 3
365153 1 234 2 1
364177 0 234 5 3
364310 1 234 5 3
364312 1 234 5 3
364953 1 234 5 1
364954 1 234 5 1
365151 0 234 5 1
365152 0 234 5 1
365154 0 234 5 1
365155 0 234 5 1
363869 1 235 3 1
487524 1 235 2 1
487465 1 235 2 1
422239 1 235 2 3
364247 1 235 2 0
363871 0 235 5 1
364248 0 235 5 0
364694 1 235 5 3
364695 1 235 5 3
364952 0 235 5 1
422238 0 235 5 3
487466 0 235 5 1
487525 0 235 5 1
363210 1 237 3 1
488265 1 237 2 1
363887 1 237 2 1
363484 1 237 2 0
163264 1 237 2 1
364725 1 237 1 1
163265 0 237 6 1
363487 0 237 5 0
488267 0 237 5 1
488268 0 237 5 1
362801 1 238 4 1
487151 1 238 3 1
363616 1 238 3 2
365007 1 238 1 1
364799 1 238 1 0
362767 0 238 5 1
364801 0 238 5 0
487153 0 238 5 1
365155 1 239 3 3
364927 1 239 3 0
162703 1 239 2 3
362765 1 239 1 1
162704 0 239 5 3
362800 1 239 5 1
365151 0 239 5 3
365153 0 239 5 3
277660 1 240 3 3
318271 1 240 2 3
365154 1 240 1 3
364817 1 240 1 3
363137 1 240 1 0
363140 0 240 5 0
363141 0 240 5 0
364930 1 240 5 0
459756 1 241 3 3
488076 1 241 2 1
363835 1 241 2 1
163262 1 241 5 1
163266 1 241 5 1
363836 0 241 5 1
363473 1 242 2 3
163825 1 242 2 1
362760 1 242 1 3
163265 1 242 5 1
363471 0 242 5 3
362929 1 243 3 0
446477 1 243 2 3
363038 1 243 1 4
365100 1 244 3 0
363184 1 245 3 3
163980 1 245 3 3
163100 1 245 3 1
134700 1 245 3 1
163655 1 245 2 1
162693 1 245 1 1
162691 0 245 5 1
162695 0 245 5 1
162696 0 245 5 1
163977 0 245 5 3
365102 1 245 5 0
363073 1 246 2 1
363076 0 246 5 1
487073 1 247 3 1
162972 1 248 3 1
487504 1 248 2 3
363075 1 248 6 1
363074 1 248 2 1
162975 0 248 5 1
363073 0 248 5 3
164472 1 249 4 1
163653 1 249 3 1
163421 1 249 3 3
162785 1 249 3 3
164556 1 249 2 1
134698 1 249 2 1
551563 1 249 1 3
134700 0 249 5 1
164557 0 249 5 1
164559 0 249 5 1
363072 1 249 5 1
363073 1 249 5 1
363076 1 249 5 1
326861 1 250 3 3
134870 1 250 2 1
24680 1 250 2 3
134871 0 250 5 1
134873 0 250 5 1
134874 0 250 5 1
163422 1 250 5 3
161512 1 253 3 0
156177 1 253 3 3
363945 1 253 2 2
362776 1 253 2 1
164035 1 253 2 1
161202 1 253 2 2
135780 1 253 2 1
135209 1 253 2 1
164516 1 253 1 1
135779 0 253 5 1
156178 0 253 5 3
161201 0 253 5 2
164037 0 253 5 1
362773 0 253 5 1
362774 0 253 5 1
363943 0 253 5 2
363944 0 253 5 2
363946 0 253 5 2
163135 1 254 3 1
135990 1 254 2 1
379391 1 254 1 3
161514 1 254 5 0
163137 0 254 5 1
163138 0 254 5 1
163937 1 255 2 1
162728 1 255 2 1
134531 1 255 2 1
53811 1 255 1 3
134534 0 255 5 1
162726 0 255 5 1
163935 0 255 5 1
163936 0 255 5 1
163939 0 255 5 1
164078 0 255 5 1
360026 1 256 3 3
176986 1 256 3 3
163102 1 256 3 2
151967 1 256 3 2
379387 1 256 2 3
162872 1 256 2 3
135210 1 256 2 3
163103 1 256 1 3
135208 0 256 5 3
162870 0 256 5 3
162871 0 256 5 3
162873 0 256 5 3
176987 0 256 5 3
360023 0 256 5 3
360024 0 256 5 3
379384 0 256 5 3
379385 0 256 5 3
379386 0 256 5 3
379864 1 257 3 3
164230 1 257 3 1
164173 1 257 3 2
163506 1 257 3 1
135862 1 257 2 3
135863 0 257 5 3
163509 0 257 5 1
164171 0 257 5 2
164231 0 257 5 1
360022 1 258 3 1
75668 1 258 2 3
75669 0 258 5 3
360025 0 258 5 1
495385 1 259 3 3
363976 1 259 3 1
163563 0 259 6 3
134833 1 259 2 1
163562 0 259 5 1
163564 0 259 5 1
363977 0 259 5 1
134653 1 260 4 2
164174 1 260 3 3
163561 0 260 5 3
163562 0 260 5 3
164173 0 260 5 3
136178 1 261 3 0
135313 1 261 2 3
364236 1 262 3 1
135538 1 262 3 1
360024 1 262 2 1
360023 1 262 2 1
136179 1 262 5 0
360026 0 262 5 1
360027 0 262 5 1
364235 0 262 5 1
364237 0 262 5 1
134992 1 263 3 0
135879 1 263 2 1
135031 1 263 2 1
134650 1 263 2 0
135877 0 263 5 1
135348 1 264 3 3
363977 1 264 1 3
134652 1 264 5 0
134995 1 264 5 0
135349 0 264 5 3
135350 0 264 5 3
135880 0 264 5 1
135882 0 264 5 1
164094 1 265 3 1
163277 1 265 3 1
134897 1 265 2 1
134790 1 265 2 4
135346 1 265 1 2
134789 0 265 5 4
134898 0 265 5 1
134901 0 265 5 1
278117 1 266 3 1
135034 1 266 3 3
363978 1 266 2 3
363882 1 266 2 1
363724 1 266 2 3
134933 1 266 2 1
134913 0 266 5 3
134914 0 266 5 3
134915 0 266 5 3
135031 0 266 5 3
135033 0 266 5 3
164095 1 266 5 1
363884 0 266 5 1
363885 0 266 5 1
135441 1 267 4 1
363562 1 267 3 1
278154 1 267 3 1
278116 1 267 5 1
135593 1 267 3 0
135442 1 267 6 1
278797 1 267 1 1
136181 1 267 1 3
135003 1 267 1 1
134935 1 267 5 1
134937 1 267 5 1
135004 0 267 5 1
278118 1 267 5 1
278120 1 267 5 1
278798 0 267 5 1
363564 0 267 5 1
163654 1 268 3 1
164093 1 268 2 0
136241 1 268 2 0
135881 1 268 2 3
163604 1 268 1 1
135594 1 268 5 0
136246 0 268 5 0
164094 0 268 5 0
164097 0 268 5 0
164098 0 268 5 0
278116 0 268 5 1
135488 1 269 4 1
363883 1 269 3 1
135835 1 269 3 1
135708 1 269 3 2
134892 0 269 6 1
134664 1 269 2 2
134894 0 269 5 1
163656 1 269 5 1
246570 1 270 3 3
164308 1 270 3 0
135066 1 270 3 1
488753 1 270 2 3
134895 0 270 5 1
135489 1 270 5 1
163860 1 271 2 1
326169 1 271 1 3
135064 1 271 5 1
135069 1 271 5 1
163861 0 271 5 1
164309 1 271 5 0
164313 1 271 5 0
164314 1 271 5 0
326168 0 271 5 3
135468 0 272 8 3
134909 1 272 3 1
135025 1 272 2 1
46369 1 272 2 3
46367 0 272 5 3
46368 0 272 5 3
134908 0 272 5 1
279230 1 273 2 3
164311 1 273 2 1
136155 1 273 2 1
135479 1 273 2 1
135023 1 273 5 1
135026 1 273 5 1
135027 1 273 5 1
135466 1 273 5 3
136156 0 273 5 1
279231 0 273 5 3
135698 1 274 4 1
278887 1 274 3 1
134918 1 274 3 2
367641 1 274 2 3
124910 1 274 2 2
91385 1 274 1 2
134913 0 274 5 2
135478 1 274 5 1
135480 1 274 5 1
135481 1 274 5 1
278884 0 274 5 1
135467 1 275 3 3
135080 1 275 3 4
135325 1 275 2 1
135028 1 275 2 3
135791 1 275 1 2
135025 0 275 5 3
135328 0 275 5 1
135790 0 275 5 2
135792 0 275 5 2
135364 1 276 3 1
135361 1 276 3 1
135125 1 276 3 1
135067 1 276 3 1
135450 1 276 2 1
134602 1 276 2 1
134603 0 276 5 1
134604 0 276 5 1
135065 0 276 5 1
135070 0 276 7 1
135366 0 276 5 1
135455 1 277 3 3
136245 1 277 1 2
135855 1 277 1 1
135129 1 277 5 1
135451 1 277 5 1
135452 1 277 5 1
136244 0 277 5 2
136246 0 277 5 2
367638 1 278 3 2
367639 1 278 1 3
164317 1 278 1 3
136272 1 278 1 1
135065 0 278 5 3
367636 0 278 5 2
367637 0 278 5 3
278883 1 279 3 0
224169 1 279 2 3
182048 1 279 2 2
136247 1 279 2 3
135699 1 279 2 3
136244 0 279 5 3
224168 0 279 5 3
278884 0 279 5 0
278885 0 279 5 0
278888 0 279 5 0
332287 1 280 3 3
204179 1 280 3 3
134810 1 280 3 1
135374 1 280 2 3
134884 1 280 1 2
134813 0 280 5 1
332288 0 280 5 3
135535 1 281 3 3
135793 1 281 2 3
135622 1 281 2 1
164008 1 281 1 3
135620 0 281 5 1
135790 0 281 5 3
164007 0 281 5 3
156022 1 282 2 3
134642 1 282 2 1
134643 0 282 5 1
134644 0 282 5 1
134884 0 282 5 3
156021 0 282 5 3
135546 1 283 4 1
136217 1 284 4 1
135818 1 284 3 1
246818 1 284 2 3
135547 1 284 5 1
135819 0 284 5 1
134745 1 285 2 2
134555 1 285 2 1
134744 0 285 5 2
136218 1 285 5 1
136219 1 285 5 1
134670 1 287 3 4
135544 1 287 2 1
134556 1 287 2 1
134669 0 287 5 4
135546 0 287 5 1
135547 0 287 5 1
135548 0 287 5 1
136026 1 288 2 1
134554 1 288 2 3
63986 1 288 2 3
134558 1 288 1 3
63983 0 288 5 3
134551 0 288 5 3
134552 0 288 5 3
134553 0 288 5 3
134557 0 288 5 3
136025 0 288 5 1
418681 1 289 2 4
436313 1 289 1 3
135960 1 289 1 1
135959 0 289 5 1
135962 0 289 5 1
418682 0 289 5 4
135561 1 290 2 3
134747 1 291 2 3
63987 1 291 2 3
63984 0 291 5 3
136027 1 292 3 1
135958 0 292 5 1
135962 0 292 5 1
136028 0 292 5 1
339006 1 293 3 3
546648 1 293 2 3
350624 1 293 2 2
135633 1 293 2 1
135635 0 293 5 1
350622 0 293 5 2
350625 0 293 5 2
539565 1 294 2 3
134750 1 294 2 1
134752 0 294 5 1
539566 0 294 5 3
362036 1 295 3 2
135812 1 295 3 1
135810 0 295 5 1
134850 1 296 4 4
362035 1 296 5 2
136249 1 299 3 1
135715 1 299 2 1
135714 0 299 5 1
135717 0 299 5 1
135288 1 300 2 4
136248 1 300 5 1
136250 1 300 5 1
136251 1 300 5 1
134710 1 301 4 1
351623 1 301 2 1
135886 1 301 2 1
135888 0 301 5 1
351622 0 301 5 1
351624 0 301 5 1
351625 0 301 5 1
351626 0 301 5 1
134709 1 302 5 1
134712 1 302 5 1
136252 0 302 5 2
351624 0 302 5 3
135285 1 303 2 3
135281 0 303 5 3
135284 0 303 5 3
351625 0 303 5 2
273885 1 304 2 3
273883 0 304 5 3
273134 1 306 4 1
236428 1 306 3 3
273136 1 307 5 1
273137 1 307 5 1
248921 1 310 3 3
304716 0 311 5 2
304718 0 311 5 2
304719 0 311 5 2
304720 0 311 5 2
304722 0 311 5 2
273137 1 312 2 3
304716 1 316 2 1
304718 1 317 2 1
304721 0 317 5 1
