147623 0 3 5 3
147626 0 3 5 3
478643 0 3 5 1
478645 0 3 5 1
277066 0 4 5 4
457048 0 4 5 3
34701 1 6 5 1
333113 0 6 5 1
478644 1 6 5 1
478646 1 6 5 1
477443 1 7 5 1
477444 1 7 5 1
33515 0 8 5 1
537682 0 9 5 1
34698 0 10 5 3
34701 0 10 5 3
333433 0 10 5 1
539018 0 10 5 1
550300 0 10 5 3
263972 0 11 5 2
263973 0 11 5 2
263978 0 11 5 2
478738 0 11 5 1
478741 0 11 5 1
34409 1 12 5 1
34410 1 12 5 1
34412 1 12 5 1
34594 0 12 5 1
34595 0 12 5 1
331824 0 12 5 1
478141 0 12 5 0
331819 0 13 5 3
331820 0 13 5 3
331823 0 13 5 3
331825 0 13 5 3
539016 0 13 5 3
537680 0 15 5 1
34602 0 16 5 1
34603 0 16 5 1
34654 0 16 5 1
263977 0 16 5 1
263978 0 16 5 1
333436 0 16 5 1
429659 0 16 5 2
429661 0 16 5 2
34786 0 17 5 3
34790 0 17 5 3
331821 0 17 5 1
333431 1 17 5 1
537635 1 17 5 1
331788 0 18 5 3
34785 0 19 5 1
34788 0 19 5 1
551625 0 19 5 1
33561 1 20 5 1
332308 0 20 5 1
333435 0 20 5 3
333437 0 20 5 3
550837 0 20 5 1
34655 0 21 5 1
97456 0 21 5 3
332202 0 21 5 1
332204 0 21 5 1
333378 0 21 5 1
482090 0 21 5 3
537633 0 21 5 3
550749 0 21 5 3
551550 0 21 5 1
34785 0 22 5 1
34790 0 22 5 1
34950 0 22 5 3
294610 1 22 5 3
333436 0 22 5 1
333438 0 22 5 1
482091 0 22 5 3
332009 0 23 5 1
332123 0 23 5 3
332078 0 24 5 1
332423 0 24 5 1
332680 0 24 5 1
434560 0 24 5 3
434561 0 24 5 3
434562 0 24 5 3
551626 0 24 5 1
33647 1 25 5 1
332423 0 25 5 1
332420 0 25 5 3
480119 1 25 5 1
34954 0 26 5 1
89867 0 26 5 3
89869 0 26 5 3
483002 0 26 5 3
550294 0 26 5 3
550296 0 26 5 3
551270 1 26 5 3
551272 1 26 5 3
551276 1 26 5 1
331808 0 27 5 1
331939 0 27 5 1
331998 0 27 5 1
480291 0 27 5 1
550860 0 27 5 2
550861 0 27 5 2
33592 1 28 5 1
33594 1 28 5 1
34692 0 28 5 1
331996 0 28 5 1
331998 0 28 5 1
332105 0 28 5 2
480120 1 28 5 0
480119 0 28 5 2
480121 0 28 5 2
480122 0 28 5 2
551751 0 28 5 3
551753 0 28 5 3
34289 0 29 5 1
97461 1 29 5 1
97462 1 29 5 1
331726 0 29 5 1
331727 0 29 5 1
332573 0 29 5 1
551728 1 29 5 1
97543 1 30 5 1
480919 0 30 5 0
551010 0 30 5 1
551013 0 30 5 1
33593 1 31 5 2
331994 0 31 5 3
332205 0 31 5 2
332991 0 31 5 3
480297 0 31 5 1
550205 1 31 5 1
550207 1 31 5 1
332034 0 32 5 1
333210 0 32 5 1
333211 0 32 5 1
480126 0 32 5 0
480915 0 32 5 1
331889 1 33 5 1
332531 0 33 5 2
332533 0 33 5 2
33527 0 34 5 3
186344 0 34 5 3
479529 0 34 5 0
479559 0 34 5 0
480291 0 34 5 3
480294 0 34 5 3
480296 0 34 5 3
550447 1 34 5 1
551010 0 34 5 1
284452 0 35 5 3
332482 0 35 5 2
333095 0 35 5 4
550769 0 35 5 1
34688 0 36 5 3
35151 0 36 5 1
35152 0 36 5 1
332999 0 36 5 3
333000 0 36 5 3
550592 0 36 5 3
551014 0 36 5 3
332532 0 37 5 2
332991 0 37 5 3
332992 0 37 5 3
551047 1 37 5 1
551175 1 37 5 1
551045 0 38 5 1
551049 0 38 5 1
550592 0 39 5 0
551046 0 39 5 1
551048 0 39 5 1
551050 0 39 5 1
551179 0 39 5 3
331870 0 40 5 1
331873 0 40 5 1
331897 0 40 5 3
550310 1 40 5 3
550752 1 40 5 1
550756 1 40 5 1
34326 0 41 5 1
34328 0 41 5 1
332993 0 41 5 1
333382 0 41 5 0
333386 0 41 5 0
479296 0 41 5 1
550872 1 41 5 3
551275 0 41 5 1
551276 0 41 5 1
551814 0 41 5 0
551818 0 41 5 0
333530 0 42 5 1
551291 0 42 5 4
33809 0 43 5 1
284594 1 43 5 1
338819 0 43 5 1
338822 0 43 5 1
550276 0 43 5 1
551564 1 43 5 1
551783 0 43 5 2
551785 0 43 5 2
551786 0 43 5 2
551788 0 43 5 2
552975 0 43 5 4
300678 0 44 5 3
332658 1 44 5 3
332992 0 44 5 1
332994 0 44 5 1
550243 0 44 5 1
550246 0 44 5 1
550247 0 44 5 1
550248 0 44 5 1
550508 1 44 5 1
550510 1 44 5 1
34138 0 45 5 1
550162 1 45 5 0
550163 1 45 5 0
550165 1 45 5 0
551185 0 45 5 3
551187 0 45 5 3
551189 0 45 5 3
551636 0 45 5 3
551638 0 45 5 3
551847 0 45 5 4
283502 0 46 5 1
283504 0 46 5 1
550468 0 46 5 3
284068 0 47 5 3
284591 0 47 5 2
284592 0 47 5 2
550470 0 47 5 3
550761 0 47 5 1
550763 0 47 5 1
550764 0 47 5 1
550792 0 47 5 1
551157 0 47 5 3
551158 0 47 5 3
551159 0 47 5 3
551160 0 47 5 3
551161 0 47 5 3
283690 1 48 5 1
283737 0 48 5 1
550273 0 49 5 1
550275 0 49 5 1
551453 0 49 5 3
223718 0 50 5 3
284321 0 50 5 1
284322 0 50 5 1
332630 0 50 5 1
550387 0 50 5 1
283454 1 51 5 1
283455 1 51 5 1
284514 0 51 5 3
333161 1 51 5 1
551318 0 51 5 1
283693 0 52 5 1
283694 0 52 5 1
333245 0 52 5 1
223712 1 54 5 1
223714 1 54 5 1
284347 1 54 5 1
284349 1 54 5 1
284350 1 54 5 1
332629 1 54 5 1
332631 1 54 5 1
333247 1 54 5 0
333248 1 54 5 0
283289 0 55 5 1
283292 0 55 5 1
283294 0 55 5 1
284153 0 55 5 3
292462 0 55 5 3
333423 0 55 5 1
333426 0 55 5 1
333427 0 55 5 1
283451 0 56 5 3
283455 0 56 5 3
283615 0 56 5 1
283617 0 56 5 1
283620 0 56 5 1
284120 1 56 5 1
284121 1 56 5 1
284123 1 56 5 1
284124 1 56 5 1
284157 0 56 5 1
284158 0 56 5 1
283291 0 57 5 3
283292 0 57 5 3
283692 0 57 5 3
283693 0 57 5 3
284279 1 57 5 1
332493 0 57 5 3
332497 0 57 5 3
550787 0 57 5 1
551218 0 57 5 1
551220 0 57 5 1
551222 0 57 5 1
283615 1 58 5 1
284036 1 58 5 1
283631 0 59 5 1
284046 0 59 5 1
284047 0 59 5 1
332104 0 59 5 1
550493 0 59 5 3
550494 0 59 5 3
283106 0 60 5 1
283634 0 60 5 1
284343 0 60 5 3
155358 0 61 5 3
283079 0 61 5 1
283080 0 61 5 1
283082 0 61 5 1
283084 0 61 5 1
283085 0 61 5 1
283494 0 61 5 1
283616 0 61 5 3
283619 0 61 5 3
284355 0 61 5 1
283068 0 62 5 1
283187 1 62 5 1
283188 1 62 5 1
283568 0 62 5 1
283569 0 62 5 1
283570 0 62 5 1
283658 0 62 5 2
332103 0 62 5 0
283290 0 63 5 3
283618 0 63 5 0
283619 0 63 5 0
283685 0 63 5 1
283688 0 63 5 1
283689 0 63 5 1
283690 0 63 5 1
311425 1 63 5 0
332103 0 63 5 2
333425 0 63 5 3
283264 0 64 5 3
283266 0 64 5 3
283307 1 64 5 1
284394 1 64 5 1
284397 1 64 5 1
187127 0 65 5 3
283401 0 65 5 1
283402 0 65 5 1
283567 1 65 5 1
283570 1 65 5 1
283636 0 65 5 3
284353 0 65 5 3
283564 1 66 5 1
283566 1 66 5 1
284394 0 66 5 0
284397 0 66 5 0
223363 0 67 5 3
223364 0 67 5 3
283079 0 67 5 1
283083 0 67 5 1
283084 0 67 5 1
284434 0 67 5 1
155648 0 68 5 1
284596 0 68 5 1
225538 0 69 5 1
223996 0 70 5 1
225536 0 70 5 1
284435 0 70 5 3
284436 0 70 5 3
550584 0 70 5 1
550582 0 70 5 3
223677 0 71 5 1
72671 0 72 5 2
155225 0 72 5 1
155648 0 72 5 3
186892 0 72 5 1
187028 0 72 5 1
187030 0 72 5 1
284594 1 72 5 1
284595 1 72 5 1
284598 1 72 5 1
284597 0 72 5 3
318371 1 72 5 3
318372 1 72 5 3
318373 1 72 5 3
318375 1 72 5 3
187287 0 73 5 1
224138 0 74 5 1
224139 0 74 5 1
284359 0 74 5 1
153627 0 75 5 1
153631 0 75 5 1
187129 0 75 5 2
187132 0 75 5 2
225244 1 75 5 1
224139 0 76 5 4
224141 0 76 5 4
224142 0 76 5 4
284199 0 76 5 2
284195 0 76 5 3
284196 0 76 5 3
284199 0 76 5 3
284283 0 76 5 1
284284 0 76 5 1
284286 0 76 5 1
185609 0 77 5 1
187027 0 77 5 3
223620 0 77 5 1
223873 0 77 5 0
224850 0 77 5 1
224852 0 77 5 1
383070 0 77 5 3
187289 0 78 5 3
223806 0 78 5 1
224139 0 78 5 1
224140 0 78 5 1
224142 0 78 5 1
296502 0 78 5 1
439830 0 78 5 1
554088 0 78 5 3
554090 0 78 5 3
185868 0 79 5 1
187028 0 79 5 0
210717 0 79 5 3
224416 0 79 5 1
223748 0 80 5 1
223731 0 81 5 1
223733 0 81 5 1
223862 1 81 5 0
534993 0 81 5 3
534995 0 81 5 3
185588 0 83 5 1
185780 0 83 5 1
186498 1 83 5 3
223806 0 83 5 3
223807 0 83 5 3
561273 0 83 5 2
64738 0 85 5 3
155632 0 85 5 2
185566 0 85 5 1
185874 0 85 5 1
186016 0 85 5 0
186017 0 85 5 0
186710 0 85 5 1
263237 0 85 5 3
439431 0 85 5 1
185767 1 86 5 1
185770 1 86 5 1
185771 1 86 5 1
185989 1 86 5 1
185991 1 86 5 1
185992 1 86 5 1
186634 0 86 5 3
261665 0 86 5 3
261666 0 86 5 3
185654 0 87 5 1
185657 0 87 5 1
185658 0 87 5 1
185749 0 87 5 1
185750 0 87 5 1
186919 0 87 5 1
438227 0 87 5 2
439328 0 87 5 1
185465 0 88 5 1
185466 0 88 5 1
186918 0 88 5 1
186921 0 88 5 1
186918 0 88 5 1
185656 0 89 5 1
185657 0 89 5 1
185658 0 89 5 1
186017 0 89 5 3
187043 0 89 5 3
221079 0 89 5 2
533725 0 89 5 1
533728 0 89 5 1
533730 0 89 5 1
185565 0 90 5 3
186818 0 91 5 1
535328 0 91 5 1
42980 0 92 5 3
185989 0 92 5 3
185991 0 92 5 3
228642 0 92 5 1
534928 0 93 5 1
534930 0 93 5 1
534932 0 93 5 1
101779 0 94 5 1
187169 0 94 5 1
439648 0 94 5 1
533747 0 94 5 3
534051 1 94 5 1
534372 0 94 5 1
535329 0 94 5 3
228074 1 95 5 1
228076 1 95 5 1
290295 0 95 5 3
290296 0 95 5 3
533828 0 95 5 1
185887 0 96 5 1
187074 0 96 5 1
438528 1 96 5 3
438664 0 96 5 1
439617 1 96 5 1
534026 0 96 5 1
534028 0 96 5 1
534424 0 96 5 1
535329 0 96 5 1
535330 0 96 5 1
535415 0 96 5 3
100065 0 97 5 4
186021 0 97 5 1
186619 1 97 5 3
228892 0 97 5 2
228895 0 97 5 2
354403 1 97 5 2
409367 0 97 5 4
534049 0 97 5 1
534932 1 97 5 0
535334 0 97 5 0
101773 0 98 5 1
101775 0 98 5 1
186704 0 98 5 1
354398 0 98 5 3
354399 0 98 5 3
354401 0 98 5 3
186696 1 99 5 2
533610 0 99 5 1
533613 0 99 5 1
533614 0 99 5 1
534956 0 99 5 1
186366 0 100 5 1
186968 0 100 5 1
186970 0 100 5 1
194852 0 100 5 2
440084 0 100 5 1
535174 0 100 5 3
535177 0 100 5 3
185883 0 101 5 3
185884 0 101 5 3
186334 0 101 5 1
533847 1 101 5 1
533929 0 101 5 1
185881 0 102 5 3
186093 0 102 5 3
186094 0 102 5 3
531827 1 102 5 3
531828 1 102 5 3
533615 0 102 5 0
52425 0 103 5 2
165315 0 103 5 3
165318 0 103 5 3
439712 0 103 5 3
500228 1 103 5 2
534957 0 103 5 3
535097 0 103 5 1
535100 0 103 5 1
535101 0 103 5 1
535102 0 103 5 1
535103 0 103 5 1
14423 1 104 5 3
187169 0 104 5 3
187170 0 104 5 3
438723 0 104 5 3
534952 1 104 5 1
535139 0 104 5 1
101773 0 105 5 3
439071 1 105 5 1
439073 1 105 5 1
534727 0 105 5 1
185890 0 106 5 3
185893 0 106 5 3
194113 1 106 5 4
278089 0 106 5 2
438403 0 106 5 1
439776 0 106 5 1
533933 1 106 5 3
439710 0 107 5 3
533930 0 107 5 3
534528 0 107 5 4
534529 0 107 5 4
534530 0 107 5 4
186681 0 108 5 3
213627 0 108 5 3
213628 0 108 5 3
438124 0 108 5 2
438125 0 108 5 2
534726 0 108 5 1
185975 0 109 5 1
185980 0 109 5 1
186267 0 109 5 1
296081 1 109 5 3
296083 1 109 5 3
534457 0 109 5 1
534458 0 109 5 1
534460 0 109 5 1
534461 0 109 5 1
185977 0 110 5 1
185978 0 110 5 1
185980 0 110 5 1
186545 0 110 5 1
438828 0 110 5 3
534437 0 110 5 0
202386 0 111 5 2
202388 0 111 5 2
438559 0 111 5 1
439493 1 111 5 1
439497 1 111 5 1
533544 1 111 5 1
533714 0 111 5 3
533756 0 111 5 1
533759 0 111 5 1
534081 1 111 5 1
534464 0 111 5 1
535052 0 111 5 3
186544 1 112 5 0
186545 1 112 5 0
187162 0 112 5 1
439164 0 112 5 3
439165 0 112 5 3
534679 0 112 5 1
26224 0 113 5 3
26226 0 113 5 3
162632 0 113 5 2
185869 0 113 5 3
187012 0 113 5 3
202387 0 113 5 3
438157 0 113 5 3
534072 0 113 5 0
186679 1 114 5 0
186680 1 114 5 0
186681 1 114 5 0
187000 1 114 5 1
534628 0 114 5 1
534918 1 114 5 1
535043 0 114 5 3
185571 0 115 5 3
185574 0 115 5 3
187012 0 115 5 0
187231 0 115 5 1
187233 0 115 5 1
439494 0 115 5 3
439497 0 115 5 3
533656 1 115 5 1
533658 1 115 5 1
186785 1 116 5 1
186788 1 116 5 1
186783 0 116 5 3
186785 0 116 5 3
186787 0 116 5 3
187009 0 116 5 3
246393 0 116 5 3
246394 0 116 5 3
272036 0 116 5 0
438457 0 116 5 1
533727 0 116 5 1
534780 0 116 5 1
534781 0 116 5 1
534137 0 117 5 3
534561 1 117 5 1
185801 0 118 5 3
187147 1 118 5 0
246393 0 118 5 3
273108 1 118 5 1
273352 0 118 5 1
273353 0 118 5 1
273354 0 118 5 1
438556 0 118 5 1
438559 0 118 5 1
439930 0 118 5 2
460630 0 118 5 3
533915 0 118 5 1
534612 0 118 5 3
534613 0 118 5 3
11267 1 119 5 3
186600 0 119 5 4
317575 0 119 5 1
359073 0 119 5 1
361651 0 119 5 2
361654 0 119 5 2
533425 1 119 5 1
533426 1 119 5 1
534780 1 119 5 3
535404 1 119 5 3
535405 1 119 5 3
535406 1 119 5 3
36696 0 120 5 3
185801 0 120 5 3
186125 0 121 5 1
186127 0 121 5 1
361651 0 121 5 2
361655 0 121 5 2
534138 1 121 5 1
124224 0 122 5 3
187018 0 122 5 1
187147 1 122 5 0
530643 0 122 5 3
534703 1 122 5 1
186120 0 123 5 3
358898 0 123 5 1
358899 0 123 5 1
535830 0 123 5 3
535832 0 123 5 3
186172 0 124 5 1
186174 0 124 5 1
509435 0 124 5 2
534703 0 124 5 1
102267 1 126 5 3
245894 0 126 5 3
272178 0 126 5 3
357473 0 126 5 3
536588 0 126 5 1
187017 0 127 5 3
187019 0 127 5 3
187016 0 127 5 3
187017 0 127 5 3
262457 0 127 5 2
262460 0 127 5 2
311250 0 127 5 1
534797 0 127 5 1
46837 0 128 5 2
535830 0 128 5 1
535832 0 128 5 1
533976 0 129 5 1
76354 1 130 5 3
76355 1 130 5 3
187145 0 130 5 2
309920 0 130 5 1
123995 0 131 5 3
311680 0 131 5 1
311683 0 131 5 1
534794 0 131 5 1
534795 0 131 5 3
534132 0 132 5 1
533971 0 133 5 2
533974 0 133 5 1
533975 0 133 5 1
534216 0 133 5 1
534219 0 133 5 1
534797 0 133 5 1
443223 0 134 5 3
443225 0 134 5 3
291999 0 135 5 3
292000 0 135 5 3
310484 1 135 5 1
443226 0 135 5 1
534216 0 135 5 3
331500 0 136 5 3
443198 0 136 5 1
443199 0 136 5 1
309850 0 138 5 3
309852 0 138 5 3
533930 0 140 5 1
533933 0 140 5 1
533904 0 143 5 1
533908 0 143 5 1
548230 0 143 5 2
210319 0 145 5 3
310296 0 152 5 3
310298 0 152 5 3
311463 0 152 5 1
311464 0 152 5 1
547476 0 152 5 1
547477 0 152 5 1
547478 0 152 5 1
547474 0 153 5 1
311461 1 154 5 1
547478 0 155 5 1
547479 0 155 5 1
548159 0 155 5 0
548160 0 155 5 0
310413 0 156 5 3
548144 0 157 5 3
548261 0 157 5 1
74869 0 158 5 3
547476 0 158 5 3
547477 0 158 5 3
547479 0 158 5 3
547480 0 158 5 3
547718 0 160 5 1
452230 0 161 5 3
546773 0 161 5 1
548165 0 162 5 3
548166 0 162 5 3
548165 0 163 5 0
548169 0 163 5 1
548170 0 163 5 1
548172 0 163 5 1
348614 0 164 5 3
348617 0 164 5 3
546998 0 164 5 1
546902 0 165 5 1
547238 0 166 5 1
547239 0 166 5 1
547828 0 167 5 1
548175 0 167 5 3
548177 0 167 5 3
548207 0 167 5 3
548208 0 167 5 3
238130 0 169 5 1
238132 0 169 5 1
546725 0 170 5 1
546727 0 170 5 1
546868 0 170 5 1
546975 0 170 5 4
547047 1 170 5 1
547050 1 170 5 1
547051 1 170 5 1
547090 0 170 5 1
547946 1 170 5 1
547949 1 170 5 1
546472 0 171 5 1
547243 0 171 5 1
546568 0 173 5 3
546726 0 173 5 0
546727 0 173 5 3
547781 0 173 5 1
546668 0 174 5 3
546671 0 174 5 3
546582 0 175 5 1
546584 0 175 5 1
547243 0 175 5 3
547777 0 175 5 3
546426 0 176 5 2
546427 0 176 5 2
548169 0 176 5 3
548170 0 176 5 3
436196 0 177 5 1
547047 0 177 5 3
547795 0 177 5 3
547675 0 178 5 3
386302 0 179 5 3
386303 0 179 5 3
386304 0 179 5 3
386305 0 179 5 3
386308 0 179 5 3
436214 0 179 5 3
547544 0 179 5 3
547968 0 179 5 0
547970 0 179 5 0
548113 0 179 5 0
548115 0 179 5 0
546583 0 180 5 3
547033 0 180 5 2
548112 0 180 5 1
548116 0 180 5 1
547570 1 181 5 2
548126 0 181 5 1
548131 0 181 5 1
548077 0 182 5 3
546986 0 183 5 1
546988 0 183 5 1
546989 0 183 5 1
547967 0 183 5 3
547968 0 183 5 3
547969 0 183 5 3
547972 0 183 5 3
548129 0 183 5 1
546455 0 184 5 3
546986 0 184 5 1
547763 0 184 5 1
435661 1 185 5 3
429496 0 186 5 3
429498 0 186 5 3
546884 0 186 5 1
546887 0 186 5 1
548162 0 186 5 1
484526 0 187 5 3
484527 0 187 5 3
546455 0 187 5 3
546456 0 187 5 3
196286 1 188 5 3
196287 1 188 5 3
547408 0 188 5 1
547794 0 188 5 1
547795 0 188 5 1
547941 0 189 5 2
547944 0 189 5 2
546959 1 190 5 4
493749 0 191 5 3
547632 0 191 5 1
547748 1 191 5 1
547819 0 191 5 1
484525 0 192 5 2
484526 0 192 5 2
484529 0 192 5 2
547743 0 192 5 2
547745 0 192 5 2
548072 0 192 5 3
548073 0 192 5 3
547374 0 195 5 3
547375 0 195 5 3
548268 0 195 5 1
548269 0 195 5 1
548138 0 196 5 3
546934 0 197 5 1
547372 0 197 5 3
547374 0 197 5 3
149970 0 198 5 2
489072 0 199 5 3
547533 0 200 5 1
547535 0 200 5 1
191229 0 201 5 0
191230 0 201 5 0
547588 0 201 5 3
191237 0 203 5 0
191238 0 203 5 0
191240 0 203 5 0
125022 0 204 5 3
546935 0 204 5 1
546936 0 204 5 1
546937 0 204 5 1
546939 0 204 5 1
546940 0 204 5 1
547589 1 205 5 3
191237 0 207 5 1
191239 0 207 5 1
191241 0 207 5 1
546566 0 207 5 1
546567 0 207 5 1
548046 0 207 5 1
125997 0 208 5 3
127113 1 208 5 3
546936 0 208 5 1
334790 0 209 5 3
334792 0 209 5 3
443117 0 209 5 3
547859 0 209 5 1
99532 0 211 5 3
191236 0 211 5 1
191240 0 211 5 1
548004 0 211 5 1
443118 1 212 5 1
443119 1 212 5 1
443114 1 213 5 1
548043 0 214 5 1
127647 0 215 5 1
127649 0 215 5 1
416870 0 216 5 3
416872 0 216 5 3
99532 0 217 5 1
99536 0 217 5 1
100490 0 218 5 1
100493 0 218 5 1
128804 0 218 5 1
314771 0 218 5 3
101256 0 219 5 1
443154 1 219 5 1
127500 0 220 5 1
100490 1 221 5 1
100492 1 221 5 1
464543 0 221 5 3
464544 0 221 5 3
100297 0 222 5 1
127312 0 222 5 0
127313 0 222 5 0
443153 1 222 5 1
101088 0 223 5 1
101089 0 223 5 1
314771 0 223 5 1
100353 0 224 5 1
128805 0 224 5 1
128807 0 224 5 1
128809 0 224 5 1
315818 1 224 5 3
315819 1 224 5 3
100326 0 225 5 3
100327 0 225 5 3
128809 0 225 5 1
128805 0 225 5 3
100651 0 226 5 1
100653 0 226 5 1
127174 0 227 5 1
127176 0 227 5 1
314772 0 227 5 1
314774 0 227 5 1
128155 0 229 5 1
128569 1 229 5 0
128597 0 229 5 1
128571 0 233 5 1
128572 0 233 5 1
126965 1 239 5 1
127526 0 239 5 1
127528 0 239 5 1
128221 0 239 5 1
128221 0 240 5 1
128217 1 242 5 1
101362 0 243 5 1
101367 0 243 5 1
128086 0 244 5 1
127524 0 245 5 1
128214 1 245 5 3
128215 1 245 5 3
101510 0 246 5 1
101511 0 246 5 1
128670 0 246 5 0
101383 0 247 5 1
101384 0 247 5 1
101385 0 247 5 1
101388 0 247 5 1
127876 0 248 5 3
127879 0 248 5 3
128674 0 248 5 1
128675 0 248 5 1
99699 1 249 5 1
99701 1 249 5 1
99703 1 249 5 1
101512 0 249 5 1
127134 0 249 5 1
99547 1 251 5 1
99549 1 251 5 1
101518 1 252 5 1
101520 1 252 5 1
127020 1 252 5 1
127021 1 252 5 1
99700 0 253 5 1
99702 0 253 5 1
99703 0 253 5 1
126955 0 253 5 1
127132 0 253 5 2
127135 0 253 5 2
128132 0 253 5 1
127415 0 254 5 3
127416 0 254 5 3
128341 0 254 5 1
128344 0 254 5 1
128345 0 254 5 1
101517 0 255 5 3
101518 0 255 5 3
101630 0 255 5 1
214554 0 255 5 3
214555 0 255 5 3
127126 0 256 5 1
127127 0 256 5 1
128340 0 256 5 3
128344 0 256 5 3
125645 0 257 5 3
32936 1 258 5 3
127306 1 258 5 1
101516 1 259 5 1
101518 1 259 5 1
127654 0 259 5 3
128342 1 259 5 1
128343 1 259 5 1
128357 0 259 5 3
101347 1 260 5 1
127508 0 260 5 1
127509 0 260 5 1
100338 0 261 5 1
100340 0 261 5 1
100341 0 261 5 1
127463 0 261 5 1
127464 0 261 5 1
128444 0 261 5 1
100213 1 262 5 1
126900 0 262 5 3
128347 0 262 5 1
128348 0 262 5 1
128351 0 262 5 1
99679 0 264 5 1
99681 0 264 5 1
99876 0 264 5 3
100397 0 264 5 1
100500 0 264 5 1
100503 0 264 5 1
101494 0 264 5 0
101495 0 264 5 0
126984 0 264 5 2
126898 0 265 5 1
126899 0 265 5 1
126927 0 265 5 1
127712 0 266 5 1
99916 0 267 5 1
99942 0 267 5 1
99943 0 269 5 0
127197 0 269 5 1
127200 0 269 5 1
128246 0 269 5 3
99558 0 270 5 1
99634 0 270 5 1
101837 1 270 5 1
101841 1 270 5 1
99369 0 271 5 1
101840 0 271 5 3
127197 0 271 5 2
127198 0 271 5 2
127199 0 271 5 2
127711 0 271 5 1
100683 1 272 5 1
101438 0 272 5 1
128006 0 272 5 3
99546 0 273 5 3
99550 0 273 5 3
99607 0 273 5 1
99611 0 273 5 1
99941 1 273 5 0
100436 1 273 5 1
127197 0 273 5 3
127199 0 273 5 3
99559 0 274 5 3
99560 0 274 5 3
100894 1 274 5 1
101230 0 274 5 1
101434 1 274 5 1
101438 1 274 5 1
99954 0 275 5 1
100480 0 275 5 1
100481 0 275 5 1
101840 0 275 5 1
126921 0 275 5 1
127709 0 275 5 3
127710 0 275 5 3
100855 0 276 5 3
100952 0 276 5 1
100386 1 277 5 1
100773 1 277 5 1
100895 0 277 5 1
101266 0 277 5 1
101881 0 277 5 1
101884 0 277 5 1
100478 0 279 5 3
100944 1 279 5 0
100947 1 279 5 0
100948 1 279 5 0
101435 0 279 5 3
101882 0 279 5 2
101883 0 279 5 2
100215 0 280 5 1
100216 0 280 5 1
101686 0 280 5 1
101687 0 280 5 1
101688 0 280 5 1
100480 0 281 5 1
100946 0 281 5 0
100953 1 281 5 1
100956 1 281 5 1
150485 0 281 5 3
150487 0 281 5 3
99957 1 282 5 1
100834 0 282 5 0
101536 0 282 5 1
101537 0 282 5 1
99566 0 283 5 1
99725 0 283 5 1
99742 0 283 5 1
99745 0 283 5 1
100430 0 283 5 1
101240 0 283 5 1
101242 0 283 5 1
101769 0 283 5 1
101036 0 285 5 1
101535 0 285 5 1
101311 0 286 5 1
101314 0 286 5 1
101534 0 287 5 3
101538 0 287 5 3
101240 0 288 5 3
99886 1 289 5 1
101314 0 289 5 1
99546 0 290 5 1
99629 0 290 5 1
99630 0 290 5 1
99985 0 291 5 1
99986 0 291 5 1
99988 0 291 5 1
100394 0 292 5 3
101319 1 292 5 3
481478 0 292 5 1
481481 0 292 5 1
481978 0 292 5 1
481494 1 293 5 1
481495 1 293 5 1
481497 1 293 5 1
481498 1 293 5 1
100394 0 294 5 3
100817 0 295 5 3
100818 0 295 5 3
481479 0 295 5 1
481480 0 295 5 1
481959 0 295 5 2
481650 0 296 5 2
481655 0 296 5 2
481989 1 297 5 1
481990 1 297 5 1
482550 0 297 5 1
99815 0 299 5 1
99816 0 299 5 1
100622 0 300 5 1
100624 0 300 5 1
481467 0 300 5 3
481205 1 302 5 1
481651 0 302 5 0
481653 0 302 5 0
481654 0 302 5 0
400273 0 303 5 3
101615 1 304 5 1
101617 1 304 5 1
101619 1 304 5 1
482081 0 304 5 1
480970 0 305 5 3
481900 0 305 5 3
481901 0 305 5 3
481902 0 305 5 3
481987 0 305 5 1
481447 1 306 5 0
482302 0 306 5 1
482303 0 306 5 1
222531 0 308 5 3
481446 1 308 5 1
481465 0 308 5 2
482102 0 309 5 1
482287 0 309 5 1
482291 0 309 5 1
481471 0 312 5 4
481521 0 312 5 3
482287 0 312 5 3
481021 1 314 5 1
482098 1 314 5 1
482099 1 314 5 1
482451 0 315 5 1
481426 1 319 5 0
482237 0 321 5 0
482238 0 321 5 0
482529 0 321 5 1
482532 0 321 5 1
482239 0 326 5 1
462596 0 336 5 3
462597 1 339 5 1
462599 1 339 5 1
493830 0 339 5 3
