12988 0 6 6 2 1
34722 0 6 6 3 0
34858 0 6 6 1 0
147625 1 4 6 3 0
155651 0 6 6 4 1
156528 0 6 6 2 1
228408 0 6 6 3 0
229070 1 3 6 3 0
261085 0 6 6 3 0
277067 1 3 6 4 1
317846 1 3 6 4 0
332366 0 6 6 4 0
332881 0 6 6 1 1
411869 0 6 6 3 0
457051 1 3 6 3 0
478644 1 4 6 1 0
511136 0 6 6 3 0
517124 0 6 6 3 0
538537 0 6 6 1 0
557883 0 6 6 3 0
332880 0 6 8 1 0
333111 1 3 8 1 0
34532 0 6 9 1 0
34698 1 5 9 1 0
179242 1 2 9 2 0
229067 1 3 9 2 0
477537 1 2 9 1 0
478643 1 5 9 1 0
478738 1 4 9 1 0
11985 0 6 10 3 0
33516 1 3 10 1 0
34857 0 6 10 0 0
228409 0 6 10 4 0
277066 0 6 10 4 0
457050 0 6 10 3 0
457860 0 6 10 1 0
477442 1 5 10 1 0
511137 0 6 10 3 1
537636 1 3 10 1 0
34534 0 6 11 3 1
34859 0 6 11 1 0
34860 1 2 11 3 0
240201 0 6 11 3 0
539016 1 2 11 1 0
34700 1 3 12 3 0
34803 0 6 12 1 0
333429 1 3 12 1 0
457047 0 6 12 0 0
477546 1 4 12 1 0
478739 1 2 12 1 0
537680 1 4 12 1 1
538004 0 6 12 1 0
33515 0 6 13 1 0
263976 1 3 13 2 0
478139 0 6 13 1 0
550302 1 4 13 3 0
33656 0 6 14 1 0
34411 1 4 14 1 0
34535 1 4 14 3 0
34596 1 3 14 1 0
34785 1 4 14 0 0
34968 0 6 14 1 0
35059 0 6 14 1 0
331821 1 3 14 1 0
457058 0 6 14 3 0
478138 1 3 14 0 0
229065 0 6 15 1 0
263975 0 6 15 2 0
332363 0 6 15 1 0
457863 0 6 15 3 0
480300 0 6 15 3 0
539017 0 6 15 3 0
33518 1 2 16 3 1
33915 1 3 16 4 0
34978 1 2 16 4 0
275133 1 3 16 2 0
331822 1 4 16 3 1
332239 0 6 16 1 0
537637 0 6 16 1 0
538204 1 4 16 3 0
550299 1 4 16 0 0
34408 1 3 17 1 0
34787 0 6 17 1 0
332368 1 2 17 2 1
478055 1 3 17 4 1
478509 0 6 17 4 0
537631 0 6 17 1 0
550430 0 6 17 0 0
34598 0 6 18 3 0
34601 1 3 18 1 0
34653 1 3 18 1 0
34950 0 6 18 1 0
263973 1 3 18 1 0
331820 1 2 18 1 1
333420 1 2 18 1 0
333435 1 3 18 1 0
456316 1 4 18 3 0
512352 0 6 18 3 0
537679 1 4 18 1 0
538203 1 2 18 2 1
550301 0 6 18 3 1
34615 0 6 19 3 0
48712 1 3 19 3 0
144115 0 6 19 3 0
331787 0 6 19 1 0
333319 0 6 19 1 0
333430 1 4 19 1 0
429660 1 4 19 2 0
550295 0 6 19 1 0
33559 0 6 20 1 0
34655 0 6 20 1 0
34786 1 3 20 1 0
34789 1 2 20 1 0
34791 1 4 20 3 0
97456 0 6 20 3 1
263972 0 6 20 1 0
331789 1 3 20 3 1
332114 1 4 20 1 0
333169 0 6 20 1 0
537632 1 5 20 1 0
539020 0 6 20 1 0
551270 0 6 20 1 0
33731 0 6 21 1 0
34790 0 6 21 3 1
332157 0 6 21 1 0
332306 1 2 21 1 0
480296 0 6 21 3 0
537678 0 6 21 0 0
539026 0 6 21 3 0
551506 1 3 21 1 0
33560 1 4 22 1 0
34602 0 6 22 3 0
35143 0 6 22 1 0
332124 0 6 22 1 0
332716 0 6 22 1 0
333170 1 5 22 1 1
333376 1 2 22 1 0
333436 0 6 22 1 0
482091 1 2 22 3 1
537634 1 2 22 3 0
551549 1 2 22 1 0
551624 1 4 22 1 0
34654 1 3 23 1 0
34951 1 2 23 3 0
332201 1 3 23 1 0
332733 0 6 23 1 0
333438 1 4 23 3 0
550833 1 4 23 1 0
33766 0 6 24 1 0
97457 1 4 24 3 0
332126 1 2 24 3 0
333311 0 6 24 1 0
373131 1 2 24 2 0
539027 0 6 24 3 0
550189 1 3 24 3 0
550748 1 4 24 3 1
551272 1 2 24 3 0
29093 1 4 25 3 0
33647 0 6 25 1 0
34656 0 6 25 3 0
34691 0 6 25 1 0
34788 1 4 25 1 0
34952 0 6 25 3 0
34959 0 6 25 1 0
331747 1 3 25 1 0
332079 1 2 25 1 0
333434 1 4 25 1 0
482092 1 4 25 3 1
550296 1 5 25 1 1
551550 0 6 25 1 0
551750 1 4 25 1 0
551931 0 6 25 1 0
33558 0 6 26 1 0
34686 0 6 26 1 0
35145 0 6 26 3 0
97453 0 6 26 1 0
331991 1 2 26 1 0
332007 1 4 26 1 1
332110 0 6 26 1 0
332113 1 3 26 3 0
332289 1 4 26 1 0
332305 0 6 26 1 0
332422 1 3 26 1 0
332677 1 3 26 1 0
332715 0 6 26 1 0
332858 1 2 26 1 1
434563 1 3 26 3 0
480294 0 6 26 1 1
539023 0 6 26 1 0
551551 0 6 26 3 0
551623 1 3 26 1 0
33646 1 4 27 1 0
34684 0 6 27 0 0
89878 0 6 27 3 0
181128 0 6 27 3 0
326752 0 6 27 2 1
331811 1 2 27 1 0
332183 0 6 27 1 0
332537 0 6 27 1 0
333089 0 6 27 2 0
480120 1 4 27 1 1
480293 0 6 27 1 1
482090 0 6 27 0 0
550835 0 6 27 1 0
33993 0 6 28 1 0
34953 1 3 28 1 0
34991 0 6 28 1 0
89870 1 3 28 3 0
97455 0 6 28 1 0
331725 0 6 28 1 0
331994 1 2 28 1 0
332111 0 6 28 3 0
332206 1 3 28 1 0
332421 1 4 28 1 0
332423 1 4 28 3 0
332680 1 3 28 3 0
332855 1 2 28 3 0
333480 0 6 28 1 0
374159 0 6 28 3 0
374272 0 6 28 3 0
434557 1 4 28 2 0
449337 1 4 28 3 0
483004 1 3 28 3 0
550298 1 3 28 3 0
550862 1 2 28 2 0
551275 1 4 28 1 0
551710 0 6 28 4 0
33598 1 4 29 1 0
35065 0 6 29 2 1
94138 0 6 29 3 0
98613 0 6 29 1 0
132561 1 4 29 2 0
331805 1 3 29 1 0
331936 1 3 29 1 0
332109 0 6 29 0 0
332425 0 6 29 1 0
332879 0 6 29 1 0
333013 0 6 29 1 0
480121 1 4 29 1 0
480918 0 6 29 3 1
550207 0 6 29 1 0
551271 1 5 29 3 1
33590 1 4 30 1 0
34690 1 3 30 1 0
89867 0 6 30 1 0
97460 1 3 30 1 0
98449 0 6 30 1 0
99180 0 6 30 4 0
185233 0 6 30 3 0
282110 1 4 30 3 1
332106 1 3 30 2 0
332414 1 3 30 3 0
332712 0 6 30 0 0
332857 0 6 30 1 0
332859 0 6 30 1 0
480123 1 3 30 2 0
480295 1 4 30 1 0
539135 0 6 30 1 0
551193 1 4 30 3 0
551752 1 3 30 3 0
551929 0 6 30 1 0
33649 0 6 31 3 0
34288 1 3 31 1 0
34685 0 6 31 1 0
34809 0 6 31 1 0
35146 0 6 31 3 0
331724 1 3 31 1 0
331748 0 6 31 3 1
331995 1 4 31 1 0
332420 0 6 31 1 0
332570 0 6 31 1 0
332989 0 6 31 3 0
333415 1 4 31 1 0
479573 0 6 31 2 0
480119 1 5 31 0 0
480770 0 6 31 1 0
551170 0 6 31 1 0
34954 0 6 32 3 1
97461 0 6 32 3 0
97462 1 4 32 4 1
97542 1 4 32 1 0
331870 1 3 32 1 0
331960 0 6 32 1 0
332484 0 6 32 1 0
332495 0 6 32 1 0
332571 1 4 32 1 1
332607 0 6 32 1 1
332717 0 6 32 3 0
332820 0 6 32 1 0
333012 0 6 32 1 0
333383 1 3 32 1 0
333449 0 6 32 1 0
480291 0 6 32 0 0
480529 0 6 32 1 0
480915 1 3 32 0 0
550206 1 3 32 1 0
550834 0 6 32 1 0
551727 1 5 32 1 0
33592 1 4 33 2 0
259404 1 4 33 3 0
284452 0 6 33 3 0
331804 0 6 33 1 0
331996 0 6 33 1 1
331997 1 3 33 3 0
332207 1 3 33 2 0
332819 1 3 33 1 0
333483 0 6 33 1 0
333497 0 6 33 1 0
480292 1 3 33 1 0
550409 0 6 33 1 0
550836 0 6 33 3 0
551012 1 4 33 1 0
551734 0 6 33 3 0
33651 0 6 34 2 0
34683 0 6 34 0 0
34738 1 3 34 1 0
97543 0 6 34 3 1
149858 1 4 34 3 0
331891 1 3 34 1 0
332532 1 2 34 2 1
332700 0 6 34 1 0
332994 1 4 34 3 0
333212 1 3 34 1 0
333386 1 3 34 3 0
333451 0 6 34 3 0
461201 0 6 34 3 0
480122 0 6 34 2 0
480124 1 3 34 0 0
551753 0 6 34 3 1
25845 0 6 35 3 0
28456 0 6 35 3 0
35214 1 4 35 3 1
332032 1 4 35 1 0
332146 0 6 35 1 0
332161 0 6 35 1 0
332285 0 6 35 1 1
333088 0 6 35 1 0
443980 0 6 35 3 0
480297 1 2 35 3 0
480917 1 4 35 1 0
550149 0 6 35 1 0
551010 0 6 35 1 0
551039 0 6 35 1 0
33528 1 3 36 3 0
111666 1 3 36 3 0
186345 1 3 36 3 0
331732 0 6 36 1 0
332566 0 6 36 1 0
333385 1 4 36 3 0
479260 0 6 36 0 0
479528 1 3 36 0 0
479558 1 3 36 0 0
480926 0 6 36 1 0
550310 1 3 36 1 0
550770 1 2 36 1 0
551011 1 3 36 1 0
551014 0 6 36 3 0
551191 1 3 36 1 0
33526 0 6 37 1 0
34739 0 6 37 3 0
34798 1 3 37 1 0
280330 1 3 37 3 0
284450 0 6 37 1 0
284453 1 3 37 3 0
316033 0 6 37 3 0
332034 0 6 37 3 0
333001 1 2 37 3 0
333382 1 3 37 1 0
333482 0 6 37 1 1
339553 1 4 37 3 0
479863 0 6 37 0 0
480301 0 6 37 4 0
550445 1 5 37 1 0
550837 0 6 37 3 0
551457 0 6 37 4 0
34689 1 3 38 3 0
35149 1 3 38 1 0
332156 0 6 38 1 0
332483 1 4 38 2 0
332993 1 2 38 3 0
333094 1 4 38 4 1
333384 0 6 38 2 1
550594 1 3 38 3 0
551184 0 6 38 3 0
551194 0 6 38 3 0
551728 0 6 38 1 0
332531 0 6 39 0 0
332533 1 3 39 2 1
340296 0 6 39 3 0
348222 0 6 39 3 0
550354 0 6 39 1 0
551013 1 4 39 3 0
551048 1 4 39 1 0
551176 1 4 39 1 0
551350 0 6 39 1 0
34687 0 6 40 2 1
78141 0 6 40 3 0
278482 0 6 40 3 0
283803 0 6 40 1 1
332805 0 6 40 1 1
333387 1 4 40 0 0
333533 0 6 40 1 0
377754 1 2 40 2 0
479293 0 6 40 0 0
479562 1 2 40 3 0
550311 1 3 40 1 0
551046 1 3 40 1 0
551195 1 2 40 1 0
551329 1 2 40 1 0
551399 1 2 40 3 0
551816 0 6 40 1 0
33529 1 4 41 4 0
34797 0 6 41 1 0
75939 0 6 41 3 1
278488 0 6 41 4 1
307014 1 3 41 2 0
332901 0 6 41 4 0
333456 0 6 41 3 1
339551 0 6 41 1 0
441306 1 4 41 3 0
550313 0 6 41 3 0
550314 1 3 41 3 0
550591 1 3 41 0 0
551045 1 3 41 1 0
551175 0 6 41 1 0
551178 1 3 41 3 0
551783 0 6 41 1 0
34325 1 2 42 1 0
35155 1 3 42 3 0
278485 0 6 42 3 0
284072 0 6 42 1 0
331871 1 3 42 1 0
331898 1 3 42 3 0
479294 1 2 42 1 0
480095 0 6 42 0 1
550643 1 4 42 1 0
550784 0 6 42 1 0
551274 1 2 42 1 0
551402 0 6 42 3 0
551562 0 6 42 1 0
5880 0 6 43 3 0
283804 0 6 43 1 1
283805 0 6 43 1 0
283965 0 6 43 3 0
332992 1 3 43 1 0
333381 1 3 43 0 0
377762 0 6 43 4 0
550642 1 4 43 0 0
550753 1 5 43 1 0
550967 0 6 43 3 0
551172 1 2 43 1 0
551196 0 6 43 3 0
551815 1 3 43 0 0
551817 0 6 43 2 0
552270 1 4 43 3 0
332647 1 4 44 4 1
333532 1 3 44 1 0
377366 0 6 44 3 0
550320 1 3 44 3 1
550617 1 4 44 3 1
550740 0 6 44 1 0
550754 0 6 44 1 0
550873 1 5 44 3 0
551047 0 6 44 1 0
551051 0 6 44 1 0
551143 0 6 44 1 0
551158 0 6 44 1 0
551247 1 4 44 2 1
551635 1 3 44 1 0
551699 0 6 44 1 0
33807 0 6 45 1 0
202384 1 3 45 3 1
283501 0 6 45 1 0
283802 0 6 45 1 1
284068 0 6 45 0 0
284596 1 4 45 1 0
332659 0 6 45 1 0
333530 0 6 45 1 0
333643 1 5 45 2 0
338817 1 3 45 1 0
550273 1 3 45 1 0
550702 0 6 45 1 0
551173 0 6 45 3 0
551192 0 6 45 1 0
551197 1 3 45 3 0
551292 1 4 45 4 0
551559 0 6 45 1 0
551784 1 3 45 2 1
552974 1 3 45 4 1
33808 1 4 46 1 0
284621 0 6 46 1 0
300677 1 3 46 3 0
332660 1 4 46 3 0
332900 1 3 46 3 0
332991 1 3 46 1 0
333198 0 6 46 3 0
479631 0 6 46 3 0
490768 0 6 46 2 0
550164 0 6 46 1 0
550468 1 4 46 3 0
550752 1 5 46 0 0
550756 0 6 46 3 0
551003 0 6 46 1 0
551147 1 3 46 2 0
551371 0 6 46 3 1
551563 1 5 46 1 0
551846 1 2 46 4 1
34137 1 3 47 1 0
283809 0 6 47 1 0
333144 0 6 47 1 0
550161 1 4 47 0 0
550245 1 4 47 1 0
550507 1 5 47 1 1
550537 1 4 47 3 0
551190 1 3 47 3 0
551568 1 4 47 3 1
551841 0 6 47 1 0
552972 0 6 47 3 0
552973 0 6 47 3 0
214967 1 4 48 3 0
283500 1 3 48 1 0
283604 0 6 48 4 1
284385 0 6 48 1 0
332221 0 6 48 1 0
333097 1 4 48 1 0
550470 1 3 48 3 0
550614 0 6 48 1 0
550751 0 6 48 0 0
550755 0 6 48 2 0
551639 1 4 48 3 0
552969 0 6 48 0 0
283504 0 6 49 3 0
332561 0 6 49 1 0
550244 0 6 49 1 0
550613 0 6 49 1 0
550760 1 3 49 1 0
550790 1 3 49 1 1
551004 1 2 49 1 0
551162 1 3 49 3 1
551185 0 6 49 1 0
551325 0 6 49 1 0
551751 1 5 49 1 1
223716 0 6 50 3 0
283686 1 4 50 1 0
284070 1 4 50 3 0
284589 0 6 50 2 0
550243 0 6 50 1 0
550247 0 6 50 1 0
550249 1 4 50 3 0
550274 1 2 50 1 0
550469 1 4 50 3 0
550910 0 6 50 4 1
551840 1 2 50 1 0
33809 0 6 51 3 0
34171 0 6 51 1 0
223714 0 6 51 1 0
223721 1 2 51 3 0
283220 0 6 51 1 0
283736 1 4 51 1 0
283801 0 6 51 1 0
284320 1 2 51 1 0
308447 0 6 51 2 1
550502 0 6 51 2 0
550700 0 6 51 0 0
551183 0 6 51 2 0
551455 1 3 51 3 1
551587 0 6 51 4 0
551649 0 6 51 1 1
552553 0 6 51 3 0
283047 1 3 52 1 0
283083 0 6 52 1 0
283693 1 3 52 1 1
332631 1 3 52 1 0
542044 1 3 52 3 0
550912 0 6 52 4 1
551187 1 4 52 1 0
552550 0 6 52 0 0
283295 1 3 53 1 1
283451 0 6 53 1 0
284515 0 6 53 3 0
333157 0 6 53 1 0
333162 1 4 53 1 0
333242 1 2 53 1 0
508666 0 6 53 3 0
550246 0 6 53 1 0
550384 1 4 53 1 0
550615 0 6 53 2 1
550616 0 6 53 3 0
550701 0 6 53 1 0
550986 0 6 53 1 0
551296 1 4 53 2 0
551316 1 3 53 1 0
283219 0 6 54 1 0
283452 1 5 54 1 0
283692 1 3 54 1 0
284150 0 6 54 1 0
332240 0 6 54 1 0
332494 0 6 54 1 0
467126 0 6 54 3 0
550316 1 4 54 1 0
550684 0 6 54 1 0
550726 1 4 54 1 0
551268 0 6 54 0 0
551297 0 6 54 4 1
283289 0 6 55 1 0
283427 0 6 55 1 0
283553 0 6 55 3 0
284147 1 4 55 1 0
284319 0 6 55 1 0
284382 0 6 55 1 0
550383 0 6 55 1 0
551186 0 6 55 1 0
551225 1 3 55 4 0
551483 1 4 55 4 1
223713 1 4 56 1 0
283046 0 6 56 0 0
283298 0 6 56 3 0
283636 1 4 56 1 0
283843 0 6 56 1 0
283936 0 6 56 1 0
284152 1 2 56 3 1
331927 0 6 56 4 0
332241 0 6 56 2 0
332630 1 4 56 1 0
333246 1 4 56 0 1
550317 0 6 56 2 1
550704 0 6 56 3 0
551266 0 6 56 1 0
551318 0 6 56 3 0
551565 0 6 56 1 0
551581 0 6 56 4 1
115247 1 3 57 3 0
283288 1 3 57 1 0
283618 1 2 57 1 0
283631 1 4 57 1 0
283847 0 6 57 1 0
284348 1 5 57 1 0
284483 0 6 57 4 1
292465 1 3 57 3 1
332492 0 6 57 0 0
550499 0 6 57 1 0
72960 0 6 58 2 1
283067 0 6 58 4 1
283454 1 3 58 3 0
283937 0 6 58 1 0
284037 1 3 58 1 0
284155 1 3 58 1 0
284182 0 6 58 1 0
305794 0 6 58 3 0
333424 1 4 58 1 1
283079 0 6 59 0 0
283290 0 6 59 1 0
283616 1 3 59 1 0
283778 1 2 59 1 0
284122 1 5 59 1 0
284322 0 6 59 3 1
284343 0 6 59 1 0
284350 0 6 59 3 0
332443 0 6 59 1 0
550789 1 3 59 1 0
551216 1 3 59 1 0
78682 0 6 60 3 0
179032 0 6 60 3 0
283227 0 6 60 1 0
283231 0 6 60 1 0
283264 0 6 60 1 0
283293 1 4 60 3 0
283617 0 6 60 1 0
283694 1 4 60 3 0
283910 0 6 60 1 0
284038 1 4 60 1 0
284277 1 5 60 1 0
332101 1 2 60 1 0
332496 1 4 60 3 0
333425 0 6 60 1 0
550495 1 2 60 3 0
551064 1 4 60 1 0
115254 0 6 61 3 0
223712 0 6 61 0 0
227255 1 2 61 3 1
283103 1 2 61 1 0
283299 0 6 61 2 0
283630 1 3 61 1 0
283635 1 2 61 1 1
283909 0 6 61 1 0
551214 1 3 61 1 0
551517 0 6 61 1 0
283084 0 6 62 3 0
283292 1 4 62 3 0
283493 1 2 62 1 0
283606 1 3 62 1 0
283620 1 2 62 3 0
283629 0 6 62 0 0
283676 1 3 62 1 0
283689 0 6 62 1 0
283888 1 2 62 1 0
284030 0 6 62 3 0
284044 1 4 62 1 0
284178 0 6 62 1 0
284181 0 6 62 1 0
284344 1 3 62 3 0
284400 1 3 62 1 0
553854 0 6 62 2 0
283069 1 2 63 1 0
283265 0 6 63 1 0
283567 1 2 63 1 1
283678 1 4 63 3 0
283941 0 6 63 3 0
284278 0 6 63 2 0
332103 0 6 63 3 0
155359 1 4 64 3 1
209577 1 3 64 3 0
283081 1 4 64 1 0
283106 0 6 64 4 0
283282 1 2 64 3 0
283291 1 2 64 3 0
283615 0 6 64 0 0
283659 1 3 64 2 0
283687 1 2 64 1 0
283688 0 6 64 1 0
284159 0 6 64 4 0
284353 1 4 64 1 0
311425 0 6 64 3 0
333426 1 2 64 3 0
551063 0 6 64 1 1
115250 0 6 65 1 0
283048 0 6 65 1 1
283185 1 5 65 1 0
283305 1 3 65 1 0
283568 0 6 65 1 0
283632 0 6 65 3 0
284039 0 6 65 3 0
284444 0 6 65 1 0
284593 1 5 65 3 0
332097 0 6 65 0 0
332100 1 4 65 0 0
130605 0 6 66 3 0
155357 0 6 66 0 0
187128 1 2 66 3 0
223715 0 6 66 1 0
283082 0 6 66 1 0
283614 1 4 66 0 0
283759 1 3 66 4 1
283767 0 6 66 1 0
284279 0 6 66 3 0
284396 1 4 66 1 0
284434 1 3 66 1 0
311424 1 5 66 0 0
332102 1 4 66 2 0
172482 0 6 67 2 1
283267 1 4 67 3 0
283398 1 3 67 1 0
283483 1 3 67 1 0
283515 0 6 67 1 1
283569 1 4 67 1 1
283638 1 3 67 3 0
284351 0 6 67 0 0
284354 1 3 67 3 0
284401 0 6 67 1 1
187123 1 3 68 3 0
283080 1 2 68 1 0
283105 1 4 68 3 0
283304 0 6 68 1 0
283352 1 4 68 1 0
283554 0 6 68 4 0
283563 1 4 68 1 0
283583 1 4 68 1 0
283637 0 6 68 3 0
283646 0 6 68 4 0
284395 1 3 68 0 0
311426 0 6 68 3 0
76944 0 6 69 3 0
113592 0 6 69 2 0
155645 0 6 69 0 0
223726 0 6 69 3 0
224451 0 6 69 3 0
283043 0 6 69 1 0
283514 0 6 69 1 0
283652 1 3 69 1 0
283769 0 6 69 3 1
284214 0 6 69 1 0
284435 1 3 69 1 0
284595 1 2 69 1 0
332094 0 6 69 3 0
438428 1 4 69 3 0
550584 0 6 69 1 0
130606 0 6 70 3 1
154781 0 6 70 0 0
223366 1 4 70 3 0
224326 0 6 70 2 0
283399 0 6 70 1 0
284397 1 3 70 1 1
72668 0 6 71 2 0
155647 1 4 71 1 0
225536 1 3 71 1 0
306168 0 6 71 3 0
438433 0 6 71 3 0
550585 0 6 71 1 0
72671 1 3 72 3 0
130053 0 6 72 4 0
187122 0 6 72 1 0
223995 1 3 72 1 0
284273 0 6 72 1 0
550582 1 3 72 1 0
153842 0 6 73 0 0
186889 1 2 73 1 1
223675 1 3 73 1 1
225535 1 4 73 1 0
283319 0 6 73 1 0
284437 0 6 73 3 0
284517 0 6 73 1 0
383070 0 6 73 3 0
550587 1 4 73 3 1
155222 1 3 74 1 0
155649 1 3 74 3 0
186604 0 6 74 1 0
187026 1 3 74 1 0
187121 0 6 74 0 0
223888 1 2 74 1 0
224615 0 6 74 4 0
284197 0 6 74 1 0
284597 1 4 74 1 0
284599 1 3 74 3 0
550723 1 3 74 3 0
72669 1 4 75 2 0
91135 1 3 75 3 1
187288 1 3 75 1 0
283603 1 2 75 4 0
283879 0 6 75 1 0
284195 0 6 75 1 0
438429 0 6 75 3 1
535496 1 4 75 3 0
91127 0 6 76 1 0
153627 1 3 76 0 0
214273 0 6 76 3 1
223868 1 2 76 1 0
224622 0 6 76 3 0
225538 0 6 76 3 0
283654 1 2 76 1 0
284201 0 6 76 3 1
284356 1 3 76 1 0
438425 1 3 76 3 0
484937 0 6 76 3 0
555411 0 6 76 3 0
185611 1 3 77 1 0
223673 0 6 77 0 0
224140 1 4 77 1 0
225242 1 4 77 1 0
439575 1 3 77 1 0
110120 0 6 78 3 0
153630 1 4 78 1 0
186373 0 6 78 1 0
186667 0 6 78 1 0
187131 1 4 78 2 0
187212 0 6 78 1 0
223867 0 6 78 1 0
225463 1 4 78 1 0
283426 0 6 78 1 0
284198 1 3 78 2 0
284281 1 3 78 1 0
438422 0 6 78 3 0
439365 1 3 78 3 0
439435 0 6 78 1 0
502195 1 4 78 2 0
525727 1 3 78 3 0
537068 0 6 78 3 0
90747 0 6 79 4 0
91129 0 6 79 3 0
185792 0 6 79 1 0
186362 1 3 79 3 0
186670 0 6 79 3 0
187029 1 3 79 3 0
187287 1 5 79 1 0
223730 0 6 79 1 0
224143 1 4 79 4 1
284200 1 4 79 3 0
383071 1 3 79 3 1
438286 1 2 79 1 0
439724 0 6 79 1 0
534062 1 3 79 2 0
554089 1 2 79 3 0
153626 1 4 80 4 0
185610 1 4 80 1 0
186020 0 6 80 1 0
186848 0 6 80 3 1
187290 1 3 80 3 0
223619 1 4 80 1 0
223871 1 4 80 0 0
224138 1 3 80 1 0
224849 1 4 80 1 0
296501 0 6 80 1 0
439828 1 3 80 1 0
439909 1 4 80 1 0
484935 0 6 80 1 0
494094 1 3 80 3 0
531578 0 6 80 3 0
535399 1 3 80 3 0
153629 0 6 81 1 0
185866 1 3 81 1 0
186668 1 3 81 1 0
186669 0 6 81 3 0
187028 0 6 81 2 0
214274 0 6 81 3 0
223747 1 2 81 1 0
223808 1 4 81 1 0
223869 0 6 81 3 0
223870 0 6 81 0 0
224417 1 3 81 1 0
225466 0 6 81 3 0
283656 0 6 81 3 0
284199 0 6 81 2 1
295774 0 6 81 1 0
96188 1 3 82 3 0
185776 0 6 82 1 0
185898 1 3 82 1 0
186048 1 3 82 3 0
186728 0 6 82 3 0
187025 1 4 82 0 0
187352 0 6 82 1 0
210716 1 4 82 3 0
225309 1 3 82 3 0
280748 0 6 82 3 0
438283 1 4 82 1 0
438609 1 3 82 4 0
438650 1 4 82 1 0
439427 0 6 82 1 0
439829 1 5 82 1 1
531627 1 4 82 4 0
533560 1 2 82 3 0
186585 1 4 83 4 0
186850 1 4 83 4 1
187030 0 6 83 3 0
187169 0 6 83 1 0
187289 0 6 83 3 0
223626 0 6 83 2 1
223732 1 3 83 1 0
223806 0 6 83 1 0
223860 1 4 83 0 0
225465 0 6 83 3 0
229663 0 6 83 3 0
438251 1 2 83 1 0
438815 0 6 83 1 0
534064 0 6 83 3 0
534994 1 3 83 3 0
153631 0 6 84 2 0
153632 0 6 84 3 0
186014 0 6 84 0 0
186901 0 6 84 1 0
210719 0 6 84 2 0
223810 1 2 84 3 0
224139 0 6 84 1 0
306977 0 6 84 3 0
337591 0 6 84 3 0
438253 1 4 84 3 0
439326 0 6 84 1 0
531689 1 4 84 3 0
535394 1 4 84 3 0
12302 0 6 85 2 0
125796 0 6 85 3 1
185586 1 3 85 1 0
185777 1 3 85 1 0
185900 0 6 85 1 0
186579 0 6 85 3 0
186633 1 3 85 1 0
187112 1 4 85 3 1
224416 0 6 85 1 0
224630 0 6 85 1 0
229664 1 4 85 3 0
438227 0 6 85 2 0
438303 0 6 85 1 0
531808 0 6 85 3 0
561275 1 3 85 2 0
185872 1 2 86 1 0
186497 1 5 86 3 0
186919 0 6 86 1 1
193285 0 6 86 3 0
224107 1 3 86 4 0
439429 1 2 86 1 0
534061 0 6 86 1 0
185565 1 3 87 1 0
185960 0 6 87 1 0
186632 0 6 87 1 0
187061 1 2 87 1 0
187228 1 4 87 4 1
224631 0 6 87 2 0
263238 1 3 87 3 0
268710 0 6 87 2 0
532504 0 6 87 3 0
534370 1 5 87 1 0
64742 1 4 88 3 1
155631 1 4 88 2 0
185665 1 3 88 1 0
185764 1 3 88 1 0
185768 1 4 88 1 0
185873 0 6 88 1 0
185990 1 4 88 1 0
186015 1 4 88 0 0
186634 0 6 88 3 0
186635 0 6 88 3 1
186708 1 4 88 1 0
186903 0 6 88 3 0
228722 1 3 88 3 0
261667 1 3 88 3 0
435655 1 4 88 3 1
439328 0 6 88 3 0
533861 0 6 88 1 0
534063 0 6 88 3 0
534287 0 6 88 1 1
3229 0 6 89 3 0
153624 0 6 89 4 0
185585 0 6 89 1 0
185588 1 3 89 3 0
185655 1 3 89 1 0
185748 1 3 89 1 0
185989 0 6 89 1 0
186016 0 6 89 1 0
186293 0 6 89 1 0
186346 0 6 89 1 0
186922 1 3 89 1 0
335140 1 4 89 2 1
439325 1 3 89 1 0
507860 0 6 89 3 0
534787 0 6 89 1 0
101585 0 6 90 3 1
185462 1 3 90 1 0
185623 1 3 90 1 0
185947 0 6 90 1 0
186394 0 6 90 3 1
186920 1 3 90 1 0
186921 1 3 90 1 1
187103 0 6 90 1 0
224211 0 6 90 4 0
438228 1 4 90 2 0
438849 0 6 90 1 0
534936 0 6 90 1 0
3224 1 3 91 3 0
170878 0 6 91 3 0
185656 0 6 91 1 0
185657 0 6 91 3 1
185749 0 6 91 1 0
185770 0 6 91 3 0
185862 0 6 91 4 1
186018 1 3 91 3 0
186228 0 6 91 0 0
186710 0 6 91 3 0
187042 1 3 91 3 1
187044 0 6 91 1 0
221078 1 3 91 2 0
333608 0 6 91 2 0
438668 1 3 91 1 0
533726 1 3 91 1 0
185566 1 3 92 3 1
185654 1 4 92 1 0
185658 1 5 92 3 0
186514 0 6 92 1 0
187063 0 6 92 3 1
187097 0 6 92 3 1
228719 0 6 92 1 0
533727 0 6 92 1 0
533864 0 6 92 3 0
534850 0 6 92 1 0
101771 1 3 93 3 0
185644 1 5 93 1 0
186106 0 6 93 3 0
186294 0 6 93 1 0
186334 0 6 93 1 0
186816 1 3 93 1 0
186923 0 6 93 3 0
187062 0 6 93 1 0
221079 0 6 93 2 0
225598 0 6 93 3 0
228893 1 4 93 1 0
228986 0 6 93 1 0
439024 0 6 93 1 0
440038 1 4 93 2 1
534789 0 6 93 3 0
535329 1 3 93 1 0
42979 1 3 94 3 0
185624 0 6 94 3 0
185717 0 6 94 1 0
185753 0 6 94 1 0
185992 1 3 94 3 0
186127 0 6 94 1 0
186469 1 4 94 1 0
187261 0 6 94 1 0
196809 0 6 94 3 0
229672 1 3 94 1 0
359467 0 6 94 2 0
438844 0 6 94 1 0
440036 1 3 94 3 0
489618 0 6 94 3 0
533832 1 3 94 1 0
534561 0 6 94 1 0
534574 0 6 94 1 0
534915 1 3 94 1 0
535327 0 6 94 1 0
100775 1 3 95 3 0
153892 1 3 95 3 0
186812 0 6 95 4 1
228641 1 4 95 1 0
282667 0 6 95 3 0
438115 1 5 95 1 0
439647 1 2 95 1 0
440035 0 6 95 3 0
533728 0 6 95 1 1
533748 0 6 95 3 0
533833 0 6 95 2 1
534650 0 6 95 1 0
535409 1 5 95 1 0
101778 1 3 96 1 0
185464 0 6 96 1 0
186342 0 6 96 3 0
186996 0 6 96 1 0
187170 1 3 96 1 0
224239 1 3 96 4 1
228720 0 6 96 1 0
228895 1 3 96 2 0
534012 0 6 96 1 0
534172 0 6 96 1 0
534371 1 3 96 1 0
534438 1 2 96 3 0
534929 1 4 96 1 0
535328 0 6 96 1 0
185886 1 2 97 1 0
186618 0 6 97 1 0
186630 0 6 97 1 0
186701 0 6 97 1 0
186817 0 6 97 3 0
228002 1 3 97 1 0
228073 1 4 97 1 0
290297 1 3 97 3 0
359468 0 6 97 3 0
438527 0 6 97 1 0
533826 1 3 97 1 0
533979 1 3 97 1 0
534053 1 5 97 1 0
534396 0 6 97 1 0
534423 1 2 97 1 0
535331 1 4 97 3 0
535333 0 6 97 1 0
535414 1 2 97 3 0
186338 0 6 98 3 0
187073 1 3 98 1 0
224238 0 6 98 4 0
229523 0 6 98 1 0
338536 1 2 98 3 0
438663 1 3 98 1 0
439619 1 4 98 1 0
439648 0 6 98 1 0
533611 0 6 98 1 1
534171 0 6 98 0 1
534890 1 3 98 1 0
535271 0 6 98 1 0
99944 0 6 99 1 0
100066 1 3 99 4 0
100721 0 6 99 1 0
185630 1 4 99 1 0
185660 0 6 99 1 0
185752 0 6 99 1 0
186022 1 3 99 1 0
186104 0 6 99 1 1
186149 0 6 99 1 0
186337 1 4 99 3 1
186450 0 6 99 1 1
186620 1 4 99 3 0
186711 0 6 99 3 0
228894 1 3 99 2 0
354403 1 2 99 3 0
408590 1 3 99 3 0
409368 1 3 99 4 1
438530 1 5 99 3 0
533827 1 2 99 1 0
533895 0 6 99 1 0
534011 0 6 99 1 1
534027 1 4 99 1 1
534047 1 3 99 1 0
534087 0 6 99 2 0
534364 1 4 99 1 0
534395 0 6 99 1 1
534511 0 6 99 1 0
534576 0 6 99 3 1
534928 1 4 99 0 0
535248 0 6 99 1 0
535326 1 4 99 1 0
100746 0 6 100 1 0
101774 1 3 100 1 0
185483 0 6 100 4 0
185881 1 3 100 3 0
186700 1 3 100 1 0
186898 1 2 100 4 1
354401 1 5 100 2 0
438125 0 6 100 1 0
438578 0 6 100 1 0
439618 1 4 100 1 0
533553 0 6 100 1 0
534359 1 2 100 1 0
534369 0 6 100 1 0
534588 0 6 100 1 1
534628 0 6 100 1 0
534955 1 2 100 1 0
535332 1 4 100 0 0
100065 0 6 101 3 0
100067 0 6 101 4 0
185843 1 4 101 1 0
186229 0 6 101 1 0
186451 1 4 101 3 0
187069 1 2 101 1 0
338123 0 6 101 4 0
439155 0 6 101 4 0
533612 1 3 101 1 0
533913 0 6 101 1 0
533977 1 3 101 3 0
534021 0 6 101 3 0
534360 0 6 101 3 0
534405 0 6 101 1 0
534424 0 6 101 2 1
534742 0 6 101 1 1
535269 0 6 101 2 0
535277 1 4 101 1 0
535404 0 6 101 1 0
100722 0 6 102 3 0
185457 0 6 102 3 1
186045 1 3 102 3 0
186365 1 3 102 1 1
186697 1 5 102 2 0
186969 1 3 102 1 0
187171 1 3 102 3 0
438123 0 6 102 1 0
438330 1 3 102 1 0
438431 0 6 102 1 0
440083 1 3 102 1 0
533606 0 6 102 0 0
534014 1 3 102 3 0
534086 1 4 102 1 0
534446 0 6 102 4 1
2131 0 6 103 2 0
100062 1 3 103 2 0
181208 1 3 103 4 0
185755 0 6 103 3 0
185837 0 6 103 3 1
185884 1 4 103 1 0
185885 1 3 103 3 0
186069 0 6 103 1 0
186121 0 6 103 1 0
186150 0 6 103 1 0
186336 1 3 103 1 0
186343 0 6 103 1 0
194465 0 6 103 3 0
194855 1 4 103 2 0
438127 0 6 103 3 0
438153 1 2 103 1 0
439087 0 6 103 1 0
533828 0 6 103 3 1
533846 1 4 103 1 0
534499 0 6 103 4 0
534559 0 6 103 1 0
534629 0 6 103 3 0
534932 0 6 103 3 1
535176 1 4 103 3 0
535275 0 6 103 3 1
535296 0 6 103 1 0
535334 0 6 103 3 0
94212 0 6 104 3 0
185527 0 6 104 3 0
185882 1 3 104 3 0
185883 0 6 104 1 0
186098 1 3 104 3 0
186702 0 6 104 1 0
186758 0 6 104 3 0
186904 0 6 104 3 0
285331 1 4 104 3 0
438329 0 6 104 1 0
439617 0 6 104 0 0
439715 1 2 104 3 1
531829 1 4 104 3 1
533438 0 6 104 1 0
533556 0 6 104 3 0
533930 1 4 104 1 0
534365 1 4 104 1 0
534918 0 6 104 1 0
535082 0 6 104 1 0
535139 0 6 104 1 0
535273 0 6 104 3 0
535320 0 6 104 2 0
52427 1 3 105 2 0
101773 0 6 105 1 0
165317 1 3 105 3 1
185659 1 4 105 1 0
186099 0 6 105 0 0
186440 0 6 105 4 1
186727 0 6 105 1 0
438124 0 6 105 1 0
438723 0 6 105 1 0
439714 0 6 105 3 0
500227 1 4 105 2 0
533555 0 6 105 3 0
533610 1 4 105 0 0
533650 1 5 105 3 0
533923 0 6 105 1 0
534192 0 6 105 1 0
534457 0 6 105 1 0
534473 0 6 105 1 0
534825 1 4 105 1 0
534956 1 3 105 3 0
535099 1 3 105 1 0
535321 1 4 105 3 0
14427 1 4 106 3 0
100063 0 6 106 3 0
101777 1 2 106 3 0
159111 0 6 106 3 0
185455 0 6 106 1 1
186111 0 6 106 4 1
186254 0 6 106 1 0
186452 0 6 106 3 1
187078 0 6 106 1 1
187172 1 3 106 3 0
438158 1 3 106 2 1
438724 0 6 106 3 0
439069 1 3 106 1 0
439599 0 6 106 1 0
531088 0 6 106 3 0
533847 0 6 106 1 0
534366 0 6 106 1 0
534368 0 6 106 3 0
534530 1 2 106 3 0
534562 0 6 106 3 0
534897 0 6 106 2 0
534920 0 6 106 3 0
534950 1 4 106 1 0
535081 0 6 106 1 0
535138 1 3 106 1 0
185622 0 6 107 1 0
185840 0 6 107 1 0
185858 1 3 107 1 0
185894 1 2 107 3 0
185962 0 6 107 3 1
185975 0 6 107 1 0
186335 0 6 107 1 0
186340 1 3 107 2 0
186629 0 6 107 1 0
194112 1 3 107 4 1
415295 1 2 107 3 0
438401 1 2 107 1 0
439036 0 6 107 1 0
439276 0 6 107 3 0
439622 0 6 107 1 0
439777 1 2 107 1 0
533649 1 4 107 3 1
533932 1 3 107 3 0
534726 1 3 107 1 0
534926 1 3 107 3 0
535085 1 3 107 3 0
535322 0 6 107 3 0
151240 1 3 108 3 0
186152 0 6 108 1 0
186679 0 6 108 1 0
278091 1 3 108 2 0
438156 1 3 108 3 0
439141 1 5 108 1 0
439711 1 2 108 3 0
534458 1 4 108 1 0
534532 1 2 108 4 0
534827 1 2 108 3 0
535324 0 6 108 3 0
14097 1 4 109 3 0
100021 1 4 109 3 0
101775 0 6 109 1 0
185669 0 6 109 3 0
438126 0 6 109 2 0
439550 1 3 109 3 0
439713 0 6 109 1 0
439774 0 6 109 3 0
533933 1 3 109 3 0
534437 1 2 109 1 0
534579 0 6 109 4 0
534622 0 6 109 1 0
534775 0 6 109 1 0
535101 0 6 109 1 0
535129 0 6 109 1 0
535325 0 6 109 3 0
535364 0 6 109 1 0
535380 0 6 109 1 0
185452 1 3 110 3 0
185631 0 6 110 1 0
186422 0 6 110 3 0
186683 0 6 110 3 0
186761 0 6 110 3 0
186785 0 6 110 1 0
187081 0 6 110 3 0
187162 0 6 110 1 0
213629 1 3 110 3 0
292709 1 3 110 3 1
355817 0 6 110 3 1
393997 0 6 110 3 0
438157 0 6 110 0 0
438402 1 5 110 1 0
438605 1 4 110 1 1
439053 0 6 110 1 0
439162 1 3 110 4 0
439195 0 6 110 1 0
526114 0 6 110 3 0
533656 0 6 110 1 0
533950 1 4 110 1 0
534459 1 2 110 1 0
534725 1 3 110 1 0
534765 1 3 110 1 0
535137 0 6 110 1 1
52428 0 6 111 2 0
133625 0 6 111 3 0
162632 1 4 111 3 0
185859 1 2 111 3 0
185889 0 6 111 3 0
185979 1 3 111 1 0
186423 0 6 111 3 1
187164 0 6 111 1 0
438245 0 6 111 4 1
476864 0 6 111 3 1
533843 1 3 111 3 0
534052 0 6 111 1 0
534435 1 2 111 0 0
535319 0 6 111 3 0
185976 1 3 112 1 0
185980 0 6 112 3 0
186268 1 4 112 1 0
186544 1 3 112 1 1
186631 0 6 112 3 0
186833 1 3 112 1 0
187079 1 4 112 2 1
187234 0 6 112 3 0
216255 0 6 112 3 0
266137 0 6 112 3 0
274057 0 6 112 3 0
341571 0 6 112 3 0
438830 1 3 112 3 0
533715 1 2 112 3 0
534453 1 4 112 1 0
535140 0 6 112 2 0
535381 0 6 112 3 1
133726 1 4 113 4 1
185571 0 6 113 1 0
185633 0 6 113 3 0
185978 0 6 113 1 1
186153 0 6 113 3 0
186940 1 3 113 4 1
187163 1 2 113 1 0
202387 1 3 113 2 0
273104 0 6 113 0 0
439000 0 6 113 4 0
439167 1 2 113 3 0
439194 0 6 113 1 0
439433 1 3 113 3 0
439712 0 6 113 1 0
442613 0 6 113 3 0
534079 1 4 113 1 0
534284 1 3 113 1 0
534439 1 5 113 1 0
534451 0 6 113 0 0
534462 0 6 113 1 0
534688 1 3 113 1 0
535053 1 3 113 3 0
12831 1 3 114 3 0
133014 0 6 114 4 0
162631 0 6 114 2 1
185688 0 6 114 1 0
185870 1 2 114 3 0
186543 1 4 114 0 0
186680 0 6 114 1 0
186760 0 6 114 1 0
186783 1 2 114 0 0
186787 0 6 114 3 0
187066 0 6 114 1 0
237550 0 6 114 3 0
438237 0 6 114 3 0
438556 1 4 114 1 0
439495 1 5 114 1 0
533539 1 5 114 1 0
533660 1 2 114 4 0
533757 1 4 114 1 1
534463 0 6 114 1 0
534612 0 6 114 1 0
534678 1 3 114 1 0
534766 0 6 114 1 0
26229 1 3 115 3 0
76359 0 6 115 3 0
185539 0 6 115 1 0
185574 0 6 115 3 0
185772 1 4 115 1 0
186528 0 6 115 0 0
186678 1 3 115 0 0
186768 1 4 115 1 0
187011 1 3 115 3 1
202388 1 3 115 3 0
205514 0 6 115 3 0
223381 0 6 115 3 0
355634 1 4 115 3 0
438159 1 3 115 3 0
439529 0 6 115 3 0
534071 1 3 115 0 0
534211 0 6 115 1 0
534229 0 6 115 1 0
534283 0 6 115 1 0
534626 1 2 115 1 0
545319 1 3 115 2 0
40226 0 6 116 2 0
185573 1 2 116 3 0
185981 0 6 116 3 1
186998 0 6 116 1 0
187001 1 4 116 1 0
187267 0 6 116 1 0
226064 0 6 116 2 0
273107 1 4 116 3 0
386629 1 4 116 3 0
438557 0 6 116 1 0
438603 0 6 116 1 0
439879 0 6 116 1 0
534138 0 6 116 1 0
534613 0 6 116 1 0
534919 1 4 116 1 0
535045 1 3 116 3 0
542969 1 2 116 3 0
76615 1 4 117 3 1
133727 0 6 117 4 0
185734 0 6 117 0 0
186091 0 6 117 3 0
187009 1 3 117 0 0
187232 1 3 117 1 0
202385 0 6 117 0 0
273106 0 6 117 1 1
317576 1 2 117 1 0
332516 0 6 117 3 0
439496 1 3 117 3 0
454725 0 6 117 2 0
533542 0 6 117 2 0
533655 1 4 117 1 0
533917 0 6 117 1 0
534639 1 3 117 1 0
534767 0 6 117 3 1
534779 1 2 117 1 0
535051 0 6 117 1 0
535405 1 4 117 1 0
186424 0 6 118 0 0
186529 0 6 118 1 0
186547 0 6 118 3 0
186784 0 6 118 0 0
186786 1 4 118 1 0
186965 1 3 118 4 0
186968 0 6 118 0 0
187231 1 4 118 1 0
246396 0 6 118 3 0
272030 0 6 118 3 0
272035 0 6 118 0 0
355633 0 6 118 1 0
361655 0 6 118 3 0
533464 0 6 118 1 0
533725 1 3 118 1 0
534073 0 6 118 2 0
534183 1 3 118 0 0
534300 0 6 118 1 0
534516 0 6 118 3 0
534558 1 3 118 1 0
534597 1 2 118 1 1
534683 1 5 118 3 0
535050 0 6 118 0 0
25086 0 6 119 2 0
185803 1 2 119 3 0
186530 0 6 119 1 0
186767 0 6 119 1 0
186788 1 4 119 3 0
187012 1 4 119 3 1
187145 1 3 119 0 0
241625 0 6 119 2 0
273105 1 3 119 1 0
273279 1 4 119 0 0
273349 1 2 119 1 0
343584 0 6 119 2 0
438454 1 4 119 1 0
438559 0 6 119 3 0
439078 0 6 119 1 0
439931 1 2 119 2 0
533572 0 6 119 1 0
533661 0 6 119 1 0
534069 0 6 119 3 0
534136 0 6 119 1 0
534885 0 6 119 1 1
535044 0 6 119 3 0
185641 0 6 120 1 0
185735 0 6 120 1 0
185801 1 4 120 2 0
185861 0 6 120 4 1
186601 1 2 120 4 0
187059 0 6 120 4 1
242251 0 6 120 1 1
246397 1 3 120 3 0
439494 0 6 120 1 0
439530 0 6 120 3 1
460629 1 3 120 3 0
533912 1 3 120 1 0
534139 1 4 120 3 0
534517 0 6 120 3 0
534534 0 6 120 2 0
534563 1 3 120 3 1
534614 1 3 120 3 1
534778 0 6 120 1 0
535407 1 3 120 3 1
11270 1 4 121 3 0
185739 1 4 121 1 0
187010 0 6 121 0 0
241626 0 6 121 2 0
284787 1 3 121 3 0
317573 1 3 121 1 0
354830 0 6 121 1 0
438539 0 6 121 1 0
438558 1 4 121 1 0
534509 0 6 121 3 1
534916 1 3 121 3 0
542970 1 3 121 1 0
185642 1 4 122 2 0
186174 0 6 122 1 0
246392 0 6 122 0 0
316960 1 4 122 3 0
318839 0 6 122 1 0
353376 0 6 122 3 0
359074 1 4 122 1 0
361652 1 4 122 2 0
533421 1 5 122 1 0
533632 0 6 122 4 0
533985 0 6 122 1 0
534699 0 6 122 1 0
534706 0 6 122 1 0
534799 0 6 122 1 0
534882 1 4 122 1 0
36697 1 4 123 3 0
185736 0 6 123 2 0
185802 1 4 123 3 0
186100 0 6 123 0 0
186128 1 3 123 1 0
187144 1 3 123 0 1
312050 0 6 123 2 0
361653 0 6 123 2 0
534137 1 4 123 1 0
534140 0 6 123 3 0
534301 0 6 123 1 0
534886 1 4 123 1 0
124225 1 3 124 3 0
185965 1 2 124 3 0
186892 0 6 124 3 0
187016 1 3 124 1 0
272033 0 6 124 3 1
272178 1 2 124 3 0
273108 0 6 124 3 0
358348 1 3 124 1 0
408174 1 2 124 3 0
530645 1 3 124 3 0
533915 0 6 124 3 1
534700 1 4 124 1 0
534872 0 6 124 1 0
186122 1 3 125 3 1
284784 0 6 125 1 0
311252 0 6 125 3 0
353368 0 6 125 3 0
358897 1 3 125 1 0
407044 1 2 125 2 0
473545 0 6 125 3 0
533422 0 6 125 1 0
533426 0 6 125 3 0
534515 0 6 125 1 0
534651 0 6 125 1 0
534703 0 6 125 3 0
534790 0 6 125 1 0
534883 1 3 125 3 0
535834 1 3 125 3 0
141686 1 4 126 3 0
169991 1 4 126 3 0
186173 1 3 126 1 0
186413 0 6 126 1 0
187017 0 6 126 1 0
245677 0 6 126 0 0
272034 0 6 126 3 0
509434 1 3 126 2 0
530644 0 6 126 3 0
533965 0 6 126 1 0
534712 0 6 126 4 0
124224 0 6 127 3 0
165510 0 6 127 3 0
186126 0 6 127 1 0
186131 0 6 127 3 0
186415 0 6 127 3 0
272179 1 2 127 3 0
355775 1 3 127 3 0
534698 1 4 127 1 0
534860 0 6 127 1 0
535307 0 6 127 1 0
124550 0 6 128 1 0
145351 0 6 128 3 0
186093 0 6 128 1 0
186414 0 6 128 3 0
186884 1 3 128 4 1
187019 1 2 128 3 0
187146 0 6 128 2 1
245893 1 3 128 3 0
322047 0 6 128 2 0
357474 1 3 128 3 0
524235 1 3 128 3 0
532508 1 3 128 3 0
534659 0 6 128 1 0
160345 0 6 129 3 0
278226 0 6 129 2 0
533963 0 6 129 1 0
534793 1 3 129 1 0
534861 0 6 129 1 0
535830 0 6 129 1 0
535833 1 2 129 1 0
535835 0 6 129 3 0
536586 1 4 129 1 0
549653 0 6 129 3 0
46841 1 3 130 2 0
123224 0 6 130 3 0
124096 0 6 130 1 0
186119 0 6 130 1 0
186175 0 6 130 3 0
187018 1 4 130 3 0
245689 0 6 130 3 0
262459 0 6 130 2 0
284785 0 6 130 2 0
311249 1 4 130 1 0
533424 1 2 130 2 1
534132 1 4 130 1 0
534331 0 6 130 1 0
534798 0 6 130 0 0
535832 0 6 130 1 0
546323 0 6 130 3 1
77339 1 3 131 3 0
102267 0 6 131 2 1
185479 0 6 131 1 1
216608 0 6 131 3 0
208290 0 6 132 3 0
245889 0 6 132 2 0
245892 1 4 132 3 0
262458 1 4 132 1 0
309921 1 3 132 1 0
533972 1 4 132 1 0
534474 0 6 132 1 0
534796 1 4 132 1 0
555753 0 6 132 3 0
123997 1 3 133 3 0
124092 0 6 133 3 1
187137 0 6 133 3 0
187147 1 4 133 2 0
310386 1 3 133 1 0
411739 1 3 133 2 0
534135 0 6 133 3 0
534795 1 3 133 1 0
534797 1 3 133 3 0
535829 1 2 133 1 0
192821 0 6 134 3 0
237984 0 6 134 3 0
260634 1 4 134 3 1
309853 0 6 134 1 0
311681 1 4 134 1 0
533973 1 2 134 1 0
110442 0 6 135 2 0
261043 0 6 135 3 0
443226 1 2 135 3 0
533964 0 6 135 1 1
533969 1 3 135 2 0
533974 1 3 135 1 0
534034 0 6 135 1 0
534133 1 4 135 1 0
534217 1 3 135 1 0
534794 1 3 135 1 0
260633 0 6 136 2 0
309850 1 2 136 0 0
310969 1 2 136 1 0
311512 0 6 136 1 1
382999 0 6 136 3 0
522300 0 6 136 3 0
533929 0 6 136 1 1
292001 0 6 137 3 0
311072 0 6 137 1 0
311263 0 6 137 1 0
311637 0 6 137 1 0
311683 0 6 137 2 0
443224 1 3 137 1 0
533761 1 2 137 4 0
534219 1 3 137 3 0
310485 1 5 138 1 0
331499 1 3 138 3 0
351185 0 6 138 3 0
443195 1 3 138 1 0
443228 0 6 138 3 0
487815 0 6 138 3 0
533436 0 6 138 1 0
533593 1 3 138 1 0
110595 1 3 139 2 0
534705 0 6 139 1 0
80201 0 6 140 3 0
309854 1 3 140 3 0
310907 0 6 140 1 0
443223 0 6 140 1 1
533050 1 3 140 3 0
533595 0 6 141 3 0
533931 1 2 141 1 0
534687 0 6 141 1 0
78368 0 6 142 2 0
311038 0 6 142 1 0
311454 0 6 142 1 0
210319 0 6 143 3 0
443225 1 4 144 1 0
548232 1 2 144 2 0
310203 0 6 146 1 0
533906 1 4 146 1 0
297901 1 3 147 3 0
210320 1 4 148 3 1
310541 0 6 148 1 0
311113 0 6 148 1 0
534519 1 3 148 3 0
548231 1 3 149 1 0
311059 1 4 150 1 0
309961 0 6 151 4 0
310152 1 2 152 1 0
548013 0 6 152 1 1
310298 0 6 153 1 0
310665 0 6 153 1 1
310301 1 3 154 3 0
310888 0 6 154 3 0
547474 1 3 154 1 0
548230 0 6 154 0 0
311461 1 4 155 1 0
311060 0 6 156 2 0
547475 1 4 156 1 0
310302 0 6 157 3 0
310976 0 6 157 1 0
311463 1 5 157 1 0
548158 1 3 157 0 0
74618 1 3 158 3 0
309704 0 6 158 1 0
310416 1 3 158 3 0
547477 1 4 158 1 0
547480 0 6 158 4 0
547800 0 6 158 4 0
548146 1 2 158 3 0
548259 1 3 159 1 0
74870 1 3 160 3 0
384816 0 6 160 3 0
547716 0 6 160 0 0
548160 1 3 160 2 0
305774 0 6 161 3 0
311466 1 3 161 1 0
443647 0 6 161 3 0
547478 1 4 161 3 0
548165 0 6 161 1 0
500427 1 2 162 2 0
74871 0 6 163 3 0
452229 1 3 163 3 1
546771 1 3 163 1 0
547263 1 2 163 1 0
547719 1 4 163 1 0
548097 0 6 163 1 0
238132 0 6 164 3 0
384848 0 6 164 3 0
547718 0 6 164 1 0
548159 0 6 164 2 0
548164 1 2 164 0 0
548168 1 2 164 1 0
548263 1 4 164 1 0
547868 0 6 165 0 0
548167 1 4 165 3 0
348616 1 3 166 3 0
384845 1 3 166 3 0
497776 0 6 166 3 0
546453 0 6 166 1 0
546996 1 3 166 1 0
547484 1 4 166 1 0
548172 0 6 166 3 0
238131 0 6 167 1 0
437541 0 6 167 3 0
547741 0 6 167 1 0
548171 0 6 167 1 0
546452 0 6 168 1 0
546900 1 4 168 1 0
547265 0 6 168 3 0
547485 0 6 168 1 0
547869 0 6 168 0 1
548166 0 6 168 3 0
548262 0 6 168 0 0
80132 0 6 169 2 0
348618 0 6 169 3 0
546578 0 6 169 0 0
547001 0 6 169 0 0
547235 1 4 169 1 0
547829 1 3 169 1 0
548176 1 3 169 3 0
548207 0 6 169 1 0
437533 1 3 170 1 0
547928 1 4 170 4 1
548209 1 4 170 3 0
238129 1 3 171 1 0
547089 0 6 171 1 0
547108 0 6 171 1 0
547218 1 3 171 1 0
547712 0 6 171 1 0
547828 0 6 171 0 0
547993 0 6 171 1 1
548060 1 3 171 1 0
548147 0 6 171 4 0
548264 1 3 171 3 1
437315 0 6 172 1 0
546572 1 2 172 0 0
546724 1 3 172 1 0
546858 0 6 172 1 0
546867 1 3 172 1 0
546901 0 6 172 1 0
547049 1 5 172 1 1
547088 1 3 172 1 0
547236 1 3 172 1 0
547244 1 2 172 1 0
547778 0 6 172 1 0
547870 0 6 172 1 0
547948 1 4 172 1 0
548208 1 3 172 1 1
546473 1 3 173 1 0
546668 0 6 173 1 0
546903 1 3 173 3 0
546976 1 4 173 4 1
547048 1 5 173 1 0
547694 0 6 173 1 0
547992 0 6 173 1 0
548254 1 2 173 1 0
546525 0 6 174 1 0
547051 0 6 174 3 1
547288 0 6 174 3 0
547717 1 3 174 1 0
547865 1 4 174 1 0
547927 1 3 174 3 0
548206 0 6 174 1 0
548210 0 6 174 3 0
437532 0 6 175 1 0
546560 1 3 175 3 0
546573 0 6 175 2 0
547090 0 6 175 1 0
547237 0 6 175 1 0
547520 0 6 175 3 0
547777 1 3 175 1 0
546475 1 3 176 2 0
546567 0 6 176 3 0
546670 1 3 176 3 1
546723 1 4 176 0 0
546725 0 6 176 1 0
546726 1 4 176 3 0
547693 0 6 176 0 0
547780 0 6 176 2 0
548113 1 3 176 1 0
548148 1 3 176 4 1
14493 0 6 177 3 0
204599 1 3 177 2 0
546583 1 3 177 1 0
546727 0 6 177 3 0
547107 0 6 177 1 0
547169 0 6 177 1 0
547185 0 6 177 3 0
547245 1 3 177 3 0
547962 0 6 177 4 0
548173 1 2 177 3 0
436214 0 6 178 1 0
546428 1 3 178 2 0
546595 1 3 178 2 0
546832 1 3 178 4 0
547050 1 2 178 3 0
547396 1 3 178 3 1
547781 1 4 178 3 0
548241 1 2 178 3 1
58519 0 6 179 3 0
384120 1 3 179 3 0
436195 1 3 179 1 0
507346 0 6 179 3 0
546363 0 6 179 3 1
546896 0 6 179 1 0
547544 0 6 179 4 1
548078 0 6 179 1 0
63044 0 6 180 2 0
344374 1 4 180 2 0
345405 0 6 180 3 0
436215 0 6 180 1 0
436217 1 2 180 3 0
547171 0 6 180 3 0
547521 0 6 180 3 1
547676 1 3 180 3 0
547695 0 6 180 3 0
547799 1 4 180 3 0
548072 1 3 180 1 0
548112 1 2 180 0 0
264138 0 6 181 3 0
386307 1 3 181 3 0
429492 0 6 181 3 0
466901 0 6 181 2 0
546584 1 2 181 3 0
546585 0 6 181 3 1
547543 1 3 181 3 0
547967 1 3 181 0 0
547984 0 6 181 3 1
548115 1 2 181 1 0
204598 0 6 182 2 1
436203 0 6 182 1 0
546455 0 6 182 1 0
546591 0 6 182 3 0
546828 1 2 182 3 1
547034 1 3 182 2 0
547139 0 6 182 1 0
548114 1 4 182 1 0
548127 1 2 182 1 0
315241 0 6 183 3 0
429498 0 6 183 3 0
546590 0 6 183 3 0
547514 0 6 183 1 0
547553 0 6 183 1 0
547742 0 6 183 1 0
547797 0 6 183 2 0
436192 1 4 184 2 0
468296 0 6 184 2 0
547032 1 4 184 3 0
547033 0 6 184 2 0
547509 0 6 184 1 0
547556 0 6 184 3 0
547572 1 5 184 2 0
547972 0 6 184 3 1
548079 0 6 184 1 0
548080 1 3 184 3 0
485677 1 3 185 3 0
546439 0 6 185 1 0
546458 1 2 185 3 0
546985 1 2 185 1 0
547516 0 6 185 3 0
547624 1 2 185 4 0
547772 0 6 185 0 0
547798 1 4 185 3 0
547850 1 3 185 4 0
547971 1 3 185 3 0
548126 1 3 185 1 0
386308 0 6 186 3 0
546886 0 6 186 1 0
546987 1 4 186 1 0
547510 0 6 186 3 0
548129 1 3 186 1 0
484528 0 6 187 3 0
547127 0 6 187 1 0
547405 1 3 187 1 0
547564 0 6 187 4 1
547761 1 4 187 1 0
547970 0 6 187 1 0
548161 1 2 187 1 0
196350 0 6 188 3 0
424648 0 6 188 2 0
546885 1 3 188 1 0
547140 0 6 188 1 0
547419 1 2 188 1 0
547476 0 6 188 1 1
547743 0 6 188 1 0
30763 1 3 189 3 0
429497 1 4 189 3 0
468294 0 6 189 0 0
484529 1 3 189 3 1
546958 0 6 189 1 1
547305 0 6 189 1 0
547796 1 2 189 1 0
547952 1 3 189 3 0
548120 1 4 189 1 0
311639 0 6 190 3 1
386306 1 2 190 1 0
546457 1 4 190 3 0
547406 1 3 190 1 0
547508 1 3 190 1 0
547748 1 2 190 1 0
547942 1 1 190 2 0
59955 1 4 191 3 0
298223 0 6 191 2 0
547629 1 3 191 1 0
546663 1 2 192 1 0
546960 1 4 192 4 1
547062 1 3 192 3 0
547340 1 5 192 1 0
547380 0 6 192 1 0
547422 1 4 192 3 0
548162 1 4 192 3 0
546483 0 6 193 2 0
547372 1 4 193 1 0
547630 1 3 193 1 0
547744 1 2 193 2 1
547747 1 4 193 1 0
389411 0 6 194 3 0
493753 1 4 194 3 1
546566 0 6 194 1 0
546779 1 2 194 4 0
547746 0 6 194 0 0
547749 0 6 194 3 0
547821 1 4 194 1 0
547923 1 2 194 1 0
548074 1 3 194 3 0
112020 0 6 195 2 0
484527 1 4 195 2 0
543547 1 3 195 3 0
547047 1 2 195 1 0
547381 1 4 195 3 0
547750 0 6 195 3 0
547820 1 2 195 1 0
386993 1 3 196 4 0
546482 0 6 196 2 0
547246 0 6 196 3 0
547373 1 2 196 3 0
548267 1 2 196 1 0
546742 0 6 197 1 1
546791 0 6 197 1 0
547421 1 4 197 2 0
548139 1 2 197 3 0
191359 1 3 198 3 0
546649 0 6 198 1 0
546813 0 6 198 2 1
547130 1 4 198 4 0
548071 1 3 198 1 0
39952 1 2 199 3 0
112022 1 2 199 3 0
380918 1 3 199 2 0
404942 1 3 199 3 0
546933 1 3 199 1 0
547375 1 3 199 3 0
112027 0 6 200 3 0
149969 1 3 200 2 0
369812 0 6 200 3 1
489073 1 2 200 3 1
546934 0 6 200 2 0
190845 0 6 201 2 0
547133 0 6 201 3 0
190844 0 6 202 0 0
369811 0 6 202 3 1
380916 1 3 202 1 0
484646 0 6 202 3 0
546930 1 2 202 3 0
548137 0 6 202 4 0
190752 0 6 203 0 0
191228 1 3 203 0 0
546630 0 6 203 1 0
546932 1 3 203 0 0
547196 0 6 203 4 0
547534 1 4 203 1 0
547589 1 3 203 3 0
191236 1 2 204 0 0
548235 0 6 204 1 0
83246 0 6 205 3 0
125025 1 2 205 3 0
190231 0 6 205 3 0
546938 1 2 205 1 0
547195 1 3 205 3 0
546543 0 6 206 1 0
546602 1 4 206 1 0
547362 1 4 206 3 1
547535 0 6 206 3 0
493294 0 6 207 4 0
547523 0 6 207 1 0
547525 0 6 207 1 1
547588 0 6 207 1 0
547590 1 4 207 3 0
547802 1 3 207 4 0
191238 1 2 208 1 1
546564 1 2 208 1 0
546940 0 6 208 3 0
547536 0 6 208 3 0
547936 0 6 208 1 0
125997 0 6 209 3 0
127008 1 4 209 3 0
145441 0 6 209 3 1
546603 1 3 209 1 0
547002 0 6 209 1 0
547296 0 6 209 1 0
547587 1 4 209 0 0
547819 0 6 209 1 0
547947 0 6 209 1 0
548045 1 3 209 1 0
125996 0 6 210 3 0
418321 0 6 210 3 0
546937 1 3 210 1 0
547915 0 6 210 1 0
334794 1 3 211 3 0
443118 1 3 211 3 0
493777 1 3 211 2 0
547856 1 3 211 1 0
547946 1 4 211 1 0
127006 0 6 212 1 0
191237 1 2 212 1 0
546604 1 4 212 3 0
547142 0 6 212 3 0
99536 1 3 213 3 0
125879 1 4 213 3 0
546601 0 6 213 1 0
546679 0 6 213 3 0
546893 0 6 213 1 0
547058 0 6 213 1 0
547732 0 6 213 3 0
547917 0 6 213 1 0
548046 0 6 213 1 1
548266 1 3 213 1 0
128334 0 6 214 1 0
362730 0 6 214 2 0
547143 0 6 214 1 0
548003 1 4 214 1 0
191239 0 6 215 2 1
416872 0 6 215 3 0
443112 1 4 215 1 0
443117 1 5 215 1 0
464542 0 6 215 2 0
127607 0 6 216 1 0
128335 0 6 216 1 0
546678 0 6 216 3 1
548044 1 3 216 1 0
99533 1 4 217 1 0
127606 1 3 217 0 0
127648 1 3 217 1 0
546677 0 6 217 2 1
546902 0 6 217 1 0
548043 1 3 217 1 0
99534 1 2 218 1 0
127007 1 2 218 2 0
127014 1 3 218 3 0
128333 1 4 218 3 0
416873 1 3 218 3 0
442976 1 3 218 1 0
464547 1 4 218 4 1
99535 0 6 219 2 0
126905 0 6 219 0 0
314774 1 2 219 3 0
100489 1 3 220 1 0
101255 1 2 220 1 0
128805 1 3 220 1 0
281852 1 4 220 3 0
464544 1 4 220 3 0
548051 0 6 220 4 1
314773 0 6 221 2 0
443153 1 4 221 1 0
496337 1 4 221 3 0
99600 0 6 222 1 0
101669 0 6 222 1 1
127013 0 6 222 2 1
127498 1 3 222 1 0
128651 1 4 222 1 0
143508 0 6 222 3 0
281849 0 6 222 1 0
100488 1 4 223 1 0
443151 1 3 223 1 0
464545 1 3 223 3 0
541434 1 4 223 3 0
100295 1 3 224 1 0
100327 0 6 224 1 1
100492 1 3 224 3 0
101257 0 6 224 1 0
126906 0 6 224 1 0
127311 1 3 224 0 0
128331 0 6 224 1 0
143509 0 6 224 3 0
282915 0 6 224 1 0
314776 0 6 224 3 0
100993 1 4 225 2 0
101087 1 3 225 1 0
128806 1 2 225 1 0
314772 1 3 225 1 0
443152 0 6 225 1 0
464543 0 6 225 2 0
126993 0 6 226 1 0
127714 0 6 226 1 0
100328 1 3 227 3 0
100354 1 4 227 1 0
127960 0 6 227 4 0
128530 0 6 227 1 0
128808 1 3 227 3 0
315275 0 6 227 1 1
315820 1 5 227 3 1
443157 0 6 227 3 0
127713 0 6 228 0 0
127715 0 6 228 2 0
128396 1 3 228 4 0
128804 1 4 228 1 0
245400 0 6 228 3 1
332947 1 5 228 4 0
100171 0 6 229 1 1
100652 1 4 229 1 0
128809 0 6 229 3 0
282916 0 6 229 2 1
314771 1 3 229 1 0
100974 1 3 230 3 0
127175 1 4 230 1 0
245398 0 6 231 0 0
100651 1 3 232 1 0
128153 1 4 232 1 0
128311 0 6 232 3 0
128567 1 5 232 0 0
128596 1 4 232 1 0
128261 0 6 233 1 0
100650 0 6 235 1 0
128568 1 4 236 1 0
127993 0 6 238 1 0
128607 0 6 239 1 0
99435 0 6 240 1 0
99657 1 3 240 1 1
127282 0 6 241 1 0
127527 1 3 241 1 0
128219 1 3 241 1 0
128432 0 6 241 4 1
126962 1 5 242 1 0
127816 1 3 242 2 0
127988 0 6 242 0 0
128220 0 6 242 1 0
128221 0 6 242 3 1
128606 0 6 243 1 0
99654 0 6 244 1 0
99655 0 6 244 1 0
99656 0 6 244 1 0
127002 0 6 244 4 1
128214 1 4 244 1 0
126964 0 6 245 3 0
127423 0 6 245 1 0
127525 0 6 245 1 0
128085 1 2 245 1 0
128215 0 6 245 1 0
128404 1 3 245 1 0
101363 1 4 246 1 0
101542 0 6 246 1 0
127422 0 6 246 0 0
127877 1 2 246 1 0
127521 1 3 247 1 0
127789 0 6 247 1 0
128218 1 4 247 3 1
128537 1 3 247 1 0
101512 1 3 248 1 0
127721 0 6 248 1 1
128467 1 3 248 1 1
128665 1 3 248 0 0
165135 1 4 248 2 0
101386 1 3 249 1 0
101666 0 6 249 1 0
127450 1 3 250 1 1
127723 0 6 250 1 0
128548 0 6 250 1 0
128673 1 3 250 1 0
99520 0 6 251 4 0
100734 0 6 251 3 0
101507 1 4 251 1 0
101513 1 3 251 3 0
127132 1 3 251 1 0
127382 0 6 251 1 0
127573 0 6 251 1 0
127878 1 4 251 3 0
128026 0 6 251 1 0
99700 1 5 252 1 0
101510 1 4 252 1 0
101514 0 6 252 3 1
101693 1 2 252 1 0
128342 0 6 252 1 0
128736 1 3 252 3 0
127288 0 6 253 3 0
128668 0 6 253 2 0
99493 1 3 254 3 0
99548 1 5 254 1 0
101519 1 4 254 1 0
127019 1 4 254 1 0
127125 1 2 254 1 0
127451 0 6 254 3 0
128291 0 6 254 1 0
128343 0 6 254 1 0
128675 0 6 254 3 0
313657 0 6 254 3 0
127133 1 3 255 2 0
127287 0 6 255 1 0
127473 1 3 255 1 0
127652 0 6 255 1 0
127984 1 3 255 1 0
128290 0 6 255 1 0
128547 0 6 255 1 0
99701 1 4 256 1 0
100216 0 6 256 3 0
101057 0 6 256 2 0
101568 0 6 256 1 0
126875 0 6 256 1 0
126953 1 4 256 1 1
127011 0 6 256 1 1
127141 1 4 256 1 0
128131 1 4 256 1 0
128340 1 3 256 1 0
235193 0 6 256 3 0
101520 1 3 257 3 0
126878 0 6 257 3 0
127060 0 6 257 1 0
127260 0 6 257 1 0
127417 1 4 257 3 0
127870 0 6 257 4 1
128612 1 4 257 2 0
214557 1 3 257 3 0
101629 1 4 258 1 0
126952 0 6 258 1 0
127012 0 6 258 1 0
127262 0 6 258 1 0
127430 0 6 258 1 0
127651 0 6 258 1 1
128108 0 6 258 1 0
128345 1 3 258 3 0
128517 0 6 258 1 0
235196 0 6 258 3 0
125646 1 3 259 3 0
127120 0 6 259 1 0
127124 1 4 259 1 0
127135 0 6 259 3 0
127416 1 3 259 3 0
128132 0 6 259 3 1
504225 0 6 259 2 1
70875 0 6 260 3 0
101517 1 3 260 1 0
126984 0 6 260 1 0
127010 0 6 260 1 0
127062 0 6 260 3 0
127134 0 6 260 3 0
127305 1 4 260 1 0
127412 0 6 260 1 0
127544 0 6 260 1 0
101511 0 6 261 1 0
127123 0 6 261 0 0
127392 0 6 261 1 0
127655 1 3 261 3 1
127809 0 6 261 1 0
127862 0 6 261 1 0
128161 0 6 261 4 0
101346 1 4 262 1 0
127041 1 5 262 1 0
127117 0 6 262 1 0
127160 0 6 262 1 0
127283 0 6 262 1 0
127393 0 6 262 1 0
127507 1 3 262 1 0
127588 1 4 262 1 0
127646 0 6 262 0 0
127883 0 6 262 1 0
127974 0 6 262 1 0
128050 0 6 262 1 1
128341 1 5 262 1 0
128356 1 4 262 3 0
128516 0 6 262 1 0
128723 0 6 262 1 0
128754 0 6 262 1 0
504621 0 6 262 3 1
100339 1 3 263 1 0
101494 1 3 263 1 0
127112 0 6 263 3 0
127128 0 6 263 0 0
127627 0 6 263 4 1
128350 1 2 263 1 0
128366 0 6 263 1 0
130859 0 6 263 3 0
99744 0 6 264 1 0
126898 1 3 264 3 0
127462 1 4 264 1 0
128443 1 4 264 1 0
128654 0 6 264 1 0
378203 0 6 264 3 0
100210 1 5 265 1 0
100394 1 2 265 1 0
100501 0 6 265 1 0
126896 1 3 265 3 0
126986 1 2 265 2 0
127061 0 6 265 3 1
127161 1 4 265 1 0
127424 1 3 265 1 0
128681 0 6 265 1 0
410997 1 4 265 2 0
9194 1 4 266 3 0
99678 1 3 266 1 0
126926 1 2 266 1 0
127332 0 6 266 1 0
127506 0 6 266 1 0
99877 1 4 267 3 0
100502 1 4 267 1 0
101371 0 6 267 1 0
101493 1 4 267 0 0
127198 0 6 267 1 0
127709 1 2 267 1 1
129354 1 3 267 4 0
126864 0 6 268 2 0
126897 1 4 268 1 0
127367 0 6 268 1 0
128367 0 6 268 1 0
162704 0 6 268 3 0
99409 0 6 269 1 0
99943 1 3 269 1 0
127700 0 6 269 1 0
127706 0 6 269 3 0
128246 0 6 269 1 0
128491 0 6 269 1 0
128834 0 6 269 0 0
99681 1 2 270 4 0
99823 1 4 270 1 0
99915 1 4 270 1 0
100504 0 6 270 3 0
101370 0 6 270 1 0
101670 0 6 270 1 0
127366 0 6 270 1 0
127425 0 6 270 3 0
127705 0 6 270 3 0
129357 0 6 270 3 0
99941 1 3 271 0 0
99946 0 6 271 3 1
100026 0 6 271 3 0
101176 0 6 271 1 0
126924 0 6 271 0 0
127093 0 6 271 1 0
128248 1 3 271 3 0
99559 1 3 272 1 0
99957 0 6 272 3 0
100297 1 5 272 3 0
101503 0 6 272 1 0
101838 1 4 272 1 0
101839 0 6 272 1 0
127197 0 6 272 0 0
127199 1 4 272 1 0
127710 1 2 272 1 0
128492 0 6 272 1 0
99367 1 3 273 1 1
99609 1 3 273 1 0
99632 1 4 273 1 0
99824 0 6 273 1 0
99999 0 6 273 3 0
100672 0 6 273 3 0
100684 1 3 273 1 0
100791 0 6 273 1 0
101177 1 4 273 1 0
126919 0 6 273 1 0
127200 1 3 273 2 0
127702 0 6 273 3 0
128007 0 6 273 1 0
128841 0 6 273 2 0
479119 0 6 273 3 0
99691 1 5 274 4 1
101049 0 6 274 1 0
101372 0 6 274 2 0
101832 0 6 274 1 0
101841 1 4 274 3 0
128005 1 3 274 3 0
99608 1 3 275 1 0
99634 0 6 275 3 0
99949 1 3 275 1 0
100434 1 4 275 1 0
100690 0 6 275 1 1
100947 0 6 275 1 0
101013 0 6 275 1 0
101204 0 6 275 1 0
101410 0 6 275 1 0
101436 1 4 275 1 0
101530 0 6 275 1 0
101871 0 6 275 1 1
126920 0 6 275 3 0
126959 0 6 275 1 0
127677 0 6 275 4 1
368679 0 6 275 3 0
99366 0 6 276 1 0
99549 1 4 276 3 1
99561 1 3 276 3 0
99633 1 2 276 3 0
99942 1 5 276 0 0
100037 0 6 276 1 0
100479 1 2 276 1 0
100800 1 4 276 2 0
100809 0 6 276 1 0
100895 1 4 276 1 0
101016 1 3 276 3 0
101077 1 3 276 4 1
101435 1 4 276 1 0
101459 1 4 276 3 0
127201 1 4 276 3 1
127711 1 2 276 3 0
99581 0 6 277 1 0
99955 1 3 277 1 0
100050 1 3 277 1 0
100173 0 6 277 1 0
100290 0 6 277 1 0
100291 0 6 277 1 0
100582 0 6 277 1 0
100772 0 6 277 1 0
101073 0 6 277 1 0
101227 1 4 277 1 0
101504 1 2 277 1 0
101630 0 6 277 1 0
101817 1 3 277 1 0
101837 1 3 277 1 0
126918 1 3 277 1 0
127099 0 6 277 3 0
99440 0 6 278 4 1
99484 0 6 278 1 0
100385 1 3 278 1 0
100474 1 2 278 2 0
100714 1 3 278 1 1
100861 1 4 278 1 0
101265 1 2 278 1 0
127324 1 3 278 1 0
99951 1 4 279 1 0
99981 1 4 279 1 0
100215 0 6 279 1 0
100438 1 4 279 4 0
100771 1 4 279 1 0
100774 0 6 279 3 0
100858 1 4 279 3 0
100894 1 3 279 1 0
100953 1 4 279 1 0
101121 0 6 279 1 0
101641 0 6 279 1 0
101733 0 6 279 1 0
127325 0 6 279 3 0
215115 0 6 279 3 0
481915 1 2 279 3 0
99541 0 6 280 1 0
99950 0 6 280 1 0
99956 0 6 280 1 1
100024 0 6 280 1 0
100481 0 6 280 3 1
100983 0 6 280 3 0
101230 1 4 280 3 0
101882 1 4 280 1 0
128433 0 6 280 3 0
100051 1 2 281 3 0
100075 0 6 281 1 0
100480 1 3 281 3 1
100613 1 4 281 3 1
100835 0 6 281 3 0
100862 1 2 281 1 0
100945 1 4 281 0 0
101056 0 6 281 1 0
101075 0 6 281 3 0
101288 1 4 281 1 0
101437 1 3 281 3 0
101685 1 2 281 1 0
101870 1 3 281 1 0
101884 1 3 281 2 0
150487 1 4 281 3 0
99486 0 6 282 2 0
99982 1 4 282 1 0
100265 0 6 282 1 0
100592 0 6 282 1 0
100868 0 6 282 1 0
101299 1 3 282 1 0
177725 1 3 282 3 0
99724 0 6 283 1 1
100214 1 4 283 1 0
100865 0 6 283 1 0
100944 1 3 283 0 0
100946 0 6 283 1 0
100949 0 6 283 3 0
100952 1 4 283 1 0
101711 0 6 283 1 0
101885 0 6 283 3 0
150486 1 3 283 3 0
481914 1 3 283 1 0
40715 0 6 284 2 0
99774 0 6 284 1 0
99954 1 4 284 1 0
99983 0 6 284 3 0
100040 0 6 284 1 0
100179 0 6 284 1 0
100306 0 6 284 3 0
100478 1 4 284 1 0
100832 1 3 284 0 1
100991 0 6 284 1 0
101241 1 2 284 1 0
481617 0 6 284 1 0
99564 1 3 285 1 0
99721 1 3 285 1 0
99743 1 3 285 1 0
99953 0 6 285 3 1
100908 0 6 285 1 0
100948 1 4 285 3 0
101112 0 6 285 1 0
101535 1 4 285 1 0
101690 0 6 285 1 0
101767 1 3 285 1 0
101801 1 3 285 3 0
99540 0 6 286 0 0
99711 0 6 286 1 0
100101 0 6 286 1 0
100340 0 6 286 1 0
100428 1 4 286 1 0
100473 1 3 286 4 0
100758 0 6 286 1 1
101034 1 2 286 1 0
101688 1 4 286 3 0
109638 0 6 286 2 0
100836 1 3 287 3 0
101124 1 3 287 1 0
101534 1 3 287 1 0
101868 0 6 287 4 0
99485 0 6 288 1 0
99503 0 6 288 1 0
100311 0 6 288 4 0
101125 0 6 288 3 1
101145 0 6 288 1 0
101537 1 2 288 3 0
101687 0 6 288 3 0
101730 0 6 288 3 0
101795 0 6 288 1 0
320763 0 6 288 3 1
99704 0 6 289 3 1
99723 0 6 289 1 0
100193 1 3 289 4 1
100833 0 6 289 0 0
101086 0 6 289 1 0
101243 1 3 289 3 0
101312 1 4 289 1 0
481619 0 6 289 1 0
99490 0 6 290 1 0
99542 0 6 290 1 0
99545 0 6 290 3 0
99947 1 3 290 4 0
100759 0 6 290 3 0
101311 1 2 290 1 0
101867 0 6 290 3 0
100420 1 3 291 1 0
101242 1 4 291 3 1
481956 0 6 291 1 0
39993 1 4 292 3 0
99543 0 6 292 1 0
99547 1 3 292 1 0
99887 1 5 292 1 0
100814 1 3 292 1 0
100834 0 6 292 1 0
101310 0 6 292 0 0
101319 1 2 292 3 0
481620 0 6 292 3 0
99628 1 4 293 1 0
99722 0 6 293 1 0
99907 0 6 293 1 0
99987 1 3 293 1 0
101318 1 3 293 3 0
99546 0 6 294 0 0
99819 0 6 294 1 0
481479 1 3 294 1 0
481957 0 6 294 1 0
29114 1 2 295 3 0
99550 0 6 295 3 0
100396 1 4 295 3 0
298604 1 3 295 3 1
481970 0 6 295 1 0
481977 1 4 295 1 0
100149 1 3 296 1 0
100785 1 4 296 4 1
428042 0 6 296 2 1
481492 1 5 296 1 1
99886 0 6 297 1 0
100397 1 4 297 3 0
100816 1 3 297 3 0
481478 0 6 297 1 0
481496 0 6 297 2 0
99815 0 6 298 1 1
481104 0 6 298 1 0
481958 1 4 298 2 0
481652 1 4 299 2 0
482052 0 6 299 1 0
482549 1 3 299 1 0
99814 1 2 300 1 0
382231 1 3 300 3 0
481987 1 5 300 1 0
100621 1 2 301 1 0
100898 0 6 301 1 0
482551 0 6 301 3 0
99422 1 2 302 1 0
481227 0 6 302 2 0
481435 0 6 302 1 0
481469 1 3 302 3 0
101809 1 3 303 1 0
481206 1 3 303 1 1
481900 0 6 303 1 0
481986 0 6 303 1 0
482545 0 6 303 3 0
482548 0 6 303 1 0
99752 0 6 304 1 0
481447 0 6 304 0 1
481650 1 3 304 0 0
100001 0 6 305 3 0
100623 0 6 305 3 0
101617 0 6 305 1 0
400275 1 3 305 3 1
481466 0 6 305 1 0
482078 1 2 305 1 0
481452 0 6 306 1 0
481988 1 2 306 1 0
101616 1 5 307 1 0
480969 0 6 307 1 0
481441 1 3 307 3 0
482301 1 2 307 1 0
482542 0 6 307 1 0
101635 1 4 308 1 0
480971 1 4 308 3 0
481205 1 3 308 1 0
481446 1 4 308 0 0
481448 0 6 308 1 0
481459 1 4 308 3 0
481904 1 4 308 3 0
183251 1 4 309 3 0
480970 0 6 309 3 0
482288 0 6 309 1 0
100433 1 4 310 3 0
222532 0 6 310 3 0
481453 1 2 310 2 0
481467 1 3 310 2 0
482079 0 6 310 1 0
482289 1 2 310 1 0
218558 0 6 311 3 0
222533 1 4 311 3 0
481207 0 6 311 1 0
481370 0 6 311 4 0
481449 1 5 311 1 0
481458 0 6 311 3 0
481629 1 4 311 1 0
482098 1 3 311 1 0
482286 0 6 311 0 0
482302 1 4 311 3 0
481079 0 6 312 1 0
481521 1 5 312 1 0
482097 0 6 312 1 0
481218 0 6 313 3 0
481450 0 6 313 2 0
481525 1 2 313 3 0
481596 1 4 313 4 0
481842 1 2 313 1 0
482063 0 6 313 1 0
482103 0 6 313 3 0
482126 0 6 313 1 0
482557 1 3 313 3 0
481472 1 3 314 4 1
481523 0 6 314 1 0
481524 0 6 314 3 1
482022 0 6 314 1 0
482292 0 6 314 3 1
482622 0 6 314 3 0
493688 1 2 314 2 0
336471 1 3 315 3 0
481210 0 6 315 3 0
481522 0 6 315 1 0
482062 0 6 315 1 0
482101 1 3 315 1 0
482107 1 4 315 1 0
482290 0 6 315 3 0
482291 1 4 315 3 0
481696 1 3 316 1 0
481019 1 5 317 1 0
482081 0 6 317 3 0
482449 1 3 317 1 0
482623 0 6 317 3 1
445227 0 6 318 2 0
481096 0 6 318 3 0
481698 0 6 318 3 0
482012 1 5 318 1 0
482109 0 6 318 3 0
482554 0 6 318 1 0
482659 0 6 318 2 1
361104 0 6 319 3 0
481703 0 6 319 0 0
481803 0 6 319 1 1
482099 0 6 319 1 0
482238 0 6 319 1 0
479836 0 6 320 3 0
481407 0 6 320 1 0
482013 1 3 320 3 0
323695 0 6 321 3 0
477241 0 6 321 3 0
481424 0 6 321 1 0
481020 0 6 322 3 0
323696 0 6 323 3 0
481224 0 6 323 1 0
482530 1 3 323 1 0
384044 1 3 324 3 0
482236 1 4 324 0 0
426011 0 6 327 3 0
482509 0 6 327 1 1
482237 1 3 328 1 0
482511 0 6 333 3 0
462601 1 3 338 3 0
493831 1 3 341 3 0
462596 1 5 342 1 0
494110 0 6 343 3 0
