401859 2 1 4 1
45746 3 2 4 0
333187 3 2 0 0
429161 5 4 3 0
559342 5 4 4 0
142271 6 3 1 0
143873 6 2 1 0
218918 6 5 2 0
453651 6 2 3 0
430721 7 1 0 0
430722 7 3 1 0
560548 8 3 3 0
142453 9 3 3 0
213792 9 2 3 0
397826 10 2 3 0
431117 10 3 1 0
213791 12 3 2 0
143843 13 4 1 0
397815 13 2 1 0
454014 13 3 1 0
472355 13 3 2 1
143220 14 2 1 0
397831 15 2 1 0
399682 15 4 3 0
454017 15 3 2 0
399533 16 2 1 0
453090 16 3 1 0
139679 17 2 3 0
143846 17 3 1 0
398436 17 1 1 0
399183 17 3 1 0
454018 17 3 3 0
454019 18 4 3 0
397828 19 3 0 0
398214 19 1 1 0
532388 19 3 3 0
452670 20 3 3 0
139676 21 2 0 0
397519 21 2 1 0
397811 21 3 1 0
453947 21 4 4 1
397521 22 1 1 0
454293 23 3 1 0
454391 23 2 1 0
454703 23 2 1 0
397587 24 3 1 0
398910 24 2 1 0
454751 24 3 1 1
454295 25 2 1 0
454297 25 3 3 1
454913 25 4 4 0
397586 26 3 1 0
452844 26 3 1 0
454702 26 3 1 0
454752 26 2 1 0
454947 26 2 1 0
397589 27 2 3 0
453992 27 3 1 0
454392 27 4 1 0
454705 27 2 3 0
397127 28 3 1 0
453214 28 1 1 0
453340 28 1 1 0
453620 28 4 1 0
454390 28 3 1 0
399317 29 2 1 0
452939 29 3 1 0
398699 30 3 1 0
452577 30 3 1 0
453453 30 1 1 0
453597 30 3 1 0
453797 30 3 1 0
397732 31 3 1 1
452925 31 3 3 0
205947 32 2 2 0
453989 32 3 0 0
453994 32 2 3 0
454704 32 4 1 0
454992 32 4 1 0
397472 33 4 1 0
397945 33 2 1 0
399316 33 3 0 0
452941 33 3 3 0
453028 33 3 1 0
454208 33 1 0 0
205952 34 2 3 1
207471 34 3 2 0
397268 34 2 1 0
398432 34 2 1 0
453598 34 3 3 1
453990 34 3 1 0
397271 36 4 1 0
397475 36 3 3 0
398277 36 2 1 1
398542 36 2 1 0
452579 36 3 3 0
205951 37 3 3 0
399319 37 3 3 0
399662 37 2 1 1
452614 37 3 3 0
452749 37 3 1 0
453031 37 3 3 1
453951 37 3 1 0
206991 38 3 2 0
384690 38 1 3 1
397490 38 3 1 0
397643 38 3 1 0
398431 38 2 1 0
450927 38 2 2 0
452816 38 3 1 0
452647 39 3 4 1
453295 39 3 3 0
453364 39 2 3 0
453599 39 4 3 1
453802 39 2 1 0
453816 39 4 1 0
454000 39 3 3 0
454462 39 3 1 0
86164 40 3 3 0
399462 40 4 0 0
452706 40 3 1 0
452752 40 4 3 0
453279 40 4 1 0
454458 40 3 1 0
454997 40 2 1 0
384687 41 2 0 0
396649 41 4 3 0
397642 41 4 1 0
452843 41 2 1 0
453326 41 2 1 0
453538 41 3 1 0
454648 41 3 1 0
398688 42 4 3 0
399511 42 3 1 0
453293 42 3 1 0
453878 42 3 3 0
453922 42 2 1 0
454116 42 4 4 0
454566 42 3 1 0
398966 43 2 0 0
399466 43 4 3 1
452827 43 1 1 0
454102 43 3 1 0
454214 43 4 4 0
454316 43 3 1 0
454676 43 3 0 0
384395 44 2 0 0
399475 44 2 4 1
453849 44 3 3 1
454597 44 3 1 0
454960 44 2 1 0
537351 44 3 3 0
74355 45 3 3 0
384570 45 3 1 0
399173 45 2 0 0
399348 45 3 0 0
399561 45 2 1 0
423276 45 2 3 0
454528 45 2 0 0
398540 46 3 0 0
453265 46 4 1 0
454199 46 3 1 0
454498 46 1 1 0
454596 46 2 0 0
399174 47 2 1 0
399350 47 3 3 0
453403 47 2 3 0
454639 47 3 1 0
537352 47 2 3 0
397203 48 4 1 0
399033 48 2 0 0
399605 48 4 1 0
454325 48 3 0 0
384572 49 3 3 0
399184 49 4 1 0
452733 49 4 1 0
454196 49 3 1 0
397484 50 4 1 0
398099 50 3 1 0
399558 50 3 3 0
452979 50 3 1 0
453392 50 4 3 0
454525 50 3 3 0
171568 51 3 3 0
383281 51 2 1 0
383551 51 2 2 0
397473 51 4 1 0
398098 51 2 1 0
447955 51 1 2 0
462367 51 1 3 0
397868 52 3 3 0
398051 52 3 1 0
398102 52 4 4 0
468134 52 2 3 0
133738 53 4 2 0
384704 53 2 1 0
385060 53 2 3 0
399086 53 2 1 0
399358 53 2 3 0
453614 53 3 1 0
454984 53 3 3 0
30575 54 2 2 0
79455 54 2 3 1
384236 54 2 3 0
454783 54 3 1 0
454986 54 2 1 0
156893 55 3 3 1
383549 55 2 1 0
398100 55 4 3 1
398105 55 3 3 0
453769 55 2 3 1
468129 55 2 1 0
468133 55 3 3 1
479034 55 4 3 0
452684 56 2 1 0
453687 56 3 1 0
454151 56 3 1 0
454419 56 3 3 0
320149 57 3 3 0
382965 57 4 1 0
453660 57 3 1 0
30358 58 3 3 0
383039 58 3 1 0
383717 58 4 1 0
452736 58 4 3 0
453688 58 3 3 0
383411 59 4 1 0
383663 59 3 3 0
384185 59 2 1 0
452734 59 1 1 0
452861 59 3 3 0
453793 59 3 3 0
384092 60 4 1 0
384121 60 3 1 0
384145 60 2 1 0
454252 60 3 3 0
457188 60 4 3 0
383386 61 2 1 0
383435 61 3 1 0
383484 61 4 3 0
383526 61 2 1 0
384691 61 2 1 1
399304 61 3 1 0
383158 62 3 1 0
383225 62 4 1 0
383837 62 4 1 0
453794 62 3 3 0
383747 63 2 1 0
383752 63 3 1 0
384173 63 2 1 0
399119 63 4 1 0
399305 63 2 3 0
454908 63 4 1 0
99732 64 2 3 0
219868 64 4 3 0
383066 64 4 1 1
383733 64 2 1 0
383984 64 2 1 0
384124 64 2 3 0
384177 64 3 1 0
454041 64 2 4 1
454075 64 3 1 0
384061 65 4 1 0
384359 65 3 4 0
384414 65 4 1 0
453950 65 2 1 0
455009 65 3 2 0
383203 66 2 3 0
383798 66 2 1 1
384065 66 3 2 0
384170 66 1 1 0
384244 66 2 1 0
398424 66 4 1 0
398488 66 1 1 0
453486 66 3 1 0
454916 66 3 0 0
100165 67 1 3 0
383060 67 3 3 0
383143 67 3 1 0
434866 67 3 1 0
434867 67 1 1 0
454688 67 4 1 0
383062 68 3 0 0
383305 68 1 2 0
383441 68 3 1 1
383639 68 3 1 0
383739 68 4 1 0
383746 68 4 0 0
384063 68 2 3 0
384245 68 2 3 0
384524 68 1 1 0
384582 68 2 1 0
12944 69 3 3 0
161727 69 3 2 1
346660 69 2 1 0
383968 69 4 1 0
383982 69 3 1 0
384324 69 3 0 0
384496 69 4 1 0
384692 69 4 1 0
398049 69 2 1 0
434213 69 4 3 0
453427 69 4 1 0
99734 70 3 0 0
383071 70 2 0 0
384487 70 4 3 0
452999 70 3 3 0
100168 71 3 3 0
100690 71 2 1 0
383220 71 2 2 1
383500 71 3 1 0
383967 71 3 1 0
393685 71 1 1 0
454690 71 4 3 0
99989 72 3 3 0
349973 72 2 3 0
383070 72 2 0 0
383336 72 3 0 0
383439 72 2 3 0
383841 72 5 1 0
384399 72 2 1 0
384583 72 3 1 0
453487 72 3 3 0
155876 73 1 3 0
383243 73 3 1 0
383275 73 3 0 0
383501 73 3 1 0
383789 73 3 1 0
383993 73 4 1 0
384162 73 2 4 0
384527 73 2 3 0
434173 73 1 1 0
434859 73 3 0 1
453046 73 3 3 0
529424 73 3 3 0
99740 74 2 3 0
155131 74 1 3 0
383016 74 3 1 0
383242 74 3 1 0
383899 74 3 1 0
384072 74 3 1 0
452998 74 3 3 0
453428 74 3 3 1
100691 75 1 2 0
193543 75 3 3 0
383196 75 3 3 0
383981 75 3 1 1
384596 75 3 1 0
434895 75 2 1 0
50524 76 3 3 0
100035 76 2 1 0
101736 76 3 1 0
349258 76 1 3 0
383900 76 3 1 0
383994 76 3 1 0
384240 76 3 3 0
384268 76 4 1 0
434945 76 3 1 0
42335 77 3 2 0
383190 77 2 2 0
383234 77 3 1 0
384584 77 3 3 0
415616 77 2 3 0
434914 77 3 1 0
435756 77 2 1 0
453045 77 3 3 0
454460 77 2 4 0
99986 78 4 1 0
100693 78 3 3 1
100697 78 3 4 1
383181 78 3 1 1
383244 78 2 2 1
383245 78 4 3 1
383527 78 3 1 0
384342 78 3 3 0
433954 78 2 2 0
434431 78 3 1 0
434898 78 3 3 0
435533 78 4 1 0
435759 78 2 3 0
454165 78 3 2 0
1514 79 3 3 0
193544 79 3 3 0
383427 79 1 1 0
384104 79 2 1 0
384286 79 3 3 0
99968 80 3 1 0
101240 80 2 1 0
384001 80 3 1 0
384339 80 3 1 0
384599 80 4 3 0
434271 80 2 4 0
434373 80 2 1 0
434798 80 2 1 1
434868 80 2 1 0
435768 80 2 1 0
435940 80 3 1 0
435953 80 2 1 0
509040 80 2 3 1
100227 81 4 1 0
101239 81 4 1 0
101548 81 1 1 0
101825 81 2 1 0
327233 81 3 2 0
383235 81 3 1 0
383396 81 3 3 0
434847 81 3 1 0
434944 81 3 1 0
435352 81 2 1 0
453143 81 3 3 0
552965 81 3 3 0
99970 82 3 3 0
101315 82 1 1 0
383402 82 3 1 1
384107 82 2 1 0
384481 82 4 4 0
433972 82 3 1 0
434194 82 4 3 0
434277 82 2 1 0
434374 82 2 1 1
435047 82 2 1 0
435105 82 3 3 0
435537 82 2 1 0
99428 83 1 3 0
99969 83 3 2 1
312844 83 3 3 0
384003 83 3 3 0
384539 83 3 4 0
433943 83 4 1 0
434031 83 2 1 0
434063 83 2 1 1
435087 83 4 1 0
435115 83 3 1 0
435142 83 4 1 0
435148 83 2 0 1
435340 83 2 1 0
435465 83 3 1 0
325479 84 4 3 0
383137 84 2 1 0
383186 84 4 3 0
383902 84 4 3 0
405980 84 3 3 1
434017 84 2 2 0
434129 84 4 3 0
434303 84 3 3 0
434375 84 4 1 0
434638 84 2 4 0
435106 84 3 3 0
435357 84 2 1 0
436052 84 3 1 0
552964 84 2 3 1
100228 85 3 1 0
100710 85 4 1 0
376770 85 3 3 0
383536 85 3 3 0
383537 85 2 3 0
384106 85 2 1 0
434598 85 3 2 0
434950 85 3 3 0
435169 85 3 1 0
435487 85 3 1 0
435686 85 3 1 0
435943 85 4 2 0
436019 85 3 1 0
482670 85 3 2 0
509039 85 2 3 0
35522 86 2 3 0
152417 86 2 3 0
170909 86 4 2 0
346638 86 4 3 0
346823 86 3 1 0
383401 86 3 1 0
434370 86 4 1 0
100836 87 4 1 0
101627 87 3 3 1
101824 87 3 0 0
239967 87 3 2 0
407837 87 3 1 0
434015 87 3 1 0
434034 87 2 3 1
434156 87 3 1 0
435382 87 2 1 0
436030 87 4 1 0
471474 87 3 3 0
35520 88 2 1 0
79772 88 3 3 0
90310 88 3 3 0
99571 88 2 1 0
100826 88 3 1 1
100839 88 3 3 0
101712 88 4 1 0
101828 88 3 3 0
125480 88 3 3 1
206175 88 3 3 0
268685 88 4 3 0
353708 88 4 3 0
383142 88 3 3 0
383592 88 4 1 0
384352 88 3 4 0
433991 88 2 2 0
435036 88 5 1 0
435526 88 3 3 0
435688 88 2 3 0
435912 88 3 1 0
435955 88 3 3 0
471473 88 2 3 0
505265 88 3 3 1
194320 89 4 3 0
268684 89 3 3 0
328008 89 3 3 0
383138 89 4 2 0
384105 89 2 1 1
408386 89 2 1 0
433990 89 2 3 0
434599 89 3 3 0
435742 89 4 1 0
99427 90 3 1 0
99541 90 2 1 0
100339 90 3 1 0
100738 90 1 0 0
100830 90 2 0 0
100840 90 3 3 0
101319 90 3 3 0
193534 90 4 1 0
194602 90 2 1 0
346824 90 3 1 0
384315 90 3 1 0
384349 90 4 1 0
434165 90 3 3 0
434369 90 3 1 0
435361 90 3 3 0
435432 90 2 1 0
100835 91 4 0 0
101413 91 3 1 0
178955 91 3 3 0
234355 91 3 3 0
434091 91 3 1 0
79770 92 4 2 0
100767 92 3 1 0
206174 92 3 1 0
209312 92 4 3 0
226342 92 2 3 0
382961 92 2 3 0
383988 92 1 1 0
384614 92 3 1 0
434428 92 4 2 1
435918 92 3 1 0
492916 92 2 3 0
99573 93 4 3 0
99577 93 4 2 0
100372 93 4 0 0
154514 93 3 3 0
296489 93 4 3 1
346827 93 4 3 0
383770 93 4 2 0
407401 93 3 1 0
434208 93 2 1 0
435328 93 3 1 0
511526 93 4 3 0
37501 94 3 2 0
101819 94 3 1 0
193955 94 2 1 0
194149 94 2 1 0
226641 94 3 3 1
383764 94 4 1 0
433955 94 3 1 0
434976 94 3 4 0
435915 94 3 2 0
99678 95 4 1 0
100768 95 3 3 0
101412 95 3 1 0
209311 95 4 3 1
226341 95 3 3 0
312637 95 3 3 0
358738 95 3 3 0
434897 95 4 3 0
434949 95 1 1 0
435369 95 3 3 0
435434 95 4 3 0
11275 96 2 3 0
35527 96 3 3 0
99371 96 4 3 0
101370 96 3 3 0
101577 96 2 1 0
164459 96 3 2 0
209316 96 3 3 0
383633 96 3 1 0
384619 96 3 1 0
434856 96 3 1 0
435592 96 3 1 0
435743 96 2 3 0
435920 96 2 3 0
435992 96 3 4 0
99370 97 2 3 0
99387 97 3 1 0
99985 97 3 1 0
101110 97 2 1 0
101587 97 4 1 0
193377 97 3 1 0
207831 97 3 4 1
348909 97 2 2 1
383634 97 2 1 0
384362 97 4 1 0
433956 97 3 1 0
433957 97 2 1 0
435345 97 3 1 0
435385 97 3 3 0
518053 97 2 3 0
100569 98 4 4 0
100766 98 3 3 0
100985 98 2 1 0
101383 98 2 1 0
210314 98 1 3 1
234763 98 4 3 0
408531 98 3 1 0
434650 98 3 1 0
435744 98 2 3 0
454188 98 2 3 0
99399 99 3 1 0
99651 99 3 3 0
100091 99 3 3 0
100705 99 3 1 0
101452 99 3 1 0
101517 99 2 1 1
101759 99 1 1 0
156110 99 3 3 0
179139 99 3 4 0
193379 99 3 3 0
193749 99 3 2 0
193750 99 2 2 0
194116 99 3 4 0
205866 99 3 3 0
209309 99 2 1 0
347511 99 3 1 0
347945 99 3 4 0
383635 99 3 1 0
434356 99 2 2 0
434935 99 2 4 0
435893 99 2 1 1
99369 100 3 0 0
99398 100 2 0 0
99445 100 2 1 0
100210 100 3 1 0
100953 100 3 1 0
193381 100 1 1 0
193751 100 2 3 0
194689 100 2 4 0
383477 100 4 2 0
434210 100 3 2 0
434633 100 3 3 0
434855 100 3 0 0
435504 100 3 1 0
3688 101 3 3 0
36445 101 4 2 0
100261 101 4 1 0
101066 101 3 1 0
101083 101 2 1 0
101446 101 2 1 0
264041 101 4 3 1
348905 101 3 3 0
383282 101 2 2 0
384272 101 3 1 0
434919 101 3 1 0
435307 101 3 1 0
435594 101 2 3 0
484034 101 3 2 0
518060 101 3 1 1
100478 102 3 1 0
100796 102 3 3 0
100954 102 1 3 1
101224 102 2 0 0
101897 102 3 4 0
407150 102 3 1 0
434021 102 4 3 0
434910 102 3 1 0
484030 102 2 1 0
99510 103 3 4 0
99810 103 2 1 0
100146 103 3 2 0
100987 103 4 3 1
101274 103 3 1 0
101526 103 3 1 0
154649 103 3 3 0
299115 103 4 2 0
434495 103 3 1 0
100119 104 1 1 0
100180 104 4 4 0
100910 104 2 3 0
100986 104 3 1 1
101068 104 4 1 0
101079 104 4 1 0
101385 104 3 3 1
101542 104 4 2 0
101691 104 3 1 0
384160 104 2 4 1
384274 104 3 3 0
407151 104 2 2 0
407316 104 2 3 0
419007 104 2 3 0
433938 104 4 2 1
434570 104 1 1 0
434918 104 2 0 0
483826 104 2 1 0
517729 104 2 2 0
100053 105 2 2 0
100250 105 2 0 0
179138 105 3 4 0
285844 105 2 3 0
500168 105 4 3 0
100054 106 3 2 0
100166 106 2 3 0
100728 106 3 1 0
100783 106 3 1 0
100874 106 3 1 0
100899 106 4 0 0
100918 106 2 1 0
101304 106 3 1 0
156042 106 3 2 0
407091 106 3 3 0
407212 106 2 3 0
407215 106 4 3 1
492462 106 2 3 0
100089 107 3 1 0
100253 107 2 1 0
100723 107 2 3 1
100909 107 4 3 0
101356 107 1 0 0
101607 107 2 0 0
101692 107 3 1 0
154464 107 1 2 0
208161 107 3 1 1
209284 107 1 1 0
384271 107 3 0 0
414830 107 3 2 0
434645 107 3 3 0
484031 107 2 1 0
484033 107 3 3 0
517721 107 2 3 0
518781 107 2 1 0
101172 108 3 1 0
171894 108 3 3 0
193380 108 4 1 0
492463 108 2 3 0
512530 108 4 3 0
99493 109 3 1 0
99558 109 3 3 0
99799 109 2 4 0
243990 109 3 3 0
344507 109 3 2 0
349990 109 3 1 0
456570 109 3 3 1
99373 110 3 1 0
100050 110 3 0 0
100707 110 3 3 0
100875 110 3 3 1
100919 110 3 3 0
101175 110 1 0 0
101492 110 3 3 0
300704 110 2 1 0
407768 110 3 1 0
408067 110 2 1 0
429033 110 1 3 0
500164 110 3 1 0
517587 110 4 1 0
100303 111 4 0 0
101136 111 3 1 0
129519 111 4 3 1
288714 111 3 3 0
300926 111 3 1 0
300993 111 4 1 0
414832 111 2 3 0
500130 111 2 3 1
500166 111 3 1 0
500167 111 4 3 0
515999 111 3 3 0
101131 112 2 0 1
101294 112 3 1 0
101655 112 3 1 0
164579 112 2 3 0
299643 112 3 1 0
301192 112 2 1 0
384275 112 4 3 0
408183 112 2 1 0
434572 112 3 3 0
518388 112 1 1 0
100014 113 3 3 0
100135 113 3 4 0
193450 113 2 3 0
208298 113 3 3 0
217225 113 3 1 0
300706 113 4 2 1
408285 113 4 1 0
484066 113 3 3 0
500579 113 2 2 0
99557 114 3 3 0
100550 114 2 3 0
278386 114 3 3 0
299259 114 2 1 0
299452 114 2 1 0
300795 114 3 1 0
307695 114 2 3 0
348329 114 4 1 0
408287 114 3 3 0
485765 114 2 3 0
500272 114 1 1 0
500273 114 4 1 0
517484 114 3 3 0
518868 114 3 1 0
71039 115 2 3 0
101360 115 4 0 0
299823 115 2 1 1
349994 115 1 3 0
408187 115 3 3 0
456048 115 3 1 0
456584 115 1 1 0
484067 115 3 3 0
517725 115 2 1 0
51633 116 2 3 0
100202 116 2 1 0
101039 116 3 4 1
348339 116 2 0 0
429034 116 4 3 0
456214 116 2 1 0
456566 116 4 1 0
95864 117 3 3 0
100511 117 4 1 0
100984 117 4 0 0
101132 117 3 0 0
299456 117 4 3 0
299824 117 2 3 0
335734 117 3 1 0
456568 117 2 2 0
499110 117 4 4 0
499661 117 2 1 1
500271 117 3 1 0
518854 117 2 1 0
101190 118 3 1 0
101297 118 4 3 0
101475 118 3 3 0
101778 118 3 1 0
243265 118 3 3 0
299257 118 3 1 0
300709 118 2 1 0
301177 118 3 1 0
408241 118 3 1 0
455668 118 2 1 0
455706 118 3 3 0
272523 119 2 3 0
298996 119 2 1 0
299825 119 3 3 1
300094 119 2 3 0
301125 119 1 1 0
407123 119 2 1 0
470943 119 4 3 0
498655 119 3 3 0
500036 119 2 1 0
99540 120 2 1 0
101395 120 2 4 1
335732 120 2 3 0
406885 120 2 1 0
499220 120 3 1 0
499437 120 3 1 0
499984 120 1 1 0
45697 121 4 3 1
101060 121 2 3 1
101779 121 2 1 0
205968 121 3 2 0
278382 121 4 1 0
298832 121 3 1 0
300775 121 3 1 0
300778 121 3 3 0
450384 121 1 3 0
455145 121 3 1 0
456308 121 3 1 1
457020 121 2 1 0
500274 121 4 3 0
500284 121 4 3 0
500577 121 4 1 0
298626 122 3 1 0
298992 122 4 1 1
299009 122 3 3 0
299985 122 2 1 0
300776 122 3 1 0
407239 122 4 1 0
499899 122 2 1 0
531872 122 4 3 0
45698 123 2 3 0
101523 123 2 2 0
273290 123 2 2 0
298954 123 3 1 0
298997 123 4 1 0
298998 123 1 3 0
299234 123 2 1 0
300582 123 3 1 0
455809 123 3 1 0
456592 123 2 1 0
498912 123 3 1 0
511308 123 3 3 1
101392 124 3 3 0
300033 124 3 1 1
300185 124 2 1 0
300388 124 3 1 0
300547 124 2 1 0
336035 124 1 1 0
455798 124 4 4 0
456679 124 4 3 0
456797 124 3 3 1
481483 124 3 2 0
498915 124 3 3 0
499439 124 4 1 0
499954 124 2 1 0
559223 124 4 3 1
266332 125 2 3 0
299377 125 3 1 0
300034 125 2 1 0
300581 125 1 0 0
301130 125 3 0 0
336034 125 4 0 0
455576 125 3 1 0
463737 125 2 3 1
498877 125 2 1 0
499680 125 3 1 0
519046 125 3 2 0
559228 125 3 3 1
101535 126 3 2 0
266071 126 3 2 0
298628 126 4 3 0
300201 126 2 1 0
300290 126 3 1 0
300391 126 3 3 1
300429 126 2 1 0
300702 126 2 1 0
300874 126 3 1 0
301181 126 3 2 0
301245 126 3 1 0
456723 126 2 1 0
499231 126 3 1 1
499900 126 4 3 0
300833 127 1 1 0
300895 127 3 1 0
301091 127 4 1 0
301161 127 4 1 0
408596 127 3 1 0
455394 127 3 1 0
498876 127 1 1 0
499897 127 1 0 0
518865 127 4 1 0
101534 128 2 1 0
299060 128 2 1 0
299281 128 1 1 0
299378 128 2 3 0
299556 128 3 1 0
300019 128 2 1 0
300608 128 2 1 0
301257 128 3 1 0
327688 128 3 3 0
456122 128 2 1 0
500417 128 3 1 0
518918 128 2 1 1
559308 128 3 4 1
146371 129 2 3 0
298793 129 3 1 0
299370 129 2 3 0
299869 129 2 1 0
300189 129 3 3 0
300389 129 3 1 0
300876 129 4 3 0
301096 129 4 4 1
456675 129 4 3 0
519044 129 4 3 0
239388 130 1 2 0
299213 130 3 3 0
300200 130 2 1 0
300292 130 3 3 0
301259 130 2 3 0
335569 130 2 1 0
407801 130 4 1 0
499434 130 1 1 0
499478 130 2 1 0
499964 130 3 3 0
500344 130 3 1 0
500359 130 2 3 1
298726 131 2 1 0
299036 131 3 2 0
299312 131 3 1 0
300018 131 2 1 1
300160 131 3 1 1
300291 131 3 1 0
301136 131 3 1 0
406895 131 3 1 0
498609 131 3 2 0
499502 131 3 3 0
11639 132 2 1 0
11640 132 3 3 0
258214 132 3 3 0
298632 132 4 1 0
298668 132 3 1 0
299260 132 2 3 0
299286 132 3 4 1
299408 132 3 3 0
299728 132 2 1 0
299851 132 1 1 0
299871 132 3 1 0
299907 132 3 1 0
300737 132 4 1 0
300930 132 4 3 0
496865 132 2 3 0
499484 132 2 1 1
499511 132 2 1 0
499752 132 3 1 0
146369 133 3 1 0
278228 133 4 1 0
298627 133 3 1 0
298792 133 4 1 0
298841 133 3 1 0
299872 133 3 3 0
300698 133 3 3 0
300835 133 2 3 0
300847 133 4 1 0
455399 133 2 3 0
498610 133 3 2 0
499504 133 3 4 1
499754 133 2 3 0
500002 133 2 1 0
517425 133 3 1 0
518921 133 4 3 0
145595 134 2 1 0
169453 134 3 2 0
267952 134 3 3 1
279285 134 3 1 0
298787 134 3 1 0
298827 134 3 1 0
298883 134 2 3 0
300161 134 2 3 0
300583 134 4 2 0
335561 134 3 1 0
336068 134 2 3 0
456496 134 3 1 0
499914 134 3 3 0
518212 134 3 1 0
534012 134 2 2 0
11637 135 3 1 0
146919 135 3 1 0
186111 135 3 3 0
298840 135 3 1 0
298974 135 2 2 0
299679 135 3 1 0
300647 135 4 3 0
300965 135 3 1 0
301220 135 3 1 1
335342 135 3 3 1
406896 135 3 3 0
407552 135 2 3 0
408390 135 3 1 0
456655 135 2 1 0
498611 135 2 3 0
498618 135 3 1 0
498843 135 3 3 0
499218 135 4 1 0
499659 135 3 1 0
517426 135 3 1 0
518796 135 4 1 0
12471 136 3 3 0
299184 136 2 1 0
300247 136 3 1 0
300644 136 3 1 0
300867 136 2 1 0
358789 136 4 3 0
407077 136 3 3 0
408310 136 2 3 0
411969 136 2 2 0
455396 136 3 3 0
456134 136 3 1 0
499462 136 1 1 0
499750 136 2 0 0
511478 136 2 1 0
512363 136 1 1 0
518923 136 2 0 0
110169 137 2 2 0
272130 137 2 3 0
298788 137 2 3 0
298843 137 3 3 0
299680 137 3 2 0
300281 137 2 1 0
300316 137 3 1 0
300538 137 1 4 0
300595 137 2 1 0
300689 137 4 4 0
301219 137 3 1 1
301222 137 4 3 0
335903 137 2 1 0
407642 137 4 1 0
412445 137 2 3 0
456200 137 2 0 0
511814 137 2 4 1
517669 137 3 1 0
518558 137 3 1 0
519249 137 2 1 0
145598 138 2 1 0
146048 138 4 1 0
146825 138 3 4 1
227807 138 3 3 0
298828 138 2 1 0
299341 138 2 1 0
299421 138 4 3 0
299650 138 2 0 0
299852 138 4 1 0
299924 138 3 1 0
300084 138 3 1 0
300249 138 4 1 0
300360 138 1 1 0
300643 138 3 0 0
300977 138 3 1 0
335901 138 1 0 0
336166 138 4 1 0
455604 138 3 1 1
456144 138 2 1 0
456659 138 2 3 0
456710 138 3 1 0
499505 138 3 3 0
146408 139 3 1 0
146923 139 3 1 0
187241 139 3 3 0
240352 139 3 3 0
298752 139 2 3 0
298837 139 4 1 0
299539 139 3 1 0
299553 139 2 1 0
300086 139 1 1 0
300166 139 3 0 0
300868 139 3 1 0
309712 139 2 3 1
335536 139 2 1 0
335560 139 2 1 0
335562 139 4 3 0
336543 139 2 1 0
348308 139 3 3 0
405947 139 2 3 0
407825 139 4 1 0
455450 139 1 1 0
456432 139 2 1 0
456864 139 4 1 0
498926 139 3 3 0
499485 139 4 1 0
500205 139 2 1 0
517393 139 3 1 0
519105 139 3 1 0
57789 140 3 3 1
199629 140 2 3 0
269661 140 3 3 0
273493 140 4 3 0
299731 140 2 3 0
299994 140 2 1 0
300282 140 3 3 0
300597 140 3 3 0
301144 140 4 3 0
336067 140 4 3 1
336183 140 3 1 0
455013 140 2 1 0
455395 140 3 3 0
455600 140 2 1 0
455631 140 4 1 0
455827 140 3 1 0
456980 140 2 1 0
457050 140 4 4 0
498612 140 3 3 0
499133 140 2 3 0
499593 140 3 1 0
499938 140 3 1 0
518373 140 3 1 0
518980 140 1 1 0
143267 141 2 2 0
273494 141 4 3 1
278781 141 4 1 0
299156 141 3 1 0
299736 141 3 1 0
300210 141 4 1 0
300278 141 3 0 0
300685 141 3 1 0
300745 141 4 1 0
336551 141 2 4 0
336588 141 1 1 0
407692 141 3 1 0
455283 141 3 1 0
455697 141 3 1 0
456105 141 3 1 0
499381 141 4 1 0
499463 141 1 1 1
499739 141 2 1 0
500560 141 2 1 0
518249 141 3 1 1
518416 141 4 3 0
518922 141 4 0 0
519256 141 3 1 0
146404 142 2 0 0
279289 142 3 3 0
299290 142 4 0 0
299848 142 3 3 0
300155 142 3 3 0
308643 142 4 3 1
323880 142 2 3 0
336541 142 2 0 0
346606 142 3 3 0
368299 142 3 3 1
455699 142 2 0 1
456049 142 3 1 0
456133 142 2 1 0
456199 142 3 2 0
456863 142 4 1 0
499290 142 2 1 0
499453 142 2 3 0
499598 142 3 3 1
517288 142 4 1 0
518015 142 4 1 0
518557 142 3 0 0
110168 143 3 2 0
146866 143 2 1 0
146925 143 3 3 1
199627 143 3 1 0
266278 143 3 3 0
267339 143 2 3 0
299010 143 3 3 0
299554 143 2 3 0
300146 143 2 1 0
300150 143 4 3 0
308640 143 3 1 0
317792 143 2 2 0
335541 143 2 2 0
407643 143 3 3 0
408583 143 2 1 0
456142 143 3 1 0
456408 143 3 1 0
457053 143 2 1 0
498958 143 4 1 0
499251 143 4 1 0
499433 143 2 1 0
499506 143 3 3 0
537544 143 2 3 0
88885 144 4 3 1
145688 144 3 1 0
146032 144 3 1 0
181566 144 4 2 0
224624 144 2 1 0
267297 144 1 3 0
299540 144 3 1 0
299656 144 2 3 0
335318 144 3 4 1
336181 144 3 0 0
406964 144 3 4 1
408329 144 3 3 0
408601 144 2 1 0
455261 144 4 1 0
455606 144 3 3 0
455791 144 4 1 0
456106 144 2 3 0
456268 144 1 1 0
456978 144 3 1 0
491177 144 3 3 0
498770 144 3 1 0
499253 144 2 3 0
499466 144 3 1 0
499592 144 3 0 0
499829 144 3 1 0
499884 144 3 1 0
500208 144 3 3 0
500372 144 2 1 0
518324 144 3 4 0
519104 144 3 3 1
552177 144 3 3 1
57790 145 4 3 0
113229 145 2 2 0
138855 145 2 3 0
145748 145 2 1 0
146147 145 3 4 1
146719 145 3 0 0
146780 145 4 1 0
146984 145 4 1 0
299005 145 3 1 0
299151 145 3 0 0
299859 145 3 3 1
300516 145 2 3 0
308093 145 3 1 0
336186 145 4 3 0
336285 145 3 4 0
408328 145 3 3 1
455175 145 4 1 0
455452 145 2 1 0
455680 145 2 1 0
455911 145 2 1 0
456095 145 4 3 0
456153 145 2 1 1
499044 145 3 3 0
499146 145 4 1 0
499332 145 4 3 0
499860 145 4 3 0
517683 145 3 1 0
518017 145 2 3 1
518074 145 2 1 1
519232 145 3 1 0
146090 146 2 4 0
146560 146 3 1 0
146696 146 4 1 0
217457 146 1 2 0
237468 146 3 2 0
279277 146 4 1 1
279666 146 3 1 1
299991 146 4 1 1
300357 146 4 1 0
335787 146 1 1 0
336544 146 2 1 0
408219 146 2 1 0
455262 146 3 2 0
455263 146 2 3 1
455992 146 3 4 0
456145 146 2 3 1
456435 146 2 3 0
456979 146 4 1 0
499870 146 2 1 0
517685 146 2 3 0
517965 146 3 1 0
548714 146 3 3 0
145864 147 2 3 0
146601 147 3 2 0
146722 147 2 1 0
146927 147 3 1 0
147099 147 2 1 0
299085 147 3 4 1
299292 147 4 1 0
336173 147 3 1 0
336284 147 2 4 0
336545 147 3 3 0
407724 147 3 1 0
455036 147 2 1 0
455285 147 3 3 0
455877 147 3 1 0
498700 147 3 1 0
499464 147 2 3 0
500104 147 3 1 0
500276 147 2 1 1
527983 147 3 3 0
31910 148 2 2 0
145658 148 1 1 0
145698 148 3 1 0
145760 148 2 3 0
145784 148 4 1 0
145790 148 1 1 0
145874 148 3 1 0
146213 148 3 3 0
146643 148 1 0 0
146922 148 4 1 0
146924 148 2 3 0
184391 148 2 3 0
299657 148 3 4 1
317793 148 3 3 0
335448 148 3 1 0
335779 148 2 4 1
336185 148 2 3 1
336445 148 2 1 0
455880 148 1 3 0
456440 148 3 3 0
495221 148 2 3 0
498731 148 3 1 0
498741 148 3 1 0
499053 148 3 1 0
500369 148 2 0 0
517692 148 3 2 0
518076 148 3 3 0
518699 148 3 1 0
518711 148 2 1 1
518810 148 3 3 0
519234 148 2 2 1
8561 149 1 3 0
145863 149 3 3 0
146269 149 4 1 0
146699 149 2 3 0
146983 149 3 1 0
299734 149 3 3 0
299992 149 3 1 0
308091 149 2 1 0
335383 149 2 1 0
340083 149 4 3 1
407556 149 4 3 0
407728 149 1 3 0
407816 149 3 1 0
454857 149 3 3 0
455518 149 3 1 0
455563 149 4 1 0
455908 149 3 0 0
499055 149 1 3 0
500371 149 3 1 0
500502 149 3 1 0
517365 149 3 1 0
517946 149 2 3 0
552176 149 3 1 0
559877 149 2 3 0
145981 150 3 1 0
146114 150 4 4 0
146982 150 4 0 0
300444 150 4 1 0
335545 150 3 1 0
335626 150 3 1 0
336220 150 1 3 0
408584 150 3 3 0
456270 150 3 2 0
457071 150 4 3 0
498779 150 3 3 0
499014 150 3 1 0
499331 150 3 2 0
500019 150 3 1 0
500105 150 2 1 0
518125 150 2 0 0
518686 150 4 1 0
21465 151 2 4 1
88367 151 2 3 1
113227 151 4 0 1
145700 151 3 1 0
145715 151 3 0 0
146526 151 4 4 1
146612 151 1 3 0
146634 151 3 1 1
235374 151 3 3 0
267077 151 4 1 0
279276 151 3 0 0
285500 151 3 3 0
300445 151 2 3 0
309380 151 2 1 0
335228 151 3 1 0
335728 151 2 1 0
336443 151 3 1 0
407627 151 2 1 0
424027 151 3 4 1
455126 151 3 1 0
455136 151 2 1 0
456450 151 3 1 0
456516 151 3 1 0
456798 151 4 3 1
498745 151 2 3 0
499300 151 2 1 0
513682 151 3 3 0
518297 151 2 1 0
518669 151 3 3 0
76835 152 3 2 0
145878 152 3 3 0
146406 152 3 1 0
146597 152 3 3 0
146834 152 2 2 1
184399 152 3 3 0
267292 152 2 0 0
279259 152 3 1 0
279433 152 2 1 0
336372 152 3 1 0
336595 152 3 1 0
408034 152 3 3 0
456381 152 4 1 0
456635 152 2 1 0
482900 152 4 3 0
488037 152 3 3 1
499392 152 3 1 0
499711 152 3 2 0
500071 152 2 1 0
500512 152 3 1 0
514001 152 2 2 0
518156 152 3 2 0
518809 152 3 3 0
11147 153 3 3 1
146980 153 4 0 0
265493 153 2 1 0
300475 153 2 1 0
309385 153 2 3 1
335458 153 4 1 0
335624 153 2 1 0
335786 153 2 1 0
456625 153 4 1 0
456637 153 2 3 0
457072 153 4 3 1
499681 153 3 1 0
500476 153 2 1 0
500503 153 3 1 0
543190 153 3 4 1
145847 154 3 4 1
146694 154 2 1 0
146928 154 4 3 0
267293 154 2 0 0
278205 154 4 1 1
278937 154 4 0 0
279257 154 2 1 0
335623 154 1 1 0
335625 154 3 1 0
335856 154 2 3 1
336672 154 2 1 0
336751 154 4 1 0
336752 154 3 1 0
336758 154 2 1 0
338433 154 2 2 0
455045 154 4 1 0
455046 154 2 3 0
455461 154 2 1 0
456085 154 4 1 0
456806 154 2 1 0
456843 154 2 1 0
469459 154 3 3 0
500097 154 3 4 0
500150 154 2 1 0
500514 154 3 3 0
517363 154 4 1 0
517704 154 3 1 0
518797 154 2 1 0
519235 154 4 3 0
519272 154 4 1 0
21614 155 3 4 0
56700 155 4 3 0
75939 155 2 3 0
102027 155 3 1 0
145185 155 3 3 0
145699 155 4 1 0
145702 155 4 1 0
146379 155 3 1 0
146394 155 3 1 0
335547 155 3 1 0
376077 155 2 2 0
407626 155 2 1 0
407805 155 3 1 0
455242 155 4 1 0
455651 155 2 3 0
456636 155 2 3 0
500328 155 3 1 0
517733 155 3 1 0
517786 155 2 1 0
518536 155 2 3 0
518568 155 2 3 0
84164 156 4 3 0
104146 156 3 1 0
138378 156 3 1 0
138940 156 3 4 1
145727 156 4 3 1
278206 156 4 3 1
336202 156 2 1 0
336685 156 4 1 1
336756 156 1 0 0
408452 156 4 4 1
438622 156 3 3 0
455898 156 3 4 0
456488 156 3 1 0
487645 156 2 3 0
498820 156 3 4 1
499051 156 3 3 0
499974 156 3 4 0
500475 156 3 1 0
543541 156 2 4 0
16313 157 3 3 0
103995 157 2 1 0
145620 157 3 4 0
146396 157 1 1 0
146436 157 2 1 0
146531 157 2 1 1
146693 157 2 1 1
146713 157 2 3 0
177561 157 3 3 0
184397 157 3 1 0
222817 157 3 2 0
240654 157 1 1 0
456900 157 2 3 0
498793 157 2 1 0
499098 157 3 1 0
499391 157 2 1 1
499904 157 2 1 0
500111 157 3 1 0
102436 158 2 1 0
102759 158 3 1 0
138379 158 3 3 1
145186 158 3 3 0
264067 158 3 1 0
335622 158 4 0 0
336346 158 3 1 1
407628 158 2 3 0
407807 158 2 1 0
455899 158 2 4 0
456896 158 2 1 0
469460 158 4 3 0
498989 158 3 3 0
499764 158 2 1 0
500331 158 2 3 0
500447 158 2 1 0
518803 158 3 0 0
19184 159 3 3 0
88368 159 2 3 0
102220 159 3 1 0
146521 159 1 1 0
146628 159 3 1 0
183892 159 3 1 0
266704 159 4 0 0
278175 159 4 3 0
278294 159 2 4 0
309386 159 2 3 0
335637 159 2 3 0
407625 159 3 1 0
407802 159 3 1 0
407808 159 3 2 0
455389 159 4 1 0
457058 159 2 0 0
457059 159 2 1 0
518540 159 2 1 0
43560 160 3 2 0
102144 160 2 1 0
102222 160 2 3 1
102935 160 2 1 0
103479 160 3 1 0
177558 160 2 1 0
178576 160 2 1 0
193424 160 3 3 0
266705 160 3 0 0
305859 160 3 3 0
346483 160 3 3 1
498874 160 3 3 0
499835 160 3 1 0
500422 160 2 1 0
517478 160 3 2 0
18516 161 2 1 0
103219 161 2 1 0
145905 161 3 4 1
146437 161 3 1 0
146758 161 2 1 0
183902 161 2 3 0
266203 161 2 0 0
279261 161 4 3 0
281308 161 3 4 1
336665 161 2 3 1
341421 161 3 1 0
344275 161 4 3 0
407681 161 3 1 0
456489 161 4 2 0
469512 161 3 3 0
498968 161 3 1 0
499028 161 3 1 0
499905 161 4 1 0
499909 161 1 3 0
518299 161 4 3 0
518802 161 2 0 0
146697 162 3 1 1
146760 162 2 1 0
193423 162 2 2 0
317190 162 3 2 0
407841 162 2 1 0
408723 162 3 1 0
455138 162 3 1 0
456809 162 1 0 0
456953 162 3 0 0
498670 162 2 1 0
498866 162 4 1 0
498869 162 2 1 0
499615 162 4 1 0
500094 162 3 2 0
500386 162 2 1 0
500580 162 3 4 0
18517 163 1 3 1
88362 163 3 2 0
102560 163 3 1 0
146520 163 2 1 0
183893 163 4 1 0
185229 163 2 1 0
278862 163 3 4 1
407684 163 3 3 0
407842 163 1 1 0
499030 163 2 3 0
499688 163 3 3 0
499765 163 3 2 0
499898 163 2 1 1
511363 163 2 1 0
517296 163 3 3 0
19339 164 3 1 0
103221 164 4 3 0
146522 164 3 1 0
146762 164 3 3 0
147125 164 2 1 0
407498 164 2 3 0
408724 164 2 3 0
455140 164 1 3 0
456320 164 2 3 0
498829 164 4 1 0
498875 164 3 3 0
499029 164 2 2 0
499106 164 2 1 0
499228 164 2 4 1
499614 164 3 1 0
500146 164 3 3 0
500469 164 3 1 0
162030 165 3 3 0
234080 165 4 3 0
336612 165 3 1 0
407465 165 3 4 1
455641 165 2 1 0
457011 165 2 1 0
498671 165 3 1 0
498975 165 2 1 0
500388 165 2 3 0
19340 166 2 1 0
103571 166 3 3 0
146861 166 2 1 1
176312 166 2 3 0
183908 166 2 3 0
185228 166 2 1 0
213605 166 2 3 0
335497 166 3 1 0
408721 166 3 0 0
456952 166 3 3 1
499632 166 3 3 0
499958 166 2 1 0
500421 166 3 1 0
500627 166 2 1 0
511362 166 2 3 1
518800 166 2 3 0
522637 166 2 3 0
102937 167 4 3 0
103216 167 4 1 0
256124 167 3 3 0
348816 167 2 3 0
498836 167 2 1 0
498938 167 2 1 0
499451 167 2 1 0
500219 167 4 3 1
500327 167 1 1 0
500472 167 2 3 1
102062 168 4 3 1
103135 168 1 1 0
103989 168 3 1 0
112177 168 4 3 0
183899 168 2 1 1
184521 168 4 1 0
408103 168 2 3 0
498672 168 2 1 0
498673 168 3 3 0
499612 168 3 0 0
500374 168 4 3 1
145539 169 4 3 0
145563 169 3 3 1
184523 169 3 1 0
242134 169 3 3 1
266139 169 3 3 0
335266 169 3 1 0
335496 169 2 0 0
335499 169 3 3 0
408027 169 1 1 0
408028 169 3 1 0
408100 169 2 1 0
455643 169 3 3 1
499776 169 2 3 0
499957 169 2 0 0
500217 169 3 1 0
522565 169 3 3 0
522636 169 4 3 0
542988 169 3 1 0
8093 170 3 2 0
19341 170 3 2 0
146135 170 3 1 0
146136 170 4 1 0
146609 170 2 1 1
146863 170 2 3 0
336706 170 2 1 0
336776 170 2 1 1
382851 170 2 3 0
408384 170 2 2 0
498666 170 3 1 0
499801 170 2 1 0
70868 171 3 2 0
146918 171 4 1 0
184520 171 3 1 0
185192 171 3 1 0
249605 171 2 2 0
498678 171 2 3 0
498939 171 4 2 0
499443 171 3 1 0
499960 171 2 3 0
500215 171 4 0 0
526513 171 2 3 0
183884 172 3 1 0
184522 172 3 1 0
185232 172 3 3 0
312709 172 2 3 0
335500 172 2 3 1
336227 172 2 1 0
408142 172 4 1 0
409394 172 4 2 0
497363 172 3 3 0
500014 172 2 3 0
500329 172 4 1 0
543620 172 3 3 0
70867 173 2 1 0
97774 173 3 2 0
184258 173 2 1 0
185231 173 4 3 0
249603 173 3 1 0
335783 173 2 1 0
336120 173 4 1 0
407733 173 4 1 0
407867 173 2 1 1
408105 173 3 4 1
456731 173 3 1 0
490416 173 3 3 0
18218 174 4 1 0
18219 174 3 3 0
54124 174 2 2 1
151175 174 3 3 1
184424 174 2 2 0
224368 174 3 2 0
406866 174 3 1 0
406904 174 4 2 0
408561 174 2 1 0
408647 174 2 1 0
499800 174 3 0 0
33268 175 2 2 0
183987 175 2 2 0
407055 175 2 1 0
408141 175 3 0 0
499119 175 4 4 0
500267 175 3 1 0
184788 176 3 1 0
185326 176 3 1 0
263337 176 2 3 0
335782 176 2 1 0
406865 176 2 0 0
407450 176 3 1 0
455936 176 2 4 1
500333 176 2 1 0
162032 177 3 0 0
183922 177 2 1 1
185391 177 1 1 0
336106 177 3 1 1
336118 177 3 1 0
336493 177 1 1 0
407404 177 3 4 0
505323 177 3 3 0
505324 177 1 3 0
521645 177 3 1 0
548034 177 3 3 0
9603 178 3 3 0
18217 178 3 1 0
54123 178 3 2 0
184787 178 2 1 0
185348 178 2 3 0
249604 178 3 1 0
335537 178 3 1 0
335741 178 2 1 0
407297 178 3 3 0
146137 179 3 3 0
183722 179 2 1 1
184887 179 3 1 0
408281 179 4 1 0
499798 179 2 3 0
162572 180 2 1 0
185012 180 4 3 0
185085 180 2 4 1
336116 180 4 3 0
407471 180 4 1 0
455589 180 3 3 0
522634 180 2 1 0
7855 181 2 3 0
161024 181 1 1 0
184638 181 3 1 0
17493 182 3 3 0
19789 182 2 3 1
184642 182 3 3 0
335239 182 3 1 0
336290 182 2 1 0
336380 182 4 1 0
336382 182 2 3 1
407048 182 3 1 0
521536 182 4 1 0
522804 182 4 1 0
161432 183 2 1 0
162035 183 3 1 0
184102 183 4 2 0
184889 183 3 2 1
408282 183 3 1 0
521535 183 2 1 0
19790 184 2 3 1
161025 184 2 1 0
161071 184 2 1 0
161845 184 3 3 0
185014 184 2 1 0
185017 184 3 3 0
185028 184 2 2 0
335241 184 4 3 0
335602 184 3 1 0
408424 184 2 1 0
455257 184 3 4 0
522632 184 3 1 0
184278 185 3 1 0
184458 185 2 3 0
184639 185 2 1 0
184641 185 4 3 0
184644 185 3 0 0
185254 185 1 0 0
315739 185 3 3 0
522635 185 2 3 0
161075 186 2 0 0
162574 186 4 3 0
315898 186 2 4 0
430942 186 2 3 0
523177 186 2 1 0
31619 187 3 3 0
407474 187 4 3 0
522241 187 2 1 1
522275 187 2 1 0
523171 187 3 1 0
161073 188 4 3 1
185020 188 3 3 0
185221 188 3 3 0
266319 188 2 0 0
311849 188 2 3 0
335240 188 3 1 0
407869 188 2 3 0
161080 189 2 4 0
162560 189 3 1 0
162672 189 3 3 0
184280 189 3 3 1
184648 189 3 1 0
185016 189 3 3 0
185253 189 4 0 0
185255 189 2 1 0
335243 189 3 4 0
335759 189 2 1 0
522121 189 3 1 0
522520 189 3 4 1
184418 190 3 3 1
185453 190 3 2 0
408188 190 2 3 0
408613 190 3 2 0
521977 190 3 1 0
522749 190 2 3 0
523162 190 2 1 1
161078 191 3 3 0
162679 191 3 3 0
184381 191 3 2 0
465291 191 4 3 0
522242 191 2 2 0
523176 191 3 3 0
184792 192 3 1 0
184793 192 2 3 0
185167 192 2 2 0
521557 192 3 1 0
522276 192 3 1 0
184651 193 2 3 0
184814 193 3 2 0
478861 193 4 3 0
545008 193 2 2 0
162675 194 4 1 0
188749 194 2 2 0
257278 194 3 3 1
408614 194 3 2 0
488698 194 3 1 0
521554 194 2 0 0
521800 194 2 0 0
522944 194 3 4 1
162677 195 2 1 0
183617 195 3 2 1
457162 195 2 2 1
487028 195 2 1 0
196227 196 2 3 0
521369 196 3 1 0
522960 196 3 4 0
523183 196 3 2 0
162567 197 2 2 0
185005 197 2 1 0
486845 197 4 3 0
488465 197 2 4 1
185009 198 2 3 0
486871 198 3 1 0
488696 198 2 1 0
521558 198 3 3 0
523134 198 4 3 0
523185 198 2 3 0
161758 199 3 1 0
410336 199 3 3 0
523175 199 4 3 0
545009 199 4 2 0
522806 200 3 1 0
160589 201 3 1 0
162087 201 4 0 0
162630 201 3 1 0
256135 201 3 1 0
257636 201 3 1 0
486873 201 2 3 1
488706 201 2 1 1
488614 202 3 3 1
522808 202 3 3 0
50876 203 3 3 0
160547 203 1 1 1
162088 203 2 1 0
487836 203 4 3 1
65799 204 4 3 0
160840 204 2 1 0
161514 204 2 1 0
162082 204 3 1 0
162226 204 1 0 0
162526 204 4 1 0
184733 204 3 1 0
50881 205 2 4 0
160945 205 2 1 0
160947 205 3 1 0
161487 205 2 1 0
162352 205 3 1 0
169494 205 3 3 0
185407 205 3 1 0
488663 205 2 4 1
521520 205 3 1 0
521526 205 2 1 0
160841 206 2 1 1
162090 206 2 3 0
162357 206 3 3 0
183625 206 4 1 0
185385 206 4 1 0
487040 206 3 1 0
487045 206 4 3 0
488341 206 3 1 0
488770 206 3 3 0
488823 206 2 1 0
521870 206 3 1 0
533631 206 3 3 0
536930 206 3 3 1
160329 207 3 3 0
160836 207 2 0 0
160967 207 3 1 0
162222 207 3 1 0
521822 207 1 1 0
522463 207 3 1 0
533641 207 2 4 0
160378 208 3 1 0
160949 208 3 2 0
161120 208 2 1 0
161593 208 2 1 0
161848 208 1 1 0
162248 208 1 1 0
162500 208 3 0 1
474592 208 2 3 1
487128 208 1 1 0
487409 208 3 1 0
488635 208 3 3 0
521871 208 3 1 0
522462 208 2 1 1
49382 209 2 3 0
134556 209 3 4 0
161109 209 3 4 1
161884 209 3 1 0
162216 209 2 3 1
487806 209 4 1 0
521602 209 2 1 0
522032 209 2 1 0
41331 210 4 3 0
161975 210 4 1 0
162656 210 4 1 0
486875 210 3 3 0
487809 210 2 3 0
488817 210 3 2 0
488818 210 3 1 0
160335 211 4 3 1
160705 211 3 1 0
160766 211 4 0 0
160838 211 2 3 0
161282 211 3 1 0
161674 211 2 1 0
488636 211 3 3 0
521505 211 2 1 0
521716 211 2 1 0
522233 211 2 0 0
522738 211 2 3 0
533640 211 3 3 0
161018 212 3 1 0
161030 212 3 3 0
161284 212 3 2 0
161763 212 3 1 0
162215 212 3 2 0
162221 212 4 1 0
162365 212 4 1 0
474255 212 3 1 0
487708 212 1 1 0
521426 212 2 1 1
522047 212 2 1 0
160676 213 2 3 0
161585 213 4 2 0
162220 213 3 1 0
162247 213 3 0 0
486893 213 2 3 0
487091 213 4 1 0
487396 213 3 1 0
487808 213 2 1 0
522035 213 2 3 0
522465 213 2 3 0
522741 213 4 1 0
533652 213 4 2 0
160334 214 2 2 0
161298 214 2 1 0
161839 214 3 0 0
162214 214 2 1 0
250931 214 3 3 1
486892 214 4 2 1
486998 214 3 1 0
488028 214 2 1 0
488567 214 3 1 0
488822 214 3 3 1
522034 214 3 3 0
522842 214 2 1 0
523117 214 2 1 0
161675 215 2 1 0
161683 215 3 1 0
161855 215 2 3 0
162366 215 3 1 0
363679 215 4 3 0
474254 215 3 1 0
474256 215 4 3 0
487145 215 3 3 1
487826 215 2 1 0
522597 215 4 1 0
522744 215 4 3 0
161347 216 1 3 0
161928 216 2 1 0
162320 216 3 1 0
162325 216 2 4 1
487271 216 3 1 0
487397 216 3 3 0
488720 216 3 1 0
521265 216 3 4 0
522073 216 2 2 0
162117 217 3 4 0
487047 217 3 2 0
487094 217 4 3 0
487358 217 3 1 0
488407 217 3 1 0
488481 217 3 1 0
521671 217 3 1 0
521715 217 3 1 0
522603 217 2 3 0
462133 218 3 3 0
487499 218 4 1 0
487738 218 1 1 0
488030 218 2 3 0
523156 218 4 1 0
106333 219 2 3 0
161211 219 4 1 0
161247 219 2 2 1
425344 219 4 3 0
474249 219 3 1 0
475191 219 3 1 0
522844 219 2 3 0
562798 219 2 3 0
161348 220 2 3 0
161806 220 4 3 0
472722 220 2 1 0
486974 220 4 1 0
487721 220 4 1 0
521678 220 3 1 0
522881 220 3 4 0
548426 220 3 2 0
161093 221 3 3 0
161210 221 4 1 0
161877 221 2 1 0
162331 221 2 2 0
162593 221 4 1 1
475262 221 3 1 0
486924 221 3 1 0
487368 221 2 4 0
487565 221 2 1 0
488569 221 4 3 0
521688 221 4 1 0
522159 221 3 3 0
161717 222 3 1 0
300715 222 4 3 0
378354 222 1 3 0
472721 222 2 0 0
475192 222 3 1 0
487359 222 4 1 0
487501 222 3 3 0
488320 222 2 1 0
521488 222 3 1 0
522331 222 2 1 0
161357 223 2 1 0
162618 223 3 4 1
189144 223 3 2 0
473972 223 2 0 0
473973 223 3 1 0
474967 223 2 1 0
475194 223 3 3 0
475263 223 2 1 0
486276 223 3 4 1
487920 223 3 1 0
521441 223 3 1 0
161209 224 4 1 1
472485 224 3 1 0
473626 224 3 1 0
486925 224 2 1 0
487198 224 2 1 0
521689 224 3 3 0
522163 224 3 4 0
522453 224 3 3 0
522640 224 2 1 0
522759 224 2 3 0
522979 224 4 1 0
161203 225 3 2 0
161343 225 3 1 0
410607 225 4 3 0
472486 225 1 1 0
472720 225 2 0 0
474959 225 3 1 0
475193 225 3 3 0
487736 225 2 1 0
487762 225 4 1 0
488159 225 4 3 0
523087 225 2 1 0
160700 226 2 2 0
161358 226 4 3 0
184320 226 3 3 0
235433 226 3 3 0
308110 226 4 3 0
473974 226 2 1 0
474034 226 2 4 0
475499 226 2 1 0
475654 226 2 4 1
486880 226 3 3 0
487178 226 4 3 0
487852 226 3 1 0
487853 226 4 3 0
521971 226 3 3 0
160678 227 4 1 0
161335 227 1 0 1
161521 227 4 0 0
472664 227 1 1 0
475264 227 3 2 0
487461 227 3 2 0
488083 227 3 1 0
488679 227 3 1 0
521444 227 3 0 0
523158 227 4 2 0
161630 228 4 4 0
162628 228 3 4 0
308111 228 2 3 0
474961 228 2 1 1
487146 228 3 3 0
487460 228 2 0 0
487855 228 3 0 0
487981 228 1 0 0
488412 228 3 1 0
522588 228 4 1 0
523088 228 2 1 0
152240 229 3 3 1
160695 229 2 1 0
161207 229 3 2 0
487049 229 2 1 0
487182 229 4 1 0
487207 229 1 0 0
487671 229 2 1 0
487672 229 3 1 0
521687 229 3 1 0
522643 229 3 3 0
559468 229 2 3 0
86653 230 4 2 0
184948 230 4 3 0
406914 230 2 3 1
474968 230 4 3 0
475489 230 3 1 0
487321 230 1 1 0
521445 230 2 1 0
161154 231 3 0 0
161206 231 3 1 1
434101 231 2 3 0
474823 231 3 1 0
475412 231 2 1 0
475647 231 3 1 0
487180 231 3 3 0
487364 231 2 1 0
487625 231 3 0 0
488157 231 3 2 0
488411 231 2 0 0
488539 231 3 1 0
522831 231 3 1 0
161208 232 3 2 0
161337 232 3 1 0
472573 232 3 1 0
487185 232 3 3 0
487325 232 2 3 0
487529 232 3 1 0
487761 232 3 1 0
487986 232 2 3 0
522641 232 3 1 0
522665 232 2 1 0
523106 232 4 1 0
473308 233 3 3 1
474822 233 2 3 0
474901 233 2 1 0
486906 233 4 3 0
487171 233 3 2 0
488097 233 3 1 0
488201 233 3 3 0
488214 233 3 1 0
488236 233 3 1 0
488262 233 2 1 0
522477 233 2 3 0
559465 233 3 1 0
559469 233 3 3 0
562328 233 3 2 0
161944 234 2 1 0
162288 234 4 1 0
162328 234 3 3 0
185365 234 4 1 0
474929 234 2 1 0
475410 234 2 0 0
475560 234 2 1 0
487230 234 2 1 0
487833 234 4 1 0
521254 234 2 1 0
522476 234 4 1 0
559467 234 3 2 0
160696 235 4 3 0
161155 235 3 0 0
412147 235 3 3 0
473749 235 3 0 0
473880 235 2 3 0
474824 235 3 1 0
475019 235 3 1 0
486872 235 3 1 0
487291 235 3 1 0
488414 235 1 3 0
522664 235 2 4 0
522829 235 3 1 0
522993 235 2 4 0
161588 236 1 1 0
472575 236 3 3 0
474141 236 2 1 0
474427 236 4 3 1
474857 236 2 1 0
474903 236 2 3 1
475035 236 4 1 0
521298 236 2 1 0
521513 236 2 1 0
521567 236 3 1 0
522793 236 3 1 0
522957 236 2 1 0
474351 237 3 1 0
487255 237 2 4 0
487619 237 4 1 0
488105 237 3 3 0
488108 237 1 1 0
488234 237 3 1 0
488238 237 3 3 0
522475 237 4 1 0
522722 237 3 3 0
160404 238 3 4 1
161942 238 3 0 0
473883 238 2 4 0
474049 238 1 1 0
474108 238 3 1 0
474417 238 2 3 0
474701 238 2 3 0
474930 238 3 3 0
487108 238 4 3 1
487686 238 1 1 0
488422 238 2 1 0
521604 238 2 1 0
522443 238 2 3 0
522992 238 2 4 0
160638 239 3 3 0
161639 239 4 1 0
475037 239 3 1 0
475474 239 3 1 0
487801 239 4 1 0
488581 239 3 4 1
521263 239 4 3 0
534440 239 4 1 1
162378 240 2 1 0
162585 240 3 1 0
474802 240 3 1 0
475460 240 3 3 0
487317 240 4 1 0
475036 241 2 1 0
486935 241 2 3 0
488109 241 4 1 0
488867 241 3 1 0
160848 242 2 1 0
161783 242 3 1 0
320256 242 4 3 0
475351 242 4 1 0
486878 242 2 1 0
487020 242 1 1 0
487152 242 4 3 0
487510 242 2 4 0
487776 242 2 1 0
487984 242 2 1 0
488192 242 4 3 0
488571 242 2 3 0
522834 242 3 3 0
522836 242 3 4 0
161063 243 2 3 0
162405 243 3 1 0
472332 243 3 1 0
473955 243 2 1 0
474052 243 4 3 0
474352 243 2 1 0
474379 243 2 1 1
486991 243 2 1 0
487505 243 2 1 0
487506 243 3 1 1
487591 243 3 1 0
487593 243 2 3 0
487888 243 4 1 0
320264 244 3 3 0
487021 244 2 3 1
487026 244 2 4 0
488425 244 3 1 1
488725 244 1 3 0
488859 244 4 3 0
530496 244 3 3 0
160536 245 4 1 0
161786 245 2 3 0
162376 245 2 1 0
193975 245 3 3 0
413665 245 4 3 0
487016 245 3 0 0
487288 245 4 2 1
487573 245 4 1 0
487575 245 3 2 0
488107 245 3 1 0
488382 245 2 3 0
488625 245 3 4 1
161767 246 3 1 0
193974 246 2 2 0
432187 246 4 3 0
473960 246 2 1 0
475076 246 2 1 0
486958 246 2 1 0
487035 246 3 1 0
523172 246 4 1 0
33577 247 4 3 0
167439 247 3 3 0
305617 247 2 3 1
456673 247 4 1 0
456755 247 2 1 0
472318 247 4 0 0
473959 247 3 1 0
487022 247 2 3 0
487579 247 2 3 0
514934 247 2 3 1
160903 248 3 1 0
340746 248 2 3 0
486861 248 2 3 0
486930 248 4 1 0
160535 249 3 1 0
161377 249 3 1 0
161910 249 3 4 0
162377 249 3 1 0
295828 249 2 1 1
464830 249 3 4 0
486879 249 3 3 0
488225 249 2 1 0
161864 250 4 1 0
161968 250 2 2 0
167312 250 3 3 1
208583 250 3 2 0
475240 250 4 3 0
488055 250 2 1 0
488496 250 2 1 1
562158 250 4 3 0
166584 251 3 3 0
295733 251 4 3 0
295882 251 2 1 0
430407 251 3 2 0
474662 251 3 3 0
488057 251 2 3 0
160771 252 3 1 0
456756 252 4 3 0
161632 253 3 1 1
295827 253 2 0 0
429073 253 3 3 0
487149 253 3 3 0
166585 254 2 3 0
474496 254 2 3 0
488032 254 2 1 0
488219 254 4 1 0
562159 254 3 3 0
166491 255 3 3 0
272294 255 3 3 0
295884 255 3 3 1
487468 255 3 3 0
562828 255 3 3 0
160654 256 3 3 0
161484 256 3 3 0
295808 256 2 1 0
296770 256 4 1 0
428986 256 4 3 0
488040 256 2 4 1
289424 257 3 3 0
295071 257 3 3 0
296772 257 4 3 0
487281 257 2 1 0
562157 257 2 2 1
234018 258 4 3 0
295059 258 1 0 0
487164 258 3 1 0
561030 258 3 1 0
562829 258 2 4 1
79257 259 3 3 0
291680 259 3 2 0
442194 259 3 3 0
561032 259 3 3 1
295606 260 1 0 0
295984 260 3 1 0
62500 261 3 3 0
295145 261 2 1 0
109410 262 2 3 0
295062 262 2 1 0
295218 262 2 3 0
296675 262 4 1 0
537605 262 2 3 0
295579 263 4 2 0
296814 263 2 0 0
295986 264 3 3 0
296027 264 3 3 0
296676 264 3 3 1
5189 265 4 2 1
296342 265 2 1 0
487631 265 3 4 0
92145 266 2 2 1
295819 266 3 3 0
295295 267 4 2 1
295420 267 2 1 0
296201 267 4 0 1
296334 267 2 1 0
296420 267 3 1 0
137296 268 3 3 0
295293 268 3 0 0
295347 268 3 1 0
295720 268 1 1 0
296817 268 3 1 0
295191 269 1 1 0
295292 269 1 0 0
295820 269 2 3 0
295498 270 3 3 1
295788 271 3 0 1
295273 272 2 1 0
295648 272 3 1 0
296338 272 3 1 0
296340 272 3 3 0
185698 273 2 3 0
284706 273 4 3 0
284898 273 1 1 0
296337 273 3 0 0
296692 273 3 4 0
264001 274 2 2 1
284699 274 4 1 0
295652 274 3 3 1
295790 275 3 2 0
417219 275 2 2 0
277531 276 3 2 1
296680 276 3 2 0
284773 278 1 1 0
295762 278 3 1 0
295817 278 2 0 0
285098 279 2 1 0
295978 279 2 1 0
362423 279 4 3 0
285480 280 3 1 0
285799 280 1 1 0
55643 281 2 3 0
285061 281 2 1 0
285097 281 2 1 0
285181 281 2 1 0
285238 281 2 3 0
285554 281 1 1 0
295976 281 2 1 0
71718 282 2 1 0
284702 282 3 1 0
284908 282 1 1 0
285100 282 2 1 0
285427 282 1 1 0
285826 282 3 1 0
295521 282 2 1 0
296330 282 3 1 0
284905 283 2 1 0
285673 283 2 1 0
285905 283 1 1 0
295099 283 3 1 0
72065 285 3 1 0
285637 285 4 1 0
285838 285 1 1 0
285839 285 2 1 0
286126 285 2 1 0
286238 285 3 1 0
286240 285 2 1 0
295448 285 2 1 0
284727 286 3 1 0
284730 286 4 3 1
285046 286 1 1 0
285557 286 2 4 1
285685 286 2 1 0
286016 286 4 1 0
286242 286 2 1 0
295891 286 2 1 0
4018 287 2 3 0
72056 287 2 2 0
284899 287 3 1 0
285170 287 3 1 0
285482 287 4 3 0
285611 287 4 1 0
284716 288 4 1 0
284955 288 4 1 0
285020 288 3 1 0
285528 288 2 1 0
285636 288 4 1 0
295450 288 2 3 0
72229 289 1 1 0
284670 289 3 1 0
285049 289 4 4 1
285133 289 3 1 0
285320 289 3 1 0
285835 289 4 0 0
285975 289 4 1 0
286015 289 3 1 0
286241 289 2 1 0
286243 289 2 3 0
72914 290 2 1 0
284840 290 4 1 0
284923 290 3 1 0
285051 290 3 4 0
285455 290 4 3 0
285879 290 3 3 0
285893 290 3 1 0
286014 290 3 1 0
284671 291 3 1 0
284869 291 3 1 0
284891 291 2 1 0
285050 291 3 3 0
285298 291 3 1 0
285415 291 2 1 0
285892 291 2 0 0
72018 292 2 1 0
72263 292 2 1 0
284787 292 4 4 1
284957 292 4 3 1
285977 292 3 3 1
296811 292 2 3 0
274335 293 4 3 0
285052 293 1 1 0
285843 293 3 3 0
72092 294 2 1 0
285284 294 1 1 0
285314 294 2 1 0
285321 294 2 3 0
285322 294 4 3 0
296125 294 2 3 0
104521 295 2 2 1
105730 295 4 3 0
340572 295 3 3 0
285885 296 1 1 0
109491 297 2 3 0
284956 297 4 3 0
285023 297 1 0 1
285030 297 2 3 0
285274 297 3 2 0
285692 297 3 1 0
284745 299 2 4 0
367756 299 3 3 1
296109 300 3 3 0
284838 302 3 1 0
284857 309 2 3 0
