401859 1 2 4 4
333187 1 3 3 0
45746 1 3 3 4
401858 1 3 5 4
333188 1 4 5 0
333189 1 4 5 0
559342 1 5 1 4
429161 1 5 1 3
453651 1 6 3 3
143873 1 6 3 1
142271 1 6 2 1
218918 1 6 0 2
142272 0 6 5 1
453650 0 6 5 3
453652 0 6 5 3
430721 1 7 4 0
430722 1 7 2 1
430724 0 7 5 1
560548 1 8 2 3
213792 1 9 3 3
142453 1 9 2 3
213791 0 9 6 3
397826 1 10 3 3
431117 1 10 2 1
397827 0 10 5 3
431119 0 10 5 1
431120 0 10 5 1
213789 0 12 5 2
213790 0 12 5 2
397815 1 13 3 1
472355 1 13 2 2
454014 1 13 2 1
143843 1 13 1 1
397814 0 13 5 1
454017 0 13 5 1
143220 1 14 3 1
472356 1 14 5 2
397831 1 15 3 1
399682 1 15 1 3
143219 1 15 5 1
143224 1 15 5 1
397828 0 15 5 1
397830 0 15 5 1
397832 0 15 5 1
399681 0 15 5 3
454015 0 15 5 2
454018 0 15 5 2
454019 0 15 5 2
399533 1 16 3 1
453090 1 16 2 1
398436 1 17 4 1
139679 1 17 3 3
399183 1 17 2 1
143846 1 17 2 1
139676 0 17 5 3
139677 0 17 5 3
399534 1 17 5 1
399536 1 17 5 1
454019 0 17 5 3
399185 1 18 5 1
454016 0 18 5 3
454018 0 18 5 3
398214 1 19 4 1
532388 1 19 2 3
397832 0 19 5 0
452670 1 20 2 3
452671 0 20 5 3
397519 1 21 3 1
397811 1 21 2 1
453947 1 21 1 4
397521 0 21 8 1
397812 0 21 5 1
453948 0 21 5 4
454703 1 23 3 1
454391 1 23 3 1
454293 0 23 5 1
454292 0 23 5 1
454297 0 23 5 1
398910 1 24 3 1
454751 1 24 2 1
397587 1 24 2 1
454295 1 24 5 1
454296 1 24 5 1
454913 1 25 1 4
454294 0 25 5 1
454296 0 25 5 1
454947 1 26 3 1
454752 1 26 3 1
454702 1 26 2 1
452844 1 26 2 1
397586 1 26 2 1
397587 0 26 5 1
397588 0 26 5 1
397589 0 26 5 1
452845 0 26 5 1
452847 0 26 5 1
452848 0 26 5 1
454294 1 26 5 3
454948 0 26 5 1
454705 1 27 3 3
453992 1 27 2 1
454392 1 27 1 1
453993 0 27 5 1
454390 0 27 5 1
454394 0 27 5 1
453340 1 28 4 1
453214 1 28 4 1
397127 1 28 2 1
453620 1 28 1 1
397126 0 28 5 1
397128 0 28 5 1
397129 0 28 5 1
454391 0 28 5 1
454394 0 28 5 1
399317 1 29 3 1
452939 1 29 2 1
399319 0 29 5 1
452940 0 29 5 1
453215 1 29 5 1
453341 1 29 5 1
453453 1 30 4 1
453797 1 30 2 1
453597 1 30 2 1
452577 1 30 2 1
398699 1 30 2 1
398701 0 30 5 1
452925 1 31 2 3
397732 1 31 2 1
397734 0 31 5 1
452578 1 31 5 1
452926 0 31 5 3
453455 1 31 5 1
453798 1 31 5 1
453799 1 31 5 1
453994 1 32 3 3
205947 1 32 3 2
453989 1 32 2 0
454992 1 32 1 1
454704 1 32 1 1
454208 1 33 4 0
397945 1 33 3 1
453028 1 33 2 1
452941 1 33 2 3
399316 1 33 2 0
397472 1 33 1 1
397473 0 33 5 1
397948 0 33 5 1
452938 0 33 5 3
452939 0 33 5 3
452942 0 33 5 3
453991 1 33 5 3
453992 1 33 5 3
453993 1 33 5 3
398432 1 34 3 1
397268 1 34 3 1
205952 1 34 3 3
453990 1 34 2 1
453598 1 34 2 3
207471 1 34 2 2
205951 0 34 6 3
207468 0 34 5 2
207469 0 34 5 2
397269 0 34 5 1
397270 0 34 5 1
453988 0 34 5 1
453989 0 34 5 1
453991 0 34 5 1
453992 0 34 5 1
453993 0 34 5 1
398542 1 36 3 1
398277 1 36 3 1
452579 1 36 2 3
397475 1 36 2 3
397271 1 36 1 1
397272 0 36 5 1
397273 0 36 5 1
397472 0 36 5 3
397474 0 36 5 3
398278 0 36 5 1
398280 0 36 5 1
452576 0 36 5 3
399662 1 37 3 1
453951 1 37 2 1
453031 1 37 2 3
452749 1 37 2 1
452614 1 37 2 3
399319 1 37 2 3
398544 1 37 5 1
399316 0 37 5 3
399318 0 37 5 3
399664 0 37 5 1
452615 0 37 5 3
384690 0 38 8 0
450927 1 38 3 2
398431 1 38 3 1
452816 1 38 2 1
397643 1 38 2 1
397490 1 38 2 1
206991 1 38 2 2
397644 0 38 5 1
453027 1 38 5 3
453029 1 38 5 3
453802 1 39 3 1
453364 1 39 3 3
454462 1 39 2 1
454000 1 39 2 3
453295 1 39 2 3
452647 1 39 2 4
453816 1 39 1 1
453599 1 39 1 3
206990 1 39 5 2
384688 1 39 5 3
454997 1 40 3 1
454458 1 40 2 1
452706 1 40 2 1
86164 1 40 2 3
453279 1 40 1 1
452752 1 40 1 3
399462 1 40 1 0
86165 0 40 5 3
86166 0 40 5 3
399464 0 40 5 0
452709 0 40 5 1
452750 0 40 5 3
452751 0 40 5 3
453999 1 40 5 3
454459 0 40 5 1
454998 0 40 5 1
455002 0 40 5 1
453326 1 41 3 1
452843 1 41 3 1
384687 1 41 3 0
454648 1 41 2 1
453538 1 41 2 1
397642 1 41 1 1
396649 1 41 1 3
453328 0 41 5 1
453537 0 41 5 1
453922 1 42 3 1
454566 1 42 2 1
453878 1 42 2 3
453293 1 42 2 1
399511 1 42 2 1
454116 1 42 1 4
398688 1 42 1 3
398687 0 42 5 3
399513 0 42 5 1
452845 1 42 5 1
452846 1 42 5 1
452847 1 42 5 1
453875 0 42 5 3
454568 0 42 5 1
452827 1 43 4 1
398966 1 43 3 0
454676 1 43 2 0
454316 1 43 2 1
454102 1 43 2 1
454214 1 43 1 4
399466 1 43 1 3
454317 0 43 5 1
454318 0 43 5 1
454960 1 44 3 1
399475 1 44 3 4
384395 1 44 3 0
537351 1 44 2 3
454597 1 44 2 1
453849 1 44 2 3
452826 1 44 5 1
453850 0 44 5 3
454962 0 44 5 1
454965 0 44 5 1
537352 0 44 6 3
454528 1 45 3 0
423276 1 45 3 3
399561 1 45 3 1
399173 1 45 3 0
399348 1 45 2 0
384570 1 45 2 1
74355 1 45 2 3
74354 0 45 5 3
74356 0 45 5 3
399349 0 45 5 0
454498 1 46 4 1
454596 1 46 3 0
454199 1 46 2 1
398540 1 46 2 0
453265 1 46 1 1
398542 0 46 5 0
399560 1 46 5 1
453267 0 46 5 1
453268 0 46 5 1
454533 1 46 5 0
454598 0 46 5 0
453403 1 47 3 3
399174 1 47 3 1
454639 1 47 2 1
399350 1 47 2 3
399175 0 47 5 1
454501 1 47 5 1
454638 0 47 5 1
454642 0 47 5 1
537350 0 47 5 3
399033 1 48 3 0
454325 1 48 2 0
399605 1 48 1 1
397203 1 48 1 1
397208 0 48 5 1
399034 0 48 5 0
399036 0 48 5 0
399604 0 48 5 1
454327 0 48 5 0
454196 1 49 2 1
384572 1 49 2 3
452733 1 49 1 1
399184 1 49 1 1
452735 0 49 5 1
454197 0 49 5 1
454199 0 49 5 1
454525 1 50 2 3
452979 1 50 2 1
399558 1 50 2 3
398099 1 50 2 1
453392 1 50 1 3
397484 1 50 1 1
398097 0 50 5 1
399559 0 50 5 3
452981 0 50 5 1
453391 0 50 5 3
454523 0 50 5 3
462367 1 51 4 3
447955 1 51 4 2
398098 1 51 3 1
383551 1 51 3 2
383281 1 51 3 1
171568 1 51 2 3
397473 1 51 1 1
171566 0 51 5 3
383549 0 51 5 2
398097 0 51 5 1
398100 0 51 5 1
398101 0 51 5 1
468134 1 52 3 3
398051 1 52 2 1
397868 1 52 2 3
398102 1 52 1 4
383283 1 52 5 1
398048 0 52 5 1
398050 0 52 5 1
398052 0 52 5 1
462366 1 52 5 3
462368 1 52 5 3
468129 0 52 6 3
468130 0 52 5 3
468133 0 52 6 3
488773 0 52 5 3
452982 0 53 8 0
399358 1 53 3 3
399086 1 53 3 1
385060 1 53 3 3
384704 1 53 3 1
454984 1 53 2 3
453614 1 53 2 1
133738 1 53 1 2
384703 0 53 5 1
399357 0 53 5 3
453616 0 53 5 1
454982 0 53 5 3
454986 1 54 3 1
384236 1 54 3 3
79455 1 54 3 3
30575 1 54 3 2
454783 1 54 2 1
79453 0 54 5 3
79454 0 54 5 3
385057 1 54 5 3
452984 1 54 5 0
453769 1 55 3 3
398105 1 55 2 3
156893 1 55 2 3
479034 1 55 1 3
383550 0 55 5 1
383552 0 55 5 1
454988 1 55 5 1
468129 0 55 5 3
468131 0 55 5 3
452684 1 56 3 1
454419 1 56 2 3
454151 1 56 2 1
453687 1 56 2 1
454154 0 56 5 1
454418 0 56 5 3
453660 1 57 2 1
320149 1 57 2 3
382965 1 57 1 1
320150 0 57 5 3
382964 0 57 5 1
453689 1 57 5 1
453688 1 58 2 3
383039 1 58 2 1
30358 1 58 2 3
452736 1 58 1 3
383717 1 58 1 1
383037 0 58 5 1
383041 0 58 5 1
453659 1 58 5 1
453686 0 58 5 3
453687 0 58 5 3
257254 0 59 13 3
452734 1 59 4 1
384185 1 59 3 1
453793 1 59 2 3
452861 1 59 2 3
383663 1 59 2 3
383411 1 59 1 1
383410 0 59 5 1
383412 0 59 5 1
383660 0 59 5 3
383661 0 59 5 3
384186 0 59 5 1
452859 0 59 5 3
452862 0 59 5 3
453791 0 59 5 3
453792 0 59 5 3
453794 0 59 6 3
384145 1 60 3 1
454252 1 60 2 3
384121 1 60 2 1
457188 1 60 1 3
384092 1 60 1 1
257253 1 60 5 3
384091 0 60 5 1
384093 0 60 5 1
384150 0 60 5 1
384151 0 60 5 1
452733 1 60 5 1
454248 0 60 5 3
384691 1 61 3 1
383526 1 61 3 1
383386 1 61 3 1
399304 1 61 2 1
383435 1 61 2 1
383484 1 61 1 3
383437 0 61 5 1
399305 0 61 7 1
383158 1 62 2 1
383837 1 62 1 1
383225 1 62 1 1
383157 0 62 5 1
383160 0 62 5 1
383223 0 62 5 1
383387 1 62 5 1
383388 1 62 5 1
383529 1 62 5 1
453793 0 62 5 3
384173 1 63 3 1
383747 1 63 3 1
383752 1 63 2 1
454908 1 63 1 1
399119 1 63 1 1
383746 0 63 5 1
383748 0 63 5 1
399120 0 63 5 1
399306 0 63 5 3
454909 0 63 5 1
454041 1 64 3 4
384124 1 64 3 3
383984 1 64 3 1
383733 1 64 3 1
99732 1 64 3 3
454075 1 64 2 1
384177 1 64 2 1
383066 1 64 1 1
219868 1 64 1 3
383069 0 64 5 1
384174 1 64 5 1
454040 0 64 5 4
453950 1 65 3 1
455009 1 65 2 2
384359 1 65 2 4
384414 1 65 1 1
384061 1 65 1 1
383735 1 65 5 1
383981 1 65 5 1
383983 1 65 5 1
383986 1 65 5 1
383987 1 65 5 1
384063 0 65 6 1
384064 0 65 5 1
384358 0 65 5 4
384413 0 65 5 1
398488 1 66 4 1
384170 1 66 4 1
384244 1 66 3 1
383798 1 66 3 1
383203 1 66 3 3
454916 1 66 2 0
453486 1 66 2 1
384065 1 66 2 2
398424 1 66 1 1
383201 0 66 5 3
383202 0 66 5 3
398423 0 66 5 1
453951 1 66 5 1
454690 0 66 5 1
454691 0 66 5 1
434867 0 67 5 1
100165 1 67 4 3
434866 1 67 6 1
383143 1 67 2 1
383060 1 67 2 3
454688 1 67 1 1
384245 1 67 5 1
384246 1 67 5 1
453484 1 67 5 1
454918 1 67 5 0
384524 1 68 4 1
383305 1 68 4 2
384582 1 68 3 1
383639 1 68 2 1
383441 1 68 2 1
383062 1 68 2 0
383746 1 68 1 0
383739 1 68 1 1
383443 0 68 5 1
383446 0 68 5 1
383641 0 68 5 1
383740 0 68 5 1
383741 0 68 5 1
384064 0 68 5 3
434868 1 68 5 1
434871 1 68 5 1
398049 1 69 3 1
346660 1 69 3 1
384324 1 69 2 0
383982 1 69 2 1
161727 1 69 2 2
12944 1 69 2 3
453427 1 69 1 1
434213 1 69 1 3
384692 1 69 1 1
384496 1 69 1 1
383968 1 69 1 1
12943 0 69 5 3
12945 0 69 5 3
161728 0 69 5 2
346663 0 69 5 1
383302 1 69 5 2
383966 0 69 5 1
383967 0 69 5 1
383983 0 69 5 1
383984 0 69 5 1
383987 0 69 5 1
398050 0 69 5 1
398051 0 69 5 1
398053 0 69 5 1
383071 0 70 7 0
452999 1 70 2 3
99734 1 70 2 0
384487 1 70 1 3
99735 0 70 5 0
99736 0 70 5 0
384486 0 70 5 3
393685 1 71 4 1
383220 1 71 3 2
100690 1 71 3 1
383500 1 71 2 1
100168 1 71 2 3
454690 1 71 1 3
100167 0 71 5 3
100169 0 71 5 3
100691 0 71 5 1
383072 1 71 5 0
383073 1 71 5 0
383219 0 71 5 2
383499 0 71 5 1
383502 0 71 5 1
383968 0 71 5 1
383969 0 71 5 1
383981 0 71 5 2
383983 0 71 5 2
383984 0 71 5 2
454689 0 71 5 3
454692 0 71 5 3
384399 1 72 3 1
383439 1 72 3 3
383070 1 72 3 0
349973 1 72 3 3
453487 1 72 2 3
384583 1 72 2 1
383336 1 72 2 0
99989 1 72 2 3
383841 1 72 0 1
383073 0 72 5 0
393686 1 72 5 1
393687 1 72 5 1
434173 1 73 4 1
155876 1 73 4 3
384527 1 73 3 3
384162 1 73 3 4
529424 1 73 2 3
453046 1 73 2 3
434859 1 73 2 0
383789 1 73 2 1
383501 1 73 2 1
383275 1 73 2 0
383243 1 73 2 1
383993 1 73 1 1
383242 0 73 5 1
383504 0 73 5 1
383791 0 73 5 1
384400 1 73 5 1
384526 0 73 5 3
453045 0 73 5 3
155131 1 74 4 3
99740 1 74 3 3
453428 1 74 2 3
452998 1 74 2 3
384072 1 74 2 1
383899 1 74 2 1
383016 1 74 2 1
155875 1 74 5 3
155877 1 74 5 3
383015 0 74 5 1
383245 0 74 5 1
383901 0 74 5 1
383902 0 74 5 1
383903 0 74 5 1
434175 1 74 5 1
434863 1 74 5 0
434864 1 74 5 0
453429 0 74 5 3
434895 1 75 3 1
384596 1 75 2 1
383196 1 75 2 3
193543 1 75 2 3
99734 1 75 5 3
99735 1 75 5 3
383181 0 75 6 1
383183 0 75 5 1
383195 0 75 5 3
383982 0 75 5 1
383987 0 75 5 1
384070 1 75 5 1
349258 1 76 4 3
100035 1 76 3 1
434945 1 76 2 1
384240 1 76 2 3
383994 1 76 2 1
383900 1 76 2 1
101736 1 76 2 1
50524 1 76 2 3
384268 1 76 1 1
100037 0 76 5 1
100690 1 76 5 2
101738 0 76 5 1
383995 0 76 5 1
434946 0 76 5 1
434947 0 76 5 1
454460 1 77 3 4
435756 1 77 3 1
415616 1 77 3 3
383190 1 77 3 2
434914 1 77 2 1
384584 1 77 2 3
383234 1 77 2 1
42335 1 77 2 2
349257 1 77 5 3
384583 0 77 5 3
415614 0 77 5 3
415615 0 77 5 3
434915 0 77 5 1
434916 0 77 5 1
435759 1 78 5 1
433954 1 78 3 2
383244 1 78 3 2
454165 1 78 2 2
434898 1 78 2 3
434431 1 78 2 1
384342 1 78 2 3
383527 1 78 2 1
100697 1 78 2 4
100693 1 78 2 3
435533 1 78 1 1
99986 1 78 1 1
383180 0 78 5 1
383189 1 78 5 2
383191 1 78 5 2
383242 0 78 5 2
383529 0 78 5 1
384340 0 78 5 3
435534 0 78 5 1
435757 1 78 5 1
435758 1 78 5 1
454164 0 78 5 2
383427 1 79 4 1
384104 1 79 3 1
384286 1 79 2 3
193544 1 79 2 3
1514 1 79 2 3
193541 0 79 5 3
193543 0 79 5 3
384105 0 79 5 1
384106 0 79 5 1
384284 0 79 5 3
434433 1 79 5 1
509040 1 80 3 3
435953 1 80 3 1
435768 1 80 3 1
434868 1 80 3 1
434798 1 80 3 1
434373 0 80 7 1
434271 1 80 3 4
101240 1 80 3 1
435940 1 80 2 1
384339 1 80 2 1
384001 1 80 2 1
99968 1 80 2 1
384599 1 80 1 3
434270 0 80 5 4
434377 0 80 5 1
434799 0 80 5 1
434867 0 80 5 1
434870 0 80 5 1
435770 0 80 5 1
509038 0 80 5 3
101548 1 81 4 1
435352 1 81 3 1
101825 1 81 3 1
552965 1 81 2 3
453143 1 81 2 3
434944 1 81 2 1
434847 1 81 2 1
383396 1 81 2 3
383235 1 81 2 1
327233 1 81 2 2
101239 1 81 1 1
100227 1 81 1 1
101828 0 81 5 1
327231 0 81 5 2
383234 0 81 5 1
383237 0 81 5 1
434849 0 81 5 1
552962 0 81 5 3
552964 0 81 6 3
101315 1 82 4 1
435537 1 82 3 1
435047 1 82 3 1
434374 1 82 3 1
434277 1 82 3 1
384107 1 82 3 1
435105 1 82 2 3
433972 1 82 2 1
383402 1 82 2 1
99970 0 82 6 2
434194 1 82 1 3
384481 1 82 1 4
99969 0 82 5 3
101550 1 82 5 1
383403 0 82 5 1
434195 0 82 5 3
434376 0 82 5 1
435106 0 82 5 3
435354 1 82 5 1
435538 0 82 5 1
99428 1 83 4 3
435340 1 83 3 1
435148 1 83 3 0
434063 1 83 3 1
434031 1 83 3 1
435465 1 83 2 1
435115 1 83 2 1
384539 1 83 2 4
384003 1 83 2 3
312844 1 83 2 3
435142 1 83 1 1
435087 1 83 1 1
433943 1 83 1 1
99968 0 83 5 2
384002 0 83 5 3
384106 1 83 7 1
433946 0 83 5 1
433973 1 83 5 1
433974 1 83 5 1
435146 0 83 5 1
435341 0 83 5 1
435344 0 83 5 1
435357 1 84 3 1
434638 1 84 3 4
434017 1 84 3 2
383137 1 84 3 1
436052 1 84 2 1
434303 1 84 2 3
405980 1 84 2 3
434375 1 84 1 1
434129 1 84 1 3
383902 1 84 1 3
383186 1 84 1 3
325479 1 84 1 3
312846 1 84 5 3
383135 0 84 5 1
383138 0 84 5 1
383181 0 84 5 3
383903 0 84 5 3
405979 0 84 5 3
434032 1 84 5 1
434034 1 84 6 1
434064 1 84 5 1
434065 1 84 5 1
434127 0 84 5 3
434128 0 84 5 3
434130 0 84 5 3
435104 0 84 5 3
435359 0 84 5 1
435360 0 84 5 1
509039 1 85 3 3
383537 0 85 5 3
482670 1 85 2 2
436019 1 85 2 1
435686 1 85 2 1
435487 1 85 2 1
435169 1 85 2 1
434950 1 85 2 3
434598 1 85 2 2
383536 1 85 2 3
376770 1 85 2 3
100228 1 85 2 1
435943 1 85 1 2
100710 1 85 1 1
100227 0 85 5 1
100229 0 85 5 1
383535 0 85 5 3
434599 0 85 5 2
434600 0 85 5 2
435940 0 85 5 2
436020 0 85 5 1
436022 0 85 5 1
436023 0 85 5 1
482671 0 85 5 2
552965 1 85 5 3
152417 1 86 3 3
35522 1 86 3 3
383401 1 86 2 1
346823 1 86 2 1
434370 1 86 1 1
346638 1 86 1 3
170909 1 86 1 2
152416 0 86 5 3
170911 0 86 5 2
346826 0 86 5 1
383136 0 86 5 0
383535 1 86 5 3
384108 1 86 5 1
384109 1 86 5 1
435382 1 87 3 1
471474 0 87 6 3
434156 1 87 2 1
434015 1 87 2 1
407837 1 87 2 1
239967 1 87 2 2
101824 0 87 6 3
101627 1 87 2 3
436030 1 87 1 1
100836 1 87 1 1
101624 0 87 5 3
101828 0 87 5 0
239968 0 87 5 2
434016 0 87 5 1
434018 0 87 5 1
434154 0 87 5 1
435039 0 87 5 1
435381 0 87 5 1
436031 0 87 5 1
436032 0 87 5 1
471473 1 88 3 3
435688 1 88 3 3
433991 1 88 3 2
99571 1 88 3 1
35520 1 88 3 1
505265 1 88 2 3
435955 1 88 2 3
435912 1 88 2 1
435526 1 88 2 3
384352 1 88 2 4
383142 1 88 2 3
206175 1 88 2 3
125480 1 88 2 3
100839 1 88 2 3
100826 1 88 2 1
90310 1 88 2 3
79772 1 88 2 3
383592 1 88 1 1
353708 1 88 1 3
268685 1 88 1 3
101712 1 88 1 1
435036 1 88 0 1
35523 0 88 5 1
100837 0 88 5 3
100838 0 88 5 3
101713 0 88 5 1
101715 0 88 5 1
101826 0 88 5 3
101827 0 88 5 3
125481 0 88 5 3
206173 0 88 5 3
268686 0 88 5 3
383593 0 88 5 1
435524 0 88 5 3
435686 0 88 5 3
435911 0 88 5 1
471470 1 88 5 3
471471 1 88 5 3
433990 1 89 3 3
408386 1 89 3 1
384105 1 89 3 1
328008 1 89 2 3
268684 1 89 2 3
435742 1 89 1 1
383138 1 89 1 2
194320 1 89 1 3
384107 0 89 5 1
384108 0 89 5 1
384109 0 89 5 1
384459 0 89 5 4
408387 0 89 5 1
433989 0 89 5 3
434598 0 89 5 3
100738 1 90 4 0
435432 1 90 3 1
194602 1 90 3 1
100830 1 90 3 0
99541 1 90 3 1
435361 1 90 2 3
434369 1 90 2 1
434165 1 90 2 3
384315 1 90 2 1
346824 1 90 2 1
101319 1 90 2 3
100840 1 90 2 3
100339 1 90 2 1
99427 1 90 2 1
384349 1 90 1 1
193534 1 90 1 1
99426 0 90 5 1
99428 0 90 5 1
100340 0 90 5 1
101318 0 90 5 3
193535 0 90 5 1
194601 0 90 5 1
194603 0 90 5 1
434166 0 90 5 3
435358 0 90 5 3
435359 0 90 5 3
435360 0 90 5 3
435362 0 90 5 3
434091 1 91 2 1
234355 1 91 2 3
178955 1 91 2 3
101413 1 91 2 1
100835 1 91 1 0
100829 1 91 5 0
100837 0 91 5 0
100838 0 91 5 0
234352 0 91 5 3
234353 0 91 5 3
234354 0 91 5 3
434093 0 91 5 1
435911 0 91 5 1
383988 1 92 4 1
492916 1 92 3 3
382961 1 92 3 3
226342 1 92 3 3
435918 1 92 2 1
384614 1 92 2 1
206174 1 92 2 1
100767 1 92 2 1
434428 1 92 1 2
209312 1 92 1 3
79770 1 92 1 2
206172 0 92 5 1
206173 0 92 5 1
206175 0 92 5 1
209310 0 92 5 3
209311 0 92 5 3
382960 0 92 5 3
382962 0 92 5 3
166439 0 93 24 3
434208 1 93 3 1
435328 1 93 2 1
407401 1 93 2 1
154514 1 93 2 3
511526 1 93 1 3
383770 1 93 1 2
346827 1 93 1 3
296489 1 93 1 3
100372 1 93 1 0
99577 1 93 1 2
99573 1 93 1 3
99578 0 93 5 2
100375 0 93 5 0
154511 0 93 5 3
346823 0 93 5 3
346826 0 93 5 3
383771 0 93 5 2
407402 0 93 5 1
407403 0 93 5 1
434210 0 93 5 1
434212 0 93 5 1
435330 0 93 5 1
194149 1 94 3 1
193955 1 94 3 1
435915 1 94 2 2
434976 1 94 2 4
433955 1 94 2 1
226641 1 94 2 3
101819 1 94 2 1
37501 1 94 2 2
383764 1 94 1 1
37503 0 94 5 2
166438 1 94 5 3
226639 0 94 5 3
433957 0 94 6 1
433958 0 94 5 1
433959 0 94 5 1
435914 0 94 5 2
435916 0 94 5 2
434949 1 95 4 1
435369 1 95 2 3
358738 1 95 2 3
312637 1 95 2 3
226341 1 95 2 3
101412 1 95 2 1
100768 1 95 2 3
435434 1 95 1 3
434897 1 95 1 3
99678 1 95 1 1
101413 0 95 5 1
194147 1 95 5 1
435920 1 96 3 3
435743 1 96 3 3
101577 1 96 3 1
11275 1 96 3 3
435992 1 96 2 4
435592 1 96 2 1
434856 1 96 2 1
384619 1 96 2 1
383633 1 96 2 1
209316 1 96 2 3
164459 1 96 2 2
101370 1 96 2 3
35527 1 96 2 3
99371 1 96 1 3
11276 0 96 5 3
35526 0 96 5 3
99369 0 96 5 3
101367 0 96 5 3
101369 0 96 5 3
164458 0 96 5 2
209317 0 96 5 3
384620 0 96 5 1
434858 0 96 5 1
434950 1 96 5 1
435742 0 96 5 3
518053 1 97 3 3
383634 0 97 7 1
348909 1 97 3 2
101110 1 97 3 1
99370 1 97 3 3
435385 1 97 2 3
435345 1 97 2 1
433956 1 97 2 1
207831 1 97 2 4
193377 1 97 2 1
99985 1 97 2 1
99387 1 97 2 1
384362 1 97 1 1
101587 1 97 1 1
99986 0 97 5 1
99987 0 97 5 1
99989 0 97 5 1
101578 1 97 5 1
193378 0 97 5 1
383635 0 97 5 1
383636 0 97 5 1
384360 0 97 5 1
384364 0 97 5 1
435346 0 97 5 1
435384 0 97 5 3
435593 1 97 5 1
435595 1 97 5 1
210314 1 98 4 3
454188 1 98 3 3
435744 1 98 3 3
101383 1 98 3 1
100985 1 98 3 1
434650 1 98 2 1
408531 1 98 2 1
100766 1 98 2 3
234763 1 98 1 3
100569 1 98 1 4
99371 1 98 5 3
100765 0 98 5 3
101109 1 98 5 1
101385 0 98 5 1
234761 0 98 5 3
234762 0 98 5 3
435741 0 98 5 3
435349 0 99 13 3
101759 1 99 4 1
435893 1 99 3 1
434935 1 99 3 4
434356 1 99 3 2
209309 1 99 3 1
193750 1 99 3 2
101517 1 99 3 1
347945 1 99 2 4
347511 1 99 2 1
205866 1 99 2 3
194116 1 99 2 4
193749 0 99 6 3
193379 1 99 2 3
179139 1 99 2 4
156110 1 99 2 3
101452 1 99 2 1
100705 1 99 2 1
100091 1 99 2 3
99651 1 99 2 3
99399 0 99 6 0
99401 0 99 5 1
100090 0 99 5 3
100704 0 99 5 1
100706 0 99 5 1
100707 0 99 5 1
100987 1 99 5 1
101451 0 99 5 1
101453 0 99 5 1
101454 0 99 5 1
101455 0 99 5 1
156111 0 99 5 3
179138 0 99 5 4
205864 0 99 5 3
209311 0 99 5 1
210311 1 99 5 3
210312 1 99 5 3
347512 0 99 5 1
347514 0 99 5 1
434358 0 99 5 2
435894 0 99 5 1
193381 1 100 4 1
194689 1 100 3 4
193751 1 100 5 2
99445 1 100 3 1
99398 1 100 3 0
435504 1 100 2 1
434855 1 100 2 0
434633 1 100 2 3
434210 1 100 2 2
100953 1 100 2 1
100210 1 100 2 1
383477 1 100 1 2
99401 0 100 5 0
99403 0 100 5 0
100209 0 100 5 1
100213 0 100 5 1
101757 1 100 5 1
101760 1 100 5 1
193752 1 100 5 2
194115 1 100 5 4
434208 0 100 5 2
435348 1 100 5 3
435502 0 100 5 1
435505 0 100 5 1
435594 1 101 3 3
383282 1 101 3 2
101446 1 101 3 1
101083 1 101 3 1
518060 1 101 2 1
484034 1 101 2 2
435307 1 101 2 1
434919 1 101 2 1
384272 1 101 2 1
348905 1 101 2 3
101066 1 101 2 1
3688 1 101 2 3
264041 1 101 1 3
100261 1 101 1 1
36445 1 101 1 2
3686 0 101 5 3
100263 0 101 5 1
101068 0 101 5 1
101070 0 101 5 1
383279 0 101 5 2
434631 1 101 5 3
434918 0 101 6 1
435592 0 101 5 3
435593 0 101 5 3
484035 0 101 5 2
100954 1 102 4 3
484030 1 102 3 1
101224 1 102 3 0
434910 1 102 2 1
407150 1 102 2 1
101897 1 102 2 4
100796 1 102 2 3
100478 1 102 2 1
434021 1 102 1 3
100480 0 102 5 1
100794 0 102 5 3
100797 0 102 5 3
407149 0 102 5 1
407152 0 102 5 1
434020 0 102 5 3
434022 0 102 5 3
434909 0 102 5 1
484031 0 102 5 1
99810 1 103 3 1
434495 1 103 2 1
154649 1 103 2 3
101526 1 103 2 1
101274 1 103 2 1
100146 1 103 2 2
99510 1 103 2 4
299115 1 103 1 2
99809 0 103 5 1
100984 0 103 5 3
101527 0 103 5 1
101529 0 103 5 1
434496 0 103 5 1
434570 1 104 4 1
100119 1 104 4 1
517729 1 104 3 2
483826 1 104 3 1
419007 1 104 3 3
407316 1 104 3 3
407151 1 104 3 2
384160 1 104 3 4
100910 1 104 3 3
384274 1 104 2 3
101691 1 104 2 1
101385 1 104 2 3
100986 1 104 2 1
433938 1 104 1 2
101542 1 104 1 2
101079 1 104 1 1
100180 1 104 1 4
100179 0 104 5 4
100720 0 104 5 1
100907 0 104 5 3
100987 0 104 5 1
101066 0 104 5 1
101081 0 104 5 1
101383 0 104 5 3
101384 0 104 5 3
101543 0 104 5 2
384271 0 104 6 3
384275 0 104 5 3
433937 0 104 5 2
434920 0 104 5 0
517730 0 104 5 2
285844 1 105 3 3
100250 1 105 3 0
100053 1 105 3 2
179138 1 105 2 4
500168 1 105 1 3
100120 1 105 5 1
100121 1 105 5 1
179139 0 105 5 4
285845 0 105 5 3
407149 1 105 5 2
407153 1 105 5 2
434572 1 105 5 1
492462 1 106 3 3
407212 1 106 3 3
100918 1 106 3 1
100166 1 106 3 3
407091 1 106 2 3
156042 1 106 2 2
101304 1 106 2 1
100874 1 106 2 1
100783 1 106 2 1
100728 1 106 2 1
100054 1 106 2 2
407215 1 106 1 3
100899 1 106 1 0
100051 1 106 5 2
100052 1 106 5 2
100050 0 106 5 2
100725 0 106 5 1
100729 0 106 5 1
100876 0 106 5 1
101306 0 106 5 1
101307 0 106 5 1
101308 0 106 5 1
209284 1 107 4 1
154464 1 107 4 2
101356 1 107 4 0
518781 1 107 3 1
517721 1 107 3 3
484031 0 107 5 3
101607 1 107 3 0
100723 1 107 3 3
100253 1 107 3 1
484033 1 107 2 3
434645 1 107 2 3
414830 1 107 2 2
208161 1 107 2 1
101692 1 107 2 1
100089 1 107 2 1
100909 1 107 1 3
100092 0 107 5 1
100721 0 107 5 3
100724 0 107 5 3
100906 0 107 5 3
100907 0 107 5 3
100908 0 107 5 3
100910 0 107 5 3
101695 0 107 5 1
384272 0 107 5 0
414832 0 107 5 2
484032 0 107 5 1
484029 0 107 5 3
484032 0 107 5 3
518780 0 107 5 1
517507 0 108 13 3
492463 1 108 3 3
171894 1 108 2 3
101172 1 108 2 1
512530 1 108 1 3
193380 1 108 1 1
101608 1 108 5 0
101610 1 108 5 0
193381 0 108 5 1
209283 1 108 5 1
209287 1 108 5 1
492460 0 108 5 3
492461 0 108 5 3
99799 1 109 3 4
456570 1 109 2 3
349990 1 109 2 1
344507 1 109 2 2
243990 1 109 2 3
99558 1 109 2 3
99493 1 109 2 1
349992 0 109 5 1
349993 0 109 5 1
517508 1 109 5 3
429033 1 110 4 3
101175 1 110 4 0
408067 1 110 3 1
300704 1 110 3 1
500164 1 110 2 1
407768 1 110 2 1
101492 1 110 2 3
100919 1 110 2 3
100875 1 110 2 3
100707 1 110 2 3
99373 1 110 2 1
517587 1 110 1 1
100053 0 110 5 0
100706 0 110 5 3
300702 0 110 5 1
300708 0 110 5 1
500168 0 110 5 1
500130 1 111 3 3
515999 1 111 2 3
500166 1 111 2 1
300926 1 111 2 1
288714 1 111 2 3
101136 1 111 2 1
500167 1 111 1 3
300993 1 111 1 1
129519 1 111 1 3
100303 1 111 1 0
100304 0 111 5 0
101178 1 111 5 0
300925 0 111 5 1
300931 0 111 5 1
407769 1 111 5 1
407770 1 111 5 1
408068 1 111 5 1
408069 1 111 5 1
429034 1 111 5 3
500168 0 111 5 1
515996 0 111 5 3
518388 1 112 4 1
408183 1 112 3 1
301192 1 112 3 1
164579 1 112 3 3
101131 1 112 3 0
434572 1 112 2 3
299643 1 112 2 1
101655 1 112 2 1
101294 1 112 2 1
384275 1 112 1 3
101657 0 112 5 1
299642 0 112 5 1
335732 0 112 5 3
384271 0 112 5 3
384272 0 112 5 3
408184 0 112 5 1
434568 0 112 5 3
434569 0 112 5 3
300474 0 113 18 4
500579 1 113 3 2
193450 1 113 3 3
484066 1 113 2 3
217225 1 113 2 1
208298 1 113 2 3
100135 1 113 2 4
100014 1 113 2 3
408285 1 113 1 1
300706 1 113 1 2
101134 1 113 5 0
101295 1 113 5 1
101297 1 113 5 1
193451 0 113 5 3
217226 0 113 5 1
408284 0 113 5 1
484067 0 113 5 3
518389 1 113 5 1
500272 0 114 5 1
485765 1 114 3 3
307695 1 114 3 3
299452 1 114 3 1
299259 1 114 3 1
100550 1 114 3 3
518868 1 114 2 1
517484 1 114 2 3
408287 1 114 2 3
300795 1 114 2 1
278386 1 114 2 3
99557 1 114 2 3
500273 1 114 1 1
348329 1 114 1 1
208294 1 114 5 3
208297 1 114 5 3
299258 0 114 5 1
299453 0 114 5 1
299454 0 114 5 1
299456 0 114 5 1
300797 0 114 5 1
300798 0 114 5 1
348328 0 114 5 1
348330 0 114 5 1
348331 0 114 5 1
500274 0 114 5 1
517483 0 114 5 3
518871 0 114 5 1
456584 1 115 4 1
349994 1 115 4 3
517725 1 115 3 1
299823 1 115 3 1
71039 1 115 3 3
456048 1 115 2 1
408187 1 115 2 3
101360 1 115 1 0
101361 0 115 5 0
278385 1 115 5 3
408182 0 115 5 3
456050 0 115 5 1
484063 0 115 5 3
484064 0 115 5 3
499863 0 115 5 1
517726 0 115 5 1
456214 1 116 3 1
348339 1 116 3 0
100202 1 116 3 1
51633 1 116 3 3
101039 1 116 2 4
456566 1 116 1 1
429034 1 116 1 3
100204 0 116 5 1
100513 0 116 5 1
349990 1 116 5 3
349991 1 116 5 3
349992 1 116 5 3
456215 0 116 5 1
456216 0 116 5 1
456585 1 116 5 1
518854 1 117 3 1
499661 1 117 3 1
456568 1 117 3 2
299824 1 117 3 3
500271 1 117 2 1
335734 1 117 2 1
101132 1 117 2 0
95864 1 117 2 3
499110 1 117 1 4
100984 1 117 1 0
100511 1 117 1 1
95863 0 117 5 3
95865 0 117 5 3
100986 0 117 5 0
100987 0 117 5 0
456569 0 117 5 2
500272 0 117 5 1
455668 1 118 3 1
300709 1 118 3 1
455706 1 118 2 3
408241 1 118 2 1
301177 1 118 2 1
299257 1 118 2 1
243265 1 118 2 3
101778 1 118 2 1
101475 1 118 2 3
101190 1 118 2 1
101297 1 118 1 3
101474 0 118 5 3
299259 0 118 5 1
299260 0 118 5 1
455703 0 118 5 3
301125 1 119 4 1
500036 1 119 3 1
407123 1 119 3 1
300094 1 119 3 3
298996 1 119 3 1
272523 1 119 3 3
498655 1 119 2 3
299825 1 119 2 3
470943 1 119 1 3
298995 0 119 5 1
299826 0 119 5 3
455664 1 119 5 1
455666 1 119 5 1
470942 0 119 5 3
498653 0 119 5 3
498654 0 119 5 3
499984 1 120 4 1
406885 1 120 3 1
335732 1 120 3 3
101395 1 120 3 4
99540 1 120 3 1
499437 1 120 2 1
499220 1 120 2 1
99541 0 120 5 1
99543 0 120 5 1
300093 1 120 5 3
301126 1 120 5 1
301127 1 120 5 1
301129 1 120 5 1
335731 0 120 5 3
407126 1 120 5 1
499438 0 120 5 1
499440 0 120 5 1
450384 1 121 4 3
457020 1 121 3 1
101779 1 121 3 1
101060 1 121 3 3
456308 1 121 2 1
455145 1 121 2 1
300778 1 121 2 3
300775 1 121 2 1
298832 1 121 2 1
205968 1 121 2 2
500577 1 121 1 1
500284 1 121 1 3
500274 1 121 1 3
278382 1 121 1 1
45697 1 121 1 3
101778 0 121 5 1
101780 0 121 5 1
205969 0 121 5 2
278383 0 121 5 1
278384 0 121 5 1
455147 0 121 5 1
456309 0 121 5 1
499985 1 121 5 1
500280 0 121 5 3
500281 0 121 5 3
500282 0 121 5 3
500283 0 121 5 3
499899 1 122 3 1
299985 1 122 3 1
300776 1 122 2 1
299009 1 122 2 3
298626 1 122 2 1
531872 1 122 1 3
407239 1 122 1 1
298992 1 122 1 1
298993 0 122 5 1
298994 0 122 5 1
299005 0 122 5 3
299007 0 122 5 3
300772 0 122 5 1
300774 0 122 5 1
450383 1 122 5 3
457019 1 122 5 1
457021 1 122 5 1
499900 0 122 5 1
298998 1 123 4 3
456592 1 123 3 1
299234 1 123 3 1
273290 1 123 3 2
101523 1 123 3 2
45698 1 123 3 3
511308 1 123 2 3
498912 1 123 2 1
455809 1 123 2 1
300582 1 123 2 1
298954 1 123 2 1
298997 1 123 1 1
273291 0 123 5 2
298996 0 123 5 1
300584 0 123 5 1
455811 0 123 5 1
511307 0 123 5 3
336035 0 124 6 0
499954 1 124 3 1
300547 1 124 3 1
300185 1 124 3 1
498915 1 124 2 3
481483 1 124 2 2
456797 1 124 2 3
300388 1 124 2 1
300033 1 124 2 1
101392 1 124 2 3
559223 1 124 1 3
499439 1 124 1 1
456679 1 124 1 3
455798 1 124 1 4
101393 0 124 5 3
298997 1 124 5 3
298999 1 124 5 3
299235 1 124 5 1
299236 1 124 5 1
300034 0 124 5 1
300036 0 124 5 1
300386 0 124 5 1
300391 0 124 5 1
456678 0 124 5 3
456795 0 124 5 3
456796 0 124 5 3
499440 0 124 5 1
300581 1 125 4 0
498877 1 125 3 1
463737 1 125 3 3
266332 1 125 3 3
559228 1 125 2 3
519046 1 125 2 2
499680 1 125 2 1
455576 1 125 2 1
301130 1 125 2 0
299377 1 125 2 1
336034 1 125 1 0
266331 0 125 5 3
300186 1 125 5 1
300187 1 125 5 1
455574 0 125 5 1
498878 0 125 5 1
498879 0 125 5 1
498913 1 125 5 3
498914 1 125 5 3
499679 0 125 5 1
499953 1 125 5 1
499955 1 125 5 1
456723 1 126 3 1
300702 1 126 3 1
300429 1 126 3 1
300201 1 126 3 1
499231 1 126 2 1
301245 1 126 2 1
301181 1 126 2 2
300874 1 126 2 1
300290 1 126 2 1
266071 1 126 2 2
101535 1 126 2 2
298628 1 126 1 3
101537 0 126 5 2
298629 0 126 5 3
300293 0 126 5 1
300387 0 126 5 3
300389 0 126 6 3
300430 0 126 5 1
300705 0 126 5 1
300707 0 126 5 1
301184 0 126 5 2
301248 0 126 5 1
499232 0 126 5 1
499899 0 126 5 3
499901 0 126 5 3
499897 1 127 4 0
498876 1 127 4 1
300833 1 127 4 1
455394 1 127 2 1
408596 1 127 2 1
300895 1 127 2 1
518865 1 127 1 1
301161 1 127 1 1
301091 1 127 1 1
300200 1 127 6 1
300894 0 127 5 1
300897 0 127 5 1
301163 0 127 5 1
455395 0 127 5 1
455396 0 127 5 1
518867 0 127 5 1
299281 1 128 4 1
518918 1 128 3 1
456122 1 128 3 1
300608 1 128 3 1
300019 1 128 3 1
299378 1 128 3 3
299060 1 128 3 1
101534 1 128 3 1
559308 1 128 2 4
500417 1 128 2 1
327688 1 128 2 3
301257 1 128 2 1
299556 1 128 2 1
101533 0 128 5 1
101537 0 128 5 1
299555 0 128 5 1
299558 0 128 5 1
300609 0 128 5 1
300834 1 128 5 1
300835 1 128 5 1
327686 0 128 5 3
456120 0 128 5 1
456124 0 128 5 1
498877 1 128 5 1
499900 1 128 5 0
500418 0 128 5 1
500419 0 128 5 1
299869 1 129 3 1
299370 1 129 3 3
146371 1 129 3 3
300189 1 129 2 3
298793 1 129 2 1
519044 1 129 1 3
456675 1 129 1 3
301096 1 129 1 4
300876 1 129 1 3
146370 0 129 5 3
299283 1 129 5 1
299284 1 129 5 1
299285 1 129 5 1
299870 0 129 5 1
300020 1 129 5 1
300021 1 129 5 1
300185 0 129 5 3
300186 0 129 5 3
300188 0 129 5 3
300874 0 129 5 3
518919 1 129 5 1
519045 0 129 5 3
499434 1 130 4 1
239388 1 130 4 2
500359 1 130 3 3
499478 1 130 3 1
335569 1 130 3 1
301259 1 130 3 3
500344 1 130 2 1
499964 1 130 2 3
300292 1 130 2 3
299213 1 130 2 3
407801 1 130 1 1
298792 1 130 5 1
298795 1 130 5 1
298797 1 130 5 1
299212 0 130 5 3
299214 0 130 5 3
300201 0 130 5 1
300290 0 130 5 3
335570 0 130 5 1
335571 0 130 5 1
335573 0 130 5 1
300018 1 131 3 1
298726 1 131 3 1
499502 1 131 2 3
498609 1 131 2 2
406895 1 131 2 1
301136 1 131 2 1
300291 1 131 2 1
300160 1 131 2 1
299312 1 131 2 1
299036 1 131 2 2
239389 1 131 5 2
298728 0 131 5 1
299033 0 131 5 2
299311 0 131 5 1
300019 0 131 5 1
300161 0 131 6 1
300162 0 131 5 1
300290 0 131 5 1
498611 0 131 5 2
498612 0 131 5 2
499501 0 131 5 3
499503 0 131 5 3
300944 0 132 13 3
299851 1 132 4 1
499511 1 132 3 1
499484 1 132 3 1
496865 1 132 3 3
299728 1 132 3 1
299260 1 132 3 3
11639 0 132 5 3
499752 1 132 2 1
299907 1 132 2 1
299871 1 132 2 1
299408 1 132 2 3
299286 1 132 2 4
298668 1 132 2 1
258214 1 132 2 3
11640 1 132 2 3
300930 1 132 1 3
300737 1 132 1 1
298632 1 132 1 1
11641 0 132 5 1
11637 0 132 6 3
258210 0 132 5 3
258211 0 132 5 3
298634 0 132 5 1
298666 0 132 5 1
298667 0 132 5 1
299257 0 132 5 3
299261 0 132 5 3
299727 0 132 5 1
299731 0 132 5 1
299910 0 132 5 1
300738 0 132 5 1
300925 0 132 5 3
499483 0 132 5 1
499487 0 132 5 1
500002 1 133 3 1
499754 1 133 3 3
455399 1 133 3 3
300835 1 133 3 3
517425 1 133 2 1
499504 1 133 2 4
498610 1 133 2 2
300698 1 133 2 3
299872 1 133 2 3
298841 1 133 2 1
298627 1 133 2 1
146369 1 133 2 1
518921 1 133 1 3
300847 1 133 1 1
278228 1 133 1 1
146371 0 133 5 1
278229 0 133 5 1
278232 0 133 5 1
298628 0 133 5 1
298629 0 133 5 1
298843 0 133 5 1
299850 1 133 5 1
299854 1 133 5 1
300699 0 133 5 3
300836 0 133 5 3
455400 0 133 5 3
498611 0 133 5 2
517423 0 133 5 1
517426 0 133 5 1
518918 0 133 5 3
518920 0 133 5 3
534012 1 134 3 2
336068 1 134 3 3
298883 1 134 3 3
145595 1 134 3 1
518212 1 134 2 1
499914 1 134 2 3
456496 1 134 2 1
335561 1 134 2 1
298827 1 134 2 1
298787 1 134 2 1
279285 1 134 2 1
267952 1 134 2 3
169453 1 134 2 2
300583 1 134 1 2
279289 0 134 5 1
298786 0 134 5 1
298830 0 134 5 1
298831 0 134 5 1
335562 0 134 5 1
335563 0 134 5 1
336063 0 134 5 3
336064 0 134 5 3
336067 0 134 5 3
456498 0 134 5 1
500003 1 134 5 1
500004 1 134 5 1
518213 0 134 5 1
534011 0 134 5 2
456655 1 135 3 1
407552 1 135 3 3
298974 1 135 3 2
499659 1 135 2 1
498843 1 135 2 3
498618 1 135 2 1
408390 1 135 2 1
406896 1 135 2 3
335342 1 135 2 3
301220 1 135 2 1
300965 1 135 2 1
299679 1 135 2 1
298840 1 135 2 1
186111 1 135 2 3
146919 1 135 2 1
518796 1 135 1 1
499218 1 135 1 1
300647 1 135 1 3
298841 0 135 5 1
298842 0 135 5 1
298843 0 135 5 1
299681 0 135 5 1
300642 0 135 5 3
300964 0 135 5 1
498620 0 135 5 1
498622 0 135 5 1
499219 0 135 5 1
518795 0 135 5 1
518799 0 135 5 1
512363 1 136 4 1
499462 1 136 4 1
518923 1 136 3 0
511478 1 136 3 1
499750 1 136 3 0
411969 1 136 3 2
408310 1 136 3 3
300867 1 136 3 1
299184 1 136 3 1
456134 1 136 2 1
455396 1 136 2 3
407077 1 136 2 3
300644 1 136 2 1
300247 1 136 2 1
12471 1 136 2 3
358789 1 136 1 3
12469 0 136 5 3
300246 0 136 5 1
300249 0 136 5 1
300250 0 136 5 1
300251 0 136 5 1
300643 0 136 5 1
300646 0 136 5 1
300647 0 136 5 1
407076 0 136 5 3
407640 0 136 5 1
455394 0 136 5 3
455395 0 136 5 3
456136 0 136 5 1
499749 0 136 5 0
499754 0 136 5 0
511479 0 136 5 1
511480 0 136 5 1
300538 1 137 4 4
519249 1 137 3 1
511814 1 137 3 4
456200 1 137 3 0
412445 1 137 3 3
335903 1 137 3 1
300595 1 137 3 1
300281 1 137 3 1
298788 1 137 3 3
272130 1 137 3 3
110169 1 137 3 2
518558 1 137 2 1
517669 1 137 2 1
301219 1 137 2 1
300316 1 137 2 1
299680 1 137 2 2
407642 1 137 1 1
301222 1 137 1 3
300689 1 137 1 4
298786 0 137 5 3
298842 0 137 5 3
299186 1 137 5 1
299679 0 137 5 2
300282 0 137 6 1
300315 0 137 5 1
300317 0 137 5 1
300597 0 137 6 1
301221 0 137 5 1
456202 0 137 5 0
499461 1 137 5 1
512366 1 137 5 1
518557 0 137 5 1
518559 0 137 5 1
518924 1 137 5 0
335901 1 138 5 1
300360 1 138 4 1
456659 1 138 3 3
456144 1 138 3 1
299650 1 138 3 0
299341 1 138 3 1
298828 1 138 3 1
145598 1 138 3 1
499505 1 138 2 3
456710 1 138 2 1
455604 1 138 2 1
300977 1 138 2 1
300084 1 138 2 1
299924 1 138 2 1
227807 1 138 2 3
146825 1 138 2 4
336166 1 138 1 1
299852 1 138 1 1
299421 1 138 1 3
146048 1 138 1 1
146047 0 138 5 1
146050 0 138 5 1
227806 0 138 5 3
298827 0 138 5 1
298830 0 138 5 1
299850 0 138 5 1
299853 0 138 5 1
299855 0 138 5 1
299925 0 138 5 1
300087 0 138 5 1
300250 0 138 5 1
300252 0 138 5 1
300976 0 138 5 1
335900 1 138 5 1
335902 1 138 5 1
336167 0 138 5 1
412441 1 138 5 3
412442 1 138 5 3
412443 1 138 5 3
455603 0 138 5 1
455605 0 138 5 1
456142 0 138 5 1
455450 1 139 4 1
300086 1 139 4 1
500205 1 139 3 1
456432 1 139 3 1
405947 1 139 3 3
336543 1 139 3 1
335560 0 139 5 3
335536 1 139 3 1
309712 1 139 3 3
299553 1 139 3 1
298752 1 139 3 3
519105 1 139 2 1
517393 1 139 2 1
498926 1 139 2 3
348308 1 139 2 3
300868 1 139 2 1
300166 1 139 2 0
299539 1 139 2 1
240352 1 139 2 3
187241 1 139 2 3
146923 1 139 2 1
146408 1 139 2 1
499485 1 139 1 1
456864 1 139 1 1
407825 1 139 1 1
335562 1 139 1 3
298837 1 139 1 1
145601 1 139 5 1
146409 0 139 5 1
146410 0 139 5 1
146925 0 139 5 1
187238 0 139 5 3
187239 0 139 5 3
298839 0 139 5 1
299343 1 139 5 1
300168 0 139 5 0
300361 1 139 5 1
300362 1 139 5 1
300647 1 139 5 0
300870 0 139 5 1
335535 0 139 5 1
335538 0 139 5 1
335902 1 139 5 0
336541 0 139 6 1
336545 0 139 5 1
348309 0 139 5 3
456435 0 139 5 1
456436 0 139 5 1
456711 1 139 5 1
456865 0 139 5 1
498921 0 139 5 3
498922 0 139 5 3
498923 0 139 5 3
498924 0 139 5 3
498925 0 139 5 3
499483 0 139 5 1
517394 0 139 5 1
517395 0 139 5 1
519106 0 139 5 1
519107 0 139 5 1
519108 0 139 5 1
518563 0 140 8 0
518980 1 140 4 1
499133 1 140 3 3
456980 1 140 3 1
455600 1 140 3 1
455013 1 140 3 1
299994 1 140 3 1
299731 1 140 3 3
199629 1 140 3 3
518373 1 140 2 1
499938 1 140 2 1
499593 1 140 2 1
498612 1 140 2 3
455827 1 140 2 1
336183 1 140 2 1
269661 1 140 2 3
57789 1 140 2 3
457050 1 140 1 4
455631 1 140 1 1
336067 1 140 1 3
301144 1 140 1 3
273493 1 140 1 3
199626 0 140 5 3
199627 0 140 6 3
199628 0 140 5 3
199630 0 140 5 3
299727 0 140 5 3
299728 0 140 5 3
299729 0 140 5 3
299730 0 140 5 3
300084 1 140 5 1
300085 1 140 5 1
300087 1 140 5 1
300281 0 140 5 3
300595 0 140 5 3
335563 1 140 5 1
336062 0 140 5 3
336066 0 140 5 3
336068 0 140 5 3
455394 0 140 5 3
455602 0 140 5 1
455633 0 140 5 1
499131 0 140 5 3
499132 0 140 5 3
499597 0 140 5 1
499941 0 140 5 1
499463 1 141 4 1
336588 1 141 4 1
500560 1 141 3 1
499739 1 141 3 1
336551 1 141 3 4
143267 1 141 3 2
519256 1 141 2 1
518249 1 141 2 1
456105 1 141 2 1
455697 1 141 2 1
455283 1 141 2 1
407692 1 141 2 1
300685 1 141 2 1
300278 1 141 2 0
299736 1 141 2 1
299156 1 141 2 1
518922 1 141 1 0
518416 1 141 1 3
499381 1 141 1 1
300745 1 141 1 1
300210 1 141 1 1
278781 1 141 1 1
273494 1 141 1 3
278785 0 141 5 1
299159 0 141 5 1
299992 1 141 5 1
299997 1 141 5 1
300211 0 141 5 1
300213 0 141 5 1
300281 0 141 5 0
300686 0 141 5 1
300688 0 141 5 1
300744 0 141 5 1
336550 0 141 5 4
455284 0 141 5 1
456106 0 141 6 1
456107 0 141 5 1
456979 1 141 5 1
499380 0 141 5 1
499382 0 141 5 1
499742 0 141 5 1
500562 0 141 5 1
500564 0 141 5 1
500565 0 141 5 1
518248 0 141 5 1
518412 0 141 5 3
518414 0 141 5 3
518566 1 141 5 0
518923 0 141 5 0
518924 0 141 5 0
518982 1 141 5 1
519254 0 141 5 1
519255 0 141 5 1
499453 1 142 3 3
499290 1 142 3 1
456133 1 142 3 1
455699 1 142 3 0
323880 1 142 3 3
146404 1 142 3 0
518557 1 142 2 0
499598 1 142 2 3
456199 1 142 2 2
456049 1 142 2 1
368299 1 142 2 3
346606 1 142 2 3
300155 1 142 2 3
299848 1 142 2 3
279289 1 142 2 3
518015 1 142 1 1
517288 1 142 1 1
456863 1 142 1 1
308643 1 142 1 3
299290 1 142 1 0
146407 0 142 5 0
146409 0 142 5 0
299292 0 142 5 0
300154 0 142 5 3
308640 0 142 5 3
308641 0 142 5 3
308642 0 142 5 3
499461 1 142 5 1
499593 0 142 5 3
499596 0 142 5 3
517289 0 142 5 1
518017 0 142 6 1
537544 1 143 3 3
499433 1 143 3 1
457053 1 143 3 1
408583 1 143 3 1
335541 1 143 3 2
317792 1 143 3 2
300146 1 143 3 1
299554 1 143 3 3
267339 1 143 3 3
146866 1 143 3 1
499506 1 143 2 3
456408 1 143 2 1
456142 1 143 2 1
407643 1 143 2 3
299010 1 143 2 3
266278 1 143 2 3
110168 1 143 2 2
499251 1 143 1 1
498958 1 143 1 1
300150 1 143 1 3
110169 0 143 5 2
146870 0 143 5 1
199628 0 143 5 1
266279 0 143 5 3
299006 0 143 5 3
299553 0 143 5 3
300149 0 143 5 3
300151 0 143 5 3
300281 0 143 5 1
300283 0 143 5 1
407639 0 143 5 3
407640 0 143 5 3
408585 0 143 5 1
456146 0 143 5 1
498959 0 143 5 1
498960 0 143 5 1
498962 0 143 5 1
499253 0 143 5 1
456268 1 144 4 1
267297 1 144 4 3
500372 1 144 3 1
408601 1 144 3 1
299656 1 144 3 3
224624 1 144 3 1
552177 1 144 2 3
519104 1 144 2 3
518324 1 144 2 4
500208 1 144 2 3
499884 1 144 2 1
499829 1 144 2 1
499592 1 144 2 0
499466 1 144 2 1
498770 1 144 2 1
491177 1 144 2 3
456978 1 144 2 1
455606 1 144 2 3
408329 1 144 2 3
406964 1 144 2 4
336181 1 144 2 0
335318 1 144 2 4
299540 1 144 2 1
146032 1 144 2 1
145688 1 144 2 1
455791 1 144 1 1
455261 1 144 1 1
181566 1 144 1 2
88885 1 144 1 3
88884 0 144 5 3
145686 0 144 5 1
146034 0 144 5 1
181567 0 144 5 2
308641 1 144 5 1
455793 0 144 5 1
456105 0 144 5 3
498772 0 144 5 1
499436 1 144 5 1
499467 0 144 5 1
499830 0 144 5 1
499831 0 144 5 1
500206 0 144 5 3
552176 0 144 5 3
518074 1 145 3 1
456153 1 145 3 1
455911 1 145 3 1
455680 1 145 3 1
455452 1 145 3 1
300516 1 145 3 3
145748 1 145 3 1
138855 1 145 3 3
113229 1 145 3 2
519232 1 145 2 1
517683 1 145 2 1
499044 1 145 2 3
408328 1 145 2 3
336285 1 145 2 4
308093 1 145 2 1
299859 1 145 2 3
299151 1 145 2 0
299005 1 145 2 1
146719 1 145 2 0
146147 1 145 2 4
499860 1 145 1 3
499332 1 145 1 3
499146 1 145 1 1
456095 1 145 1 3
455175 1 145 1 1
336186 1 145 1 3
146984 1 145 1 1
146780 1 145 1 1
57790 1 145 1 3
57785 0 145 5 3
57787 0 145 5 3
138854 0 145 5 3
146720 0 145 5 0
146779 0 145 5 1
146782 0 145 5 1
146980 0 145 5 1
146986 0 145 5 1
267292 1 145 5 3
267294 1 145 5 3
267295 1 145 5 3
299657 1 145 6 3
308095 0 145 5 1
336183 0 145 5 3
407555 0 145 5 0
407557 0 145 5 0
408602 1 145 5 1
408603 1 145 5 1
455601 1 145 5 3
456155 0 145 5 1
499148 0 145 5 1
499252 1 145 5 3
499330 0 145 5 3
499331 0 145 5 3
499857 0 145 5 3
500371 1 145 5 1
500375 1 145 5 1
517684 0 145 5 1
518015 0 145 5 3
519102 1 145 5 3
519103 1 145 5 3
519233 0 145 5 1
519234 0 145 6 1
335787 1 146 4 1
217457 1 146 4 2
517685 1 146 3 3
499870 1 146 3 1
456435 1 146 3 3
456145 1 146 3 3
455263 1 146 3 3
408219 1 146 3 1
336544 1 146 3 1
146090 1 146 3 4
548714 1 146 2 3
517965 1 146 2 1
455992 1 146 2 4
455262 1 146 2 2
279666 1 146 2 1
237468 1 146 2 2
146560 1 146 2 1
456979 1 146 1 1
300357 1 146 1 1
299991 1 146 1 1
279277 1 146 1 1
146696 1 146 1 1
145752 1 146 5 1
146561 0 146 5 1
146697 0 146 5 1
237469 0 146 5 2
299153 1 146 5 0
299992 0 146 6 1
299993 0 146 5 1
299997 0 146 5 1
336541 0 146 5 1
336545 0 146 5 1
336546 0 146 5 1
408220 0 146 5 1
408222 0 146 5 1
408223 0 146 5 1
455259 0 146 5 3
455261 0 146 5 3
455682 1 146 5 1
455909 1 146 5 1
456142 0 146 5 3
456430 0 146 5 3
456432 0 146 5 3
456434 0 146 5 3
456980 0 146 5 1
456981 0 146 5 1
499871 0 146 5 1
517682 0 146 5 3
548713 0 146 5 3
500276 1 147 3 1
499464 1 147 3 3
455036 1 147 3 1
336284 1 147 3 4
147099 1 147 3 1
146722 1 147 3 1
145864 1 147 3 3
527983 1 147 2 3
500104 1 147 2 1
498700 1 147 2 1
455877 1 147 2 1
455285 1 147 2 3
407724 1 147 2 1
336173 1 147 2 1
299085 1 147 2 4
146927 1 147 2 1
146601 1 147 2 2
299292 1 147 1 1
146599 0 147 5 2
146602 0 147 5 2
146926 0 147 5 1
146928 0 147 5 1
146929 0 147 5 1
299291 0 147 5 1
299294 0 147 5 1
335786 1 147 5 1
336172 0 147 5 1
336542 0 147 5 3
407725 0 147 5 1
455281 0 147 5 3
499463 0 147 5 3
527982 0 147 5 3
455880 1 148 4 3
146643 1 148 4 0
145790 1 148 4 1
145658 1 148 4 1
518711 1 148 3 1
500369 0 148 6 1
495221 1 148 3 3
336445 1 148 3 1
336185 1 148 3 3
335779 1 148 3 4
184391 1 148 3 3
146924 1 148 3 3
145760 1 148 3 3
31910 1 148 3 2
518810 1 148 2 3
518699 1 148 2 1
518076 1 148 2 3
517692 1 148 2 2
499053 1 148 2 1
498741 1 148 2 1
498731 1 148 2 1
456440 1 148 2 3
335448 1 148 2 1
317793 1 148 2 3
146213 1 148 2 3
145874 1 148 2 1
145698 1 148 2 1
146922 1 148 1 1
145784 1 148 1 1
145703 0 148 5 1
145704 0 148 5 1
145783 0 148 5 1
145878 0 148 5 1
146209 0 148 5 3
146725 1 148 5 1
146923 0 148 5 1
146921 0 148 5 3
146925 0 148 5 3
317794 0 148 5 3
336443 0 148 6 1
495220 0 148 5 3
495222 0 148 5 3
498701 1 148 5 1
498742 0 148 5 1
498744 0 148 5 1
499055 0 148 8 1
500372 0 148 5 0
500374 0 148 5 0
517690 0 148 5 2
518074 0 148 5 3
518808 0 148 5 3
407728 1 149 4 3
8561 1 149 4 3
559877 1 149 3 3
517946 1 149 3 3
335383 1 149 3 1
308091 1 149 3 1
146699 1 149 3 3
552176 1 149 2 1
517365 1 149 2 1
500502 1 149 2 1
455908 1 149 2 0
455518 1 149 2 1
454857 1 149 2 3
407816 1 149 2 1
299734 1 149 2 3
146983 1 149 2 1
145863 1 149 2 3
455563 1 149 1 1
407556 1 149 1 3
340083 1 149 1 3
146269 1 149 1 1
145657 1 149 5 1
145789 1 149 5 1
145792 1 149 5 1
146645 1 149 5 0
146695 0 149 5 3
146696 0 149 5 3
146697 0 149 5 3
146982 0 149 5 1
146984 0 149 5 1
146985 0 149 5 1
299735 0 149 5 3
299993 0 149 5 1
299994 0 149 5 1
299995 0 149 5 1
340082 0 149 5 3
407557 0 149 5 3
455564 0 149 5 1
455912 0 149 5 0
455914 0 149 5 0
500370 0 149 5 1
500372 0 149 5 1
500504 0 149 5 1
517363 0 149 5 1
517364 0 149 5 1
517367 0 149 5 1
518702 1 149 5 1
518710 1 149 5 1
519233 1 149 5 2
552175 0 149 5 1
559878 0 149 5 3
336220 1 150 4 3
518125 1 150 3 0
500105 1 150 3 1
500019 1 150 2 1
499331 1 150 2 2
499014 1 150 2 1
498779 1 150 2 3
456270 1 150 2 2
408584 1 150 2 3
335626 1 150 2 1
335545 1 150 2 1
145981 1 150 2 1
518686 1 150 1 1
457071 1 150 1 3
300444 1 150 1 1
146114 1 150 1 4
145983 0 150 5 1
145984 0 150 5 1
308093 1 150 5 1
308095 1 150 5 1
335546 0 150 5 1
335623 0 150 5 1
407726 1 150 5 3
408582 0 150 5 3
408583 0 150 5 3
408585 0 150 5 3
456272 0 150 5 2
457068 0 150 5 3
457069 0 150 5 3
457070 0 150 5 3
498778 0 150 5 3
500022 0 150 5 1
518689 0 150 5 1
146612 1 151 4 3
518297 1 151 3 1
499300 1 151 3 1
498745 1 151 3 3
455136 1 151 3 1
407627 1 151 3 1
335728 1 151 3 1
309380 1 151 3 1
300445 1 151 3 3
88367 1 151 3 3
21465 1 151 3 4
518669 1 151 2 3
513682 1 151 2 3
456516 1 151 2 1
456450 1 151 2 1
455126 1 151 2 1
424027 1 151 2 4
335228 1 151 2 1
285500 1 151 2 3
279276 1 151 2 0
235374 1 151 2 3
146634 1 151 2 1
145715 1 151 2 0
145700 1 151 2 1
456798 1 151 1 3
267077 1 151 1 1
146526 1 151 1 4
113227 1 151 1 0
21464 0 151 5 4
88363 0 151 5 3
88364 0 151 5 3
145701 0 151 5 1
145702 0 151 5 1
145704 0 151 5 1
145716 0 151 5 0
146633 0 151 5 1
146635 0 151 5 1
267078 0 151 5 1
279277 0 151 5 0
285498 0 151 5 3
300444 0 151 5 3
300446 0 151 5 3
335229 0 151 5 1
335729 0 151 5 1
336446 0 151 5 1
336447 0 151 5 1
424028 0 151 5 4
455135 0 151 5 1
455139 0 151 5 1
456517 0 151 5 1
456799 0 151 5 3
498742 0 151 5 3
499328 1 151 5 2
500104 1 151 5 1
518668 0 151 5 3
514001 1 152 3 2
500071 1 152 3 1
456635 1 152 3 1
279433 1 152 3 1
267292 1 152 3 0
146834 1 152 3 2
518809 1 152 2 3
518156 1 152 2 2
500512 1 152 2 1
499711 1 152 2 2
499392 1 152 2 1
488037 1 152 2 3
408034 1 152 2 3
336595 1 152 2 1
336372 1 152 2 1
279259 1 152 2 1
184399 1 152 2 3
146597 1 152 2 3
146406 1 152 2 1
76835 1 152 2 2
482900 1 152 1 3
456381 1 152 1 1
145874 0 152 5 3
145876 0 152 5 3
145877 0 152 5 3
146405 0 152 5 1
184394 0 152 5 3
184398 0 152 5 3
279260 0 152 5 1
279261 0 152 5 1
309379 1 152 5 1
309381 1 152 5 1
336371 0 152 5 1
336373 0 152 5 1
336596 0 152 5 1
408035 0 152 5 3
456379 0 152 5 1
456631 0 152 5 1
456632 0 152 5 1
456633 0 152 5 1
456637 0 152 5 1
500514 0 152 5 1
513999 0 152 5 2
518155 0 152 5 2
500476 1 153 3 1
335786 1 153 3 1
335624 0 153 6 1
309385 1 153 3 3
300475 1 153 3 1
265493 1 153 3 1
543190 1 153 2 4
500503 1 153 2 1
499681 1 153 2 1
11147 1 153 2 3
457072 1 153 1 3
456625 1 153 1 1
335458 1 153 1 1
146980 1 153 1 0
11149 0 153 5 3
146985 0 153 5 0
265495 0 153 5 1
267296 1 153 5 0
267298 1 153 5 0
335627 0 153 5 1
335628 0 153 5 1
335788 0 153 5 1
456626 0 153 5 1
456632 0 153 5 3
457069 0 153 5 3
518808 1 153 5 3
146072 0 154 18 4
518797 1 154 3 1
500150 1 154 3 1
456843 1 154 3 1
456806 1 154 3 1
455461 1 154 3 1
455046 0 154 5 1
338433 1 154 3 2
336758 1 154 3 1
336672 1 154 3 1
335856 1 154 3 3
279257 1 154 3 1
267293 1 154 3 0
146694 1 154 3 1
517704 1 154 2 1
500097 1 154 2 4
469459 1 154 2 3
336752 0 154 5 1
335625 1 154 2 1
145847 1 154 2 4
519272 1 154 1 1
519235 1 154 1 3
517363 1 154 1 1
456085 1 154 1 1
455045 1 154 1 1
336751 1 154 1 1
278937 1 154 1 0
278205 1 154 1 1
146928 1 154 1 3
146695 0 154 5 1
146926 0 154 5 3
278939 0 154 5 0
278940 0 154 5 0
279258 0 154 5 1
279260 0 154 5 1
279261 0 154 5 1
336750 0 154 5 1
336757 0 154 5 1
336759 0 154 5 1
336760 0 154 5 1
455463 0 154 5 1
456086 0 154 5 1
456807 0 154 5 1
500474 1 154 5 1
500478 1 154 5 1
517362 0 154 5 1
518796 0 154 5 1
518798 0 154 5 1
519232 0 154 5 3
519234 0 154 5 3
518568 1 155 3 3
518536 1 155 3 3
517786 1 155 3 1
456636 1 155 3 3
455651 1 155 3 3
407626 1 155 3 1
376077 1 155 3 2
75939 1 155 3 3
517733 1 155 2 1
500328 1 155 2 1
407805 1 155 2 1
335547 1 155 2 1
146394 1 155 2 1
146379 1 155 2 1
145185 1 155 2 3
102027 1 155 2 1
21614 1 155 2 4
455242 1 155 1 1
145699 1 155 1 1
56700 1 155 1 3
21613 0 155 5 4
56701 0 155 5 3
102026 0 155 5 1
145186 0 155 6 3
145698 0 155 5 1
145704 0 155 5 1
146377 0 155 5 1
146380 0 155 5 1
146811 0 155 5 3
335548 0 155 5 1
335626 1 155 5 1
336671 1 155 5 1
376076 0 155 5 2
407628 0 155 6 1
407629 0 155 5 1
407806 0 155 5 1
455244 0 155 5 1
456633 0 155 5 3
456637 0 155 5 3
456844 1 155 5 1
456845 1 155 5 1
500149 1 155 5 1
500152 1 155 5 1
500330 0 155 5 1
517736 0 155 5 1
518532 0 155 5 3
518534 0 155 5 3
336756 1 156 4 0
543541 1 156 3 4
487645 1 156 3 3
336202 1 156 3 1
500475 1 156 2 1
499974 1 156 2 4
499051 1 156 2 3
498820 1 156 2 4
456488 1 156 2 1
455898 1 156 2 4
438622 1 156 2 3
138940 1 156 2 4
138378 1 156 2 1
104146 1 156 2 1
408452 1 156 1 4
336685 1 156 1 1
278206 1 156 1 3
145727 1 156 1 3
84164 1 156 1 3
104147 0 156 5 1
145728 0 156 5 3
278204 0 156 5 3
336201 0 156 5 1
336203 0 156 5 1
336204 0 156 5 1
336684 0 156 5 1
499049 0 156 5 3
517789 1 156 5 1
499368 0 157 18 4
240654 1 157 4 1
146396 1 157 4 1
499904 1 157 3 1
499391 1 157 3 1
498793 1 157 3 1
456900 1 157 3 3
146713 1 157 3 3
146693 1 157 3 1
146531 1 157 3 1
146436 1 157 3 1
103995 1 157 3 1
500111 1 157 2 1
499098 1 157 2 1
222817 1 157 2 2
184397 1 157 2 1
177561 1 157 2 3
145620 1 157 2 4
16313 1 157 2 3
146439 0 157 5 1
146532 0 157 5 1
146533 0 157 5 1
146695 0 157 5 1
146698 0 157 5 1
146708 0 157 5 3
146712 0 157 5 3
177557 0 157 5 3
177558 0 157 6 3
177559 0 157 5 3
177562 0 157 5 3
222818 0 157 5 2
336757 1 157 5 0
336759 1 157 5 0
456895 0 157 5 3
456896 0 157 5 3
498795 0 157 5 1
498797 0 157 5 1
498798 0 157 5 1
499096 0 157 5 1
499392 0 157 5 1
499393 0 157 5 1
499907 0 157 5 1
499908 0 157 5 1
499909 0 157 5 1
499910 0 157 5 1
500112 0 157 5 1
500115 0 157 5 1
500447 1 158 3 1
500331 1 158 3 3
499764 1 158 3 1
455899 1 158 3 4
407807 0 158 6 2
102436 1 158 3 1
518803 1 158 2 0
498989 1 158 2 3
336346 1 158 2 1
264067 1 158 2 1
138379 1 158 2 3
102759 1 158 2 1
469460 1 158 1 3
335622 1 158 1 0
102437 0 158 5 1
102758 0 158 5 1
102760 0 158 5 1
102761 0 158 5 1
184393 1 158 5 1
184396 1 158 5 1
184398 1 158 5 1
184399 1 158 5 1
240657 1 158 5 1
335623 0 158 5 0
407625 0 158 5 3
407629 0 158 5 3
455898 0 158 5 4
456897 0 158 5 1
469459 0 158 5 3
499367 1 158 5 4
146521 1 159 4 1
518540 1 159 3 1
457059 1 159 3 1
457058 0 159 5 1
335637 1 159 3 3
309386 1 159 3 3
278294 1 159 3 4
88368 1 159 3 3
407808 1 159 2 2
407802 1 159 2 1
183892 1 159 2 1
146628 1 159 2 1
102220 0 159 6 3
19184 1 159 2 3
455389 1 159 1 1
278175 1 159 1 3
266704 1 159 1 0
19183 0 159 5 3
88366 0 159 5 3
88367 0 159 5 3
309384 0 159 5 3
407801 0 159 5 1
407805 1 159 5 1
407806 0 159 5 2
455392 0 159 5 1
457061 0 159 5 1
499766 1 159 5 1
499767 1 159 5 1
518538 0 159 5 1
518542 0 159 5 1
500422 1 160 3 1
178576 1 160 3 1
102935 1 160 3 1
102222 1 160 3 3
102144 1 160 3 1
517478 1 160 2 2
499835 1 160 2 1
498874 1 160 2 3
346483 1 160 2 3
305859 1 160 2 3
266705 1 160 2 0
193424 1 160 2 3
103479 1 160 2 1
43560 1 160 2 2
103481 0 160 5 1
146524 1 160 5 1
177561 0 160 5 1
178581 0 160 5 1
335636 1 160 5 3
335638 1 160 5 3
498872 0 160 5 3
499836 0 160 5 1
499839 0 160 5 1
500423 0 160 5 1
517476 0 160 5 2
517477 0 160 5 2
518802 1 161 3 0
336665 1 161 3 3
266203 1 161 3 0
183902 1 161 3 3
146758 0 161 6 1
103219 1 161 3 1
18516 1 161 3 1
499028 1 161 2 1
498968 1 161 2 1
469512 1 161 2 3
407681 1 161 2 1
341421 1 161 2 1
281308 1 161 2 4
146437 1 161 2 1
145905 1 161 2 4
518299 1 161 1 3
499905 1 161 1 1
456489 1 161 1 2
344275 1 161 1 3
279261 1 161 1 3
102143 1 161 5 1
102146 1 161 5 1
266202 0 161 5 0
266204 0 161 5 0
266205 0 161 5 0
281307 0 161 5 4
336664 0 161 5 3
341420 0 161 5 1
341422 0 161 5 1
344276 0 161 5 3
407683 0 161 5 1
499029 0 161 6 1
499908 0 161 5 1
499909 0 161 5 1
518298 0 161 5 3
456809 1 162 4 0
500386 1 162 3 1
498869 1 162 3 1
498670 1 162 3 1
407841 1 162 3 1
193423 1 162 3 2
146760 0 162 7 3
500580 1 162 2 4
500094 1 162 2 2
456953 1 162 2 0
455138 1 162 2 1
408723 1 162 2 1
317190 1 162 2 2
146697 1 162 2 1
499615 1 162 1 1
498866 1 162 1 1
146698 0 162 5 1
146762 1 162 5 1
183901 1 162 5 3
193422 0 162 5 2
408724 0 162 7 1
455136 0 162 5 1
456954 0 162 5 0
456956 0 162 5 0
498868 0 162 5 1
498871 0 162 5 1
498970 1 162 5 1
499614 0 162 5 1
499616 0 162 5 1
499617 0 162 5 1
499906 1 162 5 3
499910 1 162 5 3
500095 0 162 5 2
500387 0 162 5 1
500389 0 162 5 1
518538 0 162 5 3
407842 1 163 4 1
18517 1 163 4 3
511363 1 163 3 1
499898 1 163 3 1
499030 0 163 6 2
185229 1 163 3 1
146520 1 163 3 1
517296 1 163 2 3
499765 1 163 2 2
499688 1 163 2 3
407684 1 163 2 3
278862 1 163 2 4
102560 1 163 2 1
88362 1 163 2 2
183893 1 163 1 1
102561 0 163 5 1
146519 0 163 5 1
183895 0 163 5 1
185228 0 163 6 1
407681 0 163 5 3
407683 0 163 5 3
407843 1 163 5 1
456808 1 163 5 0
456810 1 163 5 0
499028 0 163 5 3
499764 0 163 5 2
499901 0 163 5 1
517292 0 163 5 3
517293 0 163 5 3
517295 0 163 5 3
455140 1 164 4 3
499228 1 164 3 4
499106 1 164 3 1
456320 1 164 3 3
407498 1 164 3 3
147125 1 164 3 1
500469 1 164 2 1
500146 1 164 2 3
498875 1 164 2 3
146522 1 164 2 1
19339 1 164 2 1
498829 1 164 1 1
103221 1 164 1 3
19341 0 164 5 1
19343 0 164 5 1
103217 0 164 5 3
103218 0 164 5 3
146761 0 164 5 3
408721 0 164 5 3
498831 0 164 5 1
498832 0 164 5 1
498872 0 164 5 3
498874 0 164 5 3
499104 0 164 5 1
499107 0 164 5 1
499109 0 164 5 1
500144 0 164 5 3
500471 0 164 5 1
500473 0 164 5 1
500388 1 165 3 3
498975 1 165 3 1
457011 1 165 3 1
455641 1 165 3 1
498671 1 165 2 1
407465 1 165 2 4
336612 1 165 2 1
162030 1 165 2 3
234080 1 165 1 3
147126 1 165 5 1
147127 1 165 5 1
147128 1 165 5 1
234079 0 165 5 3
455136 1 165 5 3
455138 1 165 5 3
455139 1 165 5 3
455642 0 165 5 1
455643 0 165 5 1
455644 0 165 5 1
500386 0 165 5 3
500387 0 165 5 3
522637 1 166 3 3
518800 1 166 3 3
511362 1 166 3 3
500627 1 166 3 1
499958 1 166 3 1
213605 1 166 3 3
183908 1 166 3 3
176312 1 166 3 3
146861 1 166 3 1
19340 1 166 3 1
500421 1 166 2 1
499632 1 166 2 3
456952 1 166 2 3
335497 1 166 2 1
103571 1 166 2 3
19341 0 166 5 1
172606 0 166 5 2
176310 0 166 5 3
183904 0 166 5 3
183905 0 166 5 3
183906 0 166 5 3
335496 0 166 6 1
335500 0 166 5 1
336614 1 166 5 1
408722 0 166 5 0
456948 0 166 5 3
499630 0 166 5 3
500422 0 166 5 1
500423 0 166 5 1
500628 0 166 5 1
500629 0 166 5 1
518795 0 166 5 3
518798 0 166 5 3
500327 1 167 4 1
500472 1 167 3 3
499451 1 167 3 1
498938 1 167 3 1
498836 1 167 3 1
348816 1 167 3 3
256124 1 167 2 3
500219 1 167 1 3
103216 1 167 1 1
102937 1 167 1 3
102936 0 167 5 3
103217 0 167 5 1
103218 0 167 5 1
185227 1 167 5 1
185229 1 167 5 1
185231 1 167 5 1
103135 1 168 4 1
498672 1 168 3 1
408103 1 168 3 3
183899 1 168 3 1
499612 1 168 2 0
498673 1 168 2 3
103989 1 168 2 1
500374 1 168 1 3
184521 1 168 1 1
112177 1 168 1 3
102062 1 168 1 3
103991 0 168 5 1
183900 0 168 5 1
183903 0 168 5 1
184523 0 168 5 1
184524 0 168 5 1
408102 0 168 5 3
498670 0 168 5 3
499452 1 168 5 1
499453 1 168 5 1
499615 0 168 5 0
499617 0 168 5 0
500329 1 168 5 1
500330 1 168 5 1
500369 0 168 5 3
500371 0 168 5 3
500375 0 168 5 3
408027 1 169 6 1
499957 0 169 7 3
499776 1 169 3 3
408100 1 169 3 1
542988 1 169 2 1
522565 1 169 2 3
500217 1 169 2 1
408028 1 169 2 1
335499 1 169 2 3
335266 1 169 2 1
266139 1 169 2 3
242134 1 169 2 3
145563 1 169 2 3
522636 1 169 1 3
145539 1 169 1 3
103136 1 169 5 1
103137 1 169 5 1
242132 0 169 5 3
266135 0 169 5 3
266138 0 169 5 3
335495 0 169 5 3
335496 0 169 5 3
335498 0 169 5 3
408102 0 169 5 1
455642 0 169 5 3
499777 0 169 5 3
500219 0 169 5 1
522562 0 169 5 3
522563 0 169 5 3
522564 0 169 5 3
542989 0 169 5 1
456302 0 170 13 3
499801 1 170 3 1
408384 1 170 3 2
382851 1 170 3 3
336776 1 170 3 1
336706 1 170 3 1
146863 1 170 3 3
146609 1 170 3 1
498666 1 170 2 1
146135 1 170 2 1
8093 1 170 2 2
146136 1 170 1 1
146137 0 170 5 1
146610 0 170 5 1
146859 0 170 5 3
335498 1 170 5 0
336708 0 170 5 1
336777 0 170 5 1
336778 0 170 5 1
408030 1 170 5 1
498668 0 170 5 1
526513 1 171 3 3
499960 1 171 3 3
498678 1 171 3 3
249605 0 171 7 1
499443 1 171 2 1
185192 1 171 2 1
184520 1 171 2 1
70868 1 171 2 2
500215 1 171 1 0
498939 1 171 1 2
146918 1 171 1 1
19342 1 171 5 2
70866 0 171 5 2
70867 0 171 7 2
70869 0 171 5 2
185193 0 171 5 1
185195 0 171 5 1
456300 1 171 5 3
456301 1 171 5 3
498677 0 171 5 3
498936 0 171 5 2
498937 0 171 5 2
498940 0 171 5 2
499959 0 171 5 3
499961 0 171 5 3
500216 0 171 5 0
500219 0 171 5 0
500014 1 172 3 3
336227 1 172 3 1
335500 1 172 3 3
312709 1 172 3 3
543620 1 172 2 3
497363 1 172 2 3
185232 1 172 2 3
184522 1 172 2 1
183884 1 172 2 1
409394 1 172 1 2
408142 1 172 1 1
312707 0 172 5 3
312708 0 172 5 3
335495 0 172 5 3
336229 0 172 5 1
336230 0 172 5 1
408141 0 172 6 1
526509 1 172 5 3
526511 1 172 5 3
543618 0 172 5 3
458571 0 173 13 3
407867 1 173 3 1
335783 1 173 3 1
184258 1 173 3 1
490416 1 173 2 3
456731 1 173 2 1
408105 1 173 2 4
249603 1 173 2 1
97774 1 173 2 2
407733 1 173 1 1
336120 1 173 1 1
185231 1 173 1 3
70869 0 173 5 1
184259 0 173 5 1
184261 0 173 5 1
185229 0 173 5 3
249602 0 173 5 1
335782 0 173 6 1
407868 0 173 5 1
407869 0 173 5 1
456732 0 173 5 1
500013 1 173 5 3
408647 1 174 3 1
408561 1 174 3 1
184424 1 174 3 2
54124 1 174 3 2
499800 1 174 2 0
406866 1 174 2 1
224368 1 174 2 2
151175 1 174 2 3
18219 1 174 2 3
406904 1 174 1 2
18218 1 174 1 1
18220 0 174 5 3
54122 0 174 5 2
184425 0 174 5 2
406868 0 174 5 1
408560 0 174 5 1
408564 0 174 5 1
407055 1 175 3 1
183987 1 175 3 2
33268 1 175 3 2
500267 1 175 2 1
499119 1 175 1 4
102172 0 175 5 3
183985 0 175 5 2
408649 1 175 5 1
336121 0 176 13 3
500333 1 176 3 1
455936 1 176 3 4
406865 1 176 3 0
263337 1 176 3 3
407450 1 176 2 1
185326 1 176 2 1
184788 1 176 2 1
184785 0 176 5 1
184789 0 176 5 1
185328 0 176 5 1
406867 0 176 5 0
407453 0 176 5 1
455935 0 176 5 4
505324 1 177 4 3
336493 1 177 4 1
185391 1 177 4 1
183922 1 177 3 1
548034 1 177 2 3
521645 1 177 2 1
505323 1 177 2 3
407404 1 177 2 4
336118 1 177 2 1
336106 1 177 2 1
162032 1 177 2 0
335780 1 177 5 1
521646 0 177 5 1
521647 0 177 5 1
335741 1 178 3 1
185348 1 178 3 3
184787 1 178 3 1
407297 1 178 2 3
335537 1 178 2 1
249604 1 178 2 1
54123 1 178 2 2
18217 1 178 2 1
9603 1 178 2 3
9602 0 178 5 3
249605 0 178 5 1
335538 0 178 5 1
335540 0 178 5 1
336103 1 178 5 1
336104 1 178 5 1
336107 1 178 5 1
336496 1 178 5 1
407295 0 178 5 3
499798 1 179 3 3
183722 1 179 3 1
184887 1 179 2 1
146137 1 179 2 3
408281 1 179 1 1
146135 0 179 5 3
146138 0 179 5 3
183721 0 179 5 1
184785 1 179 5 1
184786 1 179 5 1
184788 1 179 5 1
335743 1 179 5 1
408283 0 179 5 1
522634 1 180 3 1
185085 1 180 3 4
162572 1 180 3 1
455589 1 180 2 3
407471 1 180 1 1
336116 1 180 1 3
185012 1 180 1 3
455590 0 180 5 3
522632 0 180 5 1
161024 1 181 4 1
7855 1 181 3 3
184638 1 181 2 1
184641 0 181 5 1
336382 0 182 5 1
336290 1 182 3 1
19789 1 182 3 3
407048 1 182 2 1
335239 1 182 2 1
184642 1 182 2 3
17493 1 182 2 3
522804 1 182 1 1
521536 1 182 1 1
336380 1 182 1 1
17492 0 182 5 3
17494 0 182 5 3
161026 1 182 5 1
336291 0 182 5 1
336381 0 182 5 3
521535 0 182 5 1
161432 1 183 3 1
408282 1 183 2 1
184889 1 183 2 2
162035 1 183 2 1
184102 1 183 1 2
161431 0 183 5 1
161433 0 183 5 1
184103 0 183 5 2
184887 0 183 5 2
184890 0 183 5 2
335241 1 183 5 1
335242 1 183 5 1
408281 0 183 5 1
408424 1 184 3 1
185028 1 184 3 2
185014 1 184 3 1
161071 1 184 3 1
161025 1 184 3 1
19790 1 184 3 3
455257 1 184 2 4
335602 1 184 2 1
185017 0 184 5 1
161845 1 184 2 3
19787 0 184 5 3
161026 0 184 5 1
161070 0 184 5 1
161072 0 184 5 1
161846 0 184 5 3
185025 0 184 5 2
185030 0 184 5 2
335239 0 184 5 3
335240 0 184 5 3
335243 0 184 5 3
335603 0 184 5 1
335604 0 184 5 1
521536 1 184 5 1
522635 0 184 5 1
185254 1 185 4 0
184639 1 185 3 1
184458 1 185 3 3
315739 1 185 2 3
184644 1 185 2 0
184278 1 185 2 1
184280 0 185 5 1
184456 0 185 5 3
184638 0 185 5 3
184643 0 185 5 0
523177 1 186 3 1
430942 1 186 3 3
315898 1 186 3 4
161075 1 186 3 0
162574 1 186 1 3
162571 0 186 5 3
162572 0 186 5 3
184638 1 186 5 1
185257 1 186 5 0
522633 1 186 5 3
523181 0 186 5 1
522275 1 187 3 1
522241 1 187 3 1
523171 1 187 2 1
31619 1 187 2 3
407474 1 187 1 3
407472 0 187 5 3
407473 0 187 5 3
523172 0 187 5 1
523173 0 187 5 1
523174 0 187 5 1
523175 0 187 5 1
407869 1 188 3 3
311849 1 188 3 3
266319 1 188 3 0
185221 1 188 2 3
185020 1 188 2 3
161073 1 188 1 3
161070 0 188 5 3
185219 0 188 5 3
185220 0 188 5 3
185222 0 188 5 3
266320 0 188 5 0
266322 0 188 5 0
311847 0 188 5 3
311848 0 188 5 3
335239 0 188 5 1
335241 0 188 5 1
522244 1 188 5 1
335759 1 189 3 1
185255 1 189 3 1
161080 1 189 3 4
522520 1 189 2 4
522121 1 189 2 1
335243 1 189 2 4
185016 1 189 2 3
184648 1 189 2 1
162672 1 189 2 3
162560 1 189 2 1
185253 1 189 1 0
162561 0 189 5 1
162669 0 189 5 3
184278 0 189 5 3
184649 0 189 5 1
185257 0 189 5 0
335239 0 189 5 4
335241 0 189 5 4
335242 0 189 5 4
522123 0 189 5 1
522516 0 189 5 4
522517 0 189 5 4
523162 1 190 3 1
522749 1 190 3 3
408188 1 190 3 3
521977 1 190 2 1
408613 1 190 2 2
185453 1 190 2 2
184418 1 190 2 3
185452 0 190 5 2
408182 0 190 5 3
408183 0 190 5 3
408187 0 190 5 3
408614 0 190 5 2
521978 0 190 5 1
522746 0 190 5 3
522242 1 191 3 2
523176 1 191 2 3
184381 1 191 2 2
162679 1 191 2 3
161078 1 191 2 3
465291 1 191 1 3
161075 0 191 5 3
161076 0 191 5 3
161077 0 191 5 3
184380 0 191 5 2
522243 0 191 5 2
523172 0 191 5 3
185167 1 192 3 2
184793 0 192 5 1
522276 1 192 2 1
521557 1 192 2 1
184792 1 192 2 1
521554 0 192 7 1
521555 0 192 5 1
521556 0 192 5 1
545008 1 193 3 2
184651 1 193 3 3
184814 1 193 2 2
478861 1 193 1 3
184647 0 193 5 3
184649 0 193 5 3
184813 0 193 5 2
545007 0 193 5 2
545009 0 193 5 2
521800 1 194 3 0
188749 1 194 3 2
522944 1 194 2 4
488698 1 194 2 1
257278 1 194 2 3
162675 1 194 1 1
188747 0 194 5 2
188748 0 194 5 2
408615 0 194 5 2
408616 0 194 5 2
521558 0 194 5 0
521559 0 194 5 0
487028 1 195 3 1
457162 1 195 3 2
162677 1 195 3 1
183617 1 195 2 2
183614 0 195 5 2
183615 0 195 5 2
487027 0 195 5 1
521803 1 195 5 0
196227 1 196 3 3
523183 1 196 2 2
522960 1 196 2 4
521369 1 196 2 1
196228 0 196 5 3
521370 0 196 5 1
521372 0 196 5 1
523184 0 196 5 2
184600 0 197 13 4
488465 1 197 3 4
185005 1 197 7 3
162567 1 197 3 2
486845 1 197 1 3
185004 0 197 5 1
185006 0 197 5 1
185008 0 197 5 1
185009 0 197 5 1
488464 0 197 5 4
523185 1 198 3 3
488696 1 198 3 1
486871 1 198 2 1
523134 1 198 1 3
486870 0 198 5 1
523184 0 198 5 3
410336 1 199 2 3
161758 1 199 2 1
545009 1 199 1 2
523175 1 199 1 3
185004 1 199 5 3
185006 1 199 5 3
185008 1 199 5 3
488695 1 199 5 1
488697 1 199 5 1
488698 1 199 5 1
488700 1 199 5 1
523172 0 199 5 3
522806 1 200 2 1
161759 1 200 5 1
161760 1 200 5 1
488706 1 201 3 1
486873 1 201 3 3
257636 1 201 2 1
256135 1 201 2 1
162630 1 201 2 1
160589 1 201 2 1
162087 1 201 1 0
160588 0 201 5 1
162089 0 201 5 0
486872 0 201 5 3
488708 0 201 5 1
488710 0 201 5 1
522805 1 201 5 1
522808 1 201 5 1
488614 1 202 2 3
488612 0 202 5 3
488615 0 202 5 3
522805 0 202 5 3
160547 1 203 4 1
162088 1 203 3 1
50876 1 203 2 3
487836 1 203 1 3
162226 1 204 4 0
161514 1 204 3 1
160840 1 204 3 1
184733 1 204 2 1
162082 1 204 2 1
162526 1 204 1 1
65799 1 204 1 3
65798 0 204 5 3
160546 1 204 5 1
160548 1 204 5 1
160841 0 204 7 1
160842 0 204 5 1
162527 0 204 5 1
162529 0 204 5 1
521526 1 205 3 1
488663 1 205 3 4
161487 1 205 3 1
160945 1 205 3 1
50881 1 205 3 4
521520 1 205 2 1
185407 1 205 2 1
169494 1 205 2 3
162352 1 205 2 1
160947 0 205 5 1
160946 0 205 5 1
160948 0 205 5 1
160951 0 205 5 1
162228 1 205 5 0
162354 0 205 5 1
162356 0 205 5 1
521521 0 205 5 1
488823 1 206 3 1
162090 1 206 3 3
536930 1 206 2 3
533631 1 206 2 3
521870 1 206 2 1
488770 1 206 2 3
488341 1 206 2 1
487040 1 206 2 1
162357 1 206 2 3
487045 0 206 5 1
185385 1 206 1 1
183625 1 206 1 1
160842 0 206 5 1
160843 0 206 5 1
162087 0 206 5 3
162089 0 206 5 3
162356 0 206 5 3
487039 0 206 5 1
487042 0 206 5 1
487043 0 206 5 1
488342 0 206 5 1
488825 0 206 5 1
521872 0 206 5 1
521822 1 207 4 1
533641 1 207 3 4
160836 1 207 3 0
522463 1 207 2 1
162222 1 207 2 1
160967 1 207 2 1
160329 1 207 2 3
160328 0 207 5 3
160966 0 207 5 1
160968 0 207 5 1
160969 0 207 5 1
522465 0 207 5 1
533642 0 207 5 4
487128 1 208 4 1
162248 1 208 4 1
161848 1 208 4 1
522462 1 208 3 1
474592 1 208 3 3
161593 1 208 3 1
161120 1 208 3 1
521871 1 208 2 1
488635 1 208 2 3
487409 1 208 2 1
162500 1 208 2 0
160949 1 208 2 2
160378 1 208 2 1
160945 0 208 5 2
161595 0 208 5 1
162501 0 208 5 0
162502 0 208 5 0
162504 0 208 5 0
521872 0 208 5 1
522032 1 209 3 1
521602 1 209 3 1
162216 1 209 3 3
49382 1 209 3 3
161884 1 209 2 1
161109 1 209 2 4
134556 1 209 2 4
487806 1 209 1 1
49380 0 209 5 3
161847 1 209 5 1
162214 0 209 5 3
162215 0 209 6 3
162217 0 209 5 3
162249 1 209 5 1
487805 0 209 5 1
487807 0 209 5 1
521603 0 209 5 1
522464 1 209 5 1
487809 1 210 3 3
488818 1 210 2 1
488817 1 210 2 2
486875 1 210 2 3
162656 1 210 1 1
161975 1 210 1 1
41331 1 210 1 3
161974 0 210 5 1
162658 0 210 5 1
487805 0 210 5 3
488816 0 210 5 2
522738 1 211 3 3
522233 1 211 3 0
521716 1 211 3 1
521505 1 211 3 1
161674 1 211 3 1
160838 1 211 3 3
533640 1 211 2 3
488636 1 211 2 3
161282 1 211 2 1
160705 1 211 2 1
160766 1 211 1 0
160335 1 211 1 3
160707 0 211 5 1
160708 0 211 5 1
160768 0 211 5 0
160836 0 211 5 3
161283 0 211 5 1
521435 0 211 5 3
521715 0 211 5 1
521718 0 211 5 1
487708 1 212 4 1
522047 1 212 3 1
521426 1 212 3 1
474255 1 212 2 1
161763 1 212 2 1
161284 1 212 2 2
161030 1 212 2 3
161018 1 212 2 1
162365 1 212 1 1
162221 1 212 1 1
161031 0 212 5 3
161675 1 212 6 1
161676 1 212 5 1
161677 1 212 5 1
161761 0 212 5 1
161764 0 212 5 1
162220 0 212 5 1
162366 0 212 6 1
162367 0 212 5 1
522045 0 212 5 1
522740 0 212 5 1
522742 0 212 5 1
522465 1 213 3 3
522035 1 213 3 3
487808 1 213 3 1
486893 0 213 6 2
160676 1 213 3 3
487396 1 213 2 1
162247 1 213 2 0
533652 1 213 1 2
522741 1 213 1 1
487091 1 213 1 1
161585 1 213 1 2
160674 0 213 5 3
161586 0 213 5 2
161587 0 213 5 2
162223 0 213 5 1
162251 0 213 5 0
162252 0 213 5 0
487090 0 213 5 1
521425 1 213 5 1
521427 1 213 5 1
533651 0 213 5 2
523117 1 214 3 1
522842 1 214 3 1
488028 1 214 3 1
162214 1 214 3 1
161298 1 214 3 1
160334 1 214 3 2
522034 1 214 2 3
488822 1 214 2 3
488567 1 214 2 1
486998 1 214 2 1
250931 1 214 2 3
161839 1 214 2 0
486892 1 214 1 2
160335 0 214 5 2
162216 0 214 5 1
486891 1 214 5 3
486894 1 214 5 3
487001 0 214 5 1
487002 0 214 5 1
488821 0 214 5 3
522841 0 214 5 1
522844 0 214 5 1
487826 1 215 3 1
161855 1 215 3 3
487145 1 215 2 3
474254 1 215 2 1
161683 1 215 2 1
522744 1 215 1 3
522597 1 215 1 1
474256 1 215 1 3
363679 1 215 1 3
161684 0 215 5 1
161686 0 215 5 1
161841 1 215 5 0
363678 0 215 5 3
474255 0 215 5 1
487144 0 215 5 3
488568 1 215 5 1
523116 1 215 5 1
523118 1 215 5 1
523119 1 215 5 1
161347 1 216 4 3
522073 1 216 3 2
162325 1 216 3 4
161928 1 216 3 1
521265 1 216 2 4
488720 1 216 2 1
487397 1 216 2 3
487271 1 216 2 1
162320 1 216 2 1
487270 0 216 5 1
488721 0 216 5 1
522075 0 216 5 2
522603 1 217 3 3
521715 1 217 2 1
521671 1 217 2 1
488481 1 217 2 1
488407 1 217 2 1
487358 1 217 2 1
487047 1 217 2 2
162117 1 217 2 4
487094 1 217 1 3
161345 1 217 5 3
161348 1 217 6 3
521670 0 217 5 1
521674 0 217 5 1
522601 0 217 5 3
523159 0 217 5 1
487738 1 218 4 1
488030 1 218 3 3
462133 1 218 2 3
523156 1 218 1 1
487499 1 218 1 1
462132 0 218 5 3
487502 0 218 5 1
488410 1 218 5 1
521718 1 218 5 1
562798 1 219 3 3
522844 1 219 3 3
161247 1 219 3 2
106333 1 219 3 3
475191 1 219 2 1
474249 1 219 2 1
425344 1 219 1 3
161211 1 219 1 1
106332 0 219 5 3
161210 0 219 5 1
425343 0 219 5 3
474251 0 219 5 1
475194 0 219 5 1
487740 1 219 5 1
472722 1 220 3 1
548426 1 220 2 2
522881 1 220 2 4
521678 1 220 2 1
487721 1 220 1 1
486974 1 220 1 1
161806 1 220 1 3
161804 0 220 5 3
472721 0 220 7 1
486975 0 220 5 1
521679 0 220 5 1
521680 0 220 5 1
548424 0 220 5 2
548428 0 220 5 2
487565 1 221 3 1
487368 1 221 3 4
162331 1 221 3 2
161877 1 221 3 1
522159 1 221 2 3
486924 1 221 2 1
475262 1 221 2 1
161093 1 221 2 3
521688 1 221 1 1
488569 1 221 1 3
162593 1 221 1 1
161212 0 221 5 1
161345 1 221 5 3
488567 0 221 5 3
521690 0 221 5 1
522453 0 221 6 1
378354 1 222 4 3
522331 1 222 3 1
488320 1 222 3 1
521488 1 222 2 1
487501 1 222 2 3
475192 1 222 2 1
161717 1 222 2 1
487359 1 222 1 1
300715 1 222 1 3
161715 0 222 5 1
161716 0 222 5 1
161879 1 222 5 1
300713 0 222 5 3
487356 0 222 5 1
487358 0 222 5 1
487563 1 222 5 1
487564 1 222 5 1
521490 0 222 5 1
521491 0 222 5 1
522332 0 222 5 1
522333 0 222 5 1
522334 0 222 5 1
475263 1 223 3 1
474967 1 223 3 1
473972 1 223 3 0
161357 1 223 3 1
521441 1 223 2 1
487920 1 223 2 1
486276 1 223 2 4
473973 1 223 2 1
189144 1 223 2 2
162618 1 223 2 4
161356 0 223 5 1
189143 0 223 5 2
189145 0 223 5 2
378355 1 223 5 3
473976 0 223 5 0
473977 0 223 5 1
474969 0 223 5 1
488319 1 223 5 1
522759 1 224 3 3
522640 1 224 3 1
487198 1 224 3 1
486925 1 224 3 1
522163 1 224 2 4
521689 1 224 2 3
473626 1 224 2 1
472485 1 224 2 1
522979 1 224 1 1
161209 1 224 1 1
161211 0 224 5 1
161213 0 224 5 1
472487 0 224 5 1
486927 0 224 5 1
487921 1 224 5 1
487922 1 224 5 1
522451 0 224 5 3
522978 0 224 5 1
485469 0 225 18 4
472486 1 225 4 1
523087 1 225 3 1
487736 1 225 3 1
472720 1 225 3 0
475193 1 225 2 3
474959 1 225 2 1
161343 1 225 2 1
161203 1 225 2 2
488159 1 225 1 3
487762 1 225 1 1
410607 1 225 1 3
161204 0 225 5 2
161348 0 225 5 1
410605 0 225 5 3
472721 0 225 5 0
472722 0 225 5 0
475191 0 225 5 3
487737 0 225 5 1
487739 0 225 5 1
487761 0 225 5 1
487763 0 225 5 1
488158 0 225 5 3
522642 1 225 5 1
522757 1 225 5 3
523088 0 225 6 1
523090 0 225 5 1
475654 1 226 3 4
475499 1 226 3 1
474034 1 226 3 4
473974 1 226 3 1
160700 1 226 3 2
521971 1 226 2 3
487852 1 226 2 1
486880 1 226 2 3
235433 1 226 2 3
184320 1 226 2 3
487853 0 226 5 1
487178 1 226 1 3
308110 1 226 1 3
161358 1 226 1 3
161357 0 226 5 3
184318 0 226 5 3
184321 0 226 5 3
235431 0 226 5 3
308109 0 226 5 3
472487 1 226 5 1
472488 1 226 5 1
486877 0 226 5 3
487174 0 226 5 3
521969 0 226 5 3
472664 1 227 4 1
161335 1 227 4 0
521444 1 227 2 0
488679 1 227 2 1
488083 1 227 2 1
487461 1 227 2 2
475264 1 227 2 2
523158 1 227 1 2
161521 1 227 1 0
160678 1 227 1 1
160679 0 227 5 1
161523 0 227 5 0
487322 0 227 5 1
487323 0 227 5 1
487326 0 227 5 1
488681 0 227 5 1
521445 0 227 6 0
521447 0 227 5 0
521448 0 227 5 0
487981 1 228 4 0
487460 1 228 3 0
474961 1 228 3 1
308111 1 228 3 3
488412 1 228 2 1
487855 1 228 2 0
487146 1 228 2 3
162628 1 228 2 4
522588 1 228 1 1
161630 1 228 1 4
161336 1 228 5 0
161337 1 228 5 0
161629 0 228 5 4
472663 1 228 5 1
472666 1 228 5 1
474959 0 228 5 1
474962 0 228 5 1
487856 0 228 5 0
487858 0 228 5 0
488084 1 228 5 1
488085 1 228 5 1
488414 0 228 5 1
487207 1 229 4 0
559468 1 229 3 3
487671 0 229 5 1
487049 1 229 3 1
160695 1 229 3 1
522643 1 229 2 3
521687 1 229 2 1
487672 1 229 2 1
161207 1 229 2 2
152240 1 229 2 3
487182 1 229 1 1
152241 0 229 5 3
160698 0 229 5 1
487183 0 229 5 1
487184 0 229 5 1
487670 0 229 5 1
487673 0 229 5 1
487983 1 229 5 0
487984 1 229 5 0
487985 1 229 5 0
487986 1 229 6 0
522641 0 229 6 3
523087 1 229 5 1
523089 1 229 5 1
559465 0 229 5 3
559466 0 229 5 3
487321 0 230 7 3
406914 1 230 3 3
475489 1 230 2 1
474968 1 230 1 3
184948 1 230 1 3
86653 1 230 1 2
474966 0 230 5 3
488411 1 231 3 0
487364 1 231 3 1
475412 1 231 3 1
434101 1 231 3 3
522831 1 231 2 1
488539 1 231 2 1
488157 1 231 2 2
487625 1 231 2 0
487180 1 231 2 3
475647 1 231 2 1
474823 1 231 2 1
161206 1 231 2 1
161154 1 231 2 0
475410 0 231 6 1
475413 0 231 5 1
475415 0 231 5 1
475649 0 231 5 1
487626 0 231 5 0
488159 0 231 5 2
488414 0 231 5 0
488540 0 231 5 1
522665 1 232 3 1
487325 1 232 3 3
487761 1 232 2 1
487529 1 232 2 1
487185 1 232 2 3
472573 1 232 2 1
161208 1 232 2 2
523106 1 232 1 1
472575 0 232 5 1
487182 0 232 5 3
487183 0 232 5 3
487320 0 232 5 3
487324 0 232 5 3
487528 0 232 5 1
487530 0 232 5 1
487760 0 232 5 1
487762 0 232 5 1
522642 0 232 5 1
522668 0 232 5 1
523109 0 232 5 1
522477 1 233 3 3
488262 1 233 3 1
474901 1 233 3 1
474822 1 233 3 3
562328 1 233 2 2
559469 0 233 6 2
488236 1 233 2 1
488214 1 233 2 1
488201 1 233 2 3
488097 1 233 2 1
487171 1 233 2 2
473308 1 233 2 3
486906 1 233 1 3
473306 0 233 5 3
487981 1 233 5 3
487983 1 233 5 3
487985 1 233 5 3
488098 0 233 5 1
488202 0 233 5 3
488235 0 233 5 1
488238 0 233 5 1
559468 0 233 5 1
559467 0 233 5 3
562329 0 233 5 2
521254 1 234 3 1
487230 1 234 3 1
475560 1 234 3 1
474929 1 234 3 1
161944 1 234 3 1
162328 1 234 2 3
522476 1 234 1 1
487833 1 234 1 1
185365 1 234 1 1
162288 1 234 1 1
161946 0 234 5 1
161948 0 234 5 1
162290 0 234 5 1
162327 0 234 5 3
185367 0 234 5 1
474821 1 234 5 3
474823 0 234 5 1
474826 0 234 5 1
474930 0 234 5 1
474932 0 234 5 1
475411 0 234 5 0
475562 0 234 5 1
487834 0 234 5 1
487835 0 234 5 1
522475 0 234 5 1
559465 0 234 5 2
522993 1 235 3 4
522664 1 235 3 4
473880 1 235 3 3
522829 1 235 2 1
487291 1 235 2 1
486872 1 235 2 1
475019 1 235 2 1
474824 1 235 2 1
473749 1 235 2 0
412147 1 235 2 3
161155 1 235 2 0
160696 1 235 1 3
160695 0 235 5 3
161154 0 235 5 0
486873 0 235 5 1
487231 1 235 5 1
522663 0 235 5 4
161588 1 236 4 1
522957 1 236 3 1
521513 1 236 3 1
521298 1 236 3 1
474903 1 236 3 3
474857 1 236 3 1
474141 1 236 3 1
522793 1 236 2 1
521567 1 236 2 1
475035 1 236 1 1
474427 1 236 1 3
472574 0 236 5 3
474425 0 236 5 3
475036 0 236 5 1
475037 0 236 6 1
475038 0 236 5 1
521516 0 236 5 1
521569 0 236 5 1
522956 0 236 5 1
522958 0 236 5 1
522959 0 236 5 1
488108 1 237 4 1
487255 1 237 3 4
522722 1 237 2 3
488234 1 237 2 1
488105 1 237 2 3
474351 1 237 2 1
487619 1 237 1 1
474350 0 237 5 1
474352 0 237 5 1
474353 0 237 5 1
487622 0 237 5 1
488235 0 237 5 1
488236 0 237 5 3
521297 1 237 5 1
522474 0 237 5 1
522477 0 237 5 1
522721 0 237 5 3
522796 1 237 5 1
487686 1 238 4 1
474049 1 238 4 1
522992 1 238 3 4
522443 1 238 3 3
521604 1 238 3 1
488422 1 238 3 1
474701 1 238 3 3
474417 1 238 3 3
473883 1 238 3 4
474108 1 238 2 1
161942 1 238 2 0
160404 1 238 2 4
487108 1 238 1 3
161946 0 238 5 0
161947 0 238 5 0
474107 0 238 5 1
474109 0 238 5 1
474699 0 238 5 3
521605 0 238 5 1
521606 0 238 5 1
521607 0 238 5 1
521695 0 239 13 3
488581 1 239 2 4
475474 1 239 2 1
160638 1 239 2 3
534440 1 239 1 1
521263 1 239 1 3
487801 1 239 1 1
161639 1 239 1 1
161640 0 239 5 1
474416 1 239 5 3
475038 0 239 5 1
488097 0 239 5 1
488098 0 239 5 1
488099 0 239 5 1
521262 0 239 5 3
534441 0 239 5 1
162378 1 240 3 1
475460 1 240 2 3
474802 1 240 2 1
162585 1 240 2 1
487317 1 240 1 1
487319 0 240 5 1
521696 1 240 5 3
486935 1 241 3 3
475036 1 241 3 1
488867 1 241 2 1
488109 1 241 1 1
475038 0 241 5 1
475039 0 241 5 1
488868 0 241 5 1
487020 1 242 4 1
488571 1 242 3 3
487984 1 242 3 1
487776 1 242 3 1
487510 1 242 3 4
486878 1 242 3 1
160848 1 242 3 1
522836 1 242 2 4
522834 1 242 2 3
161783 1 242 2 1
488192 1 242 1 3
487152 1 242 1 3
475351 1 242 1 1
320256 1 242 1 3
320252 0 242 5 3
320253 0 242 5 3
487981 0 242 5 1
488189 0 242 5 3
488191 0 242 5 3
488193 0 242 5 3
488570 0 242 5 3
522831 0 242 5 3
487593 1 243 3 3
487505 0 243 5 1
486991 1 243 3 1
474379 1 243 3 1
474352 1 243 3 1
473955 1 243 3 1
161063 1 243 3 3
487591 1 243 2 1
487506 1 243 2 1
472332 1 243 2 1
162405 1 243 2 1
487888 1 243 1 1
474052 1 243 1 3
160849 1 243 5 1
160850 1 243 5 1
161060 0 243 5 3
161061 0 243 5 3
161064 0 243 5 3
162406 0 243 5 1
473953 0 243 5 1
473956 0 243 5 1
474051 0 243 5 3
474350 0 243 5 1
474354 0 243 5 1
487017 1 243 5 1
487018 1 243 5 1
487507 0 243 5 1
487508 0 243 5 1
487592 0 243 5 1
487594 0 243 5 1
488725 1 244 4 3
487026 1 244 3 4
487021 1 244 3 3
530496 1 244 2 3
488425 1 244 2 1
320264 1 244 2 3
488859 1 244 1 3
486990 1 244 5 1
487016 0 244 5 3
487022 0 244 6 3
488422 0 244 5 1
488856 0 244 5 3
488382 1 245 3 3
162376 1 245 3 1
161786 1 245 3 3
488625 1 245 2 4
488107 1 245 2 1
487575 1 245 2 2
193975 1 245 2 3
487573 1 245 1 1
487288 1 245 1 2
413665 1 245 1 3
160536 1 245 1 1
160537 0 245 5 1
456215 0 245 5 1
487019 0 245 5 0
487286 0 245 5 2
487576 0 245 5 1
487577 0 245 5 2
488109 0 245 5 1
488383 0 245 5 3
488623 0 245 5 4
486958 1 246 3 1
475076 1 246 3 1
473960 1 246 3 1
193974 1 246 3 2
487035 1 246 2 1
161767 1 246 2 1
523172 1 246 1 1
432187 1 246 1 3
161766 0 246 5 1
161768 0 246 5 1
161769 0 246 5 1
161782 1 246 5 3
161785 1 246 5 3
432186 0 246 5 3
475078 0 246 5 1
486961 0 246 5 1
487037 0 246 5 1
523171 0 246 5 1
523175 0 246 5 1
523176 0 246 5 1
514934 1 247 3 3
487579 1 247 3 3
456755 1 247 3 1
305617 1 247 3 3
473959 1 247 2 1
167439 1 247 2 3
472318 1 247 1 0
456673 1 247 1 1
33577 1 247 1 3
33578 0 247 5 3
305615 0 247 5 3
456756 0 247 5 1
487578 0 247 5 3
488857 0 247 5 3
488859 0 247 5 3
514932 0 247 5 3
486861 1 248 3 3
340746 1 248 3 3
160903 1 248 2 1
486930 1 248 1 1
160900 0 248 5 1
160904 0 248 5 1
487016 1 248 5 3
487021 1 248 5 3
488225 1 249 3 1
295828 1 249 3 1
486879 1 249 2 3
464830 1 249 2 4
162377 1 249 2 1
161910 1 249 2 4
161377 1 249 2 1
160535 1 249 2 1
161379 0 249 5 1
488227 0 249 5 1
429074 0 250 13 3
488496 1 250 3 1
488055 1 250 3 1
161968 1 250 3 2
208583 1 250 2 2
167312 1 250 2 3
562158 1 250 1 3
475240 1 250 1 3
161864 1 250 1 1
161865 0 250 5 1
488054 0 250 5 1
488057 0 250 5 1
295882 1 251 3 1
474662 1 251 2 3
430407 1 251 2 2
166584 1 251 2 3
295733 1 251 1 3
474660 0 251 5 3
474661 0 251 5 3
488053 0 251 5 3
160771 1 252 2 1
456756 1 252 1 3
160774 0 252 5 1
295883 1 252 5 1
295827 1 253 3 0
487149 1 253 2 3
429073 1 253 2 3
161632 1 253 2 1
161633 0 253 5 1
295830 0 253 5 0
488032 1 254 3 1
474496 1 254 3 3
166585 1 254 3 3
562159 1 254 2 3
488219 1 254 1 1
474495 0 254 5 3
488220 0 254 5 1
488222 0 254 5 1
562828 1 255 2 3
487468 1 255 2 3
295884 1 255 2 3
272294 1 255 2 3
166491 1 255 2 3
487466 0 255 5 3
487469 0 255 5 3
562829 0 255 6 3
488040 1 256 3 4
295808 1 256 3 1
161484 1 256 2 3
160654 1 256 2 3
428986 1 256 1 3
296770 1 256 1 1
161483 0 256 5 3
562157 1 257 3 2
487281 1 257 3 1
295071 1 257 2 3
289424 1 257 2 3
296772 1 257 1 3
295069 0 257 5 3
296769 0 257 5 3
295059 1 258 4 0
561030 1 258 2 1
487164 1 258 2 1
234018 1 258 1 3
487167 0 258 5 1
487168 0 258 5 1
561031 0 258 5 1
561032 1 259 2 3
442194 1 259 2 3
291680 1 259 2 2
79257 1 259 2 3
291679 0 259 5 2
295060 1 259 5 0
295606 1 260 4 0
295984 1 260 2 1
295982 0 260 5 1
295986 0 260 5 1
295145 1 261 3 1
62500 1 261 2 3
295607 1 261 5 0
295608 1 261 5 0
537605 1 262 3 3
295218 1 262 3 3
295062 1 262 3 1
109410 1 262 3 3
296675 1 262 1 1
296677 0 262 5 1
537603 0 262 5 3
537604 0 262 5 3
296814 1 263 3 0
295579 1 263 1 2
295060 1 263 5 1
295061 1 263 5 1
295064 1 263 5 1
295213 1 263 5 3
295216 1 263 5 3
295580 0 263 5 2
296676 1 264 2 3
296027 1 264 2 3
295984 0 264 5 3
296418 0 264 5 1
296420 0 264 6 1
296422 0 264 5 1
296675 0 264 5 3
296677 0 264 5 3
296815 1 264 5 0
296816 1 264 5 0
296342 1 265 3 1
487631 1 265 2 4
5189 1 265 1 2
5190 0 265 5 2
296343 0 265 5 1
296681 0 266 13 3
92145 1 266 3 2
295819 1 266 2 3
295818 0 266 5 3
296334 1 267 3 1
295420 1 267 3 1
296201 1 267 1 0
295295 1 267 1 2
295293 0 267 5 2
296203 0 267 5 0
296419 0 267 5 1
296423 0 267 5 1
296424 0 267 5 1
296680 1 267 5 3
295720 1 268 4 1
296817 1 268 2 1
295347 1 268 2 1
137296 1 268 2 3
137295 0 268 5 3
295348 0 268 5 1
295349 0 268 5 1
295421 1 268 5 1
296333 1 268 5 1
296335 1 268 5 1
296336 1 268 5 1
296815 0 268 5 1
296819 0 268 5 1
295292 1 269 4 0
295191 1 269 4 1
295820 1 269 3 3
295817 0 269 5 3
295818 0 269 5 3
295498 1 270 2 3
295293 1 270 5 0
295294 1 270 5 0
295495 0 270 5 3
295788 1 271 2 0
295273 1 272 3 1
296340 0 272 6 0
296338 0 272 5 3
295648 1 272 2 1
295651 0 272 5 1
296339 0 272 5 1
295657 0 273 24 3
284898 1 273 4 1
185698 1 273 3 3
296692 1 273 2 4
296337 1 273 2 0
284706 1 273 1 3
264001 1 274 3 2
295652 1 274 2 3
284699 1 274 1 1
284897 1 274 5 1
295648 0 274 5 3
295649 0 274 5 3
417219 1 275 3 2
295790 1 275 2 2
264002 1 275 5 2
296680 1 276 2 2
277531 1 276 2 2
295648 0 276 5 3
295652 0 276 5 3
296678 0 276 5 2
296682 0 276 5 2
284773 1 278 4 1
295817 1 278 3 0
295762 1 278 2 1
295763 0 278 5 1
295978 1 279 3 1
285098 1 279 3 1
362423 1 279 1 3
285099 0 279 5 1
285100 0 279 6 1
285102 0 279 5 1
285103 0 279 5 1
362421 0 279 5 3
285799 1 280 4 1
285480 1 280 2 1
285481 0 280 5 1
285483 0 280 5 1
285554 1 281 4 1
295976 1 281 3 1
285238 1 281 3 3
285181 1 281 3 1
285097 1 281 3 1
285061 1 281 3 1
55643 1 281 3 3
285062 0 281 5 1
285800 1 281 5 1
285801 1 281 5 1
285802 1 281 5 1
285427 1 282 4 1
284908 1 282 4 1
295521 1 282 3 1
71718 1 282 3 1
296330 1 282 2 1
285826 1 282 2 1
284702 1 282 2 1
284703 0 282 5 1
285182 1 282 5 1
285827 0 282 5 1
295520 0 282 5 1
295977 1 282 5 1
295980 1 282 5 1
285905 1 283 4 1
285673 1 283 3 1
284905 1 283 3 1
295099 1 283 2 1
284910 1 283 5 1
285102 1 283 5 1
295101 0 283 5 1
285838 1 285 6 1
295448 1 285 3 1
286240 0 285 6 1
286126 1 285 3 1
285839 1 285 3 1
286238 1 285 2 1
72065 1 285 2 1
285637 1 285 1 1
72063 0 285 5 1
72064 0 285 5 1
72066 0 285 5 1
72068 0 285 5 1
286130 0 285 5 1
286239 0 285 5 1
295449 0 285 5 1
295450 0 285 6 1
285046 1 286 4 1
295891 1 286 3 1
286242 1 286 3 1
285685 1 286 3 1
285557 1 286 3 4
284727 1 286 2 1
286016 1 286 1 1
284730 0 286 5 1
284728 0 286 5 1
285556 0 286 5 4
285686 0 286 5 1
285687 0 286 5 1
285689 0 286 5 1
285843 1 286 5 1
285842 1 286 5 1
286014 0 286 5 1
286015 0 286 6 1
286017 0 286 5 1
286243 0 286 6 1
72056 1 287 3 2
4018 1 287 3 3
285170 1 287 2 1
284899 1 287 2 1
285611 1 287 1 1
285482 1 287 1 3
284900 0 287 5 1
285045 1 287 5 1
285047 1 287 5 1
285048 1 287 5 1
285480 0 287 5 3
285481 0 287 5 3
285483 0 287 5 3
285610 0 287 5 1
285612 0 287 5 1
285613 0 287 5 1
285528 1 288 3 1
285020 1 288 2 1
285636 1 288 1 1
284955 1 288 1 1
284716 1 288 1 1
285019 0 288 5 1
285638 0 288 5 1
295448 0 288 5 3
286099 0 289 18 4
72229 1 289 4 1
286241 1 289 3 1
285320 1 289 2 1
285133 1 289 2 1
284670 1 289 2 1
285975 1 289 1 1
285835 1 289 1 0
285049 1 289 1 4
284668 0 289 5 1
284669 0 289 5 1
284671 0 289 5 1
285132 0 289 5 1
285134 0 289 5 1
285836 0 289 5 0
286014 0 289 5 1
286017 0 289 5 1
286243 0 289 5 1
286244 0 289 5 3
72914 1 290 3 1
285893 1 290 2 1
285879 1 290 2 3
285051 1 290 2 4
284923 1 290 2 1
285455 1 290 1 3
284840 1 290 1 1
72227 1 290 5 1
72230 1 290 5 1
72231 1 290 5 1
284842 0 290 5 1
284843 0 290 5 1
285050 0 290 5 4
285880 0 290 5 3
286100 1 290 5 4
285892 1 291 3 0
285415 1 291 3 1
284891 1 291 3 1
285298 1 291 2 1
284869 1 291 2 1
284668 0 291 5 1
284670 0 291 5 1
284871 0 291 5 1
284892 0 291 5 1
284893 0 291 5 1
285299 0 291 5 1
296811 1 292 3 3
72263 1 292 3 1
72018 1 292 3 1
285977 1 292 2 3
284957 1 292 1 3
284787 1 292 1 4
284956 0 292 5 3
285891 1 292 5 0
285893 1 292 5 0
285052 1 293 4 1
285843 1 293 2 3
274335 1 293 1 3
72020 1 293 5 1
274332 0 293 5 3
274336 0 293 5 3
285840 0 293 5 3
285841 0 293 5 3
285284 1 294 4 1
296125 1 294 3 3
285321 1 294 3 3
285314 1 294 3 1
72092 1 294 3 1
285322 0 294 5 3
285320 0 294 5 3
104521 1 295 3 2
340572 1 295 2 3
105730 1 295 1 3
285283 1 295 5 1
285285 1 295 5 1
285315 1 295 5 1
296123 1 295 5 3
296124 1 295 5 3
285885 1 296 4 1
285023 1 297 4 0
285030 1 297 3 3
109491 1 297 3 3
285692 1 297 2 1
285274 1 297 2 2
284956 1 297 1 3
109490 0 297 5 3
285029 0 297 5 3
285275 0 297 5 2
285886 1 297 5 1
285888 1 297 5 1
284745 1 299 3 4
367756 1 299 2 3
367753 0 299 5 3
367754 0 299 5 3
296109 1 300 2 3
296106 0 300 5 3
284838 1 302 2 1
284857 1 309 3 3
284858 0 309 5 3
