464576 1 2 4 1
473490 1 3 3 3
367797 1 3 3 1
283621 1 3 3 3
23019 1 3 3 2
23020 0 3 5 2
390030 0 3 5 3
464577 1 3 5 1
471824 1 4 2 1
163600 1 4 2 3
460520 1 5 4 1
461111 1 5 2 1
478001 1 6 3 1
478002 0 6 5 1
536437 1 7 2 1
392223 1 7 2 3
163598 1 7 2 0
163600 0 7 5 0
536438 0 7 5 1
537316 1 8 3 1
459235 1 8 3 0
459525 1 8 2 1
347443 1 8 2 1
347347 1 8 1 1
347344 0 8 5 1
347345 0 8 5 1
347348 0 8 5 1
347349 0 8 5 1
347441 0 8 5 1
347442 0 8 5 1
390033 1 8 5 1
347339 1 9 2 0
347466 1 10 4 0
536119 1 10 2 1
347441 0 10 5 1
347444 0 10 5 1
347445 0 10 7 1
367799 1 11 3 1
346550 1 11 3 1
536569 1 11 2 4
478792 1 11 2 1
347467 1 11 5 0
367798 0 11 5 1
367800 0 11 5 1
537317 1 12 3 1
346574 1 12 3 3
559002 1 12 2 3
477434 1 12 2 1
346528 1 12 2 1
346582 1 12 1 1
346573 0 12 5 3
347442 0 12 5 3
347444 0 12 5 3
537316 0 12 5 1
559001 0 12 5 3
477574 1 13 3 2
459528 1 13 3 3
367849 1 13 3 1
347996 1 13 2 1
347502 1 13 2 1
346443 1 13 2 1
347500 0 13 6 1
347501 0 13 5 1
367850 0 13 5 1
367853 0 13 5 1
459527 0 13 5 3
477572 0 13 5 2
477573 0 13 5 2
460220 0 14 24 3
346900 1 14 3 0
346529 1 14 3 1
346552 1 14 2 3
346530 0 14 5 1
346902 0 14 5 0
536837 1 15 3 1
346314 1 15 2 2
346104 1 15 2 3
478134 1 15 1 3
346102 0 15 5 3
346313 0 15 5 2
346315 0 15 5 2
460218 1 15 5 3
460219 1 15 5 3
368198 1 16 3 1
536195 1 16 2 1
477575 1 16 2 2
347995 1 16 2 1
347998 0 16 5 1
368199 0 16 5 1
368200 0 16 5 1
477573 0 16 5 2
536197 0 16 5 1
536198 0 16 5 1
536199 0 16 5 1
536201 1 17 3 0
394863 1 17 3 2
368487 1 17 2 3
347332 1 17 2 1
347317 1 17 2 1
346444 1 17 2 1
346445 0 17 5 1
368485 0 17 5 3
368486 0 17 5 3
347318 1 18 3 3
347622 1 18 1 4
536116 1 19 3 1
368856 1 19 3 1
347866 1 19 3 3
535975 1 19 2 1
368798 0 19 5 1
368799 0 19 5 1
368855 0 19 5 1
368857 0 19 5 1
535977 0 19 5 1
478756 1 20 3 1
347327 1 20 3 3
536840 0 20 6 0
536381 1 20 2 1
478420 1 20 2 1
536196 1 20 1 1
478422 0 20 5 1
536117 1 20 5 1
536195 0 20 5 1
536198 0 20 5 1
536382 0 20 6 1
536383 0 20 5 1
536841 0 20 5 1
537299 1 21 3 1
537050 1 21 3 1
477491 1 21 3 1
536839 1 21 2 0
347493 1 21 2 1
477490 0 21 5 1
477494 0 21 5 1
537104 1 22 3 2
536278 1 22 3 1
535405 1 22 3 1
478708 1 22 3 3
346159 1 22 3 1
331783 1 22 3 3
535683 1 22 2 0
331780 0 22 5 3
331781 0 22 5 3
346160 0 22 6 1
478706 0 22 5 3
536277 0 22 5 1
536281 0 22 5 1
537073 1 23 3 1
535528 1 23 3 1
512236 1 23 3 3
557387 1 23 2 3
512237 0 23 5 3
535404 1 23 5 1
535684 1 23 5 0
537075 0 23 5 1
537300 1 24 3 3
477707 1 24 3 0
477653 1 24 3 1
536193 1 24 2 3
346107 1 24 2 1
331782 1 24 2 3
346108 0 24 5 1
477655 0 24 5 1
536191 0 24 5 3
537100 1 25 3 3
346040 1 25 3 1
523298 1 25 2 2
347333 1 25 2 3
537042 1 25 1 3
346039 0 25 5 1
346041 0 25 5 1
346043 0 25 5 1
347331 0 25 5 3
523299 0 25 5 2
478182 1 26 3 0
477753 1 26 3 1
368858 1 26 3 3
282464 1 26 3 2
478755 1 26 2 1
477709 1 26 2 1
536207 1 26 1 3
368857 1 26 1 3
347730 1 26 1 1
347732 0 26 5 1
347733 0 26 5 1
433738 0 26 5 2
477752 0 26 5 1
477755 0 26 5 1
478757 0 26 5 1
536206 0 26 5 3
472175 1 27 4 1
481218 1 27 3 3
536265 1 27 2 1
477487 1 27 2 1
478710 1 27 1 4
477480 1 27 1 1
477482 0 27 5 1
477486 0 27 5 1
536266 0 27 5 1
481911 1 28 3 4
472119 1 28 3 1
86607 1 28 3 3
557386 1 28 2 1
536257 1 28 2 1
347642 1 28 2 1
18850 1 28 2 2
347643 0 28 5 1
472177 1 28 5 1
481910 0 28 5 4
536255 0 28 5 1
536259 0 28 5 1
557387 0 28 5 1
557388 0 28 5 1
537093 1 29 3 3
477711 1 29 3 3
472548 1 29 2 0
472128 1 29 2 1
435197 1 29 2 2
347834 1 29 2 1
477493 1 29 1 3
347833 0 29 7 1
347835 0 29 5 1
347836 0 29 5 1
435195 0 29 5 2
435198 0 29 5 2
435199 0 29 5 2
472117 1 29 5 1
472121 1 29 5 1
472127 0 29 5 1
472129 0 29 7 1
472130 0 29 5 1
472549 0 29 5 0
537091 0 29 5 3
558507 1 30 3 1
477481 1 30 3 1
347248 1 30 3 3
478494 1 30 2 4
346070 1 30 2 1
81170 1 30 2 2
346071 0 30 5 1
346072 0 30 5 1
558509 0 30 5 1
346815 0 31 13 3
347850 1 31 3 1
535728 1 31 2 1
478955 1 31 2 1
473551 1 31 2 1
472802 1 31 2 1
417103 1 31 2 3
473562 1 31 1 3
347849 0 31 5 1
347851 0 31 5 1
417105 0 31 5 3
472128 0 31 5 1
472131 0 31 5 1
472801 0 31 5 1
472803 0 31 5 1
472804 0 31 5 1
473552 0 31 5 1
473554 0 31 5 1
477480 1 31 5 1
478957 0 31 5 1
478958 0 31 5 1
478959 0 31 5 1
346042 1 32 3 1
557562 1 32 2 1
473241 1 32 2 1
472733 1 32 2 1
472396 1 32 2 1
346330 1 32 2 2
346084 1 32 1 1
346041 0 32 5 1
346043 0 32 5 1
346814 1 32 5 3
346816 1 32 5 3
347245 0 32 5 3
347834 1 32 5 1
347836 1 32 5 1
472734 0 32 5 1
472736 0 32 5 1
473240 0 32 6 1
473765 1 33 4 1
346044 1 33 4 3
477485 1 33 3 0
472655 1 33 3 1
347640 1 33 3 1
477489 1 33 2 3
347636 1 33 2 1
346535 1 33 2 1
278906 1 33 2 3
278905 0 33 5 3
278907 0 33 5 3
347638 0 33 5 1
347639 0 33 5 1
472128 0 33 5 3
477487 0 33 5 0
477488 0 33 5 3
481219 0 34 18 4
558639 1 34 3 0
536501 1 34 3 2
477718 1 34 3 1
473624 1 34 3 3
473036 1 34 3 1
558005 1 34 2 3
557353 1 34 2 1
477704 1 34 2 4
536262 1 34 1 3
513007 1 34 1 3
346040 1 34 5 3
346538 1 34 5 1
477702 0 34 5 4
477719 0 34 5 1
477721 0 34 5 1
513008 0 34 5 3
557354 0 34 5 1
558349 1 35 3 0
346344 1 35 3 1
346331 1 35 3 2
536260 1 35 2 0
479100 1 35 2 1
423418 1 35 2 3
346624 1 35 2 1
346085 1 35 2 1
227430 1 35 2 4
128608 1 35 2 3
227429 0 35 5 4
346626 0 35 5 1
423419 0 35 5 3
479102 0 35 5 1
558642 1 35 5 0
558829 1 36 3 3
478233 1 36 3 1
473210 1 36 3 2
346625 1 36 3 3
558951 1 36 2 1
473243 1 36 2 2
346637 1 36 2 1
278286 1 36 2 3
473042 1 36 1 1
278282 0 36 5 3
278283 0 36 5 3
278284 0 36 5 3
346329 1 36 5 2
346345 1 36 5 1
346346 1 36 5 1
473241 1 36 5 0
473245 0 36 5 2
536261 1 36 5 0
536262 1 36 5 0
558352 1 36 5 0
558827 0 36 5 3
558952 0 36 5 1
558953 0 36 5 1
479083 0 37 7 1
473764 1 37 3 1
473458 1 37 3 1
472353 1 37 3 4
478631 1 37 2 3
412666 1 37 2 2
346238 1 37 2 1
346210 1 37 2 1
279589 1 37 2 1
346209 0 37 5 1
346623 1 37 5 3
346624 1 37 5 3
472352 0 37 5 4
473460 0 37 5 1
473462 0 37 5 1
473765 0 37 5 1
473768 0 37 5 1
478520 0 37 5 1
478521 0 37 5 1
479087 0 37 5 1
479088 0 37 5 1
478254 1 38 3 2
430981 1 38 3 2
346008 1 38 3 1
521887 1 38 2 3
478519 1 38 2 1
477772 1 38 2 1
346636 1 38 2 1
477720 1 38 1 1
472057 1 38 1 2
347637 1 38 1 1
347636 0 38 5 1
430980 0 38 5 2
472056 0 38 5 2
477771 0 38 5 1
479077 0 38 5 1
472985 1 39 4 1
477639 1 39 3 3
346830 1 39 3 1
346540 1 39 3 1
557662 1 39 2 0
479082 1 39 2 1
477721 0 39 6 3
472935 1 39 2 3
472893 1 39 2 1
346819 1 39 2 1
346324 1 39 2 1
479074 1 39 1 1
346009 1 39 5 1
472895 0 39 5 1
472896 0 39 5 1
477718 0 39 5 3
479088 0 39 5 1
557664 0 39 5 0
557666 0 39 5 0
557668 0 39 5 0
472847 1 40 3 3
347960 1 40 3 1
557442 1 40 2 0
477794 1 40 2 1
477722 1 40 2 3
472062 1 40 2 1
347112 1 40 2 1
472715 1 40 1 1
346541 1 40 5 1
346543 1 40 5 1
346544 1 40 5 1
346818 1 40 5 1
346821 1 40 5 1
346832 1 40 5 1
472845 0 40 5 3
472848 0 40 5 3
477720 0 40 5 3
477792 0 40 5 1
477796 0 40 5 1
558582 1 41 3 1
514180 1 41 2 2
473670 1 41 2 1
471999 1 41 2 1
347760 1 41 2 3
346393 1 41 2 1
346240 1 41 2 2
278355 1 41 2 1
410756 1 41 1 3
346238 0 41 5 2
346242 0 41 5 2
346394 0 41 5 1
346541 0 41 5 3
346542 0 41 5 3
347759 0 41 5 3
410753 0 41 5 3
410754 0 41 5 3
472002 0 41 5 1
514181 0 41 5 2
559502 1 42 3 3
558558 1 42 3 4
478043 1 42 3 3
347039 1 42 3 1
557536 1 42 2 0
536876 1 42 2 2
478224 1 42 2 1
473297 1 42 2 1
347986 1 42 2 1
346264 1 42 2 1
151178 1 42 2 4
347041 1 42 1 1
347989 0 42 5 1
478226 0 42 5 1
536874 0 42 5 2
536875 0 42 5 2
557537 0 42 5 0
558556 0 42 6 4
558584 1 42 5 1
479109 1 43 4 1
558831 1 43 3 4
477795 1 43 3 2
473489 1 43 3 1
472934 1 43 3 3
347080 1 43 3 3
536045 0 43 6 1
507777 1 43 2 3
473171 1 43 2 1
347668 1 43 2 1
346841 1 43 2 3
333648 1 43 2 3
100862 1 43 2 3
472184 1 43 1 1
347875 1 43 1 1
347553 1 43 1 1
100861 0 43 5 3
347551 0 43 5 1
347552 0 43 5 1
347555 0 43 5 1
347879 0 43 5 1
347880 0 43 5 1
472932 0 43 5 3
472935 0 43 5 3
473173 0 43 5 1
473174 0 43 5 1
473490 0 43 5 1
477796 0 43 5 2
478042 1 43 5 3
479040 0 43 5 1
479043 0 43 5 1
536042 0 43 5 2
536046 0 43 5 2
559500 1 43 5 3
559501 1 43 5 3
536294 1 44 3 0
477881 1 44 3 1
477525 1 44 3 3
473771 1 44 3 1
347541 1 44 3 1
346391 1 44 3 1
346265 1 44 3 2
346162 1 44 3 3
346007 1 44 3 1
333646 1 44 3 1
478912 1 44 2 0
478628 1 44 2 1
472000 1 44 2 1
347190 1 44 2 1
346484 1 44 2 1
479087 1 44 1 3
479041 1 44 1 1
473443 1 44 1 1
333649 0 44 5 1
346010 0 44 5 1
347188 0 44 5 1
347191 0 44 5 1
471999 0 44 5 1
472002 0 44 6 1
473444 0 44 5 1
473769 0 44 7 1
473772 0 44 5 1
473773 0 44 5 1
477524 0 44 5 3
478914 0 44 5 0
479107 1 44 5 1
479113 1 44 5 1
536296 0 44 5 0
536297 0 44 5 0
478230 1 45 3 3
472613 1 45 3 0
472503 1 45 3 1
345921 1 45 3 0
507925 1 45 2 3
477523 1 45 2 1
347868 1 45 2 1
347501 1 45 2 1
347037 1 45 2 4
536044 1 45 1 2
478937 1 45 1 1
473665 1 45 1 1
473148 1 45 1 1
472186 1 45 1 3
347051 1 45 1 1
347049 0 45 5 1
347052 0 45 5 1
472184 0 45 5 3
472500 0 45 5 1
472615 0 45 5 0
473151 0 45 5 1
477524 0 45 5 1
477526 0 45 5 1
477883 1 45 5 1
478938 0 45 5 1
507924 0 45 5 3
558558 0 45 5 3
512960 1 46 4 4
347068 1 46 3 0
533572 1 46 2 3
477869 1 46 2 0
472896 1 46 2 3
446637 1 46 2 2
347075 1 46 2 3
347040 1 46 2 1
346930 1 46 2 1
472295 1 46 1 1
346556 1 46 1 1
346932 0 46 5 1
347038 0 46 5 1
347042 0 46 5 1
347043 0 46 5 1
347076 0 46 5 3
446636 0 46 5 2
472296 0 46 5 1
472895 0 46 5 3
347666 1 47 4 0
478398 1 47 3 3
473770 1 47 3 1
472294 1 47 3 1
536635 1 47 2 4
532786 1 47 2 3
478041 1 47 2 1
447097 1 47 2 1
346795 1 47 2 3
308872 1 47 2 3
346796 0 47 5 3
447098 0 47 5 1
472001 0 47 5 3
472293 0 47 5 1
472295 0 47 5 1
473772 1 47 5 1
473769 0 47 5 1
477864 1 48 3 2
347089 1 48 3 1
346983 1 48 3 1
563217 1 48 2 2
473162 1 48 2 1
472942 1 48 2 1
446831 1 48 2 1
446533 1 48 2 1
346774 1 48 2 3
477865 0 48 5 2
472782 1 48 1 3
347088 0 48 5 1
347190 0 48 5 1
347667 1 48 5 0
347670 1 48 5 0
446530 0 48 5 1
446532 0 48 5 1
446534 0 48 5 1
472776 0 48 5 3
472779 0 48 5 3
472781 0 48 5 3
473161 0 48 5 1
473164 0 48 5 1
477863 0 48 5 2
563218 0 48 5 2
563219 0 48 5 2
472502 1 49 4 0
472180 1 49 4 1
478497 1 49 3 1
472099 1 49 3 1
346961 1 49 3 0
473441 1 49 2 1
472501 1 49 2 0
446170 1 49 2 1
347189 1 49 2 1
346798 1 49 2 1
346652 1 49 2 3
346501 1 49 2 2
346395 1 49 2 3
346211 1 49 2 1
333743 1 49 2 1
503996 1 49 1 2
333744 0 49 5 1
346209 0 49 5 1
346498 0 49 5 2
346499 0 49 5 2
346649 0 49 5 3
346650 0 49 5 3
346799 0 49 5 1
346963 0 49 5 0
346981 1 49 5 1
346984 1 49 5 1
346985 1 49 5 1
347188 0 49 5 1
347191 0 49 5 1
446171 0 49 5 1
472100 0 49 5 1
472505 0 49 5 0
472945 1 49 5 1
478688 1 50 3 3
478495 1 50 5 1
347058 1 50 3 3
169216 1 50 3 2
473165 1 50 2 3
472917 1 50 2 2
472292 1 50 2 4
346876 1 50 2 1
281267 1 50 2 3
472181 1 50 1 1
169215 0 50 5 2
281268 0 50 5 3
346877 0 50 5 1
346878 0 50 5 1
472178 0 50 5 1
472183 0 50 5 1
472500 1 50 5 0
472504 1 50 5 0
472916 0 50 5 2
473440 1 50 5 1
473443 1 50 5 1
473444 1 50 5 1
473445 1 50 5 1
478496 1 50 5 1
478686 0 50 5 3
347887 1 51 3 0
347025 1 51 3 1
536891 1 51 2 3
478171 1 51 2 1
478045 1 51 2 2
472418 1 51 2 4
386546 1 51 2 3
107373 1 51 2 3
472452 1 51 1 1
446590 1 51 1 3
347587 1 51 1 4
107371 0 51 5 3
107372 0 51 5 3
347023 0 51 5 1
347027 0 51 5 1
347889 0 51 5 0
347890 0 51 5 0
386544 0 51 5 3
446588 0 51 5 3
446591 0 51 5 3
472417 0 51 5 4
478496 1 51 5 1
478498 1 51 5 1
473457 1 52 3 1
254559 1 52 3 3
347843 1 52 2 1
346988 1 52 2 2
346699 1 52 2 4
334668 1 52 2 1
333793 1 52 1 1
4649 1 52 1 3
333792 0 52 5 1
333794 0 52 5 1
347844 0 52 5 1
347846 0 52 5 1
347847 0 52 5 1
446590 0 52 5 1
446591 0 52 5 1
563217 0 52 5 2
113871 0 53 13 3
478760 1 53 3 2
428471 1 53 3 1
347061 1 53 3 1
347026 1 53 3 3
558871 1 53 2 3
473574 1 53 2 3
472869 1 53 2 1
346980 1 53 2 0
346853 1 53 2 1
281266 1 53 2 1
472179 1 53 1 1
446683 1 53 1 1
281265 0 53 5 1
281268 0 53 5 1
346852 0 53 5 1
346981 0 53 5 0
346984 0 53 5 0
347024 0 53 5 3
347060 0 53 5 1
347062 0 53 5 1
428472 0 53 5 1
428473 0 53 5 1
446686 0 53 5 1
446687 0 53 5 1
472868 0 53 5 1
472872 0 53 5 1
473458 1 53 5 1
473459 1 53 5 1
473462 1 53 5 1
346880 0 54 13 3
473334 1 54 3 3
447687 1 54 3 1
347842 1 54 3 0
347020 1 54 3 1
334732 1 54 3 1
72933 1 54 3 3
473468 1 54 2 1
472454 1 54 2 3
472182 1 54 2 3
334913 1 54 2 1
113869 1 54 5 3
113870 1 54 5 3
334669 0 54 5 1
334733 0 54 5 1
334914 0 54 5 1
334915 0 54 5 1
429007 0 54 5 2
472183 0 54 5 3
472451 0 54 5 3
473333 0 54 5 3
473469 0 54 5 1
473470 0 54 5 1
409853 1 55 3 3
279902 1 55 3 1
478025 1 55 2 1
472306 1 55 2 3
333629 1 55 2 1
305131 1 55 2 1
4171 1 55 2 3
521312 1 55 1 2
4167 0 55 5 3
4168 0 55 5 3
4169 0 55 5 3
305132 0 55 5 1
333630 0 55 5 1
347022 1 55 5 1
347848 1 55 5 0
478026 0 55 5 1
447172 1 56 4 1
347575 1 56 4 1
334731 1 56 4 1
334553 1 56 4 1
472319 1 56 3 3
446434 1 56 3 1
113868 1 56 3 3
472967 1 56 2 1
446530 1 56 2 0
347892 1 56 2 1
334840 1 56 2 1
169213 1 56 2 0
537192 1 56 1 4
446438 0 56 5 1
446439 0 56 5 1
427818 1 57 4 1
473242 1 57 3 1
472271 1 57 3 1
447688 1 57 3 1
480080 1 57 2 3
473377 1 57 2 1
473022 1 57 2 1
472408 1 57 2 1
447507 1 57 2 1
447469 1 57 2 1
335156 1 57 2 3
279926 1 57 2 4
428040 1 57 1 1
334732 1 57 5 1
334734 1 57 7 1
335152 0 57 5 3
347576 1 57 5 1
447470 0 57 5 1
447509 0 57 5 1
447685 0 57 6 1
472410 0 57 5 1
473020 0 57 5 1
473023 0 57 5 1
473024 0 57 5 1
473240 0 57 5 1
473243 0 57 5 1
473244 0 57 5 1
480078 0 57 5 3
480079 0 57 5 3
473485 1 58 3 3
447867 1 58 3 1
333881 1 58 3 4
262327 1 58 3 3
473255 1 58 2 3
346924 1 58 2 1
334729 1 58 2 0
334734 0 58 5 0
427815 1 58 5 1
427819 1 58 5 1
472272 1 58 5 1
473253 0 58 5 3
473482 0 58 5 3
473147 1 59 3 4
446529 1 59 3 0
347214 1 59 3 1
168918 1 59 3 3
8029 1 59 3 1
346852 1 59 2 1
335151 1 59 2 4
335016 1 59 2 1
428285 1 59 1 3
8431 1 59 1 1
8031 0 59 5 1
8432 0 59 5 1
335017 0 59 5 1
346925 1 59 5 1
347213 0 59 5 1
347215 0 59 5 1
428284 0 59 5 3
447868 1 59 5 1
447869 1 59 5 1
8479 1 60 4 1
446531 1 60 3 1
429362 1 60 3 4
346208 1 60 3 3
471655 1 60 2 3
335015 1 60 2 1
333643 1 60 2 1
333644 0 60 5 1
446530 1 60 5 0
446532 1 60 5 0
446533 0 60 5 1
447687 0 60 5 0
447690 0 60 5 0
447868 0 60 5 3
447870 0 60 5 3
471654 0 60 5 3
333949 1 61 4 1
473486 1 61 3 3
473150 1 61 3 3
333691 1 61 3 1
313479 1 61 3 4
279906 1 61 3 3
472324 1 61 2 3
472207 1 61 2 1
446846 1 61 2 1
428043 1 61 2 3
335154 1 61 2 1
335046 1 61 2 0
473680 1 61 1 1
448059 1 61 1 1
446521 1 61 1 0
428042 1 61 1 3
210138 1 61 1 3
8477 1 61 5 1
8478 1 61 5 1
279904 0 61 5 3
335047 0 61 5 0
335048 0 61 5 0
335050 0 61 5 0
335155 0 61 5 1
335156 0 61 5 1
335157 0 61 5 1
446845 0 61 5 1
446849 0 61 5 1
446850 0 61 5 1
448060 0 61 5 1
448062 0 61 5 1
473149 0 61 5 3
473482 0 61 5 3
473485 0 61 5 3
473678 0 61 5 1
473681 0 61 5 1
473682 0 61 5 1
8140 1 62 4 1
447860 1 62 3 3
346505 1 62 3 1
334406 1 62 3 1
144159 1 62 3 3
478536 1 62 2 1
447866 1 62 2 1
446554 1 62 2 1
334009 1 62 2 3
131960 1 62 2 2
334511 1 62 1 3
334007 0 62 5 3
334410 0 62 5 1
334510 0 62 5 3
446552 0 62 7 1
446555 0 62 6 1
446556 0 62 5 1
446557 0 62 5 1
447869 0 62 5 1
447870 0 62 5 1
445304 1 63 4 3
334552 1 63 3 1
280775 1 63 3 3
7705 0 63 6 1
473344 1 63 2 4
350094 1 63 2 3
333993 1 63 2 2
149917 1 63 2 3
8782 1 63 1 1
8547 1 63 1 1
7703 0 63 5 3
7706 0 63 5 3
8028 0 63 5 3
8030 0 63 5 3
149918 0 63 5 3
280774 0 63 5 3
350095 0 63 5 3
429511 1 64 3 1
334990 1 64 3 3
334519 1 64 3 1
280772 1 64 3 1
473085 1 64 2 3
427815 1 64 2 1
347393 1 64 2 3
334292 1 64 2 0
103597 1 64 2 2
7775 1 64 2 1
347391 0 64 5 3
335031 1 64 1 0
334637 1 64 1 1
7704 0 64 5 1
7773 0 64 5 1
103595 0 64 5 2
280774 0 64 5 1
334294 0 64 5 0
334295 0 64 5 0
334517 0 64 5 1
334987 0 64 5 3
334989 0 64 5 3
335032 0 64 6 0
347390 0 64 5 3
427818 0 64 5 1
429514 0 64 5 1
429549 1 65 4 1
428333 1 65 4 1
478537 1 65 3 3
447669 1 65 3 2
446608 1 65 3 3
340611 1 65 3 1
334008 1 65 3 2
280994 1 65 3 1
428332 1 65 2 1
350096 1 65 2 4
342072 1 65 2 1
334744 1 65 2 1
334683 1 65 2 2
322650 1 65 2 3
280995 0 65 5 1
290111 0 65 5 3
334684 0 65 5 2
334685 0 65 5 2
334742 0 65 5 1
342073 0 65 5 1
350094 0 65 5 4
428335 0 65 5 1
446553 1 65 5 1
446551 0 65 5 3
447670 0 65 5 2
472750 1 66 3 1
472216 1 66 3 3
427834 1 66 3 1
334743 1 66 3 1
334736 1 66 3 1
334098 1 66 3 1
334064 1 66 3 1
205544 1 66 3 3
290110 1 66 2 3
9026 1 66 2 3
8069 1 66 2 3
512233 1 66 1 3
428573 1 66 1 1
205541 0 66 5 3
334065 0 66 5 1
334066 0 66 5 1
334095 0 66 5 1
334740 0 66 5 1
334741 0 66 5 1
340612 1 66 5 1
340614 1 66 5 1
428331 1 66 5 1
428335 1 66 5 1
428574 0 66 5 1
472213 0 66 5 3
472214 0 66 5 3
472215 0 66 5 3
478538 1 66 5 3
341868 1 67 4 1
7774 1 67 4 1
335158 1 67 3 3
333812 1 67 3 3
8615 1 67 3 3
446236 1 67 2 1
429363 1 67 2 1
429115 1 67 2 1
349497 1 67 2 3
334265 1 67 2 1
7538 1 67 2 1
335033 0 67 5 1
335034 0 67 5 1
429118 0 67 5 1
8955 1 68 4 1
7383 1 68 4 1
447482 1 68 3 4
429463 1 68 3 2
334414 1 68 3 1
121717 1 68 3 3
9053 1 68 3 1
8227 1 68 3 1
447597 1 68 2 1
429453 1 68 2 1
347392 1 68 2 3
346435 1 68 2 1
333995 1 68 1 3
8211 1 68 1 3
7776 1 68 5 1
8210 0 68 5 3
8612 1 68 5 3
8614 1 68 5 3
9055 0 68 5 1
341869 1 68 5 1
346437 0 68 5 1
346439 0 68 5 1
347391 0 68 5 3
347393 0 68 5 3
429455 0 68 5 1
447596 0 68 5 1
447598 0 68 5 1
273082 1 69 3 3
8196 0 69 6 0
7894 1 69 3 1
347326 1 69 2 1
346219 1 69 2 4
7505 1 69 2 3
447410 1 69 1 1
336483 1 69 1 3
38206 1 69 1 3
8189 1 69 1 4
7503 0 69 5 3
7506 0 69 5 3
7893 0 69 5 1
7895 0 69 5 1
8197 0 69 6 3
8956 1 69 5 1
8957 1 69 5 1
273083 0 69 5 3
334740 0 69 5 1
334742 0 69 5 1
334745 0 69 5 1
334743 0 69 5 1
334745 0 69 5 1
446556 0 69 5 1
447411 0 69 5 1
479146 1 70 3 0
429106 1 70 3 0
346503 1 70 3 1
334386 1 70 3 1
7492 1 70 3 3
429384 1 70 2 1
346753 1 70 2 3
334919 1 70 2 1
107554 1 70 2 3
8662 1 70 2 1
428952 1 70 1 1
342073 1 70 1 1
334685 1 70 1 3
316310 1 70 1 3
280908 1 70 1 1
8613 1 70 1 1
8193 1 70 1 0
8611 0 70 5 1
8614 0 70 5 1
8615 0 70 5 1
8612 1 70 5 3
8615 1 70 5 3
8665 0 70 5 1
346504 0 70 5 1
346505 0 70 5 1
346754 0 70 5 3
428951 0 70 5 1
429385 0 70 5 1
479149 0 70 5 0
8704 1 71 4 1
428243 1 71 3 1
427896 1 71 3 1
346789 1 71 3 3
333657 1 71 1 1
8319 0 71 5 3
107550 1 71 5 3
107553 1 71 5 3
333659 0 71 5 1
346786 0 71 5 3
346787 0 71 5 3
346788 0 71 5 3
429107 1 71 5 0
429109 1 71 5 0
334289 1 72 3 1
7459 1 72 3 1
477450 1 72 2 4
429454 1 72 2 1
280409 1 72 2 4
347451 1 72 1 4
193655 1 72 1 2
7473 1 72 1 1
7477 0 72 5 1
8705 1 72 5 1
280408 0 72 5 4
347452 0 72 5 4
429453 0 72 5 3
334753 1 73 3 1
477451 1 73 2 4
346030 1 73 2 1
333775 1 73 2 1
8539 1 73 2 1
7475 1 73 2 1
429040 1 73 1 1
214732 1 73 1 3
7460 1 73 5 1
7461 1 73 5 1
7462 1 73 5 1
8541 0 73 5 1
214733 0 73 5 3
333777 0 73 5 1
334754 0 73 5 1
334755 0 73 5 1
346031 0 73 5 1
429041 0 73 5 1
7474 1 74 4 1
478663 1 74 3 3
122415 1 74 3 1
8378 1 74 3 1
428569 1 74 2 1
334384 1 74 1 1
7384 1 74 1 3
334385 0 74 5 1
428567 0 74 5 1
428571 0 74 5 1
429112 1 75 4 3
334315 1 75 3 1
334260 1 75 3 1
9143 1 75 3 1
446334 1 75 2 4
429108 1 75 2 2
159603 1 75 2 3
446333 1 75 1 3
9103 1 75 1 3
9100 1 75 1 1
7473 1 75 5 1
7477 1 75 5 1
7478 1 75 5 1
7479 1 75 5 1
8379 1 75 5 1
8383 1 75 5 1
9104 0 75 5 1
9145 0 75 5 1
122417 1 75 5 1
159600 0 75 5 3
334261 0 75 5 1
334384 0 75 5 1
429106 0 75 5 2
429107 0 75 5 2
446348 1 76 3 1
334455 1 76 3 1
9148 1 76 3 1
8703 1 76 3 1
8663 1 76 3 1
7496 1 76 3 3
157726 1 76 2 3
8707 1 76 2 1
7903 1 76 2 1
7494 0 76 5 3
7495 0 76 5 3
7905 0 76 5 1
8708 0 76 5 1
8711 0 76 5 1
334318 1 76 5 1
334456 0 76 5 1
334457 0 76 5 1
429216 1 77 4 0
8408 1 77 4 0
7642 1 77 4 1
428770 1 77 3 1
121757 1 77 3 1
334262 1 77 2 2
333821 1 77 2 1
8930 1 77 2 1
8382 1 77 2 3
7797 1 77 2 1
7504 1 77 2 2
278135 1 77 1 3
7502 0 77 5 2
8380 0 77 5 3
8705 1 77 5 1
9150 1 77 5 1
333822 0 77 5 1
334263 0 77 6 2
428771 0 77 5 1
428772 0 77 5 1
447038 1 78 4 1
7691 1 78 4 1
428773 1 78 3 3
385004 1 78 2 2
334029 1 78 2 2
136409 1 78 2 3
8884 1 78 2 1
8499 1 78 2 2
122425 1 78 1 3
7433 1 78 1 1
7434 0 78 5 1
7437 0 78 5 1
7641 1 78 5 1
7644 1 78 5 1
8410 1 78 5 0
8411 1 78 5 0
8886 0 78 5 1
121758 1 78 5 1
121760 1 78 5 1
334026 0 78 5 2
429217 1 78 5 0
429221 1 78 5 0
8876 0 79 13 3
333717 1 79 4 0
446574 1 79 3 4
372835 1 79 3 3
334616 1 79 3 1
80085 1 79 3 2
7506 1 79 3 3
7430 1 79 3 3
446435 1 79 2 1
446281 1 79 2 1
429502 1 79 2 0
429119 1 79 2 3
428141 1 79 2 0
334388 1 79 2 1
334267 1 79 2 3
333564 1 79 2 3
332194 1 79 2 3
9119 1 79 2 3
8786 1 79 2 1
8779 1 79 2 3
8644 1 79 2 4
8268 1 79 2 1
7906 1 79 2 1
7790 1 79 2 1
334314 1 79 1 0
7504 0 79 5 3
7692 1 79 5 1
7791 0 79 5 1
7902 0 79 5 1
7905 0 79 5 1
7907 0 79 5 1
8777 0 79 5 3
8778 0 79 5 3
8784 0 79 5 1
8785 0 79 6 1
8787 0 79 5 1
9100 0 79 5 3
9102 0 79 5 3
9103 0 79 5 3
9120 0 79 5 3
80084 0 79 5 2
332193 0 79 5 3
332195 0 79 5 3
333561 0 79 5 3
334389 0 79 5 1
334390 0 79 5 1
428142 0 79 5 0
428772 1 79 5 3
429503 0 79 5 0
429504 0 79 5 0
446282 0 79 5 1
446575 0 79 5 4
447039 1 79 5 1
447040 1 79 5 1
428647 1 80 4 0
8267 1 80 4 1
428640 1 80 3 1
121869 1 80 3 1
446442 1 80 2 3
380822 1 80 2 2
378315 1 80 2 3
334343 1 80 2 3
334021 1 80 2 1
333825 1 80 2 3
122261 1 80 2 1
8933 1 80 2 1
7679 0 80 5 1
7779 1 80 1 1
7678 1 80 1 1
7677 0 80 5 1
8934 0 80 5 1
122262 0 80 5 1
333719 1 80 5 0
334341 0 80 5 3
380820 0 80 5 2
380824 0 80 5 2
446443 0 80 5 3
447520 1 81 4 1
466358 1 81 3 2
333797 1 81 3 1
8376 1 81 3 1
7398 1 81 3 1
428655 1 81 2 1
334458 1 81 2 3
9036 1 81 2 3
7734 1 81 2 1
429532 1 81 1 1
273788 1 81 1 2
8924 1 81 1 1
7732 0 81 5 1
7733 0 81 5 1
8269 1 81 5 1
8375 0 81 5 1
8923 0 81 5 1
121870 1 81 5 1
121871 1 81 5 1
273786 0 81 5 2
333799 0 81 5 1
334260 1 81 5 3
334261 1 81 5 3
334456 0 81 5 3
334457 0 81 5 3
428648 1 81 5 0
428656 0 81 5 1
428657 0 81 5 1
429533 0 81 5 1
446568 1 82 3 3
429540 1 82 3 3
429345 1 82 3 0
427942 1 82 3 1
332192 1 82 3 1
331871 1 82 3 1
223438 1 82 3 3
8418 1 82 3 1
8156 1 82 3 3
8012 1 82 3 1
7567 1 82 3 1
334337 1 82 2 2
332233 1 82 2 1
332198 0 82 5 1
121868 1 82 2 1
447035 1 82 1 0
334320 1 82 1 3
332199 0 82 5 1
8157 1 82 1 3
7399 1 82 5 1
8153 0 82 5 3
8786 0 82 5 1
332200 0 82 5 1
334317 0 82 5 3
334318 0 82 5 3
334319 0 82 5 3
429537 0 82 5 3
446566 0 82 5 3
446567 0 82 5 3
447037 0 82 5 0
447519 1 82 5 1
447521 1 82 5 1
466356 1 83 3 0
429398 1 83 3 1
122491 1 83 3 1
8215 1 83 3 3
429116 1 83 2 1
385023 1 83 2 3
8939 1 83 2 1
7991 1 83 2 1
136407 1 83 1 1
8985 1 83 1 1
7568 1 83 5 1
7570 1 83 5 1
7990 0 83 5 1
7993 0 83 5 1
8013 1 83 6 1
8016 1 83 5 1
8212 0 83 5 3
8216 0 83 5 3
122490 0 83 5 1
122494 0 83 5 1
122495 0 83 5 1
331869 1 83 5 1
332191 1 83 5 1
332194 1 83 5 1
429119 0 83 5 1
429397 0 83 5 1
429399 0 83 5 1
429400 0 83 5 1
8057 1 84 4 1
447819 1 84 3 1
428288 1 84 3 3
122264 1 84 3 3
76902 1 84 3 3
7661 1 84 3 1
429694 1 84 2 1
429411 1 84 2 0
429352 1 84 2 1
429286 1 84 2 1
428669 1 84 2 1
333514 1 84 2 3
180726 1 84 2 3
154383 1 84 2 3
122992 1 84 2 1
8257 1 84 2 0
429174 1 84 1 0
428283 1 84 1 1
210181 1 84 1 3
8052 1 84 1 3
8050 0 84 5 3
122262 0 84 5 3
122994 0 84 5 1
154381 0 84 5 3
210178 0 84 5 3
210180 0 84 5 3
428287 0 84 5 3
429351 0 84 5 1
429353 0 84 5 1
429354 0 84 5 1
429695 0 84 5 1
137771 1 85 4 1
506647 1 85 3 2
429177 1 85 3 2
428151 1 85 3 1
333533 1 85 3 1
332239 1 85 3 1
332086 1 85 3 1
137952 1 85 3 1
7808 1 85 3 0
331802 1 85 2 1
8846 1 85 2 0
466316 1 85 1 3
7566 1 85 1 1
7567 0 85 5 1
8056 1 85 5 1
8845 0 85 5 0
331804 0 85 5 1
333535 0 85 5 1
428149 0 85 5 1
428152 0 85 5 1
429175 0 85 5 2
8819 1 86 4 1
446369 1 86 3 1
428869 1 86 3 1
332092 1 86 3 1
8152 1 86 3 4
429043 1 86 2 1
428634 1 86 2 1
428490 1 86 2 1
428115 1 86 2 1
332635 1 86 2 1
291016 1 86 2 3
9065 1 86 2 1
8788 1 86 2 3
7835 1 86 2 1
428733 1 86 1 1
332362 1 86 1 1
8015 0 86 5 1
8016 0 86 5 1
8786 0 86 5 3
9064 0 86 6 1
9066 0 86 5 1
9067 0 86 5 1
9068 0 86 5 1
137770 1 86 5 1
137772 1 86 5 1
332094 0 86 5 1
332637 0 86 5 1
428117 0 86 5 1
428118 0 86 5 1
428489 0 86 5 1
428492 0 86 5 1
428872 0 86 5 1
429044 0 86 5 1
429045 0 86 5 1
446370 0 86 5 1
7910 1 87 4 1
429413 1 87 3 1
429285 1 87 3 0
428621 1 87 3 1
428049 1 87 3 3
429656 1 87 2 3
428646 1 87 2 0
348673 1 87 2 2
334772 1 87 2 1
7569 1 87 2 1
447037 1 87 1 3
428188 1 87 1 0
7566 0 87 5 1
7568 0 87 5 1
8818 1 87 5 1
8821 1 87 5 1
122489 0 87 5 3
122490 0 87 5 3
122495 0 87 5 3
428050 0 87 5 3
428647 0 87 5 0
429287 0 87 5 0
429412 0 87 5 1
429415 0 87 5 1
429654 0 87 5 3
447036 0 87 5 3
429110 0 88 13 3
429408 1 88 3 3
332752 1 88 3 1
7457 1 88 3 1
429176 1 88 2 2
393489 1 88 2 1
332312 1 88 2 3
8270 1 88 2 3
8061 1 88 2 1
428195 1 88 1 1
7911 1 88 5 1
8064 0 88 7 1
332755 0 88 5 1
393487 0 88 5 1
393488 0 88 5 1
393490 0 88 5 1
428622 1 88 5 1
428763 1 89 3 1
7463 1 89 3 1
429171 1 89 2 3
428253 1 89 2 2
334867 1 89 2 3
333154 1 89 2 1
7840 1 89 2 1
137953 1 89 1 3
7466 0 89 5 1
7839 0 89 5 1
9067 0 89 5 1
428765 0 89 5 1
428766 0 89 5 1
452794 1 90 4 4
428915 1 90 4 1
429000 1 90 3 3
194924 1 90 3 3
122492 1 90 3 1
8845 1 90 3 0
447330 1 90 2 1
446368 1 90 2 1
428232 1 90 2 0
59046 1 90 2 3
8092 1 90 2 1
446376 1 90 1 3
428251 1 90 1 2
194923 0 90 5 3
332657 0 90 5 2
332663 0 90 5 2
428234 0 90 5 0
446369 0 90 5 1
447332 0 90 5 1
7902 1 91 4 1
428980 1 91 3 1
331781 1 91 3 1
122754 1 91 3 1
8887 1 91 3 3
8568 1 91 3 1
429459 1 91 2 1
8632 1 91 2 3
7458 1 91 2 3
428870 1 91 1 2
428153 1 91 1 3
428152 1 91 1 2
331128 1 91 1 0
8886 0 91 5 3
122494 1 91 5 1
122753 0 91 5 1
331130 0 91 5 0
428149 0 91 5 3
428635 0 91 5 3
428916 1 91 5 1
428981 0 91 5 1
350533 0 92 18 4
209869 1 92 3 1
428184 1 92 2 2
384972 1 92 2 4
331129 1 92 2 1
330429 1 92 2 1
8822 1 92 2 3
8638 1 92 2 4
8096 1 92 2 3
332661 1 92 1 2
122169 1 92 1 1
7903 1 92 5 1
7905 1 92 5 1
8092 0 92 5 3
8094 0 92 5 3
8095 0 92 5 3
122170 0 92 5 1
330430 0 92 5 1
331780 1 92 5 1
331782 1 92 5 1
332659 0 92 5 2
332663 0 92 5 2
262674 1 93 4 3
293001 1 93 3 3
122298 1 93 3 3
121989 1 93 3 1
13440 1 93 3 3
428406 1 93 2 3
332914 1 93 2 3
27627 1 93 2 3
8429 1 93 2 3
30830 1 93 1 3
7841 0 93 5 1
8823 1 93 5 3
13437 0 93 5 3
30828 0 93 5 3
121991 0 93 5 1
209867 1 93 5 1
331128 1 93 5 1
428405 0 93 5 3
332397 0 94 5 1
333379 1 94 3 1
320507 1 94 3 3
8176 1 94 3 0
8063 1 94 3 3
7770 1 94 3 1
446594 1 94 2 1
394160 1 94 2 1
332965 1 94 2 1
332398 1 94 2 1
199873 1 94 2 2
8062 0 94 5 3
8064 0 94 5 3
122294 1 94 5 3
122295 1 94 5 3
122296 1 94 5 3
199875 0 94 5 2
199876 0 94 5 2
332396 0 94 6 1
332399 0 94 5 1
332962 0 94 5 1
394161 0 94 7 1
446596 0 94 5 1
446598 0 94 5 1
429320 1 95 2 4
29829 1 95 2 4
332644 1 95 1 1
8179 1 95 5 0
8180 1 95 5 0
332399 1 95 5 1
332400 1 95 5 1
429717 0 95 5 3
313338 1 96 3 3
121985 1 96 3 3
446742 1 96 2 1
427309 1 96 2 0
395100 1 96 2 4
393384 1 96 2 1
329771 1 96 2 3
285793 1 96 2 3
8172 1 96 2 3
7494 1 96 2 1
447755 1 96 1 1
428182 1 96 1 1
329772 0 96 5 3
394159 0 96 5 1
427312 0 96 5 0
428181 0 96 5 1
428186 0 96 5 1
428762 0 96 6 1
446739 0 96 5 1
446741 0 96 5 1
446743 0 96 5 1
446744 0 96 5 1
446745 0 96 5 1
447756 0 96 5 1
447757 0 96 5 1
394314 1 97 3 1
393810 1 97 3 1
332524 1 97 3 1
446940 1 97 2 1
416102 1 97 2 3
393504 1 97 2 1
393390 1 97 2 1
368022 1 97 2 3
121908 1 97 2 1
7677 1 97 2 1
447289 1 97 1 1
412522 1 97 1 1
395173 1 97 1 1
123073 1 97 1 1
7680 0 97 5 1
123077 0 97 5 1
313335 1 97 5 3
313336 1 97 5 3
332397 0 97 5 1
332398 0 97 5 1
332522 0 97 5 1
393389 0 97 5 1
393391 0 97 5 1
393505 0 97 5 1
393813 0 97 5 1
394316 0 97 5 1
412525 0 97 5 1
416101 0 97 5 3
331604 1 98 4 3
8435 1 98 4 0
447343 1 98 3 1
429718 1 98 3 1
423687 1 98 3 3
394128 1 98 3 1
454318 1 98 2 1
428035 1 98 2 1
393531 1 98 2 1
366201 1 98 2 3
333190 1 98 2 1
331886 1 98 2 1
331035 1 98 2 0
446190 1 98 1 0
305044 1 98 1 3
305042 0 98 5 3
331889 0 98 5 1
332763 0 98 5 1
332765 0 98 5 1
332766 0 98 5 1
332915 0 98 5 4
366202 0 98 5 3
393533 0 98 5 1
394127 0 98 5 1
428034 0 98 5 1
446192 0 98 5 0
446939 1 98 5 1
447346 0 98 5 1
454315 0 98 6 1
454319 0 98 5 1
446623 1 99 3 1
446169 1 99 3 1
429373 1 99 3 4
428947 1 99 3 1
428631 1 99 3 1
332907 1 99 3 2
330311 1 99 3 1
395063 1 99 2 2
393960 1 99 2 1
332802 1 99 2 1
330435 1 99 2 3
447062 1 99 1 1
332963 1 99 1 1
284680 1 99 1 3
201238 1 99 1 1
8081 1 99 1 1
7769 1 99 1 0
7770 0 99 5 0
8079 0 99 5 1
8083 0 99 5 1
331034 1 99 5 0
332913 0 99 5 3
332962 0 99 5 1
332967 0 99 5 1
393961 0 99 5 1
393962 0 99 5 1
428766 0 99 5 0
446168 0 99 5 1
446172 0 99 5 1
446625 0 99 5 1
447063 0 99 5 1
447064 0 99 5 1
447065 0 99 5 1
446935 1 100 3 0
428190 1 100 3 2
333477 1 100 3 1
332649 1 100 2 1
322719 1 100 2 3
428401 1 100 1 2
250672 1 100 1 3
322718 0 100 5 3
332805 1 100 5 1
332807 1 100 5 1
429370 1 100 5 4
446172 0 100 5 1
446936 0 100 5 0
446937 0 100 5 0
446938 0 100 5 0
122841 1 101 3 0
122506 1 101 3 0
491289 1 101 2 3
452977 1 101 2 2
428553 1 101 2 1
394287 1 101 2 1
393394 1 101 2 3
332331 1 101 2 4
332079 1 101 2 1
122474 1 101 2 1
419526 1 101 1 2
8758 1 101 1 1
8756 0 101 5 1
8757 0 101 5 1
8760 0 101 5 1
8761 0 101 5 1
122471 0 101 5 1
122475 0 101 5 1
122509 0 101 5 0
122510 0 101 5 0
332077 0 101 5 1
332078 0 101 5 1
332804 0 101 5 1
394159 1 101 5 3
394161 1 101 5 3
419525 0 101 6 2
428187 1 101 5 2
428555 0 101 5 1
491286 0 101 5 3
491287 0 101 5 3
428948 1 102 3 3
470327 1 102 2 3
447823 1 102 2 2
416100 1 102 2 1
415955 1 102 2 3
393818 1 102 2 3
199821 1 102 2 1
25323 1 102 2 3
446953 1 102 1 3
428524 1 102 1 1
394130 1 102 1 3
393816 0 102 5 3
447343 0 102 5 3
447345 0 102 5 3
454317 1 102 5 0
333362 1 103 4 1
429081 1 103 3 1
333479 1 103 3 3
331890 1 103 3 3
452891 1 103 2 1
447165 1 103 2 3
446622 1 103 2 1
446220 1 103 2 2
428393 1 103 2 4
419527 1 103 2 2
394704 1 103 2 1
332626 1 103 2 4
331045 1 103 2 3
7371 1 103 2 1
428033 1 103 1 1
331975 1 103 1 1
331979 0 103 5 1
332802 0 103 5 1
332803 0 103 5 1
333478 0 103 5 3
419526 0 103 5 2
419528 0 103 5 2
419529 0 103 5 2
446218 0 103 5 2
446623 0 103 5 1
446624 0 103 5 1
446625 0 103 5 1
452893 0 103 5 1
332098 1 104 4 1
468447 1 104 3 4
448077 1 104 3 1
346569 1 104 3 2
332271 1 104 3 1
331941 1 104 3 1
331773 1 104 3 1
25335 1 104 3 3
503478 1 104 2 3
416754 1 104 2 3
394734 1 104 2 3
333475 1 104 2 3
333472 0 104 5 3
333452 1 104 2 3
199820 1 104 2 1
122483 1 104 2 3
121765 1 104 2 1
7372 1 104 5 1
122480 0 104 5 3
332270 0 104 5 1
332274 0 104 5 1
332962 1 104 5 3
332964 1 104 5 3
333363 1 104 5 1
333474 0 104 5 3
346568 0 104 5 2
394732 0 104 5 3
394733 0 104 5 3
416753 0 104 5 3
419529 0 104 5 2
446935 0 104 5 3
447663 1 105 4 1
428529 1 105 3 4
394123 1 105 3 1
332269 1 105 3 0
469150 1 105 2 4
447522 1 105 2 1
250685 1 105 2 3
332806 1 105 1 3
250683 0 105 5 3
332802 0 105 5 3
333450 1 105 5 3
447520 0 105 5 1
447521 0 105 6 1
448078 1 105 5 1
448079 1 105 5 1
415954 1 106 3 1
404756 1 106 3 2
393590 1 106 3 1
332295 1 106 3 1
331942 1 106 3 3
269788 1 106 3 3
122235 1 106 3 1
121881 1 106 3 1
7559 1 106 3 1
446665 1 106 2 1
446456 1 106 2 3
415956 1 106 6 1
332249 1 106 2 1
331053 1 106 2 3
478021 1 106 1 2
453123 1 106 1 1
122516 1 106 1 1
122518 0 106 5 1
269789 0 106 5 3
332275 1 106 5 0
393588 0 106 5 1
393589 0 106 5 1
415955 0 106 5 3
446666 0 106 5 1
447664 1 106 5 1
447665 1 106 5 1
478019 0 106 5 2
394635 1 107 4 1
453279 1 107 3 1
394332 1 107 3 1
332013 1 107 3 1
331772 1 107 3 1
8761 1 107 3 3
394380 1 107 2 0
121738 1 107 2 0
332168 1 107 1 1
332078 1 107 1 1
331839 1 107 1 3
8756 0 107 5 3
8759 0 107 5 3
122237 1 107 5 1
331837 0 107 5 3
331943 1 107 5 3
332012 0 107 5 1
332015 0 107 5 1
332016 0 107 5 1
332017 0 107 5 1
332080 0 107 5 1
332081 0 107 5 1
332169 0 107 5 1
332294 1 107 5 1
332296 1 107 5 1
394385 0 107 5 0
404757 1 107 5 2
453280 0 107 5 1
447523 0 108 5 1
429479 1 108 3 1
332261 1 108 3 3
446611 1 108 2 3
332341 1 108 2 4
332052 1 108 2 1
122385 1 108 2 1
121468 1 108 2 1
8127 1 108 2 1
121471 0 108 5 1
122383 0 108 6 1
122386 0 108 5 1
332054 0 108 5 1
394636 1 108 5 1
394638 1 108 5 1
429480 0 108 5 1
429482 0 108 5 1
447518 0 108 5 1
447522 0 108 5 1
447518 0 108 5 3
447524 0 108 5 3
333315 1 109 3 1
122348 1 109 3 1
24895 1 109 3 3
7749 1 109 3 1
469149 1 109 2 3
445465 1 109 2 3
418437 1 109 2 3
416241 1 109 2 4
266428 1 109 2 3
217680 1 109 2 3
122983 1 109 2 0
122509 1 109 1 3
17211 1 109 1 3
7750 0 109 5 1
7753 0 109 5 1
7754 0 109 5 1
17208 0 109 5 3
17210 0 109 5 3
122347 0 109 5 1
122349 0 109 5 1
122984 0 109 5 0
217678 0 109 5 3
333316 0 109 5 1
333319 1 110 3 3
393847 0 110 6 1
393596 1 110 2 0
333415 1 110 2 1
8129 1 110 2 3
428394 1 110 1 4
122517 1 110 1 3
121469 1 110 1 1
122516 0 110 5 3
122518 0 110 5 3
333416 0 110 5 1
333417 0 110 5 1
333420 0 110 5 1
393597 0 110 5 0
393598 0 110 5 0
393599 0 110 5 0
393600 0 110 5 0
393846 0 110 5 1
394334 1 111 3 3
332568 1 111 3 1
332272 1 111 3 1
332247 1 111 3 1
121489 1 111 3 1
428231 1 111 2 3
332150 1 111 2 1
267905 1 111 2 3
7798 1 111 2 1
358035 1 111 1 3
332501 1 111 1 1
332167 1 111 1 1
329979 1 111 1 0
121486 0 111 5 1
121487 0 111 5 1
121490 0 111 5 1
121492 0 111 5 1
267904 0 111 5 3
332152 0 111 5 1
332153 0 111 5 1
332169 0 111 5 1
332170 0 111 5 1
332171 0 111 5 1
332271 0 111 5 1
333318 1 111 5 3
358034 0 111 5 3
393591 1 112 3 3
145510 1 112 3 3
123064 0 112 5 1
331844 1 112 2 3
123063 1 112 2 1
122508 1 112 2 1
8213 1 112 2 1
332589 1 112 1 1
24894 1 112 1 3
24895 0 112 5 3
332569 1 112 5 1
429481 0 112 5 1
417939 1 113 3 4
393756 1 113 3 0
7634 1 113 3 1
418756 1 113 2 0
415864 1 113 2 1
394637 1 113 2 3
393283 1 113 2 1
332174 1 113 2 2
394537 1 113 1 1
329981 1 113 1 1
7636 0 113 5 1
8214 1 113 5 1
122506 1 113 5 1
122507 1 113 5 1
123060 1 113 5 3
123061 1 113 5 3
329980 0 113 5 1
393280 0 113 5 1
393281 0 113 5 1
393284 0 113 5 1
393588 1 113 5 3
393589 1 113 5 3
393758 0 113 5 0
394635 0 113 5 3
394638 0 113 5 3
415868 0 113 5 1
239970 1 114 3 3
399081 1 114 2 3
393678 1 114 2 1
331892 1 114 2 1
121761 1 114 2 1
121640 1 114 2 3
121965 1 114 1 3
9084 1 114 1 1
121636 0 114 5 3
121638 0 114 5 3
121963 0 114 5 3
121964 0 114 5 3
331894 0 114 5 1
332268 0 114 5 4
393677 0 114 5 1
394594 1 115 3 3
394546 1 115 3 1
8212 1 115 3 0
393775 1 115 2 1
122614 1 115 2 1
422827 1 115 1 3
393549 1 115 1 0
332668 1 115 1 3
131922 1 115 1 2
8214 0 115 5 0
122509 0 115 5 0
122616 0 115 5 1
332150 0 115 5 3
332666 0 115 5 3
332667 0 115 5 3
393550 0 115 5 0
393551 0 115 5 0
393552 0 115 5 0
394548 0 115 5 1
394591 0 115 5 3
394592 0 115 5 3
394593 0 115 5 3
447934 1 116 3 3
122435 1 116 3 1
541599 1 116 2 2
538863 1 116 2 3
453561 1 116 2 3
393592 1 116 2 3
332394 1 116 2 3
331840 1 116 2 0
393282 1 116 1 1
90056 1 116 1 3
90053 0 116 5 3
122436 0 116 5 1
393280 0 116 5 1
393284 0 116 5 1
393285 0 116 5 1
393590 0 116 5 3
453558 0 116 5 3
453562 0 116 5 3
538860 0 116 5 3
538861 0 116 5 3
538862 0 116 5 3
121486 1 117 7 1
447180 1 117 3 3
333002 1 117 3 1
121488 1 117 3 1
121762 1 117 2 1
7983 1 117 2 1
7982 0 117 5 1
7984 0 117 5 1
121761 0 117 5 1
331843 1 117 5 0
333005 0 117 5 1
121487 1 118 4 1
453559 0 118 7 3
318629 1 118 3 3
122974 1 118 3 1
394032 1 118 2 1
393423 1 118 2 1
393276 1 118 2 3
331842 1 118 2 3
417893 1 118 1 3
8752 1 118 1 1
121490 1 118 5 0
122975 0 118 5 1
318627 0 118 6 3
331840 0 118 5 3
331843 0 118 5 3
394031 0 118 5 1
417894 0 118 5 3
119883 1 119 3 3
7638 1 119 3 3
7633 1 119 3 3
394803 1 119 2 2
332671 1 119 2 4
7530 1 119 2 1
7529 0 119 5 1
7532 0 119 5 1
7634 0 119 5 3
7636 0 119 5 3
7637 0 119 5 3
121490 1 119 5 1
333316 1 120 3 1
332138 1 120 3 3
284270 1 120 3 3
123054 1 120 3 1
491675 1 120 2 3
210098 1 120 2 3
122023 1 120 2 1
7549 1 120 2 3
122022 0 120 5 1
122024 0 120 5 1
122026 0 120 5 1
123056 0 120 5 1
394715 1 121 3 1
447177 1 121 2 3
129274 1 121 2 3
122183 1 121 2 1
393777 1 121 1 3
318628 0 121 5 1
333317 1 121 5 1
333319 1 121 5 1
447176 0 121 5 3
121398 1 122 3 1
394090 1 122 2 1
333183 1 122 2 3
214675 1 122 2 4
122747 1 122 1 1
121401 0 122 5 1
121491 0 122 5 1
121492 0 122 5 1
122748 0 122 6 1
122749 0 122 5 1
122751 0 122 5 1
333181 0 122 5 3
394091 0 122 5 1
394786 1 123 3 1
331933 1 123 2 3
122803 1 123 2 4
104763 1 123 2 3
8667 1 123 2 4
7826 1 123 2 1
298224 1 123 1 3
7825 0 123 5 1
7827 0 123 5 1
7829 0 123 5 1
331932 0 123 5 3
394980 1 124 3 3
333182 1 124 2 3
122270 1 124 2 4
122184 1 124 2 1
96191 1 124 2 3
7636 1 124 2 1
394718 1 124 1 1
109902 1 124 1 3
7637 0 124 5 1
7638 0 124 5 1
96188 0 124 5 3
122269 0 124 5 4
393316 1 125 3 1
129271 1 125 3 1
9029 1 125 3 4
466687 1 125 2 3
122153 1 125 2 3
7533 1 125 2 3
123055 1 125 1 3
7530 0 125 5 3
7531 0 125 5 3
123056 0 125 5 3
393318 0 125 5 1
376303 1 126 3 2
8307 1 126 3 1
394981 1 126 2 3
104762 1 126 2 3
8308 0 126 5 1
8309 0 126 5 1
104763 0 126 5 3
129272 1 126 5 1
129274 1 126 5 1
376302 0 126 5 2
59688 0 127 6 1
122659 1 127 2 1
121726 1 127 2 3
122190 1 127 1 1
121727 0 127 5 3
122191 0 127 5 1
122192 0 127 5 1
94725 1 128 4 2
394327 1 128 3 3
313648 1 128 3 3
59687 1 128 1 1
7822 1 128 1 3
7824 0 128 5 3
313645 0 128 5 3
313646 0 128 5 3
313647 0 128 5 3
296153 1 129 4 3
404972 1 129 3 3
122693 1 129 3 1
377583 1 129 2 3
394325 1 130 4 0
340948 1 130 3 3
480520 1 130 2 4
394982 1 130 2 3
138321 1 130 2 3
122357 1 130 2 1
121723 1 130 2 0
303834 1 130 1 3
11209 1 130 1 3
122358 0 130 5 1
122359 0 130 5 1
303835 0 130 5 3
480518 0 130 5 4
121947 1 131 3 1
121923 1 131 3 1
393330 1 131 2 3
121615 1 131 2 1
121527 1 131 2 3
59689 1 131 2 3
393968 1 131 1 3
121614 0 131 5 1
121616 0 131 5 1
121617 0 131 5 1
121921 0 131 5 1
121924 0 131 5 1
121948 0 131 5 1
340949 1 131 5 3
393328 0 131 5 3
393329 0 131 5 3
393965 0 131 5 3
204968 1 132 2 4
394551 1 133 3 0
122933 1 133 3 1
18413 1 133 3 3
393595 1 133 2 4
393615 1 133 1 2
166771 1 133 1 1
18411 0 133 5 3
166772 0 133 5 1
166774 0 133 5 1
393616 0 133 5 2
369855 0 134 13 3
121926 1 134 3 3
121555 1 134 3 1
122938 1 134 2 1
473451 1 134 1 3
122934 1 134 5 1
122937 1 134 5 1
140961 1 135 3 3
122653 1 135 3 1
122570 1 135 3 1
312158 1 135 2 3
123078 1 135 2 2
404971 1 135 1 3
188731 1 135 1 3
121616 0 135 5 1
140960 0 135 5 3
188732 0 135 5 3
369854 1 135 5 3
404972 0 135 5 3
473084 1 136 2 4
197162 1 136 2 3
354420 1 136 1 3
122363 1 136 1 1
122365 0 136 5 1
122572 1 136 5 1
122654 1 136 5 1
354417 0 136 5 3
354419 0 136 5 3
354421 1 137 3 4
122940 1 137 2 4
121567 1 137 2 1
121677 1 138 4 3
18408 1 138 3 4
122265 1 138 2 2
121484 1 138 2 1
46966 1 138 2 2
122795 1 138 1 2
18407 0 138 5 4
46967 0 138 5 2
121483 0 138 5 1
122796 0 138 5 2
352520 1 139 2 3
122380 1 139 2 1
121610 1 139 1 1
122267 1 139 5 2
122268 1 139 5 2
122378 0 139 5 1
122382 0 139 5 1
426805 1 140 3 3
122393 1 140 3 1
121531 1 140 3 1
393584 1 140 2 0
196186 1 140 2 1
122950 1 140 2 1
196823 1 140 1 1
121532 0 140 5 1
122395 0 140 5 1
122397 0 140 5 1
196185 0 140 5 1
196187 0 140 5 1
196188 0 140 5 1
196825 0 140 5 1
393585 0 140 5 0
291587 1 141 3 3
195856 1 141 3 3
121819 1 141 3 1
85776 1 141 2 1
122949 1 141 5 1
122951 1 141 5 1
291588 0 141 5 3
473995 1 142 3 3
393949 1 142 3 4
121594 1 142 3 1
122663 1 142 2 3
121609 1 142 2 2
121485 1 142 2 3
121484 0 142 5 3
473993 0 142 5 3
473994 0 142 5 3
121495 1 143 3 4
84751 1 143 3 4
393622 1 143 2 0
122764 1 143 2 1
122549 1 143 2 1
118463 1 143 2 3
84749 0 143 5 4
84750 0 143 5 4
118458 0 143 5 3
118460 0 143 5 3
118461 0 143 5 3
118462 0 143 5 3
122763 0 143 5 1
122765 0 143 5 1
122766 0 143 5 1
122951 0 143 5 0
393623 0 143 5 0
393625 0 143 5 0
291075 0 144 13 3
430220 1 144 3 3
430218 0 144 5 3
122633 1 145 3 3
121891 1 145 3 1
85050 1 145 3 1
196519 1 145 2 1
121570 1 145 2 1
121505 1 145 2 2
84811 1 145 2 3
84810 0 145 5 3
121572 0 145 5 1
121888 0 145 5 1
121889 0 145 5 1
121893 0 145 5 1
196522 0 145 5 1
309022 0 145 5 3
309025 0 145 5 3
393624 1 146 3 1
121876 1 146 2 3
121875 0 146 5 3
121878 0 146 5 3
393622 0 146 5 1
393625 0 146 5 1
393626 0 146 5 1
474277 0 147 6 1
122741 1 147 3 1
122137 1 147 3 4
196526 1 147 2 1
195420 1 147 2 1
85434 1 147 2 1
121459 1 147 1 4
85436 0 147 5 1
122742 0 147 5 1
196524 0 147 5 1
196525 0 147 5 1
123072 1 148 3 3
122632 1 148 3 1
122473 1 148 3 1
474278 1 148 1 1
122397 1 148 1 3
474281 0 148 5 1
475627 1 149 4 1
121571 1 149 3 1
118459 1 149 3 1
121892 1 149 2 2
84577 1 149 2 1
84579 0 149 5 1
118458 0 149 5 1
118462 0 149 5 1
118463 0 149 5 1
121893 0 149 6 2
122471 1 149 5 1
122474 1 149 5 1
122476 1 149 5 1
122633 1 149 5 1
123071 1 149 5 3
196991 1 150 3 1
121572 1 150 5 1
85063 0 151 13 4
84638 1 151 3 1
294755 1 151 2 3
123753 1 151 1 3
84635 0 151 5 1
123751 0 151 5 3
196992 1 151 5 1
196994 1 151 5 1
294754 0 151 5 3
32147 1 152 4 1
156024 1 152 3 3
85579 1 152 3 1
84975 1 152 3 1
194715 1 152 2 3
119544 1 152 2 1
118889 1 152 2 1
195902 1 152 1 1
121657 1 152 1 1
84786 1 152 1 1
84785 0 152 5 1
84976 0 152 5 1
84978 0 152 5 1
121891 0 152 5 3
123753 0 152 5 2
194710 0 152 5 3
194712 0 152 5 3
195900 0 152 5 1
195901 0 152 5 1
195903 0 152 5 1
124731 1 153 3 3
84923 1 153 3 1
32139 1 153 3 2
195929 1 153 2 1
119114 1 153 2 1
84637 1 153 2 1
84578 1 153 2 1
24076 1 153 2 2
196006 1 153 1 1
24075 0 153 5 2
32138 0 153 5 2
32149 1 153 5 1
84580 0 153 5 1
84636 0 153 5 1
84639 0 153 5 1
118890 1 153 5 1
196005 0 153 5 1
196008 0 153 5 1
196993 0 153 5 1
196994 0 153 5 1
67803 1 154 3 3
475629 1 154 2 3
196527 1 154 2 3
85581 1 154 2 3
84787 1 154 5 0
124732 1 154 5 3
196524 0 154 5 3
196525 0 154 5 3
475625 0 154 5 3
84521 1 155 4 1
118245 1 155 3 1
85419 1 155 2 1
85418 0 155 5 1
85420 0 155 5 1
119363 1 156 4 1
118908 1 156 4 1
393445 1 156 3 1
90351 1 156 3 3
393623 1 156 2 1
118892 1 156 2 3
85414 1 156 2 1
84520 1 156 5 1
84925 0 156 5 3
90349 0 156 5 3
90352 0 156 5 3
118891 0 156 5 3
124728 0 156 5 4
124729 0 156 5 4
124730 0 156 5 4
393446 0 156 5 1
393624 0 156 5 1
393625 0 156 5 1
393626 0 156 5 1
393627 0 156 5 1
474985 1 157 3 1
118801 1 157 3 1
85755 1 157 3 1
84888 1 157 3 3
121935 1 157 2 1
85453 1 157 1 1
84883 0 157 5 3
84886 0 157 5 3
118802 0 157 5 1
121936 0 157 5 1
124727 0 157 5 3
124728 0 157 5 3
124732 0 157 5 3
474984 0 157 5 1
474987 0 157 5 1
84571 1 158 4 1
119554 1 158 3 1
119155 1 158 3 1
85724 1 158 3 1
85640 1 158 3 1
85078 1 158 2 1
84885 1 158 2 1
393629 1 158 1 3
84573 1 158 1 3
84574 0 158 5 3
84886 0 158 5 1
84887 0 158 6 1
84889 0 158 5 1
85077 0 158 5 1
85079 0 158 5 1
85080 0 158 5 1
85641 0 158 6 1
393631 0 158 5 3
475234 1 159 3 1
393992 1 159 3 1
118745 1 159 3 3
85578 1 159 3 0
447656 1 159 2 3
85703 1 159 2 3
85371 1 159 2 1
117885 1 159 1 1
85374 0 159 5 1
85702 0 159 5 3
117886 0 159 5 1
118743 0 159 5 3
119555 1 159 5 1
119556 1 159 5 1
119557 1 159 5 1
393993 0 159 7 1
393996 0 159 6 1
393997 0 159 5 1
474988 1 160 3 1
117856 1 160 3 1
117605 1 160 3 3
85185 1 160 3 1
194716 1 160 2 1
85921 1 160 2 2
475628 1 160 1 2
137921 1 160 1 3
85579 1 160 5 0
85920 0 160 5 2
117858 0 160 5 1
475235 1 160 5 1
475236 1 160 5 1
475625 0 160 5 2
475627 0 160 5 2
118757 1 161 3 1
84737 1 161 3 1
122262 1 161 2 1
119369 1 161 2 3
117792 1 161 2 1
195713 1 161 1 2
84740 0 161 5 1
84883 0 161 5 1
84888 0 161 5 1
84973 0 161 5 0
84975 0 161 5 0
85640 0 161 5 3
117604 1 161 5 3
119368 0 161 5 3
119370 0 161 5 3
122264 0 161 5 1
195712 0 161 5 2
85045 1 162 3 1
393632 1 162 2 3
85075 1 162 2 3
85046 0 162 7 1
85048 0 162 5 1
85073 0 162 5 3
119368 0 162 5 3
393992 1 162 5 1
393994 1 162 5 1
393996 1 162 5 1
393994 0 162 5 3
393995 0 162 5 3
85767 1 163 3 1
85189 1 163 3 1
196008 1 163 2 3
96619 1 163 2 3
84498 1 163 2 1
84500 0 163 5 1
84504 0 163 5 1
85768 0 163 5 1
196005 0 163 5 3
196007 0 163 5 3
85648 0 164 13 3
430168 1 164 3 3
119704 1 164 3 3
117860 1 164 3 1
117857 1 164 3 1
474986 1 164 2 2
118371 1 164 2 1
474480 1 164 1 1
427514 1 164 1 3
118373 0 164 5 1
119703 0 164 5 3
430167 0 164 5 3
430169 0 164 5 3
474481 0 164 5 1
119291 1 165 3 2
119287 1 165 3 3
475235 1 165 2 1
246540 1 165 2 2
118387 1 165 2 1
85694 1 165 2 1
85647 1 165 5 3
85695 0 165 5 1
118389 0 165 5 1
119283 0 165 5 3
119284 0 165 5 3
119285 0 165 5 3
119290 0 165 5 2
475234 0 165 5 1
194801 1 166 2 1
122702 1 166 2 0
85792 1 166 2 1
85607 1 166 2 4
85145 1 166 2 1
84947 1 166 2 3
84449 1 166 2 1
118159 1 166 1 1
85146 0 166 7 1
85147 0 166 5 1
85793 0 166 5 1
85794 0 166 5 1
118160 0 166 5 1
118602 1 167 4 1
195675 1 167 3 3
119096 1 167 3 1
85099 1 167 3 1
84450 1 167 3 3
118968 1 167 2 1
118758 1 167 2 1
85155 1 167 2 1
84421 1 167 2 3
85045 1 167 5 3
85098 0 167 5 1
85102 0 167 5 1
85153 0 167 5 1
85157 0 167 5 1
119099 0 167 5 1
117859 1 168 3 3
84468 1 168 3 0
475259 1 168 2 1
474483 1 168 2 3
474479 1 168 2 1
195726 1 168 2 1
85148 1 168 2 3
84722 1 168 2 1
85822 1 168 1 2
84723 0 168 5 1
85823 0 168 5 2
117857 0 168 5 3
118604 1 168 5 1
195725 0 168 5 1
474480 0 168 5 1
474482 0 168 5 1
474480 0 168 5 3
474481 0 168 5 3
474482 0 168 5 3
475036 1 169 3 1
196787 1 169 3 1
122727 1 169 3 0
118974 1 169 3 3
85594 1 169 3 3
85084 1 169 3 1
84760 1 169 3 1
118760 1 169 2 3
84399 1 169 2 1
84400 0 169 5 1
84402 0 169 5 1
84403 0 169 5 1
84762 0 169 5 1
118758 0 169 5 3
118972 0 169 5 3
118973 0 169 5 3
475037 0 169 6 1
475262 1 169 5 1
388213 1 170 3 3
122704 1 170 2 2
119093 1 170 2 3
84491 1 170 2 1
84423 1 170 2 1
85103 1 170 1 4
119088 0 170 5 3
119094 0 170 5 3
84761 1 171 4 1
475038 1 171 3 1
474762 1 171 3 1
84416 1 171 3 3
117745 1 171 2 3
117703 1 171 2 1
85920 1 171 2 1
85810 1 171 2 4
84726 1 171 2 3
194968 1 171 1 0
119286 1 171 1 3
85771 1 171 1 1
85773 0 171 5 1
85811 0 171 5 4
85919 0 171 5 1
117746 0 171 5 3
119282 0 171 5 3
119284 0 171 5 3
119285 0 171 5 3
194969 0 171 5 0
194971 0 171 5 0
194974 0 171 5 0
195726 0 171 5 0
195625 1 172 3 1
87334 0 172 7 2
542644 1 172 2 3
475260 1 172 2 1
474766 1 172 2 3
474237 1 172 2 1
168787 1 172 2 3
140259 1 172 2 3
85538 1 172 2 1
85250 1 172 1 3
85539 0 172 5 1
140258 0 172 5 3
168788 0 172 5 3
474763 1 172 5 1
475259 0 172 5 1
542645 0 172 5 3
475587 1 173 4 1
474515 1 173 3 1
85923 1 173 3 3
85296 0 173 7 3
84542 1 173 3 1
474236 1 173 2 3
473886 1 173 2 1
85705 1 173 2 2
85706 0 173 5 2
85922 0 173 5 3
87331 1 173 5 3
194718 1 174 2 1
168574 1 174 2 3
122705 1 174 2 2
87332 1 174 2 2
87330 0 174 5 2
87333 0 174 5 2
194723 0 174 5 1
474512 1 174 5 1
474238 1 175 3 1
474148 1 175 3 1
403181 1 175 3 3
85727 1 175 3 2
85369 1 175 3 3
85298 1 175 3 3
477693 1 175 2 3
473851 1 175 2 0
286819 1 175 2 3
195633 1 175 2 3
85729 1 175 2 3
85617 1 175 2 4
85002 1 175 2 0
22926 1 175 2 3
85184 1 175 1 1
22924 0 175 5 3
85297 0 175 5 3
85299 0 175 5 3
85366 0 175 5 3
85370 0 175 5 3
85616 0 175 5 4
85728 0 175 5 2
85730 0 175 5 3
195632 0 175 5 3
473852 0 175 5 0
474150 0 175 5 1
474237 0 175 5 1
474239 0 175 5 1
475588 0 176 7 0
196786 1 176 3 0
152717 1 176 3 3
84602 1 176 3 3
474968 1 176 2 1
121807 1 176 2 4
18689 1 176 2 2
85292 1 176 1 1
85294 0 176 5 1
152715 0 176 5 3
475585 0 176 5 1
474516 0 177 13 3
195613 1 177 4 1
474119 1 177 2 1
195631 0 177 6 3
85764 1 177 2 0
85493 1 177 2 1
84379 1 177 1 1
64890 1 177 1 3
85494 0 177 5 1
85729 0 177 5 2
196788 1 177 5 0
474117 0 177 5 1
474118 0 177 5 1
474121 0 177 5 1
195626 1 178 3 1
119367 1 178 3 1
85200 1 178 3 1
540057 1 178 2 3
360312 1 178 2 4
196010 1 178 2 4
195563 1 178 2 1
85287 1 178 2 1
475584 1 178 1 0
196789 1 178 1 2
196411 1 178 1 1
195630 1 178 1 3
85400 1 178 1 1
85201 0 178 5 1
85203 0 178 5 1
85401 0 178 5 1
119370 0 178 5 1
195564 0 178 5 1
195614 1 178 5 1
195615 1 178 5 1
195629 0 178 5 3
225869 0 178 5 3
360311 0 178 5 4
474517 1 178 5 3
475590 0 178 5 0
474701 1 179 3 1
85592 1 179 3 1
474561 1 179 2 3
196399 1 179 2 3
85042 1 179 2 3
17396 1 179 2 3
196731 1 179 1 1
85402 1 179 1 3
85353 1 179 1 3
85355 0 179 5 3
85403 0 179 5 3
85591 0 179 5 1
195627 1 179 5 1
195631 1 179 5 1
196398 0 179 5 3
474562 0 179 5 3
474703 0 179 5 1
196703 1 180 3 2
117929 1 180 3 1
84438 1 180 3 3
475063 1 180 2 1
474637 1 180 2 3
194941 1 180 2 4
117738 1 180 2 1
87335 0 180 5 2
87333 1 180 2 2
84380 1 180 2 1
119250 1 180 1 3
84382 0 180 5 1
87329 0 180 5 2
87331 0 180 5 2
87332 0 180 5 2
87330 0 180 5 3
87332 0 180 5 3
87334 0 180 5 3
117740 0 180 5 1
117930 0 180 5 1
117931 0 180 5 1
117932 0 180 5 1
119249 0 180 5 3
196702 0 180 5 2
475062 0 180 5 1
475064 0 180 5 1
540068 1 181 3 3
474709 1 181 3 1
473964 1 181 3 1
352597 1 181 3 3
84476 1 181 3 3
475079 1 181 2 1
227122 1 181 2 3
196230 1 181 2 3
195410 1 181 2 1
196229 0 181 5 3
475077 0 181 5 1
242395 1 182 4 3
475410 1 182 3 1
474372 1 182 3 1
283099 1 182 3 3
196705 1 182 3 1
473841 1 182 2 1
301567 1 182 2 3
195982 1 182 2 3
195637 1 182 2 3
151238 1 182 2 2
117735 1 182 2 1
85491 1 182 2 1
195441 1 182 1 1
85492 0 182 5 1
117736 0 182 5 1
117739 0 182 5 1
117740 0 182 5 1
151239 0 182 5 2
195442 0 182 5 1
195635 0 182 5 3
195978 0 182 5 3
196704 0 182 5 1
196706 0 182 5 1
196707 0 182 5 1
196709 0 182 5 1
196710 0 182 5 1
473965 1 182 5 1
474118 1 182 6 1
474122 1 182 5 1
474371 0 182 5 1
474373 0 182 5 1
474374 0 182 5 1
474375 0 182 5 1
474708 1 182 5 1
119215 1 183 3 3
475093 1 183 2 3
474579 1 183 2 1
350191 1 183 2 4
196282 1 183 2 1
457111 1 183 1 3
84381 1 183 1 3
22740 1 183 1 1
196283 0 183 5 1
196284 0 183 5 1
242392 1 183 5 3
242394 1 183 5 3
457109 0 183 5 3
457112 0 183 5 3
474577 0 183 5 1
475092 0 183 5 3
240140 1 184 3 2
195379 1 184 3 4
172500 1 184 3 3
85627 1 184 3 3
474657 1 184 2 1
240141 1 184 2 3
119447 1 184 2 1
87324 1 184 2 3
85394 1 184 2 1
119450 0 184 5 1
240139 0 184 5 3
474660 0 184 5 1
540067 1 185 3 3
169762 1 185 3 1
168563 1 185 3 0
85332 1 185 3 1
386421 1 185 2 3
363447 1 185 2 4
196950 1 185 2 4
85413 1 185 2 1
59387 1 185 2 1
22741 1 185 2 3
85415 0 185 5 1
85416 0 185 5 1
87321 1 185 5 3
169763 0 185 5 1
540064 0 185 5 3
540065 0 185 5 3
540068 0 185 5 3
118653 1 186 3 1
85495 1 186 3 3
473843 1 186 2 2
197027 1 186 2 1
195437 1 186 2 3
6526 1 186 2 3
6527 0 186 5 3
85491 0 186 5 3
85492 0 186 5 3
197029 0 186 5 1
474120 1 186 5 1
474413 1 187 3 1
474374 1 187 5 1
265488 1 187 3 2
196709 1 187 3 3
169875 1 187 3 1
168681 1 187 3 1
22739 1 187 3 1
475084 1 187 2 2
474873 1 187 2 1
475150 1 187 1 1
196098 1 187 1 1
118652 1 187 5 1
196706 0 187 5 3
265487 0 187 5 2
474372 1 187 5 1
474375 0 187 5 3
474876 0 187 5 1
474878 0 187 5 1
475438 1 188 3 1
464488 1 188 3 3
195687 1 188 3 1
152641 1 188 3 3
53269 1 188 3 3
474687 1 188 2 1
474298 1 188 2 1
350925 1 188 2 3
85602 1 188 2 1
84901 1 188 2 1
195414 1 188 1 3
85545 1 188 1 1
84900 0 188 5 1
84903 0 188 5 1
85547 0 188 5 1
168680 1 188 5 1
168682 1 188 5 1
168683 1 188 5 1
169873 1 188 5 1
169874 1 188 5 1
169877 1 188 5 1
195690 0 188 5 1
464487 0 188 5 3
474300 0 188 5 1
475437 0 188 5 1
475439 0 188 5 1
122229 1 189 4 1
474230 1 189 3 1
119508 1 189 2 2
443356 1 189 1 2
85603 1 189 5 1
119505 0 189 5 2
169874 0 189 5 1
442990 1 190 3 3
72769 1 190 3 3
195653 1 190 2 3
475051 1 190 1 0
474297 1 190 1 1
191026 1 190 1 3
85499 1 190 1 4
72768 0 190 5 3
122228 1 190 5 1
122230 1 190 5 1
195652 0 190 5 3
442987 0 190 5 3
442988 0 190 5 3
474300 0 190 5 1
475053 0 190 5 0
475191 1 191 3 3
474616 1 191 2 1
474022 1 191 2 1
195758 1 191 2 1
195411 1 191 2 2
475389 1 191 1 1
473850 1 191 1 3
473846 1 191 1 4
118654 1 191 1 3
112478 1 191 1 2
84852 1 191 1 3
65095 1 191 1 3
63227 0 191 5 0
63230 0 191 5 0
84853 0 191 5 3
112476 0 191 5 2
118652 0 191 5 3
187146 0 191 6 3
195410 0 191 5 2
195412 0 191 5 2
195756 0 191 5 1
195760 0 191 5 1
473845 0 191 5 4
473847 0 191 5 3
473848 0 191 5 3
474024 0 191 5 1
474026 0 191 5 1
443662 1 192 3 4
475601 1 192 2 1
473975 1 192 2 4
442164 1 192 2 1
151739 1 192 2 1
85220 1 192 2 0
474569 1 192 1 1
151738 0 192 5 1
442166 0 192 5 1
474570 0 192 5 1
475600 0 192 5 1
169992 0 193 13 4
474834 1 193 3 1
443771 1 193 3 1
196858 1 193 3 1
196396 1 193 3 1
473923 1 193 2 1
195759 1 193 2 3
169877 1 193 2 3
474565 1 193 1 3
131177 1 193 1 3
6524 1 193 1 1
6525 0 193 5 1
131176 0 193 5 3
196395 0 193 5 1
196397 0 193 5 1
196859 0 193 5 1
196863 0 193 5 1
473924 0 193 5 1
473925 0 193 5 1
474564 0 193 5 3
248821 1 194 3 3
185681 1 194 3 4
65094 1 194 2 3
63415 1 194 2 0
61723 1 194 2 3
65096 0 194 5 3
169990 1 194 5 4
169991 1 194 5 4
187143 0 194 5 3
187145 0 194 5 3
248818 0 194 5 3
248819 0 194 6 3
248820 0 194 5 3
474833 1 194 5 1
196366 1 195 4 1
475625 1 195 3 0
475351 1 195 3 1
474010 1 195 3 2
444075 1 195 3 1
443661 1 195 3 3
195119 1 195 3 3
169985 1 195 3 3
475160 1 195 2 3
474263 1 195 2 1
301812 0 195 6 3
473852 1 195 1 1
442989 1 195 1 3
195983 1 195 1 3
195118 0 195 5 3
443660 0 195 5 3
474265 0 195 5 1
474266 0 195 5 1
475159 0 195 5 3
475353 0 195 5 1
475354 0 195 5 1
473860 1 196 4 1
316505 1 196 3 3
301813 1 196 3 3
263629 1 196 3 3
196574 1 196 3 1
196389 1 196 3 1
147109 1 196 3 0
530174 1 196 2 3
195760 1 196 2 3
151181 1 196 2 1
474585 1 196 1 1
195756 0 196 5 3
195758 0 196 5 3
195759 0 196 5 3
474011 1 196 5 2
474012 1 196 5 2
475628 1 196 5 0
530173 0 196 5 3
444072 1 197 3 4
196392 1 197 3 3
405045 1 197 2 3
195752 1 197 2 1
195468 1 197 2 1
117815 1 197 1 1
117816 0 197 5 1
117817 0 197 5 1
196390 0 197 5 3
196391 0 197 5 3
248818 0 197 5 1
248820 0 197 5 1
248821 0 197 5 1
316500 1 197 5 3
316502 1 197 5 3
316503 1 197 5 3
6196 0 198 13 3
405044 1 198 3 3
195898 1 198 2 3
63414 1 198 2 0
299294 1 198 1 3
196395 1 198 1 0
196398 0 198 5 0
299293 0 198 5 3
473924 0 198 5 3
119159 1 199 3 1
475494 1 199 2 1
473982 1 199 2 1
444077 1 199 2 2
117818 1 199 2 3
530171 1 199 1 3
147110 1 199 1 1
63231 1 199 1 3
63227 0 199 5 3
63229 0 199 5 3
63230 0 199 5 3
117815 0 199 5 3
147109 0 199 5 1
147112 0 199 5 1
473985 0 199 5 1
530168 0 199 5 3
473876 0 200 8 0
63567 1 200 3 3
473862 1 200 2 3
196763 1 200 2 2
196689 1 200 2 1
474758 1 200 1 4
473988 1 200 1 4
151497 1 200 1 1
63228 0 200 5 1
63566 0 200 5 3
196690 0 200 5 1
196691 0 200 5 1
196764 0 200 5 2
248820 0 200 5 0
473860 0 200 5 3
473861 0 200 5 3
473989 0 200 5 4
146790 1 201 3 0
439777 1 201 2 4
406638 1 201 1 4
119472 1 201 5 4
439778 0 201 5 4
473875 1 201 5 0
473877 1 201 5 0
473878 1 201 5 0
195557 1 202 3 1
195282 1 202 3 3
152504 1 202 3 3
119160 1 202 3 3
7099 1 202 3 1
442743 1 202 2 4
5986 1 202 2 1
442268 1 202 1 4
149571 1 202 1 3
5987 0 202 5 1
7101 0 202 5 1
195556 0 202 5 1
195559 0 202 5 1
442269 0 202 5 4
195938 1 203 3 3
152108 1 203 3 1
151836 1 203 3 1
475190 1 203 2 1
196352 1 203 2 4
7060 1 203 2 1
7061 0 203 5 1
152107 0 203 5 1
475191 0 203 5 1
7100 1 204 3 1
5836 1 204 3 1
475347 1 204 2 3
151765 1 204 2 1
150778 1 204 2 1
151838 1 204 5 1
5984 1 205 4 0
195941 0 205 6 3
151669 1 205 3 3
7102 1 205 3 3
7098 0 205 5 2
475467 1 205 2 3
152500 1 205 2 1
7101 0 205 5 0
7099 0 205 5 2
151667 0 205 5 3
151670 0 205 5 3
151768 1 205 5 1
152501 0 205 5 1
195942 0 205 5 0
195945 0 205 5 0
475464 0 205 5 3
514083 1 206 3 3
195946 1 206 3 3
474551 1 206 2 1
186860 1 206 2 1
104599 1 206 2 3
474674 1 206 1 1
118607 1 206 1 1
5986 1 206 5 0
118610 0 206 5 1
195944 0 206 5 3
474553 0 206 5 1
474676 0 206 5 1
350573 1 207 3 2
151186 1 207 3 1
149430 1 207 3 4
5706 1 207 3 1
152302 1 207 2 3
151278 1 207 2 1
104386 1 207 2 3
7114 1 207 1 1
7115 0 207 5 1
152299 0 207 5 3
152301 0 207 5 3
186861 1 207 5 1
186862 1 207 5 1
499036 1 208 3 1
498784 1 208 3 1
185784 1 208 3 3
183408 1 208 2 2
150964 1 208 2 1
153191 1 208 1 1
152116 1 208 1 3
153192 0 208 5 1
153193 0 208 5 1
183407 0 208 5 2
185783 0 208 5 3
185785 0 208 5 3
498787 0 208 5 1
499032 0 208 5 1
499033 0 208 5 1
499038 0 208 5 1
153140 1 209 4 1
474677 1 209 3 2
152514 1 209 3 1
118608 1 209 3 1
104804 1 209 3 3
562363 1 209 2 2
451831 1 209 2 3
118610 0 209 5 1
451826 0 209 5 3
451829 0 209 5 3
474675 0 209 5 2
311364 1 210 3 4
153077 1 210 3 3
150846 1 210 3 1
105884 1 210 3 1
7117 1 210 3 3
197741 1 210 2 3
152842 1 210 2 1
494943 1 210 1 3
7114 0 210 5 3
7115 0 210 5 3
153093 1 211 4 1
500104 1 211 3 3
424791 1 211 3 2
151830 1 211 3 1
104713 1 211 3 3
88768 1 211 3 4
454070 1 211 2 3
350667 1 211 2 1
151276 1 211 2 3
109518 1 211 2 3
150965 1 211 1 1
79444 0 211 5 3
105885 1 211 5 1
150847 1 211 5 1
150964 0 211 5 1
150967 0 211 5 1
150968 0 211 5 1
350668 0 211 5 1
424792 0 211 5 2
500101 0 211 5 3
500102 0 211 5 3
451837 1 212 3 2
152907 1 212 3 1
152124 1 212 3 2
273942 1 212 2 3
261706 1 212 2 3
196706 1 212 2 1
151968 1 212 2 1
118070 1 212 2 1
104710 1 212 5 3
104711 1 212 5 3
118071 0 212 5 1
150965 0 212 5 3
150966 0 212 5 3
152910 0 212 5 1
153091 1 212 5 1
153094 1 212 5 1
196705 0 212 5 1
196708 0 212 5 1
261701 0 212 5 3
273939 0 212 5 3
273940 0 212 5 3
437529 1 213 3 2
152595 1 213 3 3
453457 1 213 2 3
291568 1 213 2 3
186055 1 213 1 1
186054 0 213 5 1
186057 0 213 5 1
186058 0 213 5 1
291569 0 213 5 3
437527 0 213 5 2
453454 0 213 5 3
499550 1 214 4 1
151558 1 214 3 1
119421 1 214 3 2
150956 1 214 2 3
104895 1 214 2 2
451827 1 214 1 1
6650 1 214 1 1
6651 0 214 5 1
119420 0 214 5 2
150954 0 214 5 3
150955 0 214 5 3
451825 0 214 5 1
451826 0 214 5 1
451828 0 214 5 1
186728 1 215 4 3
151831 1 215 4 1
499608 1 215 3 1
232669 1 215 3 3
151690 1 215 3 3
119550 1 215 3 1
67783 1 215 3 2
262073 1 215 2 1
152908 1 215 2 1
152387 1 215 2 1
88767 1 215 2 3
261703 1 215 1 1
67781 0 215 5 2
67782 0 215 5 2
88766 0 215 5 3
151559 1 215 5 1
261702 0 215 5 1
261705 0 215 5 1
261706 0 215 5 1
262074 0 215 5 1
262076 0 215 5 1
499553 1 215 5 1
151927 1 216 4 1
331341 1 216 3 1
260829 1 216 3 1
149558 1 216 3 1
7298 1 216 3 4
541359 1 216 2 3
330716 1 216 2 2
152699 1 216 2 3
152399 1 216 2 3
498927 1 216 1 1
385261 1 216 1 3
151801 1 216 1 4
104709 1 216 1 0
104710 0 216 5 0
104711 0 216 5 0
104714 0 216 5 0
119551 1 216 5 1
151832 1 216 5 1
152388 1 216 5 1
152400 0 216 5 3
186729 1 216 5 3
260827 0 216 5 1
331342 0 216 5 1
385260 0 216 5 3
499607 1 216 5 1
499609 1 216 5 1
499610 1 216 5 1
252609 1 217 3 3
151019 1 217 3 1
150966 1 217 3 1
149219 1 217 3 3
104712 1 217 3 1
152999 1 217 2 4
7152 1 217 2 3
153091 1 217 1 1
104958 1 217 1 0
6644 0 217 5 1
104711 0 217 5 1
104959 0 217 5 0
104962 0 217 5 0
149557 1 217 5 1
150967 0 217 5 1
153092 0 217 5 1
152792 1 218 4 1
153015 1 218 3 3
150830 1 218 3 1
6647 1 218 3 2
367009 1 218 2 3
151507 1 218 2 3
151289 1 218 2 1
6102 1 218 2 1
437530 1 218 1 3
197185 1 218 1 3
136988 1 218 1 3
6976 1 218 1 1
6975 0 218 8 1
136986 0 218 5 3
150832 0 218 5 1
150834 0 218 5 1
151291 0 218 5 1
197182 0 218 5 3
367010 0 218 5 3
366162 1 219 3 2
6601 1 219 3 3
500509 1 219 2 1
152914 1 219 2 1
152217 1 219 2 1
152125 1 219 2 3
151556 1 219 2 0
498603 1 219 1 4
261704 1 219 1 1
151560 1 219 1 3
151547 1 219 1 1
150798 1 219 1 1
6599 0 219 5 3
6600 0 219 5 3
6602 0 219 5 3
150800 0 219 5 1
151546 0 219 5 1
151549 0 219 5 1
151557 0 219 5 0
152121 0 219 5 3
152126 0 219 5 3
152216 0 219 5 1
152220 0 219 5 1
152795 1 219 5 1
152911 0 219 5 1
152915 0 219 5 1
152916 0 219 5 1
500512 0 219 5 1
498988 1 220 3 1
152918 1 220 3 2
7188 1 220 3 1
7059 1 220 3 1
499359 1 220 2 3
498933 1 220 2 1
450953 1 220 2 1
152798 1 220 2 0
150843 1 220 2 1
119552 1 220 2 3
106253 1 220 2 0
7299 1 220 2 4
150969 1 220 1 4
6552 1 220 1 3
6978 1 220 5 1
7058 0 220 5 1
7060 0 220 5 1
7187 0 220 5 1
7189 0 220 5 1
106257 0 220 5 0
119551 0 220 5 3
150841 0 220 5 1
152913 0 220 7 0
152917 0 220 5 2
499356 0 220 5 3
499357 0 220 5 3
499358 0 220 5 3
528047 1 221 3 2
152801 1 221 5 0
152479 0 221 5 1
151714 1 221 3 1
151324 1 221 3 0
150903 1 221 3 1
7029 1 221 3 1
451828 1 221 2 1
119084 1 221 2 1
261933 1 221 1 1
152806 1 221 1 4
152477 1 221 1 1
106079 1 221 1 1
7298 1 221 5 4
106078 0 221 5 1
106080 0 221 5 1
119083 0 221 6 1
119086 0 221 5 1
150905 0 221 5 1
151827 0 221 6 1
152800 1 221 5 0
152804 1 221 5 0
152803 0 221 5 1
152805 0 221 5 4
261932 0 221 5 1
261934 0 221 5 1
261935 0 221 5 1
451827 0 221 5 1
528048 0 221 5 2
6013 1 222 4 1
152878 1 222 3 4
499219 1 222 2 1
451825 1 222 2 1
450836 1 222 2 1
261993 1 222 2 1
152031 1 222 2 2
150900 1 222 2 3
119178 1 222 2 1
79492 1 222 2 1
6070 1 222 2 4
31045 1 222 1 3
6980 1 222 1 2
6883 1 222 1 1
6882 0 222 5 1
31043 0 222 5 3
119179 0 222 5 1
119180 0 222 5 1
150901 0 222 5 3
151328 1 222 5 0
151715 1 222 5 1
152030 0 222 5 2
152876 0 222 5 4
152877 0 222 5 4
152915 0 222 5 1
152916 0 222 5 1
261931 1 223 3 1
152799 1 223 2 1
151550 1 223 2 3
150906 1 223 2 3
66256 1 223 2 3
151829 1 223 1 3
105790 1 223 1 4
6015 1 223 5 1
66254 0 223 5 3
150902 0 223 5 3
151551 0 223 5 3
261933 0 223 5 1
152208 1 224 3 0
309305 1 224 2 3
152381 1 224 2 1
150944 1 224 2 1
118735 1 224 2 1
152219 1 224 1 3
152212 1 224 1 1
118734 0 224 5 1
118736 0 224 5 1
151824 0 224 5 2
152213 0 224 5 1
152800 1 224 5 1
152804 1 224 5 1
309304 0 224 5 3
499223 1 225 3 4
152802 1 225 3 1
6885 0 225 5 3
451712 1 225 2 1
442496 1 225 2 3
154852 1 225 2 2
152480 1 225 1 3
7064 1 225 1 1
6884 1 225 1 3
6882 0 225 5 3
7065 0 225 5 1
152477 0 225 5 3
152478 0 225 5 3
152481 0 225 5 3
152804 0 225 5 1
154850 0 225 5 2
154853 0 225 5 2
442492 0 225 5 3
442495 0 225 6 3
451714 0 225 5 1
153028 1 226 3 3
152211 1 226 3 1
117763 1 226 3 1
117900 1 226 2 1
104806 1 226 2 1
79818 1 226 2 1
151570 1 226 1 1
117762 0 226 5 1
105115 1 226 1 1
79817 0 226 5 1
79819 0 226 5 1
79820 0 226 5 1
104807 0 226 5 1
117764 0 226 5 1
117899 0 226 5 1
152212 0 226 5 1
152214 0 226 5 1
153027 0 226 5 3
499219 1 226 5 4
499220 1 226 5 4
499221 1 226 6 4
7225 1 227 3 1
152791 1 227 2 1
151845 1 227 2 1
150800 1 227 2 3
137033 1 227 2 3
137030 0 227 5 3
137031 0 227 5 3
137032 0 227 5 3
151846 0 227 5 1
151848 0 227 5 1
118401 1 228 4 1
37725 1 228 4 3
169677 1 228 3 3
163798 1 228 3 2
117640 1 228 3 1
118844 1 228 2 1
104170 1 228 2 3
57111 1 228 2 3
7031 1 228 2 1
6921 1 228 2 0
5923 1 228 2 1
267168 1 228 1 3
261101 1 228 1 1
152197 1 228 1 1
5925 0 228 5 1
57109 0 228 5 3
57112 0 228 5 3
118842 0 228 5 1
118843 0 228 5 1
118847 0 228 5 1
152198 0 228 5 1
163796 0 228 5 2
169676 0 228 5 3
261103 0 228 5 1
80890 1 229 4 1
152837 1 229 3 4
7033 1 229 3 1
450414 1 229 2 4
152383 1 229 2 3
152132 1 229 2 1
151326 1 229 2 1
119285 1 229 2 1
118548 1 229 2 1
118412 1 229 2 1
105597 1 229 2 1
104355 1 229 2 1
7063 1 229 2 0
5880 1 229 2 4
5747 1 229 2 3
5694 1 229 2 1
274235 1 229 1 3
151820 1 229 1 3
103372 1 229 1 3
80888 1 229 1 1
7301 1 229 1 1
5696 0 229 5 1
5881 0 229 5 4
7034 0 229 5 1
7035 0 229 5 1
7064 0 229 5 0
7302 0 229 5 1
37724 1 229 5 3
80891 0 229 5 1
103369 0 229 5 3
104359 0 229 5 1
118414 0 229 5 1
118550 0 229 5 1
119281 0 229 5 1
119283 0 229 5 1
119287 0 229 5 1
151324 0 229 5 1
151327 0 229 5 1
151821 0 229 5 3
152135 0 229 5 1
152381 0 229 5 3
152601 1 230 4 4
137922 1 230 3 1
105485 1 230 3 1
80889 1 230 3 1
5859 1 230 3 1
119355 1 230 2 1
117761 1 230 2 1
105486 1 230 2 1
80045 1 230 2 1
5566 1 230 1 1
5564 0 230 5 1
5568 0 230 5 1
5860 0 230 5 1
80044 0 230 5 1
80891 1 230 5 1
117762 0 230 5 1
119354 0 230 5 1
119357 0 230 5 1
152836 1 230 5 4
499222 1 230 5 3
117662 1 231 4 1
7104 1 231 4 3
5791 1 231 4 3
118850 1 231 3 0
117901 1 231 3 3
6836 1 231 3 1
119282 1 231 2 0
118259 1 231 2 1
276026 1 231 1 4
151850 1 231 1 4
102924 1 231 1 4
6834 0 231 5 1
117902 0 231 5 3
118257 0 231 5 1
118258 0 231 5 1
118260 0 231 5 1
119285 0 231 5 0
137923 1 231 5 1
137925 1 231 5 1
137926 1 231 5 1
151849 0 231 5 4
152598 1 231 5 4
152599 1 231 5 4
276025 0 231 5 4
450425 1 232 3 3
118659 1 232 3 1
117877 1 232 3 3
104559 1 232 3 4
104294 1 232 3 1
6899 1 232 3 1
477211 1 232 2 2
119521 1 232 2 2
118413 1 232 2 1
80657 1 232 2 1
329078 1 232 1 3
6900 0 232 5 1
7105 1 232 5 3
80658 0 232 5 1
80659 0 232 5 1
118660 0 232 5 1
118851 1 232 5 0
151845 0 232 5 3
151846 0 232 5 3
329079 0 232 5 3
450422 0 232 5 3
477208 0 232 5 2
477209 0 232 5 2
5900 1 233 4 4
329076 1 233 3 1
117663 1 233 3 3
5854 1 233 3 1
151847 1 233 2 1
135948 1 233 2 3
95778 1 233 2 2
5939 1 233 2 1
118544 1 233 1 1
7068 1 233 1 4
5857 0 233 5 1
5940 0 233 5 1
5941 0 233 5 1
5942 0 233 5 1
95780 0 233 5 2
117661 0 233 5 3
118545 0 233 5 1
135946 0 233 5 3
151848 0 233 5 1
329077 0 233 5 1
329078 0 233 5 1
275135 1 234 3 0
151855 1 234 3 3
151494 1 234 3 1
80046 1 234 3 3
551267 1 234 2 3
118841 1 234 2 3
7278 1 234 2 1
275767 1 234 1 0
166449 1 234 1 3
6804 1 234 1 1
6806 0 234 5 1
7280 0 234 5 1
7281 0 234 5 1
80047 0 234 5 3
151496 0 234 5 1
151853 0 234 5 3
275771 0 234 5 0
551265 0 234 5 3
551266 0 234 5 3
106054 1 235 3 1
104825 1 235 3 1
5606 1 235 2 3
106017 1 236 4 1
105001 1 236 3 1
475998 1 236 2 3
152358 1 236 2 1
106090 1 236 2 1
105058 1 236 2 3
79598 1 236 2 3
152643 1 236 1 1
118503 1 236 1 4
105850 1 236 1 3
37752 1 236 1 1
37750 0 236 5 1
37753 0 236 5 1
105055 0 236 5 3
105056 0 236 5 3
105849 0 236 5 3
118502 0 236 5 4
152359 0 236 5 1
152360 0 236 5 1
152644 0 236 5 1
475997 0 236 5 3
152645 1 237 3 3
118203 1 237 3 1
104886 1 237 3 3
6538 1 237 3 1
5904 1 237 3 3
329438 1 237 2 1
329081 1 237 2 1
118521 1 237 2 0
105384 1 237 2 1
105171 1 237 2 1
6110 1 237 2 0
7272 1 237 1 1
5792 1 237 1 3
5903 0 237 5 3
5906 0 237 5 3
6113 0 237 5 0
105172 0 237 5 1
105173 0 237 5 1
105174 0 237 5 1
118522 0 237 5 0
329082 0 237 5 1
329439 0 237 5 1
328117 1 238 3 1
105964 1 238 3 1
551909 1 238 2 3
328891 1 238 2 1
275777 1 238 6 1
275773 1 238 2 1
119548 1 238 2 1
119547 1 238 1 1
71899 1 238 1 3
71898 0 238 5 3
119550 0 238 5 1
152644 1 238 5 3
275775 0 238 5 3
328122 0 238 5 1
328892 0 238 5 1
551908 0 238 5 3
328899 1 239 3 3
105526 1 239 3 1
6838 1 239 3 3
104977 1 239 2 1
104676 1 239 2 4
6061 1 239 2 1
5536 1 239 2 1
275771 1 239 1 3
105057 1 239 1 3
5578 1 239 1 3
5537 0 239 5 1
5573 0 239 5 3
5574 0 239 5 3
5575 0 239 5 3
5576 0 239 5 3
6834 0 239 5 3
104675 0 239 5 4
105058 0 239 5 3
119549 1 239 5 1
119552 1 239 5 1
275769 0 239 5 3
275776 1 239 5 1
328896 0 239 5 3
328898 0 239 5 3
105611 1 240 3 1
104980 1 240 3 1
104882 1 240 3 1
104583 1 240 3 1
7069 1 240 3 1
6537 1 240 3 0
5870 1 240 3 0
328685 1 240 2 2
106215 1 240 2 1
6782 1 240 2 3
160661 1 240 1 3
119494 1 240 1 1
29613 1 240 1 3
5872 0 240 5 0
29612 0 240 5 3
104584 0 240 5 1
104982 0 240 5 1
105527 1 240 5 1
105528 1 240 5 1
105615 0 240 5 1
105616 0 240 5 1
119495 0 240 5 1
493578 1 241 2 3
328564 1 241 2 4
106132 1 241 2 4
104711 1 241 2 1
104278 1 241 2 1
29611 1 241 2 1
6608 1 241 2 1
6611 0 241 5 1
29610 0 241 5 1
104279 0 241 5 1
104280 0 241 5 1
104282 0 241 5 1
106131 0 241 5 4
118862 1 242 3 4
105988 1 242 3 1
328736 1 242 2 1
118522 1 242 2 1
106094 1 242 2 1
104885 1 242 2 3
6021 1 242 2 3
6020 0 242 5 3
104713 1 242 5 1
104714 1 242 5 1
104884 0 242 5 3
106093 0 242 5 1
118521 0 242 5 1
118523 0 242 5 1
119494 0 242 5 3
119496 0 242 5 3
328738 0 242 5 1
328740 0 242 5 1
105239 1 243 3 4
104876 1 243 3 1
313236 1 243 2 2
104984 1 243 2 3
28336 1 243 2 1
6539 1 243 2 1
152624 1 243 1 1
148567 1 243 1 2
118426 1 243 1 1
28338 0 243 5 1
104981 0 243 5 3
118428 0 243 6 1
152627 0 243 5 1
313234 0 243 5 2
313235 0 243 5 2
328078 1 244 3 4
312502 0 244 6 3
151051 1 244 3 1
29126 1 244 3 1
28867 1 244 3 1
28570 1 244 3 1
328382 1 244 2 1
118029 1 244 2 1
39416 1 244 2 2
39261 1 244 2 3
6236 1 244 2 3
390419 1 244 1 3
106061 1 244 1 1
29132 1 244 1 1
6409 1 244 1 3
6233 0 244 5 3
6234 0 244 5 3
6237 0 244 5 3
6408 0 244 5 3
29125 0 244 5 1
29127 0 244 5 1
105613 0 244 5 1
105612 0 244 5 3
105615 0 244 5 3
106060 0 244 5 1
106062 0 244 5 1
118030 0 244 5 1
118032 0 244 5 1
328079 0 244 5 4
328383 0 244 5 1
390417 0 244 5 3
390418 0 244 5 3
28806 1 245 4 1
312505 1 245 3 3
104738 1 245 3 3
28782 0 245 6 1
478958 1 245 2 3
328898 1 245 2 2
104525 1 245 2 3
6022 1 245 2 3
106230 1 245 1 3
34249 1 245 1 3
6021 0 245 5 3
34246 0 245 5 3
34247 0 245 5 3
34250 0 245 5 3
106231 0 245 5 3
478956 0 245 5 3
478957 0 245 5 3
152689 1 246 3 1
28205 1 246 3 1
20961 1 246 3 3
6611 1 246 3 3
329849 1 246 2 1
328340 1 246 2 1
118433 1 246 2 1
28866 1 246 2 0
28785 1 246 5 1
28239 1 246 2 1
28783 1 246 1 1
28786 1 246 5 1
28784 0 246 5 1
28786 0 246 5 1
28781 0 246 5 3
28782 0 246 5 3
118436 0 246 5 1
329851 0 246 5 1
329852 0 246 5 1
106353 1 247 3 1
5804 1 247 3 3
151552 1 247 2 1
56001 1 247 2 3
29774 1 247 2 3
28337 1 247 2 3
28335 1 247 2 1
7308 0 247 6 0
6226 1 247 2 3
5713 1 247 2 3
286935 1 247 1 3
90706 1 247 1 2
6227 1 247 1 1
6225 0 247 5 3
6230 0 247 5 1
6608 1 247 5 3
6609 1 247 5 3
7310 0 247 5 1
28204 1 247 5 1
28206 1 247 5 1
28338 0 247 5 1
28336 0 247 5 3
29773 0 247 5 3
106354 0 247 5 1
106355 0 247 5 1
106356 0 247 5 1
152690 1 247 5 1
328078 0 247 5 4
554881 1 248 3 3
478345 1 248 3 4
328883 1 248 3 4
254987 1 248 3 3
105556 1 248 3 1
104903 1 248 3 3
328077 1 248 2 3
288037 1 248 2 3
151554 1 248 5 1
554880 0 248 5 3
5687 1 249 4 1
422929 1 249 3 3
328622 1 249 3 1
240910 1 249 3 2
106152 1 249 3 4
28420 1 249 3 1
545714 1 249 2 3
463550 1 249 2 2
328844 1 249 2 3
328785 1 249 2 1
328098 1 249 2 1
292889 1 249 2 2
259697 1 249 2 3
223722 1 249 2 3
118877 1 249 2 3
118863 1 249 2 4
7305 1 249 2 0
6541 1 249 2 3
313707 1 249 1 1
104315 1 249 1 1
6535 0 249 5 3
6537 0 249 5 3
6538 0 249 5 3
118874 0 249 5 3
118875 0 249 5 3
223719 0 249 5 3
240911 0 249 5 2
328096 0 249 5 1
328097 0 249 5 1
328099 0 249 5 1
328100 0 249 5 1
328625 0 249 5 1
328789 0 249 5 1
328790 0 249 5 1
328842 0 249 5 3
328843 0 249 5 3
545711 0 249 5 3
545712 0 249 5 3
392691 1 250 4 3
276311 1 250 3 3
118751 1 250 3 1
29776 1 250 3 4
28099 1 250 3 1
516853 1 250 2 2
225938 1 250 2 3
132400 1 250 2 3
7179 1 250 2 0
7119 1 250 2 4
117672 1 250 1 1
29775 1 250 1 3
5689 1 250 5 1
7182 0 250 5 0
28098 0 250 5 1
28100 0 250 5 1
28101 0 250 5 1
28782 0 250 5 1
28783 0 250 5 1
28785 0 250 5 1
117674 0 250 5 1
118754 0 250 5 1
132402 0 250 5 3
276312 0 250 5 3
516855 0 250 5 2
118086 1 251 4 1
7180 1 251 4 1
6437 1 251 4 1
328624 1 251 3 1
118591 1 251 3 1
106091 1 251 3 3
104846 1 251 3 1
329775 1 251 2 4
324440 1 251 2 3
152529 1 251 2 3
28429 1 251 2 3
22728 0 251 5 2
28428 0 251 5 3
152528 0 251 5 3
324438 0 251 5 3
328623 0 251 5 1
328625 0 251 5 1
392689 1 251 5 3
227817 1 252 4 3
6870 1 252 3 1
6858 1 252 3 1
329842 1 252 2 4
227015 1 252 2 1
104324 1 252 2 3
104322 1 252 2 1
287719 1 252 1 4
119320 1 252 1 2
118590 1 252 5 1
6029 1 252 1 0
6439 1 252 5 1
7179 1 252 5 1
7181 1 252 5 1
54428 0 252 5 1
104321 0 252 5 3
118085 1 252 5 1
118088 1 252 5 1
118589 0 252 5 1
118592 0 252 5 1
118593 0 252 5 1
151148 1 253 3 4
118750 1 253 3 4
118630 1 253 3 1
329376 1 253 2 1
329128 1 253 2 1
328987 1 253 2 1
117890 1 253 2 1
6033 1 253 2 1
5628 1 253 2 4
118999 1 253 1 1
105395 1 253 1 1
7310 1 253 1 3
6034 0 253 5 1
6868 1 253 5 1
6872 1 253 5 1
7306 0 253 5 3
7307 0 253 5 3
105394 0 253 5 1
118748 0 253 5 4
227818 1 253 5 3
328990 0 253 5 1
329129 0 253 5 1
329375 0 253 6 1
329379 0 253 5 1
117886 1 254 3 1
6466 1 254 3 1
329567 1 254 2 1
119333 1 254 2 0
116377 1 254 2 1
91486 1 254 2 3
6031 1 254 2 3
6030 0 254 5 3
91484 0 254 5 3
105400 0 254 5 2
117888 0 254 5 1
117889 0 254 5 1
329130 0 255 13 3
474601 1 255 4 3
465935 1 255 3 3
367013 1 255 3 3
7309 1 255 3 3
6862 1 255 3 1
337965 1 255 2 3
259695 1 255 2 2
147178 1 255 2 3
119272 1 255 2 1
104845 1 255 2 1
6559 1 255 2 1
7164 1 255 1 1
6436 0 255 5 3
6438 0 255 5 3
6560 0 255 6 1
7163 0 255 5 1
7167 0 255 5 1
7168 0 255 5 1
7305 0 255 5 3
329220 1 256 3 1
255797 1 256 3 1
145068 1 256 3 1
104671 1 256 3 1
56169 1 256 3 1
6348 1 256 3 3
120618 1 256 2 2
6244 1 256 2 1
5689 1 256 2 3
22736 1 256 1 3
5690 0 256 5 3
6245 0 256 5 1
6860 1 256 5 1
22734 0 256 5 3
104672 0 256 5 1
145066 0 256 5 1
145069 0 256 5 1
255798 0 256 5 1
255799 0 256 5 1
329127 1 256 5 3
329221 0 256 5 1
329223 0 256 5 1
329224 0 256 5 1
329377 0 256 5 1
474596 1 256 5 3
384993 1 257 3 2
5632 1 257 2 4
28102 1 257 1 3
329128 0 257 5 3
475041 1 258 3 1
144843 1 258 3 1
5556 1 258 3 1
225941 1 258 2 3
118208 1 258 2 1
24739 1 258 2 3
351555 1 258 1 3
328960 1 258 1 1
5555 0 258 5 1
6863 1 258 5 1
24738 0 258 5 3
24740 0 258 5 3
144847 0 258 5 1
329375 0 258 5 1
329376 0 258 5 1
329378 0 258 5 1
329379 0 258 5 1
329219 1 259 3 3
105974 1 259 3 4
104669 1 259 3 1
6854 1 259 3 1
255780 1 259 2 1
7126 1 259 2 1
6246 1 259 2 3
338480 1 259 1 2
6244 0 259 5 3
6561 1 259 5 1
6855 0 259 5 1
104671 0 259 5 1
105975 0 259 5 4
118211 1 259 5 1
255782 0 259 5 1
475044 1 259 5 1
78098 1 260 3 3
328777 1 260 2 1
286815 1 260 2 3
144844 1 260 2 1
119509 0 260 6 1
144845 0 260 5 1
144846 0 260 5 1
286814 0 260 5 3
119510 1 261 2 1
104675 1 261 2 4
333078 1 261 1 3
333076 0 261 5 3
333077 0 261 5 3
523678 1 262 3 3
119247 1 262 3 1
331298 1 262 2 3
6816 1 262 1 1
6817 0 262 5 1
328779 0 262 5 3
523679 0 262 6 3
255256 1 263 2 1
460491 1 263 1 3
255263 1 263 1 1
118898 1 263 1 1
105109 1 263 1 1
6856 1 263 1 3
255262 0 263 5 1
255264 0 263 5 1
460490 0 263 5 3
118897 1 264 3 1
118691 1 264 3 1
329013 1 264 2 1
328716 1 264 2 1
144716 1 264 2 4
5579 1 264 2 0
5581 0 264 5 0
118693 0 264 5 1
118694 0 264 5 1
118900 0 264 5 1
255263 0 264 5 3
328717 0 264 5 1
328719 0 264 5 1
329015 0 264 5 1
329016 0 264 5 1
255265 1 265 2 3
290088 1 266 2 3
119427 1 266 2 2
119091 1 266 2 1
328020 1 266 1 3
119089 0 266 5 1
119090 0 266 5 1
119094 0 266 6 1
290086 0 266 5 3
328018 0 266 5 3
328019 0 266 5 3
523676 1 266 5 3
328126 1 267 3 1
117742 1 267 3 1
117741 0 267 5 1
118589 1 268 2 1
38256 1 268 2 3
5850 1 268 2 0
255257 1 268 1 3
119573 1 268 1 1
5853 0 268 5 0
38255 0 268 5 3
119572 0 268 5 1
119574 0 268 5 1
119576 0 268 5 1
329711 1 269 3 4
117675 1 269 2 1
329285 1 269 1 4
118590 1 269 5 1
118592 1 269 5 1
119091 0 269 5 3
328780 1 270 3 1
118006 1 270 3 1
328781 0 270 5 1
118594 1 271 2 3
118008 1 271 5 1
118595 0 271 5 3
119402 1 272 3 1
119403 0 272 5 1
119405 0 272 5 1
328361 1 273 2 1
118584 1 273 1 3
118581 1 273 1 3
118580 0 273 5 3
328362 0 273 5 1
328363 0 273 5 1
328365 0 273 5 1
328366 0 273 5 1
328360 0 274 5 1
328365 0 274 5 1
119572 1 275 3 0
328363 0 275 5 3
119137 1 276 3 3
329362 1 276 2 4
119134 1 276 2 1
118727 1 277 3 4
118583 1 277 2 3
118582 0 277 5 3
118585 0 277 5 3
328360 0 277 5 3
328362 0 277 5 3
328364 0 277 5 3
328366 0 277 5 3
119150 1 278 3 0
118766 1 278 3 1
118679 1 278 3 1
117954 1 278 2 1
117952 0 278 5 1
117956 0 278 5 1
117961 1 279 2 1
117959 0 279 5 1
119153 1 279 5 0
118161 0 280 13 3
119395 1 281 3 1
117953 1 281 1 0
117954 0 281 5 0
117956 0 281 5 0
118159 1 281 5 3
119397 0 281 5 1
551499 1 282 3 2
118681 1 282 2 3
118505 1 282 1 1
329117 1 283 2 1
118714 1 283 2 1
329116 0 283 5 1
329118 0 283 5 1
329120 0 283 5 1
102256 1 284 2 2
102255 0 284 6 2
119457 0 287 8 1
117641 1 287 1 1
102256 0 287 5 2
117640 0 287 5 1
117642 0 287 5 1
119456 0 290 6 3
119146 1 290 1 1
119147 0 290 5 1
119459 0 290 5 1
119458 1 291 2 3
119459 0 291 5 3
