156255 0 3 3 1
417364 0 3 3 3
417366 0 3 3 3
417368 0 3 3 3
446787 0 3 3 3
23746 0 4 3 3
420320 0 4 3 4
492189 0 4 3 3
547592 0 4 3 1
547593 0 4 3 1
12265 0 5 3 3
177179 0 5 3 3
538362 1 6 3 3
169928 0 7 3 3
169929 0 7 3 3
417364 0 7 3 1
417367 0 7 3 1
417368 0 7 3 1
238023 0 8 3 3
238026 0 8 3 3
316712 0 8 3 3
417365 0 8 3 1
417367 0 8 3 1
417368 0 8 3 1
193770 0 9 3 3
250431 0 10 3 1
250432 0 10 3 1
417937 0 11 3 1
417938 0 11 3 1
417941 0 11 3 1
546707 1 11 3 1
546423 0 13 3 1
547229 0 13 3 1
546706 0 14 3 1
546710 0 14 3 1
546880 1 14 3 1
546881 1 14 3 1
418949 0 15 3 1
418952 0 15 3 1
418953 0 15 3 1
418954 0 15 3 1
547323 0 16 3 1
547324 0 16 3 1
547550 1 16 3 1
548184 0 16 3 3
548187 0 16 3 3
548192 0 16 3 1
548193 0 16 3 1
548195 0 16 3 1
547136 0 17 3 1
547137 0 17 3 1
59514 1 18 3 4
547031 1 18 3 1
547033 1 18 3 1
547034 1 18 3 1
547610 1 19 3 1
547613 1 19 3 1
547611 1 19 3 3
548125 0 19 3 1
548130 0 19 3 1
548186 0 20 3 2
547133 0 21 3 1
547136 0 21 3 1
547137 0 21 3 1
547724 0 21 3 3
547032 0 22 3 3
547034 0 22 3 3
547610 1 22 3 1
547913 1 22 3 2
418823 0 23 3 1
418826 0 23 3 1
418827 0 23 3 1
419034 0 23 3 1
418823 0 26 3 1
418825 0 26 3 1
418827 0 26 3 1
546901 0 26 3 2
546903 0 26 3 2
547665 0 26 3 4
419030 1 28 3 1
419031 1 28 3 1
546848 1 28 3 1
547422 0 31 3 1
547424 0 31 3 1
547425 0 31 3 1
419029 0 32 3 3
547196 0 32 3 3
547666 0 34 3 2
547668 0 34 3 2
418858 1 35 3 1
547398 0 35 3 1
547651 0 36 3 1
547654 0 36 3 1
547655 0 36 3 1
548057 0 36 3 1
548060 0 36 3 1
548056 0 38 3 1
548057 0 38 3 1
548058 0 38 3 1
548059 0 38 3 1
417414 0 39 3 1
417415 0 39 3 1
417418 0 39 3 1
417419 0 39 3 1
418599 0 39 3 1
418601 0 39 3 1
548055 1 39 3 1
548056 1 39 3 1
418858 0 40 3 2
418401 1 41 3 1
418599 0 41 3 3
418600 0 41 3 3
194422 0 42 3 3
417391 0 42 3 1
417392 0 42 3 1
417393 0 42 3 1
417414 0 42 3 1
417416 0 42 3 1
417418 0 42 3 1
417419 0 42 3 1
417423 0 42 3 1
417416 0 43 3 3
417419 0 43 3 3
546997 0 43 3 1
546998 0 43 3 1
546999 0 43 3 1
547001 0 43 3 1
417747 0 44 3 1
418267 0 44 3 1
418269 0 44 3 1
418791 1 44 3 1
418795 1 44 3 1
546620 0 44 3 1
546621 0 44 3 1
76170 1 45 3 3
194419 0 46 3 3
194421 0 46 3 3
263500 0 46 3 3
418792 0 46 3 1
418794 0 46 3 1
463780 0 46 3 3
547338 0 46 3 3
547485 0 46 3 1
418792 0 47 3 3
418794 0 47 3 3
418795 0 47 3 3
419101 0 47 3 1
546979 0 47 3 1
546981 0 47 3 1
546982 0 47 3 1
547023 0 47 3 1
547371 0 47 3 1
547372 0 47 3 1
547536 0 47 3 3
11793 0 48 3 1
418146 0 48 3 3
418337 0 48 3 1
418604 0 48 3 1
113070 0 49 3 3
418147 0 49 3 3
547123 1 49 3 3
547127 1 49 3 3
263490 0 50 3 1
546404 0 50 3 2
546407 0 50 3 2
547009 0 50 3 1
547011 0 50 3 1
547012 0 50 3 1
11792 0 51 3 3
11794 0 51 3 3
11796 0 51 3 3
418208 1 51 3 1
418212 1 51 3 1
418219 0 51 3 3
546427 0 51 3 1
546486 0 51 3 1
546487 0 51 3 1
546488 0 51 3 1
546996 0 51 3 2
547475 0 51 3 1
547476 0 51 3 1
418071 0 52 3 3
418072 0 52 3 3
418337 0 52 3 3
418339 0 52 3 3
428568 0 52 3 2
546671 0 52 3 1
234552 0 53 3 3
264571 0 53 3 1
418773 0 53 3 3
546405 0 53 3 1
546513 0 53 3 1
90485 0 54 3 2
546404 0 54 3 2
546407 0 54 3 2
547476 1 54 3 3
30794 0 55 3 3
418144 0 55 3 3
418721 0 55 3 3
546486 0 55 3 1
546488 0 55 3 1
548061 0 55 3 2
548062 0 55 3 2
548064 0 55 3 2
417629 1 56 3 1
546824 0 56 3 0
417577 0 57 3 1
417582 0 57 3 1
418494 0 57 3 1
418495 0 57 3 1
418498 0 57 3 1
546680 0 57 3 1
546814 0 57 3 1
546816 0 57 3 1
548177 0 57 3 1
548178 0 57 3 1
548181 0 57 3 1
295552 0 58 3 2
295553 0 58 3 2
488498 0 58 3 3
488500 0 58 3 3
546449 0 58 3 3
546498 0 58 3 4
547862 0 58 3 1
547863 0 58 3 1
547866 0 58 3 1
547867 0 58 3 1
17507 1 59 3 2
417622 0 59 3 3
417742 0 59 3 1
417865 0 59 3 3
417868 0 59 3 3
417895 1 59 3 1
417896 1 59 3 1
417894 0 59 3 3
417895 0 59 3 3
418309 0 59 3 0
418310 0 59 3 0
547881 1 59 3 1
263731 0 60 3 0
263934 0 60 3 0
263937 0 60 3 0
417515 0 60 3 1
417517 0 60 3 1
417585 0 60 3 1
546816 0 60 3 1
547013 0 60 3 3
547014 0 60 3 3
547103 0 60 3 1
417951 0 61 3 1
417952 0 61 3 1
418304 0 61 3 3
418307 0 61 3 3
418312 0 61 3 1
418619 0 61 3 3
418621 0 61 3 3
365888 1 62 3 0
365889 1 62 3 0
365887 0 62 3 3
417482 0 62 3 1
418478 0 62 3 0
418479 0 62 3 0
418480 0 62 3 0
263934 0 63 3 3
263935 0 63 3 3
263936 0 63 3 3
263941 0 63 3 1
263942 0 63 3 1
263945 0 63 3 1
263946 0 63 3 1
418311 0 63 3 2
418410 0 63 3 0
418411 0 63 3 0
547788 0 63 3 1
547878 0 63 3 2
274656 0 64 3 3
417517 0 64 3 3
101118 0 65 3 3
101119 0 65 3 3
416876 0 65 3 3
419094 0 65 3 3
420552 1 65 3 3
546821 0 65 3 2
546822 0 65 3 2
546824 0 65 3 2
547152 1 65 3 3
547153 1 65 3 3
547155 1 65 3 3
547769 0 65 3 0
547772 0 65 3 0
547773 0 65 3 0
416118 0 66 3 3
416119 0 66 3 3
416121 0 66 3 3
417330 0 66 3 3
418632 0 66 3 3
418971 0 66 3 0
418644 0 67 3 1
546672 0 67 3 1
546747 0 67 3 1
546748 0 67 3 1
547788 1 67 3 0
547790 1 67 3 0
547876 0 67 3 3
548109 1 67 3 1
263019 0 68 3 1
263022 0 68 3 1
264472 0 68 3 1
264473 0 68 3 1
264475 0 68 3 1
418486 0 68 3 3
227746 0 69 3 3
264291 0 69 3 1
264292 0 69 3 1
264294 0 69 3 1
264296 0 69 3 1
547346 1 69 3 1
547348 1 69 3 1
547349 1 69 3 1
548105 0 69 3 1
548109 0 69 3 1
256168 0 70 3 2
264117 0 70 3 1
264774 1 70 3 1
418969 1 70 3 3
418972 1 70 3 3
546722 0 70 3 2
546723 0 70 3 2
546727 0 70 3 4
131551 0 71 3 3
264473 0 71 3 3
418662 0 71 3 1
525125 0 71 3 2
525126 0 71 3 2
546463 1 71 3 1
548105 1 71 3 1
548106 1 71 3 1
264251 0 72 3 1
264253 0 72 3 1
264256 0 72 3 1
264257 0 72 3 1
264734 0 72 3 1
264735 0 72 3 1
264738 0 72 3 1
548116 0 72 3 2
548118 0 72 3 2
241102 1 73 3 3
241103 1 73 3 3
241105 1 73 3 3
264510 0 73 3 1
264512 0 73 3 1
546663 0 73 3 3
546942 0 73 3 1
263723 0 74 3 1
263725 0 74 3 1
263726 0 74 3 1
263727 0 74 3 1
417970 0 74 3 0
417972 0 74 3 0
417973 0 74 3 0
417974 0 74 3 0
417971 0 74 3 1
417973 0 74 3 1
417974 0 74 3 1
418101 0 74 3 1
418468 1 74 3 4
418666 0 74 3 1
418668 0 74 3 1
418669 0 74 3 1
546591 0 74 3 1
546592 0 74 3 1
546593 0 74 3 1
548087 1 74 3 3
241102 0 75 3 3
241103 0 75 3 3
241104 0 75 3 3
263134 0 75 3 1
264292 0 75 3 1
264293 0 75 3 1
264295 0 75 3 1
264296 0 75 3 1
264297 0 75 3 1
264471 0 75 3 3
264473 0 75 3 3
264475 0 75 3 3
546662 0 75 3 1
546664 0 75 3 1
262950 1 76 3 1
262951 1 76 3 1
262953 1 76 3 1
263857 0 76 3 0
263858 0 76 3 0
263860 0 76 3 0
417865 0 76 3 3
417868 0 76 3 3
546940 0 76 3 1
546965 0 76 3 0
546966 0 76 3 0
547721 0 76 3 1
547722 0 76 3 1
547723 0 76 3 1
262981 0 77 3 1
262982 0 77 3 1
263242 0 77 3 2
264476 0 77 3 3
264741 1 77 3 1
264742 1 77 3 1
267918 0 77 3 3
267919 0 77 3 3
418039 0 77 3 0
418567 1 77 3 1
485639 0 77 3 3
546663 0 77 3 1
546665 0 77 3 1
263864 0 78 3 1
263865 0 78 3 1
263869 0 78 3 1
263895 0 78 3 1
263897 0 78 3 1
264093 0 78 3 1
264493 1 78 3 0
312383 1 78 3 3
312385 1 78 3 3
470101 0 78 3 3
546921 0 78 3 0
546923 0 78 3 0
546924 0 78 3 0
546958 1 78 3 1
547468 0 78 3 1
547471 0 78 3 1
263225 0 79 3 1
277897 0 79 3 3
417569 0 79 3 0
418666 0 79 3 3
418668 0 79 3 3
418842 0 79 3 0
546959 0 79 3 3
546960 0 79 3 3
546961 0 79 3 3
263566 0 80 3 2
263567 0 80 3 2
264249 1 80 3 1
417871 0 80 3 3
417990 1 80 3 0
417991 1 80 3 0
546663 0 80 3 1
546664 0 80 3 1
546665 0 80 3 1
546666 0 80 3 1
264491 0 81 3 3
417969 0 81 3 3
417971 0 81 3 3
469868 0 81 3 3
525110 0 81 3 0
263394 0 82 3 3
263582 0 82 3 2
263878 0 82 3 1
263879 0 82 3 1
264091 0 82 3 1
264092 0 82 3 1
264093 0 82 3 1
264464 0 82 3 4
265285 0 82 3 3
277017 0 82 3 1
277018 0 82 3 1
546471 1 82 3 1
546472 1 82 3 1
547470 0 82 3 1
547471 0 82 3 1
547472 0 82 3 1
547473 0 82 3 1
548230 0 82 3 3
263269 0 83 3 2
263270 0 83 3 2
263272 0 83 3 2
264099 0 83 3 2
264100 0 83 3 2
264530 1 83 3 3
417875 0 83 3 3
417879 0 83 3 3
547719 0 83 3 1
547720 0 83 3 1
547722 0 83 3 1
263333 0 84 3 3
263401 0 84 3 2
264090 0 84 3 3
264092 0 84 3 3
264547 0 84 3 1
418417 0 84 3 1
418420 0 84 3 1
263012 0 85 3 1
263877 0 85 3 1
264098 0 85 3 0
264099 0 85 3 0
264100 0 85 3 0
264102 0 85 3 0
264399 0 85 3 3
546470 0 85 3 1
546471 0 85 3 1
546473 0 85 3 1
546597 0 85 3 1
546598 0 85 3 1
546924 0 85 3 2
548100 0 85 3 1
46894 0 86 3 3
46900 0 86 3 3
262968 0 86 3 1
263450 0 86 3 1
263990 0 86 3 1
263991 0 86 3 1
263992 0 86 3 1
264149 0 86 3 1
264151 0 86 3 1
264152 0 86 3 1
264153 0 86 3 1
276466 1 86 3 1
277268 0 86 3 1
547469 0 86 3 2
547470 0 86 3 2
547472 0 86 3 2
547473 0 86 3 2
129538 0 87 3 2
129539 0 87 3 2
262945 0 87 3 1
418416 0 87 3 1
418418 0 87 3 1
548100 0 87 3 3
548103 0 87 3 3
131868 0 88 3 1
131869 0 88 3 1
262880 0 88 3 1
263446 0 88 3 3
264097 0 88 3 3
264099 0 88 3 3
264100 0 88 3 3
264547 0 88 3 3
264548 0 88 3 3
276394 0 88 3 1
277132 0 88 3 1
277135 0 88 3 1
408882 0 88 3 2
408884 0 88 3 2
408887 0 88 3 2
546472 0 88 3 1
546696 0 88 3 1
263391 1 89 3 1
263393 1 89 3 1
263395 1 89 3 1
263397 1 89 3 1
263879 0 89 3 3
265061 0 89 3 1
265062 0 89 3 1
276466 0 89 3 3
278030 0 89 3 1
278031 0 89 3 1
262868 1 90 3 2
530211 0 90 3 2
546591 0 90 3 3
130265 0 91 3 1
130268 0 91 3 1
130269 0 91 3 1
150943 0 91 3 3
277271 0 91 3 3
331506 0 91 3 1
331508 0 91 3 1
331509 0 91 3 1
331510 0 91 3 1
447392 0 91 3 3
548239 0 91 3 1
548241 0 91 3 1
262967 0 92 3 3
262969 0 92 3 3
277542 0 92 3 1
418415 0 92 3 3
418418 0 92 3 3
418420 0 92 3 3
131829 0 93 3 1
132145 1 93 3 1
132146 1 93 3 1
132357 1 93 3 3
132358 1 93 3 3
132360 1 93 3 3
247226 0 93 3 3
263391 0 93 3 1
263393 0 93 3 1
263397 0 93 3 1
264619 1 93 3 2
264623 1 93 3 2
277063 1 93 3 1
277064 1 93 3 1
277066 1 93 3 1
535329 0 93 3 3
535330 0 93 3 3
132290 1 94 3 1
132291 1 94 3 1
132292 1 94 3 1
132293 1 94 3 1
263446 1 94 3 3
263447 1 94 3 3
263448 1 94 3 3
263450 1 94 3 3
275661 0 94 3 3
330892 0 94 3 1
330893 0 94 3 1
130392 0 95 3 3
131166 0 95 3 1
131169 0 95 3 1
132141 1 95 3 1
132312 0 95 3 1
132313 0 95 3 1
310510 0 95 3 2
417830 0 95 3 1
417831 0 95 3 1
417833 0 95 3 1
418298 0 96 3 1
47908 0 97 3 4
263391 0 97 3 1
263394 0 97 3 1
263395 0 97 3 1
263396 0 97 3 1
263397 0 97 3 1
131377 1 98 3 1
131825 0 98 3 1
131828 0 98 3 1
131829 0 98 3 1
132001 0 98 3 1
132002 0 98 3 1
132003 0 98 3 1
132004 0 98 3 1
417497 0 99 3 1
417498 0 99 3 1
131171 0 100 3 1
131173 0 100 3 1
131175 0 100 3 1
132000 0 100 3 3
132002 0 100 3 3
132004 0 100 3 3
418086 1 100 3 1
418087 1 100 3 1
418090 1 100 3 1
131582 1 101 3 1
132360 1 101 3 1
263703 0 101 3 1
263705 0 101 3 1
263706 0 101 3 1
263708 0 101 3 1
418035 1 101 3 0
418181 0 101 3 1
418182 0 101 3 1
418941 0 101 3 3
131377 0 102 3 3
132661 0 102 3 1
132663 0 102 3 1
418046 0 102 3 2
418716 1 102 3 1
130759 0 103 3 0
130760 0 103 3 0
131961 0 103 3 0
131962 0 103 3 0
417569 0 103 3 1
130618 0 104 3 1
130621 0 104 3 1
131296 0 104 3 3
131297 0 104 3 3
131299 0 104 3 3
132488 0 104 3 1
132489 0 104 3 1
418032 0 104 3 0
418035 0 104 3 0
418036 0 104 3 0
418034 0 104 3 3
418035 0 104 3 3
47909 1 105 3 3
132137 1 105 3 1
170321 0 105 3 4
417833 1 105 3 1
263704 1 107 3 1
263706 1 107 3 1
418590 0 107 3 4
132283 0 108 3 1
132284 0 108 3 1
132487 0 108 3 1
132492 0 108 3 1
225218 0 108 3 3
225219 0 108 3 3
225220 0 108 3 3
264085 0 108 3 3
358770 0 108 3 3
358771 0 108 3 3
130048 0 109 3 1
131440 0 109 3 1
131441 0 109 3 1
418037 1 109 3 1
418039 1 109 3 1
418040 1 109 3 1
129893 1 110 3 1
129895 1 110 3 1
132386 0 110 3 0
132387 0 110 3 0
132389 0 110 3 0
418618 0 110 3 1
418621 0 110 3 1
129586 0 111 3 1
129588 0 111 3 1
129589 0 111 3 1
131659 0 111 3 1
131661 0 111 3 1
131662 0 111 3 1
131723 1 111 3 1
132507 0 111 3 3
132604 0 111 3 1
132605 0 111 3 1
225213 0 111 3 1
417574 0 111 3 4
562978 0 111 3 3
562979 0 111 3 3
562980 0 111 3 3
562981 0 111 3 3
115318 1 112 3 4
129891 0 112 3 3
129895 0 112 3 3
130190 0 112 3 1
130191 0 112 3 1
130193 0 112 3 1
131405 0 112 3 1
263704 0 112 3 3
263705 0 112 3 3
58853 0 113 3 2
130964 0 113 3 1
130965 0 113 3 1
131385 0 113 3 1
131386 0 113 3 1
131389 0 113 3 1
131660 0 113 3 3
131662 0 113 3 3
131718 0 113 3 1
132020 0 113 3 0
132021 0 113 3 0
132022 0 113 3 0
132212 0 113 3 1
132215 0 113 3 1
132216 0 113 3 1
132646 1 113 3 1
426606 0 113 3 3
561705 0 113 3 3
561706 0 113 3 3
130377 0 114 3 1
130380 0 114 3 1
131909 0 114 3 1
132112 0 114 3 1
132115 0 114 3 1
132605 0 114 3 3
260884 0 114 3 3
260886 0 114 3 3
275148 0 114 3 3
275149 0 114 3 3
275150 0 114 3 3
415168 1 114 3 4
58855 0 115 3 3
58856 0 115 3 3
129585 0 115 3 3
129586 0 115 3 3
130885 0 115 3 1
130887 0 115 3 1
130890 0 115 3 1
131226 0 115 3 1
131228 0 115 3 1
131229 0 115 3 1
131761 1 115 3 1
132019 1 115 3 0
132020 1 115 3 0
132021 1 115 3 0
132022 1 115 3 0
132513 0 115 3 2
132515 0 115 3 2
132642 0 115 3 3
132645 0 115 3 3
132647 0 115 3 3
132643 0 115 3 3
132644 0 115 3 3
132645 0 115 3 3
132646 0 115 3 3
260884 0 115 3 3
19403 1 116 3 2
130964 0 116 3 3
130965 0 116 3 3
131386 0 116 3 0
131387 0 116 3 0
131385 0 116 3 2
131387 0 116 3 2
131438 0 116 3 3
131439 0 116 3 3
131440 0 116 3 3
131441 0 116 3 3
131443 0 116 3 3
131488 0 116 3 1
131492 0 116 3 1
131817 1 116 3 3
131819 1 116 3 3
132614 1 116 3 1
132615 1 116 3 1
241383 0 116 3 1
241384 0 116 3 1
241385 0 116 3 1
527387 0 116 3 3
562885 0 116 3 3
129103 0 117 3 1
130377 0 117 3 0
130378 0 117 3 0
130380 0 117 3 0
131386 0 117 3 2
131389 0 117 3 2
131589 0 117 3 3
132112 1 117 3 3
132642 1 117 3 1
414143 0 117 3 3
518839 0 117 3 3
518841 0 117 3 3
131521 1 118 3 1
131522 1 118 3 1
131523 1 118 3 1
132019 0 118 3 1
132021 0 118 3 1
132022 0 118 3 1
132636 0 118 3 4
132637 0 118 3 4
416339 1 118 3 3
130987 1 119 3 1
131529 1 119 3 2
131531 1 119 3 2
132113 1 119 3 1
132114 1 119 3 1
132481 0 119 3 1
132482 0 119 3 1
503310 0 119 3 3
562979 0 119 3 2
562980 0 119 3 2
72840 0 120 3 3
129040 1 120 3 0
129041 1 120 3 0
129102 0 120 3 1
129103 0 120 3 1
129424 0 120 3 1
132608 0 120 3 1
241507 1 120 3 1
242344 0 120 3 1
242348 0 120 3 1
129785 0 121 3 1
242354 0 121 3 3
242355 0 121 3 3
552457 0 121 3 4
131461 0 122 3 1
131464 0 122 3 1
131989 0 122 3 1
131990 0 122 3 1
131991 0 122 3 1
132625 0 122 3 1
132626 0 122 3 1
132628 0 122 3 1
132630 0 122 3 1
132877 1 122 3 2
235668 1 122 3 3
235671 1 122 3 3
562972 0 122 3 3
562979 0 122 3 1
562983 0 122 3 1
129812 0 123 3 1
129814 0 123 3 1
130377 0 123 3 0
130378 0 123 3 0
130379 0 123 3 0
130985 0 123 3 3
130986 0 123 3 3
241827 0 123 3 3
241828 0 123 3 3
241829 0 123 3 3
441431 0 123 3 2
441432 0 123 3 2
562883 0 123 3 1
562885 0 123 3 1
562886 0 123 3 1
129788 0 124 3 3
131794 1 124 3 1
132875 0 124 3 3
242631 0 124 3 1
242671 0 124 3 1
242734 0 124 3 1
242736 0 124 3 1
242737 0 124 3 1
242738 0 124 3 1
132872 0 125 3 1
132874 0 125 3 1
132875 0 125 3 1
235669 0 125 3 3
235670 0 125 3 3
241640 0 125 3 1
241641 0 125 3 1
348965 0 125 3 1
348966 0 125 3 1
472571 0 125 3 3
472573 0 125 3 3
472574 0 125 3 3
562882 0 125 3 0
60442 0 126 3 1
60445 0 126 3 1
115172 0 126 3 3
130312 0 126 3 1
130313 0 126 3 1
131612 0 126 3 3
132396 0 126 3 3
132397 0 126 3 3
241831 0 126 3 1
242344 1 126 3 1
242346 1 126 3 1
242349 1 126 3 1
131964 1 127 3 1
131966 1 127 3 1
242053 1 127 3 1
242055 1 127 3 1
350042 0 127 3 2
350044 0 127 3 2
430135 0 127 3 3
430136 0 127 3 3
562239 0 127 3 1
562240 0 127 3 1
562883 0 127 3 1
562884 0 127 3 1
58905 0 128 3 1
58909 0 128 3 1
61596 0 128 3 3
61598 0 128 3 3
131816 1 128 3 1
132823 0 128 3 1
132826 0 128 3 1
241006 0 128 3 1
241008 0 128 3 1
562970 0 128 3 2
562973 0 128 3 2
131284 0 129 3 1
131287 0 129 3 1
131288 0 129 3 1
242539 0 129 3 1
242541 0 129 3 1
242542 0 129 3 1
60441 0 130 3 3
242350 0 130 3 3
560827 0 130 3 1
560828 0 130 3 1
562189 0 130 3 4
59347 0 131 3 1
59349 0 131 3 1
131873 0 131 3 1
131877 0 131 3 1
241007 0 131 3 2
242994 1 131 3 1
242995 1 131 3 1
560774 0 131 3 1
560775 0 131 3 1
560829 0 131 3 0
560830 0 131 3 0
563242 0 131 3 1
563245 0 131 3 1
563246 0 131 3 1
60444 0 132 3 1
131965 0 132 3 3
131965 0 132 3 3
206664 0 132 3 2
206667 0 132 3 2
241367 0 132 3 1
241368 0 132 3 1
241705 1 132 3 1
241707 1 132 3 1
241708 1 132 3 1
242078 0 132 3 1
242083 0 132 3 1
242084 0 132 3 1
560786 0 132 3 1
58652 0 133 3 1
58653 0 133 3 1
58654 0 133 3 1
561838 0 133 3 1
561840 0 133 3 1
60604 0 134 3 3
60606 0 134 3 3
241874 1 134 3 1
241877 1 134 3 1
241957 0 134 3 1
241959 0 134 3 1
241961 0 134 3 1
243482 0 134 3 3
563241 0 134 3 1
131858 0 135 3 1
131860 0 135 3 1
131862 0 135 3 1
241534 1 135 3 1
241535 1 135 3 1
242144 0 135 3 1
481192 0 135 3 3
561228 0 135 3 1
561229 0 135 3 1
561230 0 135 3 1
562421 0 135 3 0
562799 0 135 3 1
241255 0 136 3 2
58651 0 137 3 2
58653 0 137 3 2
58654 0 137 3 2
59349 0 137 3 1
59901 0 137 3 1
60445 1 137 3 1
241746 0 137 3 2
242141 1 137 3 1
242143 1 137 3 1
242144 1 137 3 1
561872 0 137 3 1
561875 0 137 3 1
561876 0 137 3 1
562730 0 137 3 1
562734 0 137 3 1
563244 1 137 3 1
563246 1 137 3 1
563247 1 137 3 1
60606 1 138 3 1
60608 1 138 3 1
239057 0 138 3 3
241960 1 138 3 2
243589 1 138 3 3
243593 1 138 3 3
562361 0 138 3 4
562822 0 138 3 1
562823 0 138 3 1
562824 0 138 3 1
131857 1 139 3 1
131861 1 139 3 1
132240 0 139 3 0
241366 0 139 3 3
242078 0 139 3 3
242079 0 139 3 3
242084 0 139 3 3
561227 0 139 3 1
561228 0 139 3 1
561230 0 139 3 1
561231 0 139 3 1
562735 0 139 3 1
562739 0 139 3 1
562729 1 140 3 1
562732 1 140 3 1
562734 1 140 3 1
562821 0 140 3 1
562823 0 140 3 1
562827 0 140 3 1
60624 1 141 3 1
241954 0 141 3 1
241955 0 141 3 1
561202 0 141 3 1
562100 0 141 3 3
562101 0 141 3 3
562103 0 141 3 3
562728 0 141 3 2
562729 0 141 3 2
562730 0 141 3 2
562731 0 141 3 2
562733 0 141 3 2
563236 1 141 3 1
563239 1 141 3 1
563240 1 141 3 1
563241 1 141 3 1
60619 1 142 3 1
60621 1 142 3 1
60622 1 142 3 1
60624 1 142 3 1
131859 0 142 3 3
131861 0 142 3 3
131862 0 142 3 3
563083 0 142 3 1
563086 0 142 3 1
563089 0 142 3 1
131858 0 143 3 3
562821 0 143 3 1
562825 0 143 3 1
435659 0 144 3 3
561203 0 144 3 1
561206 0 144 3 1
561207 0 144 3 1
562436 1 144 3 1
562439 1 144 3 1
561202 0 145 3 3
561203 0 145 3 3
561204 0 145 3 3
561205 0 145 3 3
60619 0 146 3 3
60621 0 146 3 3
241972 0 146 3 3
241973 0 146 3 3
241974 0 146 3 3
561254 1 147 3 0
561255 1 147 3 0
561257 1 147 3 0
366585 0 149 3 1
366588 0 149 3 1
560739 0 149 3 3
561203 0 149 3 0
561205 0 149 3 0
561622 0 149 3 1
561623 0 149 3 1
365223 0 152 3 1
365224 0 152 3 1
365227 0 152 3 1
365588 0 152 3 1
365589 0 152 3 1
365591 0 152 3 1
365733 0 152 3 1
365734 0 152 3 1
365737 0 152 3 1
366678 0 152 3 3
366681 0 152 3 3
562206 1 152 3 1
562207 1 152 3 1
366208 0 153 3 3
366210 0 153 3 3
365635 1 157 3 1
365639 1 157 3 1
365589 0 158 3 3
366224 1 159 3 1
260239 0 161 3 3
365720 0 162 3 1
365722 0 162 3 1
366612 0 162 3 1
366679 1 162 3 1
366458 0 163 3 1
366459 0 163 3 1
366460 0 163 3 1
366457 0 163 3 1
366459 0 163 3 1
366460 0 163 3 1
365746 0 164 3 1
365747 0 164 3 1
365748 0 164 3 1
365361 0 165 3 1
365365 0 165 3 1
365625 0 165 3 1
365626 0 165 3 1
365653 0 165 3 1
365654 0 165 3 1
365719 0 165 3 1
365721 0 165 3 1
366282 0 166 3 1
366285 0 166 3 1
366534 0 166 3 4
169407 0 167 3 2
169409 0 167 3 2
169412 0 167 3 2
366523 0 167 3 0
366524 0 167 3 0
365238 0 168 3 1
365240 0 168 3 1
365987 0 168 3 1
365988 0 168 3 1
365989 0 168 3 1
120205 0 169 3 2
120206 0 169 3 2
120207 0 169 3 2
365547 0 169 3 1
365548 0 169 3 1
365549 0 169 3 1
365688 0 169 3 0
365689 0 169 3 0
365691 0 169 3 0
365545 0 170 3 1
365546 0 170 3 1
365548 0 170 3 1
365549 0 170 3 1
365241 0 172 3 1
365245 0 172 3 1
365361 1 172 3 2
365364 1 172 3 2
365684 0 172 3 3
365686 0 172 3 3
366867 1 172 3 0
366868 1 172 3 0
366869 1 172 3 0
366870 1 172 3 0
120205 1 173 3 3
365795 0 173 3 3
365798 0 173 3 3
366245 0 173 3 3
366247 0 173 3 3
365687 0 174 3 2
365989 0 174 3 0
365991 0 174 3 0
365992 0 174 3 0
366128 0 174 3 1
366604 1 174 3 3
366606 1 174 3 3
365989 0 177 3 0
365990 0 177 3 0
365991 0 177 3 0
365992 0 177 3 0
365681 0 178 3 1
365682 0 178 3 1
366863 0 178 3 3
366864 0 178 3 3
178383 0 179 3 3
178384 0 179 3 3
201149 0 180 3 3
366843 0 180 3 1
366845 0 180 3 1
366403 0 183 3 3
366404 0 183 3 3
366406 0 183 3 3
366843 0 183 3 3
366845 0 183 3 3
367084 0 183 3 1
367089 0 183 3 1
106865 0 184 3 3
106868 0 184 3 3
366179 0 186 3 1
366180 0 186 3 1
366182 0 186 3 1
106859 0 187 3 1
106861 0 187 3 1
366507 0 188 3 1
366508 0 188 3 1
550380 1 188 3 3
550382 1 188 3 3
108452 0 189 3 1
366089 0 189 3 1
366091 0 189 3 1
366540 0 189 3 1
366542 0 189 3 1
413820 0 189 3 2
413822 0 189 3 2
106905 0 190 3 1
108454 0 194 3 3
108456 0 194 3 3
108457 0 194 3 3
23731 0 195 3 2
23734 0 195 3 2
23735 0 195 3 2
544775 0 195 3 3
544779 0 195 3 3
106906 0 196 3 2
106907 0 196 3 2
107349 0 196 3 1
108126 0 196 3 1
107336 0 197 3 3
63771 0 198 3 3
365742 0 199 3 3
106914 1 200 3 3
107032 0 200 3 1
107344 0 200 3 3
108092 0 200 3 1
108094 0 200 3 1
108095 0 200 3 1
23731 0 201 3 0
23733 0 201 3 0
23734 0 201 3 0
23735 0 201 3 0
106716 1 201 3 1
107031 0 201 3 3
107032 0 201 3 3
108229 0 201 3 1
106648 1 203 3 1
106650 1 203 3 1
106950 0 203 3 1
106953 0 203 3 1
106856 0 204 3 2
181964 0 204 3 3
107033 0 205 3 1
107034 0 205 3 1
107584 0 205 3 1
107908 0 205 3 1
107911 0 205 3 1
107913 0 205 3 1
108352 0 205 3 1
108354 0 205 3 1
491996 0 205 3 3
107537 0 206 3 1
108025 1 206 3 1
106953 1 207 3 3
108850 1 207 3 1
108851 1 207 3 1
11498 0 208 3 3
11499 0 208 3 3
11501 0 208 3 3
107035 0 209 3 1
107037 0 209 3 1
107038 0 209 3 1
107039 0 209 3 1
107465 0 210 3 1
107585 0 210 3 3
106780 0 211 3 0
106781 0 211 3 0
106783 0 211 3 0
106781 0 211 3 3
107181 1 211 3 1
107183 1 211 3 1
108112 0 212 3 1
108113 0 212 3 1
106779 0 213 3 1
106781 0 213 3 1
106783 0 213 3 1
107398 0 213 3 1
108891 1 214 3 1
108892 1 214 3 1
106734 1 215 3 0
107994 1 215 3 0
107995 1 215 3 0
539509 0 215 3 3
539511 0 215 3 3
539513 0 215 3 3
107809 0 216 3 1
107810 0 216 3 1
107811 0 216 3 1
106675 0 217 3 2
106737 0 217 3 4
108499 0 217 3 1
108502 0 217 3 1
107492 0 218 3 3
108350 0 218 3 1
107216 0 219 3 0
108501 0 219 3 0
108502 0 219 3 0
107772 0 220 3 0
108360 0 220 3 2
106723 0 221 3 0
106724 0 221 3 0
81199 0 222 3 3
108350 0 222 3 3
81199 0 225 3 0
107356 0 226 3 3
107357 0 226 3 3
108883 0 227 3 1
108885 0 227 3 1
24071 0 230 3 3
220027 0 231 3 3
220028 0 231 3 3
220029 0 231 3 3
273052 0 231 3 3
370176 0 231 3 3
108884 0 234 3 1
108885 0 234 3 1
380727 0 246 3 3
380728 0 246 3 3
372151 0 249 3 4
377391 0 252 3 3
366785 0 254 3 3
366787 0 254 3 3
372149 0 254 3 3
547151 1 321 3 3
547152 1 321 3 3
