274808 1 3 3 0
530501 1 4 2 0
360872 1 4 2 3
319748 1 4 2 0
228248 1 4 2 0
215741 1 4 2 3
64554 1 4 2 3
215740 0 4 3 3
228250 0 4 3 0
319749 0 4 3 0
319750 0 4 3 0
319751 0 4 3 0
319752 0 4 3 0
360871 0 4 3 3
360873 0 4 3 3
530503 0 4 3 0
435523 1 5 4 1
78422 1 5 3 3
475493 1 5 1 3
475491 0 5 3 3
475492 0 5 3 3
290406 1 7 1 1
290405 0 7 3 1
290408 0 7 3 1
292550 1 8 2 3
292544 0 8 3 3
292549 0 8 3 3
290401 1 9 3 1
227934 1 9 2 0
227936 0 9 3 0
227937 0 9 3 0
292714 1 10 3 1
290398 1 10 3 1
290399 1 10 3 1
290403 1 10 3 1
292713 0 10 3 1
292715 0 10 3 1
292717 0 10 3 1
290647 1 11 4 1
290411 1 11 3 1
355310 1 11 2 3
85423 1 11 2 3
85421 0 11 3 3
355307 0 11 3 3
355309 0 11 3 3
355311 0 11 3 3
290648 1 12 3 1
291553 1 13 2 3
291837 1 13 1 1
290399 1 13 3 0
290400 1 13 5 0
290401 1 13 3 0
290402 0 13 3 1
291552 0 13 3 3
291554 0 13 3 3
291839 0 13 3 1
291840 0 13 3 1
291841 0 13 3 1
292713 1 14 2 1
291733 1 14 2 1
290393 1 14 2 4
291734 0 14 3 1
291735 0 14 3 1
291736 0 14 3 1
292715 0 14 3 1
292716 0 14 3 1
290403 0 15 4 3
290398 0 15 3 2
290401 0 15 3 2
290402 0 15 3 2
290404 0 15 3 2
290409 1 16 3 3
290382 1 16 2 0
85419 1 16 1 3
85416 0 16 3 3
85417 0 16 3 3
85418 0 16 3 3
290399 0 16 3 3
290401 0 16 3 3
290402 0 16 3 3
290410 0 16 3 3
248271 1 18 2 2
35552 1 18 2 3
248270 0 18 3 2
248272 0 18 3 2
353601 1 19 2 1
290737 1 19 2 1
290739 0 19 3 1
353602 0 19 3 1
353603 0 19 3 1
323768 1 21 3 3
291518 1 21 2 1
291520 0 21 3 1
291521 0 21 3 1
291522 0 21 3 1
290741 1 22 3 3
290383 1 22 2 1
290384 0 22 3 1
290739 0 22 3 3
290740 0 22 3 3
355095 1 23 3 1
353644 1 23 3 1
356092 0 23 3 3
291524 1 23 2 3
248273 1 23 1 3
248270 0 23 3 3
248271 0 23 3 3
291523 0 23 3 3
355097 0 23 3 1
355098 0 23 3 1
356093 0 23 5 1
356094 0 23 3 3
318844 1 24 3 4
354567 1 24 1 1
318843 0 24 3 4
353645 1 24 3 1
354565 0 24 3 1
354568 0 24 3 1
354566 1 26 3 1
291522 1 26 3 3
292139 1 26 2 4
291517 0 26 3 3
291518 0 26 3 3
291521 0 26 3 3
292138 0 26 3 4
355576 1 27 3 3
356011 1 27 2 1
291709 1 27 1 3
291706 0 27 3 3
291707 0 27 3 3
291710 0 27 3 3
354567 1 27 3 1
355574 0 27 3 3
355577 0 27 3 3
356009 0 27 3 1
353686 1 28 3 1
344118 0 28 3 3
344120 0 28 3 3
344121 0 28 3 3
353687 0 28 3 1
411082 1 29 2 3
355776 1 29 2 0
291719 1 29 2 3
291712 1 29 2 1
291708 1 29 2 1
46021 1 29 2 1
292706 1 29 1 4
291706 0 29 3 1
291709 0 29 3 1
291710 0 29 3 1
291706 0 29 3 3
291709 0 29 3 3
291711 0 29 3 1
291714 0 29 3 1
291717 0 29 3 3
291718 0 29 3 3
292705 0 29 3 4
355777 0 29 3 0
355778 0 29 3 0
411083 0 29 3 3
356012 1 31 2 3
353688 1 31 2 1
353689 0 31 3 1
356010 0 31 3 3
356011 0 31 3 3
356105 1 32 3 1
353964 1 32 3 3
293095 1 32 3 4
97599 1 32 3 3
356254 1 32 2 1
356004 1 32 2 3
354023 1 32 2 1
291991 1 32 2 3
411085 1 32 1 4
291990 0 32 3 3
356253 0 32 3 1
411084 0 32 3 4
355835 1 33 4 3
356250 1 33 3 2
291711 1 33 2 1
46663 0 33 4 3
46022 1 33 2 1
355801 1 33 1 4
46664 0 33 3 1
291713 0 33 3 1
291714 0 33 3 1
353965 1 33 3 3
356003 1 33 3 3
356107 1 33 3 1
356083 1 34 4 3
46665 1 34 3 3
355111 1 34 2 1
353812 1 34 2 1
290637 1 34 2 0
46021 1 34 3 1
46024 1 34 3 1
46662 0 34 3 3
353813 0 34 3 1
355113 0 34 3 1
355834 1 34 3 3
355836 1 34 3 3
411084 1 35 3 3
355432 1 35 3 1
239132 1 35 3 2
104163 1 35 3 3
356255 1 35 2 3
356173 0 35 4 1
47741 1 35 2 1
353695 1 35 1 4
47740 0 35 3 1
47742 0 35 3 1
47745 0 35 3 1
104161 0 35 3 3
239130 0 35 3 2
291711 0 35 3 3
353694 0 35 4 4
355435 0 35 3 1
356252 0 35 3 3
356253 0 35 3 3
356256 0 35 3 3
356171 1 36 2 1
356169 0 36 3 1
356172 0 36 3 1
324506 1 37 3 3
290563 1 37 3 1
46062 1 37 2 1
290560 0 37 3 1
290561 0 37 3 1
290562 0 37 3 1
290564 0 37 3 1
290565 0 37 3 1
290519 1 38 2 1
292405 0 38 3 1
292408 0 38 3 1
324503 1 38 3 3
324507 1 38 3 3
353760 1 39 3 1
356271 1 39 2 1
355246 1 39 2 1
290518 1 39 3 1
290520 1 39 3 1
290521 1 39 3 1
356272 0 39 3 1
354353 1 40 2 1
356175 1 40 1 2
356174 0 40 3 2
356177 0 40 3 2
292044 1 41 3 1
4426 1 41 3 3
355420 1 41 2 1
355247 1 41 2 3
119815 1 41 2 3
46063 1 41 2 3
46062 0 41 3 3
119816 0 41 3 3
355246 0 41 3 3
355418 0 41 3 1
355419 0 41 3 1
292471 1 42 3 1
290716 1 42 3 1
46020 1 42 3 1
292527 1 42 2 1
292090 1 42 2 1
293082 1 42 1 2
48173 1 42 1 1
46021 0 42 3 1
46022 0 42 3 1
46024 0 42 3 1
48171 0 42 3 1
48172 0 42 3 1
48174 0 42 3 1
290715 0 42 3 1
290718 0 42 3 1
292046 1 42 3 1
292047 1 42 3 1
292091 0 42 3 1
292093 0 42 3 1
292528 0 42 3 1
293080 0 42 3 2
293081 0 42 3 2
293083 0 42 3 2
355054 1 43 2 1
354515 1 43 2 3
353942 1 43 2 1
292409 1 43 2 3
47089 1 43 1 1
47091 0 43 3 1
292405 0 43 3 3
292406 0 43 3 3
292473 1 43 3 1
353944 0 43 3 1
354514 0 43 3 3
354516 0 43 3 3
355053 0 43 3 1
355055 0 43 3 1
355056 0 43 3 1
47059 1 44 4 1
46875 1 44 4 1
355223 1 44 3 1
354326 1 44 3 1
376619 1 44 2 3
290569 1 44 2 1
355148 1 44 1 1
290564 1 44 1 2
290570 0 44 3 1
290571 0 44 3 1
354327 0 44 3 1
354328 0 44 3 1
355147 0 44 3 1
355149 0 44 3 1
376620 0 44 3 3
46619 0 45 18 4
354704 1 45 3 1
354250 1 45 3 1
46737 1 45 3 1
354464 1 45 2 1
354355 1 45 2 3
47447 1 45 2 1
46684 1 45 2 1
4427 1 45 2 4
292092 1 45 1 3
291347 1 45 1 1
46740 0 45 3 1
46874 1 45 3 1
46876 1 45 3 1
47061 1 45 3 1
47448 0 45 3 1
47449 0 45 3 1
47450 0 45 3 1
47451 0 45 3 1
291348 0 45 3 1
292090 0 45 3 3
292091 0 45 3 3
292093 0 45 3 3
354353 0 45 3 3
354354 0 45 3 3
354356 0 45 4 3
354465 0 45 3 1
354705 0 45 3 1
354706 0 45 3 1
354707 0 45 3 1
355224 1 45 3 1
292261 1 46 2 3
46877 1 46 2 1
353559 1 46 1 1
290721 1 46 1 3
46878 0 46 3 1
290719 0 46 3 3
353562 0 46 3 1
354251 1 46 3 1
354252 1 46 3 1
354254 1 46 3 1
205600 1 47 4 2
356075 1 47 3 1
353884 1 47 3 1
353700 1 47 3 1
353591 1 47 3 1
355619 1 47 2 1
354811 1 47 2 1
353802 1 47 2 1
292477 1 47 2 3
290697 1 47 2 1
290562 1 47 2 1
258971 1 47 2 3
46901 1 47 2 1
355045 1 47 1 1
258969 0 47 3 3
258970 0 47 3 3
290560 0 47 3 1
290561 0 47 3 1
290565 0 47 3 1
292474 0 47 3 3
292475 0 47 3 3
353803 0 47 3 1
353804 0 47 3 1
353885 0 47 3 1
353886 0 47 3 1
353887 0 47 3 1
354353 1 47 3 3
354354 1 47 3 3
354810 0 47 3 1
354812 0 47 3 1
354813 0 47 3 1
355046 0 47 3 1
355390 0 47 3 1
355391 0 47 3 1
356074 0 47 3 1
356078 0 47 3 1
292902 1 48 3 2
291914 1 48 3 1
117517 1 48 3 3
46786 1 48 3 1
46626 1 48 3 1
46073 1 48 3 3
291035 1 48 2 1
341191 1 48 1 3
290571 1 48 1 3
46789 0 48 3 1
117518 0 48 3 3
205601 1 48 3 2
290569 0 48 3 3
290570 0 48 3 3
291916 0 48 3 1
292900 0 48 3 2
292901 0 48 3 2
353701 1 48 3 1
355620 1 48 3 1
355621 1 48 3 1
355935 1 49 3 1
355872 1 49 3 1
290788 1 49 3 1
46048 1 49 3 3
354617 1 49 2 1
354253 1 49 2 3
354216 1 49 2 1
291354 1 49 2 1
292472 1 49 1 3
291343 1 49 1 1
46496 1 49 1 1
46163 1 49 1 1
46049 0 49 3 3
46167 0 49 3 1
46497 0 49 3 1
46498 0 49 3 1
46627 1 49 3 1
46628 1 49 3 1
46630 1 49 3 1
291036 1 49 3 1
291037 1 49 3 1
292471 0 49 3 3
292473 0 49 3 3
354249 0 49 3 3
354250 0 49 3 3
354252 0 49 3 3
354254 0 49 3 3
354352 0 49 3 3
354353 0 49 3 3
354355 0 49 3 3
354618 0 49 3 1
354621 0 49 3 1
355938 0 49 3 1
46235 1 50 4 0
353907 1 50 3 1
292792 1 50 3 1
142456 1 50 3 3
47702 1 50 3 3
46171 1 50 3 1
46157 1 50 3 4
354812 1 50 2 3
353782 1 50 2 2
292986 1 50 2 1
142455 1 50 2 3
107857 1 50 2 3
47275 1 50 2 1
46738 1 50 2 1
292258 1 50 1 4
46043 1 50 1 1
46041 0 50 3 1
46042 0 50 3 1
46045 0 50 3 1
46736 0 50 3 1
46739 0 50 3 1
46740 0 50 3 1
46741 0 50 3 1
47274 0 50 3 1
47276 0 50 3 1
47277 0 50 3 1
47701 0 50 3 3
291355 1 50 3 1
291356 1 50 3 1
291357 1 50 3 1
291358 1 50 3 1
291359 1 50 3 1
292793 0 50 3 1
292794 0 50 3 1
292796 0 50 3 1
292984 0 50 3 1
292985 0 50 3 1
292987 0 50 3 1
355391 1 50 3 1
355871 1 50 3 1
355873 1 50 3 1
354214 1 51 4 0
356149 1 51 3 1
355937 0 51 4 1
292747 1 51 3 1
290872 1 51 3 1
269957 1 51 3 3
47752 1 51 3 1
444067 1 51 2 3
354018 1 51 2 1
292474 1 51 2 1
166707 1 51 2 3
46466 1 51 2 1
46164 1 51 2 1
354073 1 51 1 0
291345 1 51 1 3
46167 0 51 3 1
46168 1 51 3 1
46169 1 51 3 1
46173 1 51 3 1
46237 1 51 3 0
46239 1 51 3 0
46240 1 51 3 0
46465 0 51 3 1
46467 0 51 3 1
46468 0 51 5 1
46469 0 51 3 1
46470 0 51 3 1
269956 0 51 3 3
269958 0 51 3 3
291342 0 51 3 3
291343 0 51 3 3
291344 0 51 3 3
292477 0 51 3 1
292478 0 51 3 1
353905 1 51 3 1
354017 0 51 3 1
354019 0 51 3 1
354021 0 51 3 1
354074 0 51 3 0
354076 0 51 3 0
354077 0 51 3 0
354250 0 51 3 1
354252 0 51 3 1
354254 0 51 3 1
355936 0 51 4 1
355938 0 51 3 1
356148 0 51 3 1
356151 0 51 3 1
356152 0 51 3 1
444066 0 51 3 3
444068 0 51 3 3
435151 1 52 4 3
354351 1 52 4 0
355622 1 52 3 3
354966 1 52 3 3
354618 1 52 3 1
291271 1 52 3 1
48217 1 52 3 1
47779 1 52 3 1
46936 1 52 3 1
464088 1 52 2 3
355007 1 52 2 1
354813 1 52 2 3
292274 1 52 2 1
291396 1 52 2 2
46979 1 52 2 1
46049 1 52 2 3
353699 1 52 1 1
46048 0 52 3 3
46467 1 52 3 1
46469 1 52 3 1
46935 0 52 3 1
46981 0 52 4 1
47751 1 52 3 1
47753 1 52 3 1
47754 1 52 3 1
47755 1 52 3 1
47756 1 52 3 1
290873 1 52 3 1
290875 1 52 3 1
353701 0 52 3 1
354215 1 52 5 0
354217 1 52 3 0
354964 0 52 3 3
354965 0 52 3 3
355009 0 52 3 1
355010 0 52 3 1
355012 0 52 3 1
355935 0 52 3 1
355938 0 52 3 1
355939 0 52 3 1
453241 1 53 3 3
354503 1 53 3 1
291355 1 53 3 1
48200 1 53 3 1
47760 1 53 3 1
47695 1 53 3 1
355445 1 53 2 1
355380 1 53 2 1
353886 1 53 2 2
292680 1 53 2 1
291984 1 53 2 1
47037 1 53 2 1
46017 1 53 2 4
291291 1 53 1 3
291208 1 53 1 1
290724 1 53 1 4
46736 1 53 1 0
46222 1 53 1 1
46224 0 53 3 1
46739 0 53 3 0
46740 0 53 3 0
46741 0 53 3 0
47038 0 53 3 1
48201 0 53 3 1
290725 0 53 3 4
291205 0 53 3 1
291207 0 53 3 1
291209 0 53 3 1
291270 1 53 3 1
291273 1 53 3 1
291274 1 53 3 1
291275 1 53 3 1
291290 0 53 3 3
291292 0 53 3 3
291981 0 53 3 1
291982 0 53 3 1
291985 0 53 3 1
291986 0 53 3 1
353883 0 53 3 2
353887 0 53 3 2
354213 1 53 3 1
354216 1 53 3 1
354218 1 53 3 1
354353 1 53 3 0
354355 1 53 3 0
354615 1 53 3 1
354620 1 53 3 1
355443 0 53 3 1
355446 0 53 3 1
46225 1 54 4 3
473074 1 54 3 2
292776 1 54 3 1
292624 1 54 3 0
47436 1 54 3 1
46470 1 54 3 3
45897 1 54 3 1
355800 1 54 2 3
353623 1 54 2 4
293045 1 54 2 4
142452 1 54 2 3
47965 1 54 2 1
355799 0 54 3 3
259981 1 54 1 2
46818 1 54 1 1
46820 0 54 3 1
47438 0 54 3 1
47696 1 54 3 1
47698 1 54 3 1
47759 1 54 3 1
47761 1 54 3 1
47762 1 54 3 1
47967 0 54 3 1
142451 0 54 3 3
259978 0 54 3 2
259979 0 54 5 2
291356 1 54 3 1
291358 1 54 3 1
292626 0 54 3 0
292627 0 54 3 0
354215 0 54 3 3
354216 0 54 3 3
354218 0 54 3 3
354504 1 54 3 1
354506 1 54 3 1
355381 1 54 3 1
47102 1 55 4 1
47545 1 55 3 1
354197 1 55 2 1
354117 1 55 2 1
47427 1 55 2 1
47346 1 55 2 1
47326 1 55 2 1
47199 1 55 2 3
46623 1 55 2 1
46462 1 55 2 1
46169 1 55 2 1
46168 1 55 2 0
354224 1 55 1 1
354178 1 55 1 1
194521 1 55 1 2
45895 1 55 3 1
45898 1 55 3 1
46170 0 55 3 0
46171 0 55 3 0
46173 0 55 3 0
46170 0 55 3 1
46223 1 55 3 3
46224 1 55 3 3
46458 0 55 3 1
46459 0 55 3 1
46461 0 55 3 1
47196 0 55 3 3
47198 0 55 3 3
47200 0 55 3 3
47347 0 55 3 1
47348 0 55 3 1
47351 0 55 3 1
47426 0 55 3 1
47429 0 55 4 1
259978 1 55 3 0
292778 1 55 3 1
292779 1 55 3 1
354179 0 55 3 1
473072 1 55 3 2
356153 1 56 3 1
291263 1 56 3 1
291114 1 56 3 1
47000 1 56 3 2
46252 1 56 3 1
434107 1 56 2 3
355196 1 56 2 1
292102 1 56 2 3
291175 1 56 2 1
98732 1 56 2 3
47679 1 56 2 1
47103 1 56 2 1
46381 0 56 4 1
354029 1 56 1 4
353633 1 56 1 3
46817 1 56 1 0
46393 1 56 1 2
46253 0 56 3 1
46254 0 56 3 1
46384 0 56 3 1
46389 0 56 3 2
46392 0 56 3 2
46394 0 56 3 2
46818 0 56 3 0
47104 1 56 3 1
47105 1 56 3 1
47680 0 56 3 1
47681 0 56 3 1
98731 0 56 3 3
291265 0 56 3 1
292101 0 56 3 3
354027 0 56 3 4
355195 0 56 3 1
355199 0 56 3 1
356154 0 56 3 1
356156 0 56 3 1
46375 1 57 4 4
356675 1 57 3 2
48169 1 57 3 1
47375 1 57 3 2
47145 1 57 3 1
46383 0 57 5 3
1289 1 57 3 1
356148 1 57 2 0
354243 1 57 2 1
337274 1 57 2 3
292718 1 57 2 1
291126 1 57 2 1
166708 1 57 2 3
48201 1 57 2 1
47761 1 57 2 1
47583 1 57 2 1
47349 1 57 2 1
46231 1 57 2 1
45994 1 57 2 1
435150 1 57 1 3
355541 1 57 1 0
354339 1 57 1 1
341537 1 57 1 3
291180 1 57 1 1
46646 1 57 1 1
46089 1 57 1 1
45995 0 57 3 1
45996 0 57 3 1
45997 0 57 3 1
46088 0 57 3 1
46647 0 57 3 1
47104 1 57 3 1
47346 0 57 3 1
47347 0 57 3 1
47348 0 57 3 1
47371 0 57 3 2
47373 0 57 3 2
47376 0 57 3 2
47426 1 57 3 3
47428 1 57 3 3
47584 0 57 3 1
47585 0 57 3 1
47587 0 57 3 1
47760 0 57 3 1
47762 0 57 3 1
48170 0 57 3 1
48199 0 57 3 1
291115 1 57 3 1
291116 1 57 3 1
291125 0 57 3 1
291127 0 57 3 1
291128 0 57 3 1
291176 1 57 3 1
291178 1 57 3 1
292719 0 57 3 1
292720 0 57 3 1
292721 0 57 3 1
337275 0 57 3 3
341538 0 57 3 3
354241 0 57 3 1
354242 0 57 3 1
354244 0 57 3 1
354338 0 57 3 1
354340 0 57 3 1
354341 0 57 3 1
355542 0 57 3 0
355543 0 57 3 0
356151 0 57 3 0
356152 0 57 3 0
356674 0 57 3 2
356676 0 57 3 2
435151 0 57 3 3
528798 1 58 4 3
46256 1 58 4 3
355798 1 58 3 1
353667 1 58 3 0
355535 1 58 2 1
354675 1 58 2 1
353962 1 58 2 1
291118 1 58 2 1
290883 1 58 2 3
48088 1 58 2 1
47491 1 58 2 1
46587 1 58 2 1
551003 1 58 1 3
1290 1 58 3 1
46374 1 58 3 4
46588 0 58 3 1
46589 0 58 3 1
47147 1 58 3 1
48089 0 58 3 1
290881 0 58 3 3
290882 0 58 3 3
291119 0 58 3 1
291120 0 58 3 1
353669 0 58 3 0
353959 0 58 3 1
353961 0 58 3 1
353963 0 58 3 1
354676 0 58 3 1
354677 0 58 3 1
355538 0 58 3 1
355799 0 58 3 1
355800 0 58 3 1
551002 0 58 3 3
354903 1 59 4 1
353670 1 59 3 3
46575 1 59 3 3
46384 1 59 3 3
17838 1 59 3 3
354260 1 59 2 1
292777 1 59 2 3
292072 1 59 2 1
291183 1 59 2 3
354917 1 59 1 1
47698 1 59 1 3
17835 0 59 3 3
17836 0 59 3 3
17837 0 59 3 3
46252 1 59 3 3
46253 1 59 3 3
46254 1 59 3 3
46255 1 59 3 3
46381 0 59 3 3
46382 0 59 3 3
46574 0 59 3 3
47102 0 59 3 3
47103 0 59 3 3
47346 0 59 3 1
47350 0 59 3 1
47351 0 59 3 1
47695 0 59 3 3
47697 0 59 3 3
47699 0 59 3 3
291180 0 59 3 3
291181 0 59 3 3
291184 0 59 3 3
292071 0 59 3 1
292073 0 59 3 1
528799 1 59 3 3
292720 1 60 4 1
354615 1 60 3 0
337271 1 60 3 1
290483 1 60 3 1
490034 1 60 2 2
355542 1 60 2 0
354820 1 60 2 1
184708 0 60 4 3
48109 1 60 2 4
47348 1 60 2 1
46926 1 60 2 3
46088 1 60 2 1
355537 1 60 1 3
354756 1 60 1 1
354180 1 60 1 3
46089 0 60 3 1
46091 0 60 3 1
46921 0 60 3 3
46922 0 60 3 3
46923 0 60 3 3
46925 0 60 3 3
47349 0 60 3 1
47350 0 60 3 1
184709 0 60 3 2
184710 0 60 3 2
184711 0 60 3 2
290480 0 60 4 1
290481 0 60 3 1
290482 0 60 3 1
290484 0 60 3 1
290486 0 60 3 1
353668 1 60 3 3
354177 0 60 3 3
354261 1 60 3 1
354263 1 60 3 1
354754 0 60 3 1
354755 0 60 3 1
354758 0 60 3 1
354902 1 60 3 1
354905 1 60 3 1
355533 0 60 3 3
355535 0 60 3 3
355940 1 61 3 0
208172 1 61 3 3
189021 1 61 3 3
63475 0 61 4 2
48170 1 61 3 3
35276 1 61 3 3
383063 1 61 2 3
291438 1 61 2 3
290882 0 61 3 1
290878 1 61 2 1
140628 1 61 2 3
48199 1 61 2 1
47877 1 61 2 2
47587 1 61 2 3
47232 1 61 2 1
46986 1 61 2 1
46655 1 61 2 1
46600 1 61 2 1
46207 1 61 2 1
46193 1 61 2 1
45925 1 61 2 1
353613 1 61 1 3
291167 1 61 1 4
45926 0 61 3 1
45927 0 61 3 1
46194 0 61 3 1
46196 0 61 3 1
46206 0 61 3 1
46208 0 61 3 1
46209 0 61 3 1
46985 0 61 3 1
46988 0 61 3 1
47231 0 61 3 1
47233 0 61 3 1
47585 0 61 3 3
47875 0 61 3 2
48169 0 61 3 3
48200 0 61 3 1
48201 0 61 3 1
48203 0 61 3 1
63474 0 61 3 1
63478 0 61 3 1
63479 0 61 3 1
63480 0 61 3 1
81277 0 61 3 2
140625 0 61 3 3
140626 0 61 3 3
184709 0 61 3 3
184710 0 61 3 3
208169 0 61 3 3
208170 0 61 3 3
208171 0 61 3 3
290481 0 61 3 1
290482 0 61 3 1
290484 0 61 3 1
290485 0 61 3 1
290486 0 61 3 1
290879 0 61 3 1
290880 0 61 3 1
290879 0 61 3 3
290881 0 61 3 3
290883 0 61 3 3
291434 0 61 3 3
292718 1 61 3 1
292719 1 61 3 1
337272 1 61 3 1
337273 1 61 3 1
337275 1 61 3 1
353612 0 61 3 3
354617 1 61 3 0
354619 1 61 3 0
354621 1 61 3 0
354821 1 61 3 1
354822 1 61 3 1
354823 1 61 3 1
383061 0 61 3 3
353629 1 62 3 1
293067 1 62 3 1
64203 1 62 3 2
388992 1 62 2 3
355492 1 62 2 0
353927 1 62 2 1
291115 1 62 2 2
48174 1 62 2 3
47432 1 62 2 3
47430 1 62 2 1
46707 1 62 2 3
45981 1 62 2 4
426992 1 62 1 3
292801 1 62 1 1
63476 1 62 1 2
47882 1 62 1 1
47431 0 62 3 1
47881 0 62 3 1
47883 0 62 3 1
47884 0 62 3 1
48172 0 62 3 3
48173 0 62 3 3
48175 0 62 3 3
63478 0 62 3 2
63479 0 62 3 2
63480 0 62 3 2
291114 0 62 3 2
292799 0 62 3 1
292802 0 62 3 1
353630 0 62 3 1
353633 0 62 3 1
353926 0 62 3 1
353928 0 62 3 1
355493 0 62 3 0
355495 0 62 3 0
355941 1 62 3 0
355944 1 62 3 0
388993 0 62 3 3
355214 1 63 3 1
292169 1 63 3 1
46990 1 63 3 4
46508 1 63 3 4
354927 1 63 2 1
352121 1 63 2 2
291184 1 63 2 3
260101 1 63 2 1
47663 1 63 2 1
45938 1 63 2 2
290296 1 63 1 1
45937 0 63 3 2
47665 0 63 3 1
47667 0 63 3 1
290297 0 63 3 1
290298 0 63 3 1
291179 0 63 3 3
291183 0 63 3 3
292170 0 63 3 1
292173 0 63 3 1
354929 0 63 3 1
354930 0 63 3 1
410954 1 64 3 2
354059 1 64 3 1
275510 0 64 5 1
92117 1 64 3 2
47335 1 64 3 3
35275 1 64 3 3
450 0 64 5 3
388888 1 64 2 3
354904 1 64 2 2
292722 1 64 2 3
291015 1 64 2 2
63551 1 64 2 1
47651 1 64 2 1
47418 0 64 4 3
46055 1 64 2 2
291181 1 64 1 1
243979 1 64 1 3
448 0 64 3 1
451 0 64 3 1
35276 0 64 3 3
46053 0 64 3 2
46987 1 64 3 0
47417 0 64 3 1
47419 0 64 3 1
92118 0 64 3 2
92119 0 64 3 2
259318 0 64 3 1
275508 0 64 3 3
291016 0 64 3 2
291179 0 64 3 1
292718 0 64 3 3
292719 0 64 3 3
292720 0 64 3 3
292721 0 64 3 3
354060 0 64 3 1
354061 0 64 3 1
410956 0 64 3 2
356292 1 65 3 0
354616 1 65 3 1
293057 1 65 3 0
293054 1 65 3 1
126646 1 65 3 3
47420 1 65 3 3
355506 1 65 2 1
337403 1 65 2 2
337072 1 65 2 1
292196 1 65 2 1
259317 1 65 2 1
113681 1 65 2 2
63483 1 65 2 4
63477 1 65 2 2
47203 1 65 2 1
46681 1 65 2 1
46208 1 65 2 3
45982 1 65 2 2
35279 1 65 2 2
356295 1 65 1 1
35278 0 65 3 2
46207 0 65 3 3
46680 0 65 3 1
46683 0 65 3 1
47206 0 65 3 1
47207 0 65 3 1
47417 0 65 3 3
47419 0 65 3 3
48050 0 65 3 1
63538 0 65 3 1
113682 0 65 3 2
293056 0 65 3 1
293061 0 65 3 0
337073 0 65 3 1
337075 0 65 3 1
337402 0 65 3 2
337404 0 65 3 2
355505 0 65 3 1
355508 0 65 3 1
356296 0 65 3 1
356297 0 65 3 1
363666 1 66 3 3
354926 1 66 3 0
275509 1 66 3 1
47669 1 66 3 1
47631 1 66 3 3
356227 0 66 3 1
355969 1 66 2 1
355903 1 66 2 1
354014 1 66 2 1
353632 1 66 2 3
293068 1 66 2 3
290297 1 66 2 1
82511 1 66 2 0
453 1 66 2 3
356226 1 66 1 1
448 0 66 3 3
449 0 66 3 3
451 0 66 3 3
452 0 66 3 3
45984 1 66 3 2
47629 0 66 3 3
47630 0 66 3 3
47671 0 66 3 1
82513 0 66 3 0
275507 0 66 3 1
290296 0 66 3 1
290298 0 66 3 1
290299 0 66 3 1
292199 1 66 3 1
353628 0 66 3 3
353630 0 66 3 3
354618 1 66 3 1
354619 1 66 3 1
354620 1 66 3 1
354928 0 66 3 0
354929 0 66 3 0
355902 0 66 3 1
356228 0 66 3 1
356293 1 66 3 0
356294 1 66 3 0
356295 1 66 3 0
356297 1 66 3 0
363664 0 66 3 3
363665 0 66 3 3
363667 0 66 3 3
258390 1 67 4 1
82190 1 67 4 3
56213 1 67 4 2
45885 1 67 4 3
506214 1 67 3 3
355671 1 67 3 3
292889 1 67 3 1
291137 1 67 3 1
291017 1 67 3 3
258597 1 67 3 1
46825 1 67 3 4
46605 1 67 3 1
46058 1 67 3 1
45890 1 67 3 3
1089 1 67 3 1
507236 1 67 2 2
506213 1 67 2 3
354294 1 67 2 3
338432 1 67 2 1
311037 1 67 2 3
63851 1 67 2 1
63396 1 67 2 1
47666 1 67 1 3
17837 1 67 1 3
17836 0 67 3 3
45888 0 67 3 3
45889 0 67 3 3
45891 0 67 3 3
46606 0 67 3 1
46608 0 67 3 1
47664 0 67 3 3
47667 0 67 3 3
63395 0 67 3 1
63397 0 67 3 1
63400 0 67 3 1
63852 0 67 3 1
113681 0 67 3 3
258596 0 67 3 1
258598 0 67 3 1
258599 0 67 3 1
258600 0 67 3 1
258601 0 67 3 1
291138 0 67 3 1
291139 0 67 3 1
355669 0 67 3 3
355670 0 67 3 3
355582 1 68 3 2
290450 1 68 3 3
275594 1 68 3 2
258539 1 68 3 1
64290 1 68 3 1
58270 1 68 3 3
47206 0 68 5 3
461010 1 68 2 2
312574 1 68 2 3
292721 1 68 2 3
63538 1 68 2 2
338270 1 68 1 1
291676 1 68 1 2
48237 1 68 1 1
1091 1 68 3 1
1092 1 68 3 1
1093 1 68 3 1
1094 1 68 3 1
48236 0 68 3 1
48238 0 68 3 1
63536 0 68 3 2
63537 0 68 3 2
82188 1 68 3 3
82191 1 68 3 3
258389 1 68 3 1
258391 1 68 3 1
258541 0 68 3 1
275596 0 68 3 2
290451 0 68 3 3
291016 1 68 3 3
292718 0 68 3 3
292720 0 68 3 3
312573 0 68 3 3
312575 0 68 3 3
338268 0 68 3 1
338272 0 68 3 1
461011 0 68 3 2
478689 0 68 3 3
258419 1 69 4 0
338689 1 69 3 1
82518 1 69 3 0
82509 1 69 3 3
65235 1 69 3 1
63393 1 69 3 3
45910 1 69 3 3
308255 1 69 2 3
291179 1 69 2 1
290498 1 69 2 0
260249 1 69 2 2
259325 1 69 2 2
46762 1 69 2 4
337763 1 69 1 3
113900 1 69 1 3
47203 1 69 3 3
47204 1 69 3 3
63392 0 69 3 3
82510 0 69 3 3
82517 0 69 3 0
113899 0 69 3 3
260250 0 69 3 2
260251 0 69 3 2
290500 0 69 3 0
291180 0 69 3 1
291182 0 69 3 1
291183 0 69 3 1
337762 0 69 3 3
338687 0 69 3 1
338688 0 69 3 1
432661 0 70 13 4
348816 0 70 13 3
308254 1 70 4 3
260118 1 70 4 1
64527 1 70 4 1
338431 1 70 3 0
258415 1 70 3 4
150933 1 70 3 2
47671 1 70 3 3
35278 1 70 3 2
382828 1 70 2 3
356222 1 70 2 1
353981 1 70 2 1
291139 1 70 2 3
259159 1 70 2 1
131115 1 70 2 3
63404 1 70 2 3
47647 1 70 2 1
47207 1 70 2 3
46324 1 70 2 4
17840 1 70 2 2
47630 1 70 1 3
47457 1 70 1 1
17839 0 70 3 2
35277 0 70 3 2
35279 0 70 3 2
45911 1 70 3 3
47456 0 70 3 1
47458 0 70 3 1
47629 0 70 3 3
47646 0 70 3 1
47648 0 70 3 1
47649 0 70 3 1
63402 0 70 3 3
63403 0 70 3 3
65234 1 70 3 1
65236 1 70 3 1
65238 1 70 3 1
150934 0 70 3 2
150935 0 70 3 2
258420 1 70 3 0
258422 1 70 3 0
259160 0 70 3 1
259161 0 70 3 1
291137 0 70 3 3
291138 0 70 3 3
291140 0 70 3 3
338432 0 70 3 0
338433 0 70 3 0
338434 0 70 3 0
353982 0 70 3 1
353983 0 70 3 1
353984 0 70 3 1
356220 0 70 3 1
356221 0 70 3 1
382826 0 70 3 3
485873 1 71 3 3
82370 1 71 3 3
48052 1 71 3 1
46607 1 71 3 3
355680 1 71 1 3
355069 1 71 1 0
82571 1 71 1 0
65508 1 71 1 1
64289 1 71 1 1
47983 1 71 1 2
46605 0 71 3 3
46696 0 71 3 1
47984 0 71 3 2
48053 0 71 3 1
48055 0 71 3 1
64288 0 71 3 1
64292 0 71 3 1
64293 0 71 3 1
64526 1 71 3 1
64529 1 71 3 1
64530 1 71 3 1
65506 0 71 3 1
65507 0 71 3 1
65509 0 71 3 1
82368 0 71 3 3
260120 1 71 3 1
308255 1 71 3 3
348815 1 71 3 3
355679 0 71 3 3
432662 1 71 3 4
46590 0 72 18 4
337575 1 72 3 1
293104 1 72 3 1
63540 1 72 3 1
47262 1 72 3 1
478674 1 72 2 1
342369 1 72 2 3
64696 1 72 2 1
64154 1 72 2 1
47475 1 72 2 3
47459 1 72 2 3
46695 1 72 2 1
338686 1 72 1 1
260515 1 72 1 1
47456 0 72 3 3
47472 0 72 3 3
63542 0 72 3 1
64695 0 72 3 1
64697 0 72 3 1
260514 0 72 3 1
260516 0 72 4 1
260517 0 72 3 1
293103 0 72 3 1
293105 0 72 3 1
293106 0 72 3 1
337576 0 72 3 1
337577 0 72 3 1
337578 0 72 3 1
338687 0 72 3 1
338688 0 72 3 1
338689 0 72 3 1
338691 0 72 3 1
353982 0 72 3 1
353984 0 72 3 1
478677 0 72 3 1
395958 1 73 3 3
337065 1 73 3 1
46445 1 73 3 3
355070 1 73 2 0
338174 1 73 2 1
337584 1 73 2 4
337458 1 73 2 1
275511 1 73 2 3
259160 1 73 2 1
82516 1 73 2 4
46851 1 73 2 0
338440 1 73 1 2
63403 1 73 1 3
46444 1 73 1 4
46446 0 73 3 3
46589 1 73 3 4
46852 0 73 3 0
46855 0 73 3 0
63401 0 73 3 3
63402 0 73 3 3
82515 0 73 3 4
259161 0 73 3 1
275509 0 73 3 3
337064 0 73 3 1
337459 0 73 3 1
337460 0 73 3 1
338175 0 73 3 1
338177 0 73 3 1
338439 0 73 3 2
353983 1 73 3 1
353984 1 73 3 1
353985 1 73 3 1
355071 0 73 3 0
355072 0 73 3 0
276025 1 74 3 1
47849 1 74 3 1
355484 1 74 2 1
65352 1 74 2 1
47469 1 74 2 1
46696 1 74 2 3
46260 1 74 2 4
260130 1 74 1 1
65507 1 74 1 1
47466 0 74 4 1
47468 0 74 3 1
47470 0 74 4 1
47848 0 74 3 1
65353 0 74 3 1
65354 0 74 3 1
65355 0 74 3 1
65506 0 74 4 1
65508 0 74 3 1
65509 0 74 3 1
260514 1 74 3 1
260515 1 74 3 1
260518 1 74 3 1
276027 0 74 3 1
290340 0 74 3 1
290343 0 74 3 1
355485 0 74 3 1
355486 0 74 3 1
355488 0 74 3 1
478551 1 75 3 4
420537 1 75 3 2
337009 1 75 3 3
294685 1 75 3 3
121462 1 75 3 1
65232 1 75 3 4
355816 1 75 2 4
355678 1 75 2 1
337844 1 75 2 0
336825 1 75 2 1
64529 1 75 2 3
64179 1 75 2 1
63515 1 75 2 1
363675 1 75 1 3
260120 1 75 1 3
47046 1 75 1 3
46486 1 75 1 1
46487 0 75 3 1
46489 0 75 3 1
47047 0 75 3 3
47468 0 75 3 0
47470 0 75 3 0
47471 0 75 3 0
64180 0 75 3 1
64182 0 75 3 1
64527 0 75 3 3
64530 0 75 3 3
65233 0 75 3 4
65508 0 75 3 1
65509 0 75 3 1
260118 0 75 3 3
294686 0 75 3 3
336824 0 75 3 1
336826 0 75 3 1
336827 0 75 3 1
337846 0 75 3 0
337848 0 75 3 0
337849 0 75 3 0
353981 0 75 3 3
353982 0 75 3 3
353984 0 75 3 3
355679 0 75 3 1
363674 0 75 3 3
420536 0 75 3 2
375704 1 76 3 3
260129 1 76 3 1
122312 1 76 3 1
112285 1 76 3 3
478716 1 76 2 1
478686 1 76 2 3
478675 1 76 2 1
293118 1 76 2 1
292748 1 76 2 1
260517 1 76 2 3
64697 1 76 2 1
47466 1 76 3 2
47467 1 76 3 2
47468 1 76 3 2
64153 0 76 3 3
64154 0 76 3 3
64696 0 76 3 1
64699 0 76 3 1
121461 1 76 3 1
121464 1 76 3 1
260515 0 76 3 3
260518 0 76 3 3
293120 0 76 3 1
293121 0 76 3 1
293122 0 76 3 1
460468 0 76 3 2
460469 0 76 3 2
460473 0 76 3 2
478676 0 76 3 1
478683 0 76 3 3
478684 0 76 3 3
478685 0 76 3 3
478718 0 76 3 1
293117 1 77 4 1
402317 1 77 3 3
126979 1 77 3 3
46543 1 77 3 2
290340 1 77 2 0
268612 1 77 2 3
63516 1 77 2 1
46262 1 77 2 1
46052 1 77 2 3
337147 1 77 1 1
292350 1 77 1 3
67003 1 77 1 3
47476 1 77 1 3
46541 0 77 3 2
47469 0 77 3 1
47472 0 77 3 3
47473 0 77 3 3
47474 0 77 3 3
47475 0 77 3 3
63514 0 77 3 1
63517 0 77 3 1
63518 0 77 3 1
67000 0 77 3 3
126977 0 77 3 3
126978 0 77 3 3
268610 0 77 3 3
268611 0 77 3 3
290342 0 77 3 0
290343 0 77 3 0
292346 0 77 3 3
292347 0 77 3 3
292348 0 77 3 3
292749 1 77 3 1
336825 0 77 3 3
337148 0 77 3 1
337149 0 77 3 1
63809 1 78 4 1
499226 1 78 3 3
321726 1 78 3 3
448466 1 78 2 3
64528 1 78 2 1
73194 1 78 1 3
64526 0 78 3 1
73189 0 78 3 3
73190 0 78 3 3
73191 0 78 3 3
73192 0 78 3 3
293118 1 78 3 1
293119 1 78 3 1
499225 0 78 3 3
478971 1 79 3 1
112286 1 79 3 4
477426 1 79 2 2
143776 1 79 2 3
324862 1 79 1 2
122777 1 79 1 1
46913 1 79 1 1
46914 0 79 3 1
46915 0 79 3 1
63515 0 79 3 3
63519 0 79 3 3
63810 1 79 3 1
63811 1 79 3 1
63813 1 79 3 1
112287 0 79 3 4
122778 0 79 3 1
122780 0 79 3 1
122781 0 79 3 1
122782 0 79 3 1
143777 0 79 3 3
324861 0 79 3 2
478969 0 79 3 1
478970 0 79 3 1
478973 0 79 3 1
64487 0 80 8 0
337757 1 80 4 3
121942 1 80 4 0
511419 1 80 3 3
64161 1 80 3 3
337295 1 80 2 1
293236 1 80 2 1
122311 1 80 2 1
121657 1 80 2 1
64706 1 80 2 1
355804 1 80 1 1
64162 0 80 3 3
73192 0 80 3 1
73193 0 80 3 1
121658 0 80 3 1
121659 0 80 3 1
337293 0 80 3 1
337296 0 80 3 1
65309 1 81 4 1
64147 1 81 4 1
478832 1 81 3 1
338728 1 81 3 4
291097 1 81 3 1
77652 0 81 4 0
72637 1 81 3 1
63356 1 81 3 1
535440 1 81 2 3
478305 1 81 2 1
189249 1 81 2 3
126977 1 81 2 1
121937 1 81 2 1
64922 1 81 2 1
64708 1 81 3 1
337486 1 81 1 1
143778 1 81 1 3
63355 0 81 3 1
63357 0 81 3 1
64488 1 81 3 0
64489 1 81 3 0
64490 1 81 3 0
64709 1 81 3 1
64924 0 81 3 1
121945 1 81 3 0
122314 1 81 3 1
122315 1 81 3 1
126980 0 81 3 1
143779 0 81 3 3
293237 1 81 3 1
337487 0 81 3 1
337758 1 81 3 3
478306 0 81 3 1
535441 0 81 3 3
478968 0 82 5 2
122510 1 82 3 1
460466 1 82 2 2
292076 1 82 2 4
291132 1 82 2 1
122613 1 82 2 1
122061 1 82 2 1
121492 1 82 2 4
99387 1 82 2 2
71794 1 82 2 1
77646 1 82 3 3
64148 1 82 3 1
64150 1 82 3 1
64152 1 82 3 1
65308 1 82 3 1
65311 1 82 3 1
77647 0 82 3 0
77648 0 82 5 0
77650 0 82 3 0
77651 0 82 3 0
77647 1 82 3 3
77650 1 82 3 3
77651 1 82 3 3
99386 0 82 3 2
99388 0 82 3 2
121491 0 82 3 4
122509 0 82 3 1
122511 0 82 3 1
122614 0 82 3 1
122616 0 82 3 1
291134 0 82 3 1
291135 0 82 3 1
292075 0 82 3 4
513741 0 83 13 3
72638 1 83 4 1
477607 1 83 3 1
482379 1 83 2 3
477786 1 83 2 1
448762 1 83 2 2
338751 1 83 2 1
337663 1 83 2 3
130338 1 83 2 1
122943 1 83 2 1
121788 1 83 2 2
71521 1 83 2 1
65554 1 83 2 1
65553 1 83 2 3
536850 1 83 1 3
337770 1 83 1 1
65551 0 83 3 3
65555 0 83 4 1
77649 1 83 3 1
77651 1 83 3 1
77652 1 83 3 1
130339 0 83 3 1
130340 0 83 3 1
337661 0 83 3 3
337662 0 83 3 3
337664 0 83 3 3
337769 0 83 3 1
337772 0 83 3 1
338749 0 83 3 1
338750 0 83 3 1
338754 0 83 3 1
477608 0 83 3 1
478969 1 83 3 0
478971 1 83 3 0
478972 1 83 4 0
482377 0 83 3 3
536849 0 83 3 3
477569 1 84 3 0
337465 1 84 3 1
64924 1 84 3 3
539819 1 84 2 1
338618 1 84 2 1
338162 1 84 2 1
292270 1 84 2 1
290978 1 84 2 3
73080 0 84 4 3
64268 1 84 2 1
121939 1 84 1 3
63249 0 84 3 3
63356 1 84 3 1
63358 1 84 3 1
64269 0 84 3 1
64270 0 84 3 1
64271 0 84 3 1
72639 1 84 3 1
73082 0 84 3 1
73083 0 84 4 1
77646 0 84 3 3
121937 0 84 3 3
121938 0 84 3 3
122945 1 84 3 1
290977 0 84 3 3
292272 0 84 3 1
337467 0 84 3 1
337468 0 84 3 1
338161 0 84 3 1
338163 0 84 3 1
338165 0 84 3 1
338620 0 84 3 1
338621 0 84 3 1
478969 0 84 3 2
478973 0 84 3 2
539820 0 84 3 1
539821 0 84 3 1
539822 0 84 3 1
539823 0 84 3 1
73051 0 85 13 3
291782 1 85 4 1
527630 1 85 3 2
179097 1 85 3 3
64067 1 85 3 3
479175 1 85 2 1
291131 1 85 2 0
72740 1 85 2 1
71526 1 85 2 1
46852 1 85 2 1
355806 1 85 1 3
121944 1 85 1 3
72568 1 85 1 1
72171 1 85 1 1
71590 1 85 1 3
64535 1 85 1 3
46854 0 85 3 1
46855 0 85 3 1
64531 0 85 3 3
64532 0 85 3 3
64533 0 85 4 3
64534 0 85 3 3
64536 0 85 3 3
71527 0 85 3 1
71589 0 85 3 3
71591 0 85 3 3
72570 0 85 3 1
72571 0 85 3 1
72741 0 85 3 1
72742 0 85 3 1
73081 0 85 3 3
73082 0 85 3 3
121943 0 85 3 3
121945 0 85 3 3
291132 0 85 3 0
291133 0 85 3 0
291135 0 85 3 0
355805 0 85 3 3
477571 1 85 3 0
477572 1 85 3 0
477573 1 85 3 0
479174 0 85 3 1
337298 1 86 4 0
64512 1 86 4 1
337723 1 86 3 3
292071 1 86 3 1
72260 1 86 3 2
71528 1 86 3 3
71410 1 86 3 1
460279 1 86 2 1
292030 1 86 2 1
122608 1 86 2 3
122022 1 86 2 3
72192 1 86 2 1
65208 1 86 2 1
64064 1 86 3 3
64065 1 86 3 3
64535 0 86 3 1
65210 0 86 3 1
65211 0 86 3 1
66476 0 86 3 3
71411 0 86 3 1
71412 0 86 3 1
71413 0 86 3 1
71414 0 86 3 1
72195 0 86 3 1
73047 1 86 3 3
73048 1 86 3 3
73049 1 86 3 3
73050 1 86 3 3
73052 1 86 3 3
122020 0 86 3 3
122023 0 86 3 3
179098 1 86 3 3
291781 1 86 3 1
291784 1 86 3 1
292031 0 86 3 1
460282 0 86 3 1
527631 1 86 3 2
527632 1 86 3 2
460317 1 87 4 3
291052 1 87 4 1
349710 1 87 3 0
72267 1 87 3 1
72146 0 87 4 1
71621 1 87 3 1
71602 1 87 3 3
71520 0 87 5 3
513742 1 87 2 1
482378 1 87 2 3
122622 1 87 2 4
73017 1 87 2 1
65189 1 87 2 1
64774 1 87 2 1
64530 1 87 2 3
63710 1 87 2 4
539816 1 87 1 0
130337 1 87 1 1
72140 1 87 1 1
63708 0 87 3 4
64515 1 87 3 1
64528 0 87 3 3
64529 0 87 3 3
64773 0 87 3 1
64775 0 87 3 1
65187 0 87 3 1
65188 0 87 3 1
71519 0 87 3 1
71521 0 87 3 1
71523 0 87 3 1
71527 1 87 3 3
71622 0 87 3 1
130336 0 87 3 1
130338 0 87 3 1
337300 1 87 3 0
337301 1 87 3 0
349711 0 87 3 0
349712 0 87 3 0
482377 0 87 3 3
513744 0 87 3 1
513745 0 87 3 1
539818 0 87 3 0
122018 1 88 3 3
119747 1 88 3 4
78309 1 88 3 3
122301 1 88 2 1
73019 1 88 3 1
72145 1 88 3 1
540847 1 88 1 1
477570 1 88 1 0
459249 1 88 1 1
386520 1 88 1 3
72636 1 88 1 1
71375 1 88 1 1
71378 0 88 3 1
72147 0 88 3 1
72148 1 88 3 1
72268 1 88 3 1
72269 1 88 3 1
78308 0 88 3 3
122302 0 88 3 1
130332 0 88 3 1
460316 1 88 3 3
477572 0 88 3 0
477573 0 88 3 0
540848 0 88 3 1
540849 0 88 3 1
121406 1 89 4 1
72139 1 89 4 1
513743 0 89 4 3
291495 1 89 3 1
122276 0 89 5 3
72229 0 89 5 1
71480 1 89 3 2
337090 1 89 2 3
121405 1 89 2 1
75014 1 89 2 2
72981 1 89 2 1
72293 1 89 2 3
72195 0 89 4 3
72137 1 89 2 1
64038 1 89 2 1
539795 1 89 1 3
64357 1 89 1 1
64036 0 89 3 1
64037 0 89 3 1
64039 0 89 3 1
64041 0 89 3 1
64358 0 89 3 1
64359 0 89 3 1
64360 0 89 3 1
65209 0 89 5 0
65211 0 89 4 0
65207 0 89 5 1
65208 0 89 3 1
72138 0 89 3 1
72140 0 89 3 1
72192 0 89 3 3
72227 0 89 3 1
72233 0 89 3 1
72292 0 89 3 3
72984 0 89 3 1
75012 0 89 3 2
121404 0 89 3 1
121407 0 89 3 1
122277 0 89 3 3
291494 0 89 3 1
291498 0 89 3 1
513742 0 89 3 1
513744 0 89 3 1
513745 0 89 4 1
539792 0 89 3 3
128870 1 90 4 1
464031 1 90 3 1
130494 1 90 3 1
129062 1 90 3 1
122904 1 90 3 3
64401 1 90 3 1
540800 1 90 2 1
292032 1 90 2 1
291781 1 90 2 1
122712 1 90 2 4
122183 1 90 2 1
73018 1 90 2 1
72598 1 90 2 3
72562 1 90 2 3
72194 1 90 2 3
71975 1 90 2 1
64775 1 90 2 1
64745 1 90 2 3
71589 1 90 1 3
64744 0 90 3 3
64746 0 90 3 3
64772 0 90 3 1
64773 0 90 3 1
64774 0 90 3 1
64776 0 90 3 1
65212 0 90 3 3
71481 1 90 3 2
71482 1 90 4 2
71974 0 90 4 1
71977 0 90 3 1
71978 0 90 3 1
71979 0 90 3 1
72138 1 90 3 1
72141 1 90 3 1
72193 0 90 3 3
72560 0 90 3 3
72599 0 90 3 3
73017 0 90 3 1
73019 0 90 3 1
73020 0 90 3 1
73021 0 90 3 1
121408 1 90 3 1
122182 0 90 3 1
122713 0 90 3 4
291779 0 90 4 1
291780 0 90 3 1
291783 0 90 3 1
292033 0 90 3 1
292034 0 90 3 1
337088 1 90 3 3
513742 0 90 3 3
513746 0 90 3 3
540802 0 90 3 1
540804 0 90 3 1
539672 1 91 3 3
413882 1 91 3 3
123024 1 91 3 1
71622 1 91 3 3
539677 1 91 2 1
72262 1 91 2 2
72231 1 91 2 1
122020 1 91 1 1
63424 0 91 3 3
64400 1 91 3 1
64402 1 91 3 1
71621 0 91 3 3
71623 0 91 3 3
71977 0 91 3 0
72228 0 91 3 1
72230 0 91 3 1
122019 0 91 3 1
122022 0 91 3 1
122023 0 91 3 1
122901 1 91 3 3
122902 1 91 3 3
122903 1 91 3 3
123025 0 91 3 1
129063 1 91 3 1
291780 0 91 3 0
291784 0 91 3 0
413880 0 91 3 3
413881 0 91 3 3
539671 0 91 3 3
539673 0 91 3 3
539676 0 91 3 1
539680 0 91 3 1
71668 1 92 4 1
522546 1 92 3 2
348031 1 92 3 1
130693 1 92 3 1
130293 1 92 3 1
63897 1 92 3 2
123070 1 92 2 1
72863 1 92 2 1
72561 1 92 2 1
72227 1 92 2 0
130304 1 92 1 1
122400 1 92 1 4
63425 1 92 1 3
16711 1 92 1 3
16708 0 92 3 3
16709 0 92 3 3
16710 0 92 3 3
63899 0 92 3 2
72150 0 92 3 1
72151 0 92 3 1
72152 0 92 3 1
72149 0 92 5 3
72151 0 92 3 3
72232 0 92 3 0
72261 1 92 3 2
72562 0 92 3 1
72866 0 92 3 1
123069 0 92 3 1
123071 0 92 3 1
130291 0 92 3 1
130292 0 92 3 1
130307 0 92 3 1
73093 1 93 3 1
72693 1 93 3 3
72682 1 93 3 3
63882 1 93 3 3
478063 1 93 2 1
348033 1 93 2 2
75015 1 93 2 3
72046 1 93 2 0
64865 1 93 2 3
64036 1 93 2 1
63522 1 93 2 3
63523 0 93 3 3
63880 0 93 3 3
64038 0 93 3 1
64039 0 93 3 1
64041 0 93 3 1
71667 1 93 3 1
72047 0 93 3 0
72048 0 93 3 0
72049 0 93 3 0
72051 0 93 3 0
72052 0 93 3 0
73094 0 93 3 1
73095 0 93 3 1
73096 0 93 3 1
73097 0 93 3 1
75012 0 93 3 3
75013 0 93 3 3
75014 0 93 3 3
348034 1 93 3 1
348030 0 93 3 2
348032 0 93 3 2
478062 0 93 3 1
478064 0 93 3 1
513902 1 94 3 1
349254 1 94 3 2
128869 1 94 3 1
72746 0 94 5 3
60058 1 94 3 3
540803 1 94 2 3
540802 1 94 2 1
478243 1 94 2 2
460192 1 94 2 1
124294 1 94 2 3
73228 1 94 2 1
72212 1 94 2 0
72156 1 94 2 1
71871 1 94 2 4
71530 1 94 2 1
64070 1 94 2 2
27298 1 94 2 3
539679 1 94 1 3
121920 1 94 1 1
27294 0 94 3 3
27295 0 94 3 3
27296 0 94 3 3
71529 0 94 3 1
71532 0 94 3 1
72157 0 94 3 1
72158 0 94 3 1
72159 0 94 3 1
72213 0 94 3 0
72215 0 94 3 0
72683 1 94 3 3
72690 1 94 3 3
72691 1 94 3 3
72692 1 94 3 3
72864 0 94 3 3
73227 0 94 3 1
73230 0 94 3 1
73231 0 94 3 1
121922 0 94 3 1
349255 0 94 3 2
460194 0 94 3 1
460195 0 94 3 1
460196 0 94 3 1
513905 0 94 3 1
513906 0 94 3 1
539675 0 94 4 3
539676 0 94 3 3
539678 0 94 3 3
539680 0 94 3 3
540800 0 94 3 3
293207 1 95 4 1
121790 1 95 4 0
478069 1 95 3 3
348361 1 95 3 1
129373 1 95 3 1
551285 1 95 2 3
540311 1 95 2 1
420997 1 95 2 2
121601 1 95 2 1
72003 1 95 2 1
65365 1 95 2 3
539270 1 95 1 1
71937 1 95 1 3
64037 0 95 3 3
65363 0 95 3 3
65364 0 95 3 3
72745 1 95 3 1
72750 1 95 3 1
121600 0 95 3 1
121602 0 95 3 1
121604 0 95 3 1
121605 0 95 3 1
129372 0 95 3 1
348360 0 95 3 1
348362 0 95 3 1
420998 0 95 3 2
539271 0 95 3 1
539273 0 95 3 1
539676 0 95 3 1
540310 0 95 3 1
540312 0 95 3 1
551286 0 95 3 3
540849 1 96 4 3
64933 1 96 4 1
320415 1 96 3 3
72749 1 96 3 3
71570 0 96 5 1
71503 1 96 3 3
63891 1 96 3 2
23382 1 96 3 3
23380 1 96 3 3
540052 1 96 2 1
293205 1 96 2 1
215390 1 96 2 3
65447 1 96 2 1
72791 1 96 1 1
72050 1 96 1 1
63893 0 96 4 2
65449 0 96 3 1
65450 0 96 3 1
71571 0 96 3 1
72046 0 96 3 1
72047 0 96 3 1
72048 0 96 3 1
72049 0 96 3 1
72052 0 96 3 1
72745 0 96 3 3
72748 0 96 3 3
72793 0 96 3 1
72795 0 96 3 1
121792 1 96 3 0
215387 0 96 3 3
215388 0 96 3 3
293208 0 96 3 1
293206 1 96 3 1
293208 1 96 3 1
540054 0 96 3 1
349923 1 97 4 0
122412 1 97 4 1
540226 1 97 3 1
348363 0 97 5 1
71623 1 97 3 3
71529 1 97 3 1
71406 1 97 3 3
60057 1 97 3 3
540055 1 97 2 4
539341 1 97 2 3
437593 1 97 2 3
130155 1 97 2 1
122399 1 97 2 4
73009 1 97 2 3
539660 1 97 1 3
73095 1 97 1 1
71827 1 97 1 3
23378 1 97 3 3
23379 1 97 3 3
23381 1 97 3 3
60058 0 97 3 3
63889 0 97 3 3
63892 0 97 3 3
63894 0 97 3 3
64934 1 97 3 1
64935 1 97 3 1
71499 1 97 3 3
71501 1 97 3 3
71502 1 97 3 3
71531 0 97 3 1
71621 0 97 3 3
73093 0 97 3 1
73094 0 97 3 1
122400 0 97 3 4
130156 0 97 3 1
540224 0 97 3 1
540225 0 97 3 1
540227 0 97 3 1
540228 0 97 3 1
540272 1 98 3 1
540006 1 98 3 1
299645 1 98 3 3
122894 1 98 3 1
71569 1 98 3 1
540310 1 98 2 0
352239 1 98 1 3
71571 0 98 3 1
122411 1 98 3 1
122413 1 98 3 1
122893 0 98 3 1
299643 0 98 3 3
349924 1 98 3 0
540273 0 98 3 1
540274 0 98 3 1
494886 1 99 3 2
362255 1 99 3 3
292523 1 99 3 3
129000 1 99 3 0
73195 1 99 3 1
72793 1 99 3 3
71493 1 99 3 3
540312 1 99 2 3
350087 1 99 2 1
349405 1 99 2 3
348360 1 99 2 1
290642 1 99 2 2
71973 1 99 2 4
27294 1 99 2 0
513905 1 99 1 3
121923 1 99 1 0
77051 1 99 1 3
55775 1 99 1 3
27296 0 99 3 0
27298 0 99 3 0
72791 0 99 3 3
77048 0 99 3 3
77049 0 99 3 3
77050 0 99 3 3
121924 0 99 3 0
290641 0 99 3 2
290643 0 99 3 2
290644 0 99 3 2
292520 0 99 3 3
292521 0 99 3 3
292522 0 99 3 3
349403 0 99 3 3
494887 0 99 3 2
494888 0 99 3 2
513902 0 99 3 3
513903 0 99 3 3
513906 0 99 3 3
540311 0 99 3 3
540313 0 99 3 3
437590 1 100 3 0
72007 1 100 3 3
71532 1 100 3 3
292861 1 100 2 3
215389 1 100 2 2
121427 1 100 2 1
73070 1 100 2 1
63890 1 100 2 1
539922 1 100 1 1
539714 1 100 1 1
539415 1 100 1 3
63889 0 100 3 1
63891 0 100 3 1
63892 0 100 3 1
63893 0 100 3 1
63894 0 100 3 1
71529 0 100 3 3
71530 0 100 3 3
73068 0 100 3 1
73069 0 100 3 1
73071 0 100 3 1
73072 0 100 3 1
121426 0 100 3 1
121429 0 100 3 1
129001 1 100 3 0
292857 0 100 3 3
350086 1 100 3 1
350088 1 100 5 1
350089 1 100 3 1
350090 1 100 3 1
350091 1 100 3 1
539715 0 100 3 1
539716 0 100 3 1
539921 0 100 3 1
539925 0 100 3 1
55774 1 101 4 3
513289 1 101 3 1
122688 1 101 3 1
539272 1 101 2 2
23378 1 101 2 2
540396 1 101 1 1
258093 1 101 1 3
23379 0 101 3 2
350086 1 101 3 1
350087 1 101 3 1
350090 1 101 3 1
350091 1 101 3 1
436380 0 101 3 0
436383 0 101 3 0
437591 1 101 3 0
437592 1 101 3 0
437593 1 101 3 0
514454 0 101 3 1
348398 1 102 3 3
348291 1 102 3 1
113579 1 102 3 0
72419 1 102 3 3
539928 1 102 2 1
523293 1 102 2 3
122788 1 102 2 1
111225 1 102 1 3
71571 1 102 1 3
71572 0 102 3 3
72415 0 102 3 3
72418 0 102 3 3
111220 0 102 3 3
111221 0 102 3 3
111223 0 102 3 3
122790 0 102 3 1
122791 0 102 3 1
523294 0 102 3 3
539582 0 102 3 3
539584 0 102 3 3
539926 0 102 3 1
539927 0 102 3 1
539930 0 102 3 1
539932 0 102 3 1
72423 1 103 4 3
539330 1 103 3 1
436388 1 103 3 3
289854 1 103 2 3
130684 1 103 2 3
121419 0 103 4 1
77050 1 103 2 3
540009 1 103 1 1
473105 1 103 1 3
292858 1 103 1 1
77047 0 103 3 3
77048 0 103 3 3
77051 0 103 3 3
113580 1 103 3 0
121418 0 103 4 1
121420 0 103 3 1
121421 0 103 3 1
292859 0 103 3 1
292861 0 103 3 1
348292 1 103 3 1
348294 1 103 3 1
348295 1 103 3 1
539331 0 103 3 1
539333 0 103 3 1
539334 0 103 3 1
540010 0 103 3 1
540012 0 103 3 1
540400 1 104 3 3
540007 1 104 3 3
121400 1 104 3 1
116339 1 104 3 3
472146 1 104 2 3
436899 1 104 2 0
406963 1 104 2 2
349155 1 104 2 1
336597 1 104 2 2
258094 1 104 2 3
540224 1 104 1 1
72420 1 104 3 3
72421 1 104 3 3
121420 0 104 3 1
336598 0 104 3 2
336599 0 104 3 2
349156 0 104 3 1
349158 0 104 3 1
436901 0 104 3 0
472145 0 104 3 3
540006 0 104 3 3
540396 0 104 3 3
514627 1 105 3 1
514273 1 105 3 1
513953 1 105 3 1
540808 1 105 2 3
540534 1 105 2 1
540398 1 105 2 1
539927 1 105 2 1
514566 1 105 2 1
348714 1 105 2 1
10462 1 105 2 3
540488 1 105 1 0
72482 0 105 3 3
72417 1 105 1 1
10460 0 105 3 3
72481 0 105 3 3
121418 0 105 3 3
121419 0 105 3 3
348716 0 105 3 1
514272 0 105 3 1
514275 0 105 3 1
514567 0 105 3 1
514568 0 105 3 1
514628 0 105 3 1
514629 0 105 3 1
539926 0 105 3 1
539928 0 105 3 1
539929 0 105 3 1
539930 0 105 3 1
539932 0 105 3 1
540396 0 105 3 1
540397 0 105 3 1
540399 0 105 3 1
540489 0 105 3 0
540490 0 105 3 0
540537 0 105 3 1
540805 0 105 3 3
242404 1 106 4 3
540227 1 106 3 1
122033 1 106 3 1
540506 1 106 2 0
321220 1 106 2 3
122791 1 106 1 3
122788 0 106 3 3
122790 0 106 3 3
513952 1 106 3 1
513954 1 106 3 1
540224 0 106 3 1
540228 0 106 3 1
540229 0 106 3 1
540507 0 106 3 0
540508 0 106 3 0
540509 0 106 3 0
408647 1 107 3 2
68519 1 107 3 3
361093 1 107 2 2
349069 1 107 2 1
348391 1 107 2 1
122848 1 107 2 1
113581 1 107 2 3
61003 1 107 2 2
349269 1 107 1 3
111220 1 107 1 0
61000 0 107 3 2
61001 0 107 3 2
68520 0 107 3 3
111221 0 107 3 0
113579 0 107 3 3
113580 0 107 3 3
122847 0 107 3 1
122849 0 107 3 1
122850 0 107 3 1
122851 0 107 3 1
220814 0 107 3 2
348389 0 107 3 1
348390 0 107 3 1
348392 0 107 3 1
348393 0 107 3 1
349270 0 107 3 3
361092 0 107 3 2
361094 0 107 3 2
539931 1 108 3 3
539289 1 108 3 0
463913 1 108 3 2
253927 1 108 3 3
64717 1 108 3 1
540869 1 108 2 2
514254 1 108 2 1
331683 1 108 2 3
558801 1 108 1 3
551545 1 108 1 2
60000 1 108 1 3
8314 1 108 1 2
59997 0 108 3 3
59998 0 108 3 3
59999 0 108 3 3
60001 0 108 3 3
253924 0 108 3 3
253926 0 108 3 3
331682 0 108 3 3
331684 0 108 3 3
463909 0 108 3 2
463910 0 108 3 2
463912 0 108 3 2
463914 0 108 3 2
514253 0 108 3 1
514255 0 108 4 1
539926 0 108 3 3
539932 0 108 3 3
540402 1 109 3 3
540231 1 109 3 4
539966 1 109 3 1
514883 1 109 3 1
122790 1 109 3 3
63570 1 109 3 1
540228 1 109 2 3
540124 1 109 2 0
539853 1 109 2 1
539309 1 109 2 0
348812 1 109 2 1
348713 1 109 2 1
348471 1 109 2 4
63497 1 109 2 1
379565 1 109 1 3
121525 1 109 1 1
63495 0 109 3 1
63496 0 109 3 1
63500 0 109 3 1
63501 0 109 3 1
63571 0 109 3 1
63572 0 109 3 1
64718 1 109 3 1
121522 0 109 3 1
121523 0 109 3 1
121526 0 109 3 1
121527 0 109 3 1
122791 0 109 3 3
348712 0 109 3 1
348714 0 109 3 1
348716 0 109 3 1
348811 0 109 3 1
348813 0 109 3 1
348814 0 109 3 1
348815 0 109 3 1
379564 0 109 3 3
514253 0 109 3 3
514881 0 109 3 1
514885 0 109 3 1
539292 1 109 3 0
539855 0 109 3 1
540226 0 109 3 3
540227 0 109 3 3
539523 0 110 13 3
540222 1 110 4 3
539237 1 110 4 1
64157 1 110 4 2
349181 1 110 3 1
201541 1 110 3 2
63651 1 110 3 4
513791 1 110 2 3
349827 1 110 2 1
121416 1 110 1 1
121417 0 110 3 1
201540 0 110 3 2
349180 0 110 3 1
349183 0 110 3 1
349184 0 110 3 1
349828 0 110 3 1
349829 0 110 3 1
349831 0 110 3 1
513789 0 110 3 3
539967 1 110 3 1
540125 1 110 3 0
540127 1 110 3 0
330933 0 111 13 4
513447 1 111 3 1
510699 1 111 3 1
331682 1 111 3 2
113582 1 111 3 0
430812 1 111 2 3
122226 1 111 2 1
121436 1 111 2 1
63770 1 111 2 3
513955 1 111 1 3
63767 0 111 3 3
63768 0 111 3 3
63769 0 111 3 3
121437 0 111 3 1
121438 0 111 3 1
121440 0 111 3 1
122224 0 111 3 1
122225 0 111 3 1
122228 0 111 3 1
331681 0 111 3 2
331683 0 111 3 2
331684 0 111 3 2
430811 0 111 3 3
430813 0 111 3 3
513952 0 111 3 3
513954 0 111 3 3
539236 1 111 3 1
539239 1 111 3 1
539522 1 111 3 3
539524 1 111 3 3
540220 1 111 3 3
64813 1 112 4 1
557557 1 112 3 1
122493 1 112 3 1
64719 1 112 3 1
539662 1 112 2 1
122850 1 112 2 3
64958 1 112 2 1
63669 1 112 2 3
63500 0 112 4 0
349418 1 112 1 1
63495 0 112 4 3
63496 0 112 3 3
63668 0 112 3 3
64717 0 112 3 1
64718 0 112 3 1
64959 0 112 3 1
122495 0 112 3 1
122847 0 112 3 3
122851 0 112 3 3
330932 1 112 3 4
349421 0 112 3 1
510703 1 112 3 1
539663 0 112 3 1
539665 0 112 3 1
557555 0 112 3 1
557558 0 112 3 1
557559 0 112 3 1
557561 0 112 3 1
540355 1 113 3 1
539964 1 113 3 0
455842 1 113 3 3
110658 1 113 3 4
348571 1 113 2 1
348545 1 113 2 1
348144 1 113 2 1
64492 1 113 2 1
379564 1 113 1 3
253924 1 113 1 0
121563 1 113 1 1
63496 0 113 3 0
63499 0 113 3 0
64491 0 113 3 1
64493 0 113 3 1
64495 0 113 3 1
64496 0 113 3 1
64814 1 113 3 1
64815 1 113 3 1
121562 0 113 3 1
121565 0 113 4 1
121566 0 113 3 1
121977 0 113 3 2
121979 0 113 3 2
253927 0 113 3 0
348142 0 113 3 1
348146 0 113 3 1
348148 0 113 3 1
348572 0 113 3 1
348573 0 113 3 1
379565 0 113 3 3
455839 0 113 3 3
455840 0 113 3 3
455843 0 113 3 3
540358 0 113 3 1
539666 1 114 4 3
65037 1 114 4 1
557556 0 114 5 1
514360 1 114 3 1
169458 1 114 3 3
65523 1 114 3 1
510248 1 114 2 1
113805 1 114 2 0
349289 1 114 1 1
113806 0 114 3 0
113808 0 114 3 0
121439 1 114 3 1
169456 0 114 3 3
510250 0 114 3 1
539965 1 114 3 0
539967 1 114 3 0
557555 0 114 3 1
557559 0 114 3 1
557560 0 114 3 1
540719 0 115 13 3
539844 1 115 3 1
515249 1 115 3 1
348515 1 115 3 1
253926 1 115 3 2
63435 1 115 3 1
514799 1 115 2 3
514748 1 115 2 1
349420 1 115 2 3
349323 1 115 2 1
349183 1 115 2 3
329435 1 115 2 2
514795 0 115 3 3
349222 1 115 1 3
65040 1 115 3 1
121562 1 115 3 3
121563 1 115 3 3
121564 1 115 3 3
121566 1 115 3 3
329436 0 115 3 2
348516 0 115 3 1
349180 0 115 3 3
349181 0 115 3 3
349182 0 115 3 3
349322 0 115 3 1
349325 0 115 3 1
349418 0 115 3 3
349421 0 115 3 3
514798 0 115 3 1
514793 0 115 3 3
514797 0 115 3 3
539664 1 115 3 3
539665 1 115 3 3
510254 1 116 3 1
466910 1 116 3 3
121556 1 116 3 3
540681 1 116 2 1
515048 1 116 2 3
121561 1 116 2 1
63496 1 116 2 1
539968 1 116 1 3
514810 1 116 1 1
348297 1 116 1 1
122225 1 116 1 1
63497 0 116 3 1
63499 0 116 3 1
63501 0 116 3 1
121553 0 116 3 3
121555 0 116 3 3
121562 0 116 3 1
122224 0 116 3 1
122226 0 116 3 1
122228 0 116 3 1
348298 0 116 3 1
466909 0 116 3 3
510253 0 116 3 1
513829 0 116 3 1
513833 0 116 3 1
513834 0 116 3 1
514811 0 116 3 1
515047 0 116 3 3
539964 0 116 3 3
539967 0 116 3 3
540682 0 116 3 1
540683 0 116 3 1
540716 1 116 3 3
540717 1 116 3 3
540718 1 116 3 3
557561 0 116 3 1
540715 1 117 4 3
489137 1 117 3 3
349484 1 117 2 3
349451 1 117 2 1
348340 1 117 2 1
122566 1 117 2 1
64757 1 117 2 1
63387 1 117 2 1
63388 0 117 3 1
63389 0 117 3 1
64758 0 117 3 1
348341 0 117 3 1
349452 0 117 3 1
349454 0 117 3 1
349483 0 117 3 3
122652 1 118 4 1
513627 1 118 3 4
513496 1 118 3 2
348231 1 118 3 1
64620 1 118 3 0
349322 1 118 2 1
114484 0 118 4 3
539314 1 118 1 3
510259 1 118 1 1
64621 0 118 3 0
114485 0 118 3 1
114488 0 118 3 1
348232 0 118 3 1
348234 0 118 3 1
349323 0 118 3 1
510260 0 118 3 1
539315 0 118 3 3
540714 1 118 3 3
348992 1 119 4 3
466908 1 119 3 1
464438 1 119 3 1
349233 1 119 3 2
539830 1 119 2 3
388242 1 119 2 2
349481 1 119 2 1
114487 1 119 2 3
6179 1 119 2 3
122495 1 119 1 3
122073 1 119 1 1
6180 0 119 3 3
63387 0 119 3 0
63388 0 119 3 0
114485 0 119 3 3
122072 0 119 3 1
122075 0 119 3 1
122076 0 119 3 1
122493 0 119 3 3
122494 0 119 3 3
122653 1 119 3 1
122654 1 119 3 1
122655 1 119 3 1
349482 0 119 3 1
349485 0 119 4 1
388239 0 119 3 2
388243 0 119 3 2
388244 0 119 3 2
464440 0 119 3 1
464441 0 119 3 1
513497 1 119 3 2
539831 0 119 3 3
514324 1 120 3 1
463593 1 120 3 3
350028 1 120 3 1
349859 1 120 3 2
348382 1 120 3 1
114942 1 120 3 1
539843 1 120 2 0
348269 1 120 2 1
539319 1 120 1 1
348441 1 120 1 1
348267 0 120 3 1
348271 0 120 3 1
348440 0 120 4 1
349483 0 120 3 3
349484 0 120 3 3
514323 0 120 3 1
514326 0 120 3 1
539318 0 120 3 1
539322 0 120 3 1
539844 0 120 3 0
539845 0 120 3 0
539846 0 120 3 0
539847 0 120 3 0
539833 1 121 3 0
515107 1 121 3 1
348241 1 121 3 0
65527 1 121 3 3
514747 1 121 2 1
348430 1 121 2 1
306827 1 121 2 3
349908 1 121 1 1
348676 1 121 1 1
122568 1 121 1 1
65524 0 121 3 3
114944 1 121 3 1
122566 0 121 3 1
348380 1 121 3 1
348384 1 121 3 1
348432 0 121 3 1
348442 0 121 3 0
348443 0 121 3 0
348674 0 121 3 1
350029 1 121 3 1
463594 1 121 3 3
514748 0 121 3 1
514749 0 121 3 1
514750 0 121 3 1
515108 0 121 3 1
515109 0 121 3 1
539835 0 121 3 0
64537 1 122 4 1
514167 1 122 3 1
466909 1 122 3 1
348633 1 122 3 1
63968 1 122 3 1
539320 1 122 2 1
514351 1 122 2 1
513691 1 122 2 4
510260 1 122 2 3
464489 1 122 2 1
348675 1 122 2 1
64185 1 122 2 3
514252 1 122 1 1
63966 0 122 3 1
63969 0 122 3 1
63970 0 122 3 1
348243 1 122 3 0
348635 0 122 3 1
348636 0 122 3 1
348637 0 122 3 1
348638 0 122 3 1
348674 0 122 3 1
348677 0 122 3 1
464487 0 122 3 1
464488 0 122 3 1
466908 0 122 3 1
466910 0 122 3 1
510261 0 122 3 3
513690 0 122 3 4
514253 0 122 3 1
514255 0 122 3 1
514352 0 122 3 1
514353 0 122 3 1
349511 1 123 4 1
349247 1 123 4 1
514975 1 123 3 3
514154 1 123 3 1
511129 1 123 3 3
348267 1 123 3 1
113824 1 123 3 3
514427 1 123 2 1
210231 1 123 2 3
122295 1 123 2 1
514798 1 123 1 3
64539 1 123 3 1
64540 1 123 3 1
113821 0 123 3 3
113822 0 123 3 3
113823 0 123 3 3
511126 0 123 3 3
511127 0 123 3 3
511128 0 123 3 3
511130 0 123 3 3
514155 0 123 3 1
514157 0 123 3 1
514429 0 123 3 1
514430 0 123 3 1
514431 0 123 3 1
514796 0 123 3 3
539319 1 123 3 1
514354 1 124 3 3
510068 1 124 3 3
302167 1 124 3 4
510033 1 124 2 1
412127 1 124 2 3
350127 1 124 2 1
349098 1 124 2 4
349026 1 124 2 1
122333 1 124 2 1
87826 1 124 2 3
63553 1 124 2 1
467172 1 124 1 1
63551 0 124 3 1
63554 0 124 3 1
63556 0 124 3 1
348268 1 124 3 1
348269 1 124 3 1
349027 0 124 3 1
349030 0 124 3 1
349031 0 124 3 1
349248 1 124 3 1
349510 1 124 3 1
349512 1 124 3 1
350128 0 124 3 1
350129 0 124 3 1
412128 0 124 3 3
510032 0 124 3 1
510034 0 124 3 1
510036 0 124 3 1
514353 0 124 3 3
299006 1 125 3 3
65524 1 125 3 1
514381 1 125 2 4
514327 1 125 2 3
514294 1 125 2 1
513924 1 125 2 1
510069 1 125 2 3
467173 1 125 2 3
348678 1 125 2 1
510553 1 125 1 1
483878 1 125 1 3
63967 1 125 1 1
122335 1 125 3 1
299005 0 125 3 3
348674 0 125 3 1
467172 0 125 3 3
483876 0 125 3 3
483877 0 125 3 3
510064 0 125 3 3
510065 0 125 3 3
510066 0 125 3 3
510554 0 125 3 1
510555 0 125 3 1
510556 0 125 3 1
513922 0 125 3 1
513923 0 125 3 1
513925 0 125 3 1
514296 0 125 3 1
514382 0 125 3 4
514744 1 126 4 2
514106 1 126 4 1
63945 1 126 4 1
210227 0 126 5 1
122105 1 126 3 3
74924 1 126 3 3
514431 1 126 2 3
467974 1 126 2 1
114946 1 126 2 1
539835 1 126 1 1
65525 1 126 3 1
65526 1 126 3 1
74921 0 126 3 3
74923 0 126 3 3
74926 0 126 3 3
114945 0 126 3 1
122102 0 126 3 3
122106 0 126 3 3
210230 0 126 3 0
467975 0 126 3 1
467976 0 126 3 1
539833 0 126 3 1
539834 0 126 3 1
539836 0 126 3 1
539837 0 126 3 1
514977 1 127 4 1
514325 1 127 3 1
349197 1 127 3 1
348980 1 127 3 4
217905 1 127 3 0
121778 1 127 3 2
65098 1 127 3 1
8294 1 127 3 3
349902 1 127 2 3
121516 1 127 2 3
115195 1 127 2 3
515068 1 127 1 1
348327 1 127 1 1
123944 1 127 1 3
113827 1 127 1 2
8295 0 127 3 3
63947 1 127 3 1
65097 0 127 3 1
65099 0 127 3 1
65100 0 127 3 1
113825 0 127 3 2
113829 0 127 3 2
115196 0 127 3 3
123940 0 127 3 3
123941 0 127 3 3
123942 0 127 3 3
123945 0 127 3 3
217907 0 127 3 0
348979 0 127 3 4
349194 0 127 3 1
349198 0 127 3 1
349903 0 127 3 3
514323 0 127 3 1
514326 0 127 3 1
514743 1 127 3 2
514745 1 127 3 2
514746 1 127 3 2
539833 0 127 3 3
514728 1 128 4 1
349176 1 128 4 1
216388 1 128 4 0
429314 1 128 3 3
122821 1 128 3 3
122723 1 128 3 1
38779 1 128 3 1
514922 1 128 2 1
349550 1 128 2 3
210228 1 128 2 1
115281 0 128 4 3
38781 0 128 3 1
115282 0 128 4 1
121515 1 128 3 3
122724 0 128 3 1
122818 0 128 3 3
122819 0 128 3 3
122820 0 128 3 3
210231 0 128 3 1
210229 0 128 3 3
210231 0 128 3 3
429315 0 128 3 3
514923 0 128 3 1
514924 0 128 3 1
514976 1 128 3 1
514979 1 128 3 1
513985 1 129 4 1
349145 1 129 3 1
122104 0 129 5 3
39335 1 129 3 1
514757 1 129 2 1
514699 1 129 2 1
513454 1 129 2 1
513442 1 129 2 1
348798 1 129 2 1
300084 1 129 2 1
243932 1 129 2 0
122825 1 129 2 3
122387 1 129 2 3
122094 1 129 2 2
115509 1 129 2 3
114943 1 129 2 3
74925 1 129 2 3
514088 1 129 1 1
349027 1 129 1 1
39334 0 129 3 1
39336 0 129 3 1
114944 0 129 3 3
115506 0 129 3 3
122095 0 129 3 2
122105 0 129 3 2
216389 1 129 3 0
243933 0 129 3 0
243934 0 129 3 0
243935 0 129 3 0
243936 0 129 3 0
300085 0 129 3 1
300086 0 129 3 1
348801 0 129 3 1
349030 0 129 3 1
349032 0 129 3 1
349146 0 129 3 1
349147 0 129 3 1
349177 1 129 3 1
349178 1 129 3 1
349179 1 129 3 1
513441 0 129 3 1
513443 0 129 3 1
513456 0 129 3 1
514089 0 129 3 1
514090 0 129 3 1
514091 0 129 3 1
514092 0 129 3 1
514700 0 129 3 1
514701 0 129 3 1
514729 1 129 3 1
514732 1 129 3 1
514758 0 129 3 1
349361 1 130 4 1
217915 1 130 3 2
514628 1 130 2 1
513671 1 130 2 1
123940 1 130 2 0
122931 1 130 2 1
74923 1 130 3 3
74926 1 130 3 3
123942 0 130 3 0
123943 0 130 3 0
217914 0 130 3 2
217916 0 130 3 2
513984 1 130 3 1
513987 1 130 3 1
514627 0 130 3 1
514629 0 130 3 1
514630 0 130 3 1
514921 1 131 3 1
513366 1 131 3 1
349552 1 131 3 1
210016 1 131 3 1
514638 1 131 2 1
514372 1 131 2 3
510997 1 131 2 3
349588 1 131 2 1
269603 1 131 2 3
122106 0 131 4 1
121583 1 131 2 0
514335 1 131 1 3
122103 0 131 3 3
122105 0 131 3 3
210015 0 131 3 1
269602 0 131 3 3
349362 1 131 3 1
349364 1 131 3 1
349365 1 131 3 1
349590 0 131 3 1
510996 0 131 3 3
513367 0 131 3 1
514088 0 131 3 3
514091 0 131 3 3
514332 0 131 3 3
514333 0 131 3 3
514334 0 131 3 3
514370 0 131 3 3
514373 0 131 3 3
514637 0 131 3 1
514639 0 131 3 1
64132 1 132 4 1
513598 1 132 3 1
348865 1 132 3 1
210588 1 132 3 1
514655 1 132 2 1
349973 1 132 2 1
122394 1 132 2 3
513431 1 132 1 1
122101 0 132 3 1
122104 0 132 3 1
122392 0 132 3 3
122393 0 132 3 3
122395 0 132 3 3
210589 0 132 3 1
210591 0 132 3 1
349972 0 132 3 1
349974 0 132 3 1
349976 0 132 3 1
513433 0 132 3 1
513599 0 132 3 1
513601 0 132 3 1
514657 0 132 3 1
514922 1 132 3 1
514924 1 132 3 1
515001 1 133 4 1
39333 1 133 3 0
514626 1 133 2 3
514529 1 133 2 4
299643 1 133 2 1
211082 1 133 2 2
131804 1 133 2 3
115291 1 133 2 3
73739 1 133 2 2
349910 1 133 1 3
201025 1 133 1 3
124094 1 133 1 3
39337 0 133 3 0
122102 1 133 0 1
39335 0 133 3 0
64133 1 133 3 1
115290 0 133 3 3
115292 0 133 3 3
201024 0 133 3 3
299641 0 133 3 1
299642 0 133 3 1
299645 0 133 3 1
514528 0 133 3 4
300407 1 134 3 1
210015 1 134 3 1
514649 1 134 2 4
349828 1 134 2 1
349777 1 134 2 1
269594 1 134 2 1
200790 1 134 2 3
431644 1 134 1 3
348952 1 134 1 2
210016 0 134 3 1
210017 0 134 3 1
269595 0 134 3 1
349827 0 134 3 1
349830 0 134 3 1
514648 0 134 3 4
515004 1 134 3 1
484922 1 135 4 0
348239 0 135 6 3
415648 1 135 3 3
349976 1 135 3 3
349839 1 135 3 1
299281 1 135 3 1
298723 1 135 3 1
514502 1 135 2 3
427329 1 135 2 2
298846 1 135 2 1
209646 1 135 2 1
539834 1 135 1 0
200511 1 135 1 2
121779 1 135 1 2
200510 0 135 3 2
209645 0 135 3 1
209647 0 135 3 1
209648 0 135 3 1
298845 0 135 3 1
298848 0 135 3 1
299280 0 135 3 1
299282 0 135 3 1
300405 1 135 3 1
300406 1 135 3 1
300408 1 135 3 1
349975 0 135 3 3
415647 0 135 3 3
514503 0 135 3 3
539835 0 135 3 0
514910 1 136 3 1
415626 1 136 3 3
514807 1 136 2 4
349551 1 136 2 0
348276 1 136 2 1
305204 1 136 2 4
121538 1 136 2 2
113436 1 136 2 3
64680 1 136 2 4
514617 1 136 1 1
513365 1 136 1 4
163932 1 136 1 3
63944 1 136 1 3
63941 0 136 3 3
63942 0 136 3 3
64681 0 136 3 4
163931 0 136 3 3
163933 0 136 3 3
348277 0 136 3 1
348278 0 136 3 1
348282 0 136 3 1
349553 0 136 3 0
349840 1 136 3 1
349841 1 136 3 1
415625 0 136 3 3
484924 1 136 3 0
484925 1 136 3 0
349032 1 137 3 3
348216 1 137 3 1
514554 1 137 2 1
305937 1 137 2 4
210612 1 137 2 2
122332 1 137 2 2
121585 1 137 2 3
514779 1 137 1 3
284471 1 137 1 4
204609 1 137 1 3
121534 1 137 3 2
121535 1 137 3 2
121586 0 137 3 3
204608 0 137 3 3
204610 0 137 3 3
284472 0 137 3 4
301142 0 137 3 1
301143 0 137 3 1
349026 0 137 3 3
349027 0 137 3 3
349030 0 137 3 3
349031 0 137 3 3
514777 0 137 3 3
514907 1 137 3 1
514911 1 137 3 1
514493 1 138 3 3
348240 1 138 3 3
210880 1 138 3 1
514780 1 138 2 4
514012 1 138 2 1
349779 1 138 2 3
348848 1 138 2 1
301155 1 138 2 1
301141 1 138 2 1
121771 1 138 2 0
299642 1 138 1 1
121775 0 138 3 0
299644 0 138 3 1
301154 0 138 3 1
301156 0 138 3 1
348215 1 138 3 1
348217 1 138 3 1
348219 1 138 3 1
349780 0 138 3 3
349781 0 138 3 3
514011 0 138 3 1
514494 0 138 3 3
514226 1 139 3 1
210082 1 139 3 4
122172 1 139 3 4
349988 1 139 2 1
310428 1 139 2 3
55612 1 139 2 3
39464 1 139 2 1
349829 1 139 1 1
300176 1 139 1 1
39463 0 139 3 1
39465 0 139 3 1
39468 0 139 3 1
39469 0 139 3 1
300178 0 139 3 1
348584 0 139 3 1
348586 0 139 3 1
349827 0 139 3 1
349830 0 139 3 1
349831 0 139 3 1
464719 1 140 3 3
121769 1 140 3 3
350131 1 140 2 1
63943 1 140 2 3
514907 1 140 1 0
121354 1 140 1 3
63941 0 140 3 3
63942 0 140 3 3
63944 0 140 3 3
121353 0 140 3 3
350132 0 140 3 1
514227 1 140 3 1
514228 1 140 3 1
514909 0 140 3 0
514910 0 140 3 0
514913 0 140 3 0
348244 1 141 3 3
348152 1 141 3 3
513696 1 141 2 3
348217 0 141 4 0
261054 1 141 2 2
26598 1 141 2 3
513393 1 141 1 3
39329 1 141 1 1
26599 0 141 3 3
348214 0 141 3 1
348215 0 141 4 1
348216 0 141 3 1
348218 0 141 3 1
513695 0 141 3 3
514558 1 142 3 3
446440 1 142 3 3
209582 1 142 3 1
39467 1 142 3 1
513392 1 142 2 3
348849 1 142 2 1
348255 1 142 2 1
299647 1 142 2 0
350121 1 142 1 4
337301 1 142 1 2
298797 1 142 1 1
39464 0 142 3 1
39468 0 142 3 1
298798 0 142 3 1
299646 0 142 3 0
299648 0 142 3 0
299649 0 142 3 0
337302 0 142 3 2
348214 0 142 3 0
348218 0 142 3 0
348241 1 142 3 3
348242 1 142 3 3
348256 0 142 3 1
348848 0 142 3 1
348851 0 142 3 1
446441 0 142 3 3
514556 0 142 3 3
514227 1 143 3 3
436282 1 143 3 3
195934 1 143 3 3
349991 1 143 2 3
349990 1 143 4 3
300194 1 143 2 1
38713 1 143 2 1
349776 1 143 1 1
298796 1 143 1 0
38007 1 143 1 1
38006 0 143 5 1
38716 0 143 3 1
209579 1 143 3 1
209581 1 143 3 1
209583 1 143 3 1
298797 0 143 3 0
300195 0 143 3 1
300196 0 143 3 1
300198 0 143 3 1
349778 0 143 3 1
349780 0 143 3 1
349781 0 143 3 1
39463 1 144 4 0
298694 1 144 3 0
285579 1 144 3 3
300028 1 144 2 1
39339 1 144 2 1
285580 0 144 3 3
300029 0 144 3 1
300030 0 144 3 1
349989 1 144 3 3
348256 1 145 3 1
261009 1 145 3 1
260784 0 145 4 3
349871 1 145 2 1
299283 1 145 2 3
217713 1 145 2 3
38180 1 145 2 1
348851 1 145 1 3
38177 0 145 3 1
38182 0 145 3 1
39467 1 145 3 0
39469 1 145 3 0
260785 0 145 3 1
260786 0 145 3 1
260787 0 145 3 1
260788 0 145 4 1
260789 0 145 3 1
261011 0 145 3 1
299280 0 145 3 3
299281 0 145 3 3
348257 0 145 3 1
348850 0 145 3 3
348927 1 146 3 4
139768 1 146 3 3
446441 1 146 2 3
299646 1 146 2 0
39466 1 146 2 1
301136 1 146 1 1
260785 0 146 3 3
260787 0 146 3 3
260789 0 146 3 3
299648 0 146 3 0
299649 0 146 3 0
301137 0 146 3 1
301138 0 146 3 1
349872 1 146 3 1
349873 1 146 3 1
446439 0 146 3 3
446440 0 146 3 3
299249 1 147 4 1
298996 1 147 4 1
447566 1 147 3 1
261904 1 147 3 4
348997 0 147 4 1
242272 1 147 2 3
298799 1 147 1 3
39464 1 147 3 1
39467 1 147 3 1
39468 1 147 3 1
298797 0 147 3 3
447564 0 147 3 1
348995 1 148 3 1
261010 1 148 3 1
300092 1 148 2 1
299325 1 148 2 1
260788 0 148 3 1
299248 1 148 3 1
299250 1 148 3 1
300093 0 148 3 1
348994 0 148 3 1
348996 0 148 3 1
348994 1 148 3 3
348996 1 148 3 3
37633 1 149 4 1
261896 1 149 3 1
261012 1 149 3 3
260786 1 149 3 1
301135 1 149 2 1
261422 1 149 2 2
37896 1 149 2 1
37884 1 149 2 1
487026 1 149 1 3
300777 1 149 1 1
210353 1 149 1 1
38178 1 149 1 1
37897 0 149 3 1
37898 0 149 3 1
38177 0 149 3 1
38179 0 149 3 1
38181 0 149 3 1
38182 0 149 3 1
210357 0 149 3 1
260784 0 149 3 1
261009 0 149 3 3
261011 0 149 3 3
261419 0 149 3 2
261421 0 149 3 2
261894 0 149 3 1
299326 1 149 3 1
299327 1 149 3 1
447694 0 150 13 4
300638 0 150 13 3
414064 1 150 4 2
301053 1 150 3 2
300245 1 150 3 1
209688 1 150 3 1
300247 1 150 1 1
37634 1 150 3 1
37635 1 150 3 1
37636 1 150 3 1
37885 1 150 3 1
37886 1 150 3 1
300244 0 150 3 1
300248 0 150 3 1
300244 0 150 3 1
300248 0 150 3 1
301052 0 150 3 2
210598 1 151 4 1
487027 1 151 3 3
447342 1 151 3 1
348566 1 151 3 3
262539 1 151 3 1
261437 1 151 3 2
298817 1 151 2 1
39212 1 151 2 1
37972 1 151 2 0
300736 1 151 1 1
261570 1 151 1 1
39213 0 151 3 1
39216 0 151 3 1
261569 0 151 3 1
261572 0 151 3 1
298816 0 151 3 1
300634 1 151 3 3
300636 1 151 3 3
300637 1 151 3 3
300732 0 151 3 1
300738 0 151 3 1
414062 1 151 3 2
447343 0 151 3 1
447344 0 151 3 1
447692 1 151 3 4
299311 1 152 4 3
262593 1 152 3 1
210355 1 152 3 1
39302 0 152 5 0
38824 1 152 3 1
300582 1 152 2 1
300091 1 152 2 1
260684 1 152 2 1
39117 1 152 1 1
37973 1 152 3 0
37974 1 152 3 0
38825 0 152 3 1
38826 0 152 3 1
38827 0 152 3 1
38828 0 152 3 1
39119 0 152 3 1
39120 0 152 3 1
39301 0 152 3 1
39304 0 152 3 1
39305 0 152 3 1
39306 0 152 3 1
210353 0 152 3 1
210354 0 152 3 1
210357 0 152 3 1
210599 1 152 3 1
260681 0 152 3 1
260682 0 152 3 1
260683 0 152 3 1
260685 0 152 3 1
262592 0 152 3 1
262594 0 152 3 1
300583 0 152 3 1
300584 0 152 3 1
300585 0 152 3 1
348567 1 152 3 3
348568 1 152 3 3
447693 1 153 3 3
301162 1 153 3 1
39167 1 153 3 1
300246 1 153 2 1
300670 1 153 1 1
38155 1 153 1 1
37891 1 153 1 3
38154 0 153 3 1
38157 0 153 3 1
299309 1 153 3 3
300671 0 153 3 1
301163 0 153 3 1
447692 0 153 3 3
300976 1 154 3 1
210360 1 154 3 1
88602 1 154 3 3
39300 1 154 3 0
348575 1 154 2 3
37955 1 154 2 1
37635 1 154 2 3
210213 1 154 1 1
37954 0 154 3 1
39169 1 154 3 1
39170 1 154 3 1
39306 0 154 3 0
88598 0 154 3 3
88600 0 154 3 3
88601 0 154 3 3
210212 0 154 3 1
210214 0 154 3 1
210361 0 154 3 1
210362 0 154 3 1
359151 1 155 3 4
262592 1 155 3 0
262540 1 155 3 3
37649 1 155 3 1
448026 1 155 2 2
261571 1 155 2 3
39213 1 155 2 1
261320 1 155 1 1
37650 0 155 3 1
39212 0 155 3 1
39214 0 155 3 1
39215 0 155 3 1
39216 0 155 3 1
261321 0 155 3 1
261322 0 155 3 1
261569 0 155 3 3
261572 0 155 3 3
262538 0 155 3 3
262539 0 155 3 3
359150 0 155 3 4
447691 1 156 3 3
261435 1 156 3 3
38666 1 156 3 3
299584 1 156 2 1
299454 1 156 2 1
38198 1 156 2 1
262594 1 156 3 0
299455 0 156 3 1
299456 0 156 3 1
299457 0 156 3 1
447689 0 156 3 3
483391 1 157 3 2
300606 1 157 2 3
248869 1 157 2 3
37901 1 157 2 3
37736 1 157 2 1
37734 0 157 3 1
37738 0 157 3 1
37739 0 157 3 1
37896 0 157 3 3
37898 0 157 3 3
38197 1 157 3 1
38199 1 157 3 1
38253 0 157 3 1
38254 0 157 3 1
38257 0 157 3 1
38258 0 157 3 1
39212 0 157 3 1
39215 0 157 3 1
248868 0 157 3 3
300602 0 157 3 3
300604 0 157 3 3
300605 0 157 3 3
299581 1 158 4 1
447051 1 158 3 3
261458 1 158 3 1
209787 1 158 3 4
37899 1 158 3 2
299025 1 158 2 3
39125 1 158 2 1
39091 1 158 2 1
38503 1 158 2 1
37875 1 158 2 1
37900 0 158 3 2
39124 0 158 3 1
39127 0 158 3 1
39287 0 158 3 1
39290 0 158 3 1
209786 0 158 3 4
261460 0 158 3 1
483392 1 158 3 2
306913 1 159 2 3
300977 1 159 2 3
261942 1 159 2 1
261572 1 159 2 3
38347 1 159 2 3
37873 1 159 3 1
37874 1 159 3 1
37877 1 159 3 1
37878 1 159 3 1
38346 0 159 3 3
38348 0 159 3 3
39093 1 159 3 1
261569 0 159 3 3
261571 0 159 3 3
299580 1 159 3 1
299582 1 159 3 1
299585 1 159 3 1
299586 1 159 3 1
348821 1 160 3 1
38755 1 160 3 1
37964 1 160 3 1
37666 1 160 3 2
447037 1 160 2 1
76786 1 160 2 3
38661 1 160 2 2
535168 1 160 1 3
37965 0 160 3 1
38757 0 160 3 1
447038 0 160 3 1
447039 0 160 3 1
535169 0 160 3 3
354576 1 161 3 3
315060 1 161 3 2
448085 1 161 2 3
37657 0 161 4 0
37654 0 161 3 3
37655 0 161 4 3
37665 1 161 3 2
37668 1 161 3 2
315058 0 161 3 2
348820 1 161 3 1
348822 1 161 3 1
348824 1 161 3 1
354570 0 161 3 3
354571 0 161 3 3
354572 0 161 3 3
354574 0 161 3 3
354575 0 161 3 3
39179 1 162 4 1
88508 1 162 3 2
39166 1 162 3 1
38349 1 162 3 1
37898 1 162 3 1
348074 1 162 2 0
262350 1 162 2 3
38372 1 162 2 1
39288 1 162 1 1
37656 0 162 3 0
37658 0 162 3 0
38350 0 162 3 1
38374 0 162 3 1
38375 0 162 3 1
39168 0 162 3 1
39169 0 162 3 1
39170 0 162 3 1
39289 0 162 3 1
39290 0 162 3 1
348075 0 162 3 0
348076 0 162 3 0
348077 0 162 3 0
391209 1 163 3 1
39386 1 163 3 1
39287 1 163 3 0
39209 1 163 3 1
38254 1 163 3 1
447953 1 163 2 1
37662 1 163 2 2
38034 1 163 1 1
37897 1 163 3 1
37901 1 163 3 1
38035 0 163 3 1
38036 0 163 3 1
38037 0 163 3 1
38038 0 163 3 1
38253 0 163 3 1
38255 0 163 3 1
38256 0 163 3 1
38257 0 163 3 1
39180 1 163 3 1
39211 0 163 3 1
39290 0 163 3 0
348075 0 163 3 3
348077 0 163 3 3
391210 0 163 3 1
391211 0 163 3 1
391212 0 163 3 1
391469 1 164 4 1
447687 1 164 3 3
89294 1 164 3 1
348252 1 164 2 1
258428 1 164 2 3
38656 1 164 2 4
37676 1 164 1 3
37677 0 164 3 3
39385 1 164 3 1
39388 1 164 3 1
89293 0 164 3 1
89296 0 164 3 1
89297 0 164 3 1
258427 0 164 4 3
348251 0 164 3 1
348253 0 164 3 1
446471 1 165 3 1
38662 1 165 1 3
258426 0 165 3 3
391471 1 165 3 1
383656 1 166 3 3
38286 1 166 2 1
38287 0 166 3 1
38288 0 166 3 1
446470 1 167 3 1
442241 1 167 3 3
38700 1 167 3 1
348080 1 167 2 1
39385 1 167 2 1
38261 1 167 2 3
435085 1 167 1 3
38259 0 167 3 3
38260 0 167 3 3
39384 0 167 3 1
39388 0 167 3 1
300559 0 167 3 1
300560 0 167 3 1
349560 0 167 3 4
442239 0 167 3 3
39180 1 168 3 3
38594 1 168 3 3
37661 1 168 2 2
38595 0 168 3 3
38698 1 168 3 1
38699 1 168 3 1
39181 0 168 3 3
300254 0 168 3 3
447328 1 169 3 4
553505 1 169 2 3
236942 1 169 2 3
39381 1 169 2 1
39383 0 169 3 1
236939 0 169 3 3
236940 0 169 3 3
446808 1 170 3 4
348081 1 170 2 3
298863 1 171 4 1
442242 1 171 3 3
38987 1 171 3 1
38380 1 171 3 1
447251 1 171 2 3
89298 1 171 1 3
38379 0 171 3 1
38381 0 171 3 1
89293 0 171 3 3
89294 0 171 3 3
89296 0 171 3 3
447252 0 171 3 3
348976 1 172 3 3
39382 1 172 3 3
39378 1 172 2 4
254476 1 172 1 1
37447 1 172 1 0
37448 0 172 3 0
37451 0 172 3 0
38986 1 172 3 1
38989 1 172 3 1
39379 0 172 3 3
39380 0 172 3 3
39381 0 172 3 3
254479 0 172 3 1
298867 1 172 3 1
298868 1 172 3 1
298866 0 173 5 1
38534 1 173 1 1
38533 0 173 3 1
38536 0 173 3 1
89294 0 173 3 0
89298 0 173 3 0
298864 0 173 3 2
298868 0 173 3 2
38403 1 174 3 1
254735 1 174 2 1
38281 1 174 2 1
38282 0 174 3 1
38985 0 174 3 2
38988 0 174 3 2
89296 1 175 3 1
37604 1 175 2 4
280402 1 175 1 3
38404 1 175 3 1
38406 1 175 3 1
89294 0 175 3 1
89298 0 175 3 1
280401 0 175 3 3
280403 0 175 3 3
298868 0 175 3 1
298869 0 175 3 1
460031 1 176 4 3
38841 1 176 2 1
38842 0 176 3 1
38634 1 177 3 0
38581 1 177 2 0
442298 1 177 1 1
38582 0 177 3 0
38585 0 177 3 0
38636 0 177 3 0
442297 0 177 3 1
442299 0 177 3 1
525200 1 178 3 3
298647 1 178 3 1
38701 1 178 1 2
525198 0 178 3 3
525201 0 178 3 3
298984 1 179 4 1
38576 1 179 3 1
37909 1 179 3 1
420645 1 179 2 4
300308 0 179 4 3
299749 1 179 2 1
298899 1 179 2 1
96175 1 179 2 2
38578 0 179 3 1
38839 1 179 1 1
37908 0 179 3 1
38575 0 179 3 1
38577 0 179 3 1
38579 0 179 3 1
38575 0 179 3 1
96176 0 179 3 2
96177 0 179 3 2
298901 0 179 3 1
299748 0 179 3 1
300309 0 179 3 1
300311 0 179 4 1
420644 0 179 3 4
38866 0 180 8 0
39045 1 180 3 1
39044 0 180 3 1
39047 0 180 3 1
300309 0 180 3 3
300310 0 180 3 3
299955 1 181 3 1
23644 1 181 2 3
23642 0 181 3 3
23643 0 181 3 3
38867 1 181 3 0
38868 1 181 3 0
38869 1 181 3 0
299957 0 181 3 1
254484 1 182 3 1
254482 1 182 2 4
39259 1 182 2 1
39261 0 182 3 1
254481 0 182 3 4
254483 0 182 4 1
254485 0 182 3 1
254486 0 182 3 1
254487 0 182 3 1
37969 1 183 3 1
173962 1 183 2 2
37855 1 183 2 1
37608 1 183 1 3
37856 0 183 3 1
387870 1 184 3 2
299949 1 184 2 1
37771 1 184 2 3
37772 0 184 3 3
299951 0 184 3 1
387869 0 184 3 2
39254 1 185 2 1
39253 0 185 3 1
39255 0 185 3 1
39256 0 185 3 1
22911 1 186 4 1
37593 1 186 3 3
300366 1 186 2 1
254479 1 186 2 3
23640 1 186 2 1
254226 1 186 1 1
37588 0 186 3 3
23642 0 186 3 1
23643 0 186 3 1
23644 0 186 3 1
37590 0 186 3 1
37591 0 186 3 3
37592 0 186 3 3
254225 0 186 3 1
254227 0 186 3 1
254228 0 186 3 1
254480 0 186 3 3
299040 0 187 13 4
301046 1 187 2 2
173960 1 187 2 3
22912 1 187 3 1
173958 0 187 3 3
301045 0 187 3 2
300749 1 188 3 1
300367 1 188 3 3
299305 1 188 3 1
39429 1 188 3 0
299664 1 188 2 1
37588 0 188 3 2
37589 0 188 3 2
37592 0 188 3 2
39431 0 188 3 0
299662 0 188 3 1
299666 0 188 3 1
300366 0 188 3 3
22913 1 189 3 3
299919 1 189 2 1
161505 1 189 1 3
161506 0 189 3 3
299304 1 189 3 1
299306 1 189 3 1
299920 0 189 3 1
300748 1 189 3 1
300750 1 189 3 1
300751 1 189 3 1
186474 1 190 4 2
152835 1 190 3 3
22911 1 190 3 3
22912 1 190 3 3
152836 0 190 3 3
256400 1 191 3 3
531178 1 191 2 3
299401 1 191 2 1
301246 1 191 1 1
299402 0 191 3 1
299404 0 191 3 1
301247 0 191 3 1
531177 0 191 3 3
531179 0 191 3 3
152834 1 192 3 1
38056 1 192 3 1
300016 1 192 2 1
113064 1 192 2 3
152836 0 192 3 1
256398 1 192 3 3
256399 1 192 3 3
300015 0 192 3 1
186475 1 193 3 2
39106 1 193 3 1
38855 1 193 3 3
38207 1 193 3 3
299891 1 193 2 4
299403 1 193 2 1
300468 1 193 1 1
38854 0 193 3 3
299890 0 193 3 4
300469 0 193 3 1
300470 0 193 3 1
418315 1 194 3 3
299410 1 194 3 1
298695 1 194 3 1
300946 1 194 2 1
152829 1 194 2 1
346639 1 194 1 3
299565 1 194 1 1
38206 1 194 3 3
152830 0 194 3 1
298694 0 194 3 1
298696 0 194 3 1
298697 0 194 3 1
299567 0 194 3 1
299568 0 194 3 1
299570 0 194 3 1
300948 0 194 3 1
300949 0 194 3 1
418310 0 194 3 3
418311 0 194 3 3
418312 0 194 3 3
418313 0 194 3 3
418314 0 194 3 3
300335 1 195 3 1
533062 1 195 2 3
300663 1 195 2 1
171868 1 195 2 3
300360 1 195 1 1
223495 1 195 1 3
300362 0 195 3 1
300180 1 196 4 3
187107 1 196 3 1
151661 1 196 2 3
150899 1 196 2 1
300769 1 196 1 1
187109 0 196 3 1
187110 0 196 3 1
300336 1 196 3 1
153179 1 197 3 1
298836 1 197 2 1
150898 1 197 3 1
153178 0 197 3 1
153180 0 197 3 1
153181 0 197 3 1
153182 0 197 3 1
300179 1 197 3 3
300740 1 198 3 1
298696 1 198 2 1
202620 1 198 2 3
299191 1 198 1 1
38057 1 198 1 1
38056 0 198 3 1
38058 0 198 3 1
298838 1 198 3 1
299192 0 198 3 1
299193 0 198 3 1
300739 0 198 3 1
300741 0 198 3 1
300742 0 198 3 1
300159 1 199 4 1
301247 1 199 2 3
38575 1 199 2 1
38465 1 199 2 1
299628 1 199 1 4
38464 0 199 3 1
38466 0 199 3 1
38578 0 199 3 1
38579 0 199 3 1
38580 0 199 3 1
298694 1 199 3 1
298697 1 199 3 1
299627 0 199 3 4
301246 0 199 3 3
543410 0 199 3 3
543411 0 199 3 3
543412 0 199 3 3
543413 0 199 3 3
301182 1 200 3 3
300886 1 200 3 3
153185 1 200 3 1
153180 0 200 4 3
301186 1 200 1 2
300662 1 200 1 1
298635 1 200 1 1
223500 1 200 1 3
187278 1 200 1 1
153178 0 200 3 1
187280 0 200 3 1
223499 0 200 3 3
223501 0 200 3 3
298634 0 200 3 1
300160 1 200 3 1
300161 1 200 3 1
300664 0 200 3 1
300882 0 200 3 3
300883 0 200 4 3
300884 0 200 3 3
300885 0 200 3 3
301187 0 200 3 2
303668 1 201 3 3
298837 1 201 3 1
186087 1 201 3 1
299536 1 201 2 1
153182 1 201 2 3
299409 1 201 1 3
153178 0 201 3 3
153187 1 201 3 1
298838 0 201 3 1
298839 0 201 3 1
299406 0 201 3 3
299407 0 201 3 3
299408 0 201 3 3
299535 0 201 4 1
299537 0 201 3 1
299538 0 201 3 1
300884 0 201 3 1
300885 0 201 3 1
300887 0 201 3 1
303664 0 201 3 3
303666 0 201 3 3
303669 0 201 3 3
38464 1 202 2 1
300581 1 203 4 1
301001 1 203 3 1
300571 1 203 3 1
186607 1 203 1 1
186605 0 203 3 1
186609 0 203 3 1
299536 1 203 3 0
299538 1 203 4 0
299539 1 203 3 0
300572 0 203 3 1
300573 0 203 3 1
301233 1 204 3 1
152602 1 204 3 1
543415 1 204 2 4
300895 1 204 2 2
298839 1 204 2 3
262631 1 204 2 3
184860 1 204 2 3
151316 1 204 2 1
299171 1 204 1 1
151318 0 204 3 1
151319 0 204 3 1
152603 0 204 3 1
298838 0 204 3 3
299535 0 204 3 3
299539 0 204 3 3
300896 0 204 3 2
301232 0 204 3 1
301236 0 204 3 1
249678 1 205 3 3
299010 1 205 2 1
199869 1 205 2 3
152471 0 205 4 1
152469 0 205 4 1
152470 0 205 3 1
152472 0 205 3 1
152473 0 205 3 1
249676 0 205 3 3
249677 0 205 3 3
299008 0 205 3 1
299011 0 205 3 1
299012 0 205 3 1
299534 0 205 3 3
299535 0 205 3 3
299537 0 205 3 3
300353 1 206 3 1
299117 1 206 3 0
186088 1 206 3 3
185830 1 206 3 1
300884 1 206 1 1
152470 0 206 3 1
152473 0 206 3 1
185832 0 206 3 1
185833 0 206 3 1
185834 0 206 4 1
186086 0 206 3 3
186089 0 206 3 3
300881 0 206 3 1
300882 0 206 3 1
300883 0 206 3 1
300885 0 206 3 1
300886 0 206 3 1
300887 0 206 3 1
299898 1 207 2 1
186136 1 207 2 1
185966 1 207 2 1
299118 1 207 3 0
299119 1 207 3 0
299120 1 207 3 0
299897 0 207 3 1
300584 1 208 3 2
299750 1 208 3 2
299174 1 208 3 3
298827 1 208 3 1
165018 1 208 3 3
149757 1 208 3 3
274413 1 208 2 3
52221 1 208 2 3
149758 0 208 3 3
185831 1 208 3 3
185832 1 208 3 3
274411 0 208 3 3
274414 0 208 3 3
298825 0 208 3 1
299748 0 208 3 2
299749 0 208 3 2
299751 0 208 3 2
300581 0 208 3 2
300582 0 208 3 2
300583 0 208 3 2
187069 0 209 6 3
185825 1 209 3 4
298902 1 209 2 3
152215 1 209 2 1
186444 1 209 1 1
152591 1 209 1 1
152216 0 209 3 1
152217 0 209 3 1
186446 0 209 3 1
186448 0 209 3 1
298900 0 209 3 3
299117 0 209 3 2
186688 1 210 4 1
187157 1 210 2 1
152195 1 210 2 1
300894 1 210 1 1
154024 1 210 1 3
152196 0 210 3 1
152197 0 210 3 1
154019 0 210 3 3
154022 0 210 3 3
187068 1 210 3 1
187070 1 210 3 1
187158 0 210 3 1
299751 0 210 3 0
300896 0 210 3 1
300897 0 210 3 1
300898 0 210 3 1
299173 1 211 3 3
301234 1 211 2 1
186258 1 211 2 1
186101 1 211 2 1
186100 0 211 3 1
186103 0 211 3 1
186104 0 211 3 1
186259 0 211 3 1
186261 0 211 3 1
186687 1 211 3 1
186689 1 211 3 1
301233 0 211 3 1
301235 0 211 3 1
301236 0 211 3 1
152739 1 212 3 1
150837 1 212 3 4
300706 1 212 2 1
299829 1 212 2 1
151784 1 212 2 1
61424 1 212 1 2
151785 0 212 3 1
187068 0 212 3 3
187071 0 212 3 3
299828 0 212 3 1
299830 0 212 3 1
300704 0 212 3 1
300708 0 212 3 1
298826 1 213 3 1
187045 1 213 3 3
152850 1 213 3 1
152385 1 213 3 3
152194 1 213 3 1
151840 0 213 5 1
151357 1 213 3 1
187118 1 213 2 1
151771 1 213 2 1
274412 1 213 1 1
152380 1 213 1 0
151354 0 213 3 1
151355 0 213 3 1
151770 0 213 3 1
151772 0 213 3 1
151773 0 213 3 1
151839 0 213 3 1
151841 0 213 3 1
151843 0 213 3 1
152195 0 213 3 1
152196 0 213 3 1
152381 0 213 3 0
152382 0 213 3 0
152383 0 213 3 0
152384 0 213 3 0
152737 1 213 3 1
152738 1 213 3 1
152740 1 213 3 1
152741 1 213 3 1
187041 0 213 3 3
187042 0 213 3 3
187044 0 213 3 3
187117 0 213 3 1
187120 0 213 3 1
274411 0 213 4 1
274413 0 213 3 1
298827 0 213 3 1
306658 1 214 2 3
301080 1 214 2 1
149758 1 214 2 3
84834 1 214 2 3
84832 0 214 3 3
84833 0 214 3 3
149755 0 214 3 3
149756 0 214 3 3
149757 0 214 3 3
152386 1 214 3 3
274412 0 214 3 1
301082 0 214 3 1
301083 0 214 3 1
299463 1 215 3 1
185936 0 215 4 1
152694 1 215 3 3
301205 1 215 2 1
186193 1 215 2 1
151842 0 215 3 1
151843 0 215 3 1
185937 0 215 3 1
185940 0 215 3 1
185941 0 215 3 1
186194 0 215 3 1
299462 0 215 3 1
299465 0 215 3 1
301206 0 215 3 1
301208 0 215 3 1
186931 1 216 4 1
186541 1 216 4 1
300709 1 216 3 3
299165 1 216 3 4
187138 1 216 3 0
185737 1 216 3 0
152738 1 216 3 0
186945 1 216 2 3
151355 1 216 2 1
300429 1 216 1 1
185938 1 216 1 1
151357 0 216 3 1
151358 0 216 3 1
185939 0 216 3 1
185940 0 216 3 1
185941 0 216 3 1
300431 0 216 3 1
300432 0 216 3 1
300433 0 216 3 1
300704 0 216 3 3
300705 0 216 3 3
300707 0 216 3 3
185779 1 217 4 1
152851 1 217 3 1
12887 1 217 3 3
306659 1 217 2 3
187042 1 217 2 0
186767 1 217 2 1
186660 1 217 2 1
151611 1 217 2 4
152333 1 217 1 1
151612 0 217 3 4
152334 0 217 3 1
152335 0 217 3 1
152336 0 217 3 1
185739 1 217 3 0
185740 1 217 3 0
186540 1 217 3 1
186764 0 217 3 1
186765 0 217 3 1
186768 0 217 3 1
186929 1 217 3 1
187041 0 217 3 0
187043 0 217 3 0
187045 0 217 3 0
187139 1 217 3 0
306658 0 217 3 3
206534 1 218 2 2
186644 1 218 2 1
185945 1 218 2 2
181042 1 218 2 2
152853 1 218 2 3
152232 1 218 2 4
150884 1 218 2 1
150886 0 218 3 1
152230 0 218 3 4
152231 0 218 3 4
181041 0 218 3 2
185942 0 218 3 2
185943 0 218 3 2
185944 0 218 3 2
186645 0 218 3 1
186646 0 218 3 1
186647 0 218 3 1
186661 1 218 3 1
186662 1 218 3 1
186663 1 218 3 1
185940 0 219 13 3
186826 1 219 3 3
186543 1 219 3 3
152475 1 219 3 1
152426 1 219 3 3
84951 1 219 3 3
299160 1 219 2 3
186199 1 219 2 1
186911 1 219 1 1
186492 1 219 1 1
150809 1 219 1 1
150785 1 219 1 1
84950 0 219 3 3
84952 0 219 3 3
150787 0 219 3 1
150807 0 219 3 1
150808 0 219 3 1
150810 0 219 3 1
150811 0 219 3 1
151226 0 219 3 3
151227 0 219 3 3
151228 0 219 4 3
152474 0 219 3 1
152479 0 219 3 1
186200 0 219 3 1
186201 0 219 3 1
186202 0 219 3 1
186493 0 219 3 1
186494 0 219 3 1
186495 0 219 3 1
186542 0 219 3 3
186827 0 219 3 3
186828 0 219 3 3
299159 0 219 3 3
185836 1 220 3 1
185574 1 220 3 1
185467 1 220 3 1
299744 1 220 2 1
152323 1 220 2 4
151683 1 220 2 1
151612 1 220 2 4
186015 1 220 1 1
151230 0 220 3 1
151611 0 220 3 4
151682 0 220 3 1
151686 0 220 3 1
185465 0 220 3 1
185468 0 220 3 1
185469 0 220 3 1
185576 0 220 3 1
185840 0 220 3 1
185841 0 220 3 1
185937 1 220 3 3
185939 1 220 3 3
186016 0 220 3 1
186017 0 220 3 1
150926 1 221 4 4
185949 1 221 3 0
152476 1 221 3 1
151348 1 221 3 1
187350 1 221 2 1
186779 1 221 2 0
186764 1 221 2 0
16652 1 221 2 3
185918 1 221 1 1
16653 0 221 3 3
185919 0 221 3 1
185920 0 221 3 1
185921 0 221 3 1
185936 0 221 3 3
185937 0 221 3 3
186766 0 221 3 0
186767 0 221 3 0
186768 0 221 3 0
186769 0 221 3 0
186781 0 221 3 0
187349 0 221 3 1
187351 0 221 3 1
299741 1 221 3 1
299745 1 221 3 1
299746 1 221 3 1
186224 1 222 4 1
186706 1 222 3 3
186233 1 222 3 1
152956 1 222 3 1
152336 1 222 3 3
187037 1 222 1 1
150925 1 222 3 4
151349 1 222 3 1
151350 1 222 3 1
152474 1 222 3 1
152475 1 222 3 1
152477 1 222 3 1
152478 1 222 3 1
152479 1 222 3 1
152957 0 222 3 1
152958 0 222 3 1
186235 0 222 3 1
186236 0 222 3 1
186646 0 222 3 3
186703 0 222 3 3
186704 0 222 3 3
186705 0 222 3 3
187038 0 222 3 1
187039 0 222 3 1
152005 1 223 4 2
151230 1 223 3 3
43216 1 223 3 3
187338 1 223 2 1
186542 1 223 2 3
185753 1 223 2 4
185471 1 223 2 3
153015 1 223 2 1
152907 1 223 2 1
150974 1 223 2 1
43213 0 223 3 3
43214 0 223 4 3
43215 0 223 3 3
150973 0 223 3 1
150975 0 223 3 1
150976 0 223 3 1
151227 0 223 4 3
151228 0 223 3 3
151229 0 223 3 3
152908 0 223 3 1
153019 0 223 3 1
185472 0 223 3 3
185752 0 223 3 4
186226 1 223 3 1
186227 1 223 3 1
186541 0 223 3 3
186764 0 223 3 1
186768 0 223 3 1
186769 0 223 3 1
186770 0 223 3 1
187339 0 223 3 1
187340 0 223 3 1
289140 1 224 3 3
380255 1 224 2 3
185838 1 224 2 1
185837 0 224 3 1
185646 1 224 2 4
186780 1 224 1 3
151176 1 224 1 1
151229 0 224 3 1
152003 1 224 3 2
152004 1 224 3 2
152006 1 224 3 2
185836 0 224 3 1
185839 0 224 3 1
185840 0 224 3 1
185841 0 224 3 1
186779 0 224 3 3
186781 0 224 3 3
380253 0 224 3 3
380254 0 224 3 3
186232 1 225 3 0
85502 1 225 3 1
152421 1 225 2 1
151044 1 225 2 1
185897 1 225 1 1
85501 0 225 3 1
151043 0 225 3 1
151046 0 225 3 1
152422 0 225 3 1
152424 0 225 3 1
185896 0 225 3 1
185898 0 225 3 1
185899 0 225 3 1
186236 0 225 3 0
185886 1 226 3 1
153071 1 226 3 1
153066 1 226 3 0
151700 1 226 3 1
346123 1 226 2 4
150784 1 226 2 1
151699 0 226 3 1
151701 0 226 3 1
153067 0 226 3 0
153068 0 226 3 0
153069 0 226 3 0
153070 0 226 3 0
153072 0 226 3 1
153073 0 226 3 1
153074 0 226 3 1
153075 0 226 3 1
347876 1 227 3 4
152416 1 227 3 1
152368 1 227 3 1
151330 1 227 3 1
106068 1 227 3 3
299020 1 227 2 1
187300 1 227 2 1
152108 1 227 2 1
151385 1 227 2 1
85566 1 227 2 1
43212 1 227 1 3
43209 0 227 3 3
43210 0 227 3 3
106066 0 227 3 3
106067 0 227 3 3
151332 0 227 3 1
151384 0 227 3 1
151387 0 227 3 1
152109 0 227 3 1
152110 0 227 3 1
152369 0 227 3 1
152371 0 227 3 1
152414 0 227 3 1
152418 0 227 3 1
152419 0 227 3 1
152420 0 227 3 1
185887 1 227 3 1
185888 1 227 3 1
185889 1 227 3 1
187299 0 227 3 1
187301 0 227 3 1
186027 1 228 3 4
152520 1 228 3 3
458768 1 228 2 3
152995 1 228 2 1
152428 1 228 2 3
185554 1 228 1 2
152744 1 228 1 1
151912 1 228 1 4
152518 0 228 3 3
152519 0 228 3 3
152521 0 228 3 3
152743 0 228 3 1
152745 0 228 3 1
152747 0 228 3 1
152994 0 228 3 1
152997 0 228 3 1
152998 0 228 3 1
186026 0 228 3 4
458769 0 228 3 3
298884 1 229 4 1
152417 1 229 3 1
151174 1 229 3 4
152630 1 229 2 1
152414 0 229 3 1
152419 0 229 3 1
152420 0 229 3 1
152631 0 229 3 1
152632 0 229 3 1
152191 1 230 3 1
151224 1 230 3 3
535375 1 230 2 3
85778 1 230 2 1
186849 1 230 1 1
152418 1 230 1 3
151225 0 230 3 3
152189 0 230 3 1
152192 0 230 3 1
152193 0 230 3 1
152419 0 230 3 3
152420 0 230 3 3
298883 1 230 3 1
298887 1 230 3 1
535371 0 230 3 3
535372 0 230 3 3
535374 0 230 3 3
152102 1 231 3 1
150787 1 231 1 3
85779 1 231 3 1
85780 1 231 3 1
150784 0 231 3 3
150785 0 231 3 3
152101 0 231 3 1
152103 0 231 3 1
152105 0 231 3 1
186028 1 232 3 2
151820 1 232 2 0
85504 0 232 3 1
85505 0 232 5 1
85507 0 232 3 1
85506 0 232 3 1
85507 0 232 3 1
151822 0 232 3 0
187267 1 233 3 1
152096 1 233 3 0
414010 1 233 2 3
152745 1 233 2 1
85568 1 233 2 3
85157 1 233 2 1
534992 1 233 1 3
85155 0 233 3 1
85160 0 233 3 1
85566 0 233 3 3
152743 0 233 3 1
152744 0 233 3 1
152747 0 233 5 1
152743 0 233 3 3
152746 0 233 3 3
187268 0 233 3 1
414008 0 233 3 3
414011 0 233 3 3
534991 0 233 3 3
298885 1 234 3 1
152415 1 234 2 1
151622 1 234 2 1
152997 1 234 1 3
85504 0 234 3 3
85505 0 234 3 3
152097 1 234 3 0
152099 1 234 3 0
152418 0 234 3 1
152420 0 234 3 1
152998 0 234 3 3
298883 0 234 3 1
298884 0 234 3 1
298887 0 234 3 1
150824 1 235 3 1
85156 1 235 3 1
84911 1 235 3 1
84912 0 235 3 1
84913 0 235 3 1
85155 0 235 3 1
85157 0 235 3 1
85158 0 235 3 1
85159 0 235 3 1
150825 0 235 3 1
179234 1 236 3 3
152598 1 236 3 1
179233 0 236 3 3
152443 1 237 3 1
402677 1 237 2 3
150940 1 237 2 1
187006 1 237 1 3
85157 0 237 3 1
85159 0 237 3 1
150941 0 237 3 1
152599 1 237 3 1
152601 1 237 3 1
56331 0 238 13 3
153002 1 238 4 1
152051 1 238 3 1
151299 1 238 3 1
85825 1 238 3 1
57074 1 238 1 2
151300 0 238 3 1
152446 1 238 3 1
151317 1 239 4 1
151480 1 239 3 1
84980 1 239 3 1
151867 1 239 2 1
151306 1 239 2 3
151125 1 239 1 1
56332 1 239 3 3
84982 0 239 3 1
151304 0 239 3 3
151868 0 239 3 1
152053 1 239 3 1
153003 1 239 3 1
85133 1 240 4 1
152568 1 240 3 1
152156 1 240 3 3
150934 1 240 3 2
186593 1 240 2 1
152284 1 240 2 3
84461 1 240 2 1
614 1 240 2 3
151735 1 240 1 1
84462 0 240 3 1
84464 0 240 3 1
150933 0 240 3 2
151318 1 240 3 1
151479 1 240 3 1
151481 1 240 3 1
151483 1 240 3 1
151736 0 240 3 1
151738 0 240 3 1
152571 0 240 3 1
152573 0 240 3 1
152574 0 240 4 1
186594 0 240 3 1
186595 0 240 3 1
85606 1 241 3 3
368 1 241 2 3
85134 1 241 3 1
85135 1 241 3 1
85604 0 241 3 3
85605 0 241 3 3
152569 0 241 3 3
152573 0 241 3 3
151620 1 242 3 1
185882 1 242 2 4
152420 1 242 2 4
150984 1 242 2 1
150941 1 242 1 1
84459 0 242 3 1
84463 0 242 3 1
84464 0 242 3 1
150985 0 242 3 1
150986 0 242 3 1
152414 0 242 3 4
152416 0 242 3 4
152419 0 242 3 4
186594 1 243 3 3
185742 1 243 3 1
152572 1 243 3 2
152748 1 243 2 1
85930 1 243 2 1
85828 1 243 2 2
85824 0 243 3 2
85829 0 243 3 2
85929 0 243 3 1
85932 0 243 3 1
151621 1 243 3 1
151622 1 243 3 1
152569 0 243 3 2
152570 0 243 3 2
152571 0 243 3 2
152573 0 243 3 2
152574 0 243 3 2
152751 0 243 3 1
152753 0 243 3 1
185741 0 243 3 1
185744 0 243 3 1
186591 0 243 3 3
186595 0 243 3 3
152071 1 244 3 1
186112 1 244 2 3
151894 1 244 2 1
151859 1 244 2 1
151861 0 244 3 1
151895 0 244 3 1
151896 0 244 3 1
521797 1 245 3 3
57071 1 245 2 0
187013 1 245 1 1
152977 1 245 1 1
126922 1 245 1 3
57072 0 245 3 0
57073 0 245 3 0
57074 0 245 3 0
126923 0 245 3 3
152072 1 245 3 1
152073 1 245 4 1
152975 0 245 3 1
152976 0 245 4 1
152978 0 245 3 1
152979 0 245 3 1
186257 1 246 3 4
151893 1 246 3 1
84670 1 246 3 1
152942 1 246 2 1
151625 1 246 2 1
85912 1 246 2 1
84671 0 246 3 1
84672 0 246 3 1
151896 0 246 3 1
151897 0 246 3 1
152070 0 246 3 2
152072 0 246 3 2
126929 1 247 4 3
152488 1 247 3 1
186803 1 247 2 4
152487 0 247 3 1
152489 0 247 3 1
152490 0 247 3 1
152978 1 247 3 1
152979 1 247 3 1
185851 1 248 3 0
152074 1 248 2 3
83175 1 248 2 2
152751 1 248 1 2
151573 1 248 1 1
83174 0 248 3 2
83176 0 248 3 2
83177 0 248 3 2
126925 1 248 3 3
126926 1 248 3 3
126927 1 248 3 3
126931 1 248 3 3
151575 0 248 3 1
151576 0 248 3 1
151578 0 248 3 1
152070 0 248 3 3
152071 0 248 3 3
152072 0 248 3 3
152748 0 248 3 2
152749 0 248 3 2
152750 0 248 3 2
152752 0 248 3 2
185852 0 248 3 0
185854 0 248 3 0
185855 0 248 3 0
185856 0 248 3 0
151664 1 249 3 3
150770 1 249 3 2
85911 1 249 3 1
152519 1 249 2 1
97062 1 249 2 3
85912 0 249 3 1
85914 0 249 3 1
97057 0 249 3 3
97058 0 249 3 3
97059 0 249 3 3
97060 0 249 3 3
97061 0 249 3 3
97063 0 249 3 3
151663 0 249 3 3
152518 0 249 3 1
152520 0 249 3 1
152521 0 249 3 1
186380 1 250 3 1
99339 1 250 3 4
84672 1 250 2 1
84670 0 250 3 1
86822 1 251 3 3
152978 1 251 2 2
152487 1 251 2 1
85068 1 251 1 1
85067 0 251 3 1
85069 0 251 3 1
152488 0 251 3 1
152490 0 251 3 1
152977 0 251 3 2
152979 0 251 3 2
151957 1 252 3 1
126928 1 252 3 1
84671 0 252 5 3
371982 1 252 2 3
186381 1 252 2 1
152039 1 252 2 1
85544 1 252 2 1
60703 1 252 1 3
60701 0 252 3 3
60702 0 252 3 3
85543 0 252 3 1
85545 0 252 3 1
86818 1 252 3 3
86819 1 252 3 3
126925 0 252 3 1
126929 0 252 3 1
126931 0 252 3 1
152040 0 252 3 1
186379 0 252 3 1
371983 0 252 3 3
152514 1 253 2 3
151958 1 253 3 1
151959 1 253 3 1
152512 0 253 3 3
152513 0 253 3 3
85817 1 254 3 1
513538 1 254 2 2
153085 1 254 2 1
151077 1 254 2 1
84673 1 254 2 3
152489 1 254 1 3
84669 0 254 3 3
84670 0 254 3 3
84674 0 254 3 3
85815 0 254 3 1
85816 0 254 3 1
85818 0 254 3 1
85819 0 254 3 1
152487 0 254 3 3
152488 0 254 3 3
153086 0 254 3 1
153087 0 254 3 1
153088 0 254 3 1
513540 0 254 3 2
186744 1 255 2 3
330420 1 256 3 3
186289 1 256 1 1
152979 1 256 1 2
152512 1 256 1 1
152078 1 256 1 2
151487 1 256 1 1
151485 0 256 3 1
151488 0 256 3 1
152975 0 256 3 2
152978 0 256 3 2
153085 0 256 3 1
153086 0 256 3 1
153088 0 256 3 1
153089 0 256 3 1
186288 0 256 3 1
330419 0 256 3 3
330421 0 256 3 3
177088 1 257 1 3
152077 1 258 3 2
151068 1 258 2 3
152078 0 258 3 2
365056 1 259 3 3
152782 1 260 3 1
152783 0 260 3 1
152784 0 260 3 1
277337 1 261 3 3
275293 1 262 2 2
275291 0 262 3 2
185850 1 266 1 3
185847 0 266 3 3
185848 0 266 3 3
