147623 0 3 3 3
147626 0 3 3 3
478643 0 3 3 1
478645 0 3 3 1
229065 0 4 3 3
229068 0 4 3 3
229069 0 4 3 3
277066 0 4 3 4
457047 0 4 3 3
457048 0 4 3 3
457050 0 4 3 3
34699 1 6 3 1
34700 1 6 3 1
34701 1 6 3 1
478644 1 6 3 1
478646 1 6 3 1
478741 0 6 3 1
477443 1 7 3 1
33515 0 8 3 1
33517 0 8 3 1
33518 0 8 3 1
179239 0 8 3 2
179240 0 8 3 2
179241 0 8 3 2
199974 0 9 3 3
1721 0 10 3 2
1726 0 10 3 2
1729 0 10 3 2
1730 0 10 3 2
332880 0 10 3 1
332882 0 10 3 1
34860 0 11 3 1
332680 0 12 3 3
333378 0 12 3 1
333379 0 12 3 1
478132 1 12 3 1
1726 0 13 3 3
1728 0 13 3 3
1730 0 13 3 3
331821 0 13 3 1
332877 0 13 3 1
332880 0 13 3 1
332882 0 13 3 1
332883 0 13 3 1
538954 0 13 3 1
538951 0 13 3 1
538954 0 13 3 1
331820 0 14 3 3
331821 0 14 3 3
331823 0 14 3 3
331825 0 14 3 3
332880 0 14 3 3
332882 0 14 3 3
478011 0 14 3 3
332070 1 15 3 1
332369 0 15 3 1
332371 0 15 3 1
332372 0 15 3 1
332953 1 15 3 3
332955 1 15 3 3
478132 0 15 3 3
281389 1 16 3 3
332226 0 16 3 1
332227 0 16 3 1
332230 0 16 3 1
332290 1 16 3 1
332769 0 16 3 3
332770 0 16 3 3
333174 0 16 3 1
333175 0 16 3 1
333179 0 16 3 1
478925 0 16 3 1
272443 1 17 3 3
331810 0 17 3 1
332770 0 17 3 1
332772 0 17 3 1
332773 0 17 3 1
333263 1 17 3 1
396180 0 17 3 1
478073 1 17 3 1
478077 1 17 3 1
332027 0 18 3 0
332226 0 18 3 3
332227 0 18 3 3
332229 0 18 3 3
332788 0 18 3 1
333382 0 18 3 1
333384 0 18 3 1
333386 0 18 3 1
333425 0 18 3 1
333426 0 18 3 1
537493 0 18 3 1
537497 0 18 3 1
331746 0 19 3 1
331748 0 19 3 1
331749 0 19 3 1
332921 0 19 3 1
332924 0 19 3 1
333336 1 19 3 1
477869 0 19 3 1
477870 0 19 3 1
477871 0 19 3 1
478071 0 19 3 3
478073 0 19 3 3
478074 0 19 3 3
478077 0 19 3 3
507643 0 19 3 3
538437 0 19 3 3
332229 0 20 3 0
332230 0 20 3 0
332226 0 20 3 1
332229 0 20 3 1
332231 0 20 3 1
333172 0 20 3 1
333307 1 20 3 1
396183 0 20 3 1
478072 0 20 3 1
478074 0 20 3 1
478076 0 20 3 1
478592 0 20 3 2
478965 0 20 3 1
538673 0 20 3 1
538675 0 20 3 1
332784 0 21 3 3
332785 0 21 3 3
333385 0 21 3 1
477868 0 21 3 1
537497 0 21 3 1
332359 0 22 3 1
332859 0 22 3 1
538672 0 22 3 3
272443 0 23 3 3
272444 0 23 3 3
272445 0 23 3 3
272446 0 23 3 3
272448 0 23 3 3
333012 0 23 3 3
333170 0 23 3 1
333171 0 23 3 1
333169 0 23 3 3
333171 0 23 3 3
478723 0 23 3 1
478724 0 23 3 1
478728 0 23 3 1
480833 1 23 3 2
480837 1 23 3 2
480838 1 23 3 2
332651 0 24 3 1
478074 0 24 3 1
478075 0 24 3 1
478076 0 24 3 1
86502 0 25 3 1
86504 0 25 3 1
86503 1 25 3 3
395719 0 25 3 1
478723 0 25 3 1
478726 0 25 3 1
478723 0 25 3 3
478724 0 25 3 3
478725 0 25 3 3
534138 1 25 3 3
534140 1 25 3 3
333048 0 26 3 3
478728 1 26 3 1
477847 1 27 3 1
477848 1 27 3 1
524271 0 27 3 3
524272 0 27 3 3
524273 0 27 3 3
524274 0 27 3 3
527072 0 27 3 3
527073 0 27 3 3
527074 0 27 3 3
527075 0 27 3 3
289247 0 28 3 3
317021 0 28 3 3
317023 0 28 3 3
333426 0 28 3 3
477456 0 28 3 1
477457 0 28 3 1
331994 0 29 3 1
331996 0 29 3 1
331997 0 29 3 1
331998 0 29 3 1
396143 0 29 3 1
396144 0 29 3 1
396145 0 29 3 1
478964 0 29 3 1
332419 1 30 3 1
332420 1 30 3 1
332423 1 30 3 1
333419 0 30 3 1
478210 0 30 3 1
478213 0 30 3 1
478216 0 30 3 1
46582 0 31 3 3
332147 0 31 3 1
332420 0 31 3 3
332422 0 31 3 3
332801 0 31 3 1
332802 0 31 3 1
333087 0 31 3 1
333090 0 31 3 1
333091 0 31 3 1
333308 0 31 3 1
333309 0 31 3 1
333412 0 31 3 1
333413 0 31 3 1
289249 0 32 3 1
289250 0 32 3 1
331994 1 32 3 3
331998 1 32 3 3
395348 0 32 3 1
395357 0 32 3 1
395359 0 32 3 1
395361 0 32 3 1
332516 1 33 3 1
396440 0 33 3 1
396442 0 33 3 1
477627 0 33 3 0
477628 0 33 3 0
478918 1 33 3 1
478919 1 33 3 1
478921 1 33 3 1
478922 1 33 3 1
70153 0 34 3 3
332795 1 34 3 0
332796 1 34 3 0
333410 0 34 3 1
333412 0 34 3 1
333413 0 34 3 1
478212 0 34 3 3
478213 0 34 3 3
478214 0 34 3 3
395355 0 35 3 1
395360 1 35 3 0
396141 0 35 3 3
396142 0 35 3 3
397077 0 35 3 3
477503 0 35 3 0
478610 0 35 3 1
288599 0 36 3 1
288602 0 36 3 1
288603 0 36 3 1
478210 0 36 3 3
478211 0 36 3 3
478214 0 36 3 3
478216 0 36 3 3
396641 1 37 3 3
477626 0 37 3 1
477629 0 37 3 1
480834 0 37 3 2
332206 1 38 3 1
332207 1 38 3 1
332208 1 38 3 1
332209 1 38 3 1
395358 0 39 3 3
395359 0 39 3 3
395360 0 39 3 3
396642 0 39 3 3
477504 0 39 3 1
477719 0 39 3 1
477722 0 39 3 1
477723 0 39 3 1
477724 0 39 3 1
479065 1 39 3 1
395359 0 40 3 1
395362 0 40 3 1
396771 0 40 3 1
396772 0 40 3 1
397072 0 40 3 1
397074 0 40 3 1
397075 0 40 3 1
477910 0 40 3 3
395351 1 42 3 2
395352 1 42 3 2
395353 1 42 3 2
396939 1 42 3 1
396940 1 42 3 1
396942 1 42 3 1
396943 1 42 3 1
395388 0 43 3 4
395466 0 43 3 1
395467 0 43 3 1
395469 0 43 3 1
395555 0 43 3 1
395557 0 43 3 1
396469 0 43 3 1
396785 0 43 3 1
396787 0 43 3 1
396788 0 43 3 1
396789 0 43 3 1
396790 0 43 3 1
321716 1 44 3 1
321718 1 44 3 1
321720 1 44 3 1
321721 1 44 3 1
332242 0 44 3 1
396803 0 44 3 1
396804 0 44 3 1
331938 0 45 3 1
331939 0 45 3 1
395353 1 45 3 2
395357 0 45 3 1
395358 0 45 3 1
395360 0 45 3 1
395361 0 45 3 1
396588 0 45 3 3
396823 1 45 3 1
430465 0 45 3 1
430466 0 45 3 1
430468 0 45 3 1
430469 0 45 3 1
431247 0 45 3 3
431249 0 45 3 3
395472 0 46 3 1
321717 0 47 3 1
321719 0 47 3 1
321720 0 47 3 1
396785 0 47 3 1
396786 0 47 3 1
396787 0 47 3 1
396789 0 47 3 1
395678 0 48 3 1
395679 0 48 3 1
395680 0 48 3 1
395682 0 48 3 1
395995 0 48 3 1
396824 0 48 3 3
431460 0 48 3 1
431461 0 48 3 1
431488 0 48 3 1
431489 0 48 3 1
395668 0 49 3 1
395672 0 49 3 1
396289 0 49 3 1
396291 0 49 3 1
396664 1 49 3 1
396701 0 49 3 3
396820 1 49 3 3
403788 1 49 3 3
403789 1 49 3 3
430062 1 49 3 1
255055 0 50 3 2
395284 0 50 3 3
395285 0 50 3 3
395655 0 50 3 1
395658 0 50 3 1
396003 0 50 3 1
396004 0 50 3 1
396005 0 50 3 1
396786 0 50 3 1
396788 0 50 3 1
428370 0 50 3 3
428371 0 50 3 3
430019 0 50 3 1
396931 1 51 3 1
396933 1 51 3 1
396934 1 51 3 1
79067 0 52 3 3
79068 0 52 3 3
79069 0 52 3 3
268394 0 52 3 3
268395 0 52 3 3
268396 0 52 3 3
268399 1 52 3 1
301552 0 52 3 1
301551 0 52 3 2
301552 0 52 3 2
301553 0 52 3 2
333276 0 52 3 3
333279 0 52 3 3
396003 0 52 3 3
396100 0 52 3 1
396101 0 52 3 1
396104 0 52 3 1
396272 0 52 3 1
396273 0 52 3 1
396821 1 52 3 2
429778 0 52 3 3
429779 0 52 3 3
429780 0 52 3 3
431459 1 52 3 1
431461 1 52 3 1
79071 1 53 3 1
218024 0 53 3 2
218025 0 53 3 2
395749 0 53 3 3
395769 0 53 3 1
396318 0 53 3 1
396341 0 53 3 1
396343 0 53 3 1
396345 0 53 3 1
429778 0 53 3 1
429779 0 53 3 1
429782 0 53 3 1
52570 0 54 3 3
218641 0 54 3 4
395681 0 54 3 3
395877 0 54 3 1
395879 0 54 3 1
395880 0 54 3 1
396089 0 54 3 1
396090 0 54 3 1
396464 0 54 3 3
396465 0 54 3 3
396467 0 54 3 3
430371 0 54 3 4
439531 0 54 3 3
332627 0 55 3 0
396195 0 55 3 1
429790 0 55 3 1
429791 0 55 3 1
430108 0 55 3 1
536485 1 55 3 2
536486 1 55 3 2
395990 0 56 3 1
396031 0 56 3 3
396034 0 56 3 3
536991 1 56 3 3
396341 0 57 3 2
396343 0 57 3 2
396820 0 57 3 1
396824 0 57 3 1
431195 0 57 3 1
431196 0 57 3 1
475182 0 57 3 3
514459 0 57 3 3
84711 0 58 3 3
84714 0 58 3 3
253855 0 58 3 1
430106 0 58 3 3
430107 0 58 3 3
431071 0 58 3 1
431075 0 58 3 1
173138 0 59 3 3
173139 0 59 3 3
173140 0 59 3 3
395656 0 59 3 1
395657 0 59 3 1
395909 0 59 3 3
395910 0 59 3 3
397009 0 59 3 1
430647 0 59 3 1
430648 0 59 3 1
439532 0 59 3 3
301703 0 60 3 3
302089 0 60 3 1
396142 0 60 3 1
396143 0 60 3 1
396145 0 60 3 1
430987 0 60 3 3
217890 0 61 3 4
299236 1 61 3 3
299237 1 61 3 3
302018 0 61 3 1
396003 0 61 3 1
396007 0 61 3 1
396204 0 61 3 1
396205 0 61 3 1
396367 0 61 3 1
396371 0 61 3 1
396367 0 61 3 3
396368 0 61 3 3
396369 0 61 3 3
429789 0 61 3 0
429790 0 61 3 0
429791 0 61 3 0
431072 0 61 3 1
431073 0 61 3 1
431074 0 61 3 1
431075 0 61 3 1
301017 0 62 3 1
301018 0 62 3 1
329766 0 62 3 1
329768 0 62 3 1
329769 0 62 3 1
396032 0 62 3 4
396723 0 62 3 1
396724 0 62 3 1
431070 0 62 3 1
431074 0 62 3 1
300681 0 63 3 1
300682 0 63 3 1
300683 0 63 3 1
301104 0 63 3 1
301106 0 63 3 1
301517 0 63 3 0
301518 0 63 3 0
301519 0 63 3 0
301521 0 63 3 0
303143 0 63 3 3
199549 0 64 3 2
301573 0 64 3 2
301574 0 64 3 2
301575 0 64 3 2
301876 1 64 3 0
302536 0 64 3 1
302538 0 64 3 1
302539 0 64 3 1
395625 0 64 3 1
396563 0 64 3 1
396564 0 64 3 1
396566 0 64 3 1
430897 0 64 3 1
430898 0 64 3 1
430899 0 64 3 1
262782 0 65 3 2
262784 0 65 3 2
301516 0 65 3 3
301517 0 65 3 3
301519 0 65 3 3
302535 0 65 3 0
302537 0 65 3 0
302539 0 65 3 0
396936 0 65 3 1
396937 0 65 3 1
396938 0 65 3 1
431403 0 65 3 1
301107 1 66 3 3
302063 0 66 3 1
302066 0 66 3 1
303091 0 66 3 3
303093 0 66 3 3
303110 0 66 3 0
303111 0 66 3 0
328742 0 66 3 1
328745 0 66 3 1
396143 0 66 3 3
396144 0 66 3 3
396373 1 66 3 1
396374 1 66 3 1
430415 0 66 3 1
430489 0 66 3 1
430492 0 66 3 1
135082 0 67 3 3
300089 1 67 3 1
300091 1 67 3 1
300092 1 67 3 1
300093 1 67 3 1
302536 0 67 3 0
302537 0 67 3 0
302538 0 67 3 0
304321 1 67 3 2
299305 0 68 3 3
299306 0 68 3 3
300779 0 68 3 1
300781 0 68 3 1
301452 0 68 3 3
302856 0 68 3 1
302857 0 68 3 1
303057 0 68 3 3
482013 0 68 3 1
301450 0 69 3 1
430815 0 69 3 1
204787 0 70 3 4
301513 0 70 3 1
301515 0 70 3 1
302527 0 70 3 1
329034 0 70 3 1
329035 0 70 3 1
430204 0 70 3 4
301734 0 71 3 0
301736 0 71 3 0
301733 0 71 3 0
301735 0 71 3 0
301736 0 71 3 0
302848 0 71 3 3
302849 0 71 3 3
322415 0 71 3 3
322416 0 71 3 3
430579 0 71 3 3
430580 0 71 3 3
299443 0 72 3 1
299445 0 72 3 1
301427 0 72 3 1
430482 0 72 3 3
430483 0 72 3 3
430484 0 72 3 3
301293 0 73 3 1
301295 0 73 3 1
301727 0 73 3 3
302524 0 73 3 1
302525 0 73 3 3
302526 0 73 3 3
302769 1 73 3 1
422637 1 73 3 3
422638 1 73 3 3
429780 0 73 3 1
481431 0 73 3 3
481432 0 73 3 3
481988 0 73 3 1
481990 0 73 3 1
482081 0 73 3 1
299280 1 74 3 1
299281 1 74 3 1
300877 0 74 3 1
301378 0 74 3 1
301380 0 74 3 1
301383 0 74 3 1
301734 0 74 3 2
302135 1 74 3 0
302136 1 74 3 0
481481 0 74 3 1
135961 0 75 3 1
301593 0 75 3 0
301594 0 75 3 0
301919 0 75 3 1
301920 0 75 3 1
302669 0 75 3 1
302670 0 75 3 1
302994 0 75 3 1
302995 0 75 3 1
313729 0 75 3 3
431691 0 75 3 1
431694 0 75 3 1
431695 0 75 3 1
481297 0 75 3 1
481298 0 75 3 1
481618 1 75 3 1
481620 1 75 3 1
482661 1 75 3 1
482662 1 75 3 1
511989 0 75 3 1
511992 0 75 3 1
299441 0 76 3 3
299445 0 76 3 3
302597 0 76 3 1
302598 0 76 3 1
302600 0 76 3 1
302907 0 76 3 4
430702 0 76 3 1
430703 0 76 3 1
430705 0 76 3 1
430706 0 76 3 1
481974 0 76 3 1
481975 0 76 3 1
481978 0 76 3 1
481979 0 76 3 1
481987 1 76 3 1
482450 1 76 3 1
301425 0 77 3 2
301427 0 77 3 2
301428 0 77 3 2
302817 0 77 3 1
303079 0 77 3 1
303080 0 77 3 1
303081 0 77 3 1
430113 0 77 3 1
481624 0 77 3 1
481626 0 77 3 1
482663 0 77 3 1
511989 0 77 3 2
511990 0 77 3 2
511991 0 77 3 2
511993 0 77 3 2
301432 0 78 3 0
301434 0 78 3 0
302261 0 78 3 1
302262 0 78 3 1
302263 0 78 3 1
302265 0 78 3 1
302343 0 78 3 1
328662 1 78 3 1
328663 1 78 3 1
430970 0 78 3 0
431347 0 78 3 3
481506 1 78 3 1
481507 1 78 3 1
299442 1 79 3 3
301946 0 79 3 1
301947 0 79 3 1
302267 0 79 3 1
302269 0 79 3 1
302271 0 79 3 1
302434 1 79 3 1
302435 1 79 3 1
431234 1 79 3 1
431236 1 79 3 1
71040 0 80 3 3
135073 0 80 3 1
302815 1 80 3 1
302816 1 80 3 1
302817 1 80 3 1
313729 0 80 3 0
431573 0 80 3 4
481975 0 80 3 1
481976 0 80 3 1
481977 0 80 3 1
481978 0 80 3 1
481979 0 80 3 1
301972 0 81 3 3
302164 0 81 3 1
302165 0 81 3 1
302166 0 81 3 1
302433 0 81 3 3
302435 0 81 3 3
302438 0 81 3 3
430797 0 81 3 1
430801 0 81 3 1
430836 1 81 3 1
430838 1 81 3 1
430967 0 81 3 3
431421 0 81 3 1
431422 0 81 3 1
448290 0 81 3 3
448291 0 81 3 3
448294 0 81 3 3
481504 0 81 3 3
481505 0 81 3 3
481507 0 81 3 3
482524 0 81 3 1
482526 0 81 3 1
548581 0 81 3 2
548582 0 81 3 2
300045 0 82 3 1
301305 1 82 3 1
301308 1 82 3 1
301610 0 82 3 1
301611 0 82 3 1
302154 0 82 3 3
302155 0 82 3 3
302157 0 82 3 3
302268 1 82 3 1
302269 1 82 3 1
302271 1 82 3 1
450834 0 82 3 3
450838 0 82 3 3
482520 0 82 3 4
511990 1 82 3 1
512805 1 82 3 0
512806 1 82 3 0
512815 1 82 3 1
300327 0 83 3 1
301863 1 83 3 1
301865 1 83 3 1
481700 0 83 3 3
481701 0 83 3 3
481976 1 83 3 1
481978 1 83 3 1
135262 0 84 3 1
301307 0 84 3 1
430871 1 84 3 1
430874 1 84 3 1
430876 1 84 3 1
482675 0 84 3 1
511989 0 84 3 1
511990 0 84 3 1
511993 0 84 3 1
301262 1 85 3 1
301263 1 85 3 1
301264 1 85 3 1
301499 1 85 3 1
302576 0 85 3 0
302577 0 85 3 0
302578 0 85 3 0
302575 1 85 3 1
302577 1 85 3 1
302579 1 85 3 1
302580 1 85 3 1
302578 0 85 3 1
302579 0 85 3 1
302909 1 85 3 3
303102 0 85 3 2
481972 0 85 3 3
482716 0 85 3 3
303019 0 86 3 1
303020 0 86 3 1
429805 0 86 3 1
429806 0 86 3 1
429807 0 86 3 1
429808 0 86 3 1
481043 0 86 3 1
481503 0 86 3 3
481504 0 86 3 3
512373 0 86 3 1
512802 0 86 3 2
512804 0 86 3 2
512805 0 86 3 2
512802 0 86 3 2
512803 0 86 3 2
512806 0 86 3 2
534941 0 86 3 3
135577 0 87 3 1
136002 0 87 3 3
136003 0 87 3 3
136004 0 87 3 3
302348 0 87 3 4
303106 0 87 3 2
303107 0 87 3 2
328520 0 87 3 1
328523 0 87 3 1
518731 1 87 3 3
518732 1 87 3 3
518733 1 87 3 3
76551 0 88 3 3
76552 0 88 3 3
76554 0 88 3 3
301306 0 88 3 1
301871 0 88 3 1
391219 0 88 3 3
430873 0 88 3 2
430875 0 88 3 2
452173 0 88 3 4
452174 0 88 3 4
452454 0 88 3 3
511989 0 88 3 3
511991 0 88 3 3
512372 1 88 3 0
512373 1 88 3 0
530516 0 88 3 3
136010 1 89 3 1
328518 0 89 3 3
328520 0 89 3 3
481251 0 89 3 1
481252 0 89 3 1
481253 0 89 3 1
481442 0 89 3 3
518733 0 89 3 1
518734 0 89 3 1
119171 0 90 3 3
302350 0 90 3 3
328519 0 90 3 1
328520 0 90 3 1
328522 0 90 3 1
399492 0 90 3 3
429806 0 90 3 1
431027 1 90 3 1
431028 1 90 3 1
431029 1 90 3 1
481492 0 90 3 1
481497 0 90 3 1
481498 0 90 3 1
482026 0 90 3 1
511933 0 90 3 1
511938 0 90 3 1
511939 0 90 3 1
512096 0 90 3 1
135995 1 91 3 0
135997 1 91 3 0
135998 1 91 3 0
247001 0 91 3 3
247003 0 91 3 3
329427 1 91 3 1
329429 1 91 3 1
336108 0 91 3 3
405491 0 91 3 3
429800 1 91 3 3
429801 1 91 3 3
429803 1 91 3 1
429807 1 91 3 1
429808 1 91 3 1
442977 0 91 3 1
442978 0 91 3 1
450342 0 91 3 1
450343 0 91 3 1
450834 1 91 3 1
450836 1 91 3 1
450838 1 91 3 1
450840 1 91 3 1
482313 1 91 3 0
482315 1 91 3 0
482487 0 91 3 1
482490 0 91 3 1
482491 0 91 3 1
511934 1 91 3 0
511935 1 91 3 0
511937 1 91 3 0
511938 1 91 3 0
549054 0 91 3 3
549055 0 91 3 3
549056 0 91 3 3
430743 0 92 3 2
482024 0 92 3 1
482025 0 92 3 1
482027 0 92 3 1
482028 0 92 3 1
512791 1 92 3 1
512793 1 92 3 1
301260 0 93 3 1
301262 0 93 3 1
301263 0 93 3 1
405492 0 93 3 3
443415 0 93 3 1
450228 0 93 3 1
450231 0 93 3 1
450234 0 93 3 1
450835 0 93 3 1
450836 0 93 3 1
450838 0 93 3 1
451067 0 93 3 1
451068 0 93 3 1
451069 0 93 3 1
481127 1 93 3 1
481129 1 93 3 1
481130 1 93 3 1
511934 1 93 3 2
511935 1 93 3 2
511939 1 93 3 2
511726 0 94 3 1
512009 0 94 3 1
512789 0 94 3 1
512790 0 94 3 1
512793 0 94 3 1
116402 0 95 3 3
260769 0 95 3 1
260771 0 95 3 1
328596 0 95 3 1
328597 0 95 3 1
328598 0 95 3 1
452104 0 95 3 1
452106 0 95 3 1
481319 0 95 3 1
481320 0 95 3 1
481578 1 95 3 1
481581 1 95 3 1
511546 0 95 3 1
511549 0 95 3 1
512150 1 95 3 1
299781 0 96 3 1
442904 0 96 3 1
442905 0 96 3 1
450641 0 96 3 1
451372 0 96 3 1
451373 0 96 3 1
451374 0 96 3 1
451615 0 96 3 2
482023 0 96 3 3
482024 0 96 3 3
482025 0 96 3 3
482027 0 96 3 3
512192 0 96 3 1
513208 1 96 3 3
7004 0 97 3 3
7005 0 97 3 3
442999 0 97 3 1
451067 0 97 3 3
451068 0 97 3 3
451709 0 97 3 1
451710 0 97 3 1
482018 1 97 3 1
482021 1 97 3 1
511920 0 97 3 1
511922 0 97 3 1
511923 0 97 3 1
512192 0 97 3 3
512193 0 97 3 3
528815 0 97 3 2
528819 0 97 3 2
260506 0 98 3 3
265785 0 98 3 2
265786 0 98 3 2
265787 0 98 3 2
265790 0 98 3 2
299024 1 98 3 3
299026 1 98 3 3
302739 0 98 3 3
302740 0 98 3 3
302741 0 98 3 3
432663 0 98 3 3
450232 0 98 3 1
450233 0 98 3 1
451027 0 98 3 1
451711 1 98 3 1
467149 0 98 3 3
481127 0 98 3 3
481130 0 98 3 3
481161 0 98 3 2
481240 0 98 3 1
481241 0 98 3 1
481242 0 98 3 1
481243 0 98 3 1
481239 0 98 3 1
481242 0 98 3 1
481243 0 98 3 1
482017 1 98 3 3
482020 1 98 3 3
509411 0 98 3 3
509413 0 98 3 3
509416 0 98 3 3
512278 0 98 3 1
512280 0 98 3 1
512855 1 98 3 1
481567 1 99 3 3
481569 1 99 3 3
481571 1 99 3 3
550452 0 99 3 2
58994 0 100 3 3
272443 0 100 3 3
272444 0 100 3 3
272445 0 100 3 3
272447 0 100 3 3
272449 0 100 3 3
328831 1 100 3 1
328835 1 100 3 1
450896 0 100 3 3
450898 0 100 3 3
482211 0 100 3 3
482212 0 100 3 3
511926 0 100 3 0
512147 0 100 3 4
512475 0 100 3 1
512480 0 100 3 1
6582 0 101 3 4
328833 1 101 3 0
328835 1 101 3 0
450603 1 101 3 1
450604 1 101 3 1
450607 1 101 3 1
451461 0 101 3 0
451463 0 101 3 0
482207 0 101 3 2
482210 0 101 3 2
482436 0 101 3 2
482437 0 101 3 2
512734 0 101 3 1
512736 0 101 3 1
512737 0 101 3 1
512738 0 101 3 1
299025 0 102 3 3
299026 0 102 3 3
299028 0 102 3 3
450230 1 102 3 1
450232 1 102 3 1
450233 1 102 3 1
467577 0 102 3 2
481625 0 102 3 1
481627 0 102 3 1
512178 0 102 3 1
550453 0 102 3 1
550454 0 102 3 1
550455 0 102 3 1
550453 0 102 3 3
550454 0 102 3 3
260504 1 103 3 1
260506 1 103 3 1
260507 1 103 3 1
451111 0 103 3 3
482562 1 103 3 3
512440 0 103 3 1
203418 0 104 3 3
203420 0 104 3 3
203421 0 104 3 3
261961 1 104 3 0
443122 0 104 3 3
482419 0 104 3 1
512475 0 104 3 3
512476 0 104 3 3
551685 0 104 3 3
261602 0 105 3 3
450475 0 105 3 3
450476 0 105 3 3
450477 0 105 3 3
450711 1 105 3 1
451942 0 105 3 1
451943 0 105 3 1
451945 0 105 3 1
512475 0 105 3 3
512476 0 105 3 3
512477 0 105 3 3
512478 0 105 3 3
512480 0 105 3 3
538505 0 105 3 3
538506 0 105 3 3
538507 0 105 3 3
538508 0 105 3 3
538509 0 105 3 3
67374 0 106 3 2
261558 0 106 3 3
451777 0 106 3 1
451779 0 106 3 1
452527 0 106 3 1
452530 0 106 3 1
452531 0 106 3 1
550452 0 106 3 3
550453 0 106 3 3
550455 0 106 3 3
261963 0 107 3 1
261965 0 107 3 1
261966 0 107 3 1
306656 0 107 3 3
306657 0 107 3 3
306658 0 107 3 3
442609 0 107 3 1
442611 0 107 3 1
450993 0 107 3 1
450995 0 107 3 1
451371 1 107 3 1
451373 1 107 3 1
452498 0 107 3 2
550758 1 107 3 1
550759 1 107 3 1
550762 1 107 3 1
203418 0 108 3 1
203420 0 108 3 1
203422 0 108 3 1
442996 0 108 3 1
442998 0 108 3 1
451324 0 108 3 3
451325 0 108 3 3
451327 0 108 3 3
452216 0 108 3 1
452217 0 108 3 1
541027 0 108 3 3
541028 0 108 3 3
450328 0 109 3 1
450909 1 109 3 1
450910 1 109 3 1
450911 1 109 3 1
538346 0 109 3 3
550181 0 109 3 1
551331 0 109 3 1
203416 0 110 3 3
203419 0 110 3 1
450991 0 110 3 1
451208 0 110 3 1
451211 0 110 3 1
452290 1 110 3 0
452292 1 110 3 0
452289 0 110 3 1
452291 0 110 3 1
452292 0 110 3 1
452401 0 110 3 3
452403 0 110 3 3
452404 0 110 3 3
452514 0 110 3 3
550355 0 110 3 3
450744 0 111 3 1
450747 0 111 3 1
452215 0 111 3 1
538347 0 111 3 4
99058 1 112 3 3
99059 1 112 3 3
451269 0 112 3 1
451590 0 112 3 1
451595 0 112 3 1
452108 0 112 3 3
438229 0 113 3 3
438231 0 113 3 3
451589 0 113 3 1
451593 0 113 3 1
451595 0 113 3 1
452107 0 113 3 1
452288 0 113 3 0
482005 0 113 3 3
482006 0 113 3 3
482009 0 113 3 3
512441 0 113 3 1
512442 0 113 3 1
551275 1 113 3 1
551276 1 113 3 1
551277 1 113 3 1
442458 0 114 3 1
443783 0 114 3 1
450174 0 114 3 1
450590 0 114 3 3
451097 0 114 3 1
451526 0 114 3 4
451640 0 114 3 1
451641 0 114 3 1
451642 0 114 3 1
451643 0 114 3 1
550180 0 114 3 0
550181 0 114 3 0
550182 0 114 3 0
550493 1 114 3 0
550495 1 114 3 0
450963 0 115 3 4
450965 0 115 3 4
452283 0 115 3 0
452447 0 115 3 1
452448 0 115 3 1
452449 0 115 3 1
452452 0 115 3 1
512439 0 115 3 3
512440 0 115 3 3
512441 0 115 3 3
442367 0 116 3 3
442368 0 116 3 3
442459 0 116 3 1
442460 0 116 3 1
442863 0 116 3 1
442866 0 116 3 1
450745 0 116 3 1
451592 0 116 3 1
452141 0 116 3 1
452143 0 116 3 1
452186 0 116 3 1
452188 0 116 3 1
550569 0 116 3 1
550572 0 116 3 1
443480 0 117 3 1
443481 0 117 3 1
451040 0 117 3 4
451041 0 117 3 4
451170 0 117 3 1
451171 0 117 3 1
452330 1 117 3 0
452333 1 117 3 0
452335 1 117 3 0
452333 0 117 3 3
452334 0 117 3 3
452384 0 117 3 1
452386 0 117 3 1
550810 0 117 3 1
218678 0 118 3 2
218680 0 118 3 2
450661 0 118 3 1
451713 0 118 3 4
442583 1 119 3 1
442584 1 119 3 1
442586 1 119 3 1
442583 0 119 3 3
442585 0 119 3 3
450300 0 119 3 1
450302 0 119 3 1
450303 0 119 3 1
452185 0 119 3 3
452186 0 119 3 3
452187 0 119 3 3
452188 0 119 3 3
452383 1 119 3 3
452386 1 119 3 3
452423 0 119 3 3
452426 0 119 3 3
452448 0 119 3 1
452450 0 119 3 1
452452 0 119 3 1
452453 0 119 3 1
550158 0 119 3 1
550159 0 119 3 1
550160 0 119 3 1
297627 0 120 3 3
450540 0 120 3 2
450716 0 120 3 1
450718 0 120 3 1
450720 0 120 3 1
450792 0 120 3 1
450793 0 120 3 1
450795 0 120 3 1
452183 0 120 3 1
366299 0 121 3 2
366300 0 121 3 2
366301 0 121 3 2
442584 0 121 3 3
452182 0 121 3 1
452329 0 121 3 1
452333 0 121 3 1
452335 0 121 3 1
443615 0 122 3 1
443616 0 122 3 1
451168 1 122 3 0
451169 1 122 3 0
451171 1 122 3 0
512126 0 122 3 3
218679 0 123 3 2
218680 0 123 3 2
451268 0 123 3 0
452041 0 123 3 4
452043 0 123 3 4
550810 0 123 3 1
550811 0 123 3 1
550812 0 123 3 1
202113 0 124 3 3
202114 0 124 3 3
202408 0 124 3 1
202414 0 124 3 1
202978 0 124 3 1
202980 0 124 3 1
451844 0 124 3 1
551082 1 124 3 3
450819 1 125 3 1
450822 1 125 3 1
512127 0 125 3 1
512128 0 125 3 1
512129 0 125 3 1
202241 0 126 3 3
202242 0 126 3 3
450437 0 126 3 3
550752 0 126 3 1
550755 0 126 3 1
550756 0 126 3 1
202416 0 127 3 4
551219 0 127 3 1
551222 0 127 3 1
203617 0 128 3 1
312021 0 128 3 2
312023 0 128 3 2
450200 0 128 3 1
450203 0 128 3 1
450204 0 128 3 1
451179 0 128 3 3
451180 0 128 3 3
201960 0 129 3 1
550751 1 129 3 0
550753 1 129 3 0
550755 1 129 3 0
550756 1 129 3 0
550757 1 129 3 0
203113 0 130 3 1
203114 0 130 3 1
203468 0 130 3 4
450436 0 130 3 2
450438 0 130 3 2
451278 0 130 3 1
451281 0 130 3 1
451282 0 130 3 1
551216 0 130 3 1
551219 0 130 3 1
551221 0 130 3 1
201816 0 131 3 1
366895 0 131 3 2
372235 0 132 3 3
551121 0 132 3 1
203331 0 133 3 1
365195 0 133 3 2
203685 0 134 3 1
203791 1 134 3 1
203792 1 134 3 1
450532 0 134 3 1
551208 0 134 3 3
58038 0 135 3 3
366896 0 135 3 2
203199 0 136 3 1
203200 0 136 3 1
550731 0 137 3 3
203677 0 138 3 1
203679 0 138 3 1
203739 1 139 3 1
203741 1 139 3 1
203744 1 139 3 1
450533 0 139 3 1
450535 0 139 3 1
203029 1 140 3 1
203030 1 140 3 1
203031 1 140 3 1
203033 1 140 3 1
203199 1 140 3 3
203201 1 140 3 3
203304 0 140 3 1
203306 0 140 3 1
451429 1 140 3 3
451430 1 140 3 3
201968 0 141 3 1
201972 0 141 3 1
203375 0 141 3 1
203376 0 141 3 1
203624 1 141 3 1
203626 1 141 3 1
203627 1 141 3 1
450532 0 141 3 3
450535 0 141 3 3
551170 1 141 3 1
551171 1 141 3 1
119335 0 142 3 3
202075 1 142 3 1
202726 0 142 3 1
203813 0 142 3 1
203816 0 142 3 1
203818 0 142 3 1
527461 0 142 3 3
527462 0 142 3 3
202497 0 143 3 1
202498 0 143 3 1
203595 1 143 3 3
499957 0 143 3 3
499959 0 143 3 3
551373 1 144 3 1
189094 0 145 3 3
189096 0 145 3 3
189097 0 145 3 3
203952 0 145 3 1
550247 0 145 3 1
119333 1 146 3 3
119335 1 146 3 3
202572 0 146 3 4
337396 1 146 3 3
337397 1 146 3 3
202217 0 147 3 1
202218 0 147 3 1
202266 0 147 3 1
202267 0 147 3 1
202268 0 147 3 1
202270 0 147 3 1
203040 0 147 3 1
203064 0 147 3 3
203066 0 147 3 3
203851 0 147 3 3
203855 0 147 3 3
550237 0 147 3 1
147152 0 148 3 3
147155 0 148 3 3
202202 1 148 3 1
202204 1 148 3 1
203024 0 148 3 1
203248 0 148 3 1
203250 0 148 3 1
203251 0 148 3 1
203252 0 148 3 1
203253 0 148 3 1
203851 0 148 3 3
307856 0 148 3 3
307858 0 148 3 3
320761 0 148 3 3
550295 0 148 3 1
550297 0 148 3 1
550298 0 148 3 1
202740 0 149 3 1
202741 0 149 3 1
202743 0 149 3 1
202745 0 149 3 1
203814 0 149 3 1
203816 0 149 3 1
550234 0 149 3 3
550236 0 149 3 3
201995 0 150 3 1
202738 0 150 3 4
202223 0 151 3 2
203631 0 151 3 4
326399 0 151 3 3
550294 0 151 3 1
551448 0 151 3 1
551724 1 151 3 1
551725 1 151 3 1
56362 0 152 3 3
202136 1 152 3 1
202137 1 152 3 1
202138 1 152 3 1
203083 0 152 3 1
203085 0 152 3 1
203086 0 152 3 1
203771 0 152 3 1
307866 0 152 3 3
551193 0 152 3 1
551194 0 152 3 1
553499 0 152 3 1
114238 0 153 3 3
202774 0 153 3 3
464610 0 153 3 2
551724 0 153 3 3
551725 0 153 3 3
553499 0 153 3 3
202475 0 154 3 1
202777 0 154 3 3
259030 0 154 3 3
551286 0 154 3 1
551705 0 154 3 1
551707 0 154 3 1
201991 0 155 3 1
414531 0 155 3 2
414533 0 155 3 2
550279 0 156 3 1
550280 0 156 3 1
550281 0 156 3 1
550282 0 156 3 1
550283 0 156 3 1
202002 1 157 3 1
202801 0 157 3 3
392597 0 157 3 3
552360 0 157 3 3
188653 0 158 3 1
188655 0 158 3 1
188680 1 158 3 1
188681 1 158 3 1
189216 0 158 3 1
550725 0 158 3 1
550728 0 158 3 1
551394 0 158 3 1
551395 0 158 3 1
202899 0 159 3 2
550278 0 159 3 1
550282 0 159 3 1
550283 0 159 3 1
44024 0 160 3 3
44026 0 160 3 3
201988 1 160 3 3
201989 1 160 3 3
201991 1 160 3 3
202799 0 160 3 3
202800 0 160 3 3
202801 0 160 3 3
203154 0 160 3 3
203156 0 160 3 3
247390 0 160 3 3
247391 0 160 3 3
444099 0 160 3 2
502921 0 160 3 1
188426 1 161 3 1
189215 0 161 3 3
189215 0 161 3 4
189216 0 161 3 4
551279 0 161 3 4
188011 0 162 3 1
188012 0 162 3 1
188014 0 162 3 1
201193 0 162 3 4
203339 0 162 3 1
203385 0 162 3 4
203768 0 162 3 2
203769 0 162 3 2
203772 0 162 3 2
33869 1 163 3 3
33870 1 163 3 3
189221 0 163 3 1
187924 0 164 3 3
187926 0 164 3 3
201039 0 164 3 1
201041 0 164 3 1
247389 0 164 3 1
247391 0 164 3 1
306875 1 165 3 3
306876 1 165 3 3
203340 0 166 3 1
203908 1 166 3 4
306874 0 167 3 1
306876 0 167 3 1
343618 0 167 3 3
551173 0 167 3 1
551453 0 167 3 3
200562 1 168 3 1
189237 1 169 3 1
189240 1 169 3 1
551148 0 169 3 3
551149 0 169 3 3
551150 0 169 3 3
551151 0 169 3 3
551153 0 169 3 3
201371 0 170 3 1
176820 0 171 3 3
305843 0 171 3 3
305844 0 171 3 3
551726 0 171 3 3
551728 0 171 3 3
551730 0 171 3 3
551145 0 172 3 1
551727 1 172 3 1
551728 1 172 3 1
551729 1 172 3 1
551730 1 172 3 1
554382 0 172 3 1
554384 0 172 3 1
200549 0 173 3 1
200551 0 173 3 1
201354 0 173 3 1
201356 0 173 3 1
551153 0 173 3 1
551154 0 173 3 1
69708 0 174 3 3
217435 0 174 3 3
551151 0 174 3 1
551154 0 174 3 1
551562 0 174 3 1
551564 0 174 3 1
201408 0 175 3 1
201409 0 175 3 1
201411 0 175 3 1
200865 0 176 3 1
200868 0 176 3 1
248299 0 176 3 3
248300 0 176 3 3
555426 0 176 3 1
307019 0 177 3 1
307021 0 177 3 1
307022 0 177 3 1
551148 1 177 3 3
551150 1 177 3 3
551151 1 177 3 3
551152 1 177 3 3
551154 1 177 3 3
217436 0 178 3 2
217437 0 178 3 2
235934 0 178 3 3
551012 0 178 3 1
551013 0 178 3 1
199735 0 179 3 1
200788 0 179 3 1
555447 0 179 3 1
199884 0 180 3 1
199885 0 180 3 1
201140 0 180 3 3
201142 0 180 3 3
201491 0 180 3 3
200531 0 181 3 1
200532 0 181 3 1
200536 0 181 3 1
201274 0 181 3 1
492640 0 181 3 2
492642 0 181 3 2
189060 0 182 3 1
188276 0 183 3 1
188277 0 183 3 1
188278 0 183 3 1
201232 0 183 3 1
201497 0 183 3 3
201583 0 183 3 1
293669 0 183 3 3
554736 0 183 3 1
200868 0 184 3 0
201582 0 184 3 4
200613 0 185 3 4
50559 0 186 3 1
74189 0 186 3 2
74190 0 186 3 2
127979 0 186 3 3
127980 0 186 3 3
199713 1 186 3 1
199714 1 186 3 1
201711 0 186 3 1
201712 0 186 3 1
201713 0 186 3 1
235135 0 186 3 1
235137 0 186 3 1
235139 0 186 3 1
235140 0 186 3 1
235956 0 186 3 3
201036 0 187 3 2
201037 0 187 3 2
201313 0 187 3 2
201315 0 187 3 2
201770 0 187 3 1
236175 0 187 3 1
236177 0 187 3 1
236178 0 187 3 1
236179 0 187 3 1
236341 0 187 3 1
127983 0 188 3 1
127985 0 188 3 1
127986 0 188 3 1
127987 0 188 3 1
200101 1 188 3 1
201578 0 188 3 1
236110 0 188 3 1
236149 0 188 3 1
491196 0 188 3 1
491198 0 188 3 1
554738 1 188 3 1
554739 1 188 3 1
199920 0 189 3 1
199921 0 189 3 1
199922 0 189 3 1
200193 0 189 3 1
200194 0 189 3 1
200196 0 189 3 1
200289 0 189 3 1
200290 0 189 3 1
200294 0 189 3 1
200295 0 189 3 1
200296 0 189 3 1
200297 0 189 3 1
200299 0 189 3 1
201316 1 189 3 0
201317 1 189 3 0
201712 0 189 3 3
201714 0 189 3 3
235011 0 189 3 2
235012 0 189 3 2
236175 1 189 3 1
236176 1 189 3 1
236179 1 189 3 1
236180 1 189 3 1
236459 0 189 3 1
236461 0 189 3 1
236462 0 189 3 1
347130 0 189 3 1
347131 0 189 3 1
347132 0 189 3 1
364818 0 189 3 3
364819 0 189 3 3
364820 0 189 3 3
85925 0 190 3 3
85926 0 190 3 3
200394 0 190 3 1
201531 0 190 3 1
201533 0 190 3 1
201534 0 190 3 1
201564 0 190 3 1
201566 0 190 3 1
201563 1 190 3 1
201566 1 190 3 1
201589 0 190 3 1
235508 0 190 3 1
235509 0 190 3 1
235956 0 190 3 3
235957 0 190 3 3
127984 1 191 3 1
127985 1 191 3 1
127986 1 191 3 1
236058 0 191 3 1
236059 0 191 3 1
236178 0 191 3 1
236175 1 191 3 2
236176 1 191 3 2
236177 1 191 3 2
236178 1 191 3 2
236180 1 191 3 2
148667 0 192 3 1
148668 0 192 3 1
200759 0 192 3 1
200762 0 192 3 1
235613 0 192 3 0
235614 0 192 3 0
235615 0 192 3 0
235611 0 192 3 1
235615 0 192 3 1
236149 0 192 3 3
133351 0 193 3 3
133707 1 193 3 3
133708 1 193 3 3
199917 0 193 3 1
199918 0 193 3 1
199920 0 193 3 3
200293 1 193 3 1
200299 1 193 3 1
200531 0 193 3 3
56861 0 194 3 2
56862 0 194 3 2
56863 0 194 3 2
56866 0 194 3 2
199863 1 194 3 3
199875 1 194 3 3
199877 1 194 3 3
201291 0 194 3 1
201294 0 194 3 1
236459 0 194 3 2
236460 0 194 3 2
524904 0 194 3 2
524905 0 194 3 2
148824 0 195 3 1
200191 0 195 3 3
211201 0 195 3 3
234720 1 195 3 1
234721 1 195 3 1
235330 0 195 3 1
235331 0 195 3 1
235332 0 195 3 1
235334 0 195 3 1
235335 0 195 3 1
236056 0 195 3 3
236057 0 195 3 3
236500 1 195 3 4
199916 0 196 3 1
200311 0 196 3 1
201442 0 196 3 1
201563 0 196 3 3
201564 0 196 3 3
234664 0 196 3 3
201146 0 197 3 3
201148 0 197 3 3
201262 1 197 3 1
201264 1 197 3 1
201318 0 197 3 1
201320 0 197 3 1
201321 0 197 3 1
234971 0 197 3 3
234974 0 197 3 3
458270 0 197 3 3
200289 1 198 3 1
200290 1 198 3 1
201057 1 198 3 1
201059 1 198 3 1
201290 0 198 3 3
201292 0 198 3 3
201294 0 198 3 3
201290 1 198 3 3
201433 1 198 3 1
201434 1 198 3 1
201435 1 198 3 1
201437 1 198 3 1
201438 1 198 3 1
74619 0 199 3 3
199662 0 199 3 1
199690 0 199 3 3
200524 0 199 3 3
200525 0 199 3 3
200526 0 199 3 3
201017 0 199 3 3
201018 0 199 3 3
201021 0 199 3 3
235128 0 199 3 1
235129 0 199 3 1
235130 0 199 3 1
235573 0 199 3 1
236285 0 199 3 1
236288 0 199 3 1
236290 0 199 3 1
399679 1 199 3 2
200609 1 200 3 3
200610 1 200 3 3
200611 1 200 3 3
201262 1 200 3 0
201264 1 200 3 0
201265 1 200 3 0
236443 0 200 3 1
236444 0 200 3 1
241533 0 200 3 3
201433 0 201 3 1
201435 0 201 3 1
236219 1 201 3 1
236220 1 201 3 1
236271 0 201 3 3
199659 0 202 3 1
199661 0 202 3 1
200280 0 202 3 3
235129 0 202 3 1
201019 0 203 3 1
234883 0 203 3 1
234885 0 203 3 1
235223 0 204 3 1
235224 0 204 3 1
235226 0 204 3 1
235227 0 204 3 1
235376 1 205 3 1
235377 1 205 3 1
235847 0 205 3 3
547732 0 205 3 2
64717 0 206 3 2
136543 0 206 3 3
136545 0 206 3 3
136546 0 206 3 3
136547 0 206 3 3
136548 0 206 3 3
200114 0 206 3 4
236224 1 206 3 0
236226 1 206 3 0
136543 1 207 3 1
136544 1 207 3 1
136546 1 207 3 1
136549 1 207 3 1
200609 0 207 3 3
200612 0 207 3 3
381833 0 207 3 3
381834 0 207 3 3
200115 0 208 3 4
201017 0 208 3 1
201019 0 208 3 1
235027 0 208 3 1
235028 0 208 3 1
235029 0 208 3 1
235976 1 208 3 0
236694 0 208 3 1
236695 0 208 3 1
236696 0 208 3 1
200251 0 209 3 3
200252 0 209 3 3
200254 0 209 3 3
201334 0 209 3 1
201338 0 209 3 1
235077 0 209 3 1
236187 0 209 3 1
236189 0 209 3 1
236275 1 209 3 3
236277 1 209 3 3
236693 1 209 3 1
236696 1 209 3 1
236697 1 209 3 1
136545 0 210 3 1
136546 0 210 3 1
136548 0 210 3 1
136549 0 210 3 1
235151 0 210 3 1
235152 0 210 3 1
235153 0 210 3 1
235973 0 211 3 1
381827 0 211 3 3
234916 0 212 3 1
234918 0 212 3 1
234919 0 212 3 1
236695 1 212 3 1
236696 1 212 3 1
199989 0 213 3 1
199992 0 213 3 1
199993 0 213 3 1
235603 0 213 3 1
201336 0 214 3 3
235909 0 214 3 1
235911 0 214 3 1
235913 0 214 3 1
235914 0 214 3 1
236474 0 214 3 1
236475 0 214 3 1
236477 0 214 3 1
236706 0 215 3 3
235150 0 216 3 1
235151 0 216 3 1
235381 0 216 3 1
235383 0 216 3 1
199990 0 217 3 1
199993 0 217 3 1
199994 0 217 3 1
235159 0 217 3 1
236299 0 217 3 1
236300 0 217 3 1
236473 0 217 3 1
236476 0 217 3 1
236477 0 217 3 1
235382 1 218 3 3
235384 1 218 3 3
236471 0 218 3 2
236473 0 218 3 2
236474 0 218 3 2
236476 0 218 3 2
367166 0 219 3 3
367169 0 219 3 3
235382 0 220 3 3
235383 0 220 3 3
235578 0 220 3 1
236252 0 220 3 1
236253 0 220 3 1
236254 0 220 3 1
236255 0 220 3 1
235063 0 221 3 3
235065 0 221 3 3
235066 0 221 3 3
235067 0 221 3 3
235069 0 221 3 3
200059 1 222 3 1
234712 0 222 3 0
236250 0 222 3 1
236251 0 222 3 1
236254 0 222 3 1
200555 0 223 3 1
200557 0 223 3 1
234907 0 223 3 0
234908 0 223 3 0
235064 0 223 3 2
235068 0 223 3 2
235428 0 223 3 1
235430 0 223 3 1
235431 0 223 3 1
235433 0 223 3 1
201742 0 224 3 1
235440 1 224 3 1
235442 1 224 3 1
235445 1 224 3 1
514270 0 224 3 2
200559 0 225 3 1
200702 0 225 3 1
200703 0 225 3 1
235064 0 225 3 0
235065 0 225 3 0
235066 0 225 3 0
235067 0 225 3 0
235069 0 225 3 0
235427 0 225 3 0
235432 0 225 3 0
472577 0 225 3 3
516368 0 225 3 3
533522 0 225 3 3
533523 0 225 3 3
201749 0 226 3 1
235413 1 226 3 0
235414 1 226 3 0
236298 0 226 3 3
236300 0 226 3 3
235432 0 227 3 1
236671 0 228 3 3
236672 0 228 3 3
236673 0 228 3 3
201366 0 230 3 1
235238 0 230 3 1
426851 0 230 3 3
200555 0 232 3 1
200556 0 232 3 1
200558 0 232 3 1
236049 0 233 3 0
236093 0 235 3 1
236094 0 235 3 1
508433 0 235 3 3
235183 0 236 3 0
235413 0 238 3 3
235414 0 238 3 3
235417 0 238 3 3
561420 0 238 3 3
235440 1 241 3 2
235442 1 241 3 2
235444 1 241 3 2
235445 1 241 3 2
