376202 2 1 2 1
451137 2 1 1 0
252671 3 2 3 0
114826 4 3 0 0
189712 4 3 4 0
222932 4 2 1 0
387689 4 3 4 0
459233 4 3 4 1
49186 5 4 3 0
223274 5 4 1 0
210361 6 2 3 0
439270 6 3 3 0
114053 7 3 0 0
223493 7 3 1 0
201031 8 3 3 1
431279 8 3 3 0
115025 10 3 4 1
222644 11 4 1 0
223033 11 1 1 0
222152 12 4 3 0
222592 13 2 1 0
222085 14 2 1 0
222669 15 3 1 0
221533 16 2 1 0
221984 16 3 4 0
223101 16 1 1 0
222088 18 3 1 0
223387 18 4 1 0
223585 18 2 1 0
479741 18 4 1 0
113951 19 4 1 0
223386 19 2 1 0
479522 19 2 3 0
20526 20 2 3 0
113827 20 3 1 0
113952 20 3 3 0
114096 20 2 3 0
222724 20 4 4 1
114796 21 2 1 0
115390 21 3 1 0
115106 22 3 1 0
222878 22 3 1 0
479232 22 3 1 0
114674 23 2 1 0
221519 23 3 0 0
222742 23 3 1 0
223389 23 2 3 0
223547 23 3 1 0
221890 24 2 1 0
223214 24 3 1 0
223305 24 3 2 0
480765 24 2 1 0
114277 25 2 1 0
114675 25 2 1 0
222455 25 3 3 1
222850 25 3 1 0
222876 25 3 1 0
223428 25 3 3 0
223548 25 3 1 0
114338 26 4 1 0
115387 26 4 0 0
221926 26 3 1 0
222702 26 3 1 0
222890 26 3 1 0
114592 27 2 1 0
480155 27 1 1 0
222705 28 2 3 0
222743 28 3 1 1
222886 28 3 0 1
221704 29 3 0 0
221743 29 3 1 0
222024 29 2 1 0
222931 29 2 4 0
66512 30 3 3 0
114337 30 3 1 0
114594 30 2 3 1
223157 30 3 0 0
480559 30 3 1 0
543501 30 4 2 1
114026 31 3 1 0
221876 31 2 4 1
222596 31 4 3 0
222703 31 3 3 0
222884 31 3 3 1
479214 31 4 3 0
222808 32 3 1 0
114205 33 3 1 0
114581 33 3 1 0
115465 33 2 1 0
222887 33 4 2 0
114632 34 1 1 0
115517 34 1 1 0
222847 34 2 1 0
114204 35 4 1 0
114316 35 1 3 0
114509 35 2 4 1
114587 35 2 3 0
115021 35 2 1 0
115466 35 3 3 0
222704 35 3 3 0
222978 35 4 1 0
113600 36 2 1 0
113637 36 3 1 0
114207 36 4 3 0
479899 36 3 1 0
114459 37 3 1 0
115370 37 2 1 0
222964 37 2 1 1
480151 37 2 1 0
113613 38 3 1 0
113638 38 3 2 0
114355 38 3 1 0
114738 38 2 1 0
222138 38 3 1 1
222305 38 2 1 0
222708 38 4 2 0
480205 38 3 1 0
102164 39 2 1 0
114317 39 2 3 0
115343 39 2 1 0
222131 39 3 1 0
222866 39 3 1 0
222940 39 4 2 0
7220 40 2 3 0
73998 40 4 2 0
76277 40 2 2 0
114160 40 4 3 0
114467 40 3 1 0
173331 40 2 4 0
222763 40 2 1 0
222938 40 3 1 0
223021 40 2 1 0
480153 40 3 3 0
113671 41 3 4 1
114686 41 1 1 0
115346 41 3 3 0
182832 41 2 4 0
216073 41 2 2 0
221730 41 3 1 0
221861 41 2 1 0
222791 41 3 3 1
222907 41 2 1 0
223482 41 2 1 0
280660 41 2 3 0
333497 41 2 3 0
422150 41 3 3 1
435682 41 3 3 0
480037 41 3 1 0
480146 41 3 2 1
480768 41 4 1 0
113773 42 3 1 0
114200 42 3 3 1
115027 42 3 1 0
115367 42 4 1 0
222706 42 4 1 0
222867 42 2 1 0
223024 42 2 3 0
231165 42 3 2 1
479326 42 2 1 0
114055 43 3 1 0
115139 43 2 1 0
115345 43 3 1 0
115384 43 1 4 0
221872 43 3 4 1
480435 43 2 1 0
100172 44 3 3 0
102171 44 4 3 0
114353 44 4 1 0
114397 44 2 1 0
114647 44 2 1 1
114699 44 3 1 0
158079 44 3 3 0
221778 44 3 1 0
221779 44 4 1 0
222909 44 1 3 0
461152 44 2 3 0
480275 44 3 1 0
480439 44 2 3 1
480903 44 3 1 0
114704 45 3 3 0
222577 45 2 4 1
223421 45 2 1 0
480035 45 3 1 0
480147 45 3 3 0
107804 46 4 3 1
114009 46 4 1 0
115026 46 3 1 0
221870 46 4 1 0
114396 47 2 0 0
221650 47 2 3 1
221781 47 3 3 0
222259 47 2 0 0
223112 47 3 1 0
223560 47 2 1 0
115306 48 3 1 0
221774 48 3 1 0
222868 48 4 3 0
223499 48 3 1 0
84316 49 3 3 0
113828 49 2 3 0
114252 49 3 3 0
114687 49 3 3 0
114702 49 4 0 0
114843 49 1 1 0
115290 49 2 1 0
115318 49 2 4 0
221927 49 2 3 0
479329 49 2 0 0
479807 49 2 1 0
113674 50 2 4 0
114197 50 2 1 0
114357 50 2 3 0
114735 50 3 1 0
221929 50 4 3 0
222262 50 1 3 1
223010 50 3 0 0
258405 50 1 1 0
258407 50 3 3 0
113769 51 3 1 0
114212 51 2 1 0
114736 51 1 3 0
222401 51 4 1 0
452519 51 4 3 0
480148 51 3 3 0
114727 52 3 0 0
115273 52 3 1 0
479237 52 2 0 0
479328 52 3 3 1
479810 52 3 3 1
114109 53 3 1 0
114215 53 4 1 0
115231 53 2 3 0
221803 53 4 1 0
222974 53 4 2 0
113590 54 2 1 0
114703 54 3 1 0
114886 54 1 1 0
115228 54 3 1 1
223074 54 2 4 0
223441 54 2 3 0
242781 54 3 2 1
115177 55 3 1 0
208255 55 4 3 0
221812 55 3 3 0
114582 56 3 1 1
115531 56 3 3 0
115059 57 3 1 0
115227 57 3 1 0
115468 57 2 1 0
225196 57 2 4 1
261563 57 3 4 0
479700 57 2 0 0
114361 58 4 1 0
115233 58 2 4 0
229416 58 2 3 1
113589 59 3 0 0
115308 59 3 3 1
170924 59 2 3 0
223562 59 2 3 0
115093 60 2 3 1
222616 60 3 3 0
114566 61 4 4 0
114987 61 3 1 0
159976 61 1 3 0
223261 61 3 1 0
112938 62 3 2 0
114364 62 3 3 0
115403 62 2 3 1
162774 62 3 1 0
222404 63 2 1 0
223260 63 2 1 0
113796 64 2 1 0
277442 64 3 3 0
112937 65 1 1 0
112939 65 4 2 0
115539 65 3 1 0
222956 65 3 1 0
222409 66 3 3 0
223263 66 3 3 0
115068 67 3 3 0
187686 67 3 2 0
313538 67 3 3 0
112936 68 2 1 1
114896 68 4 4 1
115537 69 3 1 0
187683 70 4 4 0
222431 70 3 4 0
222328 71 1 1 0
313539 71 3 3 0
112940 72 4 3 0
222836 72 3 1 0
223196 72 1 1 0
84578 73 3 3 0
279447 73 3 2 0
187687 74 4 2 0
222527 75 2 4 1
221848 76 5 1 0
222330 76 3 3 1
222833 76 4 1 0
222834 76 2 1 0
222852 76 3 3 0
222046 77 4 1 0
222656 77 3 1 0
222657 77 2 3 0
228123 77 2 3 1
222049 78 3 3 1
222840 78 2 1 0
467085 78 1 3 0
223145 79 2 1 0
222048 81 2 3 0
222334 81 4 3 0
223098 81 3 1 0
223103 81 4 3 1
299700 81 2 3 0
172311 82 3 3 0
221794 84 2 4 1
222089 85 3 3 0
223144 85 3 3 0
221793 86 3 4 0
223378 88 3 2 1
375021 90 2 3 0
223376 93 2 0 0
