317568 2 1 3 0
10705 3 2 3 0
88376 3 2 3 0
194574 3 2 3 0
202348 3 2 1 0
299738 3 2 3 1
74202 4 3 3 0
321482 4 3 3 0
129471 5 3 3 1
387025 5 4 1 0
409249 5 2 3 1
127317 6 2 1 0
134815 6 2 3 0
230421 6 3 3 1
350527 6 3 3 1
387970 6 3 1 0
10703 7 3 4 1
93453 7 3 1 0
127313 7 2 3 0
10706 8 2 3 0
134814 9 2 1 0
203693 9 1 1 0
312248 9 3 3 0
242000 10 2 3 0
341999 10 3 3 0
342306 11 1 1 0
387145 11 1 2 0
388337 11 2 1 1
128401 12 2 1 0
387560 12 3 1 0
128607 13 3 1 0
342465 13 2 1 0
126890 14 3 1 0
342601 14 3 3 0
533330 14 2 2 0
127686 15 2 3 0
388333 15 4 3 0
388368 15 2 1 0
11754 16 2 2 0
126220 16 2 3 0
126962 16 3 0 0
127899 16 2 0 0
304641 16 2 3 0
342305 16 2 1 0
388393 16 2 1 1
14147 17 2 3 1
128403 17 2 3 0
342304 17 3 0 0
127238 18 4 3 0
128684 18 2 1 0
387580 18 2 1 0
126961 19 3 0 0
305063 19 3 2 0
127743 20 3 1 0
197236 20 3 3 0
270465 20 3 2 0
342475 20 2 0 0
387517 20 1 1 0
127237 21 3 3 0
387518 21 3 1 0
388439 21 3 3 0
422961 21 3 3 0
532155 21 2 3 0
539219 21 4 3 0
126971 22 2 2 0
128462 22 3 0 0
342308 22 3 3 0
387148 22 2 1 0
539220 22 3 3 0
127746 23 3 3 0
128683 23 1 0 0
341383 23 2 1 0
386649 23 3 2 0
387460 23 3 1 0
539643 23 2 3 0
127399 24 1 3 0
128463 24 3 1 1
128685 24 3 2 0
387520 24 2 3 0
128105 25 2 3 0
128506 25 3 0 0
267265 25 4 4 0
341141 25 2 4 0
386906 25 2 3 0
387519 25 3 3 0
387149 26 4 1 0
387150 26 3 1 0
387908 26 2 1 0
532153 26 2 1 0
127582 27 2 1 0
128125 27 3 3 0
128502 27 4 3 0
128587 27 4 1 0
341384 27 4 3 1
127558 28 2 1 0
128065 28 4 1 0
128080 28 2 3 0
386638 28 3 1 0
127273 29 2 1 0
127681 29 1 1 0
128067 29 3 3 1
128511 29 3 3 0
532867 29 2 1 0
128076 30 4 0 0
128077 30 2 1 0
532806 30 2 1 0
127105 31 2 1 0
127152 31 3 1 0
128509 32 3 2 0
127107 33 2 2 0
127813 33 4 1 0
128618 33 3 4 1
128620 33 3 3 0
125465 34 4 3 0
127274 34 2 1 0
127679 34 3 1 0
128069 34 3 0 1
128081 34 4 3 0
128339 34 2 1 0
128455 34 2 1 0
387909 34 3 1 0
127084 35 3 3 1
531625 35 4 1 1
127049 36 2 2 0
127560 36 3 3 0
386512 36 2 1 0
388340 36 4 3 0
126665 37 2 3 0
127275 37 4 1 0
531628 37 2 3 0
531975 37 2 1 0
42060 38 3 3 0
128772 38 2 1 0
128792 38 4 3 0
386515 38 3 3 1
388339 38 3 3 1
127791 39 3 3 0
128773 39 2 3 0
533082 39 3 0 0
127151 40 3 1 0
128456 40 3 2 1
386793 40 2 2 1
127754 42 3 1 0
128457 42 3 3 0
128791 42 3 3 0
127178 43 4 3 0
127795 43 3 3 0
128018 43 3 2 0
531544 44 2 1 0
128822 45 4 4 0
127217 47 4 1 0
128208 47 4 1 0
128786 47 4 0 0
405393 47 3 3 0
531965 47 3 1 0
532104 47 3 3 0
531545 48 3 1 0
531550 48 2 3 0
531977 49 2 3 0
533188 49 3 0 0
127714 50 3 1 0
521979 50 2 3 0
106481 51 2 2 0
532584 51 2 1 0
533264 51 3 1 0
127997 52 3 2 0
313912 52 4 3 0
469222 52 2 2 0
533064 52 3 4 1
127114 53 3 3 0
127349 53 2 4 0
531706 54 3 1 0
57553 55 3 3 0
127112 55 4 1 0
127798 55 3 1 0
127995 55 4 0 0
314651 55 3 2 0
531897 55 2 1 0
532083 55 3 1 0
533026 55 4 1 0
531944 56 3 3 0
128718 57 2 0 0
509683 57 4 3 0
532177 57 4 1 0
532288 57 3 3 0
532904 57 2 1 0
127587 59 3 3 0
531615 59 3 3 1
532526 59 2 1 0
532792 59 3 1 0
532979 59 4 1 0
533314 59 3 3 0
127793 60 4 1 0
128418 60 3 3 0
532306 60 3 3 0
532449 60 1 1 0
533097 60 4 1 0
533345 60 3 0 0
533351 60 4 1 0
127792 61 2 1 0
531895 61 5 1 0
532864 61 3 1 0
532701 62 2 0 0
510558 63 4 1 0
531894 63 3 1 0
532222 63 4 1 0
532411 63 2 1 0
532777 63 2 1 0
532870 63 2 1 0
403097 64 4 2 0
510595 64 1 1 0
531702 64 3 1 0
533048 64 3 1 0
533096 64 2 1 0
531587 65 4 2 0
531683 65 3 3 0
532133 65 3 3 0
532681 65 2 1 0
532856 65 4 2 0
533109 65 3 1 1
536332 65 3 1 0
532702 66 3 3 0
532875 66 2 1 0
533133 66 3 1 0
533045 67 2 0 0
533240 67 2 2 1
549143 67 2 3 0
299790 68 3 2 0
531356 68 4 1 0
531816 68 3 1 0
532412 68 4 1 1
532684 68 2 2 1
533251 68 3 1 0
531474 69 1 1 1
535389 69 3 3 1
531916 70 2 1 0
533047 70 1 1 0
533249 70 1 0 0
533253 70 3 3 0
536331 70 3 1 0
193285 71 3 3 0
532566 71 3 1 0
533292 71 3 1 0
535362 71 2 1 1
532223 72 1 1 1
533105 72 3 0 0
533176 72 2 1 0
194124 73 1 3 0
531737 73 3 1 1
531406 74 3 1 0
531914 74 4 1 0
532201 74 2 1 0
532667 74 2 1 0
532887 74 3 3 1
533151 74 3 1 0
533017 75 2 1 0
533368 75 4 1 0
193284 76 4 3 0
531817 76 3 2 0
532508 76 4 1 0
533179 76 2 3 0
531734 77 4 3 0
203549 78 4 3 0
504640 78 3 3 0
531815 78 3 1 0
532607 78 2 1 1
532666 78 3 1 0
532883 78 3 3 0
266044 79 3 3 0
531883 79 3 1 0
532202 79 4 1 0
532719 80 2 0 0
534082 80 3 3 0
534352 80 4 4 0
532842 81 3 1 0
482768 82 3 3 0
532269 83 3 3 0
532992 83 2 4 1
534535 85 3 4 0
505443 86 3 2 0
517408 87 2 2 0
532608 87 4 3 0
532325 88 4 1 0
533184 88 3 1 0
320494 89 3 3 0
531680 89 2 1 0
531701 90 2 1 0
532337 90 3 1 0
532606 94 2 1 0
533057 96 3 0 0
