10706 7
10707 7
88377 7
194575 7
299739 7
317567 7
202349 8
321480 8
321481 8
321483 8
387026 9
409246 9
127315 10
127318 10
127319 10
127320 10
134812 10
134814 10
230420 10
350526 10
387968 10
387969 10
387971 10
387972 10
387973 10
93451 11
93452 11
93454 11
93455 11
10705 12
10707 12
127314 12
134815 13
312245 13
341998 14
342000 14
388339 15
128403 16
387143 16
387144 16
387146 16
387559 16
387561 16
312246 17
312247 17
312248 17
342464 17
342466 17
342467 17
126891 18
126893 18
342602 18
127683 19
127684 19
127688 19
126219 20
127902 20
388366 20
388367 20
14146 21
128400 21
342307 21
342308 21
388394 21
388395 21
127237 22
128683 22
126962 23
126963 23
126964 23
305061 23
387582 23
128401 24
197235 24
127236 25
387516 25
387519 25
387520 25
388440 25
422962 25
539217 25
539220 25
128464 26
342304 26
342305 26
342307 26
387150 26
539216 26
539218 26
539219 26
127744 27
341384 27
386650 27
387463 27
539644 27
128465 28
128685 28
128686 28
127397 29
127398 29
128106 29
128509 29
128510 29
386904 29
387515 29
387516 29
387517 29
387518 29
387148 30
387151 30
387152 30
387153 30
127580 31
128589 31
341382 31
341383 31
128067 32
127274 33
127276 33
127557 33
128065 33
128066 33
127679 34
128076 34
128078 34
128081 34
127154 35
127155 35
532805 35
127107 36
128508 36
128511 36
127106 37
127108 37
125462 38
125463 38
125464 38
127273 38
127276 38
127681 38
127682 38
128068 38
128070 38
128071 38
128078 38
128079 38
128338 38
128341 38
387910 38
387911 38
127081 39
127082 39
127085 39
531626 39
531628 39
127050 40
127558 40
127559 40
388337 40
127277 41
128786 42
128789 42
128790 42
386511 42
386513 42
386514 42
386516 42
388340 42
531977 42
531979 42
127790 43
128772 43
533084 43
533085 43
128455 44
127155 45
128458 46
128787 46
128788 46
128790 46
128792 46
127756 47
127792 47
532958 48
128823 49
127218 51
127219 51
128209 51
128211 51
128787 51
128788 51
128790 51
128791 51
405392 51
531964 51
531967 51
531969 51
532103 51
531546 52
531549 52
531976 53
533189 53
533190 53
127715 54
127716 54
521980 54
106480 55
532581 55
532582 55
532583 55
532585 55
533265 55
533268 55
127996 56
127998 56
469221 56
533063 56
127112 57
531705 58
531707 58
531709 58
57554 59
127110 59
127111 59
127113 59
127997 59
531894 59
531898 59
532082 59
533024 59
533025 59
533027 59
531941 60
531942 60
509684 61
532176 61
532179 61
532670 61
532903 61
128720 62
532794 63
532980 63
532982 63
533312 63
127792 64
127794 64
128416 64
128417 64
531894 64
532307 64
532525 64
533350 64
533353 64
532863 65
533347 65
533348 65
127795 66
510557 67
510560 67
531895 67
531896 67
531897 67
531898 67
532223 67
532224 67
532225 67
532412 67
532779 67
532781 67
531701 68
532871 68
532872 68
532873 68
533045 68
533047 68
533049 68
533095 68
533097 68
533098 68
533099 68
510596 69
531585 69
531680 69
531682 69
533110 69
533111 69
533112 69
532701 70
533134 71
533135 71
549142 71
531353 72
531354 72
531355 72
531358 72
531815 72
531818 72
531819 72
532682 72
533241 72
533253 72
535387 73
535388 73
535390 73
531475 74
531912 74
531913 74
536332 74
536333 74
193284 75
532567 75
532569 75
533045 75
533046 75
533048 75
533250 75
533252 75
533294 75
533295 75
533296 75
533106 76
533107 76
535359 76
535360 76
535363 76
194121 78
194122 78
194123 78
531408 78
531409 78
531410 78
531912 78
531915 78
531916 78
531917 78
531918 78
532202 78
532669 78
532885 78
533153 78
533020 79
533021 79
533369 79
531815 80
531818 80
531819 80
532509 80
532510 80
533176 80
533177 80
533178 80
531732 81
531733 81
531816 82
531820 82
532609 82
532667 82
532879 82
532880 82
532881 82
532882 82
531884 83
531886 83
532203 83
532721 85
532722 85
532723 85
532724 85
534081 85
532268 87
534534 89
532605 91
532606 91
532607 91
532609 91
532324 92
532326 92
532327 92
533183 92
320493 93
320495 93
531703 94
532338 94
532607 98
532608 98
532609 98
533058 101
533060 101
533061 101
505524 104
505526 104
