147625 3 2 3 0
478644 3 2 1 0
229070 4 3 3 0
277067 4 3 4 1
317846 4 3 4 0
457051 4 3 3 0
34698 5 1 1 0
478643 5 1 1 0
333111 6 3 1 0
477442 6 1 1 0
478738 6 2 1 0
229067 7 3 2 0
33516 8 3 1 0
179242 8 4 2 0
477537 8 4 1 0
537636 8 3 1 0
199976 9 3 3 0
333115 9 2 3 0
1728 10 4 2 0
33518 10 1 3 1
35280 10 2 1 0
199858 10 2 3 0
333113 10 3 3 0
459693 10 2 3 0
478115 10 3 1 0
477843 11 4 1 1
478973 11 4 1 0
178717 12 3 1 0
199971 12 4 2 0
333114 12 4 3 0
478111 12 2 3 0
478968 12 2 1 0
459692 13 3 3 0
477588 13 2 1 0
477842 13 3 1 0
478967 13 2 1 0
538908 13 3 1 0
34798 14 2 1 0
257278 14 3 3 0
478117 14 3 3 0
537876 14 2 1 0
154631 15 4 3 0
332716 15 2 1 0
448281 15 3 3 0
538608 15 2 1 0
178716 16 1 0 0
179155 16 3 1 0
477457 16 2 1 1
477705 16 2 1 0
477801 16 2 1 0
537686 16 3 1 0
537829 16 1 1 0
538233 16 2 1 0
477565 17 3 1 1
478456 17 4 1 0
479137 17 2 1 0
537879 17 2 3 0
538909 17 3 1 0
34337 18 3 1 0
34824 18 3 3 1
154360 18 1 1 0
178882 18 3 1 0
367940 18 3 4 1
458862 18 4 2 0
477803 18 3 3 0
478214 18 4 3 0
479138 18 2 1 0
479148 18 3 1 0
538242 18 2 1 0
33924 19 4 1 0
154627 19 3 1 0
332079 19 3 1 0
478021 19 3 1 0
478224 19 2 1 0
478364 19 2 1 0
478842 19 3 1 0
538830 19 3 3 0
538963 19 3 1 0
332720 20 4 3 0
333159 20 3 3 0
478310 20 3 1 0
537530 20 2 1 1
538239 20 3 3 1
539145 20 2 1 0
33927 21 2 1 0
284456 21 1 2 0
332008 21 1 1 0
477509 21 2 3 0
477802 21 3 2 0
477847 21 2 1 0
537699 21 2 1 1
538658 21 3 3 0
538674 21 4 1 0
538974 21 3 0 0
539019 21 4 1 0
154359 22 2 1 0
177533 22 3 1 0
178884 22 3 3 0
330317 22 1 4 0
389548 22 2 2 1
478023 22 4 3 0
478107 22 3 1 0
478852 22 4 1 0
537855 22 2 1 1
539002 22 2 1 0
248890 23 3 2 0
478179 23 3 1 0
478629 23 4 4 1
537740 23 2 1 0
538961 23 3 1 0
154887 24 2 1 0
266843 24 2 3 0
478022 24 4 3 1
538010 24 2 1 0
538500 24 4 1 0
538901 24 4 1 0
538951 24 4 1 0
538959 24 2 0 0
538967 24 4 1 0
538975 24 2 2 0
287574 25 2 3 0
333156 25 4 1 0
477768 25 3 1 0
478108 25 2 1 0
478109 25 2 3 0
478947 25 3 1 0
537808 25 3 1 1
537813 25 3 3 0
538207 25 4 1 0
332356 26 3 1 0
430635 26 2 3 1
479134 26 3 2 0
535532 26 3 3 0
537901 26 2 1 0
538011 26 2 1 0
538656 26 2 1 1
538696 26 4 3 1
136749 27 2 3 1
177535 27 4 3 0
332785 27 1 1 0
478396 27 4 1 0
478880 27 3 1 0
535693 27 3 2 0
538394 27 3 1 0
538503 27 2 3 0
538918 27 3 1 0
136744 28 4 3 0
477437 29 3 1 0
478309 29 2 4 1
478393 29 3 0 0
478538 29 2 1 0
478719 29 4 1 0
480307 29 3 3 0
537470 29 3 4 1
538565 29 3 2 0
136404 30 3 3 0
259699 30 2 2 1
331995 30 3 1 0
333324 30 4 1 0
478188 30 2 1 0
537810 30 4 1 0
287575 31 4 3 0
332884 31 2 0 0
333424 31 2 1 1
387200 31 4 4 1
478759 31 3 1 0
538561 31 2 4 1
538857 31 2 1 0
210527 32 3 3 0
331870 32 3 1 0
331997 32 3 3 0
332157 32 2 1 0
333532 32 3 1 0
430521 32 4 3 0
538154 32 3 0 0
230536 33 1 4 0
331747 33 3 1 0
332242 33 3 2 0
332877 33 3 1 0
477603 33 3 1 0
478948 33 3 3 0
537518 33 1 1 0
538310 33 2 3 0
560450 33 3 1 0
232764 34 2 4 0
332980 34 2 0 0
333372 34 3 1 0
333423 34 3 1 0
333507 34 3 3 0
538152 34 2 2 0
538558 34 3 1 0
538562 34 2 4 0
287573 35 3 1 0
331787 35 3 1 0
479005 35 3 1 0
537519 35 2 1 0
538569 35 2 1 0
538885 35 3 1 0
538146 36 3 1 0
538244 36 2 3 1
538490 36 2 1 0
538559 36 2 3 1
538563 36 4 0 0
136746 37 2 1 0
137427 37 3 1 0
287937 37 1 4 0
332032 37 2 1 0
332979 37 2 0 0
333533 37 4 1 0
477602 37 4 1 0
538303 37 3 3 1
184686 38 3 3 1
331732 38 3 1 0
332693 38 3 3 0
364722 38 3 3 0
537491 38 3 1 0
538886 38 2 3 1
137429 39 3 3 0
137552 39 3 1 0
332484 39 2 1 0
396742 39 3 2 1
537536 39 2 3 0
538245 39 3 3 0
137228 40 2 4 1
363522 40 2 1 0
365054 40 3 3 0
538112 40 2 4 1
538412 40 4 2 0
538564 40 3 2 1
331725 41 2 1 0
332082 41 3 4 1
363526 41 4 3 0
404081 41 4 3 0
538496 41 3 1 0
88412 42 3 3 0
136745 42 2 1 0
363907 42 3 1 0
537521 42 3 3 0
538198 42 3 1 0
331894 43 3 3 0
332086 43 3 1 0
74691 44 3 3 0
88411 44 3 3 0
332786 44 3 1 0
537646 44 3 1 0
333435 45 2 1 0
472040 45 2 3 0
332083 46 2 0 0
332201 46 3 1 0
538223 46 3 3 1
545114 46 3 2 0
172780 47 2 3 0
332202 47 3 1 0
538709 47 1 1 0
74692 48 3 3 0
333443 48 2 0 0
518111 48 4 3 0
537649 48 4 3 0
538858 48 2 1 0
545112 48 2 2 0
332858 49 2 1 1
74688 50 1 1 0
44656 51 4 0 0
538855 51 2 3 0
44939 52 3 3 0
332594 52 2 1 0
333436 52 3 1 0
538650 52 3 1 0
539024 52 3 1 0
100251 53 3 3 0
273283 53 3 3 0
329038 53 3 1 0
518110 53 3 3 0
537565 53 3 3 0
44933 54 2 3 0
273282 54 3 3 1
539023 54 2 1 0
220077 55 4 2 0
251615 55 3 3 0
538648 55 2 3 0
270171 56 3 3 0
332598 56 3 1 0
539083 56 3 1 0
539068 57 2 1 0
539069 57 4 1 0
538688 58 1 1 0
538336 60 4 1 0
538629 60 2 1 0
537799 61 3 4 0
537895 61 3 4 1
538628 63 2 1 0
538850 63 2 1 0
538627 64 4 1 0
538430 66 3 3 0
538422 68 3 0 0
537607 69 2 1 0
537608 69 3 3 0
538097 69 3 1 0
537706 71 3 1 0
537866 71 2 0 0
538236 71 2 1 0
537779 72 2 1 0
538408 73 3 3 0
537867 74 2 0 0
537869 74 1 3 0
538713 74 2 1 0
538715 76 3 3 0
34223 78 1 3 0
537707 78 3 1 0
537705 80 3 1 0
538206 81 2 1 0
537713 82 3 4 1
538197 84 2 1 0
538592 87 1 1 0
538596 95 3 3 0
