478644 1 3 3 1
147625 1 3 3 3
147623 0 3 3 3
147626 0 3 3 3
478643 0 3 3 1
478645 0 3 3 1
457051 1 4 2 3
317846 1 4 2 4
277067 1 4 2 4
229070 1 4 2 3
229065 0 4 3 3
229068 0 4 3 3
229069 0 4 3 3
277066 0 4 3 4
457047 0 4 3 3
457048 0 4 3 3
457050 0 4 3 3
34698 1 5 4 1
477442 1 6 4 1
478738 1 6 3 1
333111 1 6 2 1
34701 1 6 3 1
333110 0 6 3 1
333112 0 6 3 1
333113 0 6 3 1
478740 0 6 3 1
478741 0 6 3 1
229067 1 7 2 2
477444 1 7 3 1
477445 1 7 3 1
537636 1 8 2 1
33516 1 8 2 1
477537 1 8 1 1
179242 1 8 1 2
33514 0 8 3 1
33517 0 8 3 1
179239 0 8 3 2
179243 0 8 3 2
333115 1 9 3 3
199976 1 9 2 3
33518 1 10 4 3
459693 1 10 3 3
199858 1 10 3 3
35280 1 10 3 1
478115 1 10 2 1
333113 1 10 2 3
1728 1 10 1 2
1726 0 10 3 2
1729 0 10 3 2
333110 0 10 3 3
333112 0 10 3 3
478114 0 10 3 1
478117 0 10 3 1
478118 0 10 3 1
478973 1 11 1 1
477843 1 11 1 1
33515 1 11 3 3
459689 1 11 3 3
477845 0 11 3 1
478972 0 11 3 1
478974 0 11 3 1
478975 0 11 3 1
478968 0 12 4 1
478111 1 12 3 3
178717 1 12 2 1
333114 1 12 1 3
199971 1 12 1 2
178718 0 12 3 1
333115 0 12 3 3
478967 1 13 3 1
477588 1 13 3 1
538908 1 13 2 1
477842 1 13 2 1
459692 1 13 2 3
459690 0 13 3 3
459691 0 13 3 3
459693 0 13 3 3
477587 0 13 3 1
477590 0 13 3 1
478969 0 13 3 1
478971 0 13 3 1
538911 0 13 3 1
537876 1 14 3 1
34798 1 14 3 1
478117 1 14 2 3
257278 1 14 2 3
34800 0 14 3 1
478114 0 14 3 3
478116 0 14 3 3
538608 1 15 3 1
332716 1 15 3 1
448281 1 15 2 3
154631 1 15 1 3
332713 0 15 3 1
332715 0 15 3 1
332718 0 15 3 1
448279 0 15 3 3
537829 1 16 4 1
178716 1 16 4 0
538233 1 16 3 1
477801 0 16 5 3
477705 1 16 3 1
477457 1 16 3 1
537686 1 16 2 1
179155 1 16 2 1
179154 0 16 3 1
179156 0 16 3 1
179157 0 16 3 1
179159 0 16 3 1
477800 0 16 3 1
537687 0 16 3 1
537690 0 16 3 1
538609 1 16 3 1
537879 1 17 3 3
479137 0 17 4 1
538909 1 17 2 1
477565 1 17 2 1
478456 1 17 1 1
178718 1 17 3 0
477459 1 17 3 1
477460 1 17 3 1
477564 0 17 3 1
477566 0 17 3 1
477567 0 17 3 1
477568 0 17 3 1
478457 0 17 3 1
478458 0 17 3 1
478459 0 17 3 1
479139 0 17 3 1
537830 1 17 3 1
537876 0 17 3 3
537878 0 17 3 3
154360 1 18 4 1
538242 1 18 3 1
479138 1 18 3 1
479148 1 18 2 1
477803 1 18 2 3
367940 1 18 2 4
178882 1 18 2 1
34824 1 18 2 3
34337 1 18 2 1
478214 1 18 1 3
458862 1 18 1 2
34338 0 18 3 1
34823 0 18 3 3
178883 0 18 3 1
458858 0 18 3 2
458861 0 18 3 2
458863 0 18 3 2
477804 0 18 3 3
478210 0 18 3 3
478211 0 18 3 3
478216 0 18 3 3
479136 0 18 3 1
479139 0 18 3 1
479140 0 18 3 1
479146 0 18 3 1
479149 0 18 3 1
538240 0 18 3 1
538245 0 18 3 1
478364 1 19 3 1
478224 1 19 3 1
538963 1 19 2 1
538830 1 19 2 3
478842 1 19 2 1
478021 1 19 2 1
332079 1 19 2 1
154627 1 19 2 1
33924 1 19 1 1
33925 0 19 3 1
154626 0 19 3 1
154629 0 19 3 1
154630 0 19 3 1
332078 0 19 3 1
332080 0 19 3 1
332081 0 19 3 1
478840 0 19 3 1
478843 0 19 3 1
538961 0 19 3 1
538962 0 19 3 1
538964 0 19 3 1
538965 0 19 3 1
539145 1 20 3 1
537530 1 20 3 1
538239 1 20 2 3
478310 1 20 2 1
333159 1 20 2 3
332720 1 20 1 3
332719 0 20 3 3
333156 0 20 3 3
478225 1 20 3 1
478312 0 20 3 1
537531 0 20 3 1
537532 0 20 3 1
332008 1 21 4 1
284456 1 21 4 2
537699 1 21 3 1
477847 1 21 3 1
477509 1 21 3 3
33927 1 21 3 1
538974 1 21 2 0
538658 1 21 2 3
477802 1 21 2 2
539019 1 21 1 1
538674 1 21 1 1
477799 0 21 3 2
477800 0 21 3 2
477801 0 21 3 2
477804 0 21 3 2
477848 0 21 3 1
477849 0 21 3 1
477850 0 21 3 1
537698 0 21 3 1
537700 0 21 3 1
537702 0 21 3 1
538656 0 21 3 3
539020 0 21 3 1
539022 0 21 3 1
330317 1 22 4 4
539002 1 22 3 1
537855 1 22 3 1
389548 1 22 3 2
154359 1 22 3 1
478107 1 22 2 1
178884 1 22 2 3
177533 1 22 2 1
478852 1 22 1 1
478023 1 22 1 3
33926 1 22 3 1
33928 1 22 3 1
33930 1 22 3 1
154360 0 22 3 1
154361 0 22 3 1
177532 0 22 3 1
178882 0 22 3 3
178883 0 22 3 3
284457 1 22 3 2
332007 1 22 3 1
477505 1 22 3 3
477506 1 22 3 3
477507 1 22 3 3
477508 1 22 3 3
478022 0 22 3 3
478109 0 22 3 1
478854 0 22 3 1
539003 0 22 3 1
154131 0 23 13 4
537740 1 23 3 1
538961 0 23 4 0
478179 1 23 2 1
248890 1 23 2 2
478629 1 23 1 4
537741 0 23 3 1
537742 0 23 3 1
537856 1 23 3 1
538962 0 23 3 1
538963 0 23 3 1
538965 0 23 3 1
538975 1 24 3 2
538959 1 24 3 0
538010 1 24 3 1
266843 1 24 3 3
154887 1 24 3 1
538967 1 24 1 1
538951 1 24 1 1
538901 1 24 1 1
538500 1 24 1 1
154888 0 24 3 1
154889 0 24 3 1
154890 0 24 3 1
266838 0 24 3 3
266840 0 24 3 3
266841 0 24 3 3
266842 0 24 3 3
478181 1 24 3 1
538012 0 24 3 1
538502 0 24 3 1
538902 0 24 3 1
538952 0 24 3 1
538953 0 24 3 1
538962 0 24 3 0
538963 0 24 3 0
538965 0 24 3 0
538966 0 24 3 1
538969 0 24 3 1
538970 0 24 3 1
538971 0 24 3 1
538973 0 24 3 2
538974 0 24 3 2
538976 0 24 3 2
478108 1 25 3 1
287574 1 25 3 3
537813 1 25 2 3
537808 0 25 3 3
478947 1 25 2 1
477768 1 25 2 1
538207 1 25 1 1
333156 1 25 1 1
477769 0 25 3 1
477770 0 25 3 1
478109 0 25 5 1
478110 0 25 3 1
537812 0 25 3 1
537809 0 25 3 3
537811 0 25 3 3
537812 0 25 3 3
538205 0 25 3 1
538206 0 25 3 1
538209 0 25 3 1
538656 1 26 3 1
538011 1 26 3 1
537901 1 26 3 1
430635 1 26 3 3
535532 1 26 2 3
479134 1 26 2 2
332356 1 26 2 1
538696 1 26 1 3
478110 1 26 3 3
478949 1 26 3 1
479133 0 26 3 2
537902 0 26 3 1
538657 0 26 3 1
538658 0 26 3 1
332785 1 27 4 1
538503 1 27 3 3
136749 1 27 3 3
538918 1 27 2 1
538394 1 27 2 1
535693 1 27 2 2
478880 1 27 2 1
478396 1 27 1 1
177535 1 27 1 3
136745 0 27 3 3
136748 0 27 3 3
136750 0 27 3 3
478397 0 27 3 1
478881 0 27 3 1
478883 0 27 3 1
535691 0 27 3 2
535692 0 27 3 2
538012 1 27 3 1
538013 1 27 3 1
538014 1 27 3 1
538395 0 27 3 1
136744 1 28 1 3
136743 0 28 3 3
332784 1 28 3 1
332786 1 28 3 1
332787 1 28 3 1
332788 1 28 3 1
332883 0 29 24 3
478538 1 29 3 1
478309 1 29 3 4
538565 1 29 2 2
537470 1 29 2 4
480307 1 29 2 3
478393 1 29 2 0
477437 1 29 2 1
478719 1 29 1 1
477438 0 29 3 1
477440 0 29 3 1
478394 0 29 3 0
478395 0 29 3 0
478539 0 29 3 1
480306 0 29 3 3
478188 1 30 3 1
259699 1 30 3 2
331995 1 30 2 1
136404 1 30 2 3
537810 1 30 1 1
333324 1 30 1 1
136405 0 30 3 3
331996 0 30 3 1
331997 0 30 3 1
332877 1 30 3 3
332881 1 30 3 3
333325 0 30 3 1
333327 0 30 3 1
333328 0 30 3 1
478308 1 30 3 4
537808 0 30 3 1
537809 0 30 3 1
537811 0 30 3 1
538857 1 31 3 1
538561 1 31 3 4
333424 1 31 3 1
332884 1 31 3 0
478759 1 31 2 1
387200 1 31 1 4
287575 1 31 1 3
287572 0 31 3 3
287574 0 31 3 3
332887 0 31 3 0
333423 0 31 3 1
333426 0 31 3 1
387197 0 31 3 4
478189 1 31 3 1
478190 1 31 3 1
478758 0 31 3 1
478760 0 31 3 1
537519 0 31 3 1
537521 0 31 3 1
537522 0 31 3 1
332157 1 32 3 1
538154 1 32 2 0
333532 1 32 2 1
331870 1 32 2 1
210527 1 32 2 3
430521 1 32 1 3
210526 0 32 3 3
331872 0 32 3 1
331994 0 32 3 3
331995 0 32 3 3
332156 0 32 3 1
332158 0 32 3 1
332159 0 32 3 1
333530 0 32 3 1
333531 0 32 3 1
333534 0 32 3 1
333535 0 32 3 1
538158 0 32 3 0
537518 0 33 5 1
230536 1 33 4 4
538310 1 33 3 3
560450 1 33 2 1
478948 1 33 2 3
477603 1 33 2 1
332877 1 33 2 1
332242 1 33 2 2
331747 1 33 2 1
331746 0 33 3 1
331749 0 33 3 1
332238 0 33 3 2
332239 0 33 3 2
332241 0 33 3 2
332880 0 33 3 1
478946 0 33 3 3
538562 1 34 3 4
538152 1 34 3 2
332980 1 34 3 0
232764 1 34 3 4
538558 1 34 2 1
333507 1 34 2 3
333423 1 34 2 1
333372 1 34 2 1
232763 0 34 3 4
333373 0 34 3 1
333374 0 34 3 1
333424 0 34 3 1
333426 0 34 3 1
333427 0 34 3 1
333508 0 34 3 3
537519 1 34 4 1
537520 1 34 3 1
538153 0 34 3 2
538556 0 34 3 1
538557 0 34 3 1
538559 0 34 3 1
538569 1 35 3 1
538885 1 35 2 1
479005 1 35 2 1
331787 1 35 2 1
287573 1 35 2 1
287574 0 35 3 1
331786 0 35 3 1
331789 0 35 3 1
332979 1 35 3 0
332981 1 35 3 0
332982 1 35 3 0
479006 0 35 3 1
479007 0 35 3 1
537521 0 35 3 1
537522 0 35 3 1
538884 0 35 3 1
538886 0 35 3 1
538490 1 36 3 1
538244 1 36 3 3
538146 1 36 2 1
538563 1 36 1 0
538145 0 36 3 1
538147 0 36 3 1
538149 0 36 3 1
538150 0 36 3 1
538241 0 36 3 3
538242 0 36 3 3
538243 0 36 3 3
538488 0 36 3 1
538491 0 36 3 1
538556 0 36 3 3
538557 0 36 3 3
538560 0 36 3 3
538564 0 36 3 0
538565 0 36 3 0
287937 1 37 4 4
332032 1 37 3 1
136746 1 37 3 1
538303 1 37 2 3
137427 1 37 2 1
477602 1 37 1 1
333533 1 37 1 1
136745 0 37 3 1
136748 0 37 3 1
136749 0 37 3 1
136750 0 37 3 1
137426 0 37 3 1
137428 0 37 3 1
137429 0 37 3 1
332033 0 37 3 1
333530 0 37 3 1
333531 0 37 3 1
333534 0 37 3 1
538886 1 38 3 3
537491 1 38 2 1
364722 1 38 2 3
332693 1 38 2 3
331732 1 38 2 1
184686 1 38 2 3
184682 0 38 3 3
184684 0 38 3 3
331733 0 38 3 1
331734 0 38 3 1
537492 0 38 3 1
538300 1 38 3 3
538301 1 38 3 3
538302 1 38 3 3
538885 0 38 3 3
537536 1 39 3 3
332484 1 39 3 1
538245 1 39 2 3
396742 1 39 2 2
137552 1 39 2 1
137428 0 39 3 3
137550 0 39 3 1
137554 0 39 3 1
396743 0 39 3 2
538240 0 39 3 3
538241 0 39 3 3
538244 0 39 3 3
538112 1 40 3 4
363522 1 40 3 1
137228 1 40 3 4
538564 1 40 2 2
365054 1 40 2 3
538412 1 40 1 2
332487 1 40 3 1
365053 0 40 3 3
537535 1 40 3 3
538414 0 40 3 2
331725 1 41 3 1
538496 1 41 2 1
332082 1 41 2 4
404081 1 41 1 3
363526 1 41 1 3
363525 0 41 3 3
404080 0 41 3 3
538498 0 41 3 1
136745 1 42 3 1
538198 1 42 2 1
537521 1 42 2 3
363907 1 42 2 1
88412 1 42 2 3
88413 0 42 3 3
136746 0 42 3 1
136748 0 42 3 1
136749 0 42 3 1
331724 1 42 3 1
363908 0 42 3 1
363911 0 42 3 1
363912 0 42 3 1
537519 0 42 3 3
537520 0 42 3 3
538197 0 42 3 1
538199 0 42 3 1
332086 1 43 2 1
331894 1 43 2 3
332087 0 43 3 1
537646 1 44 2 1
332786 1 44 2 1
88411 1 44 2 3
74691 1 44 2 3
74688 0 44 3 3
332785 0 44 3 1
332787 0 44 3 1
332788 0 44 3 1
537645 0 44 3 1
472040 1 45 3 3
333435 1 45 3 1
333437 0 45 3 1
333438 0 45 3 1
472036 0 45 3 3
472037 0 45 3 3
472038 0 45 3 3
538983 0 45 3 0
332083 1 46 3 0
545114 1 46 2 2
538223 1 46 2 3
332201 1 46 2 1
332086 0 46 3 0
332087 0 46 3 0
332089 0 46 3 0
332202 0 46 4 1
332203 0 46 3 1
332204 0 46 3 1
538220 0 46 3 3
538221 0 46 3 3
538222 0 46 3 3
538709 1 47 4 1
172780 1 47 3 3
172777 0 47 3 3
172779 0 47 3 3
545112 1 48 3 2
538858 1 48 3 1
333443 1 48 3 0
74692 1 48 2 3
537649 1 48 1 3
518111 1 48 1 3
74687 0 48 3 3
74688 0 48 3 3
74691 0 48 3 3
333444 0 48 3 0
333445 0 48 3 0
537646 0 48 3 3
537648 0 48 3 3
538707 1 48 3 1
545114 0 48 3 2
332858 1 49 3 1
538859 1 49 3 1
332859 1 50 3 1
538855 1 51 3 3
44656 1 51 1 0
44657 0 51 3 0
74687 1 51 3 1
74690 1 51 3 1
74692 1 51 3 1
538856 0 51 3 3
332594 1 52 3 1
539024 1 52 2 1
538650 1 52 2 1
333436 1 52 2 1
44939 1 52 2 3
44935 0 52 3 3
332597 0 52 3 1
538651 0 52 3 1
538652 0 52 3 1
539023 0 52 3 1
539026 0 52 3 1
537565 1 53 2 3
518110 1 53 2 3
329038 1 53 2 1
273283 1 53 2 3
100251 1 53 2 3
100252 0 53 3 3
333435 1 53 3 1
333438 1 53 3 1
518111 0 53 3 3
44933 1 54 3 3
273282 1 54 2 3
539024 0 54 3 1
539026 0 54 3 1
538648 1 55 3 3
251615 1 55 2 3
220077 1 55 1 2
220076 0 55 3 2
220078 0 55 3 2
251612 0 55 3 3
273283 1 55 3 3
539083 1 56 2 1
332598 1 56 2 1
270171 1 56 2 3
270169 0 56 3 3
270170 0 56 3 3
332599 0 56 3 1
539086 0 56 3 1
539068 1 57 3 1
539069 0 57 3 1
539071 0 57 3 1
538688 1 58 4 1
538689 1 59 3 1
538690 1 59 3 1
538629 1 60 3 1
538336 1 60 1 1
538334 0 60 3 1
538630 0 60 3 1
538631 0 60 3 1
537895 1 61 2 4
537799 1 61 2 4
537894 0 61 3 4
537896 0 61 3 4
538850 1 63 3 1
538628 0 63 4 1
538627 0 63 3 1
538631 0 63 3 1
538629 0 64 3 1
538430 1 66 2 3
538422 1 68 2 0
538423 0 68 3 0
538425 0 68 3 0
538097 1 69 2 1
537608 1 69 2 3
537607 0 69 5 3
538236 1 71 3 1
537866 1 71 3 0
537706 1 71 2 1
538237 0 71 3 1
537779 1 72 3 1
537782 0 72 3 1
537868 1 72 3 0
537869 1 72 3 0
538408 1 73 2 3
538405 0 73 3 3
538406 0 73 3 3
538407 0 73 3 3
538713 0 74 5 3
537867 1 74 4 3
537868 0 74 4 0
538715 1 76 2 3
538712 0 76 3 3
538714 0 76 3 3
34223 1 78 4 3
537707 1 78 2 1
537703 0 78 3 1
537704 0 78 3 1
537705 0 78 3 1
537706 0 78 3 1
537708 0 78 3 1
537709 0 78 3 1
34224 1 79 3 3
537707 0 80 3 1
537708 0 80 3 1
538206 1 81 3 1
538208 0 81 3 1
538209 0 81 3 1
537713 1 82 2 4
538197 1 84 3 1
538199 0 84 3 1
538592 1 87 4 1
538593 1 88 3 1
538596 1 88 3 1
538596 1 95 2 3
538592 1 96 3 3
538594 1 96 3 3
