12988 0 6 6 2 1
34722 0 6 6 3 0
34858 0 6 6 1 0
147625 1 4 6 3 0
155651 0 6 6 4 1
156528 0 6 6 2 1
228408 0 6 6 3 0
229070 1 3 6 3 0
261085 0 6 6 3 0
277067 1 3 6 4 1
317846 1 3 6 4 0
332366 0 6 6 4 0
332881 0 6 6 1 1
411869 0 6 6 3 0
457051 1 3 6 3 0
478644 1 4 6 1 0
511136 0 6 6 3 0
517124 0 6 6 3 0
538537 0 6 6 1 0
557883 0 6 6 3 0
332880 0 6 8 1 0
333111 1 3 8 1 0
34532 0 6 9 1 0
34698 1 5 9 1 0
179242 1 2 9 2 0
229067 1 3 9 2 0
477537 1 2 9 1 0
478643 1 5 9 1 0
478738 1 4 9 1 0
11985 0 6 10 3 0
33516 1 3 10 1 0
34857 0 6 10 0 0
228409 0 6 10 4 0
277066 0 6 10 4 0
457050 0 6 10 3 0
457860 0 6 10 1 0
477442 1 5 10 1 0
511137 0 6 10 3 1
537636 1 3 10 1 0
1728 1 2 11 2 0
199976 1 3 11 3 0
34701 0 6 12 3 1
34859 0 6 12 1 0
331821 0 6 12 1 0
332995 0 6 12 1 0
333113 1 3 12 3 0
333115 1 4 12 3 0
477443 0 6 12 1 0
477843 1 2 12 1 1
478115 1 3 12 1 0
478739 0 6 12 1 0
478973 1 2 12 1 0
33816 0 6 13 1 1
35280 1 4 13 1 0
179236 0 6 13 1 0
199858 1 4 13 3 0
199971 1 2 13 2 0
333114 1 2 13 3 0
457595 0 6 13 1 0
459693 1 4 13 3 0
33518 1 5 14 3 1
34699 0 6 14 1 0
37662 0 6 14 3 0
178717 1 3 14 1 0
478741 0 6 14 3 0
537633 0 6 14 1 0
538609 0 6 14 1 0
331826 0 6 15 1 0
457597 0 6 15 3 1
459692 1 3 15 3 0
477842 1 3 15 1 0
478111 1 4 15 3 0
478118 0 6 15 3 0
478968 1 4 15 1 0
538908 1 3 15 1 0
33517 0 6 16 3 0
154631 1 2 16 3 0
179389 0 6 16 1 0
257278 1 3 16 3 0
458860 0 6 16 1 0
477588 1 4 16 1 0
477720 0 6 16 1 0
478117 1 3 16 3 0
478967 1 4 16 1 0
537877 0 6 16 1 0
34798 1 4 17 1 0
367253 0 6 17 3 1
448281 1 3 17 3 0
458707 0 6 17 4 0
477973 0 6 17 1 0
537631 0 6 17 1 0
537632 0 6 17 1 0
537687 0 6 17 1 0
537876 1 4 17 1 0
538276 0 6 17 1 0
179155 1 3 18 1 0
197419 0 6 18 3 0
331827 0 6 18 3 0
332716 1 4 18 1 0
367941 0 6 18 3 0
477659 0 6 18 3 0
477761 0 6 18 4 1
477996 0 6 18 1 0
478123 0 6 18 2 0
478210 0 6 18 1 1
478456 1 2 18 1 0
478749 0 6 18 1 0
537686 1 3 18 1 0
538608 1 4 18 1 0
333157 0 6 19 1 0
458862 1 2 19 2 0
477457 1 4 19 1 1
477565 1 3 19 1 1
477705 1 4 19 1 0
477721 0 6 19 2 1
477801 1 4 19 1 0
478214 1 2 19 3 0
478458 0 6 19 1 0
478459 0 6 19 3 0
538233 1 4 19 1 0
538655 0 6 19 1 0
538909 1 3 19 1 0
33924 1 2 20 1 0
34203 0 6 20 3 0
34337 1 3 20 1 0
34824 1 3 20 3 1
178716 1 5 20 0 0
178882 1 3 20 1 0
367940 1 3 20 4 1
477660 0 6 20 3 0
477803 1 3 20 3 0
478457 0 6 20 1 0
479137 1 4 20 1 0
479148 1 3 20 1 0
479182 0 6 20 1 0
537829 1 5 20 1 0
537879 1 4 20 3 0
538240 0 6 20 1 0
538968 0 6 20 1 0
539122 0 6 20 1 0
154627 1 3 21 1 0
284457 0 6 21 2 1
332079 1 3 21 1 0
332720 1 2 21 3 0
458861 0 6 21 1 0
477719 0 6 21 0 1
478021 1 3 21 1 0
478104 0 6 21 1 0
478842 1 3 21 1 0
478887 0 6 21 1 0
478971 0 6 21 3 0
479138 1 4 21 1 0
538235 0 6 21 3 0
538242 1 4 21 1 0
538275 0 6 21 1 0
538830 1 3 21 3 0
538893 0 6 21 1 0
538963 1 3 21 1 0
154360 1 5 22 1 0
157475 0 6 22 2 1
332718 0 6 22 3 1
333159 1 3 22 3 0
477507 0 6 22 1 0
478176 0 6 22 1 0
478224 1 4 22 1 0
478310 1 3 22 1 0
478364 1 4 22 1 0
537801 0 6 22 1 0
537824 0 6 22 1 0
538027 0 6 22 3 0
538239 1 3 22 3 1
538274 0 6 22 1 0
538674 1 2 22 1 0
538889 0 6 22 3 0
539019 1 2 22 1 0
34737 0 6 23 3 0
153523 0 6 23 1 0
477458 0 6 23 1 0
477459 0 6 23 3 0
477802 1 3 23 2 0
478023 1 2 23 3 0
478852 1 2 23 1 0
479136 0 6 23 1 0
479143 0 6 23 3 0
537530 1 4 23 1 1
537875 0 6 23 0 0
538272 0 6 23 3 0
538658 1 3 23 3 0
538974 1 3 23 0 0
539145 1 4 23 1 0
6458 0 6 24 3 0
33927 1 4 24 1 0
177533 1 3 24 1 0
178884 1 3 24 3 0
477509 1 4 24 3 0
477724 0 6 24 3 0
477847 1 4 24 1 0
478107 1 3 24 1 0
478215 0 6 24 3 1
478618 0 6 24 4 0
478629 1 2 24 4 1
537699 1 4 24 1 1
538012 0 6 24 1 0
538241 0 6 24 1 0
538283 0 6 24 0 0
538952 0 6 24 1 0
538960 0 6 24 1 0
154359 1 4 25 1 0
154626 0 6 25 0 0
154630 0 6 25 3 0
248890 1 3 25 2 0
284456 1 5 25 2 0
332008 1 5 25 1 0
332078 0 6 25 0 0
332699 0 6 25 1 0
389548 1 4 25 2 1
477569 0 6 25 4 0
478022 1 2 25 3 1
478179 1 3 25 1 0
478892 0 6 25 4 1
537809 0 6 25 1 0
537855 1 4 25 1 1
538280 0 6 25 2 0
538391 0 6 25 2 0
538500 1 2 25 1 0
538671 0 6 25 4 0
538695 0 6 25 1 0
538790 0 6 25 1 0
538901 1 2 25 1 0
538951 1 2 25 1 0
538961 1 3 25 1 0
538965 0 6 25 3 0
538967 1 2 25 1 0
539002 1 4 25 1 0
154423 0 6 26 4 1
330317 1 5 26 4 0
333156 1 2 26 1 0
409362 0 6 26 2 0
478311 0 6 26 1 0
478312 0 6 26 1 0
478888 0 6 26 3 0
478889 0 6 26 3 0
537681 0 6 26 3 0
537740 1 4 26 1 0
538207 1 2 26 1 0
59466 0 6 27 2 0
154887 1 4 27 1 0
266843 1 4 27 3 0
477462 0 6 27 4 0
477606 0 6 27 4 0
477768 1 3 27 1 0
477799 0 6 27 1 0
478947 1 3 27 1 0
537808 1 3 27 1 1
537813 1 3 27 3 0
538010 1 4 27 1 0
538061 0 6 27 1 1
538071 0 6 27 1 0
538696 1 2 27 3 1
538900 0 6 27 1 0
538959 1 4 27 0 0
538975 1 4 27 2 0
538976 0 6 27 3 0
177535 1 2 28 3 0
287574 1 4 28 3 0
331714 0 6 28 1 0
332007 0 6 28 1 1
332356 1 3 28 1 0
477506 0 6 28 1 0
478108 1 4 28 1 0
478109 1 4 28 3 0
478225 0 6 28 1 0
478396 1 2 28 1 0
479134 1 3 28 2 0
535532 1 3 28 3 0
537502 0 6 28 1 0
537583 0 6 28 1 0
538155 0 6 28 1 0
538861 0 6 28 1 0
538954 0 6 28 3 0
136744 1 2 29 3 0
430635 1 4 29 3 1
478211 0 6 29 1 0
478742 0 6 29 1 0
478880 1 3 29 1 0
535693 1 3 29 2 0
537901 1 4 29 1 0
538011 1 4 29 1 0
538157 0 6 29 3 0
538265 0 6 29 1 0
538394 1 3 29 1 0
538656 1 4 29 1 1
538869 0 6 29 1 0
538918 1 3 29 1 0
539039 0 6 29 0 0
136749 1 4 30 3 1
332879 0 6 30 1 0
387198 0 6 30 3 0
477952 0 6 30 1 0
478166 0 6 30 1 0
478719 1 2 30 1 0
478755 0 6 30 1 0
479132 0 6 30 2 0
535032 0 6 30 3 0
538096 0 6 30 1 0
538132 0 6 30 1 0
538144 0 6 30 0 0
538503 1 4 30 3 0
331891 0 6 31 1 0
332785 1 5 31 1 0
332878 0 6 31 1 0
333324 1 2 31 1 0
477437 1 3 31 1 0
477968 0 6 31 1 0
478393 1 3 31 0 0
478926 0 6 31 1 0
479021 0 6 31 1 0
479399 0 6 31 3 0
480307 1 3 31 3 0
535717 0 6 31 4 0
537470 1 3 31 4 1
537810 1 2 31 1 0
538565 1 3 31 2 0
136404 1 3 32 3 0
154889 0 6 32 1 0
287575 1 2 32 3 0
331696 0 6 32 1 1
331871 0 6 32 1 0
331995 1 3 32 1 0
332882 0 6 32 3 0
387200 1 2 32 4 1
478212 0 6 32 1 0
478309 1 4 32 4 1
478538 1 4 32 1 0
478946 0 6 32 0 0
537920 0 6 32 4 0
538270 0 6 32 1 0
560122 0 6 32 3 0
136750 0 6 33 3 0
259699 1 4 33 2 1
332958 0 6 33 1 0
386979 0 6 33 2 0
430521 1 2 33 3 0
477887 0 6 33 1 0
478188 1 4 33 1 0
478759 1 3 33 1 0
479056 0 6 33 1 0
537520 0 6 33 1 0
538013 0 6 33 1 0
538264 0 6 33 1 0
560248 0 6 33 4 1
560566 0 6 33 3 0
210527 1 3 34 3 0
331695 0 6 34 1 0
331870 1 3 34 1 0
331997 1 3 34 3 0
332256 0 6 34 1 0
332292 0 6 34 3 0
332884 1 4 34 0 0
333424 1 4 34 1 1
333532 1 3 34 1 0
538154 1 3 34 0 0
538263 0 6 34 0 0
538561 1 4 34 4 1
538857 1 4 34 1 0
232768 0 6 35 3 0
331747 1 3 35 1 0
331890 0 6 35 1 0
332157 1 4 35 1 0
332242 1 3 35 2 0
332877 1 3 35 1 0
333097 0 6 35 1 0
477603 1 3 35 1 0
478189 0 6 35 1 0
478948 1 3 35 3 0
537469 0 6 35 3 1
538145 0 6 35 1 0
560450 1 3 35 1 0
333372 1 3 36 1 0
333423 1 3 36 1 0
333507 1 3 36 3 0
333534 0 6 36 3 1
526383 0 6 36 3 0
538310 1 4 36 3 0
538558 1 3 36 1 0
136747 0 6 37 1 0
230536 1 5 37 4 0
232764 1 4 37 4 0
287573 1 3 37 1 0
331787 1 3 37 1 0
332323 0 6 37 2 0
332453 0 6 37 1 0
332980 1 4 37 0 0
333210 0 6 37 1 0
479005 1 3 37 1 0
537518 1 5 37 1 0
538152 1 4 37 2 0
538266 0 6 37 3 0
538504 0 6 37 1 0
538562 1 4 37 4 0
538563 1 2 37 0 0
538568 0 6 37 1 0
538885 1 3 37 1 0
331794 0 6 38 3 0
333375 0 6 38 3 0
333461 0 6 38 2 0
333533 1 2 38 1 0
477602 1 2 38 1 0
537519 1 4 38 1 0
538041 0 6 38 2 0
538146 1 3 38 1 0
538148 0 6 38 2 0
538150 0 6 38 3 0
538569 1 4 38 1 0
538632 0 6 38 4 0
137427 1 3 39 1 0
331749 0 6 39 3 0
331786 0 6 39 1 0
478943 0 6 39 3 0
537535 0 6 39 1 0
537700 0 6 39 1 0
538244 1 4 39 3 1
538303 1 3 39 3 1
538490 1 4 39 1 0
538559 1 4 39 3 1
136746 1 4 40 1 0
184686 1 3 40 3 1
331732 1 3 40 1 0
332032 1 4 40 1 0
332566 0 6 40 1 0
332693 1 3 40 3 0
332979 1 4 40 0 0
333298 0 6 40 1 0
364722 1 3 40 3 0
449484 0 6 40 3 0
537491 1 3 40 1 0
538149 0 6 40 3 0
538509 0 6 40 3 0
538556 0 6 40 0 0
538557 0 6 40 0 0
538560 0 6 40 3 0
538571 0 6 40 3 0
137429 1 3 41 3 0
137552 1 3 41 1 0
287572 0 6 41 0 0
287937 1 5 41 4 0
332952 0 6 41 3 0
396742 1 3 41 2 1
538245 1 3 41 3 0
538412 1 2 41 2 0
538497 0 6 41 1 0
538570 0 6 41 3 0
538886 1 4 41 3 1
44940 0 6 42 3 0
75068 0 6 42 3 1
331789 0 6 42 3 1
332484 1 4 42 1 0
333531 0 6 42 1 0
363526 1 2 42 3 0
365054 1 3 42 3 0
404081 1 2 42 3 0
463742 0 6 42 2 0
537536 1 4 42 3 0
537698 0 6 42 1 0
537851 0 6 42 1 0
538147 0 6 42 1 0
538564 1 3 42 2 1
136748 0 6 43 1 0
137228 1 4 43 4 1
332082 1 3 43 4 1
363522 1 4 43 1 0
477597 0 6 43 4 0
538112 1 4 43 4 1
538496 1 3 43 1 0
44936 0 6 44 1 0
88412 1 3 44 3 0
137428 0 6 44 3 0
150309 0 6 44 3 0
331725 1 4 44 1 0
332114 0 6 44 1 0
332576 0 6 44 3 0
363907 1 3 44 1 0
469244 0 6 44 3 0
537521 1 3 44 3 0
537587 0 6 44 3 0
538198 1 3 44 1 0
136745 1 4 45 1 0
239190 0 6 45 3 0
331894 1 3 45 3 0
332086 1 3 45 1 0
490047 0 6 45 3 0
537461 0 6 45 1 0
537743 0 6 45 1 0
537943 0 6 45 1 0
74691 1 3 46 3 0
88411 1 3 46 3 0
115648 0 6 46 3 0
332786 1 3 46 1 0
537646 1 3 46 1 0
538834 0 6 46 1 0
538884 0 6 46 1 0
44934 0 6 47 3 0
52269 0 6 47 3 0
87946 0 6 47 4 0
332203 0 6 47 1 0
538835 0 6 47 2 0
73714 0 6 48 3 0
332201 1 3 48 1 0
333435 1 4 48 1 0
363908 0 6 48 1 0
363909 0 6 48 2 0
472040 1 4 48 3 0
537463 0 6 48 3 0
538223 1 3 48 3 1
538312 0 6 48 1 0
538962 0 6 48 1 0
538982 0 6 48 0 1
545114 1 3 48 2 0
44935 0 6 49 0 0
332083 1 4 49 0 0
332087 0 6 49 2 0
332202 1 3 49 1 0
518111 1 2 49 3 0
537649 1 2 49 3 0
538833 0 6 49 0 1
74692 1 3 50 3 0
172780 1 4 50 3 0
332922 0 6 50 1 0
537585 0 6 50 3 1
537647 0 6 50 1 0
538798 0 6 50 4 0
273287 0 6 51 3 1
331989 0 6 51 4 0
333443 1 4 51 0 0
518108 0 6 51 3 0
535589 0 6 51 3 0
538222 0 6 51 2 0
538709 1 5 51 1 0
538858 1 4 51 1 0
545112 1 4 51 2 0
44656 1 2 52 0 0
332092 0 6 52 4 1
332858 1 4 52 1 1
375568 0 6 52 3 0
537830 0 6 52 1 0
538249 0 6 52 1 0
43605 0 6 54 3 0
44939 1 3 54 3 0
74688 1 5 54 1 0
122113 0 6 54 3 0
329036 0 6 54 3 0
333434 0 6 54 1 0
333436 1 3 54 1 0
535590 0 6 54 3 0
538650 1 3 54 1 0
538855 1 4 54 3 0
539024 1 3 54 1 0
100251 1 3 55 3 0
273283 1 3 55 3 0
329038 1 3 55 1 0
332594 1 4 55 1 0
518110 1 3 55 3 0
537565 1 3 55 3 0
539044 0 6 55 1 0
220077 1 2 56 2 0
273282 1 3 56 3 1
537938 0 6 56 1 0
44933 1 4 57 3 0
251615 1 3 57 3 0
538324 0 6 57 4 1
538647 0 6 57 1 0
539023 1 4 57 1 0
539025 0 6 57 3 0
270171 1 3 58 3 0
332598 1 3 58 1 0
538648 1 4 58 3 0
539069 1 2 58 1 0
539083 1 3 58 1 0
539135 0 6 58 1 0
340371 0 6 59 3 0
273279 0 6 60 0 0
332592 0 6 60 0 0
537852 0 6 60 2 0
538180 0 6 60 4 0
539068 1 4 60 1 0
539086 0 6 60 3 0
539134 0 6 60 1 0
220074 0 6 61 3 0
537891 0 6 61 1 0
538336 1 2 61 1 0
537679 0 6 62 1 0
538688 1 5 62 1 0
539070 0 6 62 3 0
539073 0 6 62 1 0
539075 0 6 62 3 0
537799 1 3 63 4 0
537895 1 3 63 4 1
538629 1 4 63 1 0
272112 0 6 64 0 1
332593 0 6 64 0 0
537892 0 6 64 3 1
538423 0 6 64 1 0
539085 0 6 64 3 0
220073 0 6 65 3 0
538627 1 2 65 1 0
538677 0 6 65 1 0
537842 0 6 66 1 0
537999 0 6 66 4 1
538628 1 4 66 1 0
538850 1 4 66 1 0
539149 0 6 67 1 0
538430 1 3 68 3 0
538789 0 6 68 1 0
538851 0 6 68 1 0
539126 0 6 68 3 0
537935 0 6 70 3 0
538422 1 3 70 0 0
538484 0 6 70 1 0
537608 1 3 71 3 0
537746 0 6 71 4 0
538097 1 3 71 1 0
537607 1 4 72 1 0
537706 1 3 73 1 0
537866 1 4 74 0 0
538236 1 4 74 1 0
538712 0 6 74 1 0
537779 1 4 75 1 0
538408 1 3 75 3 0
538714 0 6 75 3 0
538098 0 6 76 3 0
537704 0 6 77 0 0
537867 1 4 77 0 0
538713 1 4 77 1 0
35273 0 6 78 3 0
537869 1 5 78 3 0
538715 1 3 78 3 0
537466 0 6 79 0 0
537703 0 6 79 0 0
537707 1 3 80 1 0
537773 0 6 81 0 0
537780 0 6 81 1 0
34223 1 5 82 3 0
537705 1 3 82 1 0
538460 0 6 82 1 0
443020 0 6 84 3 0
537663 0 6 84 1 0
537713 1 3 84 4 1
537903 0 6 84 3 0
538206 1 4 84 1 0
369164 0 6 87 3 0
538075 0 6 87 1 0
538197 1 4 87 1 0
538459 0 6 87 0 0
538594 0 6 88 1 0
538985 0 6 89 4 0
539168 0 6 89 1 0
538592 1 5 91 1 0
538595 0 6 95 3 0
538596 1 3 97 3 0
480694 0 6 98 3 0
480693 0 6 103 1 0
