464576 1 2 4 1
473490 1 3 3 3
367797 1 3 3 1
283621 1 3 3 3
23019 1 3 3 2
23020 0 3 3 2
390030 0 3 3 3
390031 0 3 3 3
390032 0 3 3 3
464577 1 3 3 1
473491 0 3 3 3
471824 1 4 2 1
163600 1 4 2 3
367798 1 4 3 1
471823 0 4 3 1
471825 0 4 3 1
471826 0 4 3 1
460520 1 5 4 1
461111 1 5 2 1
461112 0 5 3 1
478001 1 6 3 1
460522 1 6 3 1
478002 0 6 3 1
478003 0 6 3 1
536437 1 7 2 1
392223 1 7 2 3
163598 1 7 2 0
163599 0 7 3 0
163600 0 7 3 0
392222 0 7 3 3
536436 0 7 3 1
460082 1 8 3 1
346168 1 8 3 3
459528 0 8 4 1
459523 1 8 2 1
347443 1 8 2 1
347347 1 8 1 1
346165 0 8 3 3
346166 0 8 3 3
347344 0 8 3 1
347345 0 8 3 1
347348 0 8 3 1
347442 0 8 3 1
459522 0 8 3 3
459527 0 8 3 3
460083 0 8 3 1
459524 1 9 3 1
459527 0 9 3 1
347959 1 10 4 1
459230 1 10 3 1
381683 1 10 3 3
304782 1 10 1 3
381682 0 10 3 3
381685 0 10 3 3
346172 1 11 3 1
349808 1 11 2 2
346169 0 11 3 1
346170 0 11 3 1
346173 0 11 3 1
347956 1 11 3 1
347957 1 11 3 1
347958 1 11 3 1
347960 1 11 3 1
349807 0 11 3 2
459231 1 11 3 1
521612 1 12 3 3
459525 1 12 2 1
347440 1 12 2 3
347188 1 12 2 1
347189 0 12 3 1
347439 0 12 3 3
459523 0 12 3 1
459524 0 12 3 1
459527 0 12 3 1
347150 1 13 3 1
460732 1 13 1 1
246157 1 13 1 2
460733 0 13 3 1
460734 0 13 3 1
470238 1 14 2 0
347151 1 14 3 1
347154 1 14 3 1
470241 0 14 3 0
347960 0 15 4 0
347009 1 15 2 1
470915 1 15 1 0
347010 0 15 3 1
347011 0 15 3 1
347958 0 15 3 1
470916 0 15 3 0
347962 0 16 4 3
346034 1 16 3 3
471787 1 16 2 0
245975 1 16 2 3
347956 1 16 1 0
245973 0 16 3 3
245976 0 16 3 3
347957 0 16 3 0
347958 0 16 3 0
347959 0 16 3 0
471786 0 16 3 0
471788 0 16 3 0
471789 0 16 3 0
347288 1 17 3 1
460662 1 17 2 1
460473 1 17 2 1
381685 1 17 2 3
347961 1 17 2 3
347152 1 17 1 2
347149 0 17 3 2
347153 0 17 3 2
347154 0 17 3 2
347956 0 17 3 3
347957 0 17 3 3
347960 0 17 3 3
460469 0 17 3 1
460470 0 17 3 1
460471 0 17 3 1
460472 0 17 3 1
460474 0 17 3 1
460108 1 18 4 1
347289 1 18 3 1
347291 1 18 3 1
347292 1 18 3 1
347293 1 18 3 1
347294 1 18 3 1
460444 1 19 3 3
346818 1 19 3 1
460464 1 19 2 1
346819 0 19 3 1
346821 0 19 3 1
460109 1 19 3 1
460110 1 19 3 1
460111 1 19 3 1
460442 0 19 3 3
460445 0 19 3 3
460463 0 19 3 1
460465 0 19 3 1
460466 0 19 3 1
460382 1 20 3 1
347474 1 20 2 0
347023 0 20 3 1
347025 0 20 3 0
346174 1 20 1 3
346169 0 20 3 3
347024 0 20 3 0
347026 0 20 3 0
347024 0 20 3 1
347026 0 20 3 1
347027 0 20 3 1
347475 0 20 3 0
459108 0 20 3 1
460380 0 20 3 1
460384 0 20 3 1
507482 1 22 3 3
347655 1 22 3 4
347950 1 22 1 3
347656 0 22 3 4
347948 0 22 3 3
347949 0 22 3 3
507479 0 22 3 3
507480 0 22 3 3
507481 0 22 3 3
459880 1 23 3 0
346819 1 23 3 1
459930 1 23 2 4
346820 0 23 3 1
347024 1 24 4 1
346033 1 24 1 2
346034 0 24 3 2
459881 1 24 3 0
459885 1 24 3 0
346821 1 25 2 3
347023 1 25 3 1
347025 1 25 3 1
347027 1 25 3 1
460085 1 26 1 3
460081 0 26 3 3
460084 0 26 3 3
459883 1 27 3 3
346820 1 27 3 3
346819 0 27 3 3
459884 0 27 3 3
459370 1 30 2 3
347344 1 30 1 1
347345 0 30 3 1
347349 0 30 3 1
347350 0 30 3 1
347290 1 33 2 1
347292 0 33 3 1
459137 1 34 2 0
459139 0 34 3 0
459182 0 34 3 3
459593 1 36 2 4
459189 1 36 2 3
346582 1 39 2 1
347637 1 40 2 1
346584 1 40 3 1
347639 0 40 3 1
347201 1 41 2 1
347204 0 41 3 1
347205 0 41 3 1
347256 1 42 2 2
347252 0 42 3 2
347253 0 42 3 2
347254 0 42 3 2
347255 0 42 3 2
347258 0 42 3 2
347629 1 43 3 4
346581 1 43 2 1
346582 0 43 3 1
346583 0 43 3 1
346584 0 43 3 1
347252 1 45 3 0
347256 0 45 3 0
347258 0 45 3 0
346222 1 46 3 3
346025 1 46 3 1
346028 0 46 3 1
347255 1 47 3 1
347185 1 47 2 1
347021 1 47 2 1
346284 1 47 2 0
346286 0 47 3 0
346288 0 47 3 0
346289 0 47 3 0
347020 0 47 3 1
347022 0 47 3 1
347257 0 47 3 1
346583 1 49 2 3
346466 1 50 3 4
346464 0 50 3 4
346581 1 50 3 3
346582 1 50 3 3
346584 1 50 3 3
347640 1 51 3 1
347257 1 51 2 2
346436 1 51 2 1
346465 1 51 1 4
347252 0 51 3 2
347254 0 51 3 2
347255 0 51 3 2
347641 0 51 3 1
347643 0 51 3 1
346159 1 52 3 1
347995 1 52 2 1
346227 1 52 1 1
346230 0 52 3 1
347997 0 52 3 1
347636 1 53 4 1
346854 1 53 2 3
346495 1 53 1 1
346496 0 53 3 1
346497 0 53 3 1
347263 1 54 2 4
347022 1 54 1 3
347020 0 54 3 3
347021 0 54 3 3
347638 1 54 3 1
347639 1 54 3 1
346435 1 56 2 1
346295 1 56 2 3
346161 1 56 1 2
346290 0 56 3 3
346291 0 56 3 3
346293 0 56 3 3
346296 0 56 3 3
346437 0 56 3 1
346438 0 56 3 1
347082 1 57 3 1
46116 1 57 3 3
348007 1 57 2 3
347591 1 57 2 1
346320 1 57 2 1
346160 1 57 1 3
346321 0 57 3 1
347590 0 57 3 1
347592 0 57 3 1
348006 0 57 3 3
346529 1 58 4 1
347624 1 58 3 1
346101 1 58 3 1
347334 1 58 2 4
347261 1 58 2 2
346736 1 58 2 1
347748 1 58 1 2
346047 1 58 1 1
346099 0 58 3 1
346102 0 58 3 1
346735 0 58 3 1
346738 0 58 3 1
346739 0 58 3 1
347084 1 58 3 1
347625 0 58 3 1
347626 0 58 3 1
347747 0 58 3 2
347750 0 58 3 2
346210 1 59 3 1
345992 1 59 3 1
422483 1 59 2 3
346209 0 59 3 1
346213 0 59 3 1
346528 1 59 3 1
346585 1 60 4 1
347867 0 60 3 2
345991 1 60 3 1
345994 1 60 3 1
347865 0 60 5 4
347866 0 60 3 4
346875 1 61 3 1
346813 1 61 1 1
346586 1 61 3 1
346812 0 61 3 1
346815 0 61 3 1
346528 1 62 1 1
346874 1 62 3 1
346876 1 62 3 1
46113 1 63 3 1
346444 1 63 2 1
347850 1 63 1 1
346550 1 63 1 1
346099 1 63 1 1
346101 0 63 3 1
346102 0 63 3 1
346551 0 63 3 1
346552 0 63 3 1
346553 0 63 3 1
346813 0 63 3 1
346814 0 63 3 1
346815 0 63 3 1
347849 0 63 3 1
347851 0 63 3 1
346530 1 64 4 3
46015 1 64 3 1
346649 1 64 1 1
346651 0 64 3 1
346652 0 64 3 1
346653 0 64 3 1
346964 1 65 2 1
46081 0 65 4 1
46013 1 65 3 1
46014 1 65 3 1
46016 1 65 3 1
46017 1 65 4 1
46084 0 65 3 1
346965 0 65 3 1
347394 1 66 3 0
346487 1 66 3 1
47257 1 66 3 1
346211 1 66 2 1
47749 1 66 2 1
46083 1 66 2 1
347844 1 66 1 1
46085 0 66 3 1
47256 0 66 3 1
47750 0 66 3 1
346210 0 66 3 1
346212 0 66 3 1
346213 0 66 3 1
346486 0 66 3 1
346488 0 66 3 1
347843 0 66 3 1
347845 0 66 3 1
347846 0 66 3 1
347847 0 66 3 1
347848 0 66 3 1
46001 1 67 4 1
46012 1 67 3 3
46013 1 67 3 3
46014 1 67 3 3
347396 1 67 3 0
346980 1 68 3 0
346461 1 68 3 1
242360 1 68 3 1
47941 1 68 3 2
47933 1 68 2 1
46003 1 68 3 1
46004 1 68 3 1
46005 1 68 3 1
46006 1 68 3 1
47938 0 68 3 2
47943 0 68 3 2
242361 0 68 3 1
346458 0 68 3 1
346459 0 68 3 1
347501 1 69 3 1
347049 1 69 3 1
300787 1 69 3 3
273070 1 69 3 2
46276 1 69 3 1
46278 0 69 3 1
47255 1 69 3 1
47257 1 69 3 1
47258 1 69 3 1
47259 1 69 3 1
47932 1 69 3 1
47934 1 69 3 1
47935 1 69 3 1
346981 1 69 3 0
346982 1 69 3 0
346983 1 69 3 0
346984 1 69 3 0
346985 1 69 3 0
347048 0 69 3 1
347050 0 69 3 1
347051 0 69 3 1
347504 0 69 3 1
346888 1 70 2 4
14890 1 70 2 3
14887 0 70 3 3
14888 0 70 3 3
14889 0 70 3 3
242866 1 71 3 1
48094 1 71 3 2
47899 1 71 2 1
46012 1 71 2 0
46925 1 71 1 3
46014 0 71 3 0
46015 0 71 3 0
46016 0 71 3 0
47900 0 71 3 1
48092 0 71 3 2
48096 0 71 3 2
347502 1 72 3 1
347500 1 72 3 1
304989 1 72 3 3
241022 1 72 3 1
241021 0 72 3 1
241023 0 72 3 1
241024 0 72 3 1
304988 0 72 3 3
304990 0 72 3 3
347501 0 72 3 1
347504 0 72 3 1
347503 0 72 3 1
347504 0 72 3 1
347041 1 73 3 1
347763 1 73 2 1
47355 1 73 2 4
346462 1 73 1 2
47354 0 73 3 4
346458 0 73 3 2
346461 0 73 3 2
347042 0 73 3 1
346556 1 74 1 1
47922 1 74 1 4
46382 0 74 3 1
46383 0 74 3 1
46384 0 74 3 1
46386 0 74 3 1
46388 0 74 3 1
346558 0 74 3 1
346189 1 75 3 3
47777 1 75 3 1
46032 1 75 3 1
304583 1 75 2 3
47558 1 75 2 2
46385 1 75 1 1
47559 0 75 3 2
47560 0 75 3 2
47561 0 75 3 2
346187 0 75 3 3
347099 1 76 3 1
46308 1 76 3 1
347158 1 76 2 1
346945 1 76 2 1
347505 1 76 1 0
47776 1 76 3 1
346948 0 76 3 1
346949 0 76 3 1
347100 0 76 3 1
347101 0 76 3 1
347102 0 76 3 1
347506 0 76 3 0
347507 0 76 3 0
46031 1 77 4 1
46790 1 77 3 1
347038 0 77 4 1
46309 1 77 3 1
46310 1 77 3 1
46311 1 77 3 1
46789 0 77 3 1
46791 0 77 3 1
46794 0 77 3 1
347039 0 77 3 0
347042 0 77 3 0
346539 1 78 4 3
347157 1 78 2 1
347040 1 78 2 1
48042 1 78 2 1
48013 1 78 2 1
46383 1 78 2 1
46032 1 78 3 1
46382 0 78 3 1
46384 0 78 3 1
46385 0 78 3 1
46386 0 78 3 1
46387 0 78 3 1
46388 0 78 3 1
48012 0 78 3 1
48014 0 78 3 1
48016 0 78 3 1
48017 0 78 3 1
48040 0 78 3 1
48041 0 78 3 1
48043 0 78 3 1
48044 0 78 3 1
347039 0 78 3 1
347158 0 78 3 1
47473 1 79 4 1
347914 1 79 2 0
46512 1 79 2 1
347916 0 79 3 0
349040 1 80 4 3
46874 1 80 2 3
46794 1 80 2 3
46280 1 80 1 4
46513 1 80 3 1
46514 1 80 3 1
46789 0 80 3 3
46792 0 80 3 3
46793 0 80 3 3
46872 0 80 3 3
47478 1 80 3 1
347033 1 81 3 1
48228 1 81 3 3
48012 1 81 3 0
14736 1 81 3 1
47776 1 81 2 1
46669 1 81 2 1
46670 0 81 3 1
47775 0 81 3 1
47778 0 81 3 1
47779 0 81 3 1
48014 0 81 3 0
48015 0 81 3 0
48016 0 81 3 0
48017 0 81 3 0
241785 0 81 3 1
347035 0 81 5 1
347036 0 81 3 1
349038 1 81 3 3
349041 1 81 3 3
345996 1 82 3 3
261161 1 82 2 3
241783 1 82 2 1
47273 1 82 2 1
14733 1 82 3 1
47274 0 82 3 1
47874 1 83 4 1
46652 1 83 3 1
47083 1 83 1 1
46309 1 83 1 1
46311 0 83 3 1
46655 0 83 3 1
47086 0 83 3 1
345995 1 83 3 3
45903 1 84 3 0
12896 1 84 3 4
47009 1 84 2 1
48765 1 84 1 0
46480 1 84 1 1
14080 1 84 1 4
14079 0 84 3 4
45905 0 84 3 0
47007 0 84 3 1
47008 0 84 3 1
47010 0 84 3 1
47875 1 84 3 1
47876 1 84 3 1
48767 0 84 3 0
46141 1 85 2 1
77865 1 85 1 2
77866 0 85 3 2
77867 0 85 3 2
46304 1 86 4 1
45944 1 86 3 0
50131 1 86 2 2
46464 1 86 2 4
15230 1 86 2 1
48069 1 86 1 1
15228 0 86 3 1
15229 0 86 3 1
15232 0 86 3 1
45945 0 86 3 0
45947 0 86 3 0
46139 1 86 3 1
48068 0 86 3 1
48070 0 86 3 1
48071 0 86 3 1
50130 0 86 3 2
46196 1 87 2 1
46053 1 87 2 1
14565 1 87 2 3
14564 0 87 3 3
46052 0 87 4 1
46055 0 87 3 1
46197 0 87 3 1
46305 1 87 3 1
46306 1 87 3 1
46857 1 88 2 1
46481 1 88 2 3
45906 1 88 2 2
14953 0 88 4 1
12343 1 88 2 2
346407 1 88 1 3
12344 0 88 3 2
12345 0 88 3 2
14952 0 88 3 1
45903 0 88 3 2
45905 0 88 3 2
46480 0 88 3 3
46858 0 88 3 1
346406 0 88 3 3
46049 0 89 4 1
47451 1 89 2 1
46008 1 89 2 2
14951 1 89 2 1
46452 1 89 1 3
14952 0 89 3 1
14954 0 89 3 1
46007 0 89 3 2
46054 1 89 3 1
46451 0 89 3 3
47452 0 89 3 1
164604 1 90 2 3
48092 1 90 2 1
47291 1 90 2 4
46363 1 90 2 1
46139 1 90 2 1
46048 1 90 3 1
14688 1 90 2 1
14687 0 90 3 1
14691 0 90 3 1
14692 0 90 3 1
46047 1 90 3 1
46051 1 90 3 1
46140 0 90 3 1
46141 0 90 3 1
46142 0 90 3 1
46362 0 90 3 1
48093 0 90 3 1
48095 0 90 3 1
164602 0 90 3 3
15229 1 91 1 1
15230 0 91 3 1
15231 0 91 3 1
400949 1 92 3 3
47750 1 92 3 1
46526 0 92 5 3
47455 1 92 2 1
47359 1 92 2 1
308397 1 92 1 3
47061 1 92 1 1
46524 0 92 3 1
46525 0 92 3 1
46527 0 92 3 1
46528 0 92 3 1
47063 0 92 3 1
47360 0 92 3 1
47749 0 92 3 1
47752 0 92 3 1
308396 0 92 3 3
47298 1 93 3 1
14514 1 93 3 1
474502 1 93 2 3
46453 1 93 2 3
14516 0 93 3 1
46451 0 93 3 3
46452 0 93 3 3
47299 0 93 3 1
47301 0 93 3 1
474501 0 93 3 3
13706 1 94 3 1
12929 1 94 3 4
46706 1 94 2 3
46371 1 94 2 1
13631 1 94 2 1
46105 1 94 1 1
13705 0 94 3 1
13707 0 94 3 1
46104 0 94 3 1
46106 0 94 3 1
46374 0 94 3 1
46524 0 94 3 3
46707 0 94 3 3
49232 1 95 2 4
47456 1 95 2 1
13737 1 95 2 1
14462 1 95 1 1
13738 0 95 3 1
13739 0 95 3 1
14464 0 95 3 1
47454 0 95 3 1
47455 0 95 3 1
47457 0 95 3 1
47458 0 95 3 1
47459 0 95 3 1
45997 1 96 2 1
15147 1 96 2 1
285223 1 96 1 2
15146 0 96 3 1
15150 0 96 3 1
45999 0 96 3 1
285221 0 96 3 2
154311 1 97 2 3
48905 1 97 2 3
47486 1 97 2 1
47297 1 97 2 1
46593 1 97 2 3
46589 0 97 3 3
46591 0 97 3 3
47299 0 97 3 1
47300 0 97 3 1
47301 0 97 3 1
47485 0 97 3 1
47488 0 97 3 1
48904 0 97 3 3
48906 0 97 3 3
154308 0 97 3 3
154309 0 97 3 3
276129 0 98 13 3
46476 1 98 3 1
15149 1 98 3 3
13237 1 98 3 1
47091 1 98 2 3
46516 1 98 2 1
15147 0 98 3 3
15148 0 98 3 3
46475 0 98 3 1
46479 0 98 3 1
46518 0 98 3 1
46520 0 98 3 1
235547 1 99 3 3
48014 1 99 2 1
14686 1 99 2 4
12996 1 99 2 4
46946 1 99 1 1
13238 1 99 3 1
13239 1 99 3 1
13240 1 99 3 1
13241 1 99 3 1
14683 0 99 3 4
14685 0 99 3 4
46950 0 99 3 1
48012 0 99 3 1
48017 0 99 3 1
276127 1 99 3 3
454399 1 100 3 3
133874 1 100 3 2
46753 1 100 3 1
46836 1 100 2 1
46589 1 100 2 1
45948 1 100 2 4
46590 0 100 3 1
46591 0 100 3 1
46592 0 100 3 1
46837 0 100 3 1
133872 0 100 3 2
454397 0 100 3 3
454400 0 100 3 3
175647 1 101 3 1
134299 1 101 3 3
421800 1 101 2 3
48179 1 101 2 1
176646 1 101 1 1
47935 1 101 1 3
46752 1 101 3 1
46754 1 101 3 1
46755 1 101 3 1
46756 1 101 3 1
47933 0 101 3 3
175646 0 101 3 1
175649 0 101 3 1
175651 0 101 3 1
15150 1 102 3 3
12994 1 102 3 3
14997 1 102 2 1
12992 0 102 3 3
12993 0 102 3 3
14998 0 102 3 1
15000 0 102 3 1
15146 0 102 3 3
15149 0 102 3 3
175661 1 103 3 1
46820 1 103 1 1
46821 0 103 3 1
46822 0 103 3 1
46823 0 103 3 1
175663 0 103 3 1
273548 1 104 3 2
15182 1 104 3 1
176643 1 104 2 1
13510 1 104 2 1
117232 1 104 1 3
46517 1 104 1 2
13511 0 104 3 1
15183 0 104 3 1
46518 0 104 4 2
176644 0 104 3 1
176645 0 104 3 1
176648 0 104 3 1
273547 0 104 3 2
46286 1 105 3 1
45912 1 105 2 1
45911 0 105 3 1
45913 0 105 3 1
45914 0 105 3 1
46287 0 105 3 1
46515 0 105 3 2
46519 0 105 3 2
46520 0 105 3 2
14513 1 106 4 1
177248 1 106 2 3
177247 0 106 3 3
421806 1 107 3 1
272833 1 107 3 4
176127 1 107 3 1
47523 1 107 3 1
48183 1 107 1 3
14515 1 107 3 1
14516 1 107 3 1
48179 0 107 3 3
48180 0 107 3 3
48181 0 107 3 3
48184 0 107 3 3
272832 0 107 3 4
421808 0 107 3 1
421809 0 107 3 1
15166 1 108 3 1
15184 1 108 2 3
14526 1 108 1 1
13049 1 108 1 3
13046 0 108 3 3
13050 0 108 3 3
14529 0 108 3 1
15165 0 108 3 1
15167 0 108 3 1
15168 0 108 3 1
15182 0 108 3 3
15183 0 108 3 3
176128 1 108 3 1
176130 1 108 3 1
299966 1 109 2 3
46547 1 109 2 1
14812 1 109 2 3
13511 1 109 2 1
13510 0 109 3 1
13512 0 109 3 1
13514 0 109 3 1
14807 0 109 3 3
14810 0 109 3 3
14811 0 109 3 3
14813 0 109 3 3
421823 1 110 3 1
14465 1 110 2 1
13047 1 110 2 1
48026 1 110 1 1
45911 1 110 1 1
13050 0 110 3 1
14467 0 110 3 1
14468 0 110 3 1
48025 0 110 3 1
48027 0 110 3 1
421821 0 110 3 1
421822 0 110 3 1
421825 0 110 3 1
47526 1 111 3 3
13512 0 111 3 3
13513 0 111 3 3
15165 1 111 3 1
47523 0 111 3 3
47525 0 111 3 3
14652 1 112 3 1
13110 1 112 3 2
12970 1 112 3 1
13411 1 112 2 1
177016 1 112 1 1
12968 0 112 3 1
12969 0 112 3 1
12971 0 112 3 1
12972 0 112 3 1
13111 0 112 3 2
13409 0 112 3 1
13410 0 112 3 1
13412 0 112 3 1
14651 0 112 3 1
14653 0 112 3 1
177017 0 112 3 1
15052 1 113 3 4
15038 1 113 3 0
14717 1 113 3 1
46548 1 113 2 2
13248 1 113 2 1
13250 0 113 3 1
46547 0 113 3 2
15206 1 114 4 1
13513 1 114 4 3
176708 1 114 3 1
13984 1 114 5 3
13292 1 114 3 1
176055 1 114 2 1
13293 0 114 3 1
13985 0 114 3 1
14718 1 114 3 1
176058 0 114 3 1
176707 0 114 3 1
176709 0 114 3 1
176710 0 114 3 1
13988 1 115 3 3
15204 1 115 3 1
176219 1 116 3 1
46349 1 116 3 3
14258 1 116 3 1
13814 1 116 3 1
422187 1 116 2 1
46896 1 116 2 1
13986 1 116 3 3
14256 0 116 3 1
14259 0 116 3 1
46347 0 116 3 3
46348 0 116 3 3
46897 0 116 3 1
13410 1 117 2 1
421822 1 117 1 1
13409 0 117 3 1
176221 1 117 3 1
176222 1 117 3 1
176223 1 117 3 1
176225 1 117 3 1
421823 0 117 3 1
421824 0 117 3 1
421825 0 117 3 1
422186 1 117 3 1
422189 1 117 3 1
153844 1 118 1 2
153845 0 118 3 2
15205 1 119 2 1
422367 1 119 1 1
176709 1 119 1 3
13410 0 119 3 1
13411 0 119 3 1
176706 0 119 3 3
176708 0 119 3 3
422368 0 119 3 1
15042 1 120 2 1
14873 1 120 2 1
14871 0 120 3 1
14875 0 120 3 1
15043 0 120 3 1
176222 1 120 3 3
210682 1 121 3 3
422172 1 121 2 1
46434 1 121 2 1
14672 1 121 2 1
13688 1 121 2 1
12922 1 121 2 1
14317 1 121 1 1
13691 0 121 3 1
14316 0 121 3 1
14671 0 121 3 1
14673 0 121 3 1
14674 0 121 3 1
46433 0 121 3 1
210681 0 121 3 3
210683 0 121 3 3
422171 0 121 3 1
422173 0 121 3 1
422174 0 121 3 1
14070 1 122 3 2
176224 1 122 2 3
13481 1 122 2 1
12924 1 122 3 1
12925 1 122 3 1
13482 0 122 3 1
13483 0 122 3 1
176222 0 122 3 3
176225 0 122 3 3
421472 1 123 2 1
15247 1 123 2 1
13748 1 123 2 1
13747 0 123 3 1
15248 0 123 3 1
15250 0 123 3 1
421471 0 123 3 1
421473 0 123 3 1
422323 1 124 3 1
210472 1 124 3 1
14203 1 124 3 1
14186 1 124 3 1
13030 1 124 2 1
13569 1 124 1 1
13543 1 124 1 1
13028 0 124 3 1
13029 0 124 3 1
13031 0 124 3 1
13032 0 124 3 1
13544 0 124 3 1
13545 0 124 3 1
13571 0 124 3 1
14204 0 124 3 1
14206 0 124 3 1
210470 0 124 3 1
210471 0 124 3 1
177020 1 125 3 1
46347 1 125 2 1
12980 1 125 2 2
15198 1 125 1 3
13718 1 125 1 1
12981 0 125 3 2
12982 0 125 3 2
13717 0 125 3 1
13719 0 125 3 1
13720 0 125 3 1
13721 0 125 3 1
14184 1 125 3 1
14185 1 125 3 1
14187 1 125 3 1
14188 1 125 3 1
15199 0 125 3 3
46348 0 125 3 1
46349 0 125 3 1
46350 0 125 3 1
177022 0 125 3 1
177023 0 125 3 1
176304 0 126 13 4
422223 1 126 3 1
15248 1 126 3 1
14728 1 126 3 1
14361 1 126 3 1
15318 1 126 2 1
13599 1 126 2 3
14754 1 126 1 1
13597 0 126 3 3
14360 0 126 3 1
14362 0 126 3 1
14363 0 126 3 1
14730 0 126 3 1
14753 0 126 3 1
14755 0 126 3 1
15250 0 126 3 1
15251 0 126 3 1
15317 0 126 3 1
210470 1 127 3 1
13230 1 127 3 1
421865 1 127 2 3
14809 1 127 2 1
13723 1 127 2 1
13585 1 127 2 1
13231 0 127 3 1
13233 0 127 3 1
13587 0 127 3 1
13722 0 127 3 1
13724 0 127 3 1
13726 0 127 3 1
14811 0 127 3 1
176305 1 127 3 4
210473 0 127 3 1
422224 1 127 3 1
422225 1 127 3 1
46350 1 128 3 3
14202 1 128 3 1
13490 1 128 3 1
13198 1 128 3 1
421144 1 128 2 1
13916 1 128 2 1
13720 1 128 2 3
422189 1 128 1 2
421560 1 128 1 1
176401 1 128 1 1
13234 1 128 1 1
13719 0 128 3 3
13721 0 128 3 3
13918 0 128 3 1
13919 0 128 3 1
46346 0 128 3 3
46348 0 128 3 3
46349 0 128 3 3
176404 0 128 3 1
421143 0 128 3 1
421145 0 128 3 1
421558 0 128 3 1
421559 0 128 3 1
421561 0 128 3 1
421563 0 128 3 1
421564 0 128 3 1
422187 0 128 3 2
422235 1 129 4 1
422383 1 129 3 1
422027 1 129 3 1
14360 1 129 3 1
12981 1 129 2 3
12982 0 129 3 3
14361 0 129 3 1
14362 0 129 3 1
14363 0 129 3 1
422028 0 129 3 1
421626 1 130 3 1
421263 1 130 3 1
15048 1 130 3 1
14681 1 130 3 3
177021 1 130 2 1
15312 1 130 1 1
177019 0 130 3 1
177022 0 130 3 1
177023 0 130 3 1
422236 1 130 3 1
422069 1 131 3 1
13992 1 131 2 1
13533 1 131 2 1
12943 1 131 2 1
12944 0 131 3 1
13536 0 131 3 1
13537 0 131 3 1
15047 1 131 3 1
15049 1 131 3 1
15050 1 131 3 1
421262 1 131 3 1
421265 1 131 3 1
422070 0 131 3 1
422063 1 132 3 1
14763 1 132 3 1
330312 1 132 2 3
51796 1 132 2 3
14367 1 132 2 1
421471 1 132 1 1
15071 1 132 1 1
14369 0 132 3 1
14765 0 132 3 1
15073 0 132 3 1
330311 0 132 3 3
421472 0 132 3 1
421474 0 132 3 1
422064 0 132 3 1
422066 0 132 3 1
422067 0 132 3 1
421146 1 133 2 3
210333 1 133 2 1
15098 1 133 2 3
15046 1 133 2 3
13717 1 133 2 1
13726 1 133 1 3
13718 0 133 3 1
13719 0 133 3 1
13720 0 133 3 1
13723 0 133 3 3
13724 0 133 3 3
15097 0 133 3 3
210334 0 133 3 1
210335 0 133 3 1
210336 0 133 3 1
421144 0 133 3 3
421145 0 133 3 3
421147 0 133 3 3
422386 1 134 3 3
421896 1 134 3 1
421634 1 134 3 1
422132 1 134 2 4
422234 1 134 1 1
421015 1 134 1 1
421014 0 134 3 1
421016 0 134 4 1
421017 0 134 3 1
421018 0 134 3 1
421632 0 134 3 1
421633 0 134 3 1
421635 0 134 3 1
421636 0 134 3 1
421637 0 134 3 1
421897 0 134 3 1
422133 0 134 3 4
422236 0 134 3 1
422383 0 134 3 3
422385 0 134 3 3
422472 1 135 3 1
13799 1 135 2 1
13801 0 135 3 1
422474 0 135 3 1
422475 0 135 3 1
422477 0 135 3 1
13052 1 136 3 3
422065 1 136 2 1
14364 1 136 1 3
13053 0 136 3 3
14361 0 136 3 3
14362 0 136 3 3
14365 0 136 3 3
422066 0 136 3 1
422067 0 136 3 1
292194 1 137 3 4
421330 1 137 2 3
421562 1 137 1 1
35819 1 137 1 4
14444 1 137 1 4
421329 0 137 3 3
421331 0 137 3 3
421558 0 137 3 1
421559 0 137 3 1
421561 0 137 3 1
421563 0 137 3 1
421564 0 137 3 1
13462 1 138 3 3
422133 1 138 2 4
421633 1 138 2 1
421105 1 138 1 1
13460 0 138 3 3
13463 0 138 3 3
421107 0 138 3 1
421634 0 138 3 1
421636 0 138 3 1
421637 0 138 3 1
422132 0 138 3 4
421014 1 139 3 0
52381 1 139 2 1
14340 1 139 3 4
52382 0 139 3 1
371201 1 140 3 3
53603 1 140 3 1
15153 1 140 3 1
422476 1 140 2 3
53798 1 140 2 3
15154 0 140 3 1
15155 0 140 3 1
53604 0 140 3 1
53606 0 140 3 1
53607 0 140 3 1
53794 0 140 3 3
53795 0 140 3 3
53796 0 140 3 3
421017 1 140 3 0
422474 0 140 3 3
422477 0 140 3 3
421538 1 141 3 1
52549 1 141 2 3
453388 1 142 1 2
15190 1 142 1 4
421537 1 142 3 1
421540 1 142 3 1
53795 1 143 3 1
453387 1 143 1 2
453388 0 143 3 2
421491 1 144 4 1
341127 1 144 2 3
13430 1 144 2 1
13431 0 144 3 1
13432 0 144 3 1
53797 1 144 3 1
341123 0 144 3 3
341124 0 144 3 3
421458 1 145 3 1
53321 1 145 3 2
532412 1 145 2 1
421543 1 145 1 3
421457 0 145 3 1
421459 0 145 3 1
421460 0 145 3 1
421492 1 145 3 1
421493 1 145 3 1
532414 0 145 3 1
532415 0 145 3 1
535957 1 146 3 1
421025 1 146 3 1
554570 1 146 1 3
14482 1 146 1 3
421087 1 147 3 3
420882 1 147 3 1
535664 1 147 2 3
421308 1 147 2 1
146113 1 147 2 3
13637 1 147 2 4
13443 1 147 2 3
146112 0 147 3 3
421026 1 147 3 1
421309 0 147 3 1
421310 0 147 3 1
535958 1 147 3 1
421747 1 148 3 1
202567 1 148 3 3
421965 1 148 1 1
53320 1 148 1 2
421749 0 148 3 1
421966 0 148 3 1
484312 1 149 3 1
421591 1 149 3 1
421944 1 149 2 1
421439 1 149 2 1
421073 1 149 2 1
422281 1 149 1 1
202566 1 149 3 3
421071 0 149 3 1
421072 0 149 3 1
421437 0 149 3 1
421438 0 149 3 1
421590 0 149 3 1
421945 0 149 3 1
421946 0 149 3 1
422282 0 149 3 1
422283 0 149 3 1
421413 1 150 3 1
420936 1 150 3 1
53839 1 150 3 4
52868 1 150 3 3
310755 1 150 2 1
482952 1 150 1 2
421675 1 150 1 1
52867 0 150 3 3
420935 0 150 3 1
420938 0 150 3 1
421674 0 150 3 1
421676 0 150 3 1
421677 0 150 3 1
421679 0 150 3 1
482953 0 150 3 2
482954 0 150 3 2
484310 1 150 3 1
484311 1 150 3 1
484313 1 150 3 1
484314 1 150 3 1
422328 1 151 3 4
372999 1 151 2 3
13444 1 151 2 3
13443 0 151 3 3
421412 1 151 3 1
421414 1 151 3 1
421415 1 151 3 1
422327 0 151 3 4
422009 1 152 4 1
421624 1 152 4 1
554568 1 152 3 3
484132 1 152 2 1
422341 1 152 1 1
422339 0 152 3 1
422340 0 152 3 1
422343 0 152 3 1
484134 0 152 3 1
421276 1 153 3 1
53962 1 153 3 3
13176 1 153 2 1
421609 1 153 1 1
13173 0 153 3 1
13175 0 153 3 1
13177 0 153 3 1
13178 0 153 3 1
53959 0 153 3 3
421412 0 153 3 3
421413 0 153 3 3
421623 1 153 3 1
421625 1 153 3 1
421626 1 153 3 1
421627 1 153 3 1
422010 1 153 3 1
422011 1 153 3 1
422327 1 154 3 3
422067 1 154 3 3
421895 1 154 2 1
421677 1 154 2 1
54087 1 154 2 1
54081 1 154 2 1
421602 1 154 1 2
54082 0 154 3 1
54083 0 154 3 1
54085 0 154 3 1
54086 0 154 3 1
421599 0 154 3 2
421600 0 154 3 2
421603 0 154 3 2
421674 0 154 3 1
421676 0 154 3 1
421680 0 154 3 1
421897 0 154 3 1
421898 0 154 3 1
422328 0 154 3 3
422339 0 154 4 1
422342 0 154 4 1
422343 0 154 3 1
421190 1 155 2 0
420943 1 155 1 2
422064 1 155 3 3
422339 0 155 3 3
422340 0 155 3 3
52885 1 156 4 1
421302 1 156 2 2
421300 0 156 3 2
421303 0 156 3 2
53790 1 157 3 1
53429 1 157 3 3
53398 1 157 3 3
53961 1 157 2 3
53879 1 157 2 1
52874 1 157 2 1
52876 0 157 3 1
52877 0 157 3 1
52878 0 157 3 1
53426 0 157 3 3
53428 0 157 3 3
53880 0 157 3 1
53960 0 157 3 3
53962 0 157 3 3
53877 1 158 2 3
53791 1 158 3 1
53792 1 158 3 1
53793 1 158 3 1
53875 0 158 3 3
53878 0 158 3 3
54085 1 159 2 0
53767 1 159 2 1
53231 1 159 2 4
490701 1 159 1 3
421550 1 159 1 1
53435 1 159 1 0
53437 0 159 3 0
53438 0 159 3 0
53764 0 159 3 1
53768 0 159 3 1
53769 0 159 3 1
54087 0 159 3 0
54089 0 159 3 0
421549 0 159 3 1
490699 0 159 3 3
490700 0 159 3 3
490702 0 159 3 3
53766 1 160 3 1
53647 1 160 2 3
52875 1 160 2 1
53883 1 160 1 3
52874 0 160 3 1
52876 0 160 3 1
52878 0 160 3 1
421523 1 161 3 1
54326 1 161 2 1
53249 1 161 2 4
422003 1 161 1 1
54329 0 161 3 1
422005 0 161 3 1
422006 0 161 3 1
54205 1 162 3 1
490698 1 162 1 3
54206 0 162 3 1
54207 0 162 3 1
421524 1 162 3 1
421525 1 162 3 1
421526 1 162 3 1
490697 0 162 3 3
53646 1 163 3 3
421094 1 163 2 2
52893 1 163 2 3
304041 1 163 1 3
164599 1 163 1 3
52894 0 163 3 3
53642 0 163 3 3
164598 0 163 3 3
164600 0 163 3 3
421092 0 163 3 2
74914 1 164 4 1
52830 1 164 3 1
52530 0 164 5 3
28876 1 164 2 3
52520 1 164 1 3
52519 0 164 3 3
52522 0 164 3 3
52529 0 164 3 1
52531 0 164 3 1
52829 0 164 3 1
52831 0 164 3 1
52833 0 164 3 1
53951 1 165 3 1
74915 1 165 3 1
52795 1 165 2 1
53645 1 165 1 2
53642 0 165 3 2
53950 0 165 3 1
74917 1 165 3 1
52325 0 166 4 1
54013 1 166 3 1
53009 1 166 2 1
53643 1 166 1 1
53574 1 166 1 3
52528 0 166 3 3
53012 0 166 3 1
53572 0 166 3 3
53573 0 166 3 3
53642 0 166 3 1
53644 0 166 3 1
53646 0 166 3 1
54012 0 166 3 1
54020 1 167 3 3
53630 1 167 3 1
52828 1 167 3 0
53421 1 167 2 1
52327 1 167 2 1
52324 1 167 3 1
52326 1 167 3 1
52329 1 167 3 1
53423 0 167 3 1
54019 0 167 3 3
53183 1 168 3 1
421567 1 168 2 0
260340 1 168 2 2
53852 1 168 1 2
52829 1 168 3 0
52830 1 168 3 0
52831 1 168 3 0
52832 1 168 3 0
53185 0 168 3 1
53632 1 168 3 1
53849 0 168 3 2
53851 0 168 3 2
54092 1 169 3 1
53706 1 169 3 1
52638 1 169 3 1
74913 1 169 2 0
54163 1 169 2 1
53972 1 169 2 1
53642 1 169 2 0
52603 1 169 2 3
54293 1 169 1 1
53383 1 169 1 1
53182 1 169 1 1
52528 1 169 1 1
52600 0 169 3 3
52602 0 169 3 3
53184 0 169 3 1
53384 0 169 3 1
53386 0 169 3 1
53705 0 169 3 1
53974 0 169 3 1
53975 0 169 3 1
54162 0 169 3 1
54164 0 169 3 1
54166 0 169 3 1
54291 0 169 3 1
54292 0 169 3 1
54294 0 169 3 1
54295 0 169 3 1
74916 0 169 3 0
74917 0 169 3 0
421568 1 169 3 0
421569 1 169 3 0
421570 1 169 3 0
420909 1 170 4 1
54130 1 170 3 4
54058 1 170 3 3
53380 1 170 3 1
54262 1 170 2 1
53164 1 170 2 1
52762 1 170 2 1
53940 1 170 1 3
52760 0 170 3 1
52761 0 170 3 1
52764 0 170 3 1
53163 0 170 3 1
53937 0 170 3 3
53938 0 170 3 3
53941 0 170 3 3
54093 1 170 3 1
54261 0 170 4 1
54263 0 170 3 1
54264 0 170 3 1
54265 0 170 3 1
54266 0 170 3 1
421685 1 171 4 1
53260 1 171 3 1
421688 0 171 3 0
53422 1 171 2 1
421687 1 171 1 0
10981 1 171 1 3
10979 0 171 3 3
10980 0 171 3 3
53261 0 171 3 1
53262 0 171 3 1
53263 0 171 3 1
53423 0 171 3 1
53424 0 171 3 1
53425 0 171 3 1
54263 0 171 3 1
54265 0 171 3 1
54266 0 171 3 1
420910 1 171 3 1
420913 1 171 3 1
420914 1 171 3 1
421690 0 171 3 0
53989 1 172 4 1
53864 1 172 3 1
227848 1 172 2 3
73274 1 172 2 1
53629 1 172 2 0
53225 1 172 2 3
53223 0 172 3 3
53631 0 172 3 0
73273 0 172 3 1
73275 0 172 3 1
73276 0 172 3 1
227846 0 172 3 3
421691 1 172 3 1
422422 1 173 3 1
54131 1 173 3 4
53490 1 173 3 2
181945 1 173 2 3
53705 1 173 2 1
52769 1 173 2 3
9788 1 173 2 3
53555 1 173 1 1
53493 0 173 3 2
53554 0 173 3 1
53556 0 173 3 1
53558 0 173 3 1
53703 0 173 3 1
53704 0 173 3 1
53706 0 173 3 1
53708 0 173 3 1
53865 1 173 3 1
53866 1 173 3 1
53991 1 173 3 1
53993 1 173 3 1
54130 0 173 3 4
422421 0 173 3 1
422423 0 173 3 1
422424 0 173 3 1
533116 1 174 3 3
451641 1 174 2 3
406219 1 174 2 3
19340 1 174 2 3
54239 1 174 1 1
54165 1 174 1 3
7669 1 174 1 4
19339 0 174 3 3
54163 0 174 3 3
54164 0 174 3 3
406218 0 174 3 3
52939 1 175 3 0
18371 1 175 3 3
53968 1 175 2 2
53930 0 175 3 3
53425 1 175 2 3
53381 1 175 2 3
19955 1 175 2 3
18372 0 175 3 3
19954 0 175 3 3
53931 0 175 5 1
53932 0 175 3 1
53928 0 175 3 3
53929 0 175 3 3
53932 0 175 3 3
533112 1 175 3 3
53556 1 176 3 1
53404 1 176 3 1
539858 1 176 2 2
53652 1 176 2 0
53491 1 176 2 2
10331 1 176 2 3
47739 1 176 1 3
47735 0 176 3 3
47736 0 176 3 3
47740 0 176 3 3
53405 0 176 3 1
53406 0 176 3 1
53423 1 176 3 3
53489 0 176 3 2
53490 0 176 3 2
53493 0 176 3 2
53558 0 176 3 1
53965 1 176 3 2
53966 1 176 3 2
53967 1 176 3 2
539857 0 176 3 2
54240 1 177 2 3
52907 1 177 1 1
52905 0 177 3 1
53653 1 177 3 0
54239 0 177 3 3
292884 1 178 3 3
19953 1 178 3 1
422511 1 178 1 2
52404 1 178 1 3
19951 0 178 3 1
19954 0 178 3 1
48978 0 178 3 3
48979 0 178 3 3
48980 0 178 3 3
52402 0 178 3 3
292882 0 178 3 3
422512 0 178 3 2
54022 1 179 2 3
53932 1 179 2 3
53492 1 179 2 2
52908 1 179 2 3
52583 1 179 2 1
3099 1 179 1 4
3098 0 179 3 4
52905 0 179 3 3
52906 0 179 3 3
53489 0 179 3 2
53493 0 179 3 2
53494 0 179 3 2
53928 0 179 3 3
162361 1 180 3 3
22526 1 180 3 3
52882 1 180 2 3
52582 1 180 3 1
52584 1 180 3 1
52585 1 180 3 1
52880 0 180 3 3
53783 0 180 3 1
53785 0 180 3 1
53786 0 180 3 1
53787 0 180 3 1
162360 0 180 3 3
398065 0 180 3 3
398066 0 180 3 3
398067 0 180 3 3
398068 0 180 3 3
52902 1 181 3 1
53653 1 181 2 1
19954 1 181 1 1
19955 0 181 3 1
19956 0 181 3 1
53491 0 181 3 3
53492 0 181 3 3
421593 1 182 3 3
48980 1 182 2 3
495820 0 182 3 2
398065 1 183 3 2
359814 1 183 2 3
48978 1 183 3 3
48979 1 183 3 3
398067 0 183 3 2
292885 1 184 2 3
20575 1 184 2 3
20576 0 184 3 3
292881 0 184 3 3
292882 0 184 3 3
292884 0 184 3 3
281343 1 185 2 3
281341 0 185 3 3
53799 1 186 3 1
53800 0 186 3 1
53801 0 186 3 1
247516 1 188 1 3
135866 0 188 4 0
135867 0 188 3 0
135868 0 188 3 0
247515 0 188 3 3
247517 0 188 3 3
53567 1 189 1 1
53568 0 189 3 1
53570 0 189 3 1
9559 1 191 2 3
135865 1 190 3 1
