156255 0 3 5 1
417364 0 3 5 3
417366 0 3 5 3
417368 0 3 5 3
446787 0 3 5 3
23746 0 4 5 3
420320 0 4 5 4
492189 0 4 5 3
547592 0 4 5 1
547593 0 4 5 1
12265 0 5 5 3
177179 0 5 5 3
538362 1 6 5 3
169928 0 7 5 3
169929 0 7 5 3
417364 0 7 5 1
417367 0 7 5 1
417368 0 7 5 1
238023 0 8 5 3
238026 0 8 5 3
316712 0 8 5 3
417365 0 8 5 1
417367 0 8 5 1
417368 0 8 5 1
78304 1 9 5 2
250431 0 10 5 1
250432 0 10 5 1
417938 0 11 5 1
417940 0 11 5 1
417941 0 11 5 1
546706 1 11 5 1
546707 1 11 5 1
546710 1 11 5 1
546711 1 11 5 1
546706 0 13 5 1
546927 0 13 5 1
546928 0 13 5 1
250536 1 14 5 1
250538 1 14 5 1
250537 1 17 5 1
250538 1 17 5 1
497966 0 18 5 3
498336 1 22 5 3
60913 0 25 5 2
60914 0 25 5 2
543674 1 33 5 1
543677 1 33 5 1
