25140 0 6 6 3 0
34336 0 6 6 1 0
60623 0 6 6 4 0
109952 1 5 6 1 0
111648 0 6 6 2 0
116754 0 6 6 1 0
185401 0 6 6 2 0
227975 0 6 6 3 0
243140 1 4 6 3 0
244403 1 3 6 1 0
291620 1 3 6 1 0
322788 1 3 6 3 0
334392 1 3 6 2 0
344763 1 4 6 3 0
414589 1 4 6 3 0
431229 0 6 6 3 0
442048 0 6 6 3 0
460981 1 2 6 1 0
482424 0 6 6 3 0
538175 1 2 6 2 0
292527 1 2 7 1 0
300201 1 4 7 2 0
35008 1 3 8 1 1
90411 0 6 8 2 0
116756 1 4 8 3 0
116881 1 2 8 1 0
243139 1 3 8 3 0
244404 1 2 8 1 0
291618 1 3 8 4 0
322794 1 3 8 3 0
414584 0 6 8 3 0
424383 0 6 8 3 0
548933 0 6 8 2 0
115941 0 6 9 4 1
244265 1 4 9 3 0
244406 0 6 9 3 0
300199 1 4 9 2 1
333009 0 6 9 3 0
134613 0 6 10 2 0
290876 0 6 10 1 0
291070 0 6 10 2 0
414585 0 6 10 4 0
548893 1 3 10 3 0
34334 1 2 11 1 0
292033 1 2 11 2 1
538164 1 3 11 1 0
244263 0 6 12 1 1
34291 1 4 13 1 0
116880 1 4 13 1 0
117573 0 6 13 1 0
244409 1 4 13 0 0
548890 0 6 13 1 0
291943 1 3 14 1 0
538168 0 6 14 3 0
33564 1 4 15 1 0
33764 1 3 15 1 0
116736 1 3 15 1 0
116882 1 4 15 2 1
117571 1 2 15 1 0
291989 1 4 15 3 0
538022 0 6 15 1 0
538167 1 2 15 1 1
548501 1 4 15 1 0
548888 1 3 15 3 0
34292 0 6 16 1 0
34327 0 6 16 1 0
291944 0 6 16 3 0
291946 1 4 16 1 0
538023 0 6 16 3 1
549183 0 6 16 1 0
34294 1 2 17 3 0
79058 1 3 17 3 0
116738 0 6 17 2 0
293122 1 4 17 1 0
548506 1 2 17 3 0
33765 1 3 18 1 0
34795 1 3 18 1 0
34813 1 3 18 1 0
35289 0 6 18 1 0
116182 1 3 18 1 0
116947 0 6 18 1 0
117461 0 6 18 3 0
537567 1 3 18 1 0
538104 0 6 18 4 1
549699 0 6 18 1 1
549796 1 2 18 2 0
34585 0 6 19 1 0
87032 0 6 19 4 0
538021 0 6 19 1 0
538166 1 5 19 1 0
538255 1 3 19 1 0
34584 1 4 20 1 0
34814 0 6 20 3 0
116072 0 6 20 1 0
116945 0 6 20 0 0
292223 0 6 20 1 0
538760 0 6 20 1 0
34270 1 3 21 4 0
35260 1 3 21 1 0
115693 1 5 21 1 0
117080 0 6 21 1 0
255293 1 2 21 3 0
257017 0 6 21 3 0
293199 0 6 21 4 0
537566 1 3 21 0 0
548505 0 6 21 2 0
33761 0 6 22 1 0
33939 0 6 22 1 0
33995 0 6 22 1 0
34457 1 3 22 1 0
34815 1 2 22 3 0
34994 1 4 22 1 0
116093 1 3 22 1 0
34464 0 6 23 1 0
35037 1 3 23 1 0
74731 0 6 23 2 1
117081 0 6 23 1 0
538254 1 3 23 3 0
538334 0 6 23 0 0
538691 1 3 23 1 0
538724 1 4 23 1 0
539092 1 3 23 1 0
34820 0 6 24 1 0
116498 0 6 24 0 0
292901 0 6 24 3 0
463763 0 6 24 3 0
33760 1 4 25 0 0
33938 0 6 25 0 1
35040 1 2 25 1 0
116570 0 6 25 1 0
117287 0 6 25 4 0
255292 1 4 25 3 0
538285 1 2 25 1 1
538728 0 6 25 3 0
538759 0 6 25 1 0
33551 1 4 26 1 0
33685 0 6 26 1 0
34807 0 6 26 1 0
34919 0 6 26 1 0
35268 1 3 26 1 0
116480 1 3 26 1 0
538340 0 6 26 1 0
538725 1 3 26 1 0
33941 1 3 27 1 0
34269 1 4 27 4 0
115668 0 6 27 3 0
115695 0 6 27 3 0
117193 0 6 27 3 0
176116 1 4 27 2 0
538089 0 6 27 1 0
538335 1 4 27 0 0
538692 1 4 27 3 0
538694 1 3 27 1 0
541162 0 6 27 3 0
20121 1 3 28 2 0
33681 1 4 28 3 1
33940 1 2 28 1 0
35045 0 6 28 1 0
35236 1 3 28 1 0
115689 1 4 28 1 0
115831 1 4 28 1 0
116572 1 2 28 3 0
116913 0 6 28 3 0
541159 1 4 28 0 0
34809 1 2 29 1 0
34921 0 6 29 3 0
74734 0 6 29 3 0
115832 0 6 29 1 0
116853 0 6 29 1 0
538341 1 3 29 1 0
538727 0 6 29 1 1
539112 1 3 29 4 1
33717 0 6 30 1 0
34470 1 4 30 1 0
34513 0 6 30 1 0
116571 0 6 30 1 0
116840 1 2 30 3 0
116852 1 4 30 1 0
156375 1 2 30 3 0
537523 0 6 30 1 0
537705 1 4 30 1 0
537978 1 3 30 1 0
538085 1 2 30 3 1
538181 1 3 30 0 0
538556 1 3 30 1 0
538863 1 3 30 1 0
541850 1 3 30 0 0
33687 0 6 31 3 0
33743 0 6 31 1 0
34215 1 3 31 3 1
34810 0 6 31 1 0
34899 0 6 31 1 0
35086 1 2 31 1 0
35125 1 4 31 1 0
35229 0 6 31 1 0
115736 1 4 31 1 0
115905 0 6 31 1 1
116288 0 6 31 4 1
537706 1 3 31 1 0
537980 0 6 31 3 0
538336 1 3 31 0 0
538381 0 6 31 1 0
538695 0 6 31 3 0
34411 1 4 32 1 0
35339 0 6 32 1 0
116710 0 6 32 1 0
137198 0 6 32 3 0
363844 0 6 32 3 0
537977 1 4 32 0 0
537979 1 3 32 3 1
538090 0 6 32 1 0
538475 0 6 32 1 0
538632 1 5 32 1 0
538985 0 6 32 1 0
539024 0 6 32 1 0
541382 0 6 32 3 1
541847 0 6 32 1 0
20123 0 6 33 3 0
33795 0 6 33 1 0
33844 0 6 33 1 0
34595 0 6 33 1 0
115667 0 6 33 1 0
115739 1 2 33 1 0
116195 0 6 33 4 0
116850 1 3 33 0 0
116851 1 4 33 0 0
117329 1 2 33 4 0
117330 1 5 33 1 0
117419 1 2 33 3 0
249109 0 6 33 3 0
537851 1 3 33 2 0
538567 0 6 33 1 0
538769 0 6 33 1 0
538854 1 4 33 1 0
538954 1 4 33 1 0
539038 1 4 33 1 0
541848 1 3 33 3 1
34468 0 6 34 1 0
34667 0 6 34 1 0
74730 0 6 34 2 0
115741 0 6 34 3 1
116160 1 3 34 1 0
116455 0 6 34 1 0
363843 1 3 34 3 0
537928 0 6 34 1 0
537930 1 3 34 3 0
538184 0 6 34 1 0
538186 1 3 34 3 0
538512 0 6 34 1 0
538861 0 6 34 0 1
538986 0 6 34 1 0
538995 0 6 34 3 0
539133 0 6 34 1 0
540986 0 6 34 2 0
557414 1 3 34 3 0
561950 0 6 34 3 0
33917 0 6 35 3 0
34155 0 6 35 1 0
34173 1 4 35 1 0
34410 0 6 35 1 0
34412 0 6 35 3 0
34445 0 6 35 1 0
34593 0 6 35 0 0
35090 0 6 35 1 0
35144 1 4 35 4 0
116855 0 6 35 3 0
204480 1 3 35 3 0
521090 0 6 35 3 0
538094 0 6 35 1 0
538699 1 3 35 1 0
538768 0 6 35 1 0
538770 1 2 35 1 0
541087 0 6 35 1 0
33506 1 3 36 1 0
33854 0 6 36 1 0
34469 1 3 36 1 0
34679 1 3 36 1 1
34691 1 3 36 1 0
115758 1 3 36 1 0
116159 1 3 36 0 0
116556 1 2 36 3 0
116832 0 6 36 1 0
117441 1 4 36 1 0
117499 1 3 36 1 0
146536 0 6 36 2 0
205115 0 6 36 2 1
385503 1 4 36 3 0
537998 0 6 36 1 0
538572 0 6 36 3 0
538771 0 6 36 3 0
538953 1 4 36 1 0
541375 1 4 36 3 0
542254 1 4 36 1 0
558425 1 3 36 4 0
559320 0 6 36 3 0
33522 1 2 37 2 0
33686 0 6 37 1 0
33798 0 6 37 3 0
34413 0 6 37 3 1
115737 1 2 37 1 0
115865 0 6 37 1 0
116163 0 6 37 3 0
116194 1 3 37 2 0
116223 1 4 37 1 0
116265 0 6 37 1 0
117445 1 2 37 3 0
117467 1 3 37 3 0
362974 1 4 37 3 0
428294 0 6 37 3 0
537621 1 3 37 1 0
538138 0 6 37 1 0
538180 0 6 37 3 0
539136 1 2 37 3 0
540984 0 6 37 1 0
541846 1 3 37 1 0
549452 0 6 37 3 0
34268 0 6 38 4 0
34594 1 3 38 0 0
34695 1 3 38 3 0
115733 0 6 38 1 0
115826 1 3 38 1 0
115971 0 6 38 1 0
116278 1 3 38 3 0
116640 0 6 38 3 0
117130 1 4 38 1 0
117498 0 6 38 1 0
130011 0 6 38 3 0
367022 1 4 38 3 0
537720 1 4 38 1 0
538360 1 3 38 1 0
538700 0 6 38 1 0
538996 0 6 38 3 0
539047 1 5 38 2 1
559318 1 3 38 1 0
33505 0 6 39 1 0
33638 1 3 39 3 0
34446 1 2 39 1 0
115608 1 2 39 1 0
115921 1 4 39 1 1
116242 1 3 39 1 0
119320 1 3 39 3 0
450328 0 6 39 3 0
537633 0 6 39 1 0
537950 1 4 39 1 0
537999 0 6 39 1 0
538139 1 3 39 1 0
538141 0 6 39 3 0
538664 0 6 39 1 0
538772 0 6 39 3 0
33507 1 4 40 3 0
33859 0 6 40 3 0
34471 0 6 40 3 1
34600 1 3 40 0 0
34681 1 4 40 1 0
116008 0 6 40 3 0
116263 0 6 40 4 0
205114 1 4 40 1 0
323866 1 4 40 3 1
432036 1 3 40 2 0
450331 1 2 40 3 1
537843 1 3 40 1 0
538137 0 6 40 1 0
538767 0 6 40 1 0
33503 0 6 41 0 0
115836 1 4 41 4 0
116189 0 6 41 4 0
116244 1 3 41 1 0
116639 0 6 41 3 0
130012 0 6 41 3 0
367023 0 6 41 1 0
432038 1 3 41 3 0
458737 1 3 41 3 0
465585 0 6 41 2 0
537844 0 6 41 1 0
537924 0 6 41 3 1
537997 1 3 41 1 0
538002 1 2 41 3 0
538660 1 4 41 3 0
538991 0 6 41 3 0
539043 1 3 41 4 0
541241 1 2 41 1 0
33504 0 6 42 1 1
33912 0 6 42 4 1
34601 0 6 42 0 0
37926 1 4 42 3 0
115740 1 4 42 3 1
115827 1 3 42 1 0
115828 0 6 42 1 0
115922 1 3 42 1 0
116304 1 3 42 4 0
116451 1 4 42 1 1
116691 0 6 42 1 0
116771 0 6 42 1 0
117141 0 6 42 1 0
117364 0 6 42 1 0
126082 0 6 42 2 0
518285 0 6 42 2 0
538364 1 4 42 3 0
538611 1 2 42 1 0
538666 1 2 42 3 0
541240 0 6 42 1 0
33587 0 6 43 1 0
34623 1 3 43 3 0
115732 0 6 43 1 0
115924 1 3 43 3 0
117515 1 2 43 1 0
119319 0 6 43 0 0
119321 1 4 43 3 0
362973 0 6 43 3 0
432033 1 3 43 1 0
537626 0 6 43 0 0
538042 1 2 43 1 0
538342 1 3 43 1 0
538542 0 6 43 3 0
539044 0 6 43 4 1
542236 0 6 43 1 0
115867 0 6 44 1 0
116082 1 3 44 3 0
116273 0 6 44 1 0
116770 1 4 44 1 0
116838 1 3 44 1 0
116895 1 4 44 1 0
117213 1 3 44 1 0
450337 0 6 44 2 0
537455 1 2 44 4 1
537634 1 2 44 1 0
538644 0 6 44 4 1
538976 0 6 44 3 0
541239 0 6 44 0 1
541519 0 6 44 1 0
33586 0 6 45 1 0
34491 0 6 45 4 1
34602 0 6 45 1 0
116192 1 3 45 3 0
116690 1 4 45 1 0
116723 1 3 45 1 0
116733 0 6 45 1 0
116769 1 3 45 1 0
116892 0 6 45 1 0
117581 0 6 45 1 0
119318 1 3 45 0 0
432034 0 6 45 1 0
432035 1 2 45 2 0
537636 1 3 45 3 0
537667 1 4 45 1 0
541187 1 3 45 1 0
542577 0 6 45 1 0
52588 0 6 46 3 0
115868 1 3 46 1 0
115937 0 6 46 1 0
116312 0 6 46 1 0
116467 0 6 46 1 0
116837 0 6 46 1 0
117093 0 6 46 1 0
537628 1 3 46 1 0
539046 0 6 46 3 0
542373 0 6 46 1 0
33581 1 3 47 0 0
33588 0 6 47 1 0
35299 0 6 47 1 0
105113 1 4 47 3 0
115949 0 6 47 1 0
115954 1 4 47 1 0
116089 1 2 47 1 0
116431 0 6 47 1 0
116517 0 6 47 1 0
116875 0 6 47 1 0
116894 0 6 47 3 0
116982 0 6 47 1 0
117047 0 6 47 1 0
117355 0 6 47 1 0
362965 0 6 47 1 0
538333 0 6 47 2 1
538343 1 3 47 3 1
542238 1 3 47 1 0
542578 1 3 47 2 0
115866 0 6 48 1 0
115950 0 6 48 1 0
117210 1 4 48 0 0
117815 1 3 48 3 0
537631 1 3 48 3 1
537635 0 6 48 1 0
537753 1 3 48 1 1
541059 0 6 48 1 0
541513 0 6 48 1 0
33582 1 2 49 1 0
35300 0 6 49 1 0
115952 0 6 49 3 0
115955 1 3 49 1 0
115961 0 6 49 1 0
116186 0 6 49 1 0
116521 1 3 49 3 0
116694 0 6 49 3 1
116772 1 4 49 3 0
116793 1 2 49 3 0
116983 1 4 49 1 0
118764 0 6 49 3 0
134576 1 3 49 3 0
364532 1 4 49 1 0
364803 0 6 49 1 0
541024 0 6 49 1 0
541897 0 6 49 1 0
542375 1 3 49 3 0
115729 1 3 50 1 0
115951 1 4 50 3 0
116193 1 5 50 3 1
116328 0 6 50 1 0
116711 1 4 50 1 0
117096 1 3 50 3 1
117173 0 6 50 1 0
117285 1 3 50 2 1
117593 0 6 50 1 0
450336 1 4 50 1 0
524981 0 6 50 3 0
539048 1 3 50 2 0
542148 0 6 50 4 0
542244 1 3 50 3 0
542372 0 6 50 1 0
542538 1 3 50 1 0
35153 0 6 51 1 1
35314 0 6 51 1 0
115953 1 4 51 1 0
116090 0 6 51 1 0
116129 1 2 51 1 0
116185 1 4 51 1 0
116477 1 5 51 1 0
116590 0 6 51 1 0
116876 0 6 51 3 0
117524 0 6 51 1 0
364102 1 4 51 1 0
495907 1 4 51 2 0
541067 1 2 51 1 0
541827 0 6 51 1 0
541852 0 6 51 1 0
542059 1 4 51 3 0
542121 1 4 51 1 0
34739 0 6 52 1 0
35150 1 4 52 2 0
115962 1 3 52 3 0
116277 1 3 52 1 0
116329 0 6 52 3 1
116516 1 3 52 1 0
116748 0 6 52 1 0
116870 0 6 52 1 0
117076 0 6 52 1 0
133973 0 6 52 3 0
251361 1 4 52 3 0
362841 0 6 52 1 0
362964 0 6 52 0 0
364100 1 3 52 0 0
537627 0 6 52 1 0
541026 1 3 52 3 0
541819 1 3 52 1 0
542120 0 6 52 1 0
555376 0 6 52 3 0
21378 1 4 53 3 0
33589 0 6 53 3 1
115738 0 6 53 1 0
115812 1 3 53 3 0
115956 0 6 53 1 0
115959 0 6 53 1 1
115963 0 6 53 3 0
116000 0 6 53 1 0
116130 0 6 53 1 0
116131 1 5 53 1 0
116281 1 4 53 1 0
116326 1 3 53 0 0
116476 0 6 53 3 0
116792 0 6 53 3 0
116923 1 4 53 1 0
116928 0 6 53 4 1
305244 1 4 53 3 0
364106 1 4 53 3 0
450333 1 3 53 0 0
450334 0 6 53 1 0
451085 0 6 53 1 0
451986 1 4 53 1 0
541459 0 6 53 1 0
541640 0 6 53 1 0
541773 0 6 53 1 0
542629 0 6 53 1 0
555367 0 6 53 3 0
28914 1 3 54 3 0
33814 1 2 54 4 0
34853 1 4 54 1 0
35316 0 6 54 3 0
115957 0 6 54 2 0
116361 1 4 54 1 0
116777 0 6 54 1 0
117592 0 6 54 1 0
117814 0 6 54 3 0
364802 0 6 54 1 0
450240 0 6 54 1 0
451817 0 6 54 1 0
451987 0 6 54 2 0
509513 0 6 54 3 0
539050 0 6 54 3 0
541868 0 6 54 1 0
541985 0 6 54 1 0
542214 0 6 54 1 0
542346 1 4 54 1 0
542374 0 6 54 3 0
542407 0 6 54 1 0
542536 1 4 54 3 0
33744 1 3 55 1 0
33966 0 6 55 1 0
34789 1 2 55 1 0
115980 0 6 55 1 0
116224 1 4 55 1 0
116280 0 6 55 1 0
116284 0 6 55 4 1
116327 1 4 55 0 0
116791 1 5 55 0 0
116924 0 6 55 1 0
117437 1 3 55 1 0
117471 1 5 55 1 0
364804 0 6 55 3 0
451253 0 6 55 4 0
507270 1 4 55 3 0
541051 0 6 55 1 0
541118 1 3 55 1 0
541203 0 6 55 1 0
541422 1 3 55 3 0
541506 0 6 55 1 0
541867 1 4 55 1 1
542086 1 5 55 1 0
35036 0 6 56 1 0
105431 1 3 56 3 1
115958 1 2 56 3 0
115960 0 6 56 1 0
116335 1 3 56 3 0
116824 0 6 56 1 1
117284 0 6 56 1 0
117434 0 6 56 1 0
364805 0 6 56 3 0
451912 1 5 56 1 0
452436 0 6 56 1 0
510523 1 5 56 3 1
541068 0 6 56 3 0
541544 0 6 56 1 0
541554 1 4 56 1 0
541699 1 3 56 1 0
541825 0 6 56 3 0
542588 0 6 56 1 0
28915 0 6 57 4 1
33745 0 6 57 3 0
34298 0 6 57 1 0
34316 0 6 57 1 0
34644 0 6 57 1 0
34854 0 6 57 3 0
115982 0 6 57 1 0
116336 0 6 57 4 0
116518 0 6 57 2 0
116578 1 3 57 1 0
133971 1 3 57 2 1
305245 1 4 57 4 0
364104 0 6 57 2 0
450338 1 2 57 3 0
451083 1 4 57 0 0
452277 1 3 57 1 0
452487 0 6 57 1 0
539049 0 6 57 2 0
540918 1 4 57 1 0
540975 0 6 57 1 0
541135 0 6 57 1 0
541213 1 3 57 1 0
541686 1 3 57 1 0
541986 0 6 57 1 0
542344 1 2 57 1 0
542518 0 6 57 1 0
542545 0 6 57 3 0
555424 1 4 57 4 0
33969 1 3 58 3 0
116225 0 6 58 3 0
116790 1 2 58 0 0
274900 1 2 58 3 0
364189 0 6 58 1 0
450236 0 6 58 2 0
450313 0 6 58 1 0
450408 1 2 58 1 0
450476 0 6 58 1 0
450482 0 6 58 1 0
451042 1 3 58 1 1
451185 0 6 58 1 0
540937 1 3 58 3 0
541119 0 6 58 1 1
541156 0 6 58 1 0
541458 1 2 58 1 0
541984 1 4 58 1 0
542034 0 6 58 4 0
542347 0 6 58 3 0
115726 1 2 59 1 0
115728 1 2 59 3 0
116204 1 3 59 2 0
116649 0 6 59 1 0
116747 1 4 59 1 0
116998 1 3 59 1 0
333987 1 3 59 3 0
364101 0 6 59 0 0
451291 0 6 59 1 1
452276 0 6 59 1 0
452432 1 2 59 1 0
540926 0 6 59 3 1
541347 0 6 59 1 0
541467 1 2 59 1 0
541595 0 6 59 1 0
541792 0 6 59 2 0
541823 0 6 59 1 0
541872 1 4 59 4 1
542380 0 6 59 1 0
34301 0 6 60 1 0
116472 0 6 60 3 0
364187 1 3 60 2 0
451545 1 3 60 1 0
451901 1 3 60 3 0
452278 0 6 60 1 0
452434 1 4 60 3 0
452489 1 2 60 2 1
542336 0 6 60 3 0
35070 1 3 61 1 0
116580 0 6 61 3 0
116836 0 6 61 1 0
116884 0 6 61 4 0
117347 0 6 61 1 0
117458 0 6 61 1 0
162088 0 6 61 3 1
450403 0 6 61 0 0
451044 0 6 61 3 0
451772 0 6 61 1 0
452275 1 3 61 4 1
452394 1 4 61 3 0
464228 1 4 61 3 0
541212 1 3 61 1 0
541216 0 6 61 3 0
541468 1 3 61 1 0
542006 0 6 61 3 0
542516 0 6 61 0 0
33968 0 6 62 3 0
34297 1 3 62 1 0
34299 0 6 62 1 0
34309 1 3 62 3 0
34318 0 6 62 3 0
116835 0 6 62 0 1
116885 0 6 62 4 1
117346 1 3 62 1 0
300571 1 4 62 3 1
450335 1 3 62 1 0
451041 1 2 62 1 0
451048 0 6 62 4 0
452166 0 6 62 1 0
452280 0 6 62 3 0
452486 0 6 62 0 0
452488 0 6 62 1 0
452490 0 6 62 3 0
541361 1 4 62 1 0
541603 1 3 62 1 0
541814 1 4 62 1 0
542081 1 4 62 1 0
542113 0 6 62 1 0
542553 1 3 62 1 0
542560 1 2 62 1 0
115983 0 6 63 3 0
116001 0 6 63 1 0
116562 1 3 63 0 0
117224 1 3 63 1 0
451043 1 2 63 3 1
452165 0 6 63 1 0
541080 0 6 63 1 0
541324 0 6 63 2 0
541348 0 6 63 1 0
541360 1 3 63 1 0
541795 1 4 63 1 0
22718 0 6 64 2 0
115642 0 6 64 1 0
116052 1 4 64 1 0
117000 0 6 64 3 0
211343 0 6 64 3 0
372866 0 6 64 3 0
450261 1 3 64 1 0
450493 1 3 64 1 0
451548 1 4 64 3 0
452291 0 6 64 1 0
497032 1 3 64 2 0
540955 0 6 64 1 0
541060 0 6 64 1 0
541620 0 6 64 4 1
541983 0 6 64 1 0
542302 1 5 64 1 0
542527 0 6 64 1 0
551588 1 3 64 3 0
33623 0 6 65 1 0
34051 0 6 65 1 0
34300 1 2 65 1 0
116873 1 3 65 0 0
117181 1 4 65 1 0
117406 1 3 65 4 0
215937 1 4 65 3 0
226892 1 3 65 3 0
452167 1 4 65 3 0
452393 0 6 65 3 0
541786 0 6 65 3 0
542519 0 6 65 3 1
542555 0 6 65 3 0
33647 0 6 66 1 0
33678 0 6 66 1 0
33697 0 6 66 1 0
115897 0 6 66 4 1
116920 1 3 66 1 0
118094 0 6 66 3 0
330788 0 6 66 3 0
452279 0 6 66 3 0
452560 0 6 66 1 0
541431 0 6 66 3 0
542005 1 3 66 1 0
542524 0 6 66 1 0
33625 1 3 67 3 0
137946 1 2 67 3 0
451546 0 6 67 1 0
452360 0 6 67 1 0
540976 0 6 67 1 0
541280 0 6 67 1 0
541350 1 3 67 3 0
541809 1 3 67 1 0
542559 0 6 67 0 0
33618 1 4 68 2 0
34235 0 6 68 3 0
34508 0 6 68 1 0
115639 1 3 68 0 0
115704 0 6 68 1 0
115880 0 6 68 1 0
116406 1 3 68 3 0
117404 0 6 68 3 0
161895 0 6 68 2 0
335618 1 2 68 3 0
541790 1 3 68 2 0
542187 1 5 68 1 0
551581 1 2 68 4 0
33622 0 6 69 1 0
115761 1 3 69 3 1
116874 0 6 69 1 0
117453 1 4 69 4 1
451466 0 6 69 1 0
488957 1 5 69 3 0
74975 0 6 70 3 0
116615 0 6 70 4 1
117127 1 3 70 4 1
281309 1 3 70 3 0
451465 1 5 70 0 0
488440 1 3 70 2 0
541303 0 6 70 3 0
542001 0 6 70 3 0
33626 0 6 71 3 1
33650 0 6 71 3 1
34163 1 2 71 1 0
35089 0 6 71 1 1
63887 0 6 71 2 0
83269 1 2 71 3 0
116258 0 6 71 1 0
335616 1 3 71 1 1
451673 0 6 71 1 0
452561 1 3 71 3 0
488955 0 6 71 1 1
541256 0 6 71 4 1
541351 1 3 71 3 0
542597 0 6 71 3 0
34507 0 6 72 0 0
43844 0 6 72 3 1
115638 1 3 72 0 0
115875 0 6 72 0 0
198799 0 6 72 3 0
437266 1 3 72 3 0
451462 0 6 72 2 0
542114 1 3 72 1 0
542188 0 6 72 1 0
115703 1 5 73 1 0
115759 1 4 73 2 0
115876 0 6 73 1 0
115879 0 6 73 1 0
161898 1 3 73 3 0
451183 0 6 73 1 0
451464 1 4 73 0 0
488441 0 6 73 2 0
34634 1 2 74 3 1
59096 0 6 74 2 0
219088 1 3 74 3 0
329870 1 3 74 3 0
34186 1 4 75 1 0
115885 0 6 75 3 0
116365 0 6 75 1 0
206410 0 6 75 3 0
451190 0 6 75 3 1
451467 1 3 75 3 0
452559 0 6 75 1 0
541898 0 6 75 1 0
542115 1 4 75 1 0
34171 1 2 76 1 0
117273 0 6 76 1 0
148504 0 6 76 3 1
198098 1 4 76 3 0
368795 0 6 76 3 0
541470 0 6 76 1 0
35157 0 6 77 1 0
63888 1 4 77 2 0
142308 0 6 77 3 0
2404 0 6 78 3 0
34241 1 4 78 1 0
102757 1 3 78 3 0
143485 1 3 78 3 0
357694 0 6 78 3 0
34174 1 5 79 1 0
229031 1 3 79 3 0
293032 1 4 79 2 1
450208 1 3 79 4 1
34632 1 4 80 1 0
35104 1 3 80 1 0
436963 1 3 80 3 0
541472 1 2 80 3 0
34187 0 6 81 3 0
35158 0 6 81 1 1
283903 0 6 81 3 0
293030 1 4 81 0 0
410638 1 3 81 3 0
68517 0 6 82 2 1
293022 0 6 82 0 0
293033 0 6 82 3 0
357693 1 2 82 3 0
363716 1 4 82 2 0
35295 1 2 83 1 0
102451 0 6 83 1 0
34183 0 6 84 3 0
35099 1 4 84 3 0
35159 0 6 84 3 0
293021 0 6 84 0 0
307741 1 3 84 3 0
327393 1 3 84 3 0
436962 0 6 84 3 0
34473 0 6 85 1 0
47864 0 6 85 2 0
73066 1 4 85 3 0
192424 1 4 85 3 0
357697 1 3 85 1 0
33643 1 4 86 1 0
327391 0 6 86 1 0
34799 1 4 87 1 0
34960 0 6 87 1 1
35319 1 3 87 1 0
293024 1 4 87 2 0
293031 1 3 87 0 0
326268 0 6 87 1 0
357625 0 6 87 1 0
357695 1 4 87 3 0
357698 0 6 87 1 0
34014 1 4 88 1 0
34475 1 3 88 3 0
34821 0 6 88 1 0
292950 0 6 88 3 0
327849 0 6 88 1 0
356427 0 6 88 1 0
356541 1 4 88 1 0
33644 1 3 89 1 0
34870 0 6 89 1 0
277441 0 6 89 3 0
356424 1 3 89 1 0
356721 0 6 89 1 0
34655 1 4 90 1 0
34798 1 4 90 1 1
34846 1 3 90 1 0
34871 1 2 90 1 0
34959 1 4 90 0 0
292942 0 6 90 3 0
327935 1 3 90 1 0
353349 0 6 90 3 0
356542 1 2 90 1 1
356879 0 6 90 1 0
357628 0 6 90 3 0
357696 0 6 90 1 0
33646 1 3 91 3 0
34690 1 3 91 1 0
35196 1 3 91 1 0
35318 0 6 91 1 0
326593 1 2 91 4 0
327848 0 6 91 1 0
356480 1 2 91 1 0
357542 1 3 91 1 0
358048 0 6 91 1 0
34409 1 4 92 1 0
34801 1 3 92 3 1
35140 1 5 92 1 0
326852 0 6 92 1 0
327020 1 3 92 1 0
353351 1 3 92 3 0
356425 0 6 92 1 0
357626 0 6 92 1 0
358038 0 6 92 1 0
33635 0 6 93 0 0
34282 1 4 93 1 0
34420 1 2 93 1 0
34905 1 3 93 1 0
34964 0 6 93 3 0
356725 1 4 93 3 0
34837 0 6 94 0 0
35139 0 6 94 1 0
327937 1 4 94 3 0
353359 1 3 94 3 0
356419 0 6 94 3 0
356722 1 3 94 2 0
357627 1 3 94 3 0
358050 0 6 94 3 0
424374 1 3 94 3 0
34694 1 5 95 3 0
34785 0 6 95 2 0
35143 0 6 95 3 0
35197 1 3 95 3 0
356426 1 4 95 1 0
356467 0 6 95 1 0
356481 1 2 95 3 0
357522 1 4 95 3 0
33668 0 6 96 0 1
33947 0 6 96 1 0
34283 0 6 96 1 0
34284 0 6 96 1 0
34635 0 6 96 3 0
34961 1 4 96 1 0
35192 0 6 96 1 0
327934 1 5 96 0 0
357196 1 4 96 1 0
34838 1 4 97 1 0
83342 0 6 97 3 0
327938 1 3 97 3 1
356428 1 2 97 3 0
356682 1 3 97 1 0
357136 1 3 97 1 0
357630 0 6 97 1 1
34373 1 2 98 0 0
34839 1 2 98 1 0
332507 0 6 98 3 0
357213 1 3 98 1 0
357624 0 6 98 0 0
463504 0 6 98 3 0
33935 1 3 99 4 1
82699 0 6 99 1 0
327936 0 6 99 1 0
356679 0 6 99 1 0
356680 1 4 99 3 0
356683 0 6 99 1 0
357137 1 4 99 2 0
357257 1 3 99 1 0
357750 0 6 99 1 0
33753 0 6 100 1 0
33819 1 4 100 1 0
332956 0 6 100 4 1
356492 1 5 100 1 0
356727 1 4 100 3 0
34191 0 6 101 1 0
34529 0 6 101 1 0
34841 0 6 101 3 1
34963 1 3 101 3 0
357134 1 4 101 0 1
357245 1 4 101 1 0
357258 1 3 101 1 0
358005 0 6 101 1 0
33816 0 6 102 0 0
34192 0 6 102 3 0
82917 0 6 102 1 0
83259 0 6 102 1 1
248613 0 6 102 3 0
356766 1 3 102 1 0
357015 1 4 102 1 0
357194 1 3 102 1 0
357214 0 6 102 1 0
357249 1 3 102 0 0
357623 0 6 102 3 0
357751 0 6 102 2 0
357963 0 6 102 1 0
464618 0 6 102 3 0
35238 1 5 103 1 0
89011 1 3 103 3 0
356432 1 4 103 1 0
356795 0 6 103 1 0
357104 0 6 103 3 1
357138 0 6 103 2 0
357212 1 2 103 0 0
357259 1 4 103 3 0
357821 1 3 103 1 0
345717 1 3 104 3 0
357014 0 6 104 1 0
357193 1 3 104 1 0
357247 1 3 104 1 0
463503 1 3 104 1 0
356352 0 6 105 1 0
356796 0 6 105 1 0
356849 1 3 105 0 0
357135 0 6 105 0 0
357246 0 6 105 1 0
357753 0 6 105 3 0
358028 1 3 105 2 0
82916 0 6 106 1 1
84236 0 6 106 1 0
317171 1 3 106 4 1
356949 0 6 106 1 0
357536 1 3 106 1 0
357822 1 4 106 1 0
358029 1 3 106 3 0
356799 1 3 107 3 0
356947 1 4 107 0 0
357208 0 6 107 1 0
357215 1 4 107 2 0
357442 1 3 107 1 0
357826 1 2 107 3 0
463232 0 6 107 1 0
356354 0 6 108 3 0
357331 1 5 108 1 0
463055 0 6 108 1 0
464000 0 6 108 1 0
82915 0 6 109 1 0
84233 1 2 109 3 0
356357 0 6 109 1 0
356471 0 6 109 1 0
356898 1 3 110 3 0
463505 1 3 110 3 0
463999 1 4 110 1 0
464263 1 3 110 2 0
357216 1 4 111 2 0
357824 1 3 111 1 0
463462 1 4 111 1 0
464519 0 6 111 4 0
84234 1 4 112 3 0
357475 0 6 112 1 1
463573 0 6 112 1 0
464740 1 3 112 1 0
84179 0 6 114 1 0
357145 0 6 114 1 0
464653 0 6 114 3 1
548862 1 3 114 2 0
463662 1 3 115 3 0
464043 1 2 115 1 0
489522 0 6 118 2 0
357144 1 3 119 1 0
463574 0 6 120 1 0
357139 1 3 121 0 0
357146 1 3 121 2 0
357147 0 6 122 3 0
357141 1 4 123 1 0
463579 0 6 125 3 0
357140 0 6 127 1 0
