109952 1 2 4 1
414589 1 3 3 3
344763 1 3 3 3
243140 1 3 3 3
243138 0 3 5 3
243139 0 3 6 3
344762 0 3 5 3
414588 0 3 5 3
300201 1 4 3 2
334392 1 4 2 2
322788 1 4 2 3
291620 1 4 2 1
244403 1 4 2 1
244402 0 4 5 1
244406 0 4 5 1
291619 0 4 5 1
291621 0 4 5 1
334391 0 4 5 2
334393 0 4 5 2
116756 1 5 3 3
538175 1 5 1 2
460981 1 5 1 1
116754 0 5 5 3
116755 0 5 5 3
460983 0 5 5 1
460984 0 5 5 1
538173 0 5 5 2
538176 0 5 5 2
300199 1 6 3 2
244265 1 6 3 3
322794 1 6 2 3
291618 1 6 2 4
35008 1 6 2 1
292527 1 6 1 1
35010 0 6 5 1
35011 0 6 5 1
244264 0 6 5 3
244266 0 6 5 3
291615 0 6 5 4
292525 0 6 5 1
292526 0 6 5 1
292529 0 6 5 1
300197 0 6 5 2
244404 1 7 1 1
116881 1 7 1 1
244405 0 7 5 1
548893 1 8 2 3
538164 1 9 2 1
538165 0 9 5 1
244409 1 10 3 0
116880 1 10 3 1
34291 1 10 3 1
292033 1 10 1 2
34334 1 10 1 1
34335 0 10 5 1
34336 0 10 5 1
34338 0 10 5 1
116882 0 10 7 1
244411 0 10 5 0
34293 1 11 5 1
548501 1 12 3 1
291989 1 12 3 3
33564 1 12 3 1
291943 1 12 2 1
116881 0 12 5 2
116883 0 12 5 2
291987 0 12 5 3
291988 0 12 5 3
548500 0 12 5 1
548502 0 12 5 1
548503 0 12 5 1
548504 0 12 5 1
548505 0 12 5 1
291946 1 13 3 1
548888 1 13 2 3
116736 1 13 2 1
33764 1 13 2 1
33565 1 13 5 1
33566 1 13 5 1
116738 0 13 5 1
291942 1 13 5 1
291944 1 13 5 1
291948 0 13 5 1
548887 0 13 5 3
548889 0 13 5 3
293122 1 14 3 1
538167 1 14 1 1
117571 1 14 1 1
117570 0 14 5 1
117573 0 14 5 1
117574 0 14 5 1
117575 0 14 5 1
293124 0 14 5 1
293125 0 14 5 1
538165 0 14 5 1
538166 0 14 8 1
79058 1 15 2 3
79059 0 15 5 3
537567 1 16 2 1
116182 1 16 2 1
34813 1 16 2 1
34795 1 16 2 1
33765 1 16 2 1
548506 1 16 1 3
34294 1 16 1 3
34293 0 16 5 3
34295 0 16 5 3
34794 0 16 5 1
34796 0 16 5 1
537569 0 16 5 1
538164 1 16 5 1
115693 1 17 4 1
34584 1 17 3 1
538255 1 17 2 1
549796 1 17 1 2
33764 1 17 5 1
33766 1 17 5 1
33767 1 17 5 1
34585 0 17 5 1
34586 0 17 5 1
116183 1 17 5 1
116184 1 17 5 1
549797 0 17 5 2
549798 0 17 5 2
115692 1 18 5 1
34994 1 19 3 1
537566 1 19 2 0
35260 1 19 2 1
34270 1 19 2 4
34995 0 19 5 1
35262 0 19 5 1
537568 0 19 5 0
537569 0 19 5 0
538724 1 20 3 1
116093 1 20 2 1
34457 1 20 2 1
255293 1 20 1 3
116094 0 20 5 1
116095 0 20 5 1
116097 0 20 5 1
255292 0 20 7 3
538725 0 20 5 1
538727 0 20 5 1
538728 0 20 5 1
538729 0 20 5 1
539092 1 21 2 1
538691 1 21 2 1
538254 1 21 2 3
35037 1 21 2 1
34815 1 21 1 3
34458 1 21 5 1
34459 1 21 5 1
34813 0 21 5 3
538252 0 21 5 3
538253 0 21 5 3
538690 0 21 5 1
538692 0 21 6 1
539094 0 21 5 1
539095 0 21 5 1
33760 1 22 3 0
255293 0 22 5 3
463760 0 22 5 3
463764 0 22 5 3
115694 0 23 13 3
33551 1 23 3 1
33552 0 23 5 1
538335 1 24 3 0
176116 1 24 3 2
34269 1 24 3 4
116480 1 24 2 1
35268 1 24 2 1
538285 1 24 1 1
35040 1 24 1 1
34270 0 24 5 4
35042 0 24 5 1
35269 0 24 5 1
115692 1 24 5 3
538334 0 24 5 0
538338 0 24 5 0
538339 0 24 5 0
538690 0 24 5 3
538723 0 24 5 1
541159 1 25 3 0
115831 1 25 3 1
115689 1 25 3 1
33681 1 25 3 3
538694 1 25 2 1
33941 1 25 2 1
33938 0 25 5 1
33939 0 25 5 1
33942 0 25 5 1
115687 0 25 5 1
115691 0 25 5 1
117194 0 25 5 3
538695 0 25 5 1
541160 0 25 5 0
35236 1 26 2 1
20121 1 26 2 2
35237 0 26 5 1
115832 1 26 5 1
115833 1 26 5 1
115835 1 26 5 1
537705 1 27 3 1
116852 1 27 3 1
34470 1 27 3 1
539112 1 27 2 4
538341 1 27 2 1
116572 1 27 1 3
33940 1 27 1 1
20122 1 27 5 2
33938 0 27 5 1
33939 0 27 5 1
33941 0 27 5 1
33942 0 27 5 1
116571 0 27 5 3
116850 0 27 5 1
116853 0 27 5 1
116854 0 27 5 1
538344 0 27 5 1
538632 1 28 4 1
115736 1 28 3 1
35125 1 28 3 1
541850 1 28 2 0
538863 1 28 2 1
538556 1 28 2 1
538181 1 28 2 0
537978 0 28 6 0
34809 1 28 1 1
34471 1 28 5 1
115738 0 28 5 1
115740 0 28 5 1
115741 0 28 5 1
537704 1 28 5 1
537708 1 28 5 1
537977 0 28 5 1
537979 0 28 5 1
538182 0 28 5 0
538185 0 28 5 0
538554 0 28 5 1
538555 0 28 5 1
538557 0 28 5 1
538558 0 28 5 1
538559 0 28 5 1
538861 0 28 5 1
541851 0 28 5 0
541854 0 28 5 0
538566 0 29 24 3
117330 1 29 4 1
34411 1 29 3 1
538336 1 29 2 0
537706 1 29 2 1
34215 1 29 2 3
538085 1 29 1 3
156375 1 29 1 3
116840 1 29 1 3
34213 0 29 5 3
34214 0 29 5 3
34410 0 29 5 1
34412 0 29 5 1
35126 1 29 5 1
35127 1 29 5 1
116839 0 29 5 3
156376 0 29 5 3
537704 0 29 5 1
537707 0 29 5 1
537979 0 29 5 0
538082 0 29 5 3
538083 0 29 5 3
538334 0 29 5 0
538337 0 29 5 0
538631 1 29 5 1
539038 1 30 3 1
538954 1 30 3 1
538854 1 30 3 1
116851 1 30 3 0
35086 1 30 1 1
35087 0 30 5 1
116850 0 30 5 0
116854 0 30 5 0
116855 0 30 5 0
537977 0 30 5 3
537978 0 30 5 3
537980 0 30 5 3
538852 0 30 5 1
538855 0 30 5 1
538856 0 30 5 1
539040 0 30 5 1
541848 1 31 2 3
537851 1 31 2 2
537848 0 31 5 2
537850 0 31 5 2
538955 1 31 5 1
538956 1 31 5 1
541845 0 31 5 3
541846 0 31 5 3
541847 0 31 5 3
541849 0 31 5 3
35144 1 32 3 4
34173 1 32 3 1
557414 1 32 2 3
538186 1 32 2 3
537930 1 32 2 3
363843 1 32 2 3
116160 1 32 2 1
117419 1 32 1 3
117329 1 32 1 4
115739 1 32 1 1
115736 0 32 5 1
115737 0 32 5 1
115738 0 32 5 1
116854 1 32 5 0
116855 1 32 5 0
117328 0 32 5 4
537928 0 32 5 3
537929 0 32 5 3
538182 0 32 5 3
538183 0 32 5 3
538184 0 32 5 3
538185 0 32 5 3
557413 0 32 5 3
542254 1 33 3 1
541375 1 33 3 3
538953 1 33 3 1
385503 1 33 3 3
117441 1 33 3 1
538699 1 33 2 1
204480 1 33 2 3
116159 1 33 5 1
116163 1 33 5 1
117440 0 33 5 1
117443 0 33 5 1
204476 0 33 5 3
204477 0 33 5 3
204478 0 33 5 3
204479 0 33 5 3
385502 0 33 5 3
538700 0 33 5 1
538701 0 33 5 1
538702 0 33 5 1
542255 0 33 5 1
539047 1 34 4 2
362974 1 34 3 3
116223 1 34 3 1
558425 1 34 2 4
117499 1 34 2 1
115758 1 34 2 1
34691 1 34 2 1
34679 1 34 2 1
34469 1 34 2 1
33506 1 34 2 1
538770 1 34 1 1
33504 0 34 5 1
33508 0 34 5 1
34471 0 34 5 1
34678 0 34 5 1
34680 0 34 5 1
34690 0 34 5 1
34692 0 34 5 1
34693 0 34 5 1
34694 0 34 5 1
34695 0 34 5 1
115757 0 34 5 1
115760 0 34 5 1
116162 0 34 5 0
116163 0 34 5 0
116224 0 34 5 1
117500 0 34 5 1
117501 0 34 5 1
538767 0 34 5 1
538771 0 34 5 1
538955 1 34 5 1
537720 1 35 3 1
367022 1 35 3 3
117130 1 35 3 1
537621 1 35 2 1
117467 1 35 2 3
116194 1 35 2 2
116556 1 35 1 3
116555 0 35 5 3
367020 0 35 5 3
537619 0 35 5 1
537620 0 35 5 1
537719 0 35 5 1
537721 0 35 5 1
537722 0 35 5 1
537723 0 35 5 1
538767 0 35 5 3
538769 0 35 5 3
538770 0 35 5 3
539048 1 35 5 2
539049 1 35 5 2
541847 0 35 5 1
541848 0 35 5 1
537950 1 36 3 1
115921 1 36 3 1
559318 1 36 2 1
538360 1 36 2 1
116278 1 36 2 3
115826 1 36 2 1
34594 1 36 2 0
539136 1 36 1 3
117445 1 36 1 3
33522 1 36 1 2
34593 0 36 5 0
34596 0 36 5 0
34597 0 36 5 0
34690 0 36 5 3
34693 0 36 5 3
34694 0 36 5 3
115736 0 36 5 1
115828 0 36 5 1
115830 0 36 5 1
116276 0 36 5 3
116277 0 36 5 3
117132 1 36 5 1
537951 0 36 5 1
537952 0 36 5 1
538362 0 36 5 1
539133 0 36 5 3
539137 0 36 5 3
323866 1 37 3 3
205114 1 37 3 1
34681 1 37 3 1
33507 1 37 3 3
538139 1 37 2 1
119320 1 37 2 3
116242 1 37 2 1
33638 1 37 2 3
33636 0 37 5 3
116245 0 37 5 1
119318 0 37 5 3
119319 0 37 5 3
323867 0 37 5 3
538138 0 37 5 1
538660 1 38 3 3
115836 1 38 3 4
537843 1 38 2 1
432036 0 38 6 3
34600 1 38 2 0
115608 1 38 1 1
34446 1 38 1 1
34447 0 38 5 1
34448 0 38 5 1
34680 1 38 5 1
34683 1 38 5 1
115609 0 38 5 1
115610 0 38 5 1
115611 0 38 5 1
432032 0 38 5 2
432033 0 38 6 2
432035 0 38 5 2
537842 0 38 5 1
537845 0 38 5 1
537846 0 38 5 1
538658 0 38 5 3
538661 0 38 5 3
538364 1 39 3 3
116451 1 39 3 1
115740 1 39 3 3
37926 1 39 3 3
539043 1 39 2 4
537997 1 39 2 1
458737 1 39 2 3
432038 1 39 2 3
116244 1 39 2 1
450331 1 39 1 3
34601 1 39 5 0
34602 1 39 5 0
34603 1 39 5 0
37922 0 39 5 3
37923 0 39 5 3
37924 0 39 5 3
37925 0 39 5 3
115736 0 39 5 3
115738 0 39 5 3
115741 0 39 5 3
116242 0 39 5 1
116245 0 39 5 1
116247 0 39 5 1
432032 0 39 5 3
432037 0 39 5 3
450332 0 39 5 3
458736 0 39 5 3
537998 0 39 5 1
538361 0 39 5 3
538363 0 39 5 3
119321 1 40 3 3
116304 1 40 2 4
115922 0 40 6 3
115827 1 40 2 1
541241 1 40 1 1
538002 1 40 1 3
115826 0 40 5 1
115828 0 40 5 1
115829 0 40 5 1
115923 0 40 5 1
115924 0 40 5 1
119318 0 40 6 3
541239 0 40 5 1
541240 0 40 5 1
541242 0 40 5 1
116895 1 41 3 1
116770 0 41 7 1
538342 1 41 2 1
34623 1 41 2 3
538666 1 41 1 3
538611 1 41 1 1
432034 0 41 5 1
432036 0 41 5 1
432038 0 41 5 1
538340 0 41 5 1
538341 0 41 5 1
538610 0 41 5 1
538612 0 41 5 1
538613 0 41 5 1
538663 0 41 5 3
538664 0 41 5 3
537667 1 42 3 1
116690 1 42 3 1
117213 1 42 2 1
116838 1 42 2 1
116082 1 42 2 3
538042 1 42 1 1
117515 1 42 1 1
116083 0 42 5 3
116691 0 42 5 1
116692 0 42 5 1
116694 0 42 5 1
116771 1 42 5 1
116773 1 42 5 1
116836 0 42 5 1
116837 0 42 5 1
116839 0 42 5 1
116897 1 42 5 1
117210 0 42 6 1
117211 0 42 5 1
117212 0 42 5 1
117215 0 42 5 1
117517 0 42 5 1
538045 0 42 5 1
541187 1 43 2 1
537636 1 43 2 3
116769 1 43 2 1
116723 1 43 2 1
116192 1 43 2 3
537634 0 43 5 3
537455 1 43 1 4
116193 0 43 6 3
116721 0 43 5 1
116725 0 43 5 1
116771 0 43 5 1
119321 0 43 5 0
537456 0 43 5 4
537635 0 43 5 1
537633 0 43 5 3
537637 0 43 5 3
537668 1 43 5 1
541188 0 43 5 1
541189 0 43 5 1
541191 0 43 5 1
116740 0 44 24 3
115954 1 44 3 1
105113 1 44 3 3
537628 1 44 2 1
115868 1 44 2 1
432035 1 44 1 2
115865 0 44 5 1
115867 0 44 5 1
115871 0 44 5 1
432032 0 44 5 2
432037 0 44 5 2
432038 0 44 5 2
537625 0 44 5 1
537626 0 44 5 1
537631 0 44 5 1
542578 1 45 2 2
542238 1 45 2 1
538343 1 45 2 3
33581 1 45 2 0
105112 1 45 5 3
117213 0 45 5 0
117214 0 45 5 0
117216 0 45 5 0
538340 0 45 5 3
538341 0 45 5 3
538342 0 45 5 3
538344 0 45 5 3
542577 0 45 5 2
542581 0 45 5 2
364532 1 46 3 1
116983 1 46 3 1
116772 1 46 3 3
537753 1 46 2 1
117815 1 46 2 3
116089 1 46 1 1
116769 0 46 5 3
116771 0 46 5 3
116773 0 46 5 3
116984 0 46 5 1
117811 0 46 5 3
117812 0 46 5 3
117814 0 46 5 3
537625 0 46 5 3
537627 0 46 5 3
537630 0 46 5 3
537754 0 46 5 1
537755 0 46 5 1
116477 1 47 4 1
450336 1 47 3 1
116711 1 47 3 1
115951 1 47 3 3
542375 1 47 2 3
134576 1 47 2 3
116521 1 47 2 3
115955 1 47 2 1
115953 0 47 5 1
115954 0 47 5 1
115956 0 47 5 1
115958 0 47 5 1
116192 1 47 5 3
116517 0 47 5 3
116519 0 47 5 3
116710 0 47 5 1
116712 0 47 5 1
116713 0 47 5 1
364531 1 47 5 1
364533 1 47 5 1
542372 0 47 5 3
542121 1 48 3 1
542059 1 48 3 3
495907 1 48 3 2
364102 0 48 7 0
116185 1 48 3 1
542538 1 48 2 1
542244 1 48 2 3
539048 1 48 2 2
117285 1 48 2 2
117096 1 48 2 3
115729 1 48 2 1
116793 1 48 1 3
33582 1 48 1 1
33581 0 48 5 1
33585 0 48 5 1
115957 0 48 5 1
115958 0 48 5 1
116186 0 48 5 1
116790 0 48 5 3
116792 0 48 5 3
117093 0 48 5 3
117094 0 48 5 3
117095 0 48 5 3
117097 0 48 5 3
117283 0 48 5 2
524982 0 48 5 3
539047 0 48 5 2
542120 0 48 5 1
542122 0 48 5 1
542539 0 48 5 1
542540 0 48 5 1
542541 0 48 5 1
542542 0 48 5 1
116131 0 49 6 1
251361 1 49 3 3
35150 1 49 3 2
251360 0 49 5 3
364101 1 49 5 1
364104 1 49 5 1
364105 1 49 5 1
364106 1 49 5 1
451986 1 50 3 1
305244 1 50 3 3
116923 1 50 3 1
116281 1 50 3 1
21378 1 50 3 3
541819 1 50 2 1
541026 1 50 2 3
364100 1 50 2 0
116516 1 50 2 1
116277 1 50 2 1
115962 1 50 2 3
541067 1 50 1 1
116129 1 50 5 1
35149 1 50 5 2
116130 0 50 5 1
116133 0 50 5 1
116135 0 50 5 1
116280 0 50 5 1
116282 0 50 5 1
116520 0 50 5 1
116925 0 50 5 1
364103 0 50 5 0
364104 0 50 5 0
364105 0 50 5 0
541025 0 50 5 3
541027 0 50 5 3
541065 0 50 5 1
542086 1 51 4 1
117471 1 51 4 1
116791 1 51 4 0
542536 1 51 3 3
542346 1 51 3 1
116361 1 51 3 1
34853 1 51 3 1
450333 1 51 2 0
116326 1 51 2 0
115812 1 51 2 3
21374 1 51 5 3
21377 1 51 5 3
34852 0 51 5 1
34854 0 51 5 1
116363 0 51 5 1
450334 0 51 5 0
450335 0 51 5 0
450336 0 51 5 0
450337 0 51 5 0
451985 1 51 5 1
451987 1 51 5 1
451988 1 51 5 1
542344 0 51 5 1
542406 0 51 5 1
510523 1 52 4 3
451912 1 52 4 1
541867 1 52 3 1
507270 1 52 3 3
116327 1 52 3 0
116224 1 52 3 1
28914 1 52 2 3
116330 1 52 5 0
116793 1 52 5 0
507271 0 52 5 3
542087 1 52 5 1
542088 1 52 5 1
541554 1 53 3 1
541422 1 53 2 3
541118 1 53 2 1
117437 1 53 2 1
33744 1 53 2 1
33814 1 53 1 4
116223 1 53 5 1
116225 1 53 5 1
116226 1 53 5 1
116328 1 53 5 0
116329 1 53 5 0
117434 0 53 5 1
117435 0 53 5 1
117438 0 53 5 1
451913 1 53 5 1
451914 1 53 5 1
541120 0 53 5 1
541868 1 53 5 1
541869 1 53 5 1
541871 1 53 5 1
117359 0 54 13 3
555424 1 54 3 4
540918 1 54 3 1
451083 1 54 3 0
305245 1 54 3 4
541699 1 54 2 1
116335 1 54 2 3
105431 1 54 2 3
34789 1 54 1 1
34790 0 54 5 1
34791 0 54 5 1
34792 0 54 5 1
116336 0 54 5 3
451084 0 54 5 0
451085 0 54 5 0
451087 0 54 5 0
540919 0 54 5 1
540920 0 54 5 1
540921 0 54 5 1
540922 0 54 5 1
540923 0 54 5 1
541551 1 54 5 1
541552 1 54 5 1
541556 1 54 5 1
541698 0 54 5 1
555422 0 54 5 4
555423 0 54 5 4
541984 1 55 3 1
541686 1 55 2 1
541213 1 55 2 1
452277 1 55 2 1
133971 1 55 2 2
116578 1 55 2 1
115958 1 55 1 3
115953 0 55 5 3
115955 0 55 5 3
115957 0 55 5 3
116576 0 55 5 1
116577 0 55 5 1
116579 0 55 5 1
116580 0 55 5 1
133973 0 55 5 2
133974 0 55 5 2
305244 1 55 5 4
452276 0 55 5 1
452278 0 55 5 1
452279 0 55 5 1
452280 0 55 5 1
541212 0 55 5 1
541214 0 55 5 1
541215 0 55 5 1
541216 0 55 5 1
541687 0 55 5 1
541689 0 55 5 1
541872 1 56 3 4
116747 1 56 3 1
540937 1 56 2 3
451042 1 56 2 1
33969 1 56 2 3
542344 1 56 1 1
450338 1 56 1 3
33967 0 56 5 3
116749 0 56 5 1
116750 0 56 5 1
450335 0 56 5 3
450336 0 56 5 3
450337 0 56 5 3
451041 0 56 5 1
451043 0 56 5 1
451044 0 56 5 1
542346 0 56 5 1
452434 0 57 6 1
333987 1 57 2 3
116998 1 57 2 1
116204 1 57 2 2
541458 1 57 1 1
450408 1 57 1 1
274900 1 57 1 3
116790 1 57 1 0
116201 0 57 5 2
116203 0 57 5 2
116792 0 57 5 0
116793 0 57 5 0
541459 0 57 5 1
541460 0 57 5 1
464228 1 58 3 3
452394 1 58 3 3
451901 1 58 2 3
451545 1 58 2 1
364187 1 58 2 2
541467 1 58 1 1
452432 1 58 1 1
115728 1 58 1 3
115726 1 58 1 1
115727 0 58 5 1
116997 1 58 5 1
452390 0 58 5 3
452393 0 58 5 3
541469 0 58 5 1
541471 0 58 5 1
541472 0 58 5 1
542081 1 59 3 1
541814 1 59 3 1
541361 1 59 3 1
300571 1 59 3 3
541468 1 59 2 1
452275 1 59 2 4
35070 1 59 2 1
452489 1 59 1 2
300572 0 59 5 3
452486 0 59 5 2
452487 0 59 5 2
464225 1 59 5 3
464226 1 59 5 3
541214 0 59 5 1
541216 0 59 5 1
541217 0 59 5 1
541467 0 59 5 1
541469 0 59 5 1
541472 0 59 5 1
542082 0 59 5 1
542083 0 59 5 1
542302 1 60 4 1
541795 1 60 3 1
542553 1 60 2 1
541603 1 60 2 1
117346 1 60 2 1
34309 1 60 2 3
34297 1 60 2 1
34298 0 60 5 1
34300 0 60 5 1
34301 0 60 5 1
34310 0 60 5 3
35071 1 60 5 1
117349 0 60 5 1
541363 1 60 5 1
541602 0 60 5 1
541605 0 60 5 1
541815 1 60 5 1
542554 0 60 5 1
451548 1 61 3 3
116052 1 61 3 1
541360 1 61 2 1
117224 1 61 2 1
116562 1 61 2 0
542560 1 61 1 1
451041 1 61 1 1
116563 0 61 5 0
117226 0 61 5 1
117227 0 61 5 1
450333 1 61 5 1
450334 1 61 5 1
450337 1 61 5 1
450338 1 61 5 1
451044 0 61 5 1
541364 0 61 5 1
541793 1 61 5 1
541794 1 61 5 1
541797 1 61 5 1
541798 1 61 5 1
542559 0 61 5 1
452167 1 62 3 3
215937 1 62 3 3
117181 1 62 3 1
551588 1 62 2 3
497032 1 62 2 2
450493 1 62 2 1
450261 1 62 2 1
451043 1 62 1 3
117179 0 62 5 1
117180 0 62 5 1
450262 0 62 5 1
450263 0 62 5 1
450266 0 62 5 1
450494 0 62 5 1
450495 0 62 5 1
451042 0 62 5 3
452168 0 62 5 3
541619 0 62 5 4
551584 0 62 5 3
551589 0 62 5 3
551590 0 62 5 3
226892 1 63 2 3
117406 1 63 2 4
116873 1 63 2 0
116876 0 63 5 0
542187 1 64 4 1
542005 1 64 2 1
116920 1 64 2 1
34301 0 64 5 1
488957 1 65 4 3
33618 1 65 3 2
541809 1 65 2 1
541350 1 65 2 3
33625 1 65 2 3
33620 0 65 5 3
33621 0 65 5 3
33622 0 65 5 3
33624 0 65 5 3
33626 0 65 5 3
541348 0 65 5 3
541349 0 65 5 3
541351 0 65 5 3
451465 1 66 4 0
117453 1 66 3 4
541790 1 66 2 2
116406 1 66 2 3
115639 1 66 2 0
137946 1 66 1 3
115638 0 66 5 0
115640 0 66 5 0
115641 0 66 5 0
117452 0 66 5 4
488954 1 66 5 3
541789 0 66 5 2
541807 1 66 5 1
115761 1 67 2 3
551581 1 67 1 4
335618 1 67 1 3
115758 0 67 5 3
115759 0 67 6 3
451466 1 67 5 0
488440 1 68 2 2
281309 1 68 2 3
117127 1 68 2 4
115703 1 69 4 1
452561 1 69 2 3
335616 1 69 2 1
335615 0 69 5 1
335618 0 69 5 1
452559 0 69 5 3
541347 0 69 5 3
541348 0 69 5 3
541349 0 69 5 3
541350 0 69 5 3
451464 1 70 3 0
542114 1 70 2 1
437266 1 70 2 3
83269 1 70 1 3
34163 1 70 1 1
34164 0 70 5 1
34165 0 70 5 1
83270 0 70 5 3
115704 1 70 5 1
115705 1 70 5 1
115706 1 70 5 1
115757 0 70 5 2
115758 0 70 5 2
542113 0 70 5 1
542116 0 70 5 1
161898 1 71 2 3
115639 1 71 5 0
115640 1 71 5 0
451465 1 71 5 0
451466 1 71 5 0
451468 1 71 5 0
542115 1 72 3 1
34186 1 72 3 1
329870 1 72 2 3
219088 1 72 2 3
219089 0 72 5 3
542113 0 72 5 1
542114 0 72 5 1
542116 0 72 5 1
542117 0 72 5 1
198098 1 73 3 3
451467 1 73 2 3
34634 1 73 1 3
451464 0 73 5 3
451466 0 73 5 3
451468 0 73 5 3
63888 1 74 3 2
63885 0 74 5 2
63886 0 74 5 2
198096 1 74 5 3
198097 1 74 5 3
34174 1 75 4 1
34241 1 75 3 1
34171 1 75 1 1
34170 0 75 5 1
34242 0 75 5 1
34244 0 75 5 1
34377 0 76 13 3
293032 1 76 3 2
143485 1 76 2 3
102757 1 76 2 3
34173 1 76 5 1
34175 1 76 5 1
102755 0 76 5 3
143486 0 76 5 3
293031 0 76 5 2
34632 1 77 3 1
450208 1 77 2 4
229031 1 77 2 3
293030 1 78 3 0
436963 1 78 2 3
35104 1 78 2 1
34634 1 78 5 1
35103 0 78 5 1
35105 0 78 5 1
103157 1 78 5 4
363716 1 79 3 2
410638 1 79 2 3
541472 1 79 1 3
293031 1 79 5 0
293032 1 79 5 0
293033 1 79 5 0
363717 0 79 5 2
541469 0 79 5 3
35099 1 81 3 3
357693 1 81 1 3
35096 0 81 5 3
35097 0 81 5 3
357691 0 81 5 3
357695 0 81 6 3
192424 1 82 3 3
73066 1 82 3 3
327393 1 82 2 3
307741 1 82 2 3
35295 1 82 1 1
35298 0 82 5 1
73067 0 82 5 3
307742 0 82 5 3
327392 0 82 5 3
33643 1 83 3 1
357697 1 83 2 1
293024 1 84 3 2
34799 1 84 3 1
33642 1 84 5 1
33646 1 84 5 1
34797 0 84 5 1
34798 0 84 6 1
34801 0 84 5 1
357692 0 84 5 3
357693 0 84 5 3
357694 0 84 5 3
357699 1 84 5 1
356541 1 85 3 1
34014 1 85 3 1
293031 1 85 2 0
35319 1 85 2 1
35318 0 85 5 1
35321 0 85 5 1
293030 0 85 5 0
293033 0 85 5 0
356543 0 85 5 1
34475 1 86 2 3
34473 0 86 5 3
34474 0 86 5 3
34959 1 87 3 0
34655 1 87 3 1
356424 1 87 2 1
33644 1 87 2 1
34797 0 87 5 1
34799 0 87 5 1
34800 0 87 5 1
356423 0 87 5 1
356426 0 87 5 1
35140 1 88 4 1
327935 1 88 2 1
34846 1 88 2 1
33642 1 88 5 1
34847 0 88 5 1
34964 1 88 5 0
327938 0 88 5 1
34409 1 89 3 1
357542 1 89 2 1
35196 1 89 2 1
34690 1 89 2 1
33646 1 89 2 3
356542 1 89 1 1
34871 1 89 1 1
34410 0 89 5 1
34412 0 89 5 1
34692 0 89 5 1
34870 0 89 5 1
356541 0 89 5 1
356543 0 89 5 1
357544 0 89 5 1
357545 0 89 5 1
356725 0 90 7 2
34282 1 90 3 1
353351 1 90 2 3
327020 1 90 2 1
34801 1 90 2 3
356480 1 90 1 1
326593 1 90 1 4
34284 0 90 5 1
34797 0 90 5 3
34799 0 90 5 3
356721 0 90 5 3
356723 0 90 5 3
356724 0 90 5 3
34694 1 91 4 3
327937 1 91 3 3
34905 1 91 2 1
327021 1 91 5 1
327023 1 91 5 1
327938 0 91 5 3
327934 1 92 4 0
357522 1 92 3 3
356426 1 92 3 1
424374 1 92 2 3
357627 1 92 2 3
356722 1 92 2 2
353359 1 92 2 3
34420 1 92 1 1
34419 0 92 5 1
34423 0 92 5 1
34424 0 92 5 1
34690 1 92 5 3
34691 1 92 5 3
34693 1 92 5 3
353356 0 92 5 3
353357 0 92 5 3
353358 0 92 5 3
353360 0 92 5 3
356721 0 92 5 2
356723 0 92 5 2
356724 0 92 5 2
357523 0 92 5 3
357524 0 92 5 3
357626 0 92 5 3
424370 0 92 5 3
424372 0 92 5 3
357196 1 93 3 1
34961 1 93 3 1
35197 1 93 2 3
34960 0 93 5 1
34963 0 93 5 1
34964 0 93 5 1
327936 1 93 5 0
327938 1 93 5 0
356466 0 93 5 1
356468 0 93 5 1
357195 0 93 5 1
357197 0 93 5 1
357198 0 93 5 1
34838 1 94 3 1
356481 1 94 1 3
356479 0 94 5 3
357136 1 95 2 1
356682 1 95 2 1
34839 1 95 5 1
34840 1 95 5 1
34841 1 95 5 1
327936 0 95 5 3
356684 0 95 5 1
357135 0 95 5 1
357137 0 95 5 1
356492 1 96 4 1
356680 1 96 3 3
357213 1 96 2 1
356428 1 96 1 3
356425 0 96 5 3
356427 0 96 5 3
357212 0 96 5 1
357216 0 96 5 1
357217 0 96 5 1
356727 1 97 3 3
33819 1 97 3 1
357257 1 97 2 1
33935 1 97 2 4
34373 1 97 1 0
34375 0 97 5 0
34840 0 97 5 1
356495 1 97 5 1
356679 1 97 5 3
356681 1 97 5 3
357258 0 97 5 1
357259 0 97 6 1
357245 1 98 3 1
357134 1 98 3 0
33820 1 98 5 1
33823 1 98 5 1
357246 0 98 5 1
357247 0 98 5 1
35238 1 99 4 1
357015 1 99 3 1
34963 1 99 2 3
357014 0 99 5 1
357016 0 99 5 1
357135 1 99 5 0
357136 1 99 5 0
357137 1 99 5 0
356432 1 100 3 1
357249 1 100 2 0
357194 1 100 2 1
356766 1 100 2 1
357197 0 100 5 1
357821 1 101 2 1
89011 1 101 2 3
89010 0 101 5 3
357251 1 101 5 0
463503 1 102 2 1
357193 1 102 2 1
345717 1 102 2 3
357212 1 102 1 0
357195 0 102 5 1
357218 0 102 5 0
357245 0 102 5 1
463504 0 102 5 1
357822 1 103 3 1
358028 1 103 2 2
356849 1 103 2 0
357823 0 103 5 1
357824 0 103 5 1
357825 0 103 5 1
357331 1 104 4 1
357215 1 104 3 2
356947 1 104 3 0
358029 1 104 2 3
357536 1 104 2 1
317171 1 104 2 4
356850 1 104 5 0
356851 1 104 5 0
357213 0 104 5 2
357216 0 104 5 2
357217 0 104 5 2
357218 0 104 5 2
357442 1 105 2 1
356799 1 105 2 3
356795 0 105 5 3
356796 0 105 5 3
356949 1 105 5 0
356951 1 105 5 0
357332 1 105 5 1
357333 1 105 5 1
357334 1 105 5 1
357443 0 105 5 1
357444 0 105 5 1
357538 1 105 5 1
357539 1 105 5 1
357826 1 106 1 3
357821 0 106 5 3
357822 0 106 5 3
357823 0 106 5 3
357824 0 106 6 3
463233 0 106 5 1
463999 1 107 3 1
463462 1 108 3 1
464263 1 108 2 2
463505 1 108 2 3
356898 1 108 2 3
84233 1 108 1 3
356896 0 108 5 3
356897 0 108 5 3
356899 0 108 5 3
357215 0 108 5 2
357217 0 108 5 2
357218 0 108 5 2
463464 0 108 5 1
463503 0 108 5 3
463504 0 108 5 3
464000 1 108 5 1
464001 1 108 5 1
84234 1 109 3 3
84232 0 109 5 3
357821 0 109 5 1
357823 0 109 5 1
464740 1 110 2 1
548862 1 112 2 2
548863 0 112 5 2
463662 1 113 2 3
463656 0 113 5 3
463657 0 113 5 3
463661 0 113 5 3
464043 1 114 1 1
464044 0 114 5 1
357144 1 117 2 1
357143 0 117 5 1
357146 1 119 2 2
357139 1 119 2 0
357140 0 119 5 0
357141 0 119 5 0
357144 0 119 5 2
357140 1 121 5 1
357142 1 121 5 1
103158 1 334 5 4
