66332 4 3 3 0
179002 4 3 3 0
220831 4 3 3 0
274671 4 3 1 0
179918 5 4 3 0
360624 5 4 2 0
226454 6 3 3 0
282808 6 5 3 0
115776 7 3 1 0
274675 7 2 3 1
420416 7 3 3 0
420749 7 2 1 0
226765 8 3 3 0
448230 8 4 3 0
267986 9 2 3 0
282809 9 3 3 1
420415 10 4 3 0
419676 11 3 1 0
117235 12 4 1 0
116196 13 2 1 0
419566 14 2 4 1
419677 14 3 3 0
420189 14 2 1 1
117045 15 4 1 0
117232 15 4 1 1
117238 16 4 3 0
420608 18 3 1 0
419177 20 2 1 0
420382 20 2 1 0
116273 21 3 3 0
117243 21 4 1 0
419119 23 2 1 0
419941 23 2 1 0
420863 23 4 1 0
116272 24 2 0 0
132317 24 3 2 1
420865 24 2 2 0
47216 26 2 3 0
419882 26 3 2 0
419940 26 2 1 0
420110 26 2 3 0
117575 27 4 1 0
130907 27 3 2 0
419509 27 3 1 0
117257 28 3 1 0
420108 28 3 1 0
420111 28 3 3 1
420490 28 3 1 0
420114 29 2 1 0
420801 29 2 1 1
419759 30 3 1 0
116770 31 3 3 0
419596 31 2 1 0
420216 31 2 3 0
116796 32 3 4 0
419444 32 3 1 0
419594 32 3 1 0
419647 32 4 1 0
420113 32 2 1 0
420674 32 2 1 0
419700 33 3 2 0
419810 33 2 1 1
419922 33 3 1 0
420488 33 4 1 0
419930 34 2 3 0
420115 34 3 1 0
420120 34 3 1 0
419493 35 2 2 0
419530 35 3 1 0
420676 35 3 3 0
116769 36 4 2 0
419158 36 3 1 0
419735 36 4 1 0
419812 36 3 3 0
420601 36 3 4 1
420821 36 3 1 0
419210 37 2 1 0
420088 37 3 1 1
420215 37 3 3 0
116458 38 2 0 0
419123 38 3 1 0
419815 38 3 3 0
420765 38 3 1 0
419141 39 4 1 0
419216 39 2 1 0
420471 39 3 1 0
428042 39 3 1 0
419218 40 3 3 0
420190 40 2 1 0
420410 40 3 1 0
419736 41 4 3 0
419894 41 2 4 1
419011 42 4 2 0
419722 42 3 1 0
420219 42 2 2 0
420413 42 3 3 0
420706 42 3 1 0
258822 43 2 3 1
419211 43 3 1 0
419222 44 2 0 0
420426 44 4 1 0
420605 44 3 3 0
428107 44 2 0 0
259938 47 3 3 0
435091 48 3 2 0
258821 49 3 3 0
420710 50 2 3 0
419850 51 1 1 0
420712 51 2 3 0
419620 52 3 2 0
419616 54 2 0 0
419849 54 2 1 0
419336 56 4 3 0
420571 58 4 1 1
