274808 1 3 3 0
530501 1 4 2 0
360872 1 4 2 3
319748 1 4 2 0
228248 1 4 2 0
215741 1 4 2 3
64554 1 4 2 3
215740 0 4 5 3
228250 0 4 5 0
319749 0 4 5 0
319750 0 4 5 0
319751 0 4 5 0
319752 0 4 5 0
360871 0 4 5 3
360873 0 4 5 3
530503 0 4 5 0
435523 1 5 4 1
78422 1 5 3 3
475493 1 5 1 3
475491 0 5 5 3
475492 0 5 5 3
290406 1 7 1 1
290405 0 7 5 1
290408 0 7 5 1
292550 1 8 2 3
292544 0 8 5 3
292549 0 8 5 3
290401 1 9 3 1
227934 1 9 2 0
227935 0 9 5 0
292714 1 10 3 1
290402 1 10 5 1
290403 1 10 5 1
290404 1 10 5 1
292716 0 10 5 1
292717 0 10 5 1
290647 1 11 4 1
290411 1 11 3 1
355310 1 11 2 3
85423 1 11 2 3
85422 0 11 5 3
355307 0 11 5 3
355311 0 11 5 3
292643 1 12 3 3
232933 1 12 3 3
232929 0 12 5 3
232930 0 12 5 3
290646 1 12 5 1
290648 1 12 5 1
232899 1 13 2 4
291837 1 13 1 1
232900 0 13 5 4
291839 0 13 5 1
291840 0 13 5 1
292642 1 13 5 3
185911 1 14 2 3
290741 1 16 3 3
293228 1 16 2 1
290404 1 16 1 3
290398 0 16 5 3
290399 0 16 5 3
290400 0 16 5 3
290402 0 16 5 3
290403 0 16 5 3
290738 0 16 5 3
290739 0 16 5 3
451234 1 19 3 3
292096 1 19 2 3
292503 1 19 1 3
292097 0 19 5 3
292501 0 19 5 3
291551 1 20 3 1
291032 1 20 2 1
14929 1 20 2 2
14931 0 20 5 2
291030 0 20 5 1
292706 1 21 3 4
291552 1 21 5 1
291553 1 21 5 1
291554 1 21 5 1
291320 1 22 2 3
291317 0 22 5 3
292097 0 22 5 3
311720 1 25 3 3
298170 1 25 3 3
292172 1 25 3 1
292170 0 25 5 1
292171 0 25 5 1
292173 0 25 5 1
292174 0 25 5 1
311719 0 25 5 3
311721 0 25 5 3
213387 1 27 4 1
290482 1 27 3 1
290481 0 27 6 1
290483 0 27 5 1
290484 0 27 5 1
290485 0 27 5 1
214346 1 28 3 0
213953 1 28 1 1
213386 1 28 5 1
213388 1 28 5 1
213952 0 28 5 1
213954 0 28 5 1
213955 0 28 5 1
214441 1 29 4 1
213351 1 29 3 1
214347 1 29 5 0
214348 1 29 5 0
213354 1 30 5 1
214439 1 30 5 1
214442 1 30 5 1
290482 0 30 5 1
290483 0 30 5 1
290485 0 30 5 1
290486 0 30 5 1
213350 1 32 4 1
213742 1 32 2 1
213743 0 32 7 1
213954 0 32 5 2
213956 0 32 5 2
213877 1 33 4 1
214101 1 33 3 1
214368 1 33 1 1
213351 1 33 5 1
213352 1 33 5 1
213354 1 33 5 1
214103 0 33 5 1
214104 0 33 6 1
214370 0 33 5 1
214371 0 33 5 1
213750 1 34 1 1
213458 1 34 1 1
213742 0 34 5 1
213744 0 34 5 1
213751 0 34 5 1
213752 0 34 5 1
213876 1 34 5 1
213879 1 34 5 1
293073 1 36 4 4
213913 1 36 3 1
214446 1 36 2 1
214101 0 36 5 3
214102 0 36 5 3
214444 0 36 5 1
214447 0 36 5 1
214448 0 36 5 1
286990 1 37 3 2
213868 1 37 3 3
212751 1 37 3 0
213247 1 37 2 2
212911 1 37 2 0
290480 1 37 1 1
212752 0 37 5 0
212753 0 37 5 0
213246 0 37 5 2
213864 0 37 5 3
213866 0 37 5 3
213867 0 37 5 3
286989 0 37 5 2
290486 0 37 5 1
213515 1 38 3 1
213352 1 38 3 1
213240 1 38 3 1
283164 1 38 2 3
214038 1 38 2 1
292170 1 38 1 1
213112 1 38 1 1
213113 0 38 5 1
213349 0 38 5 1
213350 0 38 5 1
213351 0 38 5 1
213353 0 38 5 1
213354 0 38 5 1
213517 0 38 5 1
213518 0 38 5 1
213877 0 38 5 1
214037 0 38 5 1
214039 0 38 5 1
214040 0 38 5 1
324484 1 39 3 2
213106 1 39 3 1
212916 1 39 3 3
213951 1 39 2 0
292152 1 39 1 4
212914 0 39 5 3
213107 0 39 5 1
213108 0 39 5 1
213241 1 39 5 1
213244 1 39 5 1
213952 0 39 5 0
213953 0 39 5 0
213954 0 39 5 0
292151 0 39 5 4
324485 0 39 5 2
292510 1 40 3 1
290900 1 40 3 1
213980 1 40 3 1
213849 1 40 3 4
213863 1 40 2 0
290473 1 40 1 1
213864 0 40 7 0
213865 0 40 5 0
213981 0 40 5 1
213982 0 40 5 1
213983 0 40 5 1
290475 0 40 5 1
290476 0 40 5 1
290477 0 40 5 1
290902 0 40 5 1
292509 0 40 5 1
292511 0 40 5 1
292512 0 40 5 1
214091 1 41 2 1
214089 1 41 2 4
213006 1 41 2 3
212972 1 41 2 3
212805 1 41 2 0
213005 0 41 5 3
214087 0 41 5 4
214088 0 41 5 4
214090 0 41 5 1
214092 0 41 5 1
291537 1 42 3 3
213878 1 42 2 3
213638 1 42 2 1
213443 1 42 2 2
213639 0 42 5 1
213641 0 42 5 1
213865 0 42 5 1
213866 0 42 5 1
213919 1 43 4 2
293205 1 43 2 1
214155 1 43 2 1
213801 1 43 2 4
213014 1 43 2 0
213738 1 43 1 1
213013 0 43 5 0
213015 0 43 5 0
213016 0 43 5 0
213739 0 43 5 1
213741 0 43 5 1
214156 0 43 6 1
291538 1 43 5 3
293208 0 43 5 1
293209 0 43 5 1
214078 1 44 3 1
213260 1 44 3 1
213232 1 44 3 1
293037 1 44 2 0
291712 1 44 2 1
213233 0 44 5 1
213235 0 44 5 1
213258 0 44 5 1
213917 1 44 5 2
214080 0 44 5 1
293038 0 44 5 0
293039 0 44 5 0
293040 0 44 5 0
213941 0 45 8 0
292509 1 45 4 1
213959 1 45 3 2
213671 1 45 3 3
290711 1 45 2 1
213081 1 45 2 3
292210 1 46 3 3
291713 1 46 3 3
290395 1 46 2 1
213521 1 46 2 0
213078 1 46 5 3
213080 1 46 5 3
213522 0 46 5 0
213523 0 46 5 0
213524 0 46 5 0
213525 0 46 5 0
213942 1 46 5 0
213944 1 46 5 0
214155 0 46 5 1
214157 0 46 5 1
290394 0 46 5 1
290708 1 46 5 1
290713 1 46 5 1
291711 0 46 5 3
292207 0 46 5 3
292208 0 46 5 3
292209 0 46 5 3
292211 0 46 5 3
292510 1 46 5 1
292512 1 46 5 1
213669 1 47 3 1
213559 1 47 3 1
213518 1 47 3 3
212893 1 47 3 4
213583 1 47 2 1
213481 1 47 2 1
212954 1 47 1 1
212894 0 47 5 4
212955 0 47 5 1
212956 0 47 5 1
213483 0 47 5 1
213516 0 47 5 3
213517 0 47 5 3
213584 0 47 5 1
213670 0 47 5 1
213672 0 47 5 1
290708 0 47 5 3
290709 0 47 5 3
290710 0 47 5 3
291503 1 48 3 1
161171 1 48 3 3
214290 1 48 2 1
214162 1 48 2 3
210760 1 48 2 3
210759 0 48 5 3
214292 0 48 5 1
214293 0 48 5 1
213746 1 49 4 1
214370 1 49 2 1
214180 1 49 2 1
210768 1 49 2 3
293038 1 49 1 1
161170 1 49 5 3
214178 0 49 5 1
214034 1 50 3 1
212907 1 50 3 1
213274 1 50 2 1
213095 1 50 2 1
212975 1 50 2 1
212908 0 50 5 1
212909 0 50 5 1
212976 0 50 5 1
212977 0 50 5 1
213747 1 50 5 1
213748 1 50 5 1
214182 1 51 3 3
213407 1 51 3 1
290712 1 51 1 3
213098 1 51 5 1
214180 0 51 5 3
290709 0 51 5 3
290710 0 51 5 3
290713 0 51 5 3
524823 1 52 3 3
214139 1 52 3 1
213954 1 52 3 1
194805 1 52 3 3
214063 1 52 2 4
212869 1 52 2 1
214213 1 52 1 1
213995 1 52 1 1
194806 0 52 5 3
214271 1 53 4 4
293039 1 53 3 2
214315 1 53 3 3
213156 1 53 3 1
214035 1 53 2 2
213323 1 53 2 1
213273 1 53 2 0
214209 1 53 1 1
213100 1 53 1 4
213158 0 53 5 1
213159 0 53 5 1
213274 0 53 5 0
213275 0 53 5 0
213321 0 53 5 1
213322 0 53 5 1
214034 0 53 5 2
214208 0 53 5 1
293037 0 53 5 2
291708 1 54 4 1
212953 1 54 4 3
213406 1 54 3 1
214432 1 54 2 1
214419 1 54 2 1
214174 1 54 2 1
213380 1 54 2 1
214129 1 54 1 3
213407 0 54 5 1
213408 0 54 5 1
213410 0 54 5 1
213528 0 54 5 1
213531 0 54 5 1
213532 0 54 5 1
214173 0 54 5 1
214175 0 54 5 1
214176 0 54 5 1
214420 0 54 5 1
214422 0 54 5 1
214434 0 54 5 1
419757 0 55 13 3
214429 1 55 3 1
213530 1 55 2 1
213311 1 55 2 3
212871 1 55 1 3
212870 0 55 5 3
213381 1 55 5 1
213382 1 55 5 1
213410 0 55 5 1
214428 0 55 5 1
214431 0 55 5 1
291707 1 55 5 1
291709 1 55 5 1
291710 1 55 5 1
293058 1 56 4 1
293067 1 56 3 1
290499 1 56 3 1
213923 1 56 3 3
523682 1 56 2 3
349622 1 56 2 3
214276 1 56 2 1
213859 1 56 2 1
213694 1 56 1 1
213860 0 56 5 1
213922 0 56 5 3
214277 0 56 5 1
214278 0 56 5 1
214279 0 56 5 1
214280 0 56 5 1
214428 0 56 5 3
214430 0 56 5 3
290498 0 56 5 1
349620 0 56 5 3
349621 0 56 5 3
419756 1 56 5 3
523681 0 56 5 3
214319 1 57 4 3
213263 1 57 3 1
214115 1 57 2 0
213324 1 57 2 3
213264 0 57 5 1
213266 0 57 5 1
213267 0 57 5 1
213269 0 57 5 1
214116 0 57 5 0
214117 0 57 5 0
293059 1 57 5 1
293061 1 57 5 1
293068 1 57 5 1
291181 1 58 4 1
213214 1 58 3 1
214227 1 58 2 4
212763 1 58 2 1
213321 1 58 1 1
213211 0 58 5 1
213212 0 58 5 1
213323 0 58 5 1
213322 1 58 5 3
214318 1 58 5 3
213969 1 59 2 3
213970 0 59 5 3
214116 1 59 5 3
291179 1 59 5 1
194806 1 60 3 3
213845 1 60 2 3
213613 1 60 2 0
194804 0 60 5 3
213844 0 60 5 3
311015 1 61 2 2
213615 1 61 5 0
213616 1 61 5 0
213617 1 61 5 0
290422 1 62 4 1
214279 1 62 2 2
213080 0 62 5 1
213324 0 62 5 1
214275 0 62 5 2
214276 0 62 5 2
214277 0 62 5 2
524635 1 63 1 0
213766 1 63 1 3
290423 1 63 5 1
290424 1 63 5 1
524634 0 63 5 0
524636 0 63 5 0
524637 0 63 5 0
213841 1 64 3 1
90972 1 64 2 3
213762 1 64 1 1
213215 1 64 1 1
173737 1 64 1 2
90970 0 64 5 3
90971 0 64 5 3
173735 0 64 5 2
173738 0 64 5 2
173740 0 64 5 2
213211 0 64 5 1
213213 0 64 5 1
213217 0 64 5 1
213763 0 64 5 1
213764 0 64 5 1
213765 0 64 5 1
213766 0 64 5 1
214280 1 65 2 3
214276 0 65 5 3
214279 0 65 5 3
213163 1 66 3 0
89419 1 66 3 3
89420 0 66 5 3
213166 0 66 5 0
213168 0 66 5 0
213762 0 68 5 1
213763 0 68 5 1
213765 0 68 5 1
214390 1 69 3 0
214392 1 70 5 0
214393 1 70 5 0
291214 1 72 3 3
290649 1 72 1 3
290647 0 72 5 3
291211 0 72 5 3
440488 1 74 3 3
310156 1 74 3 1
309679 1 74 3 1
291217 1 74 2 1
291220 0 74 5 1
440485 0 74 5 3
440486 0 74 5 3
291204 1 75 3 3
310280 1 75 2 1
309680 1 75 5 1
309681 1 75 5 1
309682 1 75 5 1
441336 1 76 4 1
310291 1 76 2 1
310278 1 76 5 1
310279 1 76 5 1
310281 1 76 5 1
310282 1 76 5 1
310294 0 76 5 1
310295 0 76 5 1
134491 1 77 3 3
403288 1 77 2 3
310397 1 77 2 1
135509 1 77 1 4
134490 0 77 5 3
310395 0 77 5 1
310398 0 77 6 1
403289 0 77 5 3
441332 1 77 5 1
441338 1 77 5 1
309693 1 78 2 1
136173 1 78 1 4
136172 0 78 5 4
213490 1 79 4 0
560089 1 79 3 3
311799 1 79 2 2
135514 1 79 2 3
135343 1 79 2 4
310210 1 79 1 4
310209 0 79 5 4
311800 0 79 5 2
311801 0 79 5 2
560087 0 79 5 3
213491 1 80 5 0
213493 1 80 5 0
310397 0 80 5 2
270558 1 82 1 2
135377 1 85 1 1
135375 0 85 5 1
135376 0 85 5 1
135379 0 85 5 1
310833 1 87 3 0
309886 1 88 1 3
309883 0 88 5 3
309885 0 88 5 3
310835 1 88 5 0
310836 1 88 5 0
310837 1 88 5 0
311027 0 88 5 1
310592 1 89 2 1
135240 1 89 2 1
135241 0 89 5 1
135242 0 89 5 1
310593 0 89 5 1
310594 0 89 5 1
310307 1 90 3 1
311056 1 90 2 1
311057 0 90 6 1
311059 0 90 5 1
310536 1 91 3 1
311527 1 91 2 1
310308 1 91 5 1
310538 0 91 7 1
310541 0 91 5 1
310592 1 91 5 3
310593 1 91 5 3
310595 1 91 5 3
135634 1 92 4 1
311524 1 92 5 1
311526 1 92 5 1
311541 1 93 3 1
311058 1 93 6 1
315219 1 93 2 2
310582 1 93 2 1
310580 1 93 2 4
135026 1 93 2 1
135024 0 93 5 1
135025 0 93 5 1
135027 0 93 5 1
135028 0 93 5 1
135635 1 93 5 1
311056 0 93 5 2
311057 0 93 5 2
311059 0 93 5 2
311581 1 94 3 1
135169 1 94 1 1
310537 1 94 5 2
310540 1 94 6 2
310541 1 94 5 2
311059 1 94 5 1
311542 1 94 5 1
311580 0 94 5 1
311582 0 94 5 1
311583 0 94 5 1
311920 1 95 2 1
309696 1 95 2 3
135896 1 95 1 1
135895 0 95 5 1
309691 0 95 5 3
311922 0 95 5 1
311923 0 95 5 1
135972 1 96 3 3
311776 1 96 2 1
135177 1 96 2 0
311752 1 96 1 3
135898 1 96 1 3
135178 0 96 5 0
135969 0 96 5 3
135970 0 96 5 3
135971 0 96 5 3
311775 0 96 5 1
311777 0 96 5 1
311779 0 96 5 1
311780 0 96 5 1
280867 1 97 3 3
310585 0 97 5 1
310584 1 97 2 1
310538 0 97 5 3
310541 0 97 5 3
310581 0 97 5 1
310582 0 97 5 1
310583 0 97 5 1
310587 0 97 5 1
310581 0 97 5 2
310582 0 97 5 2
310583 0 97 5 2
310586 0 97 5 2
310591 1 98 3 1
311295 1 98 2 1
309848 1 98 2 1
241603 1 98 2 3
135666 1 98 2 1
135665 0 98 5 1
135667 0 98 5 1
135668 0 98 5 1
135669 0 98 5 1
241604 0 98 5 3
309849 0 98 5 1
309850 0 98 5 1
310538 0 98 5 1
310592 0 98 5 1
311296 0 98 5 1
311297 0 98 5 1
311298 0 98 5 1
311769 1 99 2 3
311521 1 99 2 1
310578 1 99 2 3
311520 0 99 5 1
311523 0 99 5 1
311770 0 99 5 3
310497 1 100 3 3
311123 1 100 2 3
311113 1 100 2 3
311111 0 100 5 3
136020 1 101 3 1
136019 0 101 5 1
136022 0 101 5 1
136023 0 101 5 1
136024 0 101 5 1
249950 1 102 2 3
311891 1 103 3 2
310142 1 103 3 1
249951 1 103 5 3
310141 0 103 5 1
310143 0 103 5 1
311892 0 103 5 2
311894 0 103 5 2
250099 1 104 3 3
135946 1 104 2 4
306499 1 104 1 3
135945 0 104 5 4
250096 0 104 5 3
306497 0 104 5 3
306498 0 104 5 3
311182 1 105 3 3
309970 1 105 2 1
198836 1 105 2 3
134700 1 105 2 1
134698 0 105 5 1
136019 0 105 5 3
136020 0 105 5 3
198833 0 105 5 3
198834 0 105 5 3
198835 0 105 5 3
311180 0 105 5 3
134993 1 106 3 1
311556 1 106 2 0
310184 1 106 2 1
135812 1 106 2 1
135715 1 106 2 1
135054 1 106 2 1
135717 0 106 5 1
135811 0 106 5 1
310185 0 106 5 1
311427 1 107 4 4
135550 1 107 4 1
311696 1 107 3 0
311177 1 107 3 3
109144 1 107 3 3
109143 0 107 5 3
134992 1 107 6 1
134994 1 107 5 1
134995 1 107 5 1
311698 0 107 5 0
311890 0 107 5 3
311893 0 107 5 3
311759 1 108 3 1
310407 1 108 3 4
310141 1 108 3 1
272424 1 108 3 1
136182 1 108 3 1
135718 1 108 3 3
310681 1 108 2 1
310674 1 108 2 1
309972 1 108 2 3
135013 1 108 2 1
134965 1 108 2 1
134964 0 108 5 1
134967 0 108 5 1
135014 0 108 5 1
135018 0 108 5 1
135551 1 108 6 1
135553 1 108 5 1
135715 0 108 5 3
135717 0 108 5 3
309968 0 108 5 3
309970 0 108 5 3
309971 0 108 5 3
310142 0 108 5 1
310672 0 108 5 1
310675 0 108 5 1
311425 1 108 5 4
311426 1 108 5 4
311758 0 108 5 1
311760 0 108 5 1
311761 0 108 5 1
311891 0 108 5 1
310438 1 109 2 1
272423 1 109 5 1
272425 1 109 5 1
272426 1 109 5 1
310439 0 109 5 1
310441 0 109 5 1
310442 0 109 5 1
311559 0 109 5 3
311688 1 110 2 1
310676 1 110 2 3
298582 1 110 2 3
134966 0 110 5 3
134994 0 110 5 0
134996 0 110 5 0
310675 0 110 5 3
310677 0 110 5 3
311689 0 110 5 1
309857 1 111 7 1
309725 1 111 3 1
134892 1 111 3 1
311500 1 111 2 3
134893 0 111 5 1
134896 0 111 5 1
134965 0 111 5 1
134967 0 111 5 1
309858 0 111 8 1
311498 0 111 5 3
134729 1 112 3 1
311892 1 112 2 2
309907 1 112 2 1
134951 1 112 2 1
134770 1 112 2 3
310633 1 112 1 3
134725 0 112 5 1
134726 0 112 5 1
134728 0 112 5 1
134730 0 112 5 1
134731 0 112 5 1
134769 0 112 5 3
134953 0 112 5 1
135550 1 112 5 1
135552 1 112 5 1
272427 0 112 5 1
309726 1 112 5 1
309727 1 112 5 1
309728 1 112 5 1
309729 1 112 5 1
309730 1 112 5 1
310631 0 112 5 3
310634 0 112 5 3
311893 0 112 5 2
311894 0 112 5 2
309856 1 113 4 1
272201 1 113 3 3
135554 0 113 6 1
135499 1 113 3 1
134980 1 113 3 3
310413 1 113 2 1
135860 1 113 2 1
135835 1 113 2 1
135806 1 113 2 1
135505 1 113 1 1
124134 1 113 1 2
134979 0 113 5 3
135504 0 113 5 1
135553 0 113 5 1
135549 0 113 5 3
135807 0 113 5 1
135861 0 113 5 1
135862 0 113 5 1
310416 0 113 5 1
211563 1 114 4 0
310638 1 114 3 3
135991 1 114 3 2
23135 1 114 3 2
310682 1 114 2 1
135498 1 114 5 1
135500 1 114 5 1
135501 1 114 5 1
135550 0 114 5 1
135551 0 114 5 1
135553 0 114 5 1
135836 1 114 5 1
135837 1 114 5 1
135839 1 114 5 1
310635 0 114 5 3
310636 0 114 5 3
310637 0 114 5 3
310680 0 114 5 1
310683 0 114 5 1
310684 0 114 5 1
310686 0 114 5 1
309837 1 115 3 3
135688 1 115 3 3
134945 1 115 3 1
134779 1 115 3 3
272470 1 115 2 3
468857 1 115 1 2
310823 1 115 1 1
23137 1 115 5 2
134778 0 115 5 3
134947 0 115 5 1
211565 1 115 5 0
310825 0 115 5 1
468855 0 115 5 2
468856 0 115 5 2
136047 1 116 3 1
33741 1 116 3 3
296337 1 116 1 2
33739 0 116 5 3
33740 0 116 5 3
135686 1 116 5 3
296335 0 116 5 2
296336 0 116 5 2
296338 0 116 5 2
273947 1 117 4 1
136152 1 117 3 4
135315 1 117 2 4
310640 1 117 1 3
310069 1 117 1 1
135314 0 117 5 4
136153 0 117 5 4
310068 0 117 5 1
310071 0 117 5 1
310073 0 117 5 1
134893 1 118 3 1
311474 1 118 2 4
272127 1 118 2 3
309908 1 118 1 1
134895 0 118 5 1
273948 1 118 5 1
273949 1 118 5 1
309909 0 118 5 1
309911 0 118 5 1
311283 1 119 2 1
296344 1 119 2 3
135015 1 119 2 1
211718 1 119 1 0
135036 1 119 1 2
134732 1 119 1 1
135017 0 119 5 1
135035 0 119 5 2
211719 0 119 5 0
211721 0 119 5 0
135018 1 120 3 3
135066 1 120 2 1
135013 0 120 5 3
135014 0 120 5 3
135017 0 120 5 3
135067 0 120 5 1
135068 0 120 5 1
135070 0 120 5 1
311285 1 120 5 1
311286 1 120 5 1
309931 1 121 4 1
310921 1 121 1 1
310922 0 121 5 1
135091 1 122 3 1
134675 1 122 3 1
33740 1 122 3 3
135016 0 122 6 3
33737 0 122 5 3
33738 0 122 5 3
33739 0 122 5 3
33741 0 122 5 3
309929 1 122 5 1
211689 1 123 4 2
135127 1 123 4 1
135869 1 123 2 1
135013 1 123 5 1
135014 1 123 5 1
135015 1 123 5 1
135018 1 123 5 1
135015 0 123 5 3
135018 0 123 5 3
135093 1 123 5 1
135870 0 123 5 1
135927 1 124 3 2
135690 1 124 3 3
134673 1 124 3 0
309836 1 124 2 1
135994 1 124 2 1
135125 1 124 5 1
135689 0 124 5 3
211690 1 124 5 2
309833 0 124 5 1
309834 0 124 5 1
309837 0 124 5 1
310650 1 125 2 1
135064 1 125 2 1
135065 0 125 5 1
135066 0 125 5 1
135067 0 125 5 1
135068 0 125 5 1
211716 1 126 1 3
211713 0 126 5 3
211715 0 126 5 3
310649 1 126 5 1
310652 1 126 5 1
311580 1 127 4 1
311462 1 127 3 1
310207 1 127 3 1
135925 1 127 3 2
310694 1 127 2 1
135647 1 127 2 1
134811 1 127 2 1
309901 1 127 1 1
134810 0 127 5 1
134812 0 127 5 1
134813 0 127 5 1
135646 0 127 5 1
135648 0 127 5 1
135649 0 127 5 1
135926 0 127 5 2
135927 0 127 5 2
310208 0 127 5 1
310693 0 127 5 1
310695 0 127 5 1
311463 0 127 6 1
135635 1 128 2 3
11778 1 128 2 3
311864 1 128 1 1
131366 1 128 1 2
11774 0 128 5 3
131367 0 128 5 2
131368 0 128 5 2
135634 0 128 5 3
311581 1 128 5 1
311583 1 128 5 1
311866 0 128 5 1
309740 1 129 4 1
136136 0 129 7 2
311302 1 129 2 1
310653 1 129 2 3
135973 1 129 2 1
134677 1 129 2 3
134673 0 129 5 3
134674 0 129 5 3
134675 0 129 5 3
310650 0 129 5 3
310651 0 129 5 3
310652 0 129 5 3
310692 0 129 5 1
310696 0 129 5 1
311305 0 129 5 1
134858 1 130 3 4
311663 1 130 2 4
136138 1 130 5 1
135691 1 130 2 3
136135 1 130 5 1
136137 1 130 5 1
136139 1 130 5 1
136140 1 130 5 1
136137 0 130 5 2
136139 0 130 5 2
309738 1 130 5 1
309739 1 130 5 1
309741 1 130 5 1
311662 0 130 5 4
311101 1 131 3 1
311301 1 131 2 0
310988 1 131 2 1
309832 1 131 2 3
252654 1 131 1 3
135690 1 131 5 3
136134 0 131 5 2
136138 0 131 5 2
136139 0 131 5 2
252650 0 131 5 3
252651 0 131 5 3
309831 0 131 5 3
310989 0 131 5 1
311102 0 131 5 1
311103 0 131 5 1
311302 0 131 5 0
311305 0 131 5 0
311462 1 131 5 1
112850 0 132 5 3
311955 0 133 13 3
135689 1 133 3 2
135929 1 133 2 3
135690 0 133 5 2
135691 0 133 5 2
310691 0 133 5 1
310695 0 133 5 1
310696 0 133 5 1
134870 1 134 4 1
467466 1 134 2 3
185162 1 134 2 3
136134 0 134 5 3
136135 0 134 5 3
136137 0 134 5 3
136139 0 134 5 3
185160 0 134 5 3
185161 0 134 5 3
311954 1 134 5 3
311303 1 135 2 2
134874 1 135 5 1
311302 0 135 5 2
311305 0 135 5 2
309831 1 136 1 3
309829 0 136 5 3
309830 0 136 5 3
309832 0 136 5 3
