10706 9
10707 9
88377 9
194575 9
299739 9
317567 9
202349 10
321480 10
321481 10
321483 10
387026 11
409246 11
127315 12
127318 12
127319 12
127320 12
230420 12
350526 12
387968 12
387969 12
387971 12
387972 12
387973 12
93451 13
93452 13
93454 13
93455 13
10704 14
10705 14
127314 14
134812 15
134813 15
134816 15
312245 15
312246 15
312247 15
203694 16
203695 16
342000 16
134814 17
134815 17
201931 17
201933 17
201934 17
388464 17
127118 18
312248 18
312249 18
386842 18
387142 18
387143 18
387144 18
387146 18
127324 19
127618 19
127620 19
127622 19
388678 19
432284 21
432285 21
432288 21
93615 24
93617 24
388461 24
127600 26
432563 26
127182 27
127183 27
127616 27
127617 27
127619 27
127832 27
127833 27
214658 27
214659 27
268362 27
268365 27
268366 27
268367 27
388460 27
388464 27
127374 28
127375 28
92969 29
92970 29
92972 29
127584 29
127618 30
127620 30
432791 30
432792 30
477271 30
128701 31
128702 31
128703 31
435065 31
435066 31
94558 32
127581 32
127583 32
128608 32
128610 32
127616 33
127621 33
127622 33
127074 34
127691 35
127692 35
127842 35
127844 35
128237 35
432971 35
432972 35
128506 36
128508 36
128509 36
128510 36
433023 36
433024 36
433025 36
433026 36
433028 36
128079 37
128107 37
128110 37
128202 37
128773 37
128774 37
127151 38
127154 38
127155 38
127849 38
127850 38
127851 38
128200 38
128201 38
127812 39
127815 39
127854 39
128077 39
128078 39
128080 39
128081 39
128372 39
128376 39
431873 39
431874 39
127083 40
127084 40
127085 40
127755 40
128091 40
128150 41
127477 43
127744 43
127745 43
127746 43
127853 43
127846 45
127847 45
127848 45
127850 45
128680 45
328445 45
127152 46
127153 46
128181 47
128183 47
336094 48
127436 49
128679 49
127972 50
127439 51
127441 51
128189 52
127438 53
128191 54
128192 54
126499 55
128070 55
125362 56
128071 58
128072 58
127198 59
127201 59
127351 60
127354 60
127495 60
127496 60
127632 60
127634 60
127636 60
127633 63
127635 63
128082 66
128083 66
128753 66
128755 66
127672 67
127674 67
128020 67
128021 67
128022 67
127111 68
127113 68
127255 68
127257 68
127258 68
127673 71
127675 71
127860 71
127861 71
118416 72
127956 73
127957 73
127674 74
127405 75
129829 78
127611 80
127612 80
128688 80
126133 81
126132 83
126136 83
126135 85
126862 87
