10705 1 4 6 3 0
14048 0 6 6 3 0
74202 1 3 6 3 0
88376 1 4 6 3 0
93452 0 6 6 1 0
127315 0 6 6 1 0
194574 1 4 6 3 0
197340 0 6 6 3 1
202348 1 4 6 1 0
216501 0 6 6 3 0
299738 1 4 6 3 1
317568 1 5 6 3 0
321482 1 3 6 3 0
350526 0 6 6 3 0
367941 0 6 6 4 1
387025 1 2 6 1 0
423867 0 6 6 3 1
460969 0 6 6 3 0
467013 0 6 6 3 0
489064 0 6 6 3 0
129471 1 3 7 3 1
197341 0 6 8 3 0
216502 0 6 8 3 0
230421 1 3 8 3 1
350527 1 3 8 3 1
387970 1 3 8 1 0
409249 1 4 8 3 1
10703 1 3 9 4 1
93451 0 6 9 0 0
93453 1 3 9 1 0
127317 1 4 9 1 0
127677 0 6 9 1 0
127715 0 6 9 1 0
134815 1 4 9 3 0
203694 0 6 9 1 0
387968 0 6 9 0 0
490648 0 6 9 4 1
127313 1 4 10 3 0
127318 0 6 10 1 0
194573 0 6 10 1 0
230422 0 6 10 3 0
386842 0 6 10 1 0
387143 0 6 10 1 0
409246 0 6 10 1 0
2337 0 6 11 3 0
10706 1 4 11 3 0
93446 0 6 11 3 0
127326 0 6 11 3 0
128795 0 6 11 1 0
312248 1 3 11 3 0
387147 0 6 11 3 1
387971 0 6 11 1 0
388589 0 6 11 1 0
493608 0 6 11 3 0
93723 0 6 12 0 0
127688 0 6 12 3 0
134814 1 4 12 1 0
341999 1 3 12 3 0
94701 0 6 13 3 0
126963 0 6 13 1 1
203693 1 5 13 1 0
242000 1 4 13 3 0
387969 0 6 13 1 0
127121 1 3 14 3 0
127616 1 2 14 1 0
134812 0 6 14 1 0
134816 1 4 14 3 0
201932 1 5 14 1 0
215314 0 6 14 3 0
312242 0 6 14 3 0
386841 1 3 14 1 0
387144 1 3 14 1 0
387145 1 3 14 2 0
388460 1 5 14 1 0
388677 1 2 14 1 1
126961 0 6 15 0 0
127323 1 3 15 1 0
134813 0 6 15 1 0
312246 1 5 15 1 0
93719 0 6 16 1 0
93724 0 6 16 1 0
93731 0 6 16 0 1
202780 0 6 16 1 0
388587 0 6 16 0 0
93725 0 6 17 1 0
127255 0 6 17 1 0
201978 1 4 18 1 0
432287 1 4 18 3 0
93615 0 6 19 1 0
127617 0 6 19 1 1
127830 0 6 19 1 1
127947 0 6 19 3 0
388463 0 6 19 3 0
388684 1 3 19 3 0
388464 1 3 20 3 0
402613 0 6 20 2 1
93610 0 6 21 3 1
93616 1 5 21 1 0
127598 1 2 21 1 0
201981 0 6 21 3 1
432286 0 6 21 1 0
127618 1 2 22 2 1
92969 0 6 23 1 0
127180 1 3 23 1 0
127831 1 3 23 1 0
214661 1 3 23 3 0
268368 1 3 23 3 0
388461 1 3 23 2 0
432564 1 4 23 3 0
127372 1 4 24 1 0
127622 0 6 24 3 0
401803 0 6 24 3 0
127581 1 3 25 1 0
411349 0 6 25 3 0
434052 0 6 25 4 1
92967 1 5 26 0 1
92968 0 6 26 0 1
127192 1 4 26 3 0
127619 1 3 26 2 0
433025 0 6 26 1 0
477273 1 4 26 3 1
128569 0 6 27 1 0
128700 1 3 27 1 0
432787 1 5 27 1 0
435067 1 3 27 3 0
56457 0 6 28 3 1
94556 1 4 28 0 0
127620 1 2 28 3 0
127842 0 6 28 1 0
432563 1 4 28 2 0
127580 1 4 29 1 0
127582 1 3 29 1 0
128607 1 4 29 1 0
128702 0 6 29 3 0
127073 1 3 30 1 0
127579 0 6 30 1 0
127834 0 6 30 1 0
411791 1 3 30 3 0
433027 0 6 30 3 0
93836 0 6 31 3 0
94555 0 6 31 3 0
94557 0 6 31 1 0
127511 0 6 31 1 0
127843 1 3 31 1 0
127904 0 6 31 4 0
128235 1 3 31 1 0
431869 0 6 31 1 0
432970 1 4 31 1 0
127583 0 6 32 3 0
127689 1 4 32 1 0
128507 1 3 32 1 0
128608 0 6 32 1 0
433022 1 3 32 0 0
128200 1 3 33 1 0
128772 1 3 33 1 0
127153 0 6 34 1 0
127748 0 6 34 1 0
127839 0 6 34 4 1
127846 1 3 34 1 0
127852 1 2 34 1 0
128078 1 4 34 1 0
128108 1 5 34 1 0
128199 1 3 34 1 0
128552 0 6 34 1 0
127152 1 4 35 1 0
127813 1 3 35 1 0
128077 1 3 35 1 0
128495 0 6 35 2 1
128547 0 6 35 1 0
431875 1 3 35 3 0
433028 0 6 35 3 1
57380 1 4 36 3 0
93866 1 3 36 1 0
127082 1 3 36 1 0
127155 0 6 36 3 0
127754 1 3 36 1 0
127853 0 6 36 1 0
128076 1 4 36 0 0
128101 1 3 36 3 1
128375 1 4 36 1 0
127847 0 6 37 1 0
128090 1 4 37 1 0
128107 1 3 37 1 0
128151 1 3 37 1 0
128203 0 6 37 3 0
128372 0 6 37 1 0
57381 0 6 38 3 0
127838 1 3 38 3 0
127848 0 6 38 1 0
127856 1 2 38 3 0
128091 0 6 38 1 0
128109 0 6 38 3 0
128373 0 6 38 1 1
431749 1 3 38 3 0
57370 0 6 39 0 0
127479 1 3 39 3 0
127742 0 6 39 4 0
127743 1 3 39 1 0
127850 0 6 39 3 0
127898 1 2 39 3 0
128081 0 6 39 3 0
128374 0 6 39 1 0
431874 0 6 39 3 0
54964 0 6 40 2 0
93867 0 6 40 3 1
128416 0 6 40 1 0
128655 1 2 40 1 0
128678 1 2 40 1 0
57353 0 6 41 4 1
57377 0 6 41 0 0
57383 1 3 41 4 0
127151 1 2 41 1 0
127849 1 3 41 1 0
127851 1 3 41 3 1
21378 0 6 42 3 0
128849 0 6 42 1 0
328447 1 4 42 3 0
475763 1 4 42 3 0
127437 0 6 44 1 0
127897 1 2 44 3 0
128182 1 4 44 1 0
128634 1 3 44 3 0
336095 1 3 44 3 0
127766 0 6 45 1 1
128681 0 6 45 3 0
128682 0 6 45 4 0
475762 0 6 45 3 1
57382 0 6 46 4 0
127412 0 6 46 1 0
127441 0 6 46 3 0
127973 1 3 46 3 0
128132 0 6 46 1 0
128851 0 6 46 1 0
127436 1 4 47 1 0
128643 0 6 47 1 0
475761 0 6 47 2 0
475764 0 6 47 3 1
128190 1 3 48 1 0
128852 0 6 48 3 0
126499 0 6 49 4 0
127348 0 6 49 4 0
127439 1 3 49 1 0
128070 0 6 49 1 0
127036 0 6 50 1 1
127414 0 6 50 1 0
126498 1 3 51 4 1
128069 1 3 51 0 1
128189 1 5 51 1 0
127198 0 6 52 0 0
125361 1 4 53 3 0
127113 0 6 53 1 0
127603 0 6 54 1 0
128068 1 3 54 0 0
127352 1 2 55 1 0
127494 1 3 55 0 0
128020 0 6 55 0 0
127199 1 4 56 1 0
128066 1 3 56 3 0
128860 1 3 56 1 0
127351 0 6 57 0 0
127633 1 4 57 0 0
128745 0 6 57 2 0
127115 0 6 58 3 0
127535 0 6 58 1 0
127254 1 4 59 0 0
127632 1 4 59 0 0
127537 0 6 60 3 0
128022 1 3 60 2 0
128082 0 6 60 1 0
128861 1 3 60 3 0
127110 0 6 61 1 0
127260 0 6 61 1 0
128287 0 6 61 3 0
127536 0 6 62 3 0
127636 0 6 62 2 0
128085 1 3 62 3 0
128752 1 3 62 1 0
127193 0 6 63 4 0
127564 0 6 63 2 0
127673 1 3 63 1 0
128023 1 3 63 3 0
127112 1 3 64 1 0
126955 0 6 65 1 0
127256 1 5 65 1 0
127402 0 6 65 4 0
128436 1 3 65 1 0
128836 0 6 65 1 0
211235 0 6 65 3 0
127527 0 6 66 1 0
127674 1 2 66 1 0
127675 0 6 67 3 0
127858 1 3 67 1 0
127860 0 6 68 3 0
118415 1 4 69 3 0
127672 1 2 69 1 0
127954 1 4 69 1 0
128835 0 6 69 1 0
127956 0 6 70 3 0
128099 0 6 70 1 0
127861 0 6 71 3 0
129318 0 6 71 3 0
111160 0 6 72 3 0
127077 0 6 72 1 0
127404 1 4 72 1 0
127060 1 4 74 1 0
126136 1 3 75 3 0
127273 0 6 75 1 0
128687 1 2 75 3 0
129828 1 4 75 3 1
126134 1 2 76 2 0
127610 1 4 76 1 0
126142 0 6 77 3 0
126978 1 4 78 1 0
126135 1 3 79 3 0
126141 1 4 80 3 0
126133 1 3 81 1 0
127609 0 6 81 0 0
126862 1 4 82 0 0
126864 1 4 83 2 0
