147623 0 3 5 3
147626 0 3 5 3
478643 0 3 5 1
478645 0 3 5 1
229065 0 4 5 3
229068 0 4 5 3
229069 0 4 5 3
277066 0 4 5 4
457047 0 4 5 3
457048 0 4 5 3
457050 0 4 5 3
34701 1 6 5 1
333110 0 6 5 1
333112 0 6 5 1
333113 0 6 5 1
478740 0 6 5 1
478741 0 6 5 1
477444 1 7 5 1
477445 1 7 5 1
33514 0 8 5 1
33517 0 8 5 1
179239 0 8 5 2
179243 0 8 5 2
333114 0 9 5 3
1726 0 10 5 2
1730 0 10 5 2
35281 0 10 5 1
333111 0 10 5 3
333112 0 10 5 3
478117 0 10 5 1
478118 0 10 5 1
33515 1 11 5 3
33516 1 11 5 3
33517 1 11 5 3
459689 1 11 5 3
459692 1 11 5 3
477842 0 11 5 1
477845 0 11 5 1
478972 0 11 5 1
178716 0 12 5 1
229068 0 12 5 2
229069 0 12 5 2
333115 0 12 5 3
478967 1 12 5 1
34704 0 14 5 1
34705 0 14 5 1
199858 0 14 5 3
478738 0 14 5 3
478739 0 14 5 3
478740 0 14 5 3
478841 0 14 5 1
478843 0 14 5 1
478844 0 14 5 1
478925 0 14 5 1
478926 0 14 5 1
478928 0 14 5 1
34411 0 16 5 1
478926 0 16 5 1
478927 0 16 5 1
478928 0 16 5 1
479146 0 16 5 1
479150 0 16 5 1
479151 0 16 5 1
537503 1 16 5 1
537504 1 16 5 1
537505 1 16 5 1
457397 1 17 5 1
457398 1 17 5 1
457401 1 17 5 1
478225 1 17 5 1
477508 0 18 5 1
477509 0 18 5 1
478114 1 18 5 3
478115 1 18 5 3
478116 1 18 5 3
478842 0 18 5 0
478844 0 18 5 0
538223 1 18 5 1
177964 0 19 5 1
177965 0 19 5 1
332019 0 19 5 1
477595 1 19 5 1
477596 1 19 5 1
478115 1 19 5 1
478117 1 19 5 1
479146 1 19 5 3
479148 1 19 5 3
538672 0 19 5 1
538673 0 19 5 1
538675 0 19 5 1
332515 0 20 5 3
332516 0 20 5 3
477495 0 20 5 1
477938 0 20 5 1
478933 0 20 5 3
479149 1 20 5 1
477505 0 21 5 1
477506 0 21 5 1
477508 0 21 5 1
477594 0 21 5 3
477596 0 21 5 3
477715 0 21 5 1
478923 0 21 5 1
478925 0 21 5 1
478928 0 21 5 1
478932 0 21 5 1
479060 0 21 5 1
537801 0 21 5 1
537802 0 21 5 1
537803 0 21 5 1
538157 0 21 5 1
178608 0 22 5 3
178609 0 22 5 3
331872 0 22 5 1
331873 0 22 5 1
478033 1 22 5 1
478034 1 22 5 1
480609 0 22 5 3
179231 0 23 5 1
478516 0 23 5 0
478517 0 23 5 0
537704 1 23 5 1
537705 1 23 5 1
34835 0 24 5 1
479146 0 24 5 3
479147 0 24 5 3
479151 0 24 5 3
537710 0 24 5 3
537711 0 24 5 3
477589 0 25 5 1
477930 0 25 5 1
477932 0 25 5 1
477933 0 25 5 1
477934 0 25 5 1
478397 0 25 5 1
539048 0 25 5 1
539051 0 25 5 1
35144 0 26 5 1
477773 0 26 5 1
477776 0 26 5 1
477778 0 26 5 1
478581 1 26 5 1
478583 1 26 5 1
478584 1 26 5 1
478805 1 26 5 4
538155 0 26 5 0
538156 0 26 5 0
179228 0 27 5 1
179229 0 27 5 1
179230 0 27 5 1
179231 0 27 5 1
179232 0 27 5 1
465755 0 28 5 3
478883 0 28 5 1
530352 1 28 5 3
538756 0 28 5 0
35327 1 29 5 1
477529 0 29 5 1
477772 0 29 5 0
477774 0 29 5 0
477775 0 29 5 0
477778 0 29 5 0
478129 0 29 5 2
478180 0 29 5 1
478844 0 29 5 1
538263 1 29 5 1
538264 1 29 5 1
34631 1 30 5 1
34632 1 30 5 1
34634 1 30 5 1
302429 0 30 5 3
302431 0 30 5 3
477772 0 30 5 1
477775 0 30 5 1
477776 0 30 5 1
538823 0 30 5 3
538966 1 30 5 1
538967 1 30 5 1
538969 1 30 5 1
538970 1 30 5 1
538972 1 30 5 1
478882 1 31 5 1
478883 1 31 5 1
537730 0 31 5 1
537819 0 31 5 1
538542 0 32 5 1
538544 0 32 5 1
538545 0 32 5 1
538546 0 32 5 1
302430 0 33 5 4
477622 0 33 5 0
477623 0 33 5 0
477624 0 33 5 0
537632 0 33 5 1
537634 0 33 5 1
537635 0 33 5 1
538144 1 33 5 1
538149 1 33 5 1
538973 0 33 5 3
538974 0 33 5 3
538975 0 33 5 3
539053 0 33 5 1
331225 0 34 5 1
331228 0 34 5 1
331230 0 34 5 1
479074 0 34 5 3
538046 0 34 5 1
538047 0 34 5 1
376224 0 36 5 1
376752 0 36 5 1
538144 0 36 5 1
538145 0 36 5 1
538148 0 36 5 1
538149 0 36 5 1
538150 0 36 5 1
331228 0 37 5 3
331229 0 37 5 3
479127 0 37 5 3
537631 1 38 5 3
537633 1 38 5 3
537634 1 38 5 3
538096 0 38 5 1
538098 0 38 5 1
538099 0 38 5 1
539153 0 38 5 1
16762 0 39 5 3
16763 0 39 5 3
521810 0 39 5 2
521814 0 39 5 2
376436 0 40 5 1
376440 0 40 5 1
538145 0 40 5 0
538148 0 40 5 0
538149 0 40 5 0
375830 0 41 5 1
375831 0 41 5 1
375832 0 41 5 1
376476 1 42 5 1
376479 1 42 5 1
538337 0 42 5 1
538962 0 42 5 1
538964 0 42 5 1
539068 0 42 5 3
539070 0 42 5 3
376771 1 43 5 1
376774 1 43 5 1
538125 0 43 5 1
538127 0 43 5 1
538128 0 43 5 1
538336 1 43 5 3
538337 1 43 5 3
538629 0 43 5 1
538648 0 43 5 1
539071 1 43 5 1
376395 0 44 5 1
376396 0 44 5 1
376656 0 44 5 3
537462 0 44 5 1
537687 0 44 5 1
537688 0 44 5 1
537689 0 44 5 1
537690 0 44 5 1
538514 0 44 5 2
538802 0 44 5 1
538804 0 44 5 1
538805 0 44 5 1
330824 0 45 5 1
330826 0 45 5 1
376776 0 45 5 3
538489 1 45 5 1
538491 1 45 5 1
538492 1 45 5 1
538960 0 45 5 1
538961 0 45 5 1
538962 0 45 5 1
538965 0 45 5 1
539083 0 45 5 1
539085 0 45 5 1
539086 0 45 5 1
539145 1 45 5 1
539146 1 45 5 1
375142 0 46 5 1
375144 0 46 5 1
375146 0 46 5 1
376765 0 46 5 3
376766 0 46 5 3
538714 0 46 5 1
538716 0 46 5 1
538745 1 46 5 2
538819 0 46 5 1
538820 0 46 5 1
538822 0 46 5 1
538823 0 46 5 1
282925 0 47 5 3
282926 0 47 5 3
282927 0 47 5 3
364850 0 47 5 3
364851 0 47 5 3
364852 0 47 5 3
375961 0 47 5 1
375962 0 47 5 1
477593 0 47 5 1
538648 0 47 5 3
538743 0 47 5 2
538744 0 47 5 2
539057 0 47 5 1
539059 0 47 5 1
539105 0 47 5 1
376371 0 48 5 1
376372 0 48 5 1
376373 0 48 5 1
376375 0 48 5 1
376376 0 48 5 1
537686 0 48 5 1
537689 0 48 5 1
537690 0 48 5 1
537691 0 48 5 1
330827 0 49 5 3
331304 0 49 5 1
331305 0 49 5 1
375300 0 49 5 1
376495 0 49 5 1
376497 0 49 5 1
406422 0 49 5 1
406424 0 49 5 1
477591 0 49 5 1
534961 0 49 5 3
534962 0 49 5 3
534963 0 49 5 3
537918 0 49 5 3
539182 1 49 5 1
375246 0 50 5 2
375249 0 50 5 2
375894 0 50 5 3
375895 0 50 5 3
375988 1 50 5 1
376849 0 50 5 1
376852 0 50 5 1
376853 0 50 5 1
539057 0 50 5 3
282926 1 51 5 1
282927 1 51 5 1
538712 0 51 5 1
538714 0 51 5 1
375636 0 52 5 1
375637 0 52 5 1
375713 0 52 5 1
375716 0 52 5 1
376575 0 52 5 1
376577 0 52 5 1
376581 0 52 5 1
376717 0 52 5 2
376719 0 52 5 2
376905 0 52 5 1
376931 0 52 5 1
376933 0 52 5 1
533539 0 52 5 2
533540 0 52 5 2
533542 0 52 5 2
538501 0 52 5 1
538503 0 52 5 1
538869 0 52 5 1
538870 0 52 5 1
538873 0 52 5 1
111000 0 53 5 2
111002 0 53 5 2
111005 0 53 5 2
111006 0 53 5 2
538869 0 53 5 1
538871 0 53 5 1
538872 0 53 5 1
330964 0 54 5 1
330966 0 54 5 1
330967 0 54 5 1
331402 1 54 5 1
331403 1 54 5 1
331404 1 54 5 1
331405 1 54 5 1
331407 1 54 5 1
362148 0 54 5 3
375953 0 54 5 1
375960 1 54 5 1
376086 0 54 5 1
376089 0 54 5 1
376716 0 54 5 3
376777 0 54 5 1
376779 0 54 5 1
376780 0 54 5 1
376783 0 54 5 1
377047 1 54 5 1
377049 1 54 5 1
405315 0 54 5 1
405316 0 54 5 1
405373 0 54 5 3
523802 0 54 5 2
538864 0 54 5 1
538868 0 54 5 1
278872 0 55 5 3
278873 0 55 5 3
375243 0 55 5 3
375389 1 55 5 1
375390 1 55 5 1
375391 1 55 5 1
376612 0 55 5 1
376676 0 55 5 3
376678 0 55 5 3
376686 0 55 5 1
376687 0 55 5 1
376717 0 55 5 3
376719 0 55 5 3
406024 1 55 5 1
479193 0 55 5 1
479194 0 55 5 1
538712 0 55 5 3
242556 0 56 5 3
318679 0 56 5 4
331493 0 56 5 3
362148 1 56 5 3
375361 0 56 5 1
375362 0 56 5 1
375719 0 56 5 1
375720 0 56 5 1
375721 0 56 5 1
376043 0 56 5 1
376044 0 56 5 1
376198 0 56 5 1
376200 0 56 5 1
376201 0 56 5 1
406573 0 56 5 1
406695 1 56 5 1
329973 0 57 5 3
329974 0 57 5 3
329976 0 57 5 3
330879 0 57 5 1
331139 0 57 5 1
331140 0 57 5 1
331402 0 57 5 1
331404 0 57 5 1
331406 0 57 5 1
331407 0 57 5 1
331408 0 57 5 1
375065 0 57 5 1
375126 0 57 5 1
375715 0 57 5 3
376418 0 57 5 1
376511 1 57 5 1
376514 1 57 5 1
376515 1 57 5 1
400399 0 57 5 3
400401 0 57 5 3
400402 0 57 5 3
405221 0 57 5 4
406572 0 57 5 3
436849 0 57 5 3
436850 0 57 5 3
329929 0 58 5 3
329930 0 58 5 3
329933 0 58 5 3
330260 0 58 5 1
330262 0 58 5 1
330439 1 58 5 1
330441 1 58 5 1
330527 1 58 5 1
330528 1 58 5 1
376078 0 58 5 1
376192 0 58 5 1
376195 0 58 5 1
376676 1 58 5 1
376679 1 58 5 1
376680 1 58 5 1
477572 0 58 5 3
479189 0 58 5 1
479192 0 58 5 1
479193 0 58 5 1
330067 0 59 5 1
330069 0 59 5 1
330070 0 59 5 1
330072 0 59 5 1
330258 0 59 5 1
330260 0 59 5 1
330262 0 59 5 1
330263 0 59 5 1
331079 0 59 5 1
331080 0 59 5 1
375066 0 59 5 3
375415 0 59 5 1
375504 1 59 5 1
375505 1 59 5 1
375764 0 59 5 1
375766 0 59 5 1
375983 0 59 5 1
375984 0 59 5 1
375985 0 59 5 1
399833 0 59 5 1
399835 0 59 5 1
399837 0 59 5 1
405811 0 59 5 1
459485 0 59 5 3
459487 0 59 5 3
477572 0 59 5 2
538864 1 59 5 0
538867 1 59 5 0
538868 1 59 5 0
29941 0 60 5 3
29942 0 60 5 3
330374 1 60 5 1
330375 1 60 5 1
330964 0 60 5 3
330967 0 60 5 3
375716 0 60 5 2
375717 0 60 5 2
376676 1 60 5 1
376680 1 60 5 1
376681 1 60 5 1
376691 0 60 5 3
376880 0 60 5 1
376881 0 60 5 1
376884 0 60 5 1
420681 0 60 5 3
538591 0 60 5 3
111003 0 61 5 1
111004 0 61 5 1
111006 0 61 5 1
251729 1 61 5 1
251730 1 61 5 1
251733 1 61 5 1
330307 0 61 5 1
330472 0 61 5 1
330474 0 61 5 1
330475 0 61 5 1
330969 0 61 5 1
330970 0 61 5 1
375641 1 61 5 1
375748 0 61 5 1
375749 0 61 5 1
375751 0 61 5 1
376036 0 61 5 3
376054 0 61 5 0
376057 0 61 5 0
376260 0 61 5 1
376271 0 61 5 1
376275 0 61 5 1
406694 0 61 5 1
477432 0 61 5 1
537879 1 61 5 1
331403 0 62 5 1
331404 0 62 5 1
331405 0 62 5 1
331406 0 62 5 1
331408 0 62 5 1
436775 0 62 5 0
444171 1 62 5 3
537875 1 62 5 1
537878 1 62 5 1
537879 1 62 5 1
330968 0 63 5 1
330970 0 63 5 1
331136 1 63 5 3
331137 1 63 5 3
331139 1 63 5 3
338117 0 63 5 3
375414 0 63 5 3
375416 0 63 5 3
375417 0 63 5 3
375502 0 63 5 3
375503 0 63 5 3
375505 0 63 5 3
376053 0 63 5 0
376054 0 63 5 0
376057 0 63 5 0
376120 0 63 5 1
376121 0 63 5 1
376123 0 63 5 1
376511 0 63 5 3
376512 0 63 5 3
376908 0 63 5 1
376911 0 63 5 1
377037 0 63 5 2
377038 0 63 5 2
406593 0 63 5 1
406595 0 63 5 1
406596 0 63 5 1
459485 0 63 5 1
459488 0 63 5 1
459484 0 63 5 3
477439 0 63 5 3
538431 0 63 5 4
538473 1 63 5 1
538549 0 63 5 1
107243 0 64 5 3
107244 0 64 5 3
176842 1 64 5 2
176843 1 64 5 2
176846 1 64 5 2
176847 1 64 5 2
187811 0 64 5 3
187813 0 64 5 3
323892 0 64 5 1
323893 0 64 5 1
324428 0 64 5 1
324430 0 64 5 1
324431 0 64 5 1
330258 1 64 5 1
330259 1 64 5 1
330261 1 64 5 1
330263 1 64 5 1
330418 0 64 5 1
330473 1 64 5 1
330475 1 64 5 1
376034 0 64 5 1
376192 0 64 5 2
376193 0 64 5 2
376196 0 64 5 2
376530 0 64 5 1
376531 0 64 5 1
376534 0 64 5 1
376536 0 64 5 1
376645 0 64 5 1
376647 0 64 5 1
376648 0 64 5 1
397315 0 64 5 3
397317 0 64 5 3
397318 0 64 5 3
397319 0 64 5 3
537702 1 64 5 1
107625 0 65 5 3
111345 0 65 5 1
111346 0 65 5 1
325117 0 65 5 1
330471 0 65 5 3
330472 0 65 5 3
330474 0 65 5 3
330476 0 65 5 3
399849 0 65 5 1
399851 0 65 5 1
405570 0 65 5 1
538400 0 65 5 2
538402 0 65 5 2
188412 0 66 5 1
188415 0 66 5 1
330123 0 66 5 1
330125 0 66 5 1
330126 0 66 5 1
330127 0 66 5 1
338166 0 66 5 3
338167 0 66 5 3
338169 0 66 5 3
376678 0 66 5 3
376679 0 66 5 3
376680 0 66 5 3
406593 0 66 5 3
406594 0 66 5 3
406595 0 66 5 3
406596 0 66 5 3
437285 0 66 5 0
437287 0 66 5 0
437284 0 66 5 3
437287 0 66 5 3
538829 1 66 5 3
156569 0 67 5 3
156570 0 67 5 3
331409 0 67 5 3
331411 0 67 5 3
331412 0 67 5 3
337352 0 67 5 3
375059 0 67 5 1
375063 0 67 5 1
375064 0 67 5 1
375918 1 67 5 3
375921 1 67 5 3
376034 0 67 5 1
376035 0 67 5 1
376037 0 67 5 1
376353 0 67 5 1
376354 0 67 5 1
376766 0 67 5 3
376768 0 67 5 3
397320 0 67 5 1
401358 0 67 5 1
406033 0 67 5 1
406035 0 67 5 1
413292 0 67 5 3
537699 0 67 5 1
537702 0 67 5 1
43904 0 68 5 3
375596 0 68 5 0
375598 0 68 5 0
376121 0 68 5 3
376123 0 68 5 3
406771 0 68 5 3
406773 0 68 5 3
509497 0 68 5 3
509498 0 68 5 3
538227 0 68 5 2
226707 0 69 5 3
331413 1 69 5 0
376119 0 69 5 1
376122 0 69 5 1
376123 0 69 5 1
376352 0 69 5 3
376353 0 69 5 3
376875 0 69 5 1
400454 0 69 5 2
437285 1 69 5 1
437286 1 69 5 1
437287 1 69 5 1
460079 0 69 5 1
537914 0 69 5 3
538396 0 69 5 3
538397 0 69 5 3
538399 0 69 5 3
538402 0 69 5 3
376044 0 70 5 3
376045 0 70 5 3
376046 0 70 5 3
400456 0 70 5 1
109300 0 71 5 1
299230 1 71 5 3
330548 0 71 5 3
330549 0 71 5 3
330550 0 71 5 3
330551 0 71 5 3
330552 0 71 5 3
333180 0 71 5 4
375063 0 71 5 1
375064 0 71 5 1
378988 0 71 5 1
405478 0 71 5 1
405480 0 71 5 1
460076 1 71 5 1
460079 1 71 5 1
460080 1 71 5 1
376706 0 72 5 3
376707 0 72 5 3
376708 0 72 5 3
460944 0 72 5 1
460945 0 72 5 1
460947 0 72 5 1
460948 0 72 5 1
479140 1 72 5 1
537907 0 72 5 2
81917 0 73 5 1
331413 1 73 5 3
460476 0 73 5 1
109301 1 74 5 0
109303 1 74 5 0
109304 1 74 5 0
156571 0 74 5 3
330592 0 74 5 1
330593 0 74 5 1
375695 0 74 5 3
375698 0 74 5 3
375697 0 74 5 3
376896 0 74 5 0
376897 0 74 5 0
376898 0 74 5 0
376899 0 74 5 0
376895 1 74 5 1
376898 1 74 5 1
376899 1 74 5 1
378266 1 74 5 0
378268 1 74 5 0
460480 0 74 5 1
478780 0 74 5 3
538399 0 74 5 2
538401 0 74 5 2
331674 0 75 5 3
378894 0 75 5 1
378896 0 75 5 1
537596 0 75 5 3
537598 0 75 5 3
282633 0 76 5 3
282635 0 76 5 3
397325 0 76 5 3
397326 0 76 5 3
397327 0 76 5 3
397329 0 76 5 3
459734 0 76 5 3
461087 0 76 5 1
461088 0 76 5 1
461090 0 76 5 1
558599 1 76 5 2
558600 1 76 5 2
51474 0 77 5 3
74535 0 77 5 3
92347 0 77 5 3
109040 1 77 5 1
173835 0 77 5 3
377534 0 77 5 1
389498 0 77 5 2
389500 0 77 5 2
389496 0 77 5 3
389497 0 77 5 3
389498 0 77 5 3
110299 0 78 5 1
110300 0 78 5 1
110301 0 78 5 1
375320 0 78 5 3
376908 0 78 5 1
376911 0 78 5 1
377384 0 78 5 1
460944 0 78 5 1
460947 0 78 5 1
460948 0 78 5 1
461093 0 78 5 1
461095 0 78 5 1
562232 0 78 5 3
109673 0 79 5 3
177078 0 79 5 3
182680 0 79 5 2
182682 0 79 5 2
182683 0 79 5 2
375604 0 79 5 1
376895 0 79 5 1
376898 0 79 5 1
378474 0 79 5 1
378475 0 79 5 1
378476 0 79 5 1
461064 0 79 5 1
461065 0 79 5 1
461067 0 79 5 1
377160 1 80 5 1
377163 0 80 5 1
377164 0 80 5 1
377167 0 80 5 1
377168 0 80 5 1
537596 1 80 5 3
537597 1 80 5 3
100478 0 81 5 3
100479 0 81 5 3
100480 0 81 5 3
109643 0 81 5 3
109644 0 81 5 3
109646 0 81 5 3
376244 0 81 5 1
376245 0 81 5 1
377788 0 81 5 1
377790 0 81 5 1
377791 0 81 5 1
377792 0 81 5 1
378380 0 81 5 1
378382 0 81 5 1
427394 0 81 5 3
378472 0 82 5 1
378474 0 82 5 1
378475 0 82 5 1
378476 0 82 5 1
445023 1 82 5 3
461063 1 82 5 1
461064 1 82 5 1
461066 1 82 5 1
461067 1 82 5 1
461068 1 82 5 1
461093 0 82 5 1
461095 0 82 5 1
537937 0 82 5 1
537940 0 82 5 1
562233 1 82 5 1
562235 1 82 5 1
89185 1 83 5 3
89187 1 83 5 3
89188 1 83 5 3
109036 0 83 5 3
109038 0 83 5 3
376970 0 83 5 3
378014 1 83 5 1
378016 1 83 5 1
378461 0 83 5 1
378463 0 83 5 1
459126 1 83 5 1
459128 1 83 5 1
459129 1 83 5 1
460768 0 83 5 3
460770 0 83 5 3
461063 0 83 5 3
461065 0 83 5 3
461066 0 83 5 3
461091 0 83 5 1
461092 0 83 5 1
461095 0 83 5 1
467493 0 83 5 3
110300 1 84 5 1
110302 1 84 5 1
110304 1 84 5 1
375600 0 84 5 3
375601 0 84 5 3
375602 0 84 5 3
378379 0 84 5 3
378381 0 84 5 3
378383 0 84 5 3
480591 0 84 5 3
128665 0 85 5 3
163260 0 85 5 3
377163 0 85 5 3
377165 0 85 5 3
377166 0 85 5 3
377167 0 85 5 3
377967 0 85 5 3
378379 0 85 5 3
378380 0 85 5 3
378381 0 85 5 3
378382 0 85 5 3
378468 0 85 5 1
378471 0 85 5 1
445022 1 85 5 0
445020 0 85 5 1
445023 0 85 5 1
445024 0 85 5 1
460316 0 85 5 0
460318 0 85 5 0
460319 0 85 5 0
460709 0 85 5 4
537943 0 85 5 1
55751 0 86 5 3
110299 0 86 5 1
110304 0 86 5 1
111008 1 86 5 3
111009 1 86 5 3
111010 1 86 5 3
376665 0 86 5 1
376668 0 86 5 1
378420 1 86 5 1
378757 1 86 5 1
459769 0 86 5 4
460318 1 86 5 0
460319 1 86 5 0
460761 1 86 5 1
460762 1 86 5 1
460904 0 86 5 1
460907 0 86 5 1
376143 0 87 5 1
378421 0 87 5 1
378423 0 87 5 1
378755 0 87 5 3
461060 1 87 5 1
461061 1 87 5 1
461098 0 87 5 2
461100 0 87 5 2
376971 0 88 5 1
376973 0 88 5 1
376974 0 88 5 1
377413 0 88 5 1
378092 0 88 5 1
378093 0 88 5 1
378094 0 88 5 1
379032 0 88 5 1
431197 0 88 5 3
459507 0 88 5 4
460130 0 88 5 1
460131 0 88 5 1
460132 0 88 5 1
460569 0 88 5 1
537542 0 88 5 1
537544 0 88 5 1
128666 1 89 5 3
128671 1 89 5 3
163257 0 89 5 0
163258 0 89 5 0
272561 0 89 5 0
272562 0 89 5 0
375945 1 89 5 1
375949 1 89 5 1
375950 1 89 5 1
376134 0 89 5 0
376135 0 89 5 0
377704 0 89 5 0
377832 0 89 5 1
378402 0 89 5 3
445597 0 89 5 1
445600 0 89 5 1
459125 0 89 5 1
459127 0 89 5 1
459129 0 89 5 1
461152 0 89 5 1
461155 0 89 5 1
537553 1 89 5 1
538265 0 89 5 1
378314 0 90 5 1
378571 0 90 5 1
378572 0 90 5 1
378883 0 90 5 1
378885 0 90 5 1
460430 0 90 5 1
460433 0 90 5 1
461059 1 90 5 1
461062 1 90 5 1
538682 0 90 5 1
538684 0 90 5 1
65069 0 91 5 3
127476 1 91 5 1
249638 0 91 5 2
375206 0 91 5 1
376472 0 91 5 0
376473 0 91 5 0
376474 0 91 5 0
376475 0 91 5 0
377163 0 91 5 1
377547 0 91 5 1
377551 0 91 5 1
377552 0 91 5 1
378557 1 91 5 1
460564 0 91 5 1
460842 0 91 5 1
460843 0 91 5 1
460845 0 91 5 1
537590 0 91 5 1
537591 0 91 5 1
537592 0 91 5 1
538264 0 91 5 0
48636 0 92 5 0
375945 0 92 5 1
375947 0 92 5 1
375948 0 92 5 1
375949 0 92 5 1
375946 0 92 5 3
375948 0 92 5 3
375950 0 92 5 3
377084 1 92 5 0
377085 1 92 5 0
377086 1 92 5 0
378091 0 92 5 1
378093 0 92 5 1
378310 0 92 5 3
378438 0 92 5 0
378439 0 92 5 0
460072 0 92 5 3
460073 0 92 5 3
460074 0 92 5 3
110804 1 93 5 1
110805 1 93 5 1
162767 0 93 5 3
347792 0 93 5 3
384656 0 93 5 3
384657 0 93 5 3
384658 0 93 5 3
384659 0 93 5 3
384660 0 93 5 3
444576 1 93 5 1
444578 1 93 5 1
494946 0 93 5 4
48468 0 94 5 0
48469 0 94 5 0
111021 0 94 5 1
377550 0 94 5 1
377551 0 94 5 1
378339 0 94 5 1
378340 0 94 5 1
378886 0 94 5 3
378889 0 94 5 3
379107 0 94 5 1
379108 0 94 5 1
379109 0 94 5 1
379111 0 94 5 1
379112 0 94 5 1
394734 0 94 5 1
394735 0 94 5 1
460071 0 94 5 1
460072 0 94 5 1
460074 0 94 5 1
460075 0 94 5 1
460457 0 94 5 1
192339 0 95 5 0
212533 0 95 5 3
212534 0 95 5 3
212535 0 95 5 3
272560 0 95 5 1
272562 0 95 5 1
375936 0 95 5 0
376473 0 95 5 3
377460 0 95 5 3
377461 0 95 5 3
378325 0 95 5 1
378328 0 95 5 1
378793 1 95 5 1
378796 1 95 5 1
378797 1 95 5 1
378803 0 95 5 1
378804 0 95 5 1
379027 0 95 5 1
459363 0 95 5 3
460149 0 95 5 3
460152 0 95 5 3
494948 0 95 5 4
110116 0 96 5 1
110117 0 96 5 1
110224 0 96 5 1
110228 0 96 5 1
131164 0 96 5 3
191928 0 96 5 3
191929 0 96 5 3
347784 0 96 5 3
347786 0 96 5 3
347787 0 96 5 3
376014 0 96 5 3
378246 1 96 5 1
378248 1 96 5 1
378249 1 96 5 1
378309 0 96 5 3
400707 0 96 5 1
400708 0 96 5 1
404533 0 96 5 3
459908 0 96 5 1
460116 1 96 5 1
65068 0 97 5 2
65070 0 97 5 2
109602 0 97 5 1
111081 1 97 5 1
111084 1 97 5 1
162779 0 97 5 3
457460 0 97 5 2
457461 0 97 5 2
109567 1 98 5 1
119646 0 98 5 2
132457 0 98 5 3
171933 0 98 5 3
171935 0 98 5 3
171936 0 98 5 3
192336 0 98 5 1
192339 0 98 5 1
365945 1 98 5 3
378142 1 98 5 1
378144 1 98 5 1
378145 1 98 5 1
378142 0 98 5 3
378143 0 98 5 3
378144 0 98 5 3
378324 1 98 5 3
378327 1 98 5 3
399909 1 98 5 1
399911 1 98 5 1
399913 1 98 5 1
399914 1 98 5 1
404211 0 98 5 3
460150 0 98 5 1
460152 0 98 5 1
460209 0 98 5 1
460212 0 98 5 1
460213 0 98 5 1
110549 0 99 5 1
110552 0 99 5 1
110553 0 99 5 1
192050 0 99 5 1
192052 0 99 5 1
320134 0 99 5 1
376949 0 99 5 1
376950 0 99 5 1
378610 0 99 5 1
378612 0 99 5 1
378613 0 99 5 1
378805 0 99 5 0
459629 1 99 5 1
459630 1 99 5 1
459631 1 99 5 1
459633 1 99 5 1
191702 0 100 5 1
192594 0 100 5 1
192595 0 100 5 1
212242 0 100 5 3
212243 0 100 5 3
212244 0 100 5 3
377665 0 100 5 1
377666 0 100 5 1
377667 0 100 5 1
378143 1 100 5 1
393299 0 100 5 3
395026 0 100 5 1
191944 0 101 5 1
192051 0 101 5 3
192053 0 101 5 3
375785 1 101 5 1
375786 1 101 5 1
375787 1 101 5 1
109608 0 102 5 1
109611 0 102 5 1
109612 0 102 5 1
111064 0 102 5 3
111065 0 102 5 3
191777 0 102 5 1
319261 0 102 5 1
319262 0 102 5 1
319264 0 102 5 1
319266 0 102 5 1
378413 1 102 5 1
440625 0 102 5 3
440626 0 102 5 3
440627 0 102 5 3
460114 0 102 5 1
460118 0 102 5 1
191935 0 103 5 3
191936 0 103 5 3
191937 0 103 5 3
191938 0 103 5 3
319263 0 103 5 1
319264 0 103 5 1
319265 0 103 5 1
319266 0 103 5 1
319877 0 103 5 1
319878 0 103 5 1
319879 0 103 5 1
377304 0 103 5 1
377307 0 103 5 1
377308 0 103 5 1
377309 0 103 5 1
377659 0 103 5 1
378143 0 103 5 3
378402 0 103 5 2
378404 0 103 5 2
378405 0 103 5 2
378993 1 103 5 1
379108 0 103 5 2
379110 0 103 5 2
379112 0 103 5 2
385661 0 103 5 3
385662 0 103 5 3
385665 0 103 5 3
490884 0 103 5 3
490885 0 103 5 3
490886 0 103 5 3
109383 0 104 5 4
109742 1 104 5 1
110342 0 104 5 3
111101 0 104 5 1
111103 0 104 5 1
111104 0 104 5 1
111106 0 104 5 1
191940 0 104 5 2
191941 0 104 5 2
192075 0 104 5 1
192793 1 104 5 1
192794 1 104 5 1
192795 1 104 5 1
243162 0 104 5 2
375889 0 104 5 1
375891 0 104 5 1
377112 1 104 5 1
377113 1 104 5 1
377115 1 104 5 1
377116 1 104 5 1
395024 0 104 5 0
425523 0 104 5 3
425524 0 104 5 3
459629 0 104 5 3
460212 0 104 5 0
460213 0 104 5 0
111000 0 105 5 3
111005 0 105 5 3
192465 0 105 5 1
192467 0 105 5 1
192696 0 105 5 1
192700 0 105 5 1
192701 0 105 5 1
203251 0 105 5 3
459904 0 105 5 3
530060 0 105 5 3
530061 0 105 5 3
530064 0 105 5 3
109443 0 106 5 1
109526 0 106 5 1
110352 0 106 5 2
110355 0 106 5 2
191941 0 106 5 1
191942 0 106 5 1
191944 0 106 5 1
319725 0 106 5 3
319726 0 106 5 3
319873 1 106 5 1
319874 1 106 5 1
319878 1 106 5 1
320479 0 106 5 4
321125 0 106 5 1
321126 0 106 5 1
375893 0 106 5 0
375902 0 106 5 1
375903 0 106 5 1
375904 0 106 5 1
375905 0 106 5 1
375906 0 106 5 1
375905 1 106 5 1
377304 1 106 5 1
378414 1 106 5 3
378416 1 106 5 3
1740 0 107 5 3
1741 0 107 5 3
1742 0 107 5 3
1743 0 107 5 3
109513 1 107 5 0
109653 0 107 5 1
109655 0 107 5 1
110042 0 107 5 3
110603 1 107 5 1
110606 1 107 5 1
110607 1 107 5 1
110900 0 107 5 1
110901 0 107 5 1
110906 0 107 5 1
111228 0 107 5 1
111230 0 107 5 1
191792 1 107 5 1
191793 1 107 5 1
191795 1 107 5 1
191890 0 107 5 1
192956 0 107 5 1
192957 0 107 5 1
375523 0 107 5 3
375902 0 107 5 3
375904 0 107 5 3
375906 0 107 5 3
377305 0 107 5 2
377306 0 107 5 2
378991 0 107 5 3
64311 0 108 5 3
109247 0 108 5 1
109251 0 108 5 1
146876 0 108 5 2
192591 0 108 5 3
192594 0 108 5 3
192603 1 108 5 1
319261 0 108 5 3
319262 0 108 5 3
319874 0 108 5 1
319879 0 108 5 1
320429 0 108 5 1
320430 0 108 5 1
342106 0 108 5 3
76826 0 109 5 4
76827 0 109 5 4
109741 0 109 5 1
109744 0 109 5 1
109745 0 109 5 1
109746 0 109 5 1
110334 0 109 5 1
110335 0 109 5 1
110337 0 109 5 1
110338 0 109 5 1
110903 0 109 5 3
110904 0 109 5 3
110905 0 109 5 3
192073 0 109 5 1
192698 1 109 5 1
192701 1 109 5 1
460380 0 109 5 1
460383 0 109 5 1
460921 0 109 5 1
460922 0 109 5 1
460923 0 109 5 1
461044 1 109 5 2
109848 0 110 5 2
109850 0 110 5 2
109851 0 110 5 2
109852 0 110 5 2
109854 0 110 5 2
110266 0 110 5 4
110604 0 110 5 1
110605 0 110 5 1
110603 0 110 5 1
110604 0 110 5 1
110829 0 110 5 1
110830 0 110 5 1
110832 0 110 5 1
110935 0 110 5 1
111292 0 110 5 3
192404 1 110 5 1
192408 1 110 5 1
192409 1 110 5 1
192878 1 110 5 1
319703 0 110 5 1
319707 0 110 5 1
375109 0 110 5 1
375111 0 110 5 1
377304 0 110 5 1
377305 0 110 5 1
109155 0 111 5 1
109650 0 111 5 1
109651 0 111 5 1
109655 0 111 5 1
110603 1 111 5 1
110606 1 111 5 1
110900 0 111 5 1
110902 0 111 5 1
110903 0 111 5 1
110904 0 111 5 1
110905 0 111 5 1
110906 0 111 5 1
111158 0 111 5 3
111159 0 111 5 3
192405 0 111 5 1
192408 0 111 5 1
192409 0 111 5 1
192680 0 111 5 1
192757 0 111 5 1
192758 0 111 5 1
192916 0 111 5 1
192918 0 111 5 1
192919 0 111 5 1
192920 0 111 5 1
319345 0 111 5 1
319348 0 111 5 1
319350 0 111 5 1
319351 0 111 5 1
320427 1 111 5 0
320428 1 111 5 0
320430 1 111 5 0
460733 1 111 5 1
460734 1 111 5 1
460735 1 111 5 1
460731 0 111 5 2
110241 0 112 5 1
110243 0 112 5 1
110737 0 112 5 3
110740 0 112 5 3
192555 0 112 5 0
192765 0 112 5 1
192935 0 112 5 1
192936 0 112 5 1
319348 1 112 5 1
319349 1 112 5 1
320392 0 112 5 1
320405 0 112 5 1
320407 0 112 5 1
320408 0 112 5 1
375108 1 112 5 1
375111 1 112 5 1
375112 1 112 5 1
56351 0 113 5 1
56352 0 113 5 1
109950 1 113 5 1
109951 1 113 5 1
191689 0 113 5 1
192363 0 113 5 1
192364 0 113 5 1
192631 0 113 5 1
192946 0 113 5 1
319975 0 113 5 1
460094 1 113 5 1
460731 0 113 5 2
460732 0 113 5 2
460735 0 113 5 2
55181 0 114 5 1
110146 0 114 5 1
110147 0 114 5 1
110825 0 114 5 3
192367 0 114 5 3
192569 0 114 5 1
243157 1 114 5 0
243159 1 114 5 0
319705 0 114 5 0
319706 0 114 5 0
319707 0 114 5 0
460623 0 114 5 1
109466 0 115 5 1
109748 0 115 5 1
110903 0 115 5 2
110904 0 115 5 2
110906 0 115 5 2
111159 0 115 5 3
192059 0 115 5 3
192060 0 115 5 3
192569 0 115 5 0
250150 0 115 5 3
250153 0 115 5 3
319346 0 115 5 3
319348 0 115 5 3
319349 0 115 5 3
319351 0 115 5 3
319399 1 115 5 1
319401 1 115 5 1
319402 1 115 5 1
55640 0 116 5 1
55641 0 116 5 1
55643 0 116 5 1
109285 0 116 5 1
192367 0 116 5 1
192368 0 116 5 1
192930 0 116 5 1
192931 0 116 5 1
192937 0 116 5 3
193073 0 116 5 1
193075 0 116 5 1
193140 0 116 5 0
319351 0 116 5 1
319390 0 116 5 1
460328 0 116 5 1
460330 0 116 5 1
460331 0 116 5 1
460333 0 116 5 1
191872 0 117 5 1
191874 0 117 5 1
191875 0 117 5 1
191876 0 117 5 1
192097 0 117 5 1
192101 0 117 5 1
319345 0 117 5 3
319346 0 117 5 3
319348 0 117 5 3
319349 0 117 5 3
403951 0 117 5 3
459772 0 117 5 1
460480 0 117 5 1
108960 0 118 5 3
108962 0 118 5 3
109017 0 118 5 2
192153 0 118 5 1
192154 0 118 5 1
297227 1 118 5 3
297229 1 118 5 3
459359 1 118 5 1
77865 0 119 5 3
109764 0 119 5 1
109811 0 119 5 1
109813 0 119 5 1
110824 0 119 5 1
110826 0 119 5 1
110827 0 119 5 1
111238 0 119 5 3
111239 0 119 5 3
192045 0 119 5 1
192098 0 119 5 0
192100 0 119 5 0
192437 0 119 5 1
192439 0 119 5 1
192440 0 119 5 1
192876 0 119 5 1
192878 0 119 5 1
235327 0 119 5 3
319400 1 119 5 3
319402 1 119 5 3
319704 0 119 5 1
319707 0 119 5 1
319708 0 119 5 1
459473 0 119 5 1
459476 0 119 5 1
460919 0 119 5 2
460920 0 119 5 2
460923 0 119 5 2
111188 0 120 5 1
192045 0 120 5 3
192366 1 120 5 1
192368 1 120 5 1
192876 0 120 5 3
109529 0 121 5 1
109848 0 121 5 1
111013 0 121 5 1
111014 0 121 5 1
111017 0 121 5 1
192384 0 121 5 1
192993 1 121 5 1
192995 1 121 5 1
192996 1 121 5 1
459652 0 121 5 3
110939 0 122 5 1
110941 0 122 5 1
110942 0 122 5 1
192635 0 122 5 1
192637 0 122 5 1
297229 0 122 5 1
460472 0 122 5 3
109283 0 123 5 1
109284 0 123 5 1
109285 0 123 5 1
110829 0 123 5 0
110830 0 123 5 0
110832 0 123 5 0
110833 0 123 5 0
111245 1 123 5 1
111246 1 123 5 1
168066 0 123 5 3
193078 0 123 5 1
193080 0 123 5 1
198994 0 123 5 2
198996 0 123 5 2
249290 0 123 5 1
346606 1 123 5 1
346609 1 123 5 1
109293 0 124 5 1
109296 0 124 5 1
110660 1 124 5 1
110661 1 124 5 1
110662 1 124 5 1
192089 0 124 5 3
192090 0 124 5 3
192711 0 124 5 1
249962 0 124 5 1
110838 0 125 5 2
161376 0 125 5 3
192042 0 125 5 3
192224 1 125 5 1
192227 1 125 5 1
192548 0 125 5 1
192549 0 125 5 1
192551 0 125 5 1
192552 0 125 5 1
193083 0 125 5 1
193084 0 125 5 1
226008 0 125 5 2
226009 0 125 5 2
226011 0 125 5 2
359809 0 125 5 3
359810 0 125 5 3
439907 1 125 5 2
439908 1 125 5 2
439909 1 125 5 2
439911 1 125 5 2
7195 0 126 5 3
7197 0 126 5 3
191934 0 126 5 1
191935 0 126 5 1
191937 0 126 5 1
191938 0 126 5 1
192379 0 126 5 0
192381 0 126 5 0
198994 0 126 5 1
297227 0 126 5 0
297228 0 126 5 0
297229 0 126 5 0
346721 0 126 5 1
439909 0 126 5 0
439910 0 126 5 0
109163 0 127 5 3
110972 0 127 5 3
191758 0 127 5 1
192033 0 127 5 0
192034 0 127 5 0
192193 1 127 5 3
192194 1 127 5 3
192195 1 127 5 3
192196 1 127 5 3
192199 1 127 5 3
193073 1 127 5 1
193076 1 127 5 1
250188 0 127 5 1
250189 0 127 5 1
250190 0 127 5 1
251157 1 127 5 1
251158 1 127 5 1
251160 1 127 5 1
459358 0 127 5 3
459361 0 127 5 3
110662 0 128 5 3
191864 0 128 5 1
191868 0 128 5 1
192234 0 128 5 1
192236 0 128 5 1
192270 0 128 5 1
192271 0 128 5 1
192273 0 128 5 1
192275 0 128 5 1
192280 0 128 5 1
192282 0 128 5 1
192283 0 128 5 1
192284 0 128 5 1
192561 0 128 5 1
192562 0 128 5 1
197373 0 128 5 1
249703 1 128 5 1
249964 0 128 5 1
192117 0 129 5 1
192120 0 129 5 1
192281 0 129 5 1
192283 0 129 5 1
192372 0 129 5 3
192373 0 129 5 3
192375 0 129 5 3
192371 0 129 5 3
192372 0 129 5 3
192373 0 129 5 3
192375 0 129 5 3
192376 0 129 5 3
193022 0 129 5 1
359808 0 129 5 1
359811 0 129 5 1
491029 0 129 5 1
491033 0 129 5 1
109666 0 130 5 3
109668 0 130 5 3
192240 0 130 5 0
192962 0 130 5 1
192964 0 130 5 1
199588 1 130 5 1
250969 0 130 5 1
250971 0 130 5 1
346723 0 130 5 1
346725 0 130 5 1
346726 0 130 5 1
362068 0 130 5 3
192378 0 131 5 3
192962 0 131 5 3
192964 0 131 5 3
199604 0 131 5 1
199608 0 131 5 1
199609 0 131 5 1
249452 1 131 5 1
249453 1 131 5 1
249454 1 131 5 1
250209 1 131 5 2
250211 1 131 5 2
339527 0 131 5 0
340421 1 131 5 0
340423 1 131 5 0
496374 0 131 5 3
522218 1 131 5 3
134057 0 132 5 2
134058 0 132 5 2
192369 0 132 5 3
192560 0 132 5 3
192561 0 132 5 3
192563 0 132 5 3
192664 0 132 5 2
192665 0 132 5 2
193123 0 132 5 1
193126 0 132 5 1
197372 0 132 5 1
197374 0 132 5 1
250868 0 132 5 1
340531 0 132 5 0
346723 0 132 5 1
346725 0 132 5 1
132885 0 133 5 3
160930 0 133 5 1
160931 0 133 5 1
192371 1 133 5 2
192372 1 133 5 2
192373 1 133 5 2
192374 1 133 5 2
192379 0 133 5 3
199250 1 133 5 1
199606 0 133 5 1
199607 0 133 5 1
346262 0 133 5 1
346642 0 133 5 1
133496 0 134 5 3
192118 0 134 5 1
192120 0 134 5 1
192122 0 134 5 1
192124 0 134 5 1
192126 0 134 5 1
192221 0 134 5 1
192222 0 134 5 1
192956 0 134 5 3
197503 1 134 5 1
197504 1 134 5 1
198051 0 134 5 1
198622 1 134 5 1
198624 1 134 5 1
198626 1 134 5 1
198671 0 134 5 3
198674 0 134 5 3
199613 0 134 5 1
199614 0 134 5 1
199617 0 134 5 1
250210 0 134 5 0
250211 0 134 5 0
191736 0 135 5 3
191738 0 135 5 3
192955 1 135 5 3
197327 0 135 5 1
249451 0 135 5 3
249454 0 135 5 3
300075 0 135 5 3
346776 0 135 5 1
490812 0 135 5 4
14692 0 136 5 2
14695 0 136 5 2
14696 0 136 5 2
132886 0 136 5 3
191736 0 136 5 3
191737 0 136 5 3
193180 0 136 5 1
193181 0 136 5 1
198003 0 136 5 3
198004 0 136 5 3
198005 0 136 5 3
198801 0 136 5 1
249337 0 136 5 1
249338 0 136 5 1
249339 0 136 5 1
249939 0 136 5 1
249941 0 136 5 1
198858 0 137 5 1
199617 1 137 5 1
347663 0 137 5 1
361288 0 137 5 3
28068 0 138 5 3
161540 0 138 5 1
161541 0 138 5 1
161542 0 138 5 1
192123 0 138 5 1
192125 0 138 5 1
192126 0 138 5 1
192182 0 138 5 1
192185 0 138 5 1
192187 0 138 5 1
197674 0 138 5 1
199551 1 138 5 1
199552 1 138 5 1
249522 0 138 5 1
249523 0 138 5 1
347056 0 138 5 2
347807 0 138 5 1
347808 0 138 5 1
347811 0 138 5 1
348005 0 138 5 1
348007 0 138 5 1
490646 0 138 5 3
131914 0 139 5 3
193181 0 139 5 1
197590 0 139 5 1
197591 0 139 5 1
197877 1 139 5 1
197878 1 139 5 1
197880 1 139 5 1
197881 1 139 5 1
199535 1 139 5 4
199547 0 139 5 1
249451 0 139 5 3
249453 0 139 5 3
250513 0 139 5 1
347103 0 139 5 1
347107 0 139 5 1
435557 0 139 5 2
435558 0 139 5 2
197673 0 140 5 2
197676 0 140 5 2
250467 0 140 5 3
8282 0 141 5 3
192122 0 141 5 3
192123 0 141 5 3
192124 0 141 5 3
192129 0 141 5 3
192130 0 141 5 3
192131 0 141 5 3
198798 0 141 5 3
198800 0 141 5 3
198802 0 141 5 3
199402 1 141 5 1
199410 0 141 5 3
199411 0 141 5 3
249232 0 141 5 1
250420 0 141 5 4
152621 0 142 5 3
197867 0 142 5 3
197868 0 142 5 3
197871 0 142 5 3
198800 0 142 5 1
199349 0 142 5 1
199352 0 142 5 1
199353 0 142 5 1
249470 0 142 5 1
249472 0 142 5 1
249473 0 142 5 1
249470 0 142 5 3
249471 0 142 5 3
250759 0 142 5 4
197863 1 143 5 1
197864 1 143 5 1
199541 0 143 5 3
199544 0 143 5 3
199594 0 143 5 4
249940 0 143 5 1
249941 0 143 5 1
250550 0 143 5 1
490585 0 143 5 3
490586 0 143 5 3
532902 0 143 5 2
191770 1 144 5 3
191772 1 144 5 3
191773 1 144 5 3
191775 1 144 5 3
192735 0 144 5 4
197401 0 144 5 1
249528 0 144 5 1
28389 1 145 5 0
28390 1 145 5 0
199377 1 145 5 1
249398 0 145 5 3
249399 0 145 5 3
249401 0 145 5 3
249404 0 145 5 3
250907 0 145 5 1
250908 0 145 5 1
28073 0 146 5 1
28074 0 146 5 1
197865 0 147 5 1
361288 0 147 5 1
361289 0 147 5 1
361291 0 147 5 1
198309 1 148 5 1
249342 0 148 5 3
249944 0 148 5 1
250878 0 148 5 1
250879 0 148 5 1
250880 0 148 5 1
250881 0 148 5 1
28388 0 149 5 2
28390 0 149 5 2
28831 0 149 5 1
28832 0 149 5 1
28833 0 149 5 1
123401 1 149 5 3
123404 1 149 5 3
198605 0 149 5 3
29810 0 150 5 1
29813 0 150 5 1
383160 0 150 5 3
383161 0 150 5 3
28307 1 151 5 1
28309 1 151 5 1
28310 1 151 5 1
191773 0 151 5 3
249235 0 151 5 1
28273 0 152 5 1
28275 0 152 5 1
28276 0 152 5 1
29323 0 152 5 1
29324 0 152 5 1
29514 0 152 5 1
29515 0 152 5 1
198194 0 152 5 2
198195 0 152 5 2
198196 0 152 5 2
198234 0 152 5 1
198310 0 152 5 1
249130 0 152 5 1
249131 0 152 5 1
249133 0 152 5 1
249843 0 152 5 1
249846 0 152 5 1
28837 0 153 5 1
28838 0 153 5 1
197606 0 153 5 1
197608 0 153 5 1
249126 1 153 5 1
249128 1 153 5 1
249829 1 153 5 3
249831 1 153 5 3
250934 0 153 5 1
250937 0 153 5 1
251164 0 153 5 3
251165 0 153 5 3
251167 0 153 5 3
29106 0 154 5 1
29107 0 154 5 1
39604 0 154 5 3
39605 0 154 5 3
191766 0 154 5 3
191767 0 154 5 3
314659 0 154 5 3
28404 0 155 5 1
28407 0 155 5 1
29427 0 155 5 4
249497 0 155 5 3
249498 0 155 5 3
249511 1 155 5 1
250606 0 155 5 1
383166 0 155 5 3
29700 0 156 5 1
29703 0 156 5 1
197642 0 156 5 1
197643 0 156 5 1
199020 0 156 5 1
199021 0 156 5 1
199022 0 156 5 1
249114 0 156 5 1
249115 0 156 5 1
249801 1 156 5 3
249803 1 156 5 3
250728 1 156 5 1
28248 0 157 5 4
28969 0 157 5 1
28971 0 157 5 1
197842 0 157 5 1
197843 0 157 5 1
197848 0 157 5 1
197953 0 157 5 1
249129 0 157 5 3
249130 0 157 5 3
249134 0 157 5 3
249802 0 157 5 3
250075 0 157 5 3
250078 0 157 5 3
250927 0 157 5 1
197643 0 158 5 1
197947 1 158 5 1
197948 1 158 5 1
197953 1 158 5 1
249236 0 158 5 3
249238 0 158 5 3
249239 0 158 5 3
250505 0 158 5 3
250507 0 158 5 3
250584 0 158 5 1
250588 0 158 5 1
250589 0 158 5 1
28352 0 159 5 1
28353 0 159 5 1
28356 0 159 5 1
28409 0 159 5 3
28614 0 159 5 1
28616 0 159 5 1
197842 0 159 5 3
197843 0 159 5 3
197845 0 159 5 3
197846 0 159 5 3
197848 0 159 5 3
197950 0 159 5 1
197952 0 159 5 1
197953 0 159 5 1
249020 0 159 5 1
249022 0 159 5 1
250076 0 159 5 3
250737 0 159 5 1
250738 0 159 5 1
250847 0 159 5 3
28383 0 160 5 1
249648 0 160 5 3
249649 0 160 5 3
250847 0 160 5 1
250850 0 160 5 1
455163 0 160 5 3
455164 0 160 5 3
455165 0 160 5 3
28353 1 161 5 0
28354 1 161 5 0
28356 1 161 5 0
28377 0 161 5 1
28380 0 161 5 1
28381 0 161 5 1
62289 1 161 5 3
62291 1 161 5 3
249801 1 161 5 1
249803 1 161 5 1
249804 1 161 5 1
249805 1 161 5 1
250848 0 161 5 3
250849 0 161 5 3
420747 0 161 5 3
420748 0 161 5 3
29544 0 162 5 1
29545 0 162 5 1
29546 0 162 5 1
249293 0 162 5 1
249294 0 162 5 1
249575 0 162 5 1
250169 1 162 5 2
250584 0 162 5 3
250585 0 162 5 3
250587 0 162 5 3
250588 0 162 5 3
28271 0 163 5 1
249217 0 163 5 1
249218 0 163 5 1
249219 0 163 5 1
251179 1 163 5 0
251180 1 163 5 0
28580 0 164 5 3
28581 0 164 5 3
28583 0 164 5 3
199033 0 165 5 1
199035 0 165 5 1
199036 0 165 5 1
197993 1 166 5 1
197994 1 166 5 1
198251 0 166 5 1
198255 0 166 5 1
249215 0 166 5 1
250225 0 166 5 3
251170 0 166 5 3
556452 0 166 5 3
28269 0 167 5 2
249482 0 167 5 3
199553 0 168 5 1
28269 1 169 5 2
29775 0 169 5 3
29778 0 169 5 3
79377 0 169 5 3
79378 0 169 5 3
79380 0 169 5 3
249788 1 169 5 1
250617 0 169 5 2
250620 0 169 5 2
198253 0 170 5 0
198254 0 170 5 0
198533 0 170 5 1
198536 0 170 5 1
250181 0 170 5 0
251149 0 171 5 3
79378 1 172 5 0
79379 1 172 5 0
79380 1 172 5 0
199457 0 172 5 1
199460 0 172 5 1
246688 0 172 5 3
353909 0 172 5 1
353912 0 172 5 1
250180 0 173 5 2
250181 0 173 5 2
355761 0 173 5 1
197785 0 174 5 3
311855 0 174 5 3
311857 0 174 5 3
24401 0 175 5 3
24402 0 175 5 3
24403 0 175 5 3
79377 0 175 5 3
79378 0 175 5 3
80680 0 175 5 1
245964 0 175 5 3
249260 0 175 5 3
249261 0 175 5 3
250615 1 175 5 1
250617 1 175 5 1
250618 1 175 5 1
250619 1 175 5 1
78993 0 176 5 1
79594 0 176 5 1
79597 0 176 5 1
79631 0 176 5 1
79632 0 176 5 1
100370 0 176 5 3
100372 0 176 5 3
200282 0 176 5 2
200284 0 176 5 2
249173 0 176 5 1
249175 0 176 5 1
249178 0 176 5 1
355759 0 176 5 1
355760 0 176 5 1
355762 1 176 5 1
80570 0 177 5 1
80572 0 177 5 1
354934 1 177 5 1
80577 0 178 5 1
80579 0 178 5 1
80580 0 178 5 1
80581 0 178 5 1
245063 0 178 5 1
245067 0 178 5 1
249216 1 178 5 3
249218 1 178 5 3
412631 0 178 5 2
245134 0 179 5 0
245135 0 179 5 0
245132 0 179 5 3
245133 0 179 5 3
245135 0 179 5 3
311854 0 179 5 1
311857 0 179 5 1
353704 0 179 5 1
79225 1 180 5 1
79228 1 180 5 1
79227 0 180 5 3
80686 0 180 5 1
80687 0 180 5 1
80689 0 180 5 1
80690 0 180 5 1
80691 0 180 5 1
245021 0 180 5 0
245202 0 180 5 1
245204 0 180 5 1
249259 0 180 5 3
249260 0 180 5 3
79594 0 181 5 3
79595 0 181 5 3
79596 0 181 5 3
79598 0 181 5 3
79662 0 181 5 1
80578 0 181 5 3
80580 0 181 5 3
246351 0 181 5 1
79762 0 182 5 1
79764 0 182 5 1
245121 0 182 5 1
245123 0 182 5 1
246359 0 182 5 2
354934 0 182 5 3
354935 0 182 5 3
354936 0 182 5 3
356182 0 182 5 2
80687 0 183 5 3
112086 1 183 5 3
246058 0 183 5 1
246059 0 183 5 1
318343 1 183 5 1
318344 1 183 5 1
353698 0 183 5 1
353700 0 183 5 1
353702 0 183 5 1
353703 0 183 5 1
354905 0 183 5 3
79517 0 184 5 1
79520 0 184 5 1
39083 1 185 5 1
39085 1 185 5 1
80271 1 185 5 1
80274 1 185 5 1
80785 0 185 5 1
80787 0 185 5 1
80788 0 185 5 1
245827 0 185 5 1
246189 0 185 5 1
246190 0 185 5 1
246579 0 185 5 1
246580 0 185 5 1
246581 0 185 5 1
318924 0 185 5 1
318925 0 185 5 1
354511 0 185 5 1
354875 0 185 5 1
246578 0 186 5 1
317359 0 186 5 3
317360 0 186 5 3
317361 0 186 5 3
317715 0 186 5 1
353568 0 186 5 1
353685 0 186 5 3
79775 0 187 5 1
246515 0 187 5 1
246517 0 187 5 1
354118 1 187 5 1
354120 1 187 5 1
354121 1 187 5 1
79524 0 188 5 1
79525 0 188 5 1
79790 0 188 5 1
79791 0 188 5 1
79792 0 188 5 1
80686 0 188 5 2
80690 0 188 5 2
80691 0 188 5 2
245425 0 188 5 1
245427 0 188 5 1
245945 0 188 5 0
245947 0 188 5 0
246088 1 188 5 0
246091 1 188 5 0
246191 0 188 5 1
246194 0 188 5 1
246195 0 188 5 1
246575 0 188 5 3
246576 0 188 5 3
246578 0 188 5 3
246580 0 188 5 3
355783 0 188 5 3
355784 0 188 5 3
79063 1 189 5 1
79523 0 189 5 0
79524 0 189 5 0
80471 0 189 5 1
245826 0 189 5 1
245961 0 189 5 1
317273 0 189 5 1
317277 0 189 5 1
317279 0 189 5 1
353689 0 189 5 1
353690 0 189 5 1
353691 0 189 5 1
353688 0 189 5 3
353689 0 189 5 3
353690 0 189 5 3
353693 0 189 5 1
353694 0 189 5 1
355571 0 189 5 1
355640 0 189 5 1
355641 0 189 5 1
355642 0 189 5 1
355786 0 189 5 3
246086 0 190 5 1
246087 0 190 5 1
246089 0 190 5 1
246091 0 190 5 1
246257 0 190 5 1
246575 0 190 5 1
246577 0 190 5 1
246635 0 190 5 1
354118 0 190 5 3
354119 0 190 5 3
79561 0 191 5 1
79800 0 191 5 1
80657 0 191 5 3
80658 0 191 5 3
80660 0 191 5 3
245986 0 191 5 1
245989 0 191 5 1
246909 0 191 5 1
318365 0 191 5 1
318366 0 191 5 1
354009 0 191 5 1
79570 0 192 5 4
79791 1 192 5 1
79789 0 192 5 3
318341 0 192 5 3
353873 0 192 5 1
353875 0 192 5 1
354692 0 192 5 1
354695 0 192 5 1
354696 0 192 5 1
366796 0 192 5 3
79557 0 193 5 3
80778 1 193 5 1
80779 1 193 5 1
245375 0 193 5 3
245377 0 193 5 3
245378 0 193 5 3
245379 0 193 5 3
246465 1 193 5 3
317275 0 193 5 2
318363 0 193 5 1
318365 0 193 5 1
318366 0 193 5 1
318367 0 193 5 1
318477 0 193 5 2
354577 1 193 5 1
354581 1 193 5 1
354767 0 193 5 1
355480 0 193 5 4
79798 1 194 5 1
79801 1 194 5 1
245991 1 194 5 0
245994 1 194 5 0
246255 1 194 5 1
246386 0 194 5 3
246389 0 194 5 3
317273 1 194 5 1
317274 1 194 5 1
317279 1 194 5 1
355570 0 194 5 1
355571 0 194 5 1
355672 0 194 5 0
355673 0 194 5 0
355677 0 194 5 0
356112 0 194 5 1
546296 0 194 5 3
546299 0 194 5 3
79320 0 195 5 1
79322 0 195 5 1
354195 0 195 5 3
354198 0 195 5 3
354397 1 195 5 1
354400 1 195 5 1
354402 1 195 5 1
354403 1 195 5 1
354577 0 195 5 1
354580 0 195 5 1
354581 0 195 5 1
354690 0 195 5 1
354696 0 195 5 1
80387 0 196 5 3
245378 0 196 5 3
246254 0 196 5 3
246255 0 196 5 3
317015 0 196 5 1
317219 0 196 5 1
317220 0 196 5 1
317224 0 196 5 1
317875 0 196 5 1
317877 0 196 5 1
317879 0 196 5 1
317880 0 196 5 1
354577 1 196 5 3
354581 1 196 5 3
354650 0 196 5 1
354651 0 196 5 1
355022 0 196 5 0
366578 1 196 5 4
427441 0 196 5 3
79283 0 197 5 2
79284 0 197 5 2
79286 0 197 5 2
79287 0 197 5 2
79288 0 197 5 2
80441 0 197 5 3
316993 0 197 5 1
353623 1 197 5 3
354954 1 197 5 0
355150 0 197 5 3
355672 0 197 5 3
355673 0 197 5 3
355674 0 197 5 3
355675 0 197 5 3
356009 1 197 5 3
356016 0 197 5 1
356017 0 197 5 1
356019 0 197 5 1
356020 0 197 5 1
393809 0 197 5 2
532410 0 197 5 2
21438 0 198 5 3
227737 0 198 5 3
318930 0 198 5 1
353588 1 198 5 1
354106 1 198 5 0
354399 0 198 5 3
355923 0 198 5 1
355925 0 198 5 1
355926 0 198 5 1
356132 0 198 5 3
79066 0 199 5 3
79070 0 199 5 3
79071 0 199 5 3
80659 0 199 5 3
80661 0 199 5 3
317223 0 199 5 1
318366 0 199 5 1
318367 0 199 5 1
353868 1 199 5 1
355209 0 199 5 4
355684 0 199 5 0
355685 0 199 5 0
79471 1 200 5 1
79475 1 200 5 1
79697 0 200 5 1
79698 0 200 5 1
317827 0 200 5 1
317829 0 200 5 1
318741 0 200 5 1
318744 0 200 5 1
354397 1 200 5 3
354400 1 200 5 3
354590 0 200 5 1
354592 0 200 5 1
354593 0 200 5 1
354649 0 200 5 3
354651 0 200 5 3
354821 1 200 5 0
354822 1 200 5 0
354824 1 200 5 0
354825 1 200 5 0
354955 0 200 5 3
355458 0 200 5 1
406397 0 200 5 3
79780 0 201 5 2
79782 0 201 5 2
79783 0 201 5 2
229609 0 201 5 3
317220 1 201 5 1
317221 1 201 5 1
317222 1 201 5 1
317223 1 201 5 1
317224 1 201 5 1
353586 0 201 5 3
353587 0 201 5 3
353908 1 201 5 1
353910 1 201 5 1
353911 1 201 5 1
355639 0 201 5 1
355641 0 201 5 1
448183 0 201 5 3
114821 0 202 5 3
246885 0 202 5 1
246887 0 202 5 1
318740 0 202 5 0
318744 0 202 5 0
336825 0 202 5 3
353678 1 202 5 2
353679 1 202 5 2
353681 1 202 5 2
354240 0 202 5 1
354239 0 202 5 3
354713 0 202 5 1
354820 1 202 5 1
354821 1 202 5 1
354824 1 202 5 1
355010 0 202 5 1
393652 1 202 5 1
393650 1 202 5 3
393652 1 202 5 3
495372 0 202 5 2
80504 0 203 5 3
229610 0 203 5 1
301088 0 203 5 3
317827 1 203 5 1
317828 1 203 5 1
317830 1 203 5 1
317895 0 203 5 3
355966 0 203 5 3
355969 0 203 5 3
356262 0 203 5 1
356263 0 203 5 1
390564 1 203 5 3
390565 1 203 5 3
79315 0 204 5 1
79317 0 204 5 1
79318 0 204 5 1
79315 0 204 5 3
79318 0 204 5 3
79471 0 204 5 3
79474 0 204 5 3
80861 1 204 5 1
80865 1 204 5 1
85151 1 204 5 3
85152 1 204 5 3
315922 0 204 5 3
315926 0 204 5 3
315927 0 204 5 3
317723 0 204 5 0
317724 0 204 5 0
354446 0 204 5 1
354447 0 204 5 1
429839 0 204 5 3
33109 0 205 5 3
132266 0 205 5 2
176950 0 205 5 3
176951 0 205 5 3
176952 0 205 5 3
317034 0 205 5 0
317035 0 205 5 0
318142 0 205 5 3
318256 0 205 5 1
353671 1 205 5 1
354028 1 205 5 1
354029 1 205 5 1
354031 1 205 5 1
354032 1 205 5 1
354033 1 205 5 1
354204 1 205 5 3
354205 1 205 5 3
354247 0 205 5 4
354248 0 205 5 4
354444 0 205 5 1
354446 0 205 5 1
354448 0 205 5 1
354449 0 205 5 1
417991 0 205 5 3
427917 0 205 5 3
79467 0 206 5 4
80608 1 206 5 1
80609 1 206 5 1
245917 1 206 5 1
245919 1 206 5 1
245921 1 206 5 1
246630 0 206 5 3
246633 0 206 5 3
315924 0 206 5 1
315925 0 206 5 1
315926 0 206 5 1
315928 0 206 5 1
316994 0 206 5 3
354521 1 206 5 1
354522 1 206 5 1
354524 1 206 5 1
512575 1 206 5 3
512577 1 206 5 3
79079 0 207 5 1
79081 0 207 5 1
79471 1 207 5 2
79472 1 207 5 2
79697 1 207 5 1
79698 1 207 5 1
317724 0 207 5 3
354443 0 207 5 1
354445 0 207 5 1
354447 0 207 5 1
354449 0 207 5 1
355653 0 207 5 2
355655 0 207 5 2
355934 0 207 5 1
355937 0 207 5 1
355939 0 207 5 1
356122 1 207 5 1
356123 1 207 5 1
356198 0 207 5 1
356200 0 207 5 1
437373 0 207 5 1
79640 0 208 5 1
79641 0 208 5 1
237473 0 208 5 2
237475 0 208 5 2
237476 0 208 5 2
237477 0 208 5 2
245513 0 208 5 1
245515 0 208 5 1
245516 0 208 5 1
317893 0 208 5 1
317894 0 208 5 1
317896 0 208 5 1
317897 0 208 5 1
353805 0 208 5 1
353806 0 208 5 1
353808 0 208 5 1
353878 1 208 5 1
353879 1 208 5 1
354204 0 208 5 3
354657 0 208 5 1
354658 0 208 5 1
355676 0 208 5 1
355677 0 208 5 1
355879 0 208 5 0
355882 0 208 5 0
355883 0 208 5 0
33109 0 209 5 1
80011 0 209 5 1
80673 0 209 5 3
80677 0 209 5 3
175891 0 209 5 4
245252 0 209 5 1
245254 0 209 5 1
294770 1 209 5 3
294772 1 209 5 3
316953 0 209 5 1
317105 1 209 5 3
317106 1 209 5 3
317107 1 209 5 3
317725 0 209 5 1
318176 0 209 5 1
318177 0 209 5 1
353680 0 209 5 1
354443 0 209 5 1
354447 0 209 5 1
355271 0 209 5 3
355669 0 209 5 1
356257 0 209 5 3
79182 0 210 5 1
79921 0 210 5 1
137104 0 210 5 3
318079 0 210 5 1
318080 0 210 5 1
318411 0 210 5 3
318413 0 210 5 3
353805 1 210 5 3
353806 1 210 5 3
353809 1 210 5 3
353946 0 210 5 1
354205 1 210 5 1
354399 0 210 5 2
354402 0 210 5 2
354802 1 210 5 3
354803 1 210 5 3
355233 0 210 5 1
355235 0 210 5 1
356064 0 210 5 1
356066 0 210 5 1
356068 0 210 5 1
356163 0 210 5 1
356164 0 210 5 1
356166 0 210 5 1
356167 0 210 5 1
356168 0 210 5 1
80178 0 211 5 3
80179 0 211 5 3
229952 0 211 5 1
229953 0 211 5 1
237473 0 211 5 3
237474 0 211 5 3
237477 0 211 5 3
244534 0 211 5 3
315923 0 211 5 1
315926 0 211 5 1
315927 0 211 5 1
316953 1 211 5 1
316954 1 211 5 1
317621 0 211 5 1
336570 0 211 5 3
354290 0 211 5 3
354961 0 211 5 1
354963 0 211 5 1
354964 0 211 5 1
355076 0 211 5 3
355934 0 211 5 3
355935 0 211 5 3
355937 0 211 5 3
356204 0 211 5 1
429819 0 211 5 3
429820 0 211 5 3
429822 0 211 5 3
80375 0 212 5 1
80378 0 212 5 1
80380 0 212 5 1
80384 0 212 5 1
80386 0 212 5 1
245048 0 212 5 1
245049 0 212 5 1
245051 0 212 5 1
245323 0 212 5 1
246553 0 212 5 1
246555 0 212 5 1
317899 0 212 5 2
318654 0 212 5 2
318655 0 212 5 2
353627 0 212 5 1
353807 0 212 5 1
353861 0 212 5 1
353863 0 212 5 1
354182 0 212 5 1
355320 0 212 5 1
355321 0 212 5 1
355583 0 212 5 3
355878 0 212 5 1
355882 0 212 5 1
80809 1 213 5 1
80813 1 213 5 1
245051 1 213 5 0
245052 1 213 5 0
318015 0 213 5 1
318018 0 213 5 1
353811 0 213 5 1
353813 0 213 5 1
353858 0 213 5 1
353860 0 213 5 1
355583 0 213 5 3
355771 0 213 5 1
355773 0 213 5 1
355774 0 213 5 1
355879 0 213 5 3
355880 0 213 5 3
355881 0 213 5 3
79068 0 214 5 0
79070 0 214 5 0
79072 0 214 5 0
79067 0 214 5 1
79070 0 214 5 1
79072 0 214 5 1
79917 0 214 5 1
79919 0 214 5 1
79921 0 214 5 1
79922 0 214 5 1
80381 0 214 5 1
80382 0 214 5 1
128838 1 214 5 2
128839 1 214 5 2
128840 1 214 5 2
245255 1 214 5 3
317899 0 214 5 2
327184 0 214 5 3
355771 0 214 5 1
355773 0 214 5 1
65848 0 215 5 2
65849 0 215 5 2
79917 0 215 5 3
79921 0 215 5 3
127577 0 215 5 3
223007 0 215 5 3
223009 0 215 5 3
245663 0 215 5 1
245664 0 215 5 1
355935 0 215 5 1
355937 0 215 5 1
355938 0 215 5 1
355939 0 215 5 1
80410 1 216 5 1
80414 1 216 5 1
318893 0 216 5 1
318894 0 216 5 1
353805 0 216 5 0
353809 0 216 5 0
354262 0 216 5 1
354426 0 216 5 3
356207 0 216 5 3
480683 0 216 5 3
80410 0 217 5 1
80412 0 217 5 1
80414 0 217 5 1
80410 0 217 5 3
80411 0 217 5 3
80413 0 217 5 3
80949 0 217 5 1
80951 0 217 5 1
80952 0 217 5 1
134318 0 217 5 3
245755 1 217 5 1
245757 1 217 5 1
245758 1 217 5 1
245759 1 217 5 1
317705 0 217 5 1
317706 0 217 5 1
317707 0 217 5 1
318018 0 217 5 1
318019 0 217 5 1
318130 1 217 5 1
318132 1 217 5 1
318274 0 217 5 1
318957 0 217 5 1
318959 0 217 5 1
354361 1 217 5 1
354362 1 217 5 1
79339 0 218 5 1
245663 0 218 5 1
245664 0 218 5 1
246150 0 218 5 1
266468 0 218 5 2
318016 0 218 5 3
318017 0 218 5 3
318274 0 218 5 1
318276 0 218 5 1
354257 0 218 5 3
354258 0 218 5 3
354260 0 218 5 3
354261 0 218 5 3
495816 0 218 5 3
80375 0 219 5 1
80377 0 219 5 1
80376 0 219 5 3
80377 0 219 5 3
80378 0 219 5 3
318756 0 219 5 1
430222 0 219 5 3
490475 0 219 5 3
80063 0 220 5 1
80640 1 220 5 1
127577 0 220 5 3
127578 0 220 5 3
317533 0 220 5 4
318793 0 220 5 1
318795 0 220 5 1
354258 0 220 5 3
354259 0 220 5 3
354262 0 220 5 3
354717 0 220 5 3
354719 0 220 5 3
450576 0 220 5 4
505524 1 220 5 3
505525 1 220 5 3
505527 1 220 5 3
80062 1 221 5 1
80063 1 221 5 1
80066 1 221 5 1
80067 1 221 5 1
245662 0 221 5 2
246148 0 221 5 3
266467 0 221 5 2
266469 0 221 5 2
316953 0 221 5 1
316954 0 221 5 1
316957 0 221 5 1
318683 0 221 5 3
318686 0 221 5 3
100020 0 222 5 3
267081 0 222 5 4
317360 0 222 5 1
317363 0 222 5 1
317681 0 222 5 3
317683 0 222 5 3
318841 0 222 5 1
354292 0 222 5 2
355064 0 222 5 2
355066 0 222 5 2
520873 0 222 5 3
520876 0 222 5 3
554030 0 222 5 3
80726 0 223 5 3
80728 0 223 5 3
80729 0 223 5 3
317393 0 223 5 3
317394 0 223 5 3
317396 0 223 5 3
318152 0 223 5 1
318155 0 223 5 1
318156 0 223 5 1
318754 1 223 5 1
318756 1 223 5 1
318757 1 223 5 1
354820 0 223 5 1
354822 0 223 5 1
354823 0 223 5 1
354824 0 223 5 1
354825 0 223 5 1
430670 0 223 5 3
80952 0 224 5 1
80953 0 224 5 1
246032 0 224 5 1
246035 0 224 5 1
246036 0 224 5 1
430184 0 224 5 1
430186 0 224 5 1
430187 0 224 5 1
317373 0 225 5 3
317396 0 225 5 1
317397 0 225 5 1
318152 0 225 5 0
318154 0 225 5 0
318155 0 225 5 0
318156 0 225 5 0
343070 0 225 5 3
316939 0 226 5 1
316940 0 226 5 1
316942 0 226 5 1
316943 0 226 5 1
317554 0 226 5 1
317556 0 226 5 1
317558 0 226 5 1
318052 0 226 5 3
318315 0 226 5 0
318316 0 226 5 0
318318 0 226 5 0
177973 0 227 5 0
317637 0 227 5 4
317686 1 227 5 3
318322 0 227 5 0
430111 1 227 5 1
430114 1 227 5 1
480835 0 227 5 2
480838 0 227 5 2
177971 1 228 5 3
316848 1 228 5 1
317806 0 228 5 3
318394 0 228 5 1
318398 0 228 5 1
318399 0 228 5 1
318754 0 228 5 3
318756 0 228 5 3
301554 0 229 5 2
317554 0 229 5 3
317704 0 229 5 1
317706 0 229 5 1
317840 0 229 5 4
318143 0 229 5 1
318145 0 229 5 1
318235 0 229 5 1
318236 0 229 5 1
318237 0 229 5 1
318322 1 229 5 3
104127 0 230 5 3
316847 0 230 5 3
317554 0 230 5 3
317555 0 230 5 3
317556 0 230 5 3
318797 1 230 5 3
177871 1 231 5 1
177872 1 231 5 1
177873 1 231 5 1
179190 0 231 5 1
179191 0 231 5 1
251260 0 231 5 3
316903 0 231 5 3
316904 0 231 5 3
316905 0 231 5 3
317562 0 231 5 1
317563 0 231 5 1
317690 1 231 5 1
430124 0 231 5 3
477313 0 231 5 2
251258 0 232 5 3
316872 0 232 5 1
317076 0 232 5 2
317555 0 232 5 0
317558 0 232 5 0
245598 0 233 5 1
245600 0 233 5 1
245601 0 233 5 1
245852 0 233 5 1
246042 0 233 5 4
301112 1 233 5 3
301113 1 233 5 3
301115 1 233 5 3
316872 1 233 5 0
317566 0 233 5 2
317569 0 233 5 2
317570 0 233 5 2
317857 0 233 5 3
417290 0 233 5 3
294627 0 234 5 3
294629 0 234 5 3
316870 0 234 5 0
316872 0 234 5 0
317560 0 234 5 1
317562 0 234 5 1
317699 0 234 5 0
318144 0 234 5 1
318314 0 234 5 3
318315 0 234 5 3
417292 0 234 5 4
251259 0 235 5 1
251261 0 235 5 1
251262 0 235 5 1
417295 0 235 5 3
53194 1 236 5 3
53195 1 236 5 3
53197 1 236 5 3
177868 1 236 5 1
177869 1 236 5 1
177870 1 236 5 1
177873 1 236 5 1
429802 0 236 5 1
431295 0 236 5 1
431296 0 236 5 1
479592 0 236 5 1
479595 0 236 5 1
431353 0 237 5 1
431458 1 237 5 1
431459 1 237 5 1
245287 1 238 5 0
245288 1 238 5 0
246862 0 238 5 2
246863 0 238 5 2
260265 1 238 5 1
260268 1 238 5 1
260269 1 238 5 1
317076 0 238 5 3
317077 0 238 5 3
318484 0 238 5 1
318488 0 238 5 1
318489 0 238 5 1
429085 0 238 5 4
430242 0 238 5 1
430243 0 238 5 1
430244 0 238 5 1
431062 0 238 5 2
431487 0 238 5 1
431489 0 238 5 1
477311 0 238 5 3
236693 1 239 5 1
236694 1 239 5 1
236696 1 239 5 1
246466 1 239 5 3
246467 1 239 5 3
246469 1 239 5 3
429800 0 239 5 1
429801 0 239 5 1
429802 0 239 5 1
431423 0 239 5 3
431425 0 239 5 3
480893 0 239 5 1
480897 0 239 5 1
236694 0 240 5 1
236695 0 240 5 1
236696 0 240 5 1
236697 0 240 5 1
245400 0 240 5 1
245401 0 240 5 1
246007 1 240 5 3
246008 1 240 5 3
246010 1 240 5 3
246309 0 240 5 1
246310 0 240 5 1
246311 0 240 5 1
268043 1 240 5 2
268045 1 240 5 2
316853 0 240 5 1
316854 0 240 5 1
430369 0 240 5 1
431118 0 240 5 1
431119 0 240 5 1
431120 0 240 5 1
431121 0 240 5 1
245378 0 241 5 1
245379 0 241 5 1
245380 0 241 5 1
246012 0 241 5 1
246014 0 241 5 1
246015 0 241 5 1
317577 1 241 5 1
246309 0 242 5 3
246467 0 242 5 3
318502 0 242 5 1
430048 0 242 5 1
430050 0 242 5 1
430051 0 242 5 1
430875 0 242 5 1
430876 0 242 5 1
431286 1 242 5 1
431289 1 242 5 1
514319 0 242 5 3
514320 0 242 5 3
245286 0 243 5 3
245288 0 243 5 3
245290 0 243 5 3
317114 0 243 5 3
318073 0 243 5 1
318076 0 243 5 1
318077 0 243 5 1
477161 0 243 5 1
244992 0 244 5 1
244994 0 244 5 1
244995 0 244 5 1
246006 1 244 5 1
246007 1 244 5 1
246010 1 244 5 1
246014 0 244 5 1
246103 0 244 5 1
246105 0 244 5 1
246266 0 244 5 2
246269 0 244 5 2
246270 0 244 5 2
246835 0 244 5 1
246836 0 244 5 1
246833 0 244 5 3
246835 0 244 5 3
268044 0 244 5 0
317578 0 244 5 3
318779 1 244 5 1
429867 0 244 5 1
429868 0 244 5 1
430106 0 244 5 1
430108 0 244 5 1
430110 0 244 5 1
486062 1 244 5 3
429784 1 245 5 1
429785 1 245 5 1
429786 1 245 5 1
431004 1 245 5 1
431006 1 245 5 1
431116 0 245 5 3
431119 0 245 5 3
245285 1 246 5 1
245286 1 246 5 1
245287 1 246 5 1
317943 0 246 5 1
317946 0 246 5 1
318718 0 246 5 1
318720 0 246 5 1
244990 0 247 5 1
244993 0 247 5 1
244994 0 247 5 1
244995 0 247 5 1
245611 0 247 5 1
245977 0 247 5 3
246874 0 247 5 1
318791 0 247 5 1
430097 0 247 5 3
430098 0 247 5 3
430099 0 247 5 3
42139 0 248 5 2
42140 0 248 5 2
236461 0 248 5 0
244990 0 248 5 1
244991 0 248 5 1
244995 0 248 5 1
245082 1 248 5 3
245289 0 248 5 1
246610 0 248 5 1
430107 0 248 5 1
430192 0 248 5 4
431116 0 248 5 1
431120 0 248 5 1
483939 0 248 5 3
122606 0 249 5 3
122609 0 249 5 3
246619 0 249 5 3
246621 0 249 5 3
298177 0 249 5 2
317009 1 249 5 1
317011 1 249 5 1
317274 1 249 5 1
317276 1 249 5 1
317277 1 249 5 1
317279 1 249 5 1
317367 1 249 5 1
318383 0 249 5 1
430106 1 249 5 3
430108 1 249 5 3
430680 0 249 5 1
430682 0 249 5 1
238167 0 250 5 3
245501 0 250 5 1
245652 0 250 5 3
245653 0 250 5 3
245654 0 250 5 3
245742 0 250 5 2
317369 0 250 5 1
317370 0 250 5 1
431498 0 250 5 3
298262 0 251 5 3
330509 0 251 5 3
330510 0 251 5 3
330511 0 251 5 3
429961 0 251 5 1
429964 0 251 5 1
430981 0 251 5 3
430982 0 251 5 3
246097 1 252 5 3
429940 0 252 5 1
429943 0 252 5 1
429944 0 252 5 1
429945 0 252 5 1
430969 0 252 5 0
430970 0 252 5 0
431286 0 252 5 1
431287 0 252 5 1
537722 0 252 5 3
412186 0 253 5 2
484454 1 253 5 0
245077 1 254 5 0
246335 0 254 5 3
430175 1 254 5 1
430177 1 254 5 1
35753 0 255 5 1
35754 0 255 5 1
42534 0 255 5 2
189466 0 255 5 3
235945 0 255 5 1
235948 0 255 5 1
245936 0 255 5 1
35751 0 256 5 3
430173 0 256 5 1
430174 0 256 5 1
430177 0 256 5 1
482811 1 256 5 1
482812 1 256 5 1
236505 1 257 5 3
236506 1 257 5 3
236508 1 257 5 3
234705 0 258 5 1
234707 0 258 5 1
234709 0 258 5 1
236507 0 258 5 0
236509 0 258 5 0
324931 0 258 5 2
430175 0 258 5 1
35711 1 259 5 0
234938 0 259 5 1
234939 0 259 5 1
235264 0 259 5 1
235265 0 259 5 1
236263 0 259 5 1
236264 0 259 5 1
430173 0 259 5 3
430174 0 259 5 3
430488 0 259 5 3
430490 0 259 5 3
430491 0 259 5 3
235330 0 260 5 1
235333 0 260 5 1
235335 0 260 5 1
236266 0 260 5 1
236267 0 260 5 1
236269 0 260 5 1
236270 0 260 5 1
236503 0 260 5 3
236505 0 260 5 3
236506 0 260 5 3
236509 0 260 5 3
483479 0 260 5 3
483480 0 260 5 3
35754 0 261 5 0
234937 0 261 5 1
234938 0 261 5 1
235331 0 261 5 1
234918 0 262 5 1
234919 0 262 5 1
236412 0 262 5 1
236413 0 262 5 1
236415 0 262 5 1
236416 0 262 5 1
236552 1 262 5 1
245634 0 262 5 2
484762 1 262 5 1
234704 0 263 5 3
234705 0 263 5 3
234707 0 263 5 3
234708 0 263 5 3
234883 0 263 5 1
234884 0 263 5 1
236089 0 263 5 4
18476 0 264 5 2
35874 1 264 5 0
35875 1 264 5 0
234754 0 264 5 1
234755 0 264 5 1
235051 0 264 5 1
235337 0 264 5 1
235340 0 264 5 1
235341 0 264 5 1
235481 1 264 5 1
235484 1 264 5 1
235972 0 264 5 1
236220 0 264 5 1
430465 0 264 5 1
185887 0 265 5 3
185888 0 265 5 3
236250 0 265 5 1
236251 0 265 5 1
236252 0 265 5 1
236254 0 265 5 1
236255 0 265 5 1
236480 0 265 5 1
430946 0 265 5 3
35967 0 266 5 0
35970 0 266 5 0
235257 0 266 5 1
235258 0 266 5 1
235260 0 266 5 1
37082 0 267 5 3
236399 0 267 5 1
319943 0 267 5 3
319944 0 267 5 3
361618 0 267 5 3
430422 0 267 5 1
430423 0 267 5 1
430425 0 267 5 1
234717 1 268 5 1
234721 1 268 5 1
235050 1 268 5 1
236224 0 268 5 0
236225 0 268 5 0
236250 1 268 5 1
236251 1 268 5 1
236253 1 268 5 1
236254 1 268 5 1
236255 1 268 5 1
236447 1 268 5 1
234971 1 269 5 0
234973 1 269 5 0
235259 0 269 5 1
236239 1 269 5 1
236244 1 269 5 1
429971 0 269 5 1
429973 0 269 5 1
429975 0 269 5 1
430086 0 269 5 1
35752 0 270 5 3
35754 0 270 5 3
126412 0 270 5 3
235689 0 270 5 3
235766 0 270 5 4
236552 0 270 5 3
438474 0 270 5 3
438475 0 270 5 3
438476 0 270 5 3
234840 0 271 5 1
235304 0 271 5 4
235921 0 271 5 1
235922 0 271 5 1
235923 0 271 5 1
236296 0 271 5 4
427181 0 272 5 3
236240 0 273 5 1
236241 0 273 5 1
236239 0 273 5 1
236242 0 273 5 1
236243 0 273 5 1
430136 1 273 5 1
430140 1 273 5 1
438474 0 273 5 3
438477 0 273 5 3
235231 0 274 5 1
235474 1 274 5 1
235475 1 274 5 1
236475 0 274 5 1
236476 0 274 5 1
236477 0 274 5 1
439053 0 274 5 2
236472 0 275 5 1
236477 0 275 5 1
430313 0 276 5 3
430315 0 276 5 3
430869 0 276 5 1
190453 0 277 5 3
190454 0 277 5 3
235179 0 277 5 0
235181 0 277 5 0
235182 0 277 5 0
235183 0 277 5 0
430312 0 277 5 1
430314 0 277 5 1
431056 0 277 5 1
235474 0 278 5 1
390935 1 278 5 3
439060 0 278 5 2
430817 0 279 5 2
431408 0 279 5 1
431409 0 279 5 1
431557 0 279 5 1
235540 0 280 5 1
235541 0 280 5 1
235542 0 280 5 1
235544 0 280 5 1
235545 0 280 5 1
429804 0 280 5 1
235293 0 281 5 3
429803 0 281 5 1
429806 0 281 5 1
429808 0 281 5 1
429813 0 281 5 3
430661 1 281 5 0
430662 1 281 5 0
430664 1 281 5 0
235293 1 282 5 0
430087 0 282 5 3
430088 0 282 5 3
430089 0 282 5 3
431233 0 282 5 1
431235 0 282 5 1
429799 0 283 5 3
429802 0 283 5 3
274223 1 284 5 3
274224 1 284 5 3
430208 0 284 5 1
430209 0 284 5 1
429827 0 285 5 1
430661 0 285 5 1
430663 0 285 5 1
430664 0 285 5 1
189870 0 288 5 3
431697 0 288 5 3
430255 1 289 5 1
430258 1 289 5 1
431188 0 289 5 4
430497 0 290 5 1
430498 0 290 5 1
430178 1 292 5 0
430494 0 293 5 1
430495 0 293 5 1
430496 0 293 5 1
430497 0 293 5 1
430498 0 293 5 1
85628 0 294 5 3
430493 0 294 5 1
430498 0 294 5 1
430178 0 298 5 2
430180 0 298 5 2
430563 0 298 5 1
430614 0 298 5 0
430615 0 298 5 0
430617 0 298 5 0
