12988 0 6 6 2 1
34722 0 6 6 3 0
34858 0 6 6 1 0
147625 1 4 6 3 0
155651 0 6 6 4 1
156528 0 6 6 2 1
228408 0 6 6 3 0
229070 1 3 6 3 0
261085 0 6 6 3 0
277067 1 3 6 4 1
317846 1 3 6 4 0
332366 0 6 6 4 0
332881 0 6 6 1 1
411869 0 6 6 3 0
457051 1 3 6 3 0
478644 1 4 6 1 0
511136 0 6 6 3 0
517124 0 6 6 3 0
538537 0 6 6 1 0
557883 0 6 6 3 0
332880 0 6 8 1 0
333111 1 3 8 1 0
34532 0 6 9 1 0
34698 1 5 9 1 0
179242 1 2 9 2 0
229067 1 3 9 2 0
477537 1 2 9 1 0
478643 1 5 9 1 0
478738 1 4 9 1 0
11985 0 6 10 3 0
33516 1 3 10 1 0
34857 0 6 10 0 0
228409 0 6 10 4 0
277066 0 6 10 4 0
457050 0 6 10 3 0
457860 0 6 10 1 0
477442 1 5 10 1 0
511137 0 6 10 3 1
537636 1 3 10 1 0
1728 1 2 11 2 0
199976 1 3 11 3 0
34701 0 6 12 3 1
34859 0 6 12 1 0
331821 0 6 12 1 0
332995 0 6 12 1 0
333113 1 3 12 3 0
333115 1 4 12 3 0
477443 0 6 12 1 0
477843 1 2 12 1 1
478115 1 3 12 1 0
478739 0 6 12 1 0
478973 1 2 12 1 0
33816 0 6 13 1 1
35280 1 4 13 1 0
179236 0 6 13 1 0
199858 1 4 13 3 0
199971 1 2 13 2 0
333114 1 2 13 3 0
457595 0 6 13 1 0
459693 1 4 13 3 0
33518 1 5 14 3 1
34699 0 6 14 1 0
37662 0 6 14 3 0
178717 1 3 14 1 0
537637 0 6 14 1 0
538609 0 6 14 1 0
178946 0 6 15 1 0
229066 1 4 15 2 0
362712 0 6 15 4 0
458951 0 6 15 1 0
477842 0 6 15 1 0
478968 1 5 15 1 0
480612 0 6 15 3 0
34700 0 6 16 3 0
199859 1 3 16 3 0
333112 0 6 16 3 0
333242 0 6 16 1 0
478741 1 3 16 3 0
478842 1 3 16 1 0
478923 1 3 16 1 0
478972 1 4 16 0 0
497142 0 6 16 3 0
537663 0 6 16 1 0
34703 1 4 17 1 0
34850 1 3 17 1 0
178716 0 6 17 0 0
480610 0 6 17 1 0
537801 0 6 17 1 0
332515 0 6 18 1 0
478918 0 6 18 1 0
478924 1 3 18 1 1
478930 1 4 18 3 0
479148 1 3 18 1 0
537502 1 4 18 1 0
34234 0 6 19 3 0
34408 1 4 19 1 0
34528 0 6 19 1 0
34826 0 6 19 1 0
178609 0 6 19 1 0
362710 0 6 19 3 1
478224 1 4 19 1 0
478740 0 6 19 3 0
479776 1 3 19 3 0
480029 0 6 19 3 0
34978 1 3 20 4 0
457399 1 5 20 1 0
458952 0 6 20 2 0
477505 1 3 20 1 0
478116 1 3 20 1 0
478840 1 3 20 0 0
478976 0 6 20 3 0
33626 0 6 21 1 0
34823 0 6 21 2 0
35144 0 6 21 1 1
177963 1 3 21 1 0
295247 0 6 21 3 1
332017 1 3 21 1 0
477485 1 5 21 1 0
477494 1 2 21 1 0
477594 1 4 21 1 0
478117 1 5 21 3 0
478225 0 6 21 1 0
478516 0 6 21 1 0
478975 0 6 21 2 0
480609 0 6 21 1 0
538221 1 5 21 1 1
538394 0 6 21 1 0
538674 1 3 21 1 0
332289 0 6 22 1 0
332517 1 3 22 3 0
391334 0 6 22 2 0
477910 0 6 22 2 0
477937 1 3 22 1 0
478033 0 6 22 1 0
478210 0 6 22 1 1
478932 1 3 22 3 0
479147 1 4 22 1 0
479150 1 5 22 3 0
537800 1 2 22 1 0
34950 0 6 23 1 0
35145 1 3 23 3 0
477713 1 3 23 1 0
477932 1 4 23 1 0
478216 0 6 23 3 0
478769 0 6 23 0 0
478919 0 6 23 1 0
478926 1 3 23 1 0
479061 1 3 23 1 0
538156 1 3 23 1 0
3232 0 6 24 3 0
178611 1 3 24 3 0
178615 0 6 24 3 0
179227 1 2 24 1 0
331871 1 3 24 1 0
477507 1 4 24 1 0
477595 1 4 24 3 0
478118 0 6 24 3 0
478839 0 6 24 4 0
478931 1 4 24 1 0
480613 1 3 24 3 0
537824 1 4 24 1 0
34833 1 2 25 1 0
179232 0 6 25 3 0
477596 0 6 25 3 0
478032 1 5 25 1 0
478226 0 6 25 3 0
478514 1 3 25 0 0
478641 1 4 25 3 0
478925 0 6 25 1 0
533283 0 6 25 2 0
537707 1 4 25 1 0
538695 0 6 25 1 0
34632 0 6 26 1 1
34825 0 6 26 3 0
179228 0 6 26 1 0
477931 1 2 26 1 0
478822 0 6 26 1 0
478933 0 6 26 3 0
478950 0 6 26 1 0
479146 1 2 26 0 0
479149 1 3 26 3 0
537825 0 6 26 2 0
539140 0 6 26 1 0
35142 1 2 27 1 0
177425 0 6 27 1 0
179231 1 3 27 3 0
332018 0 6 27 2 1
477588 1 3 27 1 0
477712 0 6 27 1 0
478396 1 3 27 1 0
478806 1 3 27 4 0
479063 0 6 27 3 0
537712 1 4 27 3 0
538151 0 6 27 2 0
538270 0 6 27 1 0
538894 0 6 27 1 0
539049 1 3 27 1 0
33633 0 6 28 4 0
34471 0 6 28 1 0
179226 1 2 28 1 1
179230 0 6 28 1 0
305962 0 6 28 3 0
478581 0 6 28 1 0
478928 0 6 28 3 0
538154 1 3 28 0 0
539136 0 6 28 3 0
34836 0 6 29 3 0
332019 0 6 29 3 0
477775 1 4 29 1 0
478158 0 6 29 3 0
478517 0 6 29 3 0
478582 1 5 29 1 0
478881 1 2 29 1 0
538220 0 6 29 0 0
538819 0 6 29 1 0
538893 0 6 29 1 0
35325 1 3 30 1 0
179229 1 4 30 1 0
465756 1 3 30 3 0
478489 0 6 30 1 0
478803 0 6 30 4 0
478954 1 3 30 4 1
530354 1 4 30 3 0
538004 0 6 30 1 0
538197 0 6 30 1 0
33712 0 6 31 1 1
34630 1 3 31 1 0
302430 0 6 31 3 0
477773 1 3 31 0 0
477959 0 6 31 1 0
478824 0 6 31 3 0
478841 1 3 31 1 0
478945 1 4 31 4 0
538265 1 4 31 1 0
538754 1 4 31 0 0
538823 1 3 31 3 0
539053 0 6 31 1 0
376894 0 6 32 3 0
477530 1 4 32 1 0
478128 1 4 32 2 0
478179 1 4 32 1 0
478732 0 6 32 1 0
537820 1 2 32 1 0
538822 1 3 32 3 0
538968 1 4 32 1 0
477774 1 4 33 1 0
537728 1 2 33 1 0
538967 0 6 33 1 0
331229 0 6 34 3 0
478880 1 5 34 1 0
479076 0 6 34 2 0
538379 0 6 34 3 1
538755 1 3 34 2 0
302431 1 3 35 4 0
307815 0 6 35 3 1
477533 0 6 35 3 0
477553 1 4 35 4 0
477620 1 3 35 0 0
477772 0 6 35 0 0
477777 0 6 35 3 0
537631 1 3 35 1 0
537872 0 6 35 1 0
538096 0 6 35 1 0
538543 1 4 35 1 0
538976 1 3 35 3 0
539052 1 3 35 1 0
376892 0 6 36 1 0
479077 0 6 36 3 0
479078 1 3 36 3 0
538145 1 5 36 1 0
307816 1 3 37 3 0
308955 0 6 37 4 1
331226 1 4 37 1 0
376222 1 2 37 1 0
477743 0 6 37 3 0
537535 0 6 37 1 0
538045 1 4 37 1 0
538098 0 6 37 3 0
538655 0 6 37 1 0
376908 0 6 38 1 0
477778 0 6 38 3 0
537873 0 6 38 3 0
537955 1 2 38 1 0
538544 0 6 38 1 0
331230 1 3 39 3 0
375179 0 6 39 1 0
376753 1 4 39 1 0
479131 1 3 39 3 0
537530 1 4 39 1 1
538047 0 6 39 3 0
538097 1 2 39 1 0
538146 1 4 39 1 0
538147 0 6 39 1 0
537525 0 6 40 1 0
537635 1 4 40 3 0
538307 0 6 40 3 0
16764 1 3 41 3 0
375815 0 6 41 1 0
376751 0 6 41 1 0
537901 0 6 41 1 0
538869 0 6 41 1 0
538961 0 6 41 1 0
539155 1 4 41 1 0
331225 0 6 42 1 0
375427 0 6 42 3 1
376437 1 3 42 1 0
376936 0 6 42 1 0
405885 1 3 42 3 1
479128 0 6 42 1 0
521812 1 4 42 2 0
538144 1 3 42 0 0
538384 0 6 42 1 0
539068 0 6 42 1 0
539117 0 6 42 3 0
375829 1 3 43 1 0
376771 0 6 43 1 0
538007 1 4 43 1 0
538504 0 6 43 1 0
376477 1 4 44 1 0
405883 0 6 44 1 1
479126 0 6 44 1 0
537461 0 6 44 1 0
538104 0 6 44 4 0
538336 1 3 44 1 0
538960 1 3 44 1 0
539069 1 3 44 1 0
539071 1 3 44 3 1
539174 0 6 44 2 0
16762 0 6 45 1 0
376854 0 6 45 1 1
479127 0 6 45 1 0
530613 0 6 45 3 1
537686 1 2 45 1 0
537786 0 6 45 1 0
538628 1 3 45 1 0
538647 1 3 45 1 0
559995 1 2 45 3 0
16763 1 4 46 3 0
308812 0 6 46 3 0
375144 0 6 46 1 1
375421 0 6 46 4 0
375575 0 6 46 3 0
376394 1 3 46 1 0
376655 1 3 46 3 0
376769 1 5 46 1 0
376774 0 6 46 3 0
537458 0 6 46 0 0
537460 1 3 46 1 0
537565 0 6 46 3 0
538126 1 3 46 1 0
538338 1 5 46 3 1
538801 1 3 46 1 0
538963 1 2 46 1 0
539118 0 6 46 4 1
539144 1 3 46 1 0
539157 0 6 46 3 1
330825 1 3 47 1 0
376092 0 6 47 1 0
376352 0 6 47 1 0
538490 1 4 47 1 0
538516 1 4 47 2 0
539057 0 6 47 1 0
539084 1 3 47 1 0
539175 0 6 47 3 0
282926 0 6 48 2 0
375143 1 3 48 1 0
375298 0 6 48 1 0
375600 0 6 48 1 0
376091 0 6 48 0 0
376768 1 3 48 3 0
376775 1 4 48 3 0
477591 1 2 48 1 0
538471 0 6 48 1 0
538821 1 3 48 1 0
539176 1 3 48 3 0
559993 1 2 48 3 0
282928 1 3 49 3 0
330824 1 3 49 1 0
375149 0 6 49 1 0
375300 0 6 49 3 0
375428 0 6 49 3 0
376772 0 6 49 1 0
376849 0 6 49 1 1
405884 0 6 49 1 0
537453 0 6 49 3 0
537687 1 2 49 1 0
538016 0 6 49 1 0
538712 1 4 49 1 0
538744 1 5 49 2 0
538889 1 3 49 3 0
364854 1 4 50 3 0
375145 0 6 50 3 0
375148 0 6 50 1 0
375292 0 6 50 2 0
375760 1 4 50 1 0
375959 1 4 50 1 0
376374 1 3 50 1 0
377075 0 6 50 1 0
406423 1 2 50 1 0
534963 0 6 50 3 0
538061 1 2 50 1 1
538649 1 4 50 3 0
538745 1 4 50 2 1
539011 0 6 50 1 0
539056 1 4 50 1 0
539104 1 4 50 1 0
330826 1 3 51 3 0
331302 1 3 51 1 0
375196 0 6 51 1 0
375248 1 2 51 2 0
375297 1 3 51 1 0
375448 0 6 51 1 0
375873 0 6 51 1 0
375986 1 3 51 1 0
376015 0 6 51 1 0
376351 0 6 51 1 0
376494 1 3 51 1 0
376931 0 6 51 1 0
539180 1 4 51 1 0
327162 0 6 52 3 0
331439 0 6 52 1 0
375150 0 6 52 2 0
375198 0 6 52 3 0
376519 0 6 52 2 0
399317 1 3 52 4 1
405371 0 6 52 1 0
477592 1 4 52 1 0
478992 0 6 52 1 0
534964 1 4 52 3 0
537690 0 6 52 3 0
537919 1 4 52 3 0
538713 1 2 52 1 0
538857 0 6 52 1 0
538930 0 6 52 1 0
539058 0 6 52 3 0
176846 0 6 53 3 0
282335 0 6 53 3 0
282925 1 4 53 1 0
375142 0 6 53 1 0
375241 0 6 53 1 0
375477 1 3 53 1 0
375896 1 4 53 3 0
376480 0 6 53 1 0
376576 1 2 53 1 0
376612 0 6 53 1 0
376717 1 3 53 2 0
376825 1 4 53 4 0
376844 0 6 53 3 0
376850 1 4 53 1 0
406570 0 6 53 1 0
533541 1 2 53 2 0
537811 0 6 53 1 0
538211 1 3 53 1 0
538500 1 2 53 1 0
538871 1 2 53 1 0
539012 0 6 53 2 0
539059 1 4 53 3 0
109934 0 6 54 3 0
317564 0 6 54 3 0
330838 1 2 54 2 0
331185 0 6 54 1 0
375152 0 6 54 3 0
375434 0 6 54 3 1
375635 1 3 54 1 0
375972 0 6 54 1 0
375989 0 6 54 3 0
376189 0 6 54 3 0
376707 0 6 54 1 0
376716 1 3 54 2 0
376932 1 3 54 1 0
406422 0 6 54 1 0
436443 0 6 54 3 0
538929 0 6 54 1 0
329924 0 6 55 1 0
330850 0 6 55 1 0
331396 0 6 55 1 0
331493 0 6 55 1 0
375714 1 4 55 1 0
375785 0 6 55 1 0
375961 1 3 55 1 0
375987 0 6 55 1 1
376412 0 6 55 1 0
376671 0 6 55 1 0
376851 1 3 55 3 1
376903 1 4 55 1 0
376924 0 6 55 1 0
376934 0 6 55 3 0
377048 1 3 55 1 0
406425 0 6 55 0 0
436442 0 6 55 1 0
477549 1 2 55 1 0
478329 0 6 55 2 0
538071 0 6 55 1 0
538870 1 3 55 1 0
538928 0 6 55 3 0
111003 1 4 56 2 1
278874 1 2 56 3 0
329974 0 6 56 1 0
330879 0 6 56 1 0
331136 0 6 56 1 1
331406 1 4 56 1 0
362150 1 3 56 3 0
375327 0 6 56 1 0
375435 1 3 56 3 0
375476 0 6 56 1 0
375508 1 3 56 4 1
375722 0 6 56 1 0
376087 1 3 56 1 0
376496 0 6 56 1 0
376577 0 6 56 1 0
376613 1 2 56 1 0
376719 1 3 56 3 0
376778 1 3 56 1 0
376842 0 6 56 1 0
405314 1 3 56 1 0
405374 1 3 56 3 0
406569 0 6 56 1 0
436850 0 6 56 1 0
523803 1 3 56 2 0
533540 0 6 56 1 0
538866 1 3 56 1 0
539002 0 6 56 1 0
29942 0 6 57 3 0
330286 0 6 57 1 0
330965 1 4 57 1 1
331398 0 6 57 3 0
331404 0 6 57 1 0
375360 1 2 57 1 0
375567 0 6 57 1 0
375951 1 4 57 1 0
376140 1 4 57 3 1
376192 0 6 57 1 0
376324 0 6 57 3 0
376670 0 6 57 1 0
376680 1 3 57 3 0
376685 1 3 57 1 0
376843 0 6 57 1 0
376853 0 6 57 3 0
400199 0 6 57 3 0
406420 0 6 57 1 0
538567 0 6 57 4 1
538715 1 3 57 3 0
538859 0 6 57 2 0
104735 0 6 58 3 0
242555 1 3 58 3 0
318678 1 3 58 4 1
330880 1 2 58 1 0
330950 1 4 58 1 0
331016 0 6 58 1 0
331264 0 6 58 1 0
331495 1 3 58 3 1
375244 1 4 58 3 0
375387 1 5 58 1 0
375712 1 3 58 4 0
375718 1 3 58 1 0
376046 1 3 58 1 0
376159 0 6 58 1 0
376199 1 3 58 1 0
376272 0 6 58 1 0
376275 0 6 58 1 0
376718 1 4 58 3 0
405946 0 6 58 1 0
406025 1 5 58 1 0
406571 1 3 58 1 0
479192 1 4 58 1 0
534295 0 6 58 1 0
538022 1 2 58 1 0
176847 0 6 59 3 0
252035 0 6 59 3 1
329934 1 2 59 3 0
329975 1 3 59 3 0
330261 1 2 59 1 0
330473 0 6 59 1 0
331405 1 3 59 1 1
362149 1 5 59 3 0
375067 1 3 59 1 0
375242 0 6 59 1 0
375328 0 6 59 3 0
375358 0 6 59 2 0
375432 0 6 59 3 0
376003 0 6 59 1 0
376055 0 6 59 1 0
376513 1 4 59 1 0
376678 1 3 59 1 0
376679 0 6 59 1 0
400403 1 3 59 3 0
405222 1 3 59 4 0
406024 1 3 59 0 0
406691 1 5 59 1 0
436852 1 3 59 3 0
471364 0 6 59 3 0
477573 1 2 59 3 1
538593 1 5 59 1 0
538864 0 6 59 0 0
205596 1 3 60 3 0
330440 1 4 60 1 0
330525 1 4 60 1 0
331137 1 4 60 1 0
331408 0 6 60 3 0
331429 0 6 60 1 0
331494 0 6 60 1 0
375124 1 4 60 1 0
375188 0 6 60 1 0
375717 1 4 60 3 0
375739 0 6 60 1 0
375897 0 6 60 1 0
375982 1 2 60 1 0
376076 1 3 60 1 0
376194 1 3 60 1 0
376419 1 4 60 1 0
376852 0 6 60 3 1
405094 0 6 60 1 0
405317 1 2 60 3 0
406573 1 4 60 3 0
406708 0 6 60 0 0
436451 1 5 60 4 1
477571 1 2 60 2 0
477626 0 6 60 1 0
478789 1 3 60 4 1
479191 1 3 60 1 0
538434 0 6 60 1 0
538771 0 6 60 1 0
176842 0 6 61 0 0
330068 1 3 61 1 0
330259 1 3 61 1 0
330966 1 2 61 3 0
331138 0 6 61 1 0
375068 1 3 61 3 0
375502 1 4 61 1 0
375765 1 3 61 1 0
375983 1 4 61 1 0
375985 0 6 61 3 0
376162 1 4 61 2 0
376649 0 6 61 1 0
376676 0 6 61 0 0
376689 1 2 61 3 1
376882 1 2 61 1 0
377040 0 6 61 2 0
399836 1 5 61 3 0
405810 1 3 61 1 0
406091 1 3 61 4 1
420683 1 2 61 3 0
436849 0 6 61 0 0
459488 1 3 61 3 0
478324 0 6 61 1 0
478694 0 6 61 1 0
479041 1 4 61 1 0
479189 0 6 61 0 0
538595 1 2 61 3 0
538617 0 6 61 1 0
538860 0 6 61 3 1
111002 1 2 62 1 0
322256 0 6 62 3 0
329882 0 6 62 1 0
329932 0 6 62 2 0
329933 0 6 62 3 0
331078 1 4 62 1 0
331680 0 6 62 1 0
375189 0 6 62 1 0
375416 0 6 62 1 0
375478 0 6 62 3 1
375796 0 6 62 1 0
376048 0 6 62 3 0
376677 1 4 62 1 0
376713 0 6 62 2 0
376884 0 6 62 2 1
385755 0 6 62 3 0
399834 1 4 62 1 0
420228 1 5 62 4 1
436803 0 6 62 4 0
537876 1 3 62 1 0
538591 0 6 62 1 0
551013 0 6 62 3 0
29940 1 4 63 3 0
164358 0 6 63 3 0
187820 0 6 63 3 0
330304 1 3 63 1 0
330373 1 5 63 1 0
330471 1 3 63 1 0
330968 1 3 63 1 1
331143 0 6 63 1 0
331186 0 6 63 1 0
331417 0 6 63 1 0
375388 0 6 63 1 0
375558 0 6 63 1 0
375640 1 4 63 1 0
375715 1 4 63 2 0
375746 1 3 63 1 0
376053 1 3 63 0 0
376259 1 3 63 1 0
376332 0 6 63 1 0
378578 1 3 63 3 1
436773 1 2 63 0 0
452936 0 6 63 3 0
477534 0 6 63 1 0
477903 0 6 63 3 0
478687 0 6 63 3 1
538398 0 6 63 1 0
538592 0 6 63 1 0
111001 0 6 64 1 0
176585 0 6 64 0 0
176800 0 6 64 4 0
233047 0 6 64 3 1
242556 0 6 64 4 0
251731 1 5 64 1 0
324433 0 6 64 3 0
330000 0 6 64 1 0
330474 0 6 64 3 0
375097 0 6 64 1 0
375504 1 2 64 3 0
376037 1 4 64 3 0
376051 0 6 64 3 0
376274 1 4 64 1 0
376691 0 6 64 4 0
376765 0 6 64 1 0
385237 1 4 64 4 1
399833 0 6 64 0 0
399835 0 6 64 1 1
405221 0 6 64 4 1
405316 0 6 64 3 1
406594 1 2 64 1 0
406692 1 4 64 1 0
436452 0 6 64 4 1
477433 1 4 64 1 0
533593 0 6 64 1 0
537877 1 4 64 1 0
538431 1 3 64 4 0
538432 1 2 64 4 1
538876 0 6 64 3 0
127239 1 4 65 3 0
330123 0 6 65 1 0
330369 0 6 65 1 0
330472 1 3 65 1 0
330969 1 3 65 1 0
331077 0 6 65 1 0
331141 1 4 65 3 0
331146 1 2 65 3 0
331188 0 6 65 3 0
331189 0 6 65 3 0
331402 1 4 65 1 0
338118 1 3 65 3 0
375258 0 6 65 1 0
375397 1 4 65 1 0
375415 1 3 65 1 0
375418 1 3 65 3 0
375431 0 6 65 1 0
375447 0 6 65 3 0
375776 0 6 65 1 0
376035 1 2 65 1 1
376056 0 6 65 2 0
376119 1 3 65 1 0
376193 0 6 65 1 0
376195 1 2 65 2 0
376292 0 6 65 1 0
376515 1 3 65 3 0
376533 1 2 65 1 0
376910 1 3 65 1 0
377039 1 3 65 2 0
397321 1 2 65 3 0
400399 0 6 65 1 0
401360 0 6 65 1 0
437282 0 6 65 0 0
459484 1 3 65 1 0
538548 1 3 65 1 1
107245 1 3 66 3 0
176845 1 4 66 2 0
251732 0 6 66 3 0
324429 1 3 66 1 0
329911 0 6 66 4 1
330181 1 4 66 1 0
330260 1 4 66 1 0
330561 0 6 66 1 0
330974 1 3 66 3 0
331063 0 6 66 1 0
331418 0 6 66 3 0
375468 0 6 66 1 0
375921 1 2 66 4 1
376052 1 4 66 0 0
376646 1 3 66 1 0
377031 0 6 66 3 0
377985 0 6 66 1 0
436775 0 6 66 3 1
437850 0 6 66 0 0
459487 1 4 66 3 0
477435 0 6 66 3 0
477441 1 4 66 3 0
477536 0 6 66 3 0
537875 0 6 66 0 0
537878 0 6 66 3 1
538334 0 6 66 1 0
538470 1 5 66 1 0
107626 1 3 67 3 0
110747 0 6 67 1 0
110821 0 6 67 1 0
111272 1 3 67 4 0
187812 1 4 67 3 1
323891 1 4 67 1 0
329910 0 6 67 4 1
330001 0 6 67 1 1
330417 1 4 67 1 0
330551 0 6 67 1 0
330898 1 2 67 3 1
331079 0 6 67 3 0
344048 1 4 67 2 0
376045 0 6 67 1 0
376054 0 6 67 1 0
376057 0 6 67 3 0
376196 0 6 67 3 1
376650 0 6 67 3 0
376681 1 2 67 3 1
376883 0 6 67 1 0
378581 0 6 67 4 1
399850 1 3 67 1 0
401362 0 6 67 2 1
405568 1 3 67 1 0
406595 1 3 67 1 0
436780 0 6 67 3 0
459545 0 6 67 1 0
459867 0 6 67 1 0
520960 1 3 67 3 0
537700 1 5 67 1 0
538399 1 3 67 2 0
538807 1 4 67 4 0
26040 1 4 68 3 1
111005 0 6 68 3 0
111344 1 4 68 1 0
130962 0 6 68 3 1
325119 1 4 68 1 0
330124 0 6 68 1 0
330202 0 6 68 1 0
330475 1 4 68 3 0
331147 0 6 68 4 1
375060 1 2 68 1 0
375602 0 6 68 1 1
376007 0 6 68 1 0
376099 1 4 68 1 0
376350 1 2 68 1 1
376512 1 4 68 1 0
376560 0 6 68 1 0
397329 0 6 68 3 0
400213 1 2 68 2 0
401355 1 2 68 1 0
405123 0 6 68 2 0
406597 1 3 68 3 0
437281 1 3 68 0 0
475283 1 4 68 3 0
476686 1 4 68 3 0
477529 0 6 68 0 0
538348 0 6 68 1 0
538397 0 6 68 0 0
538402 0 6 68 3 0
538685 0 6 68 4 0
538830 1 4 68 3 0
559297 0 6 68 3 0
108997 1 2 69 1 0
110823 0 6 69 3 0
111000 0 6 69 1 0
156571 1 3 69 3 0
188414 1 4 69 1 0
330184 0 6 69 3 1
330971 0 6 69 1 0
331410 1 2 69 1 0
338168 1 4 69 3 0
375096 1 4 69 1 0
375099 0 6 69 3 0
376036 1 3 69 1 0
376115 0 6 69 2 0
376121 0 6 69 1 1
376293 0 6 69 1 0
376409 0 6 69 1 0
376767 1 3 69 3 0
376912 0 6 69 3 0
378248 0 6 69 1 0
378266 0 6 69 1 0
397318 1 3 69 1 0
406034 1 3 69 1 0
406224 0 6 69 1 0
406593 0 6 69 0 0
406596 0 6 69 3 0
436550 0 6 69 0 0
437284 0 6 69 1 0
437286 1 4 69 3 0
437791 1 4 69 3 0
460978 0 6 69 1 0
537698 1 3 69 1 0
538122 0 6 69 1 0
538381 0 6 69 3 0
538947 1 4 69 3 0
43903 1 3 70 3 0
109000 0 6 70 3 1
194563 0 6 70 3 0
323892 0 6 70 1 0
324428 0 6 70 1 0
330262 0 6 70 3 0
330293 0 6 70 2 0
331413 1 4 70 3 1
331545 0 6 70 1 0
337353 0 6 70 3 0
344052 0 6 70 3 1
375424 0 6 70 1 0
375446 0 6 70 3 0
376122 1 3 70 3 0
376354 1 2 70 3 1
376558 0 6 70 0 0
401357 0 6 70 3 1
406772 1 3 70 3 0
413291 1 4 70 3 0
437283 1 3 70 1 0
437784 0 6 70 3 0
477531 0 6 70 1 0
509499 0 6 70 3 0
538228 1 3 70 2 0
54477 0 6 71 2 1
81920 1 5 71 3 1
108974 1 3 71 3 0
109918 0 6 71 1 0
156569 0 6 71 2 0
189204 1 4 71 3 1
226706 1 3 71 3 0
328329 1 3 71 3 0
330249 0 6 71 3 0
330549 0 6 71 1 0
331409 1 4 71 0 0
375594 1 4 71 0 0
376005 0 6 71 1 0
376410 0 6 71 1 0
376530 0 6 71 1 0
376874 1 3 71 1 0
378953 0 6 71 1 0
400054 0 6 71 1 0
406710 0 6 71 1 0
427009 0 6 71 3 0
436818 0 6 71 3 0
460076 1 3 71 1 0
537699 0 6 71 1 1
537917 1 3 71 3 0
537927 0 6 71 4 0
538107 1 4 71 1 0
299232 1 3 72 3 0
323894 0 6 72 3 0
330128 0 6 72 4 1
373212 0 6 72 3 0
375178 0 6 72 1 0
376047 1 3 72 3 1
376120 1 4 72 1 0
376708 0 6 72 3 1
400455 1 4 72 2 0
401353 0 6 72 3 0
436631 1 3 72 4 0
437616 0 6 72 1 0
479136 0 6 72 1 0
516879 0 6 72 3 0
538401 1 4 72 3 0
538406 0 6 72 1 0
108998 0 6 73 1 0
109302 1 3 73 1 0
330553 1 3 73 3 0
333181 1 3 73 4 1
375061 1 3 73 1 0
377027 0 6 73 1 0
378252 0 6 73 3 0
378959 0 6 73 1 0
399398 1 4 73 4 0
400454 1 4 73 1 0
405477 1 3 73 1 0
406033 1 3 73 1 0
406036 0 6 73 3 0
413292 0 6 73 3 0
427008 0 6 73 2 0
460078 1 4 73 1 0
478891 0 6 73 3 1
537701 0 6 73 3 0
538396 0 6 73 0 0
538940 1 3 73 1 0
539022 0 6 73 3 0
27603 1 2 74 3 0
109127 0 6 74 1 0
194562 1 4 74 3 0
194568 0 6 74 2 0
330550 0 6 74 1 0
331412 1 3 74 3 0
375696 0 6 74 1 0
378737 0 6 74 1 0
378945 1 4 74 3 0
378987 1 4 74 1 0
397327 0 6 74 2 0
399908 0 6 74 3 0
436504 0 6 74 4 1
438821 1 3 74 3 0
81918 1 3 75 1 0
108969 0 6 75 3 0
108999 0 6 75 2 0
109013 0 6 75 1 1
109300 1 3 75 0 0
154316 0 6 75 3 0
294082 0 6 75 3 0
330017 0 6 75 1 0
375596 0 6 75 1 0
376185 1 2 75 0 0
376705 1 3 75 4 1
376709 1 4 75 3 0
376810 0 6 75 1 0
376875 0 6 75 2 0
376895 1 2 75 0 0
378265 1 3 75 0 0
406711 0 6 75 3 0
460077 0 6 75 1 0
460477 1 3 75 1 0
460946 1 4 75 1 0
479137 1 5 75 1 0
537906 1 4 75 2 1
109128 0 6 76 3 1
156570 1 3 76 3 0
330591 1 3 76 1 0
331411 0 6 76 2 0
375233 0 6 76 0 0
375697 1 3 76 3 0
397326 0 6 76 2 1
406391 1 4 76 4 0
427016 0 6 76 2 0
478781 1 3 76 3 0
537597 1 2 76 3 1
537928 0 6 76 3 0
538400 1 3 76 2 1
538731 0 6 76 4 0
108995 0 6 77 3 0
109435 0 6 77 0 0
177078 0 6 77 3 1
194569 1 3 77 2 0
299231 0 6 77 3 0
375063 0 6 77 2 0
375698 1 4 77 3 1
375740 0 6 77 1 0
376897 1 5 77 1 0
376907 0 6 77 1 0
378724 0 6 77 4 1
378893 1 3 77 1 0
399904 1 3 77 4 0
406712 0 6 77 3 0
442207 0 6 77 2 1
460079 0 6 77 3 0
460478 0 6 77 1 0
479140 0 6 77 3 0
537938 0 6 77 1 0
538943 0 6 77 3 0
74536 1 2 78 3 0
92349 1 2 78 3 0
109436 0 6 78 1 0
109643 1 4 78 1 0
282636 1 3 78 3 0
331675 1 4 78 3 0
375234 1 3 78 2 0
375819 0 6 78 1 0
377710 1 3 78 4 0
378407 0 6 78 0 0
378745 0 6 78 1 0
386184 1 4 78 3 0
459735 1 3 78 3 0
461089 1 3 78 1 0
479139 1 3 78 3 0
537596 0 6 78 2 1
537830 0 6 78 1 0
558598 1 4 78 2 0
51473 1 3 79 3 0
92350 0 6 79 3 0
109340 0 6 79 3 0
109638 0 6 79 2 0
280229 0 6 79 3 0
375323 0 6 79 1 0
375775 1 4 79 3 1
377535 1 3 79 1 0
389496 1 3 79 2 0
397328 1 4 79 3 0
401241 0 6 79 4 0
459607 0 6 79 1 0
461087 0 6 79 1 0
479138 0 6 79 1 0
109039 1 5 80 1 0
110302 1 3 80 1 0
173837 1 4 80 3 0
330552 0 6 80 2 0
375322 1 3 80 3 0
376896 1 2 80 1 0
376909 1 3 80 1 0
377385 1 3 80 1 0
377968 1 3 80 1 0
389500 1 4 80 3 0
400869 1 3 80 3 0
460504 0 6 80 1 0
461092 1 3 80 1 0
479142 0 6 80 3 0
537940 0 6 80 3 1
558599 0 6 80 3 0
562234 1 3 80 3 1
103169 0 6 81 3 0
109674 1 3 81 3 0
177077 1 3 81 3 0
182681 1 3 81 2 0
385912 1 4 81 2 0
424390 1 4 81 3 0
445023 1 3 81 3 0
459610 0 6 81 1 0
460945 1 4 81 1 0
461063 1 3 81 1 0
537598 1 3 81 3 0
557941 1 4 81 3 0
109297 0 6 82 3 0
109338 0 6 82 1 0
128669 0 6 82 2 0
190677 0 6 82 3 0
192909 1 4 82 2 0
375599 1 4 82 1 0
376243 1 2 82 1 1
376666 0 6 82 1 0
377166 1 3 82 1 0
377789 1 2 82 1 0
377969 0 6 82 3 1
378381 1 2 82 1 0
378472 1 4 82 1 0
399888 1 3 82 4 1
459357 0 6 82 1 0
537937 0 6 82 1 1
74537 0 6 83 3 0
100481 1 3 83 3 1
109053 0 6 83 3 0
109645 1 3 83 3 0
377038 0 6 83 1 0
377159 1 5 83 1 0
377320 1 3 83 1 0
377536 0 6 83 3 0
378380 0 6 83 1 0
378408 0 6 83 1 0
427396 1 3 83 3 0
461091 1 2 83 1 0
537945 1 3 83 3 0
109520 0 6 84 4 0
164224 0 6 84 3 0
376911 0 6 84 3 0
376971 0 6 84 1 0
377527 0 6 84 1 0
378027 0 6 84 1 0
378460 1 4 84 4 1
378473 1 3 84 1 0
459807 0 6 84 1 0
460770 0 6 84 3 0
461023 0 6 84 1 0
467494 1 2 84 3 0
479141 0 6 84 3 0
521346 0 6 84 3 0
537936 1 3 84 1 0
562232 1 4 84 1 0
37845 0 6 85 3 1
109040 1 3 85 3 0
110232 0 6 85 2 0
116303 1 3 85 3 0
177086 0 6 85 3 0
207351 0 6 85 2 1
311819 0 6 85 3 0
375592 0 6 85 3 0
376973 1 3 85 3 0
377967 0 6 85 1 1
378782 0 6 85 1 0
445024 1 5 85 3 1
459198 0 6 85 1 0
459983 0 6 85 1 0
460317 0 6 85 1 0
460525 0 6 85 1 0
460769 1 3 85 3 0
460904 1 3 85 1 0
461065 1 5 85 1 1
461066 0 6 85 1 0
461093 1 3 85 1 0
561910 0 6 85 3 0
89186 0 6 86 1 0
109646 1 4 86 3 0
110299 1 4 86 1 0
128671 1 2 86 3 0
375173 1 2 86 1 0
375565 0 6 86 1 0
376244 0 6 86 1 0
377702 0 6 86 1 0
378015 1 5 86 1 0
378382 1 3 86 3 0
378383 1 2 86 3 0
378456 0 6 86 3 0
378462 1 4 86 1 1
382555 0 6 86 3 0
445020 1 3 86 0 0
459125 1 5 86 1 0
459608 1 2 86 3 0
460710 1 2 86 4 1
460766 1 3 86 1 1
461068 1 4 86 3 0
461097 0 6 86 0 0
46551 0 6 87 3 0
55752 1 2 87 3 0
111010 0 6 87 3 0
163259 1 3 87 3 0
164225 0 6 87 3 0
190678 0 6 87 3 0
309701 0 6 87 3 0
375441 0 6 87 1 0
375604 1 4 87 3 0
376665 0 6 87 1 0
376974 0 6 87 3 0
377334 0 6 87 3 0
377588 0 6 87 1 0
377970 1 3 87 3 0
378421 1 3 87 1 0
460126 0 6 87 0 0
460153 0 6 87 4 1
460315 1 3 87 0 0
460388 0 6 87 1 0
480592 1 4 87 3 0
537942 1 3 87 1 0
48636 1 2 88 3 0
89185 0 6 88 0 0
109052 0 6 88 3 0
110301 1 3 88 1 0
111011 1 4 88 3 0
128665 0 6 88 0 0
309699 1 2 88 0 0
376141 1 2 88 1 0
377168 1 4 88 3 0
377637 0 6 88 1 0
378420 0 6 88 1 0
378469 1 4 88 1 0
378783 1 3 88 3 0
394505 1 3 88 4 1
445022 1 4 88 1 0
459129 0 6 88 3 0
459231 0 6 88 1 0
459770 1 3 88 4 0
460760 1 4 88 1 0
460767 0 6 88 1 0
460905 1 3 88 1 0
461059 1 3 88 1 0
461099 1 2 88 2 0
46425 0 6 89 1 0
128668 0 6 89 2 0
191876 0 6 89 3 1
375362 1 4 89 3 0
376667 1 4 89 1 0
376970 1 2 89 1 0
377470 0 6 89 1 0
377965 0 6 89 2 0
378422 1 3 89 1 1
378756 1 5 89 1 0
431198 1 2 89 3 0
460072 0 6 89 1 0
460316 1 5 89 0 0
460491 0 6 89 4 0
460610 0 6 89 1 0
461098 1 4 89 1 0
163256 1 2 90 0 0
197260 0 6 90 3 0
309702 0 6 90 3 0
309706 0 6 90 3 1
311948 0 6 90 3 0
375444 0 6 90 3 0
375564 0 6 90 1 1
377910 0 6 90 2 0
378090 1 3 90 1 0
378758 1 4 90 3 0
379031 1 3 90 1 0
379074 0 6 90 1 1
459127 0 6 90 2 0
459511 1 2 90 3 0
459752 0 6 90 1 0
459984 0 6 90 1 0
460129 1 3 90 1 0
461153 1 2 90 1 0
538264 1 2 90 1 0
85470 0 6 91 3 0
109429 0 6 91 3 0
109518 1 4 91 1 0
127237 1 4 91 4 0
128670 1 4 91 3 0
272563 0 6 91 3 1
375948 1 4 91 1 0
376133 1 3 91 0 0
377001 1 3 91 4 0
377335 0 6 91 3 0
377410 1 4 91 1 0
377701 1 3 91 0 0
378313 1 2 91 1 0
378405 1 3 91 3 0
401365 0 6 91 1 1
445598 1 3 91 1 0
459126 1 3 91 1 0
459352 1 3 91 3 0
459508 1 4 91 4 1
460568 1 4 91 1 0
494946 1 4 91 3 0
537543 1 4 91 1 0
537552 1 4 91 1 0
110687 0 6 92 1 0
111020 0 6 92 2 0
127233 0 6 92 0 0
272559 1 4 92 0 0
287623 1 2 92 3 1
319886 0 6 92 3 0
347793 0 6 92 3 0
375204 1 2 92 1 0
376132 0 6 92 0 0
377164 1 2 92 1 0
377550 1 3 92 1 0
377830 1 4 92 1 0
378308 0 6 92 1 0
378440 0 6 92 1 1
378884 1 3 92 1 0
394330 0 6 92 1 0
460431 1 3 92 1 0
460601 0 6 92 1 0
460906 1 4 92 3 0
460991 0 6 92 1 0
461058 1 4 92 1 0
521878 0 6 92 3 0
538681 1 3 92 1 0
128666 0 6 93 1 0
191927 1 4 93 0 0
377469 0 6 93 1 0
378358 1 4 93 1 0
378430 0 6 93 0 0
378570 1 4 93 1 0
459325 0 6 93 1 0
459410 1 4 93 1 0
459578 0 6 93 1 0
460150 0 6 93 1 0
460390 0 6 93 1 0
460563 1 3 93 1 0
460844 1 3 93 1 0
461126 1 5 93 4 0
537589 1 3 93 1 0
538266 0 6 93 3 0
553840 0 6 93 2 0
48634 1 3 94 0 0
65070 1 4 94 3 0
109205 0 6 94 1 0
111009 0 6 94 1 0
119592 0 6 94 3 0
127473 1 5 94 1 0
163322 0 6 94 3 0
163475 0 6 94 3 0
192564 0 6 94 0 0
249637 1 4 94 2 0
289386 0 6 94 3 0
320512 1 3 94 2 0
347794 1 2 94 3 0
375943 0 6 94 3 1
376471 1 4 94 0 0
377083 1 4 94 0 0
377548 1 4 94 1 0
378092 1 3 94 1 0
378436 1 3 94 0 0
378556 1 5 94 1 0
378569 0 6 94 0 0
378571 0 6 94 1 0
378866 0 6 94 1 1
379073 0 6 94 1 0
384662 1 2 94 3 0
459510 0 6 94 3 0
460071 0 6 94 1 1
460140 0 6 94 1 0
460290 0 6 94 1 0
494947 1 2 94 4 0
494954 0 6 94 3 0
538263 1 4 94 0 0
538684 0 6 94 3 0
110802 1 4 95 1 0
145121 0 6 95 3 0
162768 1 3 95 3 0
162784 0 6 95 0 0
173142 0 6 95 3 0
274114 1 4 95 0 0
375946 1 4 95 1 0
375949 1 4 95 3 0
377549 0 6 95 1 0
377651 0 6 95 1 0
377666 0 6 95 1 0
377831 0 6 95 1 0
378125 1 2 95 0 0
378307 0 6 95 1 0
378309 1 4 95 3 0
378311 0 6 95 0 1
378360 0 6 95 3 0
378804 0 6 95 1 0
379110 1 2 95 1 0
394733 1 2 95 1 0
444577 1 4 95 1 0
450645 0 6 95 3 0
459579 0 6 95 3 0
459592 0 6 95 1 0
460075 1 3 95 3 0
460297 0 6 95 3 0
460571 0 6 95 2 0
537588 0 6 95 1 1
48467 1 3 96 0 0
109208 0 6 96 3 0
109452 0 6 96 1 0
127235 0 6 96 3 0
127238 0 6 96 4 1
128321 0 6 96 0 0
191928 0 6 96 1 1
192336 1 2 96 0 0
272561 1 2 96 1 0
361647 0 6 96 3 1
377462 1 2 96 3 0
377526 0 6 96 1 0
377703 0 6 96 2 1
377962 0 6 96 1 0
378247 0 6 96 1 0
378338 0 6 96 1 0
378437 1 3 96 1 0
378610 1 3 96 1 0
378889 0 6 96 3 0
378963 0 6 96 3 0
379028 1 2 96 1 0
432362 0 6 96 3 0
459474 0 6 96 1 0
459755 0 6 96 3 0
460073 1 3 96 1 1
460287 0 6 96 1 0
460455 1 3 96 1 0
460843 0 6 96 0 0
111019 1 4 97 1 0
181974 0 6 97 3 0
212536 1 3 97 3 0
249638 0 6 97 3 0
250282 1 2 97 3 1
320515 0 6 97 1 1
326974 0 6 97 3 1
375933 0 6 97 0 0
375934 1 3 97 0 1
376017 0 6 97 3 0
376475 1 3 97 3 0
377165 0 6 97 1 0
377167 0 6 97 3 0
377547 1 4 97 1 0
378091 0 6 97 1 0
378326 1 3 97 1 0
378329 0 6 97 1 0
378612 0 6 97 3 0
378794 1 4 97 1 0
378824 0 6 97 1 1
378888 1 4 97 3 0
400706 1 2 97 1 0
459322 1 4 97 4 0
460310 0 6 97 4 0
460637 0 6 97 1 0
537960 0 6 97 4 0
48620 1 4 98 4 1
55959 0 6 98 2 1
65069 1 2 98 2 0
110115 1 3 98 1 0
110225 1 3 98 1 0
191931 1 3 98 3 0
376016 1 3 98 3 0
377171 0 6 98 1 0
378087 0 6 98 0 0
378250 1 4 98 1 0
378310 1 3 98 3 0
378805 1 4 98 1 0
379108 0 6 98 1 0
404532 1 3 98 3 0
444579 0 6 98 3 0
459364 0 6 98 3 0
460113 1 4 98 1 0
460151 1 4 98 3 0
460669 0 6 98 4 1
463514 0 6 98 3 1
494949 1 4 98 4 0
109603 1 3 99 1 0
109712 0 6 99 1 0
109886 1 3 99 1 0
110335 0 6 99 1 0
110862 1 3 99 4 1
111082 1 4 99 1 0
131165 0 6 99 3 0
162778 1 3 99 3 1
173141 0 6 99 3 0
192337 1 2 99 1 0
235265 0 6 99 3 0
249160 0 6 99 2 0
347788 1 4 99 3 0
365944 1 3 99 3 0
375935 0 6 99 1 0
376473 0 6 99 1 0
377411 0 6 99 1 0
378608 0 6 99 1 0
378791 0 6 99 3 1
378797 0 6 99 3 0
399910 1 3 99 1 0
452098 0 6 99 3 0
457462 1 3 99 2 0
459193 1 4 99 1 0
459907 1 4 99 1 0
460149 1 2 99 1 0
494610 1 3 99 4 1
109543 0 6 100 1 0
109566 1 4 100 1 0
110223 0 6 100 1 0
110418 0 6 100 1 0
119647 1 3 100 2 1
171934 1 3 100 3 0
192051 1 2 100 1 0
193166 0 6 100 1 0
212532 0 6 100 4 0
320132 1 2 100 1 0
320516 0 6 100 3 0
376305 0 6 100 3 0
376947 1 2 100 1 0
377740 0 6 100 4 0
377773 0 6 100 1 0
378143 1 4 100 1 0
378251 0 6 100 3 1
378555 0 6 100 4 0
378604 1 3 100 4 1
378609 1 2 100 1 0
378697 0 6 100 3 0
378950 0 6 100 4 0
393848 0 6 100 1 0
394088 0 6 100 1 1
404212 1 3 100 3 0
459594 0 6 100 3 0
461141 0 6 100 1 0
62887 0 6 101 3 0
132456 1 4 101 3 0
191977 0 6 101 1 0
210517 1 3 101 3 0
249195 0 6 101 3 0
319972 0 6 101 4 0
320575 0 6 101 4 0
360082 1 3 101 4 0
376472 0 6 101 1 0
377583 0 6 101 1 0
377664 0 6 101 1 0
378145 1 4 101 3 0
378328 1 5 101 3 0
378337 1 3 101 2 0
378796 0 6 101 1 1
378803 1 3 101 0 0
393850 0 6 101 2 0
441030 1 2 101 3 0
444576 0 6 101 1 0
459446 1 3 101 4 1
460210 1 4 101 1 0
110226 0 6 102 1 0
110340 0 6 102 1 0
110550 1 4 102 1 0
192047 1 3 102 3 0
192592 1 3 102 1 0
193085 0 6 102 1 0
251111 0 6 102 3 0
377304 0 6 102 1 0
378142 1 4 102 1 0
395024 1 3 102 1 0
459628 1 5 102 1 0
459906 0 6 102 1 0
460003 0 6 102 1 0
109012 0 6 103 1 0
109610 0 6 103 1 0
110196 0 6 103 1 0
132458 1 2 103 4 1
191700 1 4 103 1 0
191942 1 3 103 1 0
191976 0 6 103 1 0
192537 0 6 103 1 1
212245 1 4 103 3 0
244105 1 3 103 2 0
294067 1 4 103 3 0
319889 0 6 103 1 0
321175 0 6 103 3 1
346430 0 6 103 3 1
375784 1 4 103 1 0
375904 1 3 103 1 0
377160 0 6 103 1 0
377177 1 2 103 3 0
377663 1 4 103 1 0
393300 1 4 103 3 0
393852 0 6 103 3 0
399912 0 6 103 2 1
440628 1 2 103 3 0
459383 1 3 103 3 0
460115 1 2 103 1 0
559766 0 6 103 3 0
109542 0 6 104 0 0
110342 0 6 104 3 0
111066 1 3 104 3 0
111258 0 6 104 1 0
132455 0 6 104 0 0
164058 0 6 104 2 0
191776 1 3 104 1 0
192052 1 4 104 3 0
193087 1 2 104 3 0
249003 0 6 104 4 1
320751 0 6 104 1 0
377658 1 2 104 1 0
377775 0 6 104 3 0
378603 0 6 104 3 0
379111 1 2 104 2 0
393363 0 6 104 3 0
394087 0 6 104 1 0
394090 0 6 104 3 0
397231 1 4 104 3 0
404211 0 6 104 3 1
460016 1 4 104 1 0
109546 0 6 105 2 0
109611 0 6 105 1 0
110224 0 6 105 1 0
110362 0 6 105 1 0
111063 0 6 105 1 0
111225 0 6 105 1 1
191939 1 3 105 3 0
193167 1 3 105 3 0
249196 0 6 105 3 0
319262 1 3 105 1 0
319263 1 4 105 1 1
320054 1 3 105 1 0
321087 0 6 105 1 0
375890 1 2 105 1 0
376309 0 6 105 4 0
376575 0 6 105 1 0
378403 1 3 105 2 1
378414 1 5 105 1 0
378486 0 6 105 1 0
385664 1 3 105 3 0
459259 0 6 105 1 0
459633 1 2 105 3 0
459902 0 6 105 2 0
459959 0 6 105 1 0
490887 1 3 105 3 0
55625 0 6 106 3 0
109384 1 3 106 4 1
110198 1 4 106 3 0
110341 1 3 106 3 0
110371 0 6 106 1 0
111102 1 3 106 1 0
191707 0 6 106 1 0
191859 1 2 106 3 0
191943 1 3 106 2 0
192464 1 2 106 1 0
192556 0 6 106 1 0
192591 0 6 106 0 0
192792 1 4 106 1 0
210515 0 6 106 1 0
243163 1 3 106 2 0
319261 0 6 106 1 0
319873 1 4 106 1 0
320842 0 6 106 3 0
322715 0 6 106 3 0
346429 1 2 106 3 0
377305 1 4 106 1 0
378144 1 4 106 3 0
378991 1 5 106 1 0
395022 1 3 106 0 0
425525 1 3 106 3 0
441621 1 3 106 3 0
459904 0 6 106 1 1
460017 0 6 106 3 0
460207 1 3 106 0 0
109015 0 6 107 3 0
109162 1 4 107 1 0
109427 0 6 107 3 1
109441 1 2 107 1 0
109741 1 5 107 1 0
110228 0 6 107 3 1
110363 0 6 107 3 0
111004 1 3 107 3 0
111072 0 6 107 3 0
111222 1 3 107 1 0
191940 1 1 107 1 0
192073 1 4 107 1 0
192603 0 6 107 1 0
203252 1 3 107 3 0
319267 1 4 107 1 0
319727 1 2 107 3 0
320891 1 4 107 1 0
321123 0 6 107 1 0
375522 0 6 107 1 0
375894 1 2 107 0 0
375901 1 2 107 1 0
376580 0 6 107 3 0
377114 1 5 107 1 1
377662 0 6 107 1 0
394089 1 3 107 3 1
459903 0 6 107 2 0
530063 1 3 107 3 0
109511 1 3 108 0 0
109651 1 2 108 1 0
110047 0 6 108 1 0
110880 0 6 108 1 0
111076 0 6 108 1 0
164057 1 3 108 2 0
192559 0 6 108 3 0
192698 1 4 108 1 1
210516 0 6 108 2 0
319372 0 6 108 1 0
319634 0 6 108 1 0
319888 0 6 108 1 0
320416 0 6 108 1 0
320480 1 3 108 4 1
320570 1 3 108 1 0
321124 0 6 108 1 1
321159 1 3 108 4 0
375905 1 2 108 3 1
377307 1 4 108 1 0
459905 1 4 108 3 0
461012 0 6 108 1 0
55624 0 6 109 1 0
64312 1 2 109 3 0
109014 0 6 109 2 0
109248 1 2 109 1 0
109525 1 4 109 1 0
109553 0 6 109 1 0
110040 0 6 109 1 0
110354 1 4 109 2 0
110903 1 3 109 1 0
110955 1 4 109 4 1
111229 1 3 109 1 0
125432 0 6 109 3 0
181278 0 6 109 3 0
191890 0 6 109 1 0
192466 1 3 109 1 0
192597 1 2 109 0 0
192881 0 6 109 1 0
192955 1 3 109 1 0
319877 1 5 109 1 0
320648 1 2 109 4 0
321090 0 6 109 3 1
366125 1 3 109 4 1
375893 0 6 109 0 0
375902 1 5 109 1 0
377308 1 3 109 2 0
378432 0 6 109 1 0
378993 1 3 109 3 0
425736 0 6 109 4 1
459833 1 4 109 1 0
461045 0 6 109 1 1
523985 0 6 109 3 0
1744 1 4 110 3 0
110041 1 4 110 3 0
110143 0 6 110 4 0
110485 0 6 110 1 0
110604 1 5 110 1 0
110716 0 6 110 1 0
111069 0 6 110 0 0
191794 1 5 110 1 0
191891 1 4 110 1 0
192074 1 2 110 1 0
192461 0 6 110 3 0
192590 0 6 110 0 1
192595 1 3 110 3 1
192629 0 6 110 1 0
192959 1 3 110 1 0
243159 0 6 110 3 0
319265 1 3 110 3 0
319875 1 3 110 1 0
319876 0 6 110 1 0
342108 1 3 110 3 0
375524 1 4 110 3 0
375895 0 6 110 2 0
377781 1 3 110 3 0
441403 0 6 110 2 0
460620 0 6 110 1 0
460919 0 6 110 1 0
64311 0 6 111 3 0
76828 1 3 111 4 1
109743 1 3 111 1 0
110274 1 3 111 1 0
110336 1 3 111 1 0
110603 1 2 111 1 0
110906 1 3 111 3 0
146875 1 4 111 2 0
192557 0 6 111 1 0
192587 1 4 111 3 0
192600 1 5 111 1 0
192693 0 6 111 1 0
192696 1 4 111 1 0
193013 0 6 111 1 0
243158 0 6 111 3 0
320055 0 6 111 3 0
320427 1 4 111 1 0
375903 0 6 111 1 0
378992 0 6 111 1 0
460382 1 3 111 1 0
460611 0 6 111 1 0
461046 1 4 111 2 1
55967 0 6 112 3 0
109016 0 6 112 3 0
109153 1 2 112 1 0
109654 0 6 112 3 0
110267 1 3 112 4 1
110882 0 6 112 3 0
110954 0 6 112 3 1
111113 0 6 112 1 0
111293 1 3 112 3 1
192205 0 6 112 1 0
192405 1 4 112 1 0
192596 0 6 112 0 0
200640 0 6 112 3 0
319348 0 6 112 1 0
319706 1 3 112 1 0
320479 0 6 112 4 1
320593 0 6 112 1 0
375110 1 3 112 1 1
376368 0 6 112 1 0
376904 0 6 112 1 0
377306 1 3 112 1 0
459950 1 2 112 1 0
460731 1 3 112 1 0
460920 1 4 112 1 0
56351 0 6 113 1 0
108895 0 6 113 3 0
109653 1 3 113 1 0
109853 1 4 113 2 0
110605 1 4 113 1 0
110606 1 4 113 1 0
110831 1 4 113 1 0
110881 1 3 113 1 0
110901 1 3 113 1 1
110933 1 4 113 1 0
111158 0 6 113 1 0
111180 0 6 113 1 1
150486 1 3 113 3 0
191796 0 6 113 3 0
192065 0 6 113 2 0
192406 1 3 113 1 0
192569 0 6 113 0 0
192682 1 3 113 1 0
192874 1 5 113 1 0
192917 1 3 113 1 1
193139 1 3 113 1 0
319347 0 6 113 1 0
320428 0 6 113 1 0
376699 0 6 113 1 0
378431 0 6 113 1 0
460247 1 4 113 1 0
460448 0 6 113 1 0
460732 1 3 113 2 0
109949 1 3 114 1 0
110065 0 6 114 1 0
110240 1 3 114 1 0
110717 0 6 114 1 0
110739 1 3 114 3 0
111161 1 4 114 3 0
192427 0 6 114 1 0
192467 0 6 114 3 0
192554 1 3 114 0 0
192626 0 6 114 1 1
192630 1 2 114 1 0
192755 1 4 114 1 0
192762 1 3 114 1 1
192937 1 3 114 1 0
225295 1 4 114 3 0
319346 1 4 114 1 0
320406 1 3 114 1 0
320426 1 5 114 0 0
460093 1 3 114 1 1
460575 0 6 114 1 0
460743 0 6 114 1 0
461145 1 3 114 4 0
9516 0 6 115 3 0
56263 0 6 115 1 0
56350 1 3 115 1 0
109017 0 6 115 1 0
110830 0 6 115 1 0
110902 0 6 115 1 0
191688 1 3 115 1 0
191914 0 6 115 1 0
192043 0 6 115 1 0
192060 0 6 115 1 0
192204 0 6 115 1 0
192362 1 3 115 1 0
192920 0 6 115 3 0
291525 0 6 115 2 1
319703 0 6 115 0 0
319809 0 6 115 1 0
320390 1 4 115 1 0
375109 1 5 115 1 0
376370 0 6 115 3 0
425667 0 6 115 3 0
460305 0 6 115 1 0
460733 1 3 115 2 0
460921 0 6 115 1 0
54707 0 6 116 1 0
108776 0 6 116 3 0
108960 0 6 116 1 0
109655 0 6 116 3 0
109748 0 6 116 1 0
110294 0 6 116 3 0
110712 0 6 116 1 0
110780 1 3 116 4 0
110827 1 3 116 3 0
110900 0 6 116 0 0
126269 0 6 116 3 0
150485 1 2 116 2 1
170380 1 3 116 3 0
191843 0 6 116 1 0
192368 1 3 116 3 0
192408 0 6 116 3 0
192570 1 2 116 0 0
192572 1 3 116 1 0
192692 0 6 116 1 0
192756 0 6 116 1 0
192856 0 6 116 1 0
192876 0 6 116 1 1
192944 1 4 116 1 0
192945 0 6 116 1 0
193008 1 4 116 4 0
243156 1 4 116 0 0
319704 1 3 116 0 0
319974 1 4 116 1 0
376902 0 6 116 1 0
433802 0 6 116 3 0
460624 1 3 116 1 0
460923 0 6 116 3 0
461671 0 6 116 2 0
55182 1 4 117 1 0
56259 1 3 117 3 1
109465 1 3 117 1 0
109907 0 6 117 3 0
110145 1 4 117 1 0
110713 0 6 117 1 0
110826 0 6 117 3 0
110905 1 3 117 2 0
111159 0 6 117 1 0
111160 1 3 117 3 1
191691 1 3 117 3 1
191872 1 4 117 1 0
192062 1 3 117 3 1
192102 0 6 117 3 0
192571 0 6 117 1 0
192673 0 6 117 3 1
192760 1 3 117 4 0
192938 1 2 117 3 0
193041 0 6 117 1 0
193073 0 6 117 1 0
319345 0 6 117 1 0
319349 1 2 117 1 0
319350 1 3 117 3 0
319400 1 4 117 1 0
319708 0 6 117 3 0
320432 0 6 117 3 0
55639 1 3 118 1 0
56353 0 6 118 3 0
108728 0 6 118 3 0
109283 1 3 118 1 1
109749 1 4 118 1 0
110242 0 6 118 2 1
110813 0 6 118 1 0
111311 0 6 118 1 0
191910 1 3 118 4 1
192489 0 6 118 1 0
192573 0 6 118 3 0
192580 0 6 118 3 0
192918 0 6 118 2 0
192929 1 3 118 1 0
193138 1 3 118 0 0
250152 1 4 118 3 0
319351 1 2 118 3 0
320199 0 6 118 1 0
320407 0 6 118 3 0
459949 1 3 118 1 0
460329 1 3 118 1 0
109747 0 6 119 0 0
110832 0 6 119 3 0
191844 1 3 119 1 0
191873 1 3 119 1 0
192079 0 6 119 1 0
192151 1 2 119 1 0
192366 1 4 119 1 0
192404 0 6 119 0 1
192465 0 6 119 1 0
193072 1 4 119 1 0
297228 1 3 119 3 0
319389 1 4 119 1 1
319925 0 6 119 1 0
320201 0 6 119 1 0
347941 0 6 119 3 1
460331 0 6 119 1 0
55181 0 6 120 0 0
55958 1 3 120 2 0
108963 1 3 120 3 0
109019 0 6 120 2 0
109399 0 6 120 1 1
109762 1 2 120 1 0
109812 1 2 120 1 0
110825 1 2 120 1 0
124888 0 6 120 3 0
183554 0 6 120 3 0
190623 0 6 120 3 0
191871 0 6 120 1 0
192098 1 4 120 1 0
192322 0 6 120 1 0
192555 0 6 120 1 0
192994 0 6 120 1 0
250150 0 6 120 1 0
319705 1 2 120 1 0
403950 1 4 120 3 0
459236 1 3 120 1 0
459358 1 4 120 1 0
459475 1 2 120 1 0
459771 1 4 120 1 1
460476 1 4 120 1 0
77864 1 3 121 3 0
108778 0 6 121 3 0
109662 0 6 121 1 0
111120 0 6 121 3 1
111244 0 6 121 1 0
149925 0 6 121 4 0
191778 0 6 121 1 0
192089 0 6 121 0 0
192567 0 6 121 1 0
192671 0 6 121 2 0
192875 1 3 121 1 0
193074 0 6 121 1 0
231999 0 6 121 3 0
235329 1 3 121 3 0
319401 1 4 121 3 0
347938 0 6 121 1 0
460559 0 6 121 1 0
460922 1 3 121 2 0
55640 0 6 122 1 0
108729 1 4 122 3 0
109403 0 6 122 3 0
110268 0 6 122 1 0
110829 0 6 122 1 0
111015 1 2 122 1 0
111189 1 3 122 1 1
111241 1 4 122 3 0
191842 0 6 122 1 0
192042 1 4 122 1 0
192097 1 4 122 0 1
192385 1 2 122 1 0
192438 1 4 122 1 0
192483 1 4 122 1 0
192878 1 3 122 3 0
193000 0 6 122 1 0
193197 0 6 122 1 0
297229 0 6 122 3 0
320200 0 6 122 1 0
459763 0 6 122 1 0
460861 0 6 122 1 0
460907 0 6 122 3 0
109466 1 3 123 3 0
109528 1 3 123 1 0
109904 0 6 123 1 0
110270 1 2 123 1 0
183953 0 6 123 2 0
185740 0 6 123 3 0
191874 0 6 123 1 0
192044 1 4 123 3 0
192099 0 6 123 1 0
192367 1 5 123 1 0
192413 0 6 123 1 0
198993 0 6 123 2 1
250149 0 6 123 1 0
319539 0 6 123 3 0
421283 0 6 123 3 0
438514 1 3 123 4 1
460475 1 2 123 3 0
55183 0 6 124 3 0
87091 0 6 124 3 0
109851 1 4 124 1 0
110066 0 6 124 2 0
110940 1 3 124 1 0
191740 0 6 124 1 1
191866 0 6 124 1 0
191884 0 6 124 1 0
192633 1 3 124 1 0
192969 0 6 124 1 0
192992 1 5 124 1 0
193145 0 6 124 1 0
319707 0 6 124 2 0
346200 0 6 124 1 0
459359 0 6 124 3 0
459653 1 4 124 3 1
77100 1 3 125 1 0
109045 0 6 125 3 0
109282 1 3 125 1 1
109295 1 2 125 1 0
110828 1 3 125 0 0
111243 1 4 125 1 0
168067 1 3 125 3 0
192193 0 6 125 1 0
192194 0 6 125 1 0
192388 0 6 125 4 1
192991 0 6 125 1 0
193119 0 6 125 1 0
198997 1 3 125 2 0
239846 0 6 125 2 1
250157 0 6 125 3 1
250291 0 6 125 1 0
297227 1 4 125 1 0
346608 1 4 125 1 0
460560 0 6 125 2 0
460862 0 6 125 3 1
460953 0 6 125 1 0
503227 0 6 125 2 1
109708 0 6 126 3 0
109905 1 4 126 1 0
110834 1 2 126 3 0
110972 1 2 126 3 0
126039 0 6 126 4 0
161375 1 2 126 3 0
191743 1 2 126 4 0
192091 1 3 126 3 1
192374 0 6 126 1 0
192691 0 6 126 1 0
192712 1 3 126 1 0
193077 1 4 126 1 0
193082 0 6 126 1 0
193112 1 4 126 3 0
249289 1 4 126 1 0
426003 1 2 126 3 0
7198 1 2 127 3 1
77413 0 6 127 1 0
109663 0 6 127 3 0
109848 0 6 127 1 0
110577 0 6 127 1 0
110659 1 5 127 1 0
192101 0 6 127 3 0
192225 1 4 127 1 0
192433 0 6 127 1 0
192550 1 3 127 1 0
192993 0 6 127 1 0
226010 1 3 127 2 0
249961 1 4 127 1 0
251157 0 6 127 1 0
347446 0 6 127 1 0
359811 1 3 127 3 0
439910 1 4 127 2 0
460472 0 6 127 1 0
491034 0 6 127 3 0
109293 0 6 128 1 0
109315 0 6 128 4 0
109668 0 6 128 3 0
110556 0 6 128 3 0
110836 1 4 128 2 1
110971 0 6 128 3 1
161374 1 3 128 2 1
191711 0 6 128 1 0
191936 1 3 128 1 0
192045 1 4 128 3 0
192195 0 6 128 1 0
192198 0 6 128 3 0
192378 1 3 128 0 0
192635 0 6 128 2 0
192636 0 6 128 3 0
193081 1 4 128 1 0
297226 0 6 128 0 0
346610 0 6 128 3 0
346723 1 3 128 1 0
405450 1 4 128 3 0
459291 0 6 128 1 0
502802 0 6 128 3 0
109165 1 3 129 3 0
109975 1 4 129 4 1
126799 0 6 129 3 0
168066 1 3 129 3 1
191759 1 3 129 1 0
191999 1 4 129 4 0
192197 1 4 129 3 0
192281 1 2 129 1 0
192454 0 6 129 1 0
192560 1 2 129 1 0
193071 1 4 129 1 0
193083 0 6 129 1 0
198995 1 4 129 1 0
249702 1 4 129 1 0
250187 1 3 129 1 0
251156 1 4 129 1 0
251159 0 6 129 3 0
276249 0 6 129 3 0
346606 0 6 129 1 0
439907 1 4 129 0 0
459360 1 3 129 3 0
77405 1 3 130 3 1
110661 1 3 130 3 0
110969 1 4 130 3 0
161362 0 6 130 3 0
191781 0 6 130 1 0
191847 0 6 130 1 0
191885 0 6 130 1 0
192032 1 4 130 0 0
192093 0 6 130 3 0
192235 1 3 130 1 0
192272 1 3 130 1 0
192280 1 2 130 1 0
192460 0 6 130 2 0
192561 0 6 130 1 0
192588 0 6 130 1 0
192973 0 6 130 1 0
193021 1 2 130 1 0
193120 1 4 130 1 0
197372 1 3 130 1 0
198996 0 6 130 2 0
236084 0 6 130 3 0
249962 1 3 130 1 0
359809 1 2 130 1 0
110660 0 6 131 1 0
161360 0 6 131 1 0
191826 0 6 131 1 0
191865 1 4 131 1 1
191933 1 3 131 3 0
191934 1 4 131 0 0
192118 1 3 131 1 0
192369 0 6 131 3 1
192376 1 3 131 3 0
192377 1 3 131 3 0
192552 0 6 131 2 0
192681 0 6 131 1 0
192896 0 6 131 1 0
192963 1 2 131 1 0
249701 1 5 131 1 0
250968 1 2 131 1 0
297286 0 6 131 0 0
346609 0 6 131 1 0
346726 0 6 131 3 0
359807 0 6 131 3 0
109667 1 3 132 3 1
191736 0 6 132 1 0
192100 1 4 132 3 1
192124 0 6 132 3 0
192363 0 6 132 1 0
192935 0 6 132 1 0
197998 0 6 132 1 0
198671 1 2 132 1 0
199587 1 4 132 1 0
199605 0 6 132 1 0
249017 0 6 132 2 0
339526 1 2 132 0 0
346724 1 3 132 1 0
347629 0 6 132 1 0
491025 0 6 132 3 0
491027 1 4 132 1 0
126798 0 6 133 1 0
134055 1 2 133 2 0
161376 0 6 133 3 0
191712 0 6 133 3 0
192172 0 6 133 1 0
192238 1 4 133 0 0
192615 0 6 133 1 0
192921 0 6 133 1 0
192965 1 3 133 3 1
193020 0 6 133 1 0
197999 0 6 133 1 0
199122 0 6 133 1 0
199606 1 3 133 1 0
233237 1 4 133 3 0
249451 1 4 133 1 0
250210 0 6 133 1 0
250866 1 2 133 1 0
309612 1 3 133 3 0
340420 1 4 133 0 0
362070 1 4 133 3 0
496375 1 3 133 3 1
522220 1 4 133 3 0
36354 0 6 134 3 1
192234 0 6 134 0 0
192370 1 3 134 3 0
192381 1 4 134 3 0
192562 1 3 134 3 0
192579 0 6 134 4 0
192666 0 6 134 2 0
192843 0 6 134 1 0
192956 0 6 134 1 0
193124 1 3 134 1 1
194670 1 3 134 2 0
199155 0 6 134 1 0
236083 0 6 134 3 0
250212 1 5 134 2 0
250384 0 6 134 1 0
340529 1 3 134 0 0
340724 1 3 134 0 0
346607 0 6 134 1 0
346721 1 3 134 1 0
346722 1 2 134 1 0
347958 0 6 134 1 0
359808 0 6 134 0 0
72765 0 6 135 3 1
97482 0 6 135 3 0
132886 1 3 135 3 0
134553 0 6 135 2 0
146284 0 6 135 3 0
160929 1 3 135 1 0
192007 0 6 135 1 0
192119 1 2 135 1 0
192339 1 4 135 3 0
192375 1 4 135 2 0
192958 1 2 135 3 0
197373 1 4 135 1 0
197997 1 3 135 2 0
249019 0 6 135 3 0
249310 0 6 135 1 0
250209 1 2 135 0 0
251181 0 6 135 2 0
316274 0 6 135 3 0
346261 1 3 135 1 0
346639 1 3 135 1 0
354256 0 6 135 3 0
419713 0 6 135 3 0
489031 1 4 135 4 1
79806 0 6 136 3 0
109666 0 6 136 1 0
133500 1 3 136 3 1
158101 0 6 136 3 0
192220 1 3 136 1 0
192380 1 3 136 3 1
192684 0 6 136 3 0
192957 1 3 136 3 0
192964 0 6 136 3 0
197894 0 6 136 1 0
197954 0 6 136 1 0
198049 1 3 136 1 0
198673 1 3 136 3 0
199121 0 6 136 1 1
199249 1 5 136 1 0
199586 0 6 136 1 0
199604 1 4 136 1 0
199612 1 3 136 1 0
233431 0 6 136 2 0
249453 1 2 136 3 0
249741 1 2 136 1 0
250595 0 6 136 1 0
250698 0 6 136 1 0
250964 0 6 136 3 0
346725 0 6 136 3 0
346910 0 6 136 1 0
522218 1 3 136 1 1
191737 1 3 137 3 0
192121 0 6 137 2 0
192123 1 4 137 1 0
197502 1 5 137 1 1
198006 1 2 137 3 0
198071 0 6 137 1 0
198623 1 5 137 1 0
198674 0 6 137 3 1
198800 1 2 137 1 0
249311 1 4 137 3 1
249535 0 6 137 1 0
300076 1 3 137 3 0
346774 1 3 137 1 0
441975 1 3 137 3 0
464765 0 6 137 3 0
490811 1 3 137 4 1
14694 0 6 138 2 0
109665 0 6 138 1 0
126253 0 6 138 1 0
132885 1 3 138 3 0
160930 0 6 138 1 0
197324 1 4 138 1 0
198464 0 6 138 1 0
198622 0 6 138 0 0
198821 1 4 138 1 0
199113 0 6 138 2 0
199412 0 6 138 1 0
249336 1 3 138 1 0
249746 0 6 138 1 0
250211 0 6 138 1 0
340530 0 6 138 1 0
347061 1 3 138 1 0
347653 0 6 138 1 0
161543 1 2 139 1 0
191738 1 4 139 3 0
192128 0 6 139 1 0
193179 1 4 139 1 0
197329 0 6 139 1 0
197893 0 6 139 1 0
198859 1 3 139 1 0
249340 0 6 139 3 0
249450 0 6 139 1 0
249536 0 6 139 3 1
249940 1 4 139 1 0
250699 0 6 139 3 0
251082 0 6 139 1 0
340725 0 6 139 3 0
346262 0 6 139 1 1
346264 1 4 139 3 0
346490 1 4 139 1 0
348004 1 2 139 1 1
361291 1 3 139 3 0
28070 1 3 140 3 0
192117 0 6 140 0 0
192122 1 3 140 1 0
192184 1 3 140 1 0
192484 0 6 140 1 0
192730 0 6 140 1 0
193108 0 6 140 1 0
193180 1 2 140 1 1
197589 1 2 140 1 0
197673 1 3 140 1 0
198624 0 6 140 1 1
198625 0 6 140 3 1
199413 0 6 140 1 0
199555 1 4 140 1 0
199615 1 5 140 1 0
249452 0 6 140 1 0
249524 1 3 140 1 0
249532 0 6 140 1 0
250478 0 6 140 3 0
346563 0 6 140 1 1
347660 1 4 140 1 0
435559 0 6 140 2 0
470173 1 3 140 3 0
490647 1 3 140 3 0
490812 0 6 140 4 0
131915 1 3 141 3 0
158099 1 3 141 1 0
197849 1 4 141 1 0
197879 1 4 141 1 0
198070 1 3 141 0 0
198073 0 6 141 3 0
198230 0 6 141 1 0
198465 1 2 141 2 0
198672 0 6 141 1 0
199251 0 6 141 3 0
199415 0 6 141 3 0
249470 0 6 141 1 0
249511 0 6 141 1 0
249753 0 6 141 0 0
249860 0 6 141 1 0
250598 0 6 141 3 0
339926 0 6 141 3 0
347055 1 4 141 2 1
347809 1 4 141 1 0
441978 1 2 141 4 0
518299 1 3 141 3 1
14695 0 6 142 3 1
158257 0 6 142 1 0
197590 0 6 142 3 0
197674 1 3 142 2 0
197863 1 2 142 1 1
197897 0 6 142 1 0
197956 0 6 142 2 0
198232 0 6 142 3 0
198801 1 2 142 3 0
198817 0 6 142 1 0
199411 0 6 142 1 0
199546 1 4 142 1 0
249454 1 4 142 3 0
249696 1 2 142 1 0
250435 0 6 142 4 1
250469 1 3 142 3 0
250511 1 4 142 1 0
276399 0 6 142 3 0
347105 1 4 142 1 0
347811 0 6 142 2 0
441976 0 6 142 4 0
192133 1 3 143 3 0
192199 0 6 143 3 0
193181 0 6 143 3 0
198626 0 6 143 3 1
199280 0 6 143 1 0
199350 1 2 143 1 1
199401 1 4 143 1 0
199414 1 3 143 3 0
249006 0 6 143 1 0
249229 1 3 143 1 0
249393 1 3 143 1 1
249460 1 3 143 3 0
250114 0 6 143 1 1
250421 1 3 143 4 1
250731 1 4 143 3 0
251116 0 6 143 1 0
346493 0 6 143 3 0
361290 0 6 143 3 0
8281 1 4 144 3 0
27184 1 4 144 3 0
28065 0 6 144 3 0
28067 0 6 144 0 0
192125 1 4 144 3 0
197490 0 6 144 1 0
197862 1 3 144 1 0
198187 0 6 144 1 0
198368 0 6 144 1 0
198798 1 3 144 1 0
199541 0 6 144 1 0
249338 0 6 144 2 0
249471 1 3 144 1 0
490587 1 2 144 3 0
152622 1 4 145 3 0
192196 0 6 145 3 1
197591 1 2 145 4 0
197850 0 6 145 2 0
197870 1 4 145 3 0
197878 0 6 145 1 0
199343 1 4 145 1 0
199402 0 6 145 1 0
199595 1 3 145 4 0
199614 0 6 145 1 0
249399 0 6 145 0 0
249472 1 4 145 3 1
249793 0 6 145 1 0
249939 1 3 145 1 0
250208 1 3 145 3 0
250549 1 3 145 1 0
250760 1 4 145 4 0
263876 0 6 145 3 0
347104 0 6 145 1 0
21167 1 4 146 3 0
28066 1 4 146 3 0
28388 1 3 146 0 0
191774 1 4 146 3 0
192736 1 3 146 4 0
197400 1 3 146 1 0
197501 0 6 146 0 0
197599 0 6 146 3 0
197826 1 4 146 4 1
198260 0 6 146 1 0
199351 0 6 146 1 0
199543 1 4 146 3 1
249337 0 6 146 1 0
250467 0 6 146 0 0
250730 0 6 146 1 0
250905 1 2 146 1 0
532901 1 4 146 2 0
119356 0 6 147 3 0
182556 0 6 147 3 0
197488 0 6 147 0 0
197544 0 6 147 1 0
197865 0 6 147 3 1
197886 0 6 147 1 0
199376 1 4 147 1 0
249527 1 4 147 1 0
250542 0 6 147 1 0
178600 0 6 148 3 0
191773 0 6 148 3 0
198718 0 6 148 1 0
199352 0 6 148 3 0
199403 0 6 148 1 0
199456 1 3 148 4 1
199539 0 6 148 3 0
249339 0 6 148 3 0
249403 1 4 148 3 0
249473 0 6 148 3 0
249474 0 6 148 0 0
250728 0 6 148 1 0
250906 0 6 148 1 0
361287 1 2 148 1 0
490929 1 3 148 0 0
542361 0 6 148 3 0
28063 0 6 149 1 0
28072 1 4 149 1 0
28635 0 6 149 0 0
197489 0 6 149 0 0
197543 0 6 149 1 0
197864 1 3 149 1 1
199182 0 6 149 1 0
199542 0 6 149 1 0
250666 0 6 149 1 0
28391 1 2 150 2 0
29607 1 5 150 1 0
135683 0 6 150 3 1
198308 1 4 150 1 0
249343 1 3 150 3 0
249943 1 3 150 1 0
250539 0 6 150 1 0
250877 1 3 150 1 0
383166 1 3 150 3 0
490921 0 6 150 1 0
29572 0 6 151 1 0
38822 0 6 151 4 0
87125 0 6 151 3 0
123403 1 4 151 3 0
198604 1 3 151 3 0
199404 1 3 151 3 0
213500 0 6 151 4 1
250264 0 6 151 1 0
251166 0 6 151 1 0
383162 1 2 151 3 0
490824 0 6 151 3 0
28272 0 6 152 1 0
28392 0 6 152 2 0
28830 1 4 152 1 0
29809 1 3 152 1 0
198196 0 6 152 1 0
198234 0 6 152 1 0
249131 0 6 152 1 0
249500 0 6 152 1 1
250933 0 6 152 1 0
490604 0 6 152 0 0
28308 1 4 153 1 0
29609 1 5 153 3 0
191775 1 3 153 3 1
197491 0 6 153 1 0
249234 1 3 153 1 0
250667 0 6 153 3 0
250796 0 6 153 4 0
490830 0 6 153 3 1
490931 0 6 153 3 0
28241 0 6 154 1 0
28526 0 6 154 1 0
29348 1 3 154 4 0
29497 1 2 154 1 0
135681 0 6 154 1 0
178078 0 6 154 2 0
197808 0 6 154 1 0
198198 1 3 154 2 1
198309 1 3 154 1 0
198605 0 6 154 3 0
249132 1 3 154 1 0
249844 1 3 154 1 0
250934 1 4 154 1 0
250935 1 2 154 1 0
251167 0 6 154 3 0
323202 0 6 154 2 0
383161 0 6 154 3 1
3653 1 4 155 3 0
28274 1 4 155 1 0
28313 0 6 155 1 0
28835 1 3 155 1 0
28970 0 6 155 1 0
29322 1 4 155 1 0
29513 1 4 155 1 0
198235 1 4 155 1 0
198267 0 6 155 4 1
249127 1 4 155 1 0
249801 1 3 155 1 0
249836 0 6 155 1 0
383165 0 6 155 2 1
28503 0 6 156 1 0
28665 0 6 156 1 0
29105 1 3 156 1 0
29360 0 6 156 1 0
29428 1 2 156 4 0
197607 1 4 156 1 0
198020 0 6 156 1 0
198360 0 6 156 1 0
199013 0 6 156 1 0
249130 1 2 156 1 0
249236 0 6 156 1 0
249830 1 5 156 3 0
251168 1 4 156 3 0
383167 1 2 156 3 0
398757 1 4 156 3 1
28240 0 6 157 1 0
29349 1 3 157 4 0
29554 0 6 157 1 0
29701 1 2 157 1 0
39607 1 4 157 3 0
123401 0 6 157 1 0
191765 1 4 157 3 1
249239 0 6 157 3 0
249499 1 3 157 3 1
249510 1 4 157 1 0
250067 1 3 157 1 0
250605 1 3 157 1 0
250757 0 6 157 1 0
250936 0 6 157 1 0
250937 0 6 157 3 0
314658 1 4 157 3 0
28247 1 2 158 4 0
28307 0 6 158 1 0
28405 1 4 158 1 0
197949 0 6 158 1 0
199019 1 3 158 1 0
249112 1 3 158 1 0
249648 1 5 158 1 0
249738 1 3 158 1 0
249834 1 3 158 2 0
249843 0 6 158 1 0
250501 0 6 158 1 1
250930 0 6 158 1 0
251070 0 6 158 1 0
28409 0 6 159 1 0
28839 0 6 159 3 1
28968 1 3 159 1 0
197641 1 4 159 1 0
197950 1 3 159 1 0
197951 1 3 159 1 0
199015 1 2 159 3 0
248966 0 6 159 3 0
249133 1 3 159 3 1
249672 0 6 159 1 0
249804 1 5 159 3 0
249805 1 3 159 3 0
250077 1 3 159 3 0
250729 1 5 159 1 0
250758 1 4 159 2 0
250847 1 4 159 1 0
250925 1 3 159 1 0
28097 1 3 160 1 0
39606 0 6 160 3 0
82526 0 6 160 3 0
197640 1 3 160 1 0
197844 1 4 160 1 0
198361 0 6 160 1 0
249237 1 3 160 3 0
250506 1 3 160 3 0
250669 0 6 160 1 1
371969 0 6 160 3 1
28354 1 3 161 1 0
28384 1 2 161 1 0
28404 0 6 161 1 0
28406 1 3 161 3 0
28411 1 3 161 3 0
197648 0 6 161 1 0
197847 1 3 161 3 0
197948 1 3 161 1 0
197952 0 6 161 3 0
249129 1 2 161 1 0
249481 1 2 161 1 0
250586 1 4 161 1 0
250736 1 3 161 1 0
250848 1 2 161 1 0
250849 1 3 161 3 0
28249 0 6 162 3 0
28357 1 3 162 3 0
28379 0 6 162 1 0
28589 0 6 162 1 0
28615 1 4 162 1 0
29552 0 6 162 3 1
29702 0 6 162 1 0
34462 0 6 162 3 0
198560 0 6 162 1 0
199022 0 6 162 3 0
249021 1 4 162 1 0
249382 0 6 162 1 1
249650 1 3 162 3 0
249670 0 6 162 1 0
250078 1 4 162 3 0
455166 1 3 162 3 0
28590 1 4 163 3 0
62292 1 4 163 3 1
78964 1 4 163 3 0
155598 0 6 163 3 1
197829 0 6 163 1 0
197947 0 6 163 1 0
249674 0 6 163 3 0
250171 1 3 163 2 0
250846 0 6 163 4 0
250850 1 3 163 3 0
251178 0 6 163 1 0
420749 1 3 163 3 1
493605 0 6 163 3 0
28352 1 5 164 0 0
28376 1 4 164 1 0
29358 0 6 164 3 0
29543 1 3 164 1 0
78967 0 6 164 3 0
198440 0 6 164 1 1
198930 0 6 164 1 0
228737 1 4 164 3 0
249291 1 3 164 1 0
249482 0 6 164 1 0
249574 1 3 164 1 0
249802 1 5 164 1 0
250510 0 6 164 3 0
250589 1 3 164 3 0
310391 0 6 164 3 0
343420 0 6 164 3 0
27988 0 6 165 1 1
29245 0 6 165 1 1
198107 0 6 165 1 0
198640 0 6 165 1 0
249216 1 3 165 1 0
250076 0 6 165 2 0
250841 0 6 165 1 0
377983 0 6 165 4 0
493765 0 6 165 3 0
512638 0 6 165 3 0
27990 0 6 166 3 0
28269 1 4 166 1 0
28582 1 3 166 3 0
29354 1 5 166 0 0
79730 1 3 166 1 0
197649 0 6 166 1 0
250500 0 6 166 3 1
251177 1 5 166 0 0
251180 0 6 166 1 0
535452 0 6 166 3 0
197992 1 3 167 1 0
199034 1 3 167 1 0
249020 0 6 167 1 0
249213 1 2 167 1 0
249294 0 6 167 3 0
249575 0 6 167 1 0
249864 0 6 167 1 1
250182 0 6 167 1 0
250851 0 6 167 1 0
251179 0 6 167 1 0
28263 0 6 168 1 0
34457 0 6 168 0 0
197426 0 6 168 1 0
249483 1 2 168 3 0
250226 1 3 168 3 0
250508 0 6 168 3 0
354042 0 6 168 4 0
470453 0 6 168 3 0
28586 0 6 169 4 1
197427 0 6 169 3 1
197562 1 5 169 1 0
197784 0 6 169 1 0
198253 1 4 169 1 0
198441 0 6 169 1 0
199094 0 6 169 1 0
250179 0 6 169 0 0
250855 0 6 169 2 0
251169 1 4 169 3 0
556451 1 4 169 3 1
28270 1 4 170 2 0
29775 1 4 170 1 0
79378 0 6 170 1 0
79726 0 6 170 1 0
199036 0 6 170 3 1
199551 1 3 170 1 0
250902 1 2 170 1 0
352031 0 6 170 4 1
354045 0 6 170 2 0
29777 1 3 171 3 1
197425 1 2 171 1 0
197785 0 6 171 1 0
198255 0 6 171 3 0
245691 0 6 171 3 0
250618 1 3 171 2 0
251146 0 6 171 1 0
470636 0 6 171 3 0
28271 1 5 172 2 0
79379 1 4 172 3 0
198251 1 3 172 0 0
198534 1 3 172 1 0
198658 0 6 172 1 0
249212 0 6 172 0 0
249786 1 5 172 1 0
250180 1 3 172 0 0
354039 0 6 172 1 0
197787 0 6 173 3 0
251148 1 3 173 3 0
79377 1 4 174 0 0
199078 0 6 174 1 0
199458 1 3 174 1 0
245067 0 6 174 3 1
246574 1 3 174 4 0
249173 0 6 174 0 0
250619 0 6 174 3 0
251153 0 6 174 3 1
353908 1 3 174 1 0
80687 0 6 175 1 0
197783 0 6 175 1 0
199070 0 6 175 3 0
245064 0 6 175 1 0
245130 0 6 175 4 0
246689 1 4 175 3 0
249214 0 6 175 3 0
250722 0 6 175 0 0
251175 1 4 175 2 0
245063 0 6 176 1 0
250183 1 4 176 2 0
354222 0 6 176 1 0
355758 1 4 176 1 0
79596 1 2 177 1 0
80681 1 3 177 1 0
100373 0 6 177 3 0
197786 1 4 177 3 0
245137 0 6 177 3 0
249259 1 3 177 3 0
311858 1 4 177 3 0
24404 1 4 178 3 0
77498 1 4 178 2 1
78992 1 3 178 1 0
79380 1 4 178 3 0
79630 1 3 178 1 0
80472 1 4 178 1 0
80570 0 6 178 1 0
80703 0 6 178 1 0
80831 0 6 178 1 0
97236 1 4 178 3 0
200283 1 3 178 2 0
245965 1 4 178 3 0
249176 1 3 178 1 0
250616 1 5 178 1 0
80255 0 6 179 1 0
245065 1 2 179 1 0
318971 0 6 179 1 0
353910 0 6 179 1 0
354936 1 4 179 1 0
355028 0 6 179 1 0
355757 1 4 179 1 0
355759 0 6 179 3 0
355763 1 5 179 1 0
79652 0 6 180 1 0
80129 0 6 180 1 0
80423 0 6 180 1 0
80571 1 4 180 1 1
80578 1 3 180 1 0
245060 0 6 180 3 0
245120 0 6 180 1 0
245134 1 2 180 3 0
249219 1 4 180 3 0
249260 1 4 180 3 0
311855 1 2 180 1 0
331709 1 3 180 3 1
354223 0 6 180 2 0
355528 0 6 180 1 0
412633 1 3 180 2 0
521663 0 6 180 3 0
79109 0 6 181 1 0
79226 1 3 181 1 1
79563 0 6 181 1 0
79660 0 6 181 1 0
245132 1 3 181 0 0
250615 1 3 181 0 0
350641 1 4 181 4 1
353698 1 3 181 1 0
354225 1 4 181 3 0
355026 0 6 181 1 0
355762 0 6 181 1 0
79418 1 2 182 3 1
79597 1 2 182 3 0
80130 0 6 182 3 0
80258 0 6 182 2 0
80688 1 3 182 1 0
245019 1 3 182 0 0
245121 0 6 182 1 0
311856 1 2 182 1 0
317361 0 6 182 1 0
318342 0 6 182 1 1
354229 0 6 182 3 0
354935 0 6 182 1 0
442891 0 6 182 3 1
79111 1 3 183 1 0
79228 1 4 183 3 0
79290 0 6 183 1 0
79507 1 4 183 1 0
79661 1 3 183 1 0
80577 0 6 183 0 0
80630 1 4 183 4 0
245061 1 4 183 3 0
245203 1 4 183 1 0
245964 1 4 183 3 0
246349 1 3 183 1 0
249261 1 4 183 3 1
311872 0 6 183 1 0
354938 1 2 183 3 0
39084 0 6 184 2 0
79040 0 6 184 1 0
80579 0 6 184 2 0
80581 1 4 184 3 0
80686 0 6 184 0 0
105238 0 6 184 2 0
112088 1 3 184 3 0
246055 1 2 184 1 0
317566 0 6 184 1 0
353700 0 6 184 1 0
354906 0 6 184 3 1
79110 0 6 185 1 0
79572 0 6 185 1 0
79763 1 4 185 1 0
79821 0 6 185 1 1
79890 0 6 185 1 0
80019 1 4 185 1 0
80174 0 6 185 1 0
80275 0 6 185 1 0
80580 0 6 185 3 0
80690 1 3 185 3 0
80926 0 6 185 3 0
245119 1 4 185 1 0
245133 0 6 185 1 0
245135 0 6 185 3 0
245425 1 4 185 1 0
246360 1 4 185 2 0
246940 0 6 185 1 0
250620 0 6 185 3 1
309943 1 4 185 4 0
311854 0 6 185 1 0
318341 1 4 185 1 0
351206 1 3 185 2 0
353687 0 6 185 4 1
353699 1 3 185 1 0
353702 0 6 185 1 1
354227 0 6 185 1 1
355652 0 6 185 1 0
355782 0 6 185 1 0
356183 1 4 185 2 0
442890 0 6 185 3 0
39082 1 3 186 1 0
68118 0 6 186 3 0
79729 0 6 186 1 0
245950 0 6 186 0 0
317360 0 6 186 1 0
355055 0 6 186 1 0
79041 0 6 187 3 0
79519 1 4 187 1 1
80272 1 4 187 1 0
80784 1 3 187 1 0
80834 0 6 187 1 0
245043 0 6 187 4 0
245986 0 6 187 0 1
246188 1 3 187 1 0
246350 0 6 187 1 0
246577 1 3 187 1 0
246616 1 3 187 1 0
309692 0 6 187 3 0
318926 1 3 187 1 0
354876 1 3 187 1 0
355651 0 6 187 3 0
355783 0 6 187 1 0
355857 0 6 187 4 1
356002 0 6 187 1 0
79799 1 2 188 1 0
80539 0 6 188 1 0
245825 1 4 188 1 0
246579 1 3 188 1 0
317363 1 3 188 3 0
317713 1 3 188 1 0
318343 0 6 188 2 0
341724 1 3 188 3 0
353566 1 3 188 1 0
353686 1 3 188 3 0
353693 0 6 188 1 0
354509 0 6 188 1 0
79523 1 2 189 1 0
79773 1 2 189 1 0
80657 0 6 189 1 0
80689 1 2 189 2 0
245426 0 6 189 1 0
246581 1 2 189 3 0
246614 1 4 189 1 0
354119 1 4 189 1 1
355232 0 6 189 1 0
79112 1 4 190 1 0
79359 0 6 190 1 0
80274 0 6 190 1 0
80769 0 6 190 1 0
227466 0 6 190 2 0
245428 0 6 190 3 0
245946 1 3 190 0 0
245952 0 6 190 1 0
246087 1 4 190 0 1
246516 1 4 190 1 0
246615 0 6 190 1 0
318924 0 6 190 1 0
353690 0 6 190 1 0
353697 0 6 190 3 0
353740 0 6 190 1 0
355332 0 6 190 1 0
416873 0 6 190 3 0
79061 1 4 191 1 0
79103 0 6 191 1 0
79789 1 4 191 1 0
80444 1 2 191 1 0
245424 1 4 191 1 0
245824 1 3 191 1 0
245960 1 3 191 1 0
245988 0 6 191 1 0
246192 1 4 191 1 0
246489 0 6 191 4 1
246572 1 3 191 3 0
246576 1 2 191 1 0
246621 0 6 191 3 0
318483 1 3 191 3 0
318925 0 6 191 1 0
353695 1 3 191 1 1
354878 0 6 191 3 0
355532 0 6 191 1 0
355639 1 3 191 1 0
355786 1 4 191 3 0
79127 0 6 192 1 0
79390 0 6 192 1 0
79471 0 6 192 1 0
79518 1 1 192 1 0
79522 1 4 192 0 0
80473 1 4 192 1 0
245987 1 2 192 1 0
246362 0 6 192 1 0
317275 1 4 192 1 0
353688 1 4 192 1 0
353692 1 4 192 3 0
354010 1 2 192 1 0
354090 0 6 192 1 0
354121 1 3 192 3 0
354368 0 6 192 0 0
354664 1 5 192 1 0
354762 0 6 192 1 0
355570 1 4 192 1 0
355785 1 4 192 3 0
79126 0 6 193 1 0
79292 0 6 193 1 1
79559 0 6 193 1 0
79580 0 6 193 1 0
245379 0 6 193 3 1
245945 0 6 193 0 0
246088 1 4 193 1 0
246187 0 6 193 3 0
246255 1 4 193 1 0
246385 1 4 193 4 1
246557 0 6 193 1 0
246618 0 6 193 3 1
246634 1 3 193 1 0
246744 0 6 193 1 1
250108 0 6 193 3 0
354423 1 3 193 0 0
355642 0 6 193 3 1
356009 0 6 193 4 1
79139 0 6 194 1 0
79560 1 4 194 1 0
79790 1 4 194 1 0
79792 1 3 194 3 0
79798 1 4 194 1 0
80662 1 4 194 3 0
80776 1 3 194 1 0
80886 0 6 194 1 0
110632 0 6 194 2 0
227467 0 6 194 2 0
246091 0 6 194 3 0
246908 1 4 194 1 0
317277 1 2 194 2 0
318344 1 3 194 3 0
318363 0 6 194 1 0
318478 1 2 194 2 1
354551 0 6 194 1 0
355236 0 6 194 4 0
355533 1 3 194 3 0
355641 0 6 194 3 0
356266 0 6 194 3 0
387029 0 6 194 3 0
79571 1 4 195 4 1
79583 0 6 195 3 1
80125 0 6 195 1 0
80445 0 6 195 3 1
128288 0 6 195 2 0
142057 0 6 195 3 0
245269 0 6 195 1 0
245388 0 6 195 2 1
317269 0 6 195 1 0
317877 0 6 195 1 0
318723 0 6 195 1 0
353689 0 6 195 1 0
353874 1 4 195 1 0
354400 0 6 195 1 0
354486 0 6 195 2 0
354578 1 4 195 1 0
354691 1 4 195 1 0
354766 1 3 195 1 0
355479 1 3 195 4 1
356111 1 2 195 1 0
366799 1 4 195 3 0
546301 1 4 195 2 0
79287 0 6 196 3 0
79555 1 4 196 3 0
80777 0 6 196 1 0
227739 0 6 196 3 0
245380 1 4 196 3 1
245992 1 4 196 0 0
246254 1 4 196 1 0
246273 0 6 196 3 0
246388 1 3 196 3 0
317266 0 6 196 0 1
317276 1 4 196 1 0
317992 0 6 196 1 0
318233 1 2 196 1 0
318364 1 4 196 1 0
355569 1 3 196 1 0
356132 0 6 196 0 0
546298 1 3 196 3 0
79027 0 6 197 3 0
79070 0 6 197 1 0
79562 0 6 197 3 0
79797 1 5 197 1 0
80441 1 2 197 3 1
80659 0 6 197 3 0
80752 0 6 197 1 0
80780 0 6 197 3 0
245140 0 6 197 1 1
245377 1 2 197 3 0
246622 0 6 197 1 0
250111 0 6 197 3 1
299326 1 4 197 3 0
318717 0 6 197 1 0
354398 1 4 197 1 0
354579 1 3 197 1 0
355671 1 4 197 0 1
356026 0 6 197 1 0
369470 0 6 197 3 0
379505 0 6 197 3 0
15270 0 6 198 2 0
79285 1 2 198 2 0
79321 1 3 198 1 0
80389 1 3 198 3 1
128287 1 3 198 2 0
317012 1 3 198 1 0
318773 0 6 198 1 0
353871 0 6 198 0 0
353875 0 6 198 3 0
354197 1 4 198 3 0
354580 1 4 198 3 1
354649 1 3 198 1 0
354692 1 4 198 1 0
355019 1 3 198 0 0
356008 1 3 198 3 0
356059 0 6 198 0 0
356133 0 6 198 0 0
356226 1 3 198 1 0
366579 1 4 198 4 0
541852 1 2 198 3 0
546299 0 6 198 3 0
79558 0 6 199 0 0
80451 1 3 199 3 0
80658 0 6 199 1 0
110631 1 2 199 2 1
245375 0 6 199 1 0
246257 1 4 199 3 0
317222 1 4 199 1 0
317261 0 6 199 1 0
317274 1 2 199 1 0
317878 1 4 199 1 0
317994 0 6 199 3 0
318722 0 6 199 3 0
318725 0 6 199 2 0
318913 0 6 199 1 0
318929 1 2 199 1 0
353586 1 3 199 1 0
353624 1 4 199 3 0
354196 0 6 199 1 0
354399 0 6 199 1 0
354953 1 4 199 0 0
355027 1 3 199 1 0
355480 0 6 199 4 0
355666 0 6 199 3 0
355677 1 3 199 3 0
355862 0 6 199 1 0
355890 0 6 199 1 0
356025 0 6 199 1 0
356068 0 6 199 3 0
393807 1 3 199 2 0
427442 0 6 199 3 0
532411 1 3 199 2 0
546302 1 4 199 3 0
21437 1 3 200 3 0
79780 0 6 200 1 0
80235 1 4 200 4 1
80440 1 4 200 3 0
122805 1 2 200 2 0
174206 0 6 200 3 1
227732 1 3 200 3 0
227736 1 3 200 3 0
307495 0 6 200 3 0
316992 1 4 200 1 0
317936 0 6 200 1 0
318365 1 2 200 1 0
354074 0 6 200 3 0
354402 1 3 200 3 0
354581 0 6 200 3 0
354650 0 6 200 1 0
354823 0 6 200 1 0
355151 1 4 200 3 0
355157 1 3 200 3 0
355210 1 2 200 4 0
355473 0 6 200 0 0
356018 1 4 200 1 0
356066 0 6 200 1 0
356134 1 3 200 3 0
366554 1 2 200 4 1
469010 0 6 200 3 0
495372 0 6 200 3 0
524600 0 6 200 2 0
38120 0 6 201 3 0
79072 1 3 201 3 0
79464 1 4 201 0 0
80660 1 3 201 3 0
128145 0 6 201 3 1
229611 0 6 201 3 0
245154 0 6 201 1 0
245271 0 6 201 3 0
245378 0 6 201 3 0
248227 1 3 201 3 0
317220 1 3 201 1 0
318242 1 2 201 3 1
318721 0 6 201 3 0
318724 0 6 201 2 0
336828 1 4 201 3 0
353866 1 4 201 1 0
354104 1 5 201 0 0
354403 1 3 201 3 0
354460 0 6 201 4 0
354693 0 6 201 1 0
354956 1 2 201 3 0
355633 0 6 201 1 0
355664 0 6 201 2 0
355922 1 4 201 1 0
356060 0 6 201 1 0
356241 0 6 201 3 0
393808 0 6 201 3 1
445101 0 6 201 2 0
79317 1 3 202 1 0
79695 1 3 202 1 0
110630 0 6 202 0 0
132446 0 6 202 3 0
245151 0 6 202 1 0
245239 1 3 202 1 0
316994 0 6 202 4 0
317219 1 3 202 1 0
317828 1 3 202 1 0
318719 0 6 202 1 0
318743 1 3 202 1 0
327884 0 6 202 3 0
344610 1 4 202 2 0
353561 0 6 202 1 0
353701 0 6 202 1 0
354516 0 6 202 1 1
354634 1 3 202 3 0
354694 0 6 202 3 0
354954 0 6 202 1 0
355020 0 6 202 1 0
355022 0 6 202 3 0
355640 1 2 202 1 0
355683 1 4 202 0 0
355841 0 6 202 0 0
355923 0 6 202 1 0
406399 1 3 202 3 0
530033 0 6 202 2 0
79472 1 5 203 1 0
79781 1 3 203 2 0
128142 1 4 203 4 0
147044 1 4 203 2 0
245919 0 6 203 1 0
317013 0 6 203 1 1
317879 0 6 203 3 0
318696 0 6 203 3 1
353588 1 3 203 3 1
353909 1 4 203 1 0
354318 0 6 203 2 0
354409 0 6 203 1 0
354591 1 4 203 1 0
354652 1 4 203 3 1
354820 1 5 203 0 0
355158 0 6 203 3 1
355457 1 4 203 1 0
355668 0 6 203 3 0
355842 0 6 203 1 0
355997 0 6 203 1 0
356138 0 6 203 3 0
393653 1 3 203 3 0
538179 1 3 203 3 1
27643 1 4 204 2 0
79512 0 6 204 1 0
114822 1 2 204 3 0
229610 1 4 204 3 0
243478 0 6 204 3 0
245153 0 6 204 1 0
245241 0 6 204 3 0
316539 0 6 204 2 0
317332 1 3 204 3 0
317829 1 3 204 1 0
317896 0 6 204 1 0
318739 1 3 204 0 0
353794 0 6 204 3 1
354239 0 6 204 1 0
354447 0 6 204 1 0
355021 0 6 204 3 0
355966 0 6 204 1 0
390566 1 3 204 3 0
448182 1 4 204 3 0
495371 1 3 204 2 0
79295 0 6 205 1 0
79318 0 6 205 2 0
79475 1 2 205 3 0
80505 1 3 205 3 0
246884 1 4 205 1 0
336826 1 4 205 3 0
353680 1 5 205 2 0
353836 0 6 205 0 0
353912 0 6 205 3 0
354240 1 4 205 3 0
354310 0 6 205 1 0
354690 0 6 205 0 0
354714 1 4 205 1 0
354822 1 5 205 1 0
354825 0 6 205 3 0
354971 0 6 205 3 0
355008 1 4 205 1 0
355272 1 4 205 1 0
355968 1 3 205 3 0
356061 0 6 205 1 0
393651 1 5 205 1 0
418032 1 4 205 3 0
481727 0 6 205 3 0
68750 0 6 206 3 0
79316 1 3 206 1 0
79319 1 3 206 3 0
79474 0 6 206 3 1
80211 0 6 206 1 0
80861 0 6 206 1 0
229609 1 4 206 1 0
245152 0 6 206 1 0
245199 1 3 206 3 1
246084 1 2 206 1 0
301087 1 4 206 3 0
317107 0 6 206 3 0
317898 1 4 206 3 0
318243 0 6 206 3 0
318253 1 2 206 1 0
353567 0 6 206 1 0
354141 0 6 206 1 0
354397 0 6 206 1 0
355634 1 3 206 3 0
355637 0 6 206 3 0
356260 1 4 206 1 0
544274 0 6 206 2 0
33110 1 3 207 3 0
80011 1 4 207 1 0
80862 1 5 207 1 0
128073 1 2 207 4 1
132265 1 3 207 2 1
176953 1 3 207 3 0
246631 0 6 207 1 0
315928 1 4 207 3 0
316993 1 2 207 3 0
317221 0 6 207 1 0
317333 1 3 207 3 0
317722 0 6 207 0 0
318145 1 3 207 3 0
344611 1 2 207 3 0
353669 1 4 207 1 0
354206 1 4 207 3 0
354249 1 3 207 4 0
354443 1 3 207 1 1
354444 1 4 207 1 0
355076 0 6 207 1 0
355159 0 6 207 1 0
355273 0 6 207 1 0
355969 0 6 207 3 0
419083 1 4 207 4 1
427918 1 3 207 3 0
429840 1 4 207 3 0
79468 1 3 208 4 0
79694 1 3 208 1 0
80607 1 4 208 1 0
229952 0 6 208 3 0
245920 1 4 208 1 0
246632 1 3 208 3 0
246887 0 6 208 3 0
317033 1 4 208 0 0
317893 0 6 208 1 0
335433 1 4 208 3 0
354030 1 5 208 1 0
354059 1 3 208 1 0
354473 0 6 208 1 0
354519 1 4 208 1 1
354655 0 6 208 1 0
354675 1 5 208 0 0
354803 0 6 208 1 1
355102 1 5 208 1 0
355253 0 6 208 1 0
355398 0 6 208 4 0
355654 1 2 208 2 0
355830 1 4 208 1 0
356272 0 6 208 1 0
382495 0 6 208 2 0
417992 1 4 208 3 0
65202 0 6 209 3 0
79080 1 3 209 1 0
79473 1 4 209 2 0
79639 1 2 209 1 0
79819 0 6 209 3 1
80674 0 6 209 1 0
85154 0 6 209 3 0
243479 1 3 209 3 0
301088 1 4 209 3 0
310652 0 6 209 2 0
315923 1 4 209 1 0
316540 1 2 209 3 0
317725 1 3 209 3 0
318254 0 6 209 1 0
336571 1 4 209 3 1
346922 0 6 209 3 0
353724 0 6 209 1 0
353754 0 6 209 4 0
354142 1 3 209 2 0
354427 0 6 209 1 0
354782 0 6 209 1 0
354801 1 4 209 0 0
355075 0 6 209 1 0
355582 0 6 209 1 0
355936 1 3 209 1 0
356199 1 3 209 1 0
356259 0 6 209 3 0
437372 1 3 209 1 0
512576 1 5 209 3 0
5378 0 6 210 3 0
65365 0 6 210 3 0
79314 1 3 210 3 0
80178 0 6 210 1 0
80608 0 6 210 2 0
245514 1 3 210 1 0
263448 0 6 210 3 0
315922 0 6 210 0 0
317009 0 6 210 1 0
317035 0 6 210 2 0
317723 1 2 210 1 0
318175 1 2 210 1 0
353670 0 6 210 3 0
353679 1 2 210 1 0
353877 1 4 210 1 0
354247 0 6 210 3 0
354254 1 4 210 4 0
354339 1 2 210 4 1
354446 1 4 210 1 0
354449 0 6 210 3 0
354656 1 3 210 1 1
354961 0 6 210 1 0
355672 1 3 210 1 0
355829 0 6 210 0 0
356121 1 5 210 1 0
429838 1 4 210 3 0
12748 0 6 211 3 0
25290 0 6 211 3 0
33108 1 3 211 1 0
79286 0 6 211 2 0
80013 1 3 211 1 0
80676 1 3 211 3 1
80754 0 6 211 1 0
142082 0 6 211 3 1
175892 1 3 211 4 1
237474 1 4 211 2 0
245253 1 3 211 1 1
246552 0 6 211 1 0
315926 0 6 211 1 0
316519 0 6 211 1 0
316954 1 3 211 1 0
317108 1 4 211 3 0
317895 1 4 211 1 0
319879 0 6 211 3 0
353807 1 4 211 1 0
353861 0 6 211 1 0
353944 0 6 211 1 0
354171 1 4 211 1 0
354204 1 3 211 1 0
354205 1 4 211 3 0
354401 0 6 211 2 0
354445 1 3 211 1 0
354622 0 6 211 3 0
354962 0 6 211 1 0
355274 1 3 211 3 0
355428 0 6 211 1 0
355667 1 3 211 1 0
355878 1 4 211 0 1
355950 0 6 211 1 0
52310 0 6 212 3 0
79017 0 6 212 3 1
79180 1 3 212 1 0
79219 0 6 212 4 0
80673 0 6 212 1 0
229951 1 2 212 1 0
294771 1 5 212 3 0
318078 1 3 212 1 0
318414 1 3 212 3 1
318763 0 6 212 1 0
353808 1 4 212 3 0
354128 0 6 212 1 0
354524 0 6 212 3 0
354804 1 4 212 3 1
355077 1 2 212 3 0
355231 1 3 212 1 0
355771 0 6 212 1 0
355831 0 6 212 1 0
356165 1 3 212 1 0
356258 1 4 212 3 1
475542 0 6 212 2 0
4391 0 6 213 2 0
8081 0 6 213 2 0
79067 0 6 213 1 0
79487 0 6 213 1 0
79829 0 6 213 1 0
79917 1 4 213 1 0
80177 1 4 213 0 0
80181 1 3 213 3 1
80377 1 2 213 1 0
137105 1 4 213 3 0
229953 1 4 213 3 1
244533 1 3 213 3 0
245050 1 2 213 1 0
315925 1 3 213 1 0
316878 1 5 213 1 0
316955 1 4 213 1 0
336572 1 3 213 3 0
353862 1 2 213 1 0
354253 1 2 213 3 0
354289 1 3 213 3 0
354964 0 6 213 3 0
355283 0 6 213 3 0
355584 1 2 213 3 0
356065 1 4 213 1 0
356198 0 6 213 1 0
356205 1 3 213 1 0
429821 1 3 213 3 0
472875 0 6 213 3 0
531613 0 6 213 3 0
79079 0 6 214 1 0
79218 0 6 214 3 0
79824 0 6 214 3 0
80381 1 3 214 1 0
112004 1 3 214 3 1
222886 0 6 214 3 1
237476 1 4 214 3 0
245245 0 6 214 1 0
245320 1 3 214 1 0
246551 1 3 214 1 0
289143 1 2 214 3 0
316025 0 6 214 1 0
317620 1 4 214 1 0
317905 0 6 214 0 1
318500 0 6 214 1 0
318652 0 6 214 1 0
319018 1 2 214 1 0
354173 0 6 214 0 0
354180 1 3 214 1 0
354258 0 6 214 1 0
354469 1 2 214 4 1
354781 0 6 214 1 0
354960 0 6 214 1 0
355814 0 6 214 1 0
355880 1 3 214 1 0
355882 1 2 214 3 0
355939 0 6 214 3 0
356064 0 6 214 1 0
517342 0 6 214 3 1
41077 1 2 215 3 0
79833 0 6 215 0 0
80012 0 6 215 1 0
80014 0 6 215 3 0
80249 0 6 215 1 0
80341 0 6 215 1 0
245048 1 4 215 0 0
245254 1 3 215 3 0
271864 0 6 215 3 0
315924 0 6 215 1 1
317901 1 4 215 2 1
318198 0 6 215 1 0
318653 1 4 215 2 0
327185 1 2 215 3 0
353626 1 4 215 1 0
353806 1 4 215 1 0
353812 1 3 215 1 1
353859 1 3 215 1 0
354426 0 6 215 0 1
355234 0 6 215 3 0
355319 1 4 215 1 1
355585 1 3 215 3 0
355735 0 6 215 1 0
355770 1 2 215 1 0
355772 1 3 215 1 0
429819 0 6 215 0 0
72261 0 6 216 2 0
76321 0 6 216 3 0
79066 1 3 216 0 0
79918 1 3 216 1 0
80251 0 6 216 3 1
80811 1 5 216 1 0
137104 1 3 216 1 0
316317 0 6 216 1 0
316877 0 6 216 1 0
316924 0 6 216 2 0
317634 1 4 216 4 1
317759 0 6 216 1 0
317899 0 6 216 0 0
317988 0 6 216 1 0
318016 1 4 216 1 0
318035 1 3 216 1 0
353591 1 4 216 3 0
354123 0 6 216 4 0
354248 0 6 216 4 1
354805 0 6 216 3 0
355583 0 6 216 2 0
355598 0 6 216 1 0
387042 1 4 216 3 0
432071 0 6 216 3 0
436614 0 6 216 3 0
44179 1 5 217 3 0
79069 1 4 217 1 0
79920 1 3 217 3 0
80063 0 6 217 1 0
80378 1 3 217 2 0
80384 1 4 217 1 0
80386 0 6 217 3 0
128841 1 5 217 2 0
171445 0 6 217 3 0
223008 1 3 217 3 0
245662 1 3 217 1 0
317043 0 6 217 1 0
317619 0 6 217 3 0
317900 1 4 217 2 0
318503 0 6 217 3 0
330957 0 6 217 3 0
353646 0 6 217 3 0
354243 0 6 217 1 0
354851 0 6 217 1 0
354963 0 6 217 1 1
355316 0 6 217 1 1
355774 0 6 217 3 0
355934 1 3 217 1 0
355938 0 6 217 3 0
356202 0 6 217 1 0
356207 0 6 217 3 0
430226 1 4 217 0 0
504012 0 6 217 3 0
65850 1 4 218 2 0
80067 1 4 218 3 0
80411 1 2 218 1 0
80894 0 6 218 4 0
127578 0 6 218 3 0
162808 0 6 218 3 0
246555 0 6 218 3 0
317995 0 6 218 3 0
318015 0 6 218 1 0
318097 0 6 218 1 0
353804 1 3 218 0 0
353872 0 6 218 1 0
354292 0 6 218 0 0
354359 1 3 218 1 0
354713 0 6 218 1 0
355064 1 3 218 1 0
430989 0 6 218 3 0
508321 0 6 218 3 0
66506 0 6 219 3 0
80412 1 5 219 1 0
134319 1 3 219 3 0
153561 0 6 219 3 0
245754 1 4 219 1 0
317020 0 6 219 1 1
317612 0 6 219 1 0
317704 1 3 219 1 0
318017 1 3 219 1 0
318131 1 4 219 1 1
318683 0 6 219 1 0
318892 1 4 219 1 0
318958 1 3 219 1 0
319019 1 4 219 3 0
354257 1 4 219 1 0
354298 0 6 219 1 0
354428 1 4 219 3 1
355736 0 6 219 1 0
356206 1 4 219 3 1
450576 1 4 219 3 0
480684 1 3 219 3 0
79176 0 6 220 0 0
79916 1 3 220 3 0
80414 1 4 220 3 1
80631 0 6 220 4 1
80950 1 4 220 1 0
110492 1 2 220 2 0
162292 0 6 220 2 0
245659 0 6 220 3 0
266469 1 3 220 2 0
317183 1 4 220 1 0
317681 0 6 220 1 0
317833 0 6 220 1 1
318019 1 3 220 3 0
318155 1 2 220 1 0
318276 1 4 220 1 0
318496 0 6 220 2 0
318528 0 6 220 2 0
354262 1 3 220 3 0
354303 1 3 220 0 0
356091 0 6 220 2 0
430224 1 2 220 3 0
430227 0 6 220 0 0
430229 0 6 220 3 0
432070 0 6 220 3 0
437288 0 6 220 4 0
495817 1 3 220 3 0
79338 1 4 221 1 0
80062 1 2 221 1 0
80376 1 3 221 1 0
125660 1 4 221 3 0
127579 1 2 221 3 0
161469 1 3 221 3 0
178298 0 6 221 3 0
245661 1 4 221 1 0
245749 1 3 221 4 0
246148 1 4 221 1 0
285250 0 6 221 3 1
317021 0 6 221 2 0
317042 1 4 221 1 0
318152 0 6 221 0 0
318275 1 4 221 1 0
318354 0 6 221 1 0
318684 0 6 221 2 0
318754 1 3 221 1 0
318893 0 6 221 3 1
353612 0 6 221 1 0
353805 0 6 221 0 0
354357 0 6 221 1 0
366552 1 2 221 4 0
430669 1 3 221 1 0
436080 1 4 221 4 0
470344 1 3 221 2 0
64970 1 3 222 3 0
80379 1 4 222 3 0
114697 0 6 222 3 0
171442 0 6 222 1 0
201214 1 3 222 3 0
243087 0 6 222 3 0
279509 1 3 222 3 1
318021 0 6 222 1 0
318130 0 6 222 1 0
318792 1 3 222 1 0
318967 0 6 222 4 1
354112 0 6 222 1 0
354164 0 6 222 1 0
354261 1 3 222 3 0
354305 0 6 222 3 0
354718 1 3 222 3 0
482000 0 6 222 3 0
490476 0 6 222 3 0
505526 1 4 222 3 0
80413 1 3 223 3 0
80639 1 5 223 1 0
80947 1 5 223 1 0
245663 1 3 223 2 0
245755 0 6 223 1 0
246150 1 3 223 3 1
266459 0 6 223 3 0
316956 1 3 223 1 0
317210 0 6 223 1 0
317287 1 3 223 1 0
317396 0 6 223 1 0
317534 1 4 223 4 0
317615 0 6 223 3 0
318322 0 6 223 0 0
318685 1 3 223 3 0
355065 1 2 223 2 0
356281 0 6 223 1 0
450577 1 4 223 4 0
74324 0 6 224 3 0
79102 0 6 224 2 0
80064 1 5 224 1 0
80406 0 6 224 1 0
80512 0 6 224 1 0
80730 1 2 224 3 0
134318 0 6 224 2 0
245520 0 6 224 1 0
260020 0 6 224 2 0
266468 1 4 224 2 0
267082 1 3 224 4 0
317203 0 6 224 1 0
317213 0 6 224 1 0
317479 0 6 224 1 0
317533 1 4 224 3 1
317613 0 6 224 1 0
317680 0 6 224 1 0
317682 1 3 224 3 0
318840 1 3 224 1 0
354294 1 3 224 2 0
40598 0 6 225 2 0
79637 0 6 225 3 1
80407 0 6 225 2 0
100021 1 4 225 3 0
161466 0 6 225 0 0
161847 0 6 225 4 0
178297 0 6 225 1 1
243086 1 4 225 2 0
269117 0 6 225 3 0
317055 0 6 225 1 0
317359 1 4 225 1 0
317398 1 3 225 3 0
317832 0 6 225 1 0
318051 0 6 225 2 0
318755 1 4 225 1 0
354821 1 3 225 1 0
430185 0 6 225 1 0
430670 0 6 225 1 0
430671 1 3 225 3 1
471868 0 6 225 3 0
520875 1 4 225 3 0
554033 1 4 225 3 0
71340 0 6 226 3 0
80066 0 6 226 3 0
80729 0 6 226 3 1
80949 1 3 226 1 0
245756 0 6 226 2 0
317556 0 6 226 1 0
317677 0 6 226 3 1
317685 1 4 226 1 0
318133 0 6 226 3 1
318154 1 4 226 1 0
318324 0 6 226 2 0
319007 1 3 226 2 0
343069 1 2 226 3 0
354110 0 6 226 0 0
367900 1 3 226 3 0
245753 0 6 227 0 0
246033 1 4 227 1 0
261068 0 6 227 2 0
316957 0 6 227 3 1
317058 0 6 227 2 0
317339 0 6 227 1 0
317393 1 3 227 0 0
318841 0 6 227 3 1
318902 0 6 227 1 1
319358 0 6 227 3 0
533420 0 6 227 3 0
80514 0 6 228 3 0
100459 0 6 228 3 0
177869 0 6 228 1 0
177972 0 6 228 3 0
203660 0 6 228 3 0
245759 0 6 228 3 0
246217 0 6 228 1 0
316904 0 6 228 1 0
317340 1 3 228 3 0
317372 1 4 228 3 0
317395 1 4 228 1 0
317804 0 6 228 1 0
318053 1 3 228 3 0
318153 1 4 228 0 0
318323 1 2 228 0 0
318372 0 6 228 1 0
343072 0 6 228 3 0
480341 1 3 228 3 0
79860 1 3 229 4 1
161287 0 6 229 0 0
177970 1 3 229 0 0
316938 1 4 229 1 0
316958 0 6 229 3 0
317555 1 4 229 1 0
317638 1 3 229 4 0
317686 0 6 229 1 0
317687 1 4 229 3 0
318314 1 4 229 0 0
318712 0 6 229 1 0
400851 0 6 229 2 0
431361 0 6 229 1 0
480836 1 3 229 2 0
90884 0 6 230 3 0
177973 1 4 230 3 0
246885 1 4 230 1 0
317480 0 6 230 1 0
317630 0 6 230 1 0
317807 1 3 230 3 0
317841 1 2 230 4 0
317937 0 6 230 1 0
318374 0 6 230 3 0
318397 1 3 230 1 0
318757 1 3 230 3 0
401376 1 5 230 3 0
430113 1 5 230 1 0
431548 0 6 230 1 0
480184 0 6 230 2 0
541042 0 6 230 3 1
79643 1 4 231 3 1
80952 0 6 231 3 0
179188 0 6 231 1 0
215446 0 6 231 3 0
246110 0 6 231 1 0
246924 0 6 231 1 0
285102 0 6 231 2 0
300239 0 6 231 3 0
316849 1 2 231 3 0
316906 0 6 231 3 0
317076 0 6 231 1 0
317350 0 6 231 1 0
317558 1 3 231 3 1
317705 1 3 231 1 0
317796 0 6 231 1 0
317853 1 3 231 3 1
318234 1 3 231 1 0
343118 0 6 231 3 0
79861 0 6 232 3 0
104126 1 3 232 3 0
177870 1 3 232 1 0
245845 0 6 232 1 0
301555 1 4 232 2 0
316846 0 6 232 1 0
316903 0 6 232 1 0
316907 1 2 232 3 0
317481 0 6 232 1 0
317561 1 2 232 1 0
317696 1 3 232 3 0
318142 1 4 232 1 0
318317 0 6 232 3 1
318371 0 6 232 1 0
318711 0 6 232 1 0
417294 0 6 232 3 0
430702 0 6 232 1 0
431293 0 6 232 1 0
480834 0 6 232 1 0
179191 0 6 233 3 0
214820 0 6 233 3 0
251262 1 3 233 3 0
289636 0 6 233 3 0
316870 1 2 233 1 0
317557 1 4 233 3 0
317689 1 4 233 1 0
318796 1 5 233 3 0
430123 1 3 233 3 0
477311 1 3 233 2 0
102990 0 6 234 4 0
177872 0 6 234 1 0
179189 1 4 234 1 0
245899 0 6 234 2 1
246863 0 6 234 1 0
301114 1 3 234 3 1
315084 1 3 234 4 0
317046 1 3 234 4 0
317186 1 2 234 1 0
317554 1 3 234 0 0
317740 0 6 234 1 0
317805 0 6 234 1 1
317858 1 2 234 3 0
318370 0 6 234 0 0
318729 1 2 234 1 0
430035 0 6 234 1 0
482139 0 6 234 3 0
245599 1 3 235 1 1
245851 1 3 235 1 0
246043 1 3 235 4 0
246862 0 6 235 1 0
251261 1 4 235 3 0
260270 0 6 235 2 0
316847 0 6 235 1 1
316869 1 4 235 0 0
317077 1 4 235 2 0
317483 0 6 235 3 1
317500 0 6 235 3 0
317568 1 3 235 2 0
317700 1 2 235 0 0
318143 1 2 235 1 0
318395 0 6 235 1 0
318420 0 6 235 1 0
318484 0 6 235 1 0
408696 0 6 235 3 0
410971 0 6 235 3 0
417289 1 3 235 3 0
417295 1 2 235 4 1
430522 1 3 235 1 0
79642 0 6 236 3 0
245853 0 6 236 1 0
259244 0 6 236 4 0
294628 1 3 236 3 0
316868 1 3 236 0 0
317485 0 6 236 1 0
317559 1 3 236 1 0
318236 0 6 236 3 0
318265 0 6 236 1 0
318318 1 3 236 3 0
318438 0 6 236 0 0
318883 0 6 236 2 1
480660 0 6 236 4 0
480839 1 2 236 3 1
53198 1 3 237 3 0
177845 0 6 237 1 0
177871 1 3 237 1 0
245601 0 6 237 3 0
251260 1 3 237 1 1
265315 0 6 237 2 0
317328 0 6 237 1 0
317806 0 6 237 3 1
318302 0 6 237 2 0
417293 1 3 237 3 0
429800 1 2 237 1 0
430130 0 6 237 3 1
431294 1 2 237 1 0
479792 0 6 237 1 0
79593 1 2 238 3 0
177868 0 6 238 1 0
245715 0 6 238 1 0
246873 0 6 238 1 0
317204 0 6 238 1 0
317694 1 5 238 1 1
318316 0 6 238 1 0
429083 0 6 238 3 0
431061 0 6 238 1 0
477278 1 3 238 3 0
246007 0 6 239 1 0
246450 0 6 239 1 1
246454 0 6 239 1 1
246864 1 2 239 2 1
251258 0 6 239 0 0
294627 0 6 239 2 0
318486 0 6 239 1 0
318940 0 6 239 4 0
341164 0 6 239 3 0
430714 0 6 239 1 0
431351 1 3 239 1 0
431457 1 4 239 1 0
477313 1 2 239 3 0
479594 1 4 239 1 0
145356 0 6 240 3 0
236695 1 3 240 1 0
245308 0 6 240 3 0
317078 1 3 240 3 0
318144 0 6 240 3 0
318375 1 3 240 3 0
318421 1 3 240 3 0
318485 1 3 240 1 0
417206 0 6 240 4 0
429086 1 3 240 4 1
430128 0 6 240 1 0
430241 1 3 240 1 0
430848 0 6 240 3 0
431063 1 3 240 2 1
431423 1 3 240 1 0
431461 0 6 240 3 0
431486 1 3 240 1 0
479772 0 6 240 1 0
482331 0 6 240 3 0
106581 0 6 241 2 1
245285 1 5 241 0 0
246468 1 4 241 3 0
246832 0 6 241 1 0
251259 0 6 241 0 0
316852 1 2 241 1 0
318489 0 6 241 4 1
318765 0 6 241 1 0
431272 1 4 241 1 0
431620 0 6 241 4 0
477125 0 6 241 3 0
477277 0 6 241 1 0
479597 0 6 241 3 0
480894 1 3 241 1 0
177873 0 6 242 3 0
245389 0 6 242 2 0
245399 1 3 242 1 0
245645 0 6 242 1 0
245829 0 6 242 4 1
246009 1 4 242 3 0
246014 0 6 242 3 0
246449 0 6 242 1 0
268044 1 4 242 2 0
318373 0 6 242 1 0
429799 1 4 242 1 0
430080 0 6 242 1 0
431060 0 6 242 1 0
431424 1 4 242 3 0
431458 0 6 242 1 0
477115 0 6 242 1 0
480561 0 6 242 3 0
525479 1 3 242 3 0
66057 0 6 243 3 0
107184 0 6 243 4 0
236693 1 4 243 1 0
245376 1 3 243 1 0
246308 1 4 243 1 0
246469 1 2 243 3 0
317079 0 6 243 3 0
317576 1 4 243 1 0
318315 1 4 243 1 0
318501 1 2 243 1 0
318624 1 4 243 1 0
430085 0 6 243 3 0
430367 1 4 243 1 0
430589 1 4 243 2 0
430713 0 6 243 1 0
430803 1 4 243 1 0
430849 0 6 243 3 0
430873 1 2 243 1 0
431064 0 6 243 3 0
431116 1 4 243 1 0
245289 1 2 244 3 0
245604 0 6 244 1 0
245983 0 6 244 1 0
246011 1 4 244 1 0
246693 0 6 244 1 0
294629 0 6 244 3 0
317323 0 6 244 1 0
317466 0 6 244 1 0
317941 0 6 244 2 0
318074 1 2 244 1 0
348982 0 6 244 3 0
426733 0 6 244 3 0
428914 1 3 244 2 0
430049 1 3 244 1 0
430075 0 6 244 1 0
431287 1 4 244 1 0
431317 0 6 244 1 0
431425 0 6 244 3 0
477159 1 2 244 1 0
477312 0 6 244 3 0
479596 0 6 244 3 0
235589 0 6 245 1 0
244990 1 2 245 1 0
245524 0 6 245 3 0
245981 0 6 245 1 0
246104 1 2 245 1 0
246310 1 4 245 3 1
246537 0 6 245 1 0
427419 0 6 245 3 1
428387 1 4 245 2 0
429866 1 2 245 1 0
479595 0 6 245 2 0
514321 1 4 245 3 1
236696 0 6 246 3 0
245523 1 3 246 3 0
245935 0 6 246 3 0
246008 1 4 246 1 0
246012 1 2 246 1 0
246268 1 3 246 2 0
246556 0 6 246 1 0
246833 1 3 246 1 0
268043 1 3 246 0 0
317116 1 4 246 3 0
317577 1 3 246 3 0
318502 0 6 246 3 0
318839 0 6 246 1 0
429977 0 6 246 3 0
430051 0 6 246 3 0
430831 0 6 246 1 0
431118 0 6 246 1 0
431120 1 2 246 3 1
486064 1 4 246 3 0
245107 0 6 247 1 0
245292 1 3 247 0 0
245409 0 6 247 3 0
246446 0 6 247 1 0
246691 0 6 247 1 0
246836 1 4 247 3 0
298178 0 6 247 3 0
317942 1 2 247 1 0
318780 1 5 247 1 0
430107 1 4 247 1 0
430715 0 6 247 3 0
431005 1 4 247 1 0
5770 1 4 248 3 0
245288 1 4 248 1 0
245503 0 6 248 1 1
245871 1 3 248 4 1
245982 0 6 248 1 0
246103 0 6 248 1 0
246541 0 6 248 3 0
246872 1 2 248 1 0
318716 1 3 248 1 1
427417 0 6 248 3 1
429783 1 5 248 1 0
429784 0 6 248 1 0
429910 0 6 248 1 0
430108 1 2 248 1 0
430523 0 6 248 1 0
430802 1 4 248 1 0
431286 1 3 248 1 0
532069 0 6 248 2 0
24657 0 6 249 3 0
222652 0 6 249 3 0
236460 1 2 249 1 0
245082 0 6 249 1 0
245652 0 6 249 1 0
245742 0 6 249 1 0
245978 1 3 249 3 0
246004 0 6 249 3 1
246718 0 6 249 4 0
317366 0 6 249 1 0
317412 0 6 249 1 0
318789 1 3 249 1 0
373996 0 6 249 3 0
430106 1 2 249 1 0
430167 0 6 249 4 1
476537 1 4 249 4 0
483941 0 6 249 3 0
42137 1 3 250 2 0
236459 1 3 250 0 0
244991 1 4 250 1 1
244993 1 3 250 1 0
245608 1 4 250 1 0
245653 0 6 250 2 0
245887 0 6 250 1 0
246560 0 6 250 3 0
246719 0 6 250 2 0
317368 1 3 250 1 0
318963 0 6 250 1 0
427416 0 6 250 3 0
429961 0 6 250 1 0
429997 0 6 250 4 0
430100 1 4 250 3 1
430968 0 6 250 1 0
431117 1 3 250 1 0
486062 1 4 250 1 0
37253 0 6 251 3 1
122608 0 6 251 3 0
245074 0 6 251 1 0
245085 1 5 251 3 0
245094 0 6 251 1 0
245286 1 4 251 1 0
245656 1 2 251 3 0
245989 0 6 251 3 0
246341 1 2 251 4 1
246611 1 4 251 1 0
246763 0 6 251 1 1
298175 1 3 251 2 0
317010 1 4 251 1 0
318381 1 3 251 1 1
430110 1 4 251 3 0
430191 1 4 251 4 1
431290 1 3 251 3 0
431499 0 6 251 3 0
483938 0 6 251 1 0
483940 1 4 251 3 0
486063 0 6 251 3 0
213883 0 6 252 3 0
245499 1 3 252 1 0
245729 1 4 252 1 0
245743 1 3 252 2 0
245936 0 6 252 3 0
246074 0 6 252 1 0
246562 0 6 252 4 0
246620 1 4 252 3 0
317273 1 5 252 1 0
317367 1 2 252 1 0
318646 0 6 252 1 0
330512 1 2 252 3 0
412446 0 6 252 4 1
418150 0 6 252 2 0
430683 1 4 252 1 0
484243 0 6 252 1 0
538738 0 6 252 3 0
24658 0 6 253 3 1
37192 0 6 253 4 0
111461 0 6 253 3 0
235572 0 6 253 1 0
238168 1 4 253 3 0
245039 0 6 253 3 0
245655 1 4 253 3 0
246347 0 6 253 4 0
298260 1 3 253 3 0
318396 0 6 253 1 0
318720 0 6 253 1 0
429962 1 3 253 1 0
430098 1 3 253 2 0
430984 1 3 253 3 0
431498 1 3 253 3 1
432637 0 6 253 3 1
495556 0 6 253 3 0
42451 1 3 254 4 0
246099 1 4 254 3 0
246277 1 3 254 1 0
246561 1 4 254 4 0
317651 0 6 254 1 0
430109 0 6 254 3 1
431288 1 3 254 1 0
431519 0 6 254 3 0
462249 0 6 254 3 0
537723 1 3 254 3 0
185588 0 6 255 3 0
245073 1 3 255 0 0
245075 0 6 255 1 0
246721 0 6 255 2 1
298179 1 3 255 3 0
315199 0 6 255 3 1
412445 0 6 255 3 0
429942 1 4 255 1 0
430428 0 6 255 1 0
430967 1 4 255 0 0
484189 1 2 255 1 0
126890 1 4 256 3 0
189465 1 2 256 3 0
202274 0 6 256 3 0
236507 0 6 256 1 0
236713 0 6 256 1 0
245101 0 6 256 1 0
245744 0 6 256 3 0
245979 1 5 256 3 0
246336 1 3 256 3 0
412188 1 4 256 2 1
429772 0 6 256 1 0
431227 1 2 256 1 0
435226 0 6 256 3 1
488489 0 6 256 3 1
35498 1 3 257 4 0
35751 1 3 257 1 0
42533 1 3 257 2 0
235946 1 3 257 1 0
236296 1 3 257 4 1
236506 0 6 257 1 0
245933 1 3 257 1 0
430174 1 5 257 1 0
430980 1 5 257 2 1
483932 0 6 257 1 0
189469 0 6 258 1 0
236272 0 6 258 1 0
236509 1 3 258 3 0
246098 0 6 258 3 1
429941 0 6 258 1 0
430101 0 6 258 1 0
430175 1 3 258 1 0
430824 0 6 258 4 0
431333 0 6 258 1 0
482810 1 4 258 1 0
35754 1 4 259 3 0
234804 0 6 259 1 0
245072 1 4 259 4 0
431516 0 6 259 1 0
189788 0 6 260 3 0
234806 0 6 260 1 0
235332 0 6 260 1 0
235685 0 6 260 1 0
235948 0 6 260 3 1
236262 1 2 260 1 0
236498 0 6 260 3 0
236503 0 6 260 0 0
236504 1 3 260 0 0
236505 0 6 260 1 0
246340 0 6 260 3 0
324930 1 3 260 2 0
429771 0 6 260 1 0
430177 1 2 260 3 0
435225 0 6 260 1 1
483478 0 6 260 1 0
35755 1 2 261 0 0
41650 1 4 261 3 0
234708 1 4 261 1 0
234940 1 3 261 1 0
235334 0 6 261 3 0
235845 0 6 261 1 0
246276 0 6 261 1 0
430173 1 4 261 1 0
430245 0 6 261 1 0
430492 1 3 261 3 1
431257 1 4 261 4 1
35710 1 5 262 0 0
35750 0 6 262 0 0
150940 0 6 262 3 0
234807 0 6 262 3 1
235262 1 4 262 1 1
236186 1 4 262 1 0
236271 0 6 262 1 0
236561 0 6 262 3 0
430114 0 6 262 3 0
431232 1 3 262 4 0
35756 0 6 263 1 0
234702 0 6 263 2 0
234706 0 6 263 1 0
235137 0 6 263 1 0
235331 1 4 263 1 1
235465 0 6 263 3 0
235989 0 6 263 1 0
236264 0 6 263 3 1
236268 1 4 263 1 1
236508 1 4 263 3 0
236542 0 6 263 3 0
483481 1 4 263 3 0
36593 1 4 264 1 0
119375 0 6 264 3 1
234710 1 2 264 3 1
234910 1 4 264 1 0
234917 1 3 264 1 0
234939 1 4 264 1 0
235258 1 4 264 1 0
235333 1 4 264 1 0
236274 0 6 264 3 0
236281 0 6 264 1 0
236289 0 6 264 1 0
236553 1 4 264 1 0
245633 1 3 264 2 0
429875 0 6 264 1 0
431595 0 6 264 4 1
35871 0 6 265 0 0
234632 0 6 265 4 0
234882 1 3 265 1 0
234937 1 3 265 1 0
235263 0 6 265 1 0
235482 1 3 265 1 0
235974 1 2 265 1 0
236411 1 4 265 1 0
245811 0 6 265 1 0
430942 0 6 265 1 0
484761 1 5 265 1 0
18477 1 3 266 2 0
35413 1 2 266 4 1
35752 0 6 266 1 0
35872 1 4 266 0 0
119374 0 6 266 1 0
234753 1 3 266 1 0
234973 0 6 266 1 0
235338 1 3 266 1 0
235924 1 5 266 1 0
236088 0 6 266 4 0
236253 1 2 266 1 0
236269 0 6 266 3 0
236478 1 2 266 1 0
36783 0 6 267 4 0
185889 1 3 267 3 0
228672 0 6 267 3 0
235050 1 4 267 1 0
235259 1 2 267 1 0
235300 0 6 267 1 0
235481 0 6 267 1 0
236086 0 6 267 1 0
236218 1 4 267 1 1
430466 1 4 267 1 0
440010 0 6 267 2 0
484758 0 6 267 1 0
18478 0 6 268 3 0
35966 1 3 268 0 0
234701 0 6 268 3 0
234971 0 6 268 0 0
235337 0 6 268 1 0
236282 1 3 268 1 0
236414 0 6 268 1 0
236479 0 6 268 1 0
236552 0 6 268 1 0
320384 0 6 268 2 1
430566 0 6 268 1 0
430947 0 6 268 3 0
37081 1 3 269 3 0
166069 0 6 269 3 0
234832 0 6 269 3 0
234938 0 6 269 1 0
235138 0 6 269 1 0
236224 0 6 269 1 0
236254 0 6 269 3 0
319945 1 3 269 3 0
361617 1 3 269 3 0
430410 0 6 269 1 0
430424 1 3 269 1 0
234696 0 6 270 3 0
234718 1 4 270 1 0
234755 1 4 270 3 0
235049 1 4 270 1 0
235264 0 6 270 3 0
235925 0 6 270 2 0
236057 0 6 270 1 1
236223 1 3 270 0 0
236252 1 4 270 1 0
236397 1 4 270 1 1
236408 0 6 270 3 0
236446 1 4 270 1 0
429805 0 6 270 1 0
430468 0 6 270 3 0
126414 1 2 271 3 0
234738 1 4 271 3 0
234972 1 4 271 0 0
235257 1 3 271 1 0
235301 0 6 271 1 0
235555 0 6 271 3 1
236241 1 4 271 1 0
236554 1 2 271 3 0
398236 0 6 271 2 0
430465 0 6 271 1 0
430946 0 6 271 3 0
35753 1 3 272 3 0
35934 1 3 272 0 0
235483 0 6 272 1 0
235688 1 3 272 3 0
235767 1 3 272 4 0
236062 1 3 272 1 0
236220 0 6 272 3 0
236295 1 2 272 4 0
429972 1 4 272 1 0
430070 0 6 272 1 0
430087 1 4 272 1 0
431463 0 6 272 1 0
477580 1 3 272 3 0
234838 1 3 273 1 0
235136 0 6 273 1 0
235305 1 3 273 4 0
235581 0 6 273 1 0
235879 1 4 273 4 0
235920 1 3 273 1 0
319860 0 6 273 4 1
360278 1 2 273 3 0
422892 0 6 273 3 0
429861 0 6 273 1 0
430119 0 6 273 1 0
430469 0 6 273 3 0
438477 1 4 273 3 1
234975 0 6 274 3 0
235299 0 6 274 0 0
236198 0 6 274 2 0
236562 0 6 274 1 0
287273 1 3 274 3 1
431462 0 6 274 1 0
235145 0 6 275 3 0
235180 0 6 275 1 0
235473 1 3 275 1 0
236199 1 2 275 3 0
236238 1 3 275 1 0
236240 1 3 275 1 0
427182 1 4 275 3 0
430137 1 4 275 1 0
431429 0 6 275 1 0
438476 1 3 275 3 0
235232 1 3 276 1 0
235921 0 6 276 1 0
236474 1 3 276 1 0
236579 0 6 276 1 0
302314 0 6 276 3 0
430088 0 6 276 1 0
430360 0 6 276 1 0
431569 0 6 276 1 0
439054 1 3 276 2 0
471348 0 6 276 3 0
235293 0 6 277 1 0
236066 1 3 277 3 0
236473 1 3 277 1 0
411872 0 6 277 2 1
427719 0 6 277 2 0
430314 1 2 277 3 0
430799 0 6 277 1 0
430815 0 6 277 1 0
45517 0 6 278 3 0
190456 1 2 278 3 0
235463 0 6 278 1 0
429803 0 6 278 1 0
430503 0 6 278 2 0
430868 1 3 278 1 0
190455 0 6 279 3 0
235907 0 6 279 4 0
430086 0 6 279 1 0
430313 1 3 279 1 0
431233 0 6 279 1 0
439059 1 2 279 2 1
235178 1 4 280 0 0
235594 1 3 280 3 0
236565 0 6 280 3 0
430661 0 6 280 1 0
431053 1 4 280 1 0
431558 1 2 280 1 0
235224 0 6 281 1 1
235472 1 4 281 1 0
430012 0 6 281 4 0
430362 0 6 281 3 0
430797 0 6 281 1 0
430816 1 3 281 2 0
235291 0 6 282 3 0
235294 1 2 282 3 0
235296 0 6 282 4 0
429806 1 3 282 1 0
429811 0 6 282 1 0
431147 0 6 282 1 0
431407 1 4 282 1 0
190453 0 6 283 0 0
235543 1 4 283 1 1
429789 0 6 283 1 0
430090 1 2 283 3 0
430350 0 6 283 1 0
430659 1 4 283 0 0
430763 0 6 283 3 0
235292 1 4 284 0 0
429804 1 4 284 1 0
429812 1 4 284 3 0
430089 0 6 284 1 0
430567 0 6 284 1 0
431234 1 3 284 1 0
439060 0 6 284 2 0
181578 1 3 285 3 0
430207 1 2 285 1 0
274226 1 4 286 3 0
429801 1 4 286 3 0
429808 0 6 286 3 0
430351 0 6 286 1 0
189374 1 3 287 3 0
429825 1 3 287 1 0
430660 1 3 287 1 0
235542 0 6 288 1 0
429797 0 6 288 3 1
429828 0 6 288 1 0
430662 0 6 288 1 0
431235 0 6 288 3 0
431369 1 3 288 4 0
181577 0 6 289 3 0
430259 0 6 289 1 0
189871 1 3 290 3 0
429889 0 6 290 1 0
430256 1 3 290 1 0
431696 1 3 290 3 0
189375 0 6 291 3 0
430184 1 4 291 1 0
430664 0 6 291 3 1
431054 0 6 291 1 0
431276 0 6 291 1 0
429895 1 3 292 4 1
430496 1 3 292 1 0
431189 1 4 292 4 0
430163 0 6 293 1 1
85630 0 6 294 3 1
189870 0 6 294 1 0
430179 1 4 294 0 0
430347 0 6 294 4 1
430937 0 6 294 1 0
431200 1 3 294 4 0
431366 1 4 294 4 0
431538 0 6 294 1 0
431697 0 6 294 3 0
536392 1 3 294 4 0
430494 1 2 295 1 0
85631 1 3 296 3 0
430493 1 4 296 1 0
430614 0 6 296 1 0
431199 0 6 296 3 0
429925 0 6 297 1 0
430178 0 6 297 0 0
430936 0 6 297 0 0
430561 1 2 299 1 0
430181 1 3 300 2 1
430560 0 6 300 1 0
430613 1 4 301 0 0
