401859 1 2 4 4
333187 1 3 3 0
45746 1 3 3 4
401858 1 3 5 4
333188 1 4 5 0
333189 1 4 5 0
333190 1 4 5 0
559342 1 5 1 4
429161 1 5 1 3
218919 0 5 5 2
218920 0 5 5 2
429159 0 5 5 3
559343 0 5 5 4
453651 1 6 3 3
143873 1 6 3 1
142271 1 6 2 1
218918 1 6 0 2
142272 0 6 5 1
453650 0 6 5 3
430721 1 7 4 0
430722 1 7 6 0
143874 1 7 5 1
143875 1 7 5 1
430723 0 7 5 1
430724 0 7 5 1
430725 0 7 5 1
430726 0 7 5 1
213794 1 8 4 1
560548 1 8 2 3
430726 1 8 5 0
399317 1 9 4 1
454603 1 9 3 1
142453 1 9 2 3
213796 1 9 5 1
213797 1 9 5 1
213798 1 9 5 1
431117 1 10 2 1
399318 1 10 5 1
399319 1 10 5 1
431118 0 10 5 1
398135 1 11 4 1
213792 1 12 3 3
558660 1 12 2 2
398134 1 12 6 1
398136 1 12 5 1
213789 1 13 5 3
213791 1 13 5 3
398290 1 14 3 1
213793 1 14 3 1
143509 1 14 3 1
430974 1 14 2 3
398220 1 14 2 1
213794 0 14 5 1
213795 0 14 5 1
398219 0 14 5 1
398221 0 14 5 1
398222 0 14 5 1
453907 1 15 2 3
398289 1 15 5 1
398292 1 15 5 1
453906 0 15 5 3
404145 1 16 3 3
143223 1 16 3 2
398475 1 16 2 1
430595 1 16 1 1
213217 1 16 1 3
213214 0 16 5 3
213216 0 16 5 3
398135 1 16 5 0
398136 1 16 5 0
398137 1 16 5 0
398476 0 16 5 1
398477 0 16 5 1
404144 0 16 5 3
404146 0 16 5 3
143819 1 17 4 1
536228 1 17 3 2
398935 1 17 3 1
398603 1 17 2 1
143221 1 17 5 2
143222 1 17 5 2
398604 0 17 5 1
398605 0 17 5 1
398608 0 17 5 1
398936 0 17 5 1
453508 1 18 4 3
214275 1 18 4 3
143220 1 18 4 1
398480 1 18 3 1
170690 1 18 3 3
214039 1 18 2 1
142746 1 18 2 1
429981 1 18 1 1
142745 0 18 5 1
143820 1 18 5 1
214040 0 18 8 1
214042 0 18 5 1
429980 0 18 5 1
536223 1 19 3 3
431324 1 19 3 1
398959 1 19 3 1
143431 1 19 3 1
143870 1 19 2 1
143219 1 19 5 1
143222 1 19 5 1
143430 0 19 5 1
143432 0 19 5 1
143435 0 19 5 1
143868 0 19 5 1
143869 0 19 5 1
143871 0 19 5 1
398956 0 19 5 1
398958 0 19 6 1
431323 0 19 5 1
431325 0 19 5 1
431326 0 19 5 1
431327 0 19 5 1
453509 1 19 5 3
399434 1 20 3 1
213797 1 20 2 3
430534 1 20 1 3
214038 1 20 5 1
214039 1 20 5 1
399433 0 20 5 1
399435 0 20 5 1
399436 0 20 5 1
430531 0 20 5 3
430532 0 20 5 3
453565 1 21 3 1
429982 1 21 3 3
107937 1 21 3 3
452684 1 21 2 1
107936 0 21 5 3
107938 0 21 5 3
213795 1 21 5 3
213796 1 21 5 3
213798 1 21 5 3
429981 0 21 5 3
429983 0 21 5 3
452686 0 21 5 1
452687 0 21 5 1
453563 0 21 5 1
453566 0 21 5 1
453567 0 21 5 1
456102 1 22 2 3
365606 1 22 2 3
365605 0 22 5 3
365607 0 22 5 3
398957 0 22 5 1
398959 0 22 5 1
398960 0 22 5 1
398961 0 22 5 1
428662 1 23 3 2
399582 1 23 3 1
398056 1 23 2 1
397722 1 23 1 1
143221 1 23 1 1
143219 0 23 5 1
143224 0 23 5 1
397724 0 23 5 1
398958 0 23 5 1
398959 0 23 5 1
399583 0 23 5 1
454075 1 24 3 1
430127 1 24 2 1
398058 1 24 5 1
454076 0 24 5 1
431327 0 25 24 3
398582 1 25 3 3
398583 0 25 5 3
452686 1 26 3 1
398626 1 26 3 1
398395 1 26 3 1
97926 1 26 2 3
83778 1 26 1 3
83776 0 26 5 3
83777 0 26 5 3
97923 0 26 5 3
97925 0 26 5 3
398627 0 26 5 1
398630 0 26 5 1
431323 1 26 5 3
431324 1 26 5 3
452684 0 26 5 1
452685 0 26 5 1
452687 0 26 5 1
399594 1 27 3 1
453566 1 27 2 2
430530 1 27 2 4
398394 1 27 5 1
453563 0 27 5 2
398432 1 28 3 1
430089 1 28 2 1
430238 1 28 1 1
398433 0 28 5 1
398434 0 28 5 1
430239 0 28 5 1
430128 1 29 3 3
20618 1 29 2 3
20619 0 29 5 3
430088 1 29 5 1
430091 1 29 5 1
430129 0 29 5 3
397849 1 30 2 0
430002 1 30 1 1
430001 0 30 5 1
398397 1 31 4 3
430240 1 31 3 3
398908 1 31 2 3
218249 1 31 2 3
398910 1 31 1 1
218246 0 31 5 3
218247 0 31 5 3
397851 1 31 5 0
398907 0 31 5 3
398912 0 31 5 1
398913 0 31 5 1
430238 0 31 5 3
430239 0 31 5 3
430241 0 31 5 3
12766 1 32 3 3
430235 1 32 2 1
398395 1 32 5 3
398396 1 32 5 3
430234 0 32 5 1
430236 0 32 5 1
398831 1 33 2 0
397234 1 33 2 1
398832 0 33 5 0
398833 0 33 5 0
398835 0 33 5 0
320451 1 34 3 1
399562 1 34 2 1
84855 1 34 1 3
84856 0 34 5 3
397199 0 34 5 3
397235 1 34 5 1
398221 1 35 2 1
398219 0 35 5 1
398220 0 35 5 1
398222 0 35 5 1
398223 0 35 5 1
399560 1 35 5 1
399561 1 35 5 1
399563 1 35 5 1
431315 1 36 1 1
431316 0 36 5 1
509633 1 39 3 3
217700 1 40 2 3
217699 0 40 5 3
509634 1 40 5 3
397268 1 41 3 1
397267 0 41 5 1
397269 0 41 5 1
97122 1 42 2 0
80342 1 42 2 3
397521 1 42 1 1
80343 0 42 5 3
397519 0 42 5 1
397520 0 42 5 1
397522 0 42 5 1
397523 0 42 5 1
98997 1 43 2 0
431316 1 44 3 3
398278 1 44 3 1
281995 1 44 3 3
398277 1 44 6 1
397183 1 44 2 1
398028 1 44 1 3
98996 1 44 5 0
98998 1 44 5 0
397182 0 44 5 1
397184 0 44 5 1
397185 0 44 5 1
398276 0 44 5 1
398279 0 44 5 1
97131 0 45 7 3
97129 0 45 5 3
281990 1 45 5 3
281992 1 45 5 3
281993 1 45 5 3
398276 1 45 5 1
398280 1 45 5 1
398738 1 46 4 1
397176 1 46 1 2
397173 0 46 5 2
397853 1 47 3 1
397221 1 47 3 1
97130 1 47 2 3
97129 0 47 5 3
397223 0 47 5 1
397854 0 47 5 1
397856 0 47 5 1
397857 0 47 5 1
398737 1 47 5 1
398463 1 48 2 1
397461 1 48 2 1
397462 0 48 5 1
398461 0 48 5 1
398462 0 48 5 1
398464 0 48 5 1
398595 1 50 3 2
398254 1 50 3 1
399165 1 50 2 1
397185 1 50 2 3
397182 0 50 5 3
397183 0 50 5 3
397184 0 50 5 3
399163 0 50 5 1
399166 0 50 5 1
399167 0 50 5 1
399168 0 50 5 1
399169 0 50 5 1
399449 1 51 4 1
399690 1 51 3 3
399184 1 51 3 1
398820 1 51 2 1
397855 1 51 2 1
397853 0 51 5 1
397856 0 51 5 1
398253 1 51 5 1
398256 1 51 5 1
398822 0 51 5 1
399182 0 51 5 1
399183 0 51 5 1
399186 0 51 5 1
399686 0 51 5 3
399687 0 51 5 3
398074 1 52 2 1
399450 1 52 5 1
399453 1 52 5 1
399454 1 52 5 1
398231 1 53 3 3
97747 1 53 3 3
374752 1 53 2 0
97656 1 53 2 2
97654 0 53 5 2
97655 0 53 5 2
97745 0 53 5 3
97746 0 53 5 3
398073 1 53 5 1
398076 1 53 5 1
398077 1 53 5 1
397852 1 54 4 0
398592 1 54 2 1
398824 1 54 1 1
398825 0 54 5 1
398827 0 54 5 1
398840 1 55 2 1
398257 1 55 2 3
398229 1 55 2 3
399164 1 55 1 1
397853 1 55 5 0
397854 1 55 5 0
398225 0 55 5 3
398226 0 55 6 3
398227 0 55 5 3
398228 0 55 5 3
398252 0 55 5 3
398253 0 55 5 3
398254 0 55 5 3
398255 0 55 5 3
398593 1 55 5 1
398595 1 55 5 1
398838 0 55 5 1
398839 0 55 5 1
398841 0 55 5 1
399168 0 55 5 1
399169 0 55 5 1
399167 1 56 2 2
397174 1 56 2 1
397175 0 56 5 1
399163 0 56 5 2
399169 0 56 5 2
398962 1 58 3 4
398304 1 58 3 1
399451 1 58 2 1
399453 1 58 1 3
398229 0 58 5 1
398963 0 58 5 4
399452 0 58 5 1
399454 0 58 5 1
399449 0 58 5 3
399160 0 59 12 2
398208 1 59 3 1
399417 1 59 2 1
398223 1 59 2 3
81025 1 59 2 3
349403 1 59 1 2
81026 0 59 5 3
398219 0 59 6 3
398221 0 59 5 3
398224 0 59 5 3
398302 1 59 5 1
398303 1 59 5 1
398305 1 59 5 1
399416 0 59 5 1
399418 0 59 5 1
399419 0 59 6 1
398298 1 60 4 1
522470 1 60 3 3
398811 1 60 2 4
243526 1 60 1 3
243523 0 60 5 3
243524 0 60 5 3
398209 1 60 5 1
398210 1 60 5 1
398211 1 60 5 1
399161 1 60 5 2
522467 0 60 5 3
398369 1 61 2 1
398296 1 61 5 1
398300 1 61 5 1
457842 1 62 3 3
398073 1 62 3 1
397555 1 62 3 1
397454 1 62 2 4
398075 0 62 5 1
398076 0 62 5 1
398220 0 62 5 0
398370 1 62 5 1
399416 0 62 5 3
399417 0 62 5 3
399418 0 62 5 3
457840 0 62 5 3
457841 0 62 5 3
399423 1 63 2 0
116416 1 63 2 3
397556 1 63 5 1
398638 1 64 4 3
398371 1 64 3 3
398369 0 64 5 3
398370 0 64 5 3
399424 1 64 5 0
399573 1 65 2 3
398636 1 65 5 3
398637 1 65 5 3
398639 1 65 5 3
546817 1 66 3 3
397218 1 66 1 1
29418 1 66 1 3
29417 0 66 5 3
397219 0 66 5 1
546812 0 66 5 3
546816 0 66 5 3
116415 1 67 2 3
398224 1 67 1 3
116414 0 67 5 3
116416 0 67 5 3
398219 0 67 5 3
398220 0 67 5 3
398221 0 67 5 3
398222 0 67 5 3
397950 1 69 3 3
397684 1 69 3 2
29365 1 69 3 4
29364 0 69 5 4
397945 0 69 5 3
397947 0 69 5 3
397949 0 69 5 3
399045 1 70 2 2
399043 0 70 5 2
397714 1 72 4 1
18418 1 72 3 3
18416 0 72 5 3
18417 0 72 5 3
399042 1 73 2 3
397683 1 73 1 2
397682 0 73 5 2
397684 0 73 5 2
397713 1 73 5 1
397716 1 73 5 1
397717 1 73 5 1
62993 1 75 3 3
62994 1 79 2 3
62993 0 79 5 3
398455 1 80 2 3
398454 0 80 5 3
398456 0 80 5 3
397712 0 82 5 3
397713 0 82 5 3
397715 0 82 5 3
398455 1 82 5 0
398456 1 82 5 0
215154 1 83 3 3
215153 0 83 5 3
397318 1 85 3 0
157449 1 85 3 3
397715 0 85 5 3
397716 0 85 5 3
398330 1 86 2 1
398331 0 86 5 1
398332 0 86 5 1
260749 1 87 3 3
215151 0 87 6 1
215152 0 87 5 3
260750 0 87 5 3
215119 1 88 4 1
167857 1 88 3 3
215149 1 88 1 1
215150 0 88 5 1
215152 0 88 5 1
157450 1 89 3 4
22806 1 89 3 3
247829 1 89 2 3
215118 1 89 5 1
247827 0 89 5 3
247828 0 89 5 3
214914 1 90 3 1
399193 1 90 2 1
215584 1 90 2 1
214916 0 90 5 1
215582 0 90 5 1
215585 0 90 5 1
215586 0 90 5 1
215587 0 90 5 1
399194 0 90 5 1
399195 0 90 5 1
215279 1 91 2 1
215277 0 91 5 1
215278 0 91 5 1
215280 0 91 5 1
215281 0 91 5 1
398411 1 92 1 3
215386 1 92 1 3
462200 1 93 3 3
215513 1 93 2 1
215590 1 93 1 3
215518 0 93 5 1
215589 0 93 5 3
215591 0 93 5 3
462198 0 93 5 3
462201 0 93 5 3
216148 1 94 2 1
216147 0 94 5 1
350546 1 95 3 3
214529 0 95 5 1
214532 0 95 5 1
214534 0 95 5 1
215277 0 95 5 2
215280 0 95 5 2
175573 1 96 3 3
552899 1 96 2 3
399537 1 96 2 1
215514 1 96 2 1
215089 1 96 2 1
534815 1 96 1 3
214531 1 96 1 1
215087 0 96 5 1
215091 0 96 5 1
215092 0 96 5 1
215515 0 96 5 1
215516 0 96 5 1
215517 0 96 5 1
399538 0 96 5 1
399539 0 96 5 1
534813 0 96 5 3
215249 1 97 2 1
215250 0 97 5 1
215251 0 97 5 1
216140 1 98 3 1
214510 1 98 1 1
71471 1 98 1 3
71467 0 98 5 3
71469 0 98 5 3
71470 0 98 5 3
216136 0 98 5 1
216138 0 98 5 1
216141 0 98 5 1
215810 1 99 4 3
399147 1 99 2 1
216193 1 99 1 1
216152 1 99 1 2
216191 0 99 5 1
216192 0 99 5 1
216194 0 99 5 1
216196 0 99 5 1
399148 0 99 5 1
399149 0 99 5 1
214837 1 100 3 1
215969 1 100 2 1
214839 0 100 5 1
214840 0 100 5 1
214842 0 100 5 1
215087 0 100 5 1
215088 0 100 5 1
215809 1 100 5 3
215970 0 100 5 1
215971 0 100 5 1
214964 1 101 3 1
214565 1 101 3 1
215247 1 101 2 3
214566 0 101 5 1
214568 0 101 5 1
214840 0 101 5 1
214967 0 101 5 1
215248 0 101 5 3
399539 1 102 2 3
215898 1 102 2 3
215785 1 102 2 1
215787 0 102 5 1
215897 0 102 5 3
399537 0 102 5 3
399538 0 102 5 3
215929 1 103 3 1
399146 1 103 2 1
215816 1 103 2 3
214892 1 103 2 2
215814 0 103 5 3
399147 0 103 5 1
399148 0 103 5 1
216141 1 104 3 3
215930 1 104 3 1
214836 1 104 3 1
214712 1 104 3 3
215815 1 104 2 3
215092 1 104 2 3
214893 1 104 2 3
214709 0 104 5 3
214710 0 104 5 3
214837 0 104 5 1
214839 0 104 5 1
214840 0 104 5 1
214842 0 104 5 1
214891 0 104 5 3
215814 0 104 5 3
216136 0 104 5 3
216137 0 104 5 3
216138 0 104 5 3
216139 0 104 5 3
216140 0 104 5 3
215306 1 105 3 1
215932 1 105 5 1
308030 1 106 2 3
215607 1 106 1 1
215246 1 106 1 3
215247 0 106 5 3
215248 0 106 5 3
215307 1 106 5 1
215308 1 106 5 1
215609 0 106 5 1
308029 0 106 5 3
215895 1 107 1 1
215893 0 107 5 1
215894 0 107 5 1
215897 0 107 5 1
215898 0 107 5 1
214889 1 108 3 1
215923 1 108 2 3
215663 1 108 1 1
214711 0 108 5 1
214712 0 108 5 1
214890 0 108 5 1
214891 0 108 5 1
214892 0 108 5 1
214893 0 108 5 1
215662 0 108 5 1
215668 0 108 5 1
215920 0 108 5 3
215921 0 108 5 3
216115 1 109 3 1
214764 1 109 2 3
308028 1 109 1 3
308026 0 109 5 3
308027 0 109 5 3
264630 1 110 2 2
215617 1 110 2 1
215223 1 110 2 1
215224 0 110 5 1
215226 0 110 5 1
215619 0 110 5 1
216116 1 110 5 1
216117 1 110 5 1
264628 0 110 5 2
264629 0 110 5 2
195853 1 111 4 3
215924 1 111 3 3
214749 1 111 3 1
215343 1 111 2 1
214748 0 111 5 1
214751 0 111 5 1
215342 0 111 5 1
215345 0 111 5 1
215920 0 111 5 3
215921 0 111 5 3
215922 0 111 5 3
215620 1 112 3 3
214800 1 112 3 3
216056 1 112 2 1
215618 1 112 2 1
195851 1 112 5 3
195852 1 112 5 3
215619 0 112 5 3
214799 1 113 5 3
214630 1 114 3 1
215802 0 114 6 1
215330 1 114 2 1
215666 1 114 1 1
214631 0 114 5 1
214633 0 114 5 1
215326 0 114 5 1
215328 0 114 5 1
215332 0 114 5 1
215663 0 114 5 1
215665 0 114 5 1
215667 0 114 5 1
215668 0 114 5 1
215800 0 114 5 1
215801 0 114 5 1
215803 0 114 5 1
216169 1 115 2 1
215666 0 115 5 3
215803 0 115 5 1
216171 0 115 5 1
215653 1 116 3 4
216057 1 116 2 1
215662 1 116 1 1
215652 0 116 5 4
215663 0 116 5 1
215665 0 116 5 1
215666 0 116 5 1
215667 0 116 5 1
216056 0 116 5 1
216058 0 116 5 1
216059 0 116 5 1
215952 1 117 3 1
215853 1 117 3 1
215329 0 117 5 1
215331 0 117 5 1
215852 0 117 5 1
215854 0 117 5 1
215956 0 117 5 1
215010 1 118 4 0
215228 1 118 2 3
215127 1 118 2 1
214632 0 118 5 1
214633 0 118 5 1
215126 0 118 5 1
215398 1 119 3 1
216094 1 119 2 2
215011 1 119 5 0
216095 0 119 5 2
215327 1 120 3 1
215065 1 120 3 1
490414 1 120 2 3
215861 1 120 1 1
215328 0 120 5 1
215329 0 120 5 1
215330 0 120 5 1
215331 0 120 5 1
215332 0 120 5 1
215397 1 120 5 1
490412 0 120 5 3
490413 0 120 5 3
215863 1 121 1 3
215404 1 121 1 3
215063 1 121 5 1
215066 1 121 5 1
215403 0 121 5 3
215405 0 121 6 3
215860 0 121 5 3
215861 0 121 5 3
215888 1 122 2 1
214953 1 122 2 4
215890 0 122 5 1
215891 0 122 5 1
215892 0 122 5 1
216017 1 123 4 1
214773 1 123 3 1
216166 1 123 2 3
215715 1 123 2 1
214990 1 123 2 1
214723 1 123 2 1
214560 1 123 2 3
6932 1 123 2 2
215400 1 123 1 3
6931 0 123 5 2
214724 0 123 5 1
214725 0 123 5 1
214774 0 123 5 1
215397 0 123 5 3
215398 0 123 5 3
215399 0 123 5 3
216165 0 123 5 3
215392 1 124 3 1
214590 1 124 3 1
216168 1 124 2 0
215571 1 124 1 1
214776 1 124 1 1
214589 0 124 5 1
214593 0 124 5 1
214777 0 124 5 1
214778 0 124 5 1
214781 0 124 5 1
214993 1 124 5 1
215402 0 124 5 3
215403 0 124 5 3
216018 1 124 5 1
216020 1 124 5 1
216021 1 124 5 1
216170 0 124 5 0
216171 0 124 5 0
216070 1 125 3 1
219716 1 126 3 3
216003 1 126 3 3
130768 1 126 3 2
215901 1 126 2 1
215837 1 126 2 1
215393 1 126 2 3
215188 1 126 2 1
215189 0 126 5 1
215190 0 126 5 1
215838 0 126 5 1
215903 0 126 5 1
216001 0 126 5 3
216002 0 126 5 3
216072 1 126 5 1
216073 1 126 5 1
161387 0 127 13 3
215716 1 127 2 1
215715 0 127 5 1
219717 1 127 5 3
214595 0 128 8 0
215839 1 128 2 3
214562 1 128 2 2
193319 1 128 2 2
214477 1 128 1 1
161386 1 128 5 3
214478 0 128 6 1
214563 0 128 5 2
215838 0 128 5 3
215187 1 129 2 1
214706 1 129 2 3
214596 1 129 5 1
214598 1 129 5 1
214707 0 129 5 3
215189 0 129 5 1
216174 1 130 3 3
214476 1 130 1 1
214475 0 130 5 1
214478 0 130 5 1
214479 0 130 5 1
216173 0 130 5 3
216175 0 130 5 3
214594 1 131 3 0
110053 1 131 3 3
110054 0 131 5 3
214967 1 132 3 1
215587 1 132 2 3
214475 1 132 5 3
214477 1 132 5 3
214479 1 132 5 3
214963 1 133 5 1
214964 1 133 5 1
214965 1 133 5 1
214968 1 133 5 1
215583 1 133 5 3
215585 1 133 5 3
490476 1 134 2 2
307156 1 134 2 2
193323 1 134 2 2
307157 0 134 5 2
307158 0 134 5 2
307159 0 134 5 2
490473 0 134 5 2
215842 1 135 3 1
215368 0 135 7 0
240380 1 136 3 2
80376 1 136 3 3
215367 1 136 5 0
215369 1 136 5 0
215373 1 136 6 0
215843 1 136 5 1
215845 1 136 5 1
240377 0 136 5 2
240378 0 136 5 2
240379 0 136 5 2
307156 0 136 5 3
307158 0 136 5 3
153662 1 137 3 3
490474 1 137 1 0
215750 1 137 1 3
80377 1 137 5 3
215369 0 137 5 0
215372 0 137 5 0
215373 0 137 5 0
215748 0 137 5 3
215751 0 137 5 3
490475 0 137 5 0
490476 0 137 5 0
490479 1 138 3 2
215844 1 138 3 3
490478 1 138 2 0
215068 1 138 2 1
215069 0 138 5 1
215070 0 138 5 1
215071 0 138 5 1
215843 0 138 5 3
490477 0 138 5 0
19553 1 139 3 3
215375 1 139 2 1
215369 0 139 5 3
215370 0 139 5 3
215371 0 139 5 3
215372 0 139 5 3
215374 0 139 5 1
215377 0 139 5 1
490480 0 139 5 0
490473 1 140 3 0
19554 1 140 5 3
214537 1 141 2 1
215823 1 141 1 1
214539 0 141 5 1
215367 0 141 5 1
215368 0 141 5 1
215369 0 141 5 1
215371 0 141 5 1
215822 0 141 5 1
215826 0 141 5 1
490475 1 141 5 0
490476 1 141 5 0
215365 1 142 2 4
154636 1 146 3 1
337448 1 146 1 1
337449 0 146 5 1
337450 0 146 5 1
337652 1 147 3 3
154637 1 147 5 1
154638 1 147 5 1
336863 1 149 1 1
336865 0 149 5 1
338573 1 150 3 1
338572 0 150 5 1
338575 0 150 5 1
338576 0 150 5 1
338577 0 150 5 1
215329 1 151 3 1
215326 0 151 5 1
215331 0 151 5 1
337763 1 153 2 1
215468 1 153 2 1
215057 1 153 1 1
215058 0 153 5 1
215059 0 153 5 1
215470 0 153 5 1
337764 0 153 5 1
215583 1 154 2 1
338199 1 154 1 1
215584 0 154 5 1
215585 0 154 5 1
215586 0 154 5 1
338200 0 154 5 1
338202 0 154 5 1
215551 1 155 2 1
215553 0 155 5 1
215554 0 155 5 1
338203 0 155 5 1
337651 1 157 2 3
337647 0 157 5 3
337842 1 158 2 1
337844 0 158 5 1
337846 0 158 5 1
338618 1 159 2 1
214818 1 159 2 1
338619 0 159 5 1
337177 1 160 3 4
338201 1 160 1 1
338200 0 160 5 1
338203 0 160 5 1
338375 1 162 3 1
338653 1 163 2 3
338098 1 163 2 1
337508 1 163 1 1
337509 0 163 5 1
337510 0 163 5 1
338099 0 163 5 1
338100 0 163 5 1
338101 0 163 5 1
338102 0 163 5 1
338654 0 163 5 3
338655 0 163 5 3
338333 1 164 2 1
337351 1 164 2 1
337350 0 164 5 1
338334 0 164 5 1
338335 0 164 5 1
338071 1 165 3 1
337067 1 165 2 1
337069 0 165 5 1
337070 0 165 5 1
338073 0 165 5 1
338074 0 165 5 1
338743 1 166 4 1
337531 1 166 4 1
338308 1 166 3 1
337389 1 166 3 1
338550 1 166 2 1
338010 1 166 1 1
337390 0 166 5 1
338102 0 166 5 1
338307 0 166 5 1
338311 0 166 5 1
338011 1 167 2 1
337469 1 167 1 1
337471 0 167 5 1
337532 1 167 5 1
338741 1 167 6 1
338742 1 167 5 1
338182 1 168 3 1
337239 1 168 3 1
338101 1 168 2 3
337863 1 168 1 1
337864 0 168 5 1
338099 0 168 5 3
338102 0 168 5 3
338183 0 168 5 1
338184 0 168 5 1
338185 0 168 5 1
338186 0 168 5 1
345723 1 169 3 2
338677 1 169 3 1
337514 1 169 3 2
337018 1 169 3 1
338362 1 169 2 1
336846 1 169 1 2
336848 0 169 5 2
337017 0 169 5 1
337021 0 169 5 1
337240 1 169 5 1
337511 0 169 5 2
337513 0 169 5 2
337516 0 169 5 2
338361 0 169 5 1
338363 0 169 5 1
338365 0 169 5 1
345722 0 169 5 2
338317 1 170 2 3
338014 1 170 2 3
338078 1 170 1 1
338074 1 170 1 3
338071 0 170 5 3
338073 0 170 5 3
338313 0 170 5 3
338315 0 170 5 3
338316 0 170 5 3
338742 0 170 5 0
338743 0 170 5 0
338744 0 170 5 0
337395 1 171 3 1
338312 1 171 2 3
214814 1 171 2 2
214816 0 171 5 2
337394 0 171 6 1
338013 1 171 5 3
338308 0 171 5 3
338309 0 171 5 3
337391 1 172 3 3
337160 1 172 3 1
336852 1 172 3 3
336849 0 172 5 3
336851 0 172 5 3
337158 0 172 5 1
337162 0 172 5 1
337389 0 172 5 3
337390 0 172 5 3
477189 1 173 2 2
338360 1 173 2 1
338152 1 173 2 4
337123 1 173 2 3
338581 1 173 1 3
337120 0 173 5 3
337159 0 173 5 1
337511 0 173 5 3
337513 0 173 5 3
338151 0 173 5 4
338153 0 173 5 4
338362 0 173 5 1
338363 0 173 5 1
338579 0 173 5 3
477191 0 173 5 2
337706 1 174 3 1
259105 1 174 2 3
338299 1 174 1 1
259106 0 174 5 3
259107 0 174 5 3
337395 0 174 5 1
337707 0 174 5 1
337708 0 174 5 1
337512 1 175 3 1
337157 1 175 3 0
337811 1 175 2 1
336854 1 175 2 1
337396 1 175 1 3
336853 0 175 5 1
336855 0 175 5 1
337159 0 175 5 0
337162 0 175 5 0
337394 0 175 5 3
337513 0 175 5 1
337514 0 175 5 1
337515 0 175 5 1
338110 1 176 3 1
336850 1 176 2 2
336852 0 176 5 2
337813 1 176 5 1
337814 1 176 5 1
337812 1 177 3 1
337191 1 177 3 1
337194 0 177 5 1
337811 0 177 5 1
337813 0 177 5 1
338111 1 177 5 1
338112 1 177 5 1
336895 1 178 2 1
336894 0 178 5 1
338729 0 180 5 1
338728 0 180 5 1
338148 1 180 2 1
338727 0 180 5 3
338149 0 180 5 1
338150 0 180 5 1
338726 0 180 5 1
338730 0 180 5 1
338728 0 180 5 3
338730 0 180 5 3
338592 0 181 7 3
337212 1 181 3 1
338420 1 181 1 1
338277 1 181 1 1
338276 0 181 5 1
338278 0 181 5 1
338280 0 181 5 1
338422 0 181 5 1
338593 0 181 5 1
338554 1 182 2 2
337211 1 182 5 1
337213 1 182 5 1
338646 1 183 3 1
338645 0 183 5 1
338648 0 183 5 1
128491 1 184 4 2
336898 1 184 3 4
338403 1 184 1 1
338356 1 184 1 1
338355 0 184 5 1
338401 0 184 5 1
338402 0 184 5 1
338404 0 184 5 1
338405 0 184 5 1
338406 0 184 5 1
337238 1 185 3 1
475698 1 185 2 2
338814 1 185 2 1
338663 1 185 2 1
338183 1 185 2 1
338636 1 185 1 1
337239 0 185 5 1
338186 0 185 5 1
338634 0 185 8 1
338637 0 185 5 1
338638 0 185 5 1
475700 0 185 5 2
338341 1 186 3 1
338657 1 186 2 1
338547 1 186 1 3
337844 1 186 1 1
337842 0 186 5 1
338548 0 186 5 3
214072 1 187 3 3
339691 1 187 2 3
337936 1 187 2 3
338342 1 187 5 1
338343 1 187 5 1
338635 1 187 5 0
338636 1 187 5 0
338637 1 187 5 0
338638 1 187 5 0
338629 1 188 2 1
337211 1 188 1 1
337212 0 188 5 1
337213 0 188 5 1
337214 0 188 5 1
338627 0 188 5 1
338630 0 188 5 1
338631 0 188 5 1
338628 1 189 3 1
337099 1 189 2 1
337098 0 189 5 1
337100 0 189 5 1
337097 1 190 2 4
337024 1 190 2 4
337025 0 190 5 4
337095 0 190 5 4
337096 0 190 5 4
338627 1 190 5 1
340033 1 191 3 0
338405 1 191 2 1
339689 1 191 1 0
339690 0 191 5 0
340035 0 191 5 0
214071 1 192 3 1
338638 1 192 1 3
338634 0 192 5 3
337089 1 193 3 3
317864 1 193 3 3
337745 1 193 2 1
337743 0 193 5 1
337744 0 193 5 1
337747 0 193 5 1
337748 0 193 5 1
338629 0 193 5 0
338631 0 193 5 0
338519 1 194 2 1
338518 1 195 5 1
338520 1 195 5 1
338521 1 195 5 1
338522 1 195 5 1
317854 1 196 3 1
213206 1 196 2 4
213205 0 196 5 4
213207 0 196 5 4
317855 0 196 5 1
213823 1 197 3 3
213821 0 197 5 3
213824 0 197 5 3
336949 1 199 2 1
336948 0 199 5 1
336952 0 199 5 1
337322 1 200 3 1
317853 1 201 2 1
317854 0 201 5 1
317855 0 201 5 1
317856 0 201 5 1
317857 0 201 5 1
337323 1 201 5 1
337324 1 201 5 1
337050 1 202 3 1
337054 0 202 5 1
338676 1 203 1 1
317503 1 204 3 1
317506 1 205 5 1
318583 1 207 2 1
338645 1 207 1 1
338644 0 207 6 1
317221 1 209 3 1
317223 0 209 5 1
318714 1 210 1 4
318712 0 210 5 4
338645 0 210 5 1
338648 0 210 5 1
318714 0 211 5 1
317495 1 214 2 4
317501 1 214 1 3
317502 0 214 5 3
317231 1 217 2 3
317230 0 217 5 3
317232 0 217 5 3
8733 1 221 2 3
8735 0 221 5 3
