5882 0 6 6 3 1
49186 1 2 6 3 0
114826 1 3 6 0 0
133738 0 6 6 3 0
189712 1 3 6 4 0
223274 1 2 6 1 0
252671 1 4 6 3 0
290155 0 6 6 3 0
342984 0 6 6 3 0
376202 1 5 6 2 1
387689 1 3 6 4 0
419736 0 6 6 4 0
431278 0 6 6 3 1
439280 0 6 6 3 0
451137 1 5 6 1 0
458382 0 6 6 1 0
459233 1 3 6 4 1
473573 0 6 6 4 1
492557 0 6 6 3 0
222932 1 4 7 1 0
223044 0 6 7 1 0
431277 0 6 7 1 1
113510 0 6 8 0 0
223275 0 6 8 3 0
439270 1 3 8 3 0
458381 0 6 8 1 0
114053 1 3 9 0 0
210361 1 4 9 3 0
222645 0 6 9 1 1
223493 1 3 9 1 0
49184 0 6 10 0 0
201031 1 3 10 3 1
223273 0 6 10 1 0
223531 0 6 10 1 0
402058 0 6 10 2 0
431279 1 3 10 3 0
222933 0 6 11 1 1
223494 0 6 11 1 0
439936 0 6 11 4 1
458385 0 6 11 2 0
517849 0 6 11 3 0
113511 0 6 12 1 0
115025 1 3 12 4 1
210356 0 6 12 0 0
222150 0 6 12 1 0
222644 1 2 12 1 0
511301 0 6 12 3 0
222152 1 2 13 3 0
222676 0 6 13 1 0
223005 0 6 13 1 0
223227 0 6 13 4 0
114418 0 6 14 4 0
201030 1 3 14 3 0
222647 0 6 14 1 0
431275 0 6 14 2 0
479744 0 6 14 3 0
221615 0 6 15 1 0
222702 0 6 15 1 0
439937 0 6 15 4 1
114070 1 3 16 1 0
222659 0 6 16 3 0
222677 0 6 16 3 0
479742 1 3 16 1 0
3435 1 4 17 3 0
222151 1 3 17 3 0
221977 0 6 18 2 1
222809 0 6 18 3 0
115059 0 6 19 1 0
222013 0 6 19 1 0
222592 0 6 19 1 0
479743 0 6 19 2 0
221514 1 3 20 1 1
222586 0 6 20 1 0
222958 0 6 20 1 0
223583 1 3 20 1 0
115058 0 6 21 0 0
221513 1 4 21 1 0
222012 0 6 21 1 0
222116 0 6 21 1 0
222678 1 4 21 3 0
222959 1 3 21 1 0
223028 0 6 21 1 0
221669 1 4 22 1 0
222507 0 6 22 1 1
222625 0 6 22 3 0
223032 1 2 22 3 0
223393 1 3 22 1 0
115061 1 3 23 3 0
157217 1 4 23 3 0
221492 0 6 23 4 1
221730 1 4 23 1 0
222010 1 4 23 1 0
222627 0 6 23 1 0
222830 0 6 23 3 1
171782 0 6 24 3 0
222226 0 6 24 1 0
222588 0 6 24 1 0
222596 1 4 24 3 0
223089 0 6 24 1 0
223316 0 6 24 4 0
223392 0 6 24 1 0
223556 0 6 24 1 0
332614 0 6 24 2 0
44655 1 4 25 3 0
221515 0 6 25 1 0
221648 0 6 25 1 0
221689 1 3 25 3 0
222078 1 3 25 1 0
222235 0 6 25 4 0
222392 1 3 25 3 0
222444 1 3 25 1 0
222629 1 4 25 3 0
222646 1 4 25 1 0
222944 0 6 25 3 0
222956 0 6 25 1 0
222960 1 4 25 1 0
223367 0 6 25 4 0
221729 0 6 26 0 0
222014 0 6 26 3 0
222420 1 5 26 1 0
222737 1 4 26 1 0
223088 1 3 26 0 0
223504 1 2 26 1 0
333292 0 6 26 4 1
203359 0 6 27 3 1
221517 0 6 27 3 0
222015 0 6 27 3 0
222571 0 6 27 4 0
222730 0 6 27 1 0
223021 1 3 27 1 0
136422 1 3 28 3 0
222011 1 3 28 1 0
222556 0 6 28 1 0
222587 0 6 28 1 0
222597 1 3 28 1 0
222741 1 2 28 4 0
202648 0 6 29 2 1
222093 1 4 29 0 0
222447 0 6 29 2 0
333002 1 3 29 4 0
350387 1 3 29 3 0
136417 1 3 30 4 0
136715 1 2 30 2 0
137139 1 4 30 4 1
221699 1 4 30 0 0
222009 0 6 30 0 1
222595 1 4 30 3 0
223312 1 5 30 1 0
223497 0 6 30 0 0
221532 0 6 31 0 0
222558 1 4 31 3 0
223314 1 5 31 2 0
223498 0 6 31 1 0
283176 0 6 31 3 0
60327 0 6 32 3 1
137138 1 2 32 4 0
222095 1 5 32 1 0
222589 1 3 32 3 0
222598 0 6 32 1 0
222740 1 4 32 4 0
223501 1 3 32 3 0
379849 0 6 32 3 0
504295 0 6 32 2 0
60328 0 6 33 3 1
222557 1 3 34 3 0
223499 1 4 34 1 0
261458 0 6 34 2 0
348579 1 4 34 3 0
221533 1 3 35 1 0
221535 0 6 35 3 0
222833 0 6 35 1 0
223435 0 6 36 0 0
223500 1 4 36 2 0
222555 0 6 37 0 0
221970 1 3 38 1 0
222053 0 6 38 1 0
379847 1 3 38 0 0
222515 1 3 39 1 0
222846 1 4 39 3 0
222850 1 3 39 1 0
223437 1 2 39 1 0
222579 0 6 40 1 0
223112 0 6 40 1 0
379848 0 6 40 0 0
221892 0 6 41 1 1
221971 0 6 41 3 0
223110 1 2 41 0 0
223198 0 6 41 1 0
223559 0 6 41 1 1
222052 0 6 42 0 0
222313 0 6 42 1 0
222510 0 6 42 0 0
222803 0 6 42 1 1
222866 1 3 42 1 0
223436 1 4 42 1 0
223453 0 6 42 1 1
379479 1 3 42 2 0
380519 1 4 42 0 1
221961 0 6 43 1 0
222115 1 2 43 1 1
222836 1 3 43 1 0
222848 0 6 43 1 0
222852 0 6 43 3 0
222855 0 6 43 1 0
222911 0 6 43 1 0
222955 0 6 43 1 0
223218 1 3 43 1 0
223387 1 4 43 1 0
221763 1 4 44 1 0
222113 0 6 44 1 0
223120 0 6 44 1 0
223439 0 6 44 3 0
380521 1 3 44 3 0
222319 1 3 45 3 0
222531 1 3 45 1 0
222585 0 6 45 3 0
222805 0 6 45 3 0
222847 1 3 45 1 0
222851 0 6 45 2 0
222918 0 6 45 3 0
222970 0 6 45 1 0
223118 1 3 45 1 1
223385 1 3 45 1 0
221486 1 2 46 1 0
221573 1 4 46 1 0
222258 0 6 46 0 0
222411 0 6 46 0 0
222699 1 4 46 1 0
222758 0 6 46 1 1
222834 1 3 46 1 0
223128 0 6 46 1 1
223343 1 3 46 4 0
380520 0 6 46 2 0
14873 0 6 47 3 0
214815 1 2 47 3 0
221762 0 6 47 1 0
222119 1 5 47 3 0
222514 0 6 47 3 0
222857 0 6 47 2 0
222916 0 6 47 1 0
223117 0 6 47 0 0
223219 1 3 47 1 0
223552 0 6 47 4 0
222114 0 6 48 1 0
222177 1 4 48 1 0
222259 0 6 48 0 0
222337 1 3 48 1 0
222982 0 6 48 1 0
223165 0 6 48 1 0
221742 1 3 49 1 0
222743 0 6 49 1 1
222802 0 6 49 1 0
222877 0 6 49 1 0
223119 1 2 49 1 0
223357 0 6 49 1 0
29889 0 6 50 3 0
145452 0 6 50 3 0
221485 0 6 50 1 1
222789 1 4 50 1 0
222801 1 3 50 1 0
214503 0 6 51 2 0
221527 0 6 51 1 0
221602 1 3 51 1 0
221740 1 5 51 1 1
222329 1 2 51 1 0
222542 1 4 51 4 0
222875 0 6 51 1 0
222876 0 6 51 1 0
222969 0 6 51 0 0
223010 1 4 51 0 0
223166 0 6 51 3 0
223522 1 3 51 1 0
221745 0 6 52 3 0
223358 0 6 52 3 1
221647 0 6 53 1 0
221743 0 6 53 1 0
222353 1 3 53 1 0
222449 0 6 53 1 0
222742 0 6 53 1 0
221914 1 2 54 3 0
222131 0 6 54 1 0
222336 0 6 54 1 0
222993 0 6 54 3 1
223056 0 6 54 3 1
223164 0 6 54 1 0
223520 1 4 54 0 0
221565 1 3 55 1 0
221896 0 6 55 1 0
222480 1 4 55 3 0
222697 0 6 55 1 1
222878 1 3 55 1 0
222971 0 6 55 1 0
223519 0 6 55 0 0
227145 0 6 55 3 0
388186 1 3 55 2 0
221739 1 3 56 0 0
222355 0 6 56 3 0
222547 0 6 56 1 0
223288 0 6 56 1 0
221744 1 4 57 3 1
221817 1 3 57 4 0
222137 0 6 57 0 0
223083 0 6 57 1 0
222445 1 3 58 1 0
222745 1 2 58 4 1
222879 0 6 58 3 0
222952 0 6 58 1 0
231443 0 6 58 1 0
221774 0 6 59 1 0
221803 1 3 59 1 0
222865 0 6 59 1 0
223548 1 3 59 1 0
491467 1 3 59 3 1
221926 0 6 60 1 0
222432 1 3 60 1 0
223254 0 6 60 1 0
231447 1 3 60 3 0
221502 0 6 61 4 0
221635 0 6 61 1 0
222134 0 6 61 1 0
222434 1 3 61 1 0
222881 1 3 61 1 0
223287 1 4 61 1 0
223549 1 4 61 3 0
231715 0 6 61 1 0
222387 1 4 62 3 0
222867 1 2 62 1 0
222921 0 6 62 1 0
223600 1 4 62 1 0
222435 0 6 63 1 0
222438 1 4 63 3 0
223277 1 3 63 1 0
222433 0 6 64 1 0
222436 1 3 64 1 0
222874 0 6 64 3 0
223280 1 3 64 4 1
223000 0 6 65 1 0
223386 1 2 65 1 0
223550 1 5 65 3 0
223601 0 6 65 3 0
221636 0 6 66 1 0
223286 1 3 66 1 1
223384 1 3 66 1 0
223397 0 6 66 1 0
222238 1 2 67 1 0
223185 1 3 67 1 0
391051 0 6 68 3 0
221632 1 3 69 3 0
222546 1 4 69 1 0
222898 0 6 69 1 0
223184 0 6 69 1 0
223186 0 6 69 3 0
221709 1 4 70 1 0
221821 0 6 70 1 0
222280 0 6 71 4 1
222755 0 6 71 1 0
222239 0 6 72 2 0
263992 0 6 72 3 0
223187 0 6 73 3 0
223334 0 6 73 1 0
222899 1 3 74 1 0
221711 0 6 75 3 0
222757 0 6 75 3 1
222767 1 3 75 3 0
221708 1 3 76 1 0
222000 0 6 76 2 0
222541 0 6 76 2 0
4504 1 3 77 2 0
185476 1 4 77 3 0
222900 1 2 77 3 0
364314 1 3 77 3 0
364406 0 6 77 2 0
221951 0 6 78 3 0
223332 0 6 78 0 0
221710 0 6 79 1 0
364313 0 6 79 1 0
222537 1 3 80 3 0
350668 1 2 80 2 0
364558 1 2 80 1 0
185747 1 4 81 3 0
306488 1 5 81 3 0
364315 1 3 81 3 1
76354 1 3 84 3 0
306486 1 3 84 1 0
306487 0 6 84 3 1
205909 0 6 85 3 0
306489 0 6 85 3 0
364879 0 6 85 1 0
308630 0 6 86 3 1
107014 1 3 88 2 0
305408 0 6 88 3 0
306134 0 6 88 1 0
305783 1 3 93 1 0
306135 0 6 93 3 0
306780 1 4 93 4 0
307117 0 6 95 3 0
305785 1 3 97 3 0
306505 1 3 97 1 0
306331 0 6 99 1 0
306829 1 3 99 1 0
306068 1 4 100 1 0
306329 0 6 100 0 0
305377 0 6 101 1 0
306443 0 6 101 3 0
306066 0 6 102 3 0
306110 0 6 103 1 1
306920 0 6 103 1 0
305170 1 4 104 1 0
305227 0 6 104 4 0
306338 1 2 104 1 0
306339 1 3 105 3 0
306104 0 6 106 1 0
306103 1 3 107 1 0
306108 0 6 107 1 0
306333 1 3 107 3 0
306337 0 6 107 1 0
306787 1 2 107 1 0
307189 1 4 108 1 0
306611 0 6 109 1 0
306952 1 3 109 3 0
306106 1 4 110 3 0
306387 1 2 110 1 0
307265 1 3 110 1 0
305320 0 6 111 1 0
306105 1 4 111 3 0
307284 1 3 111 1 0
307363 1 3 111 1 0
305380 0 6 112 1 0
306641 0 6 112 1 0
306788 0 6 112 3 0
307283 1 2 112 0 0
305863 0 6 113 1 0
306789 1 3 113 3 1
306947 0 6 113 3 0
303623 0 6 114 3 0
305275 1 3 114 1 0
306615 1 3 114 1 0
306975 0 6 114 1 0
307270 1 3 114 1 0
307288 1 4 114 1 0
299938 1 4 115 3 0
305411 0 6 115 1 0
305862 0 6 115 1 0
305873 1 3 115 1 0
305972 0 6 115 1 0
306012 1 4 115 1 0
307224 0 6 115 1 0
307280 1 3 115 3 0
307282 1 4 115 0 0
307400 0 6 115 1 0
305212 0 6 116 3 1
305861 1 2 116 3 0
306811 1 4 116 1 0
306974 0 6 116 1 0
307339 1 3 116 3 0
299937 1 2 117 3 0
305196 1 4 117 1 0
305957 0 6 117 1 0
305974 1 3 117 3 1
306020 1 3 117 1 0
306320 1 3 117 1 0
306786 1 4 117 1 0
307285 0 6 117 3 0
270559 1 4 118 2 0
305276 1 4 118 1 0
305714 1 4 118 1 0
306122 0 6 118 1 0
306445 1 4 118 1 0
307305 0 6 118 1 0
307346 0 6 118 1 0
323469 0 6 118 3 0
7393 0 6 119 2 0
305550 0 6 119 1 0
305631 0 6 119 1 0
305642 1 4 119 1 1
305857 0 6 119 1 0
305872 0 6 119 1 0
305940 1 3 119 1 0
306069 1 4 119 1 0
306124 1 3 119 1 0
306224 0 6 119 1 0
306341 0 6 119 1 0
306695 0 6 119 1 0
306812 0 6 119 1 0
306814 1 2 119 3 0
310180 0 6 119 3 0
305415 0 6 120 3 0
305632 0 6 120 1 0
305715 0 6 120 3 0
305798 1 3 120 1 0
306008 1 3 120 3 0
306010 0 6 120 1 0
306447 1 2 120 3 0
306867 1 3 120 1 0
307015 1 2 120 1 0
309425 0 6 120 4 1
323311 0 6 120 3 0
305847 1 3 121 1 0
305875 0 6 121 3 0
306022 0 6 121 3 0
306225 0 6 121 3 0
306278 0 6 121 2 1
306494 0 6 121 1 0
306976 1 3 121 1 1
307304 0 6 121 1 0
207435 0 6 122 3 0
305713 0 6 122 1 1
305734 0 6 122 1 0
305907 0 6 122 1 0
306126 1 3 122 3 0
306223 0 6 122 1 0
306279 1 2 122 2 0
306310 0 6 122 1 1
306342 0 6 122 1 0
307333 0 6 122 4 1
207431 0 6 123 1 0
256967 0 6 123 3 1
305849 1 3 123 3 0
305864 0 6 123 3 0
305931 1 3 123 1 0
306183 1 3 123 1 0
306493 0 6 123 0 0
306863 0 6 123 1 0
78010 0 6 124 3 0
185140 0 6 124 3 0
207436 1 3 124 2 0
305552 0 6 124 1 0
305799 1 3 124 1 0
306222 0 6 124 1 0
306620 0 6 124 1 0
307076 1 4 124 3 0
206219 0 6 125 3 1
207433 0 6 125 1 0
306184 1 2 125 1 0
306352 0 6 125 1 0
308434 1 2 125 3 0
335963 0 6 125 3 0
305553 0 6 126 3 0
305670 0 6 126 1 0
305797 0 6 126 1 0
305906 0 6 126 0 0
306864 0 6 126 1 0
307106 1 5 126 1 0
421080 0 6 126 3 0
206220 0 6 127 3 0
305554 1 3 127 3 0
305641 0 6 127 1 0
305793 0 6 127 3 1
306311 1 4 127 1 0
306313 1 3 127 2 0
307266 1 5 127 1 0
306261 1 4 128 0 0
306962 0 6 128 1 0
307398 1 4 128 1 0
308433 1 4 128 1 0
78008 0 6 129 1 0
305909 1 4 129 3 1
307105 1 2 129 1 1
307107 1 3 129 3 1
307216 1 2 129 1 0
305795 0 6 130 4 0
306260 0 6 130 0 0
306262 0 6 130 1 0
307030 0 6 130 1 0
207153 1 3 131 1 1
307209 1 2 131 2 1
307269 1 4 131 3 0
307399 1 4 131 1 0
307401 0 6 131 3 0
459445 1 2 131 3 0
305702 1 2 132 1 0
305806 0 6 132 4 0
306203 0 6 132 1 0
306873 1 4 132 1 0
350599 1 3 132 4 0
305809 1 3 133 3 1
306730 1 3 133 1 0
306964 1 4 133 3 0
307035 0 6 134 2 0
78468 0 6 135 1 0
306073 1 3 135 1 0
306963 1 3 135 2 0
306989 0 6 135 3 0
305601 1 3 136 1 0
306874 0 6 136 1 0
307036 0 6 136 2 0
307206 0 6 136 3 0
307208 0 6 136 2 0
305205 0 6 137 1 0
305704 1 3 137 3 0
305808 1 4 137 2 0
306875 0 6 137 3 0
305568 1 3 138 1 0
306729 0 6 138 1 0
307020 1 4 138 3 0
307267 0 6 138 1 0
29956 0 6 139 3 0
300880 0 6 139 2 0
305867 0 6 139 1 0
307080 0 6 139 1 0
494300 0 6 139 3 0
143805 1 3 140 3 0
305204 1 2 140 0 0
306609 0 6 140 3 1
307214 0 6 140 1 0
300878 0 6 141 1 0
305688 0 6 141 1 0
306790 0 6 141 1 0
307207 0 6 141 3 0
30524 0 6 142 1 0
306794 1 4 142 3 0
307215 0 6 142 1 0
30525 0 6 143 3 0
305207 0 6 143 2 0
305460 0 6 143 2 0
305705 0 6 143 1 0
306174 1 3 143 3 0
307261 0 6 143 2 0
306030 0 6 144 1 0
306370 1 3 144 1 0
306847 0 6 144 1 0
307356 1 4 144 4 0
300118 0 6 145 1 0
306766 1 2 145 4 1
306792 0 6 145 1 0
307262 0 6 145 2 0
30523 0 6 146 1 0
305251 1 4 146 2 1
307081 1 4 146 1 0
299206 0 6 147 1 0
306172 1 2 147 3 0
300117 0 6 148 1 0
305123 0 6 148 2 0
307079 1 5 148 1 0
30529 1 3 149 2 0
301032 1 3 149 1 0
306371 0 6 149 1 0
306731 0 6 149 1 0
300116 1 4 150 0 0
300504 0 6 150 4 0
300261 1 3 151 1 0
29974 0 6 152 1 0
300919 0 6 152 1 1
306925 1 2 152 1 0
307082 1 2 152 1 0
307085 1 2 152 3 0
30672 0 6 153 1 0
298256 1 5 153 4 0
298715 1 3 153 3 1
300203 1 4 153 1 0
300263 1 4 153 3 0
29976 0 6 154 3 0
298837 1 4 154 1 0
30721 1 4 155 1 0
299860 0 6 155 1 0
300204 1 3 155 1 0
300206 0 6 155 2 0
300255 0 6 155 1 0
300383 1 3 155 1 0
306820 1 3 155 1 1
30673 0 6 156 3 0
31583 0 6 156 1 0
298714 0 6 156 3 0
298869 1 3 156 1 0
299066 0 6 156 1 0
300205 0 6 156 1 0
29975 1 4 157 3 0
299622 0 6 157 1 0
299861 0 6 157 3 0
300207 1 3 157 3 0
300903 1 4 157 1 0
29931 0 6 158 4 0
29958 1 5 158 1 0
30670 1 3 158 1 0
30720 1 4 158 0 0
298649 0 6 158 1 0
298836 0 6 158 0 0
299067 1 3 158 1 0
299561 1 4 158 1 0
299818 1 4 158 1 0
300770 1 5 158 1 0
306696 1 3 158 1 0
29957 1 3 159 0 0
298650 0 6 159 3 0
298672 0 6 159 3 1
298832 0 6 159 1 0
300387 0 6 159 3 1
300517 1 2 159 1 0
300708 0 6 159 1 0
300847 0 6 159 1 0
30556 1 4 160 1 0
30624 0 6 160 0 0
30671 0 6 160 1 0
31187 0 6 160 3 0
298657 0 6 160 1 0
298746 1 4 160 1 0
299812 1 3 160 0 0
299819 0 6 160 1 0
300337 1 3 160 1 0
300525 0 6 160 1 0
301153 0 6 160 1 0
30723 0 6 161 3 0
31329 1 3 161 1 0
298652 1 3 161 4 1
298725 1 4 161 1 0
299817 0 6 161 3 0
301041 0 6 161 4 0
30560 1 3 162 3 0
31628 1 4 162 1 0
298742 0 6 162 0 0
298745 1 4 162 1 0
298752 1 2 162 0 0
299069 1 2 162 3 0
299484 0 6 162 1 0
299599 1 4 162 1 0
300520 0 6 162 3 0
300575 1 3 162 1 0
300902 1 5 162 1 0
558773 1 4 162 3 1
30722 1 3 163 3 1
31079 0 6 163 1 0
31330 1 3 163 2 0
232070 0 6 163 3 0
298743 1 4 163 1 0
298821 1 4 163 4 0
299132 0 6 163 1 0
299460 0 6 163 4 0
300336 0 6 163 1 1
301090 1 3 163 1 0
306700 0 6 163 3 0
299598 0 6 164 1 0
299814 0 6 164 1 0
299949 0 6 164 1 0
300335 0 6 164 1 0
300339 1 3 164 3 0
300511 0 6 164 1 0
300515 1 4 164 3 0
300533 0 6 164 1 0
300683 1 4 164 1 0
300798 0 6 164 1 0
301093 0 6 164 3 0
301204 0 6 164 3 0
30940 0 6 165 1 0
31186 0 6 165 1 0
31630 1 3 165 2 0
298756 0 6 165 1 0
299816 0 6 165 3 0
300064 0 6 165 1 0
300806 1 4 165 1 0
513423 1 4 165 2 0
29865 1 4 166 3 1
298726 0 6 166 3 0
299480 1 3 166 0 0
300354 1 2 166 3 0
300745 0 6 166 1 0
301091 1 2 166 1 1
301132 1 3 166 1 0
308515 1 4 166 2 0
29869 0 6 167 1 0
31081 0 6 167 1 0
123031 1 4 167 2 0
298844 1 2 167 1 0
299485 0 6 167 3 0
299597 0 6 167 1 0
300513 0 6 167 3 0
300659 1 2 167 1 0
300727 1 4 167 1 0
300805 1 3 167 4 1
301003 0 6 167 1 0
30941 1 2 168 1 0
31221 0 6 168 1 0
298817 0 6 168 1 0
299229 1 3 168 1 0
300139 0 6 168 1 0
300499 1 3 168 4 0
301006 1 2 168 3 0
20631 0 6 169 3 0
29866 1 3 169 3 0
30190 1 5 169 1 1
298820 0 6 169 3 0
299474 1 3 169 3 0
299813 1 2 169 1 0
300665 0 6 169 3 0
299434 0 6 170 1 0
299602 1 4 170 3 1
299682 0 6 170 1 0
300660 0 6 170 1 0
300664 1 3 170 3 0
29999 1 3 171 1 0
298708 0 6 171 1 0
299221 0 6 171 3 0
299488 1 4 171 1 0
299736 0 6 171 1 0
299754 0 6 171 1 0
300971 0 6 171 3 0
424683 1 4 171 3 0
29943 0 6 172 1 0
30098 1 2 172 1 0
298818 0 6 172 1 0
299994 0 6 172 1 0
300658 1 2 172 0 0
300666 0 6 172 1 0
301007 1 3 172 3 0
30099 0 6 173 1 0
30193 1 4 173 3 0
299220 0 6 173 1 0
299487 0 6 173 0 1
299706 1 4 173 1 0
299823 1 3 173 4 0
299824 0 6 173 1 0
299993 1 3 173 0 0
300007 1 2 173 3 0
30464 1 3 174 1 0
31075 1 3 174 1 0
237971 1 2 174 3 0
299139 0 6 174 1 0
299288 0 6 174 1 0
299493 0 6 174 3 0
299681 0 6 174 1 0
299705 0 6 174 1 0
300663 0 6 174 2 0
338942 1 2 174 3 0
344054 0 6 174 3 0
4927 1 4 175 3 0
29944 1 4 175 2 1
29995 1 3 175 1 0
30007 0 6 175 1 0
30652 1 3 175 1 0
31588 0 6 175 1 0
298711 1 4 175 3 0
299007 1 4 175 1 0
299277 0 6 175 1 0
299756 0 6 175 3 1
299997 0 6 175 3 0
30072 1 4 176 3 0
30788 0 6 176 1 0
298963 1 2 176 1 0
299079 0 6 176 1 0
299290 0 6 176 3 0
299446 0 6 176 1 0
299729 0 6 176 1 0
300542 1 3 176 3 0
300601 1 3 176 3 0
347403 0 6 176 3 0
30006 0 6 177 1 0
31275 0 6 177 1 0
31563 1 4 177 3 0
298669 0 6 177 1 0
298713 1 2 177 4 1
299275 0 6 177 0 0
299295 1 2 177 4 0
299684 1 4 177 3 0
299996 0 6 177 3 0
300049 1 4 177 1 0
300985 0 6 177 1 0
537489 1 4 177 3 0
30649 1 3 178 1 0
31078 1 3 178 3 0
31217 1 3 178 3 1
31218 1 3 178 1 0
298695 1 3 178 1 0
299453 0 6 178 1 0
325247 1 3 178 3 0
347402 1 2 178 3 0
440877 1 4 178 3 0
494528 0 6 178 3 0
30071 1 3 179 1 0
30789 0 6 179 1 0
31342 0 6 179 1 0
31562 0 6 179 1 1
113947 0 6 179 1 0
116120 0 6 179 2 0
182006 0 6 179 3 0
237969 0 6 179 2 0
284931 1 3 179 3 1
298898 1 3 179 1 0
299141 1 2 179 1 0
300323 1 3 179 4 0
300600 1 2 179 3 0
301022 0 6 179 1 0
347406 1 3 179 3 0
494526 0 6 179 1 0
9687 1 3 180 3 0
30029 0 6 180 1 0
31344 1 4 180 3 0
31564 0 6 180 3 0
298899 0 6 180 2 0
299279 0 6 180 3 0
300492 0 6 180 1 0
301081 0 6 180 4 0
344053 1 3 180 3 1
463512 1 3 180 3 0
29990 1 3 181 1 0
30653 1 3 181 2 0
101219 1 3 181 2 0
298966 1 5 181 2 0
299140 1 5 181 1 0
299293 1 3 181 3 0
299333 1 3 181 3 1
299406 1 3 181 1 0
299554 0 6 181 1 0
299630 1 3 181 1 0
299717 0 6 181 3 1
299928 0 6 181 1 0
300316 1 3 181 3 0
300345 1 3 181 1 0
300381 0 6 181 0 0
300478 1 3 181 1 0
300493 1 2 181 1 0
300607 0 6 181 1 0
300910 1 4 181 1 0
399076 1 4 181 3 0
9686 0 6 182 3 0
30031 0 6 182 3 0
31076 1 3 182 1 0
31077 0 6 182 3 0
31138 0 6 182 1 0
121614 1 4 182 3 0
162946 0 6 182 4 1
237970 0 6 182 3 1
293346 1 4 182 3 0
298697 0 6 182 3 0
298698 1 2 182 0 0
298721 1 3 182 1 0
298962 1 2 182 0 1
298988 1 3 182 1 0
299143 1 4 182 3 0
299181 1 4 182 1 0
299555 1 3 182 3 0
300408 0 6 182 1 0
301247 0 6 182 1 0
304504 0 6 182 3 0
325246 1 3 182 3 0
458353 0 6 182 3 0
464496 1 3 182 3 0
494525 0 6 182 0 0
30621 0 6 183 3 0
31088 1 4 183 1 0
31284 1 3 183 1 1
170049 0 6 183 3 0
298906 0 6 183 1 0
299272 0 6 183 3 0
299318 0 6 183 1 0
299856 1 3 183 0 0
300608 0 6 183 1 0
347405 0 6 183 3 0
494680 0 6 183 3 1
1177 0 6 184 3 1
9232 0 6 184 3 0
30316 0 6 184 1 0
31139 1 3 184 1 0
31384 1 3 184 1 0
62932 0 6 184 3 0
298900 1 3 184 2 0
300057 0 6 184 1 0
300145 0 6 184 1 0
463080 1 1 184 4 0
464495 0 6 184 3 0
493895 0 6 184 3 0
5943 0 6 185 3 0
30028 0 6 185 1 0
30912 0 6 185 4 1
31087 1 4 185 0 1
31185 1 4 185 1 0
31644 1 3 185 1 0
113658 1 5 185 1 0
298724 0 6 185 0 0
298986 1 2 185 0 0
298989 1 4 185 3 1
299302 1 3 185 4 0
299376 0 6 185 1 0
299407 1 2 185 2 0
299411 0 6 185 4 0
299571 0 6 185 4 0
299927 1 4 185 0 0
299929 0 6 185 1 0
300135 0 6 185 1 0
300349 1 4 185 3 0
300385 1 4 185 1 0
300482 0 6 185 1 0
300489 0 6 185 1 0
301263 0 6 185 3 0
463513 0 6 185 3 0
29844 1 3 186 1 0
30319 0 6 186 3 0
30557 0 6 186 1 0
293345 0 6 186 3 0
296015 1 3 186 2 0
298722 1 4 186 2 0
299319 0 6 186 3 0
299320 1 4 186 3 0
299550 0 6 186 3 0
300419 0 6 186 1 0
392131 0 6 186 2 0
532429 1 2 186 3 1
550668 1 4 186 3 0
30634 1 4 187 1 0
31282 1 4 187 1 0
31454 0 6 187 1 0
62931 1 3 187 1 0
63070 0 6 187 4 0
101355 1 4 187 2 0
237968 0 6 187 2 0
298700 0 6 187 3 0
299153 0 6 187 1 0
299246 1 4 187 1 1
299301 0 6 187 3 0
300132 1 2 187 0 0
300184 1 2 187 1 1
300350 1 4 187 3 0
300422 1 4 187 1 0
300819 0 6 187 1 0
469113 0 6 187 2 0
30879 0 6 188 1 0
31133 0 6 188 3 0
31453 1 4 188 1 0
58033 1 3 188 2 1
83386 0 6 188 2 0
299030 0 6 188 1 0
299061 1 2 188 3 0
300382 1 4 188 1 0
495672 1 4 188 0 0
29881 0 6 189 3 0
59556 0 6 189 3 0
298668 0 6 189 1 0
298778 0 6 189 1 0
299334 1 2 189 1 0
299382 1 4 189 1 0
300384 0 6 189 1 0
424904 0 6 189 2 1
551072 1 3 189 3 0
556162 1 2 189 3 0
30817 0 6 190 3 0
31283 0 6 190 1 0
31452 1 3 190 0 0
226813 1 4 190 2 1
296016 0 6 190 3 0
298987 1 2 190 1 0
299147 1 3 190 1 0
299440 0 6 190 3 0
300136 0 6 190 1 0
300173 0 6 190 3 1
300949 1 4 190 1 0
320547 1 3 190 2 0
495496 0 6 190 0 0
544898 1 4 190 2 0
558650 1 3 190 3 0
6117 1 4 191 3 1
30045 0 6 191 4 0
30063 0 6 191 1 0
31615 0 6 191 0 0
109622 1 3 191 3 0
298960 0 6 191 2 0
299155 0 6 191 1 1
299939 0 6 191 1 0
300134 1 4 191 1 0
300423 1 4 191 1 0
469114 0 6 191 2 0
494497 0 6 191 0 0
495682 0 6 191 0 0
532430 0 6 191 3 0
31493 1 2 192 3 0
79932 1 4 192 3 0
97072 0 6 192 3 0
203582 1 3 192 3 0
299156 0 6 192 1 0
300125 1 3 192 1 0
301241 1 4 192 3 0
469108 1 3 192 0 0
495497 1 4 192 0 0
500746 1 2 192 3 1
556161 1 3 192 3 0
31285 0 6 193 3 0
203290 1 2 193 3 0
255945 0 6 193 2 0
299062 0 6 193 3 0
299588 0 6 193 1 0
300425 1 3 193 3 0
300830 1 3 193 1 0
495688 0 6 193 3 0
79931 1 3 194 3 0
194906 1 4 194 3 0
208673 0 6 194 3 0
250679 0 6 194 3 0
299150 1 2 194 3 0
300124 1 4 194 1 0
469110 1 3 194 1 0
495858 1 4 194 0 0
24638 0 6 195 3 0
142653 0 6 195 2 0
300123 0 6 195 1 0
468637 1 3 195 1 0
469109 0 6 195 0 0
469870 1 2 195 2 0
298858 0 6 196 1 0
298954 0 6 196 0 1
300256 1 2 196 1 0
300829 0 6 196 1 1
300831 0 6 196 3 0
469115 1 4 196 1 0
469182 1 4 196 1 0
518774 0 6 196 3 0
529394 1 3 196 3 0
257006 1 3 197 3 1
299960 0 6 197 1 0
300127 1 3 197 1 0
468794 1 5 197 1 0
468860 0 6 197 1 0
469604 1 4 197 1 0
495679 0 6 197 4 1
500745 1 3 197 3 0
149158 0 6 198 2 1
299583 0 6 198 1 0
299787 0 6 198 1 0
299964 0 6 198 3 0
300002 0 6 198 1 0
300965 0 6 198 1 0
469146 0 6 198 1 0
469601 1 3 198 1 0
300004 1 3 199 1 0
299531 1 3 200 1 0
299962 0 6 200 2 0
300832 1 4 200 3 0
468862 1 3 200 3 0
495268 0 6 200 4 1
203023 0 6 201 3 0
299901 1 5 201 1 0
301208 0 6 201 1 0
469149 0 6 201 3 0
298663 0 6 202 3 1
299195 1 4 202 1 0
300005 0 6 202 3 0
301096 1 3 203 3 0
301209 1 3 203 1 0
496410 0 6 203 3 0
496435 0 6 203 3 1
50742 1 3 204 3 0
299197 0 6 204 3 0
299911 1 3 204 1 0
300747 0 6 204 1 0
301083 1 4 204 1 0
469493 0 6 204 1 0
299163 0 6 205 3 0
299196 0 6 205 1 0
300574 0 6 205 1 0
301212 0 6 205 3 0
485523 1 4 205 2 0
300696 0 6 206 1 0
301084 1 4 206 3 0
299373 1 4 207 3 0
299877 0 6 207 4 1
300711 1 4 207 1 0
192940 1 4 208 3 0
236770 0 6 208 3 0
298872 0 6 208 1 0
301095 0 6 208 3 0
307191 1 4 208 3 0
385067 0 6 208 3 0
300576 0 6 209 3 0
300701 0 6 209 1 0
36077 1 4 210 3 0
192941 1 2 210 3 0
236771 1 4 210 3 1
240697 1 3 210 3 0
265158 0 6 210 3 0
240416 1 3 211 3 0
240694 1 3 211 0 0
299743 1 3 211 3 1
300712 1 5 211 1 0
361730 0 6 212 3 0
192939 0 6 213 1 0
215833 0 6 213 2 0
240696 1 4 215 1 0
300714 0 6 215 3 0
300715 0 6 217 3 0
