66332 4 3 3 0
179002 4 3 3 0
220831 4 3 3 0
179918 5 4 3 0
274671 5 4 1 0
360624 5 4 2 0
226454 6 3 3 0
282808 6 5 3 0
274675 7 2 3 1
420416 7 3 3 0
420749 7 2 1 0
448230 8 4 3 0
117268 11 3 3 1
215368 11 4 3 0
448237 11 2 3 0
399413 12 2 2 0
419296 12 3 1 0
116011 13 3 3 0
216059 13 3 1 0
216060 14 3 1 0
419964 14 3 1 0
117524 17 3 1 0
419939 17 3 1 0
419966 17 4 1 0
214714 18 2 2 0
215089 18 4 1 0
215672 18 3 1 0
216021 18 4 1 0
216062 18 3 3 1
419965 18 4 1 0
215817 19 2 1 0
215991 19 3 1 0
419543 19 2 2 0
214915 20 3 1 0
216153 20 3 1 0
419141 20 3 1 0
507013 20 3 2 0
92281 21 2 3 0
215223 21 4 3 1
215671 21 2 1 0
215993 21 3 3 0
216199 21 3 3 0
419133 21 3 0 1
419544 21 2 2 0
419563 21 3 3 0
507014 21 2 2 0
171795 22 1 3 0
419561 22 3 1 0
420210 22 2 1 0
215435 23 4 1 0
216155 23 2 3 0
216198 23 3 1 0
419140 23 4 1 0
419324 23 1 0 0
420211 23 1 3 0
215520 24 2 3 0
419156 25 2 1 0
419297 25 2 1 0
420776 25 3 1 0
484597 25 2 3 1
20078 26 4 3 0
215518 26 2 1 0
221223 26 4 2 1
419315 26 4 1 0
420088 26 4 1 1
420548 26 2 1 0
215673 27 3 3 0
216196 27 1 1 0
337759 27 2 3 0
419594 27 4 1 0
420842 27 4 1 0
419891 28 4 1 0
420719 29 3 1 0
403909 30 4 3 0
419551 30 4 1 0
420261 30 2 1 0
419388 31 2 3 0
420352 31 1 1 0
419548 32 4 1 0
420042 32 2 1 0
419472 33 3 1 0
420818 33 3 4 0
419465 34 4 1 0
419641 34 3 1 0
419645 34 3 3 0
420029 34 4 4 1
420560 34 3 1 1
419329 35 2 1 1
419723 35 1 1 0
337765 36 3 4 1
420041 36 2 1 1
420114 36 3 1 0
420563 36 4 3 1
420030 37 3 4 1
420108 37 2 1 0
420556 37 3 1 1
420661 37 3 1 0
420839 37 3 1 0
419222 38 2 0 0
419286 38 3 1 1
419331 38 3 3 0
419466 38 3 3 1
419756 38 3 3 0
420290 38 4 1 1
419569 39 3 3 1
420113 39 4 1 0
419326 40 1 2 0
419643 40 4 1 0
24241 41 3 3 0
318382 41 1 3 0
419839 41 4 1 0
419481 42 2 0 0
420700 42 3 0 0
514090 42 3 3 0
419164 43 2 2 0
419644 43 2 1 0
420022 43 3 1 0
419444 44 1 1 0
419532 44 2 3 0
419581 44 2 1 0
420225 44 3 1 0
420557 44 4 1 0
515318 44 3 3 0
420538 45 4 1 0
24240 46 3 3 0
419583 46 3 3 0
468103 46 4 3 0
419557 47 2 3 0
419728 47 4 0 0
419913 47 3 1 0
221999 49 3 3 1
466624 50 2 1 0
419556 51 3 3 0
420308 51 2 3 0
420605 51 2 3 0
420606 51 3 1 0
420150 53 2 1 1
454173 54 2 3 0
472998 55 2 3 0
420608 56 4 1 0
280169 60 4 3 0
420571 60 3 1 1
472993 60 3 1 0
434542 62 3 3 1
473431 63 3 1 0
473001 64 3 3 0
472254 66 2 4 1
473103 66 3 1 0
472234 68 2 3 0
472088 69 2 3 1
472255 69 3 4 1
472258 69 2 1 0
433961 70 2 3 0
473678 70 3 1 0
473839 71 2 1 0
472707 72 3 1 0
473671 72 3 1 1
435276 73 2 4 0
472066 73 3 1 0
472233 73 4 3 0
473356 73 2 1 1
473652 73 2 1 0
472172 74 2 3 0
473503 74 2 1 0
424444 75 2 3 0
472647 75 3 1 0
473699 75 3 1 0
561790 75 3 3 0
472157 76 3 3 0
473837 76 4 0 0
472149 77 4 3 0
473154 77 3 2 0
473325 77 3 1 0
473794 77 3 4 1
483405 78 3 2 0
472375 79 2 1 0
472390 79 3 2 0
515157 79 2 3 0
472325 80 2 4 0
473434 80 2 1 0
473297 81 3 3 0
473317 81 4 1 0
473326 81 3 1 0
473428 81 1 1 0
473595 82 3 1 0
530476 82 2 3 0
344463 83 3 2 0
473319 83 4 1 0
541704 83 3 3 0
34602 84 3 3 0
472340 84 2 1 0
561025 85 2 3 1
457316 86 4 3 0
472796 86 3 1 0
541463 86 2 2 0
492033 87 2 3 1
419476 88 3 3 0
472794 88 2 0 0
472112 89 2 1 0
67916 90 3 3 0
414435 90 4 3 0
472919 90 3 2 0
473258 90 3 4 0
100239 91 3 1 0
354909 91 3 2 0
472056 91 2 0 0
472341 91 4 1 0
472816 92 3 3 0
472115 93 2 3 0
473541 93 4 3 0
492032 93 2 1 0
472114 94 4 1 0
473114 94 3 1 1
101839 95 3 3 0
472345 95 4 2 0
472368 95 3 1 0
473115 95 5 1 0
472105 96 2 3 0
472251 96 3 1 0
472366 96 2 1 0
472923 96 5 3 0
273417 97 2 2 0
512073 97 3 3 1
472807 98 3 1 0
473116 98 3 1 1
473337 98 4 1 0
133274 99 2 3 0
472250 99 3 1 0
472569 99 2 1 0
472191 100 3 1 0
473542 100 2 4 0
116473 101 4 3 0
324385 101 2 2 0
472666 101 4 4 1
472668 101 2 2 1
512072 101 3 3 0
472568 102 2 1 0
100039 103 2 0 0
473529 103 4 3 0
472974 104 4 1 0
473722 104 2 1 0
473747 104 3 3 0
101266 105 3 1 0
101285 105 3 1 0
101668 105 2 4 0
472567 105 2 1 0
472915 105 2 1 0
473753 105 2 3 0
101280 106 2 3 0
473561 106 3 3 0
484347 106 3 3 0
101679 107 3 4 0
267492 107 3 3 1
111833 108 3 3 0
473750 108 2 1 0
473752 108 2 2 0
101284 109 2 1 0
146183 109 2 3 0
400960 109 3 2 0
427888 109 2 3 1
472128 109 2 3 0
472161 109 4 3 0
472917 109 3 3 0
99725 111 1 1 0
165494 111 3 3 0
473466 111 4 4 0
399799 112 2 2 0
422708 112 2 3 0
100871 114 3 1 0
101749 114 2 1 0
472945 114 2 1 1
101387 115 2 1 0
235565 115 4 3 1
485343 115 1 3 1
473744 118 2 1 0
100144 119 2 1 0
100877 119 2 1 0
101389 119 3 3 0
101385 120 3 0 0
541660 120 4 3 0
100425 121 2 2 0
101747 121 4 1 0
472146 121 3 1 0
541657 121 3 3 0
101519 122 4 1 0
99480 123 2 1 0
100228 123 3 1 0
100870 123 3 1 0
100873 123 4 1 0
101715 123 3 2 0
100426 124 3 2 0
472145 124 4 0 0
224080 125 4 3 0
99714 126 2 2 0
99879 126 4 3 0
100049 126 2 1 0
100561 126 3 3 0
101278 126 3 1 0
486991 126 2 3 1
99905 127 3 1 0
99945 127 2 1 0
99967 127 3 4 0
100582 127 4 1 1
100872 127 3 1 0
99448 128 2 1 0
99798 128 4 1 1
100320 128 3 4 0
100560 128 3 3 0
100586 128 2 3 1
227593 128 2 3 0
99907 129 2 3 0
100968 129 3 3 1
101279 129 2 3 0
101871 129 2 1 0
481485 129 2 2 0
100173 130 3 1 0
101210 130 2 1 0
101696 130 4 3 1
117048 130 4 3 0
99904 131 3 1 0
99906 131 3 3 0
100137 131 2 3 1
116784 131 4 3 1
225037 131 4 3 0
481569 131 3 1 0
100029 132 3 1 0
100056 132 3 4 0
101712 132 3 3 0
102509 132 2 2 0
256249 132 2 3 0
481487 132 2 3 0
99449 133 4 1 0
99708 133 3 1 0
99802 133 4 3 0
100385 133 2 3 0
101170 133 4 1 0
101333 133 3 1 0
225679 133 2 1 0
481124 133 3 1 0
482452 133 4 1 0
99706 134 3 4 0
100028 134 3 1 0
100617 134 2 1 0
101095 134 3 1 0
101467 134 4 3 0
481568 134 2 4 0
100177 135 4 1 0
100499 135 2 1 0
101098 135 3 3 0
186744 135 4 3 0
194304 135 4 3 1
99452 136 3 3 0
99809 136 2 1 0
99932 136 3 3 0
101209 136 1 1 0
101375 136 3 1 0
116781 136 4 1 0
473245 136 3 2 0
477358 136 3 3 0
496328 136 4 3 0
99447 137 3 0 0
100054 137 4 3 0
100310 137 2 3 0
101335 137 3 1 0
101357 137 2 1 0
101755 137 2 3 0
186742 137 4 1 0
426787 137 3 2 0
481146 137 3 1 0
481201 137 2 1 0
481809 137 2 1 0
99799 138 4 1 0
101114 138 2 1 1
101673 138 3 2 0
101860 138 3 1 0
224612 138 2 3 0
57091 139 3 3 0
101602 139 3 1 0
186741 139 2 1 0
481141 139 3 1 1
481203 139 3 3 0
481990 139 2 1 0
99969 140 3 4 1
101358 140 2 3 0
147496 140 4 2 0
204698 140 1 1 0
481507 140 2 1 0
35485 141 4 3 0
99696 141 4 1 0
99768 141 2 1 0
117336 141 4 1 0
481142 141 3 2 0
100769 142 3 1 0
101162 142 4 1 0
101588 142 3 2 0
185513 142 2 1 0
185811 142 3 1 0
186643 142 2 1 0
301175 142 2 2 0
428672 142 3 3 1
481176 142 2 1 0
100106 143 3 1 0
100393 143 3 1 0
100976 143 4 1 0
101356 143 4 1 0
101365 143 3 3 1
224832 143 3 1 0
322168 143 5 3 0
481174 143 4 2 0
100243 144 2 3 0
166613 144 2 3 0
204835 144 4 1 0
204886 144 4 1 0
223812 144 3 0 0
298641 144 4 2 0
481202 144 3 1 0
204834 145 3 1 0
481242 145 2 3 0
101138 146 2 0 0
204485 146 4 1 0
101156 147 3 1 0
101338 147 4 0 0
166617 147 2 3 0
185872 147 2 1 0
186047 147 2 1 0
186640 147 4 3 0
186746 147 2 1 0
322176 147 3 3 0
186069 148 3 1 0
187120 148 2 1 0
205458 148 2 0 0
205459 148 2 1 0
205460 148 3 1 0
100399 149 2 2 0
203581 149 2 3 0
204480 149 3 1 0
204487 149 3 1 0
204490 149 4 1 0
100092 150 2 1 0
101341 150 3 3 0
164556 150 2 3 1
185516 150 3 3 0
185691 150 3 1 0
186165 150 2 1 0
377289 150 2 3 0
25261 151 3 2 0
186426 151 3 2 0
204303 151 3 1 0
212528 151 3 3 0
185465 152 2 1 0
185690 152 3 0 0
186292 152 3 3 0
186436 152 3 3 0
204449 152 3 1 0
205613 152 2 1 0
469265 152 3 3 0
487662 152 3 0 0
99655 153 3 1 0
185910 153 2 1 0
186295 153 2 1 0
189619 153 3 3 0
204307 153 2 3 0
205644 153 2 1 0
343095 153 3 3 0
487128 153 3 3 0
487696 153 2 0 0
186305 154 3 1 0
186443 154 2 3 0
204217 154 3 1 0
205503 154 3 1 0
205612 154 2 0 0
61399 155 3 3 0
185692 155 2 1 0
205643 155 1 0 0
487784 155 2 0 0
488484 155 3 0 0
27344 156 2 3 1
185926 156 3 1 0
186296 156 2 1 0
186980 156 3 3 0
187111 156 2 1 0
187339 156 2 3 0
194095 156 3 3 1
204306 156 4 3 0
311267 156 4 3 1
471679 156 3 3 0
487918 156 2 1 0
101195 157 2 1 0
105556 157 3 3 0
146255 157 3 3 0
185638 157 3 1 0
187068 157 2 3 0
187121 157 3 3 0
204304 157 3 2 1
204896 157 2 1 0
205638 157 3 2 0
488771 157 2 1 0
185804 158 4 1 0
185863 158 3 1 0
185865 158 1 2 0
186306 158 2 3 0
186479 158 3 1 0
186617 158 3 1 0
487920 158 3 3 0
488485 158 4 0 0
62155 159 2 1 0
99930 159 2 1 0
100281 159 2 1 1
101252 159 4 1 0
139962 159 2 3 1
185929 159 2 3 0
186245 159 2 3 0
204064 159 1 1 0
204301 159 2 0 0
205645 159 2 2 0
27347 160 3 3 0
105557 160 4 1 0
185466 160 4 1 0
185584 160 2 4 1
185724 160 3 0 0
185931 160 3 4 0
186003 160 3 1 0
186178 160 3 1 0
186401 160 3 1 0
186441 160 2 1 0
187157 160 2 3 0
188250 160 2 3 0
277198 160 4 3 1
185727 161 1 1 0
185807 161 2 1 0
186266 161 1 0 0
186481 161 2 3 0
186735 161 3 4 0
204897 161 3 1 0
445054 161 4 2 0
488094 161 3 0 0
488129 161 3 2 0
557166 161 3 2 0
58942 162 3 3 0
62154 162 3 1 0
62991 162 3 2 0
99833 162 3 1 1
101109 162 2 1 0
101196 162 4 1 0
105923 162 3 1 0
186477 162 2 0 0
187142 162 4 3 1
204310 162 3 3 0
306309 162 2 3 1
487333 162 4 0 0
104546 163 2 1 0
185468 163 3 3 0
185805 163 4 1 0
185932 163 2 4 1
204943 163 3 0 0
205659 163 2 3 1
278024 163 3 1 0
488505 163 2 1 0
61028 164 2 4 1
61032 164 1 1 0
61730 164 4 1 0
88563 164 2 3 0
100221 164 3 1 0
101086 164 3 2 0
186837 164 3 1 0
186886 164 3 3 0
187348 164 2 1 0
275643 164 4 3 0
417028 164 2 3 1
488504 164 2 1 0
530676 164 2 3 0
100834 165 3 1 1
185560 165 2 0 1
186480 165 4 3 0
186559 165 4 1 0
186985 165 3 3 0
205132 165 3 1 0
205254 165 2 1 0
224881 165 3 3 1
312000 165 3 4 1
350835 165 3 3 0
488507 165 3 3 0
557167 165 3 3 0
99624 166 1 1 0
104224 166 1 1 0
186378 166 4 1 0
204290 166 3 0 0
204946 166 2 2 0
276822 166 3 1 0
277690 166 1 1 0
404618 166 3 3 0
2757 167 3 3 1
100835 167 3 1 0
106382 167 4 1 0
185964 167 3 1 0
186698 167 2 1 0
204948 167 2 3 0
205349 167 2 1 0
224876 167 2 1 0
332287 167 3 3 0
3172 168 3 3 1
100550 168 4 1 0
106369 168 4 1 0
185902 168 3 1 0
196585 168 3 2 0
204095 168 3 1 0
276931 168 3 1 0
291815 168 3 1 0
332284 168 2 1 1
488098 168 3 2 0
488498 168 3 1 0
488506 168 4 1 0
498499 168 4 3 0
61539 169 4 1 0
100026 169 1 3 0
100220 169 4 0 0
100353 169 2 3 0
100852 169 2 1 0
101384 169 4 3 0
101427 169 2 1 0
104284 169 2 1 0
106191 169 2 1 0
149096 169 3 3 0
185553 169 2 1 0
187125 169 4 1 0
187269 169 3 3 0
205257 169 3 1 0
277692 169 2 3 0
60883 170 2 1 0
60884 170 3 3 0
100486 170 3 1 0
104941 170 3 1 0
185631 170 4 3 0
186034 170 3 1 0
186784 170 3 3 0
186944 170 4 1 0
204817 170 3 1 0
205330 170 2 3 0
205465 170 2 1 0
217699 170 3 3 0
248762 170 2 3 0
281546 170 2 1 0
292180 170 3 1 0
295263 170 3 3 0
333166 170 3 3 0
436947 170 3 3 0
473754 170 3 2 0
486923 170 3 1 0
488006 170 1 2 0
488016 170 3 1 1
100338 171 4 0 0
101191 171 3 1 0
104616 171 2 1 0
186036 171 2 1 0
186984 171 4 3 0
187128 171 3 3 0
204904 171 3 3 0
205173 171 1 1 0
205327 171 3 1 0
229817 171 2 1 0
277169 171 4 1 0
292648 171 3 1 0
385809 171 4 3 0
487141 171 3 0 0
487648 171 3 1 0
488478 171 3 0 0
530680 171 3 0 0
43852 172 4 3 0
57818 172 3 3 0
60899 172 2 1 0
101116 172 4 1 0
101551 172 1 0 0
105300 172 4 1 0
105357 172 3 0 0
185552 172 3 1 0
186234 172 4 1 0
186789 172 4 0 0
186965 172 3 4 1
196559 172 1 1 0
202595 172 3 3 1
204097 172 3 3 1
204102 172 2 4 0
332283 172 3 3 0
409782 172 4 3 0
487362 172 3 1 0
488497 172 4 1 0
488501 172 3 4 1
531508 172 3 3 0
62280 173 3 3 0
99886 173 3 3 0
100846 173 3 1 0
104617 173 3 1 0
104619 173 3 3 0
186225 173 3 3 0
186235 173 2 3 0
186947 173 2 3 0
187268 173 3 3 0
204498 173 2 1 0
204756 173 3 1 0
207520 173 1 2 0
248172 173 2 3 0
281542 173 2 2 0
282850 173 2 1 0
291187 173 3 1 0
292264 173 3 1 0
292297 173 3 1 0
487363 173 3 2 0
488180 173 2 1 0
100743 174 3 0 0
104966 174 3 1 0
186861 174 3 1 0
194796 174 2 1 0
204262 174 3 1 0
205099 174 3 3 0
205109 174 3 3 0
205141 174 4 4 1
205258 174 3 3 0
205514 174 3 1 0
277333 174 2 1 0
292371 174 3 2 0
293155 174 2 0 0
385806 174 4 1 0
414756 174 4 3 0
17281 175 3 3 0
72885 175 4 3 0
89241 175 2 1 0
99623 175 2 0 0
104822 175 2 1 0
104965 175 2 1 0
185569 175 1 1 0
186035 175 3 1 0
186038 175 4 3 0
205326 175 3 1 0
205778 175 2 0 0
276652 175 4 1 1
276928 175 3 0 0
292296 175 2 1 0
486924 175 3 3 0
487652 175 2 3 0
488494 175 4 4 1
488499 175 2 3 0
488698 175 3 3 0
488824 175 3 1 0
62166 176 4 3 0
63172 176 1 1 0
100117 176 2 1 0
100817 176 4 4 0
104819 176 2 1 0
106336 176 3 1 0
120232 176 3 2 0
186693 176 4 0 0
186694 176 2 0 0
186881 176 3 1 0
186945 176 2 2 0
196560 176 4 1 1
205243 176 2 2 0
205572 176 2 1 0
205573 176 3 1 0
252032 176 2 3 0
291466 176 2 1 1
292647 176 4 1 1
385058 176 2 3 0
487792 176 3 3 0
61368 177 3 1 0
62792 177 3 1 0
63690 177 3 3 0
101161 177 2 1 0
104985 177 3 3 0
106193 177 1 3 0
185958 177 4 3 1
186223 177 3 2 0
196558 177 2 0 0
204491 177 3 1 0
204610 177 3 4 1
204960 177 3 1 0
205247 177 4 1 0
205558 177 3 1 0
205720 177 3 2 0
277409 177 3 1 0
281703 177 4 1 0
290575 177 3 1 0
336885 177 3 2 1
486966 177 3 1 0
488825 177 2 1 0
60989 178 3 1 0
61851 178 2 3 0
62793 178 2 1 0
99553 178 4 1 0
99606 178 4 1 0
99629 178 3 3 0
100344 178 3 3 0
100346 178 3 2 1
100745 178 3 3 0
101694 178 4 1 0
104984 178 2 3 0
105228 178 3 1 0
106337 178 3 1 0
185490 178 3 1 0
185570 178 2 1 0
195585 178 3 3 0
204263 178 3 1 0
204467 178 2 1 0
204891 178 4 1 0
204956 178 3 1 0
205725 178 3 2 0
277773 178 3 1 0
282695 178 3 0 0
487022 178 2 1 1
488106 178 3 3 0
99574 179 3 1 1
104853 179 3 1 0
105673 179 3 1 0
105742 179 2 3 0
106190 179 3 1 0
182102 179 2 3 0
186879 179 2 0 0
205782 179 3 0 0
277553 179 3 1 0
279173 179 2 3 1
281687 179 2 0 0
366018 179 4 2 0
488332 179 3 3 0
488456 179 3 3 0
22513 180 2 3 0
61946 180 2 1 0
62995 180 3 1 0
88866 180 4 3 0
100118 180 3 2 0
104719 180 2 1 0
105657 180 3 1 0
106340 180 4 1 0
186697 180 2 3 0
204730 180 2 1 0
204957 180 2 1 1
276317 180 2 0 0
276541 180 4 1 1
277212 180 2 1 0
277408 180 4 1 0
282287 180 3 1 0
282427 180 3 1 0
487554 180 2 1 0
487958 180 3 3 0
62796 181 3 3 0
63118 181 2 1 1
104168 181 4 2 0
104490 181 3 1 0
104820 181 2 1 1
105541 181 2 1 0
105543 181 4 1 0
205285 181 4 1 0
205729 181 3 1 0
281780 181 3 1 0
282030 181 2 4 1
282762 181 3 1 0
290993 181 3 4 0
326846 181 3 3 0
351395 181 3 2 0
487104 181 3 1 0
487106 181 2 3 1
61514 182 2 1 0
61629 182 2 1 0
61729 182 3 1 0
62246 182 3 1 0
62699 182 3 3 0
105503 182 3 3 0
106127 182 2 1 0
185862 182 3 3 0
204261 182 3 3 0
204465 182 2 0 0
204999 182 3 1 0
205283 182 2 2 0
252031 182 2 1 1
276449 182 2 1 0
62888 183 2 1 1
63126 183 2 1 0
63138 183 2 1 0
101593 183 2 3 0
101598 183 4 4 0
105151 183 3 4 1
105502 183 5 1 0
105584 183 2 1 0
181369 183 2 3 0
234942 183 1 0 0
234944 183 4 3 0
281414 183 2 1 0
417800 183 3 2 0
488823 183 3 1 0
508861 183 3 2 0
62916 184 2 3 1
104508 184 2 2 0
104577 184 2 1 0
104757 184 3 1 0
194850 184 3 1 1
205200 184 1 0 0
205235 184 3 3 0
205277 184 4 3 0
278383 184 2 3 0
282294 184 3 1 0
326845 184 3 1 0
417806 184 3 1 0
425774 184 3 2 0
2563 185 1 1 0
61320 185 3 4 1
63128 185 1 3 0
63202 185 4 1 0
104488 185 4 4 0
104493 185 3 3 0
104581 185 1 1 0
104962 185 2 2 0
105580 185 3 1 0
177969 185 3 3 0
194849 185 3 1 0
195675 185 2 1 0
281413 185 2 1 0
282386 185 3 1 0
487351 185 2 1 0
61512 186 3 1 0
62751 186 2 1 0
63129 186 3 3 0
105767 186 3 4 0
105892 186 2 4 0
106370 186 4 1 0
170762 186 3 3 0
205001 186 4 2 0
219690 186 4 1 0
281897 186 4 1 0
415054 186 2 3 0
41211 187 3 3 1
62272 187 3 1 0
100110 187 2 3 1
100233 187 2 1 0
100543 187 4 1 0
101066 187 2 1 0
104566 187 2 3 0
104580 187 2 0 0
105278 187 2 1 0
195676 187 3 1 0
292313 187 2 3 0
371260 187 3 3 0
417577 187 3 1 0
417799 187 3 2 0
435941 187 3 3 0
487103 187 2 1 1
15388 188 2 1 0
61874 188 2 1 0
62890 188 4 1 0
63199 188 2 3 0
63201 188 1 0 0
105909 188 3 1 0
106344 188 3 4 0
106381 188 3 3 1
177967 188 3 1 0
195679 188 2 3 0
219101 188 4 1 0
282387 188 2 1 0
326866 188 3 1 0
35294 189 3 3 0
62273 189 3 1 0
62774 189 2 1 0
104520 189 3 3 1
104579 189 3 3 0
105910 189 5 1 0
143373 189 1 3 0
196289 189 2 1 0
282385 189 3 0 0
282575 189 2 1 0
327653 189 4 3 0
61955 190 1 1 0
62860 190 2 1 0
63198 190 3 1 0
100066 190 2 1 0
101064 190 2 0 0
104268 190 3 1 0
171055 190 3 1 0
205697 190 3 1 0
219097 190 3 1 0
281899 190 3 3 0
282396 190 2 3 0
282625 190 1 0 1
62428 191 3 1 0
63196 191 3 1 0
100508 191 1 1 0
194829 191 3 1 0
218261 191 4 3 0
276337 191 4 1 0
281758 191 3 1 0
327738 191 3 3 0
2565 192 3 2 0
61876 192 3 1 0
62279 192 4 3 0
62862 192 2 3 0
101528 192 2 0 0
106071 192 4 1 0
195405 192 3 1 0
195921 192 3 1 0
196290 192 3 1 0
219165 192 3 1 0
277741 192 3 0 0
282397 192 3 4 0
62386 193 3 1 0
104518 193 4 3 0
104746 193 3 1 0
105445 193 2 1 0
144941 193 4 3 0
196109 193 2 3 0
196171 193 2 1 0
196426 193 2 2 0
196807 193 2 1 0
218257 193 3 1 0
276300 193 3 1 0
281762 193 3 1 0
326540 193 3 1 0
62463 194 3 2 0
99583 194 2 1 0
102845 194 4 3 0
105024 194 2 1 0
170751 194 3 3 0
194966 194 3 1 0
195922 194 2 1 0
196649 194 3 1 0
204380 194 2 3 0
205582 194 2 1 0
282570 194 2 0 0
48541 195 4 3 0
48907 195 2 3 0
61957 195 1 1 0
62429 195 2 2 1
62861 195 3 3 0
101532 195 2 1 0
104519 195 2 3 0
105154 195 3 1 0
195015 195 2 1 1
195853 195 4 1 0
196467 195 3 1 0
196765 195 3 1 0
219166 195 3 1 0
276644 195 3 1 0
281781 195 1 1 0
282569 195 3 3 1
282626 195 3 1 0
325797 195 2 1 0
19950 196 3 3 0
34660 196 3 3 0
62268 196 3 1 0
104267 196 4 1 0
104909 196 3 1 1
105700 196 3 4 0
106072 196 3 2 1
196421 196 3 0 0
196425 196 2 1 0
196729 196 5 1 0
197032 196 3 1 0
282567 196 2 2 0
282911 196 3 1 0
325920 196 2 1 0
327955 196 3 1 0
488310 196 3 3 0
2562 197 3 1 0
61188 197 3 3 0
99411 197 2 1 0
104929 197 3 1 0
104940 197 2 1 0
146311 197 2 3 0
170965 197 2 1 0
171300 197 2 3 0
195520 197 2 3 0
196045 197 4 1 0
207549 197 4 3 1
218614 197 2 1 0
218852 197 3 1 0
219107 197 3 1 0
219110 197 3 1 0
277357 197 1 1 0
281507 197 4 1 0
281624 197 2 1 0
282529 197 2 3 0
282851 197 1 1 0
325821 197 3 1 0
388493 197 3 2 0
486972 197 4 1 0
487882 197 3 1 0
2165 198 3 1 0
61495 198 4 4 0
99811 198 3 1 0
101529 198 2 0 0
101531 198 3 1 0
106024 198 3 1 0
110848 198 3 3 0
170764 198 3 1 0
170969 198 3 1 1
195245 198 4 1 0
195501 198 3 4 0
195689 198 2 1 0
195721 198 3 1 0
218188 198 3 1 0
218555 198 2 1 0
219065 198 1 1 0
325801 198 2 0 0
325825 198 2 1 0
486971 198 2 1 0
487082 198 4 1 0
487769 198 2 1 0
61367 199 3 0 0
62271 199 4 3 0
62462 199 2 1 0
99586 199 3 2 0
104805 199 1 1 0
106257 199 3 2 0
194922 199 3 1 0
195860 199 3 1 0
195925 199 4 4 0
196466 199 5 1 0
218009 199 3 4 1
218260 199 3 3 0
218389 199 3 1 0
219235 199 2 1 0
276614 199 2 3 0
276646 199 2 3 0
277204 199 3 1 0
282467 199 3 1 0
282571 199 2 1 0
282637 199 4 1 0
326379 199 3 1 0
327855 199 3 1 0
451861 199 4 2 0
487260 199 2 1 0
487610 199 3 3 0
2163 200 2 1 0
146308 200 2 1 0
146309 200 2 1 0
194822 200 2 1 0
195691 200 3 3 0
196472 200 4 4 0
277150 200 2 1 0
277452 200 2 1 0
278013 200 4 1 0
281868 200 3 0 0
282412 200 3 3 0
489192 200 3 3 0
549118 200 2 3 0
62096 201 4 4 0
68454 201 3 3 0
84356 201 3 3 0
195683 201 2 3 0
196801 201 2 0 0
218010 201 3 0 0
218012 201 4 1 0
277758 201 3 1 0
277918 201 2 1 0
282581 201 3 1 0
282640 201 4 0 0
326243 201 2 3 0
326380 201 4 1 0
486975 201 2 3 0
538665 201 2 4 1
3402 202 1 1 0
61496 202 3 4 1
104990 202 4 1 0
105133 202 3 1 0
105454 202 2 3 0
145953 202 1 4 1
194770 202 4 1 0
195016 202 4 1 0
195515 202 3 3 0
195686 202 3 1 0
196312 202 3 1 0
196377 202 4 1 0
196468 202 4 3 0
196652 202 4 3 0
196844 202 2 1 0
199838 202 2 2 0
218014 202 4 2 0
219068 202 4 3 1
276217 202 1 1 0
277103 202 3 1 0
277719 202 2 3 0
282334 202 2 3 0
282458 202 3 3 0
282508 202 3 3 0
307703 202 2 3 0
327852 202 3 3 0
327854 202 4 1 0
327859 202 2 3 0
99474 203 3 1 0
100532 203 4 3 0
104397 203 2 1 0
104856 203 1 1 1
145763 203 1 3 0
171012 203 3 0 0
195426 203 3 1 0
195472 203 3 1 0
196378 203 1 1 0
196541 203 4 1 0
218011 203 2 0 1
219132 203 3 4 0
276831 203 3 1 0
277151 203 2 1 0
277844 203 3 1 0
282221 203 2 1 1
282507 203 2 1 0
282852 203 3 3 0
326378 203 3 1 0
407713 203 4 2 0
487603 203 4 2 0
489193 203 3 3 0
33797 204 2 0 0
62530 204 3 2 0
105803 204 2 0 0
145760 204 2 1 0
196168 204 4 1 0
196850 204 2 1 1
207473 204 2 2 0
219238 204 4 3 0
220590 204 4 1 0
239610 204 2 3 0
273808 204 2 3 0
277296 204 3 1 0
277797 204 2 1 0
278011 204 4 1 0
281573 204 4 3 0
326325 204 3 1 0
435299 204 2 3 0
487605 204 3 1 0
35922 205 2 3 0
105407 205 2 1 0
105814 205 2 1 0
146919 205 4 4 0
195315 205 3 2 0
196845 205 2 1 0
199514 205 2 3 0
199839 205 3 3 1
277483 205 4 1 0
277919 205 3 3 0
278010 205 2 3 0
280321 205 2 3 1
281491 205 2 1 0
281845 205 2 2 0
281846 205 3 2 0
282375 205 3 3 0
326381 205 3 3 0
327400 205 3 1 0
327853 205 3 1 0
486973 205 2 1 0
489191 205 4 1 0
5387 206 3 2 0
61361 206 4 1 0
61362 206 2 1 0
106197 206 1 1 0
145759 206 5 1 0
147103 206 3 3 0
171136 206 2 0 0
195087 206 4 1 0
196120 206 4 1 0
196538 206 2 0 0
220038 206 3 1 0
224797 206 3 3 0
276173 206 4 4 0
276598 206 3 1 0
276830 206 2 1 0
276832 206 3 3 0
276833 206 3 3 1
277721 206 3 3 0
281582 206 3 1 0
281825 206 2 3 0
282726 206 4 3 0
326309 206 2 1 0
326893 206 2 1 1
436747 206 4 3 0
438865 206 1 4 1
487599 206 3 1 1
487960 206 2 3 0
35920 207 2 1 0
99435 207 3 0 0
104208 207 2 3 0
104988 207 4 1 0
170230 207 3 1 0
194923 207 3 3 1
195090 207 1 3 0
196177 207 3 1 0
196236 207 4 4 0
196352 207 3 1 0
197370 207 3 3 0
206558 207 3 4 0
218825 207 2 1 0
219401 207 3 4 1
219488 207 1 3 0
220591 207 4 1 0
277812 207 3 1 0
281555 207 3 1 1
281743 207 2 1 0
282345 207 3 4 0
282927 207 4 1 0
293644 207 3 1 0
325880 207 3 1 0
325985 207 3 1 0
327070 207 2 1 0
553185 207 3 3 1
13593 208 3 1 1
33798 208 4 0 0
60928 208 4 3 0
62480 208 3 1 0
78505 208 1 3 0
146712 208 3 0 0
196512 208 5 1 0
197131 208 2 1 0
219471 208 2 1 0
220452 208 3 1 0
224647 208 3 3 0
275424 208 4 3 0
277298 208 2 3 0
277946 208 1 1 1
277988 208 1 1 0
281815 208 2 1 0
282926 208 1 0 0
282938 208 2 2 0
282954 208 4 4 1
326937 208 2 1 0
327758 208 2 1 0
459912 208 1 3 0
487821 208 4 1 0
538535 208 4 4 0
13592 209 2 0 1
62461 209 4 1 0
105645 209 2 1 0
195086 209 3 0 0
195178 209 3 3 0
218824 209 2 0 0
219229 209 3 1 0
219424 209 2 1 0
276203 209 2 1 0
276218 209 2 2 0
276525 209 3 1 0
276889 209 1 1 0
280137 209 2 1 0
281441 209 3 4 0
281447 209 2 3 0
281584 209 3 3 0
282433 209 3 1 0
282930 209 4 2 1
325877 209 3 3 0
326896 209 2 0 0
327937 209 4 1 0
436103 209 2 3 1
526933 209 2 1 1
13079 210 3 3 0
104778 210 4 1 0
105121 210 3 3 0
105480 210 3 1 0
105681 210 3 1 1
106199 210 3 3 1
146928 210 4 3 0
156537 210 4 3 0
171537 210 2 1 0
195385 210 2 1 0
195593 210 2 1 0
196354 210 2 3 0
196513 210 3 1 0
196868 210 4 1 0
218826 210 3 1 0
220595 210 4 3 0
227524 210 2 3 0
277626 210 3 1 0
281969 210 2 1 0
294149 210 2 3 0
310547 210 4 2 0
321634 210 2 3 0
404562 210 2 3 0
463878 210 2 3 0
526929 210 1 1 0
2329 211 2 1 0
61214 211 2 1 0
104205 211 2 1 0
105045 211 4 1 0
105132 211 3 1 0
106196 211 4 1 0
106308 211 4 3 0
134544 211 3 3 0
171783 211 3 1 0
171874 211 3 1 0
194775 211 2 4 0
195224 211 2 2 0
195304 211 2 4 0
196159 211 2 1 0
196350 211 4 2 0
196355 211 2 3 0
196620 211 2 1 0
197152 211 4 1 0
218035 211 4 1 0
219594 211 3 4 1
219642 211 2 1 0
277825 211 3 3 0
280138 211 2 3 0
293648 211 2 0 0
293727 211 1 1 0
294088 211 3 1 1
326310 211 4 1 0
326311 211 3 3 1
326710 211 3 3 0
327072 211 4 2 0
327714 211 4 1 0
396051 211 1 3 0
421061 211 2 2 0
487444 211 2 1 0
538921 211 3 1 0
13283 212 3 1 0
33793 212 2 1 0
33799 212 4 1 0
51983 212 2 3 1
60934 212 3 4 1
105364 212 2 1 0
106035 212 4 3 0
170439 212 4 3 0
170736 212 5 1 0
174193 212 2 2 0
196970 212 3 1 0
197151 212 2 1 0
219928 212 3 1 0
277256 212 1 1 0
281178 212 3 4 0
282169 212 4 3 0
295040 212 3 1 0
327757 212 3 1 0
1855 213 2 1 0
61521 213 1 1 0
104390 213 2 1 0
104630 213 3 1 0
105944 213 2 1 0
171149 213 3 2 0
194941 213 3 1 0
195539 213 2 1 0
195810 213 3 3 1
195905 213 3 1 0
196356 213 2 4 0
196773 213 2 1 0
196965 213 3 1 0
218167 213 4 1 0
219901 213 2 1 0
219932 213 3 0 1
251407 213 2 3 1
276204 213 2 3 0
526931 213 2 1 1
538220 213 4 1 1
16947 214 3 2 0
35069 214 2 2 0
101500 214 4 3 1
105718 214 1 1 0
106166 214 2 3 0
138959 214 2 3 0
196322 214 2 3 0
197146 214 1 0 0
197154 214 3 3 1
219900 214 1 0 0
276241 214 2 1 0
277984 214 2 2 0
281906 214 3 3 0
282799 214 3 1 0
293325 214 3 1 0
293608 214 1 1 0
293860 214 2 1 0
294089 214 2 3 0
327399 214 3 1 0
327706 214 4 3 0
331619 214 2 3 0
104402 215 3 1 0
105196 215 2 1 0
145196 215 2 3 0
171008 215 4 3 1
183472 215 4 3 1
195209 215 3 4 0
216443 215 2 4 1
219581 215 3 4 0
219830 215 2 0 1
219924 215 4 1 0
222498 215 2 3 0
227521 215 4 2 0
227523 215 3 3 1
276890 215 2 1 0
277625 215 4 0 0
294909 215 2 1 0
312282 215 3 1 0
337957 215 2 1 0
351317 215 3 3 0
400920 215 2 3 0
421063 215 3 3 0
2286 216 2 1 0
2631 216 2 3 0
3596 216 2 1 0
34653 216 2 4 0
99847 216 2 3 0
105447 216 3 2 0
105867 216 4 3 0
134543 216 2 2 0
150346 216 2 3 0
171470 216 3 4 0
194929 216 4 3 0
195367 216 1 0 0
197132 216 3 3 0
217977 216 2 1 0
218147 216 2 1 0
218896 216 3 1 0
219496 216 2 1 0
276883 216 1 1 0
282500 216 3 1 0
293809 216 2 2 0
295038 216 3 1 1
327760 216 3 3 0
336203 216 2 3 0
336966 216 3 1 0
395927 216 2 3 0
407346 216 3 3 0
538618 216 1 3 0
3301 217 3 1 0
76556 217 4 2 1
106278 217 2 1 0
132182 217 3 3 1
186717 217 3 4 0
195540 217 3 2 0
195811 217 3 3 1
196157 217 3 2 0
196160 217 5 3 0
196693 217 2 1 0
218342 217 3 1 0
218592 217 1 1 1
219832 217 3 1 0
276213 217 2 1 0
282022 217 3 3 1
294087 217 2 1 0
294582 217 2 1 0
326707 217 4 1 0
452535 217 3 2 0
539179 217 4 1 0
2181 218 3 1 1
2627 218 2 4 1
105198 218 3 1 0
105853 218 4 4 0
106164 218 3 3 0
106234 218 3 1 0
196424 218 3 1 0
196969 218 4 3 0
197015 218 4 1 0
219831 218 2 1 0
221606 218 3 3 1
226775 218 2 1 0
277356 218 4 1 0
277358 218 3 3 0
277982 218 2 1 0
293278 218 1 1 0
308966 218 2 3 1
390326 218 3 3 0
504624 218 3 2 0
539121 218 3 1 0
2968 219 2 3 0
10174 219 3 3 0
97583 219 2 3 0
100155 219 3 1 0
194954 219 2 1 0
196967 219 3 1 1
218123 219 2 1 0
218959 219 2 1 0
219365 219 3 3 0
219537 219 3 1 0
221049 219 4 4 0
221069 219 3 1 0
243877 219 4 2 0
276245 219 3 3 0
276847 219 3 1 0
290671 219 4 3 0
293275 219 3 1 0
293733 219 3 3 0
293990 219 2 1 0
294146 219 4 1 0
294910 219 3 3 0
327483 219 4 1 0
338106 219 2 1 0
338590 219 2 1 0
338693 219 3 1 0
404213 219 2 3 0
417567 219 4 3 0
463579 219 3 3 0
494820 219 3 3 0
506432 219 2 1 0
526252 219 3 1 0
2169 220 3 1 0
34261 220 1 1 0
61550 220 2 1 0
98766 220 4 3 0
104958 220 3 3 0
106061 220 3 4 0
134618 220 2 3 0
150347 220 3 2 0
195863 220 4 3 0
216554 220 4 2 0
219256 220 3 1 0
219326 220 3 4 1
219375 220 3 1 0
226776 220 2 2 0
276885 220 3 2 0
294674 220 4 1 0
336964 220 3 1 0
337567 220 3 4 1
338375 220 3 1 1
338588 220 2 1 0
338695 220 3 3 0
526253 220 2 3 0
3194 221 4 1 0
33803 221 2 0 0
34709 221 4 1 0
118683 221 2 2 0
195371 221 4 3 0
195930 221 1 1 0
218124 221 2 1 0
218246 221 3 1 0
218594 221 3 3 0
219460 221 4 1 0
221411 221 3 3 0
226782 221 2 1 0
276417 221 2 1 1
290957 221 4 4 0
293552 221 3 1 0
294421 221 3 1 0
319321 221 2 3 0
3381 222 3 1 0
12964 222 3 3 0
105793 222 4 1 0
216452 222 3 3 0
219934 222 3 3 0
221414 222 4 1 0
244672 222 4 3 0
276353 222 2 3 0
277499 222 2 1 0
281393 222 3 1 0
312936 222 2 1 0
336836 222 2 3 0
336962 222 2 1 0
337878 222 1 0 0
337939 222 4 4 0
338105 222 3 0 0
338114 222 4 3 0
338365 222 2 1 0
338692 222 2 1 0
417521 222 2 3 0
495653 222 2 2 0
525754 222 4 0 0
2095 223 3 1 0
2284 223 4 0 0
2630 223 3 3 1
37191 223 3 3 0
105509 223 4 1 0
195370 223 2 3 1
195552 223 3 0 0
220078 223 1 1 0
220245 223 3 1 0
221124 223 2 1 0
221469 223 4 1 0
241970 223 2 3 0
276548 223 4 1 0
276884 223 4 2 0
282251 223 4 1 0
293342 223 3 1 0
293992 223 3 3 0
337324 223 3 1 0
338078 223 3 4 1
506634 223 3 2 0
526442 223 3 1 0
537792 223 3 0 0
538066 223 1 0 0
11050 224 2 1 0
12542 224 2 1 0
33993 224 4 1 0
39681 224 2 3 0
49825 224 4 3 0
171286 224 2 1 0
171291 224 2 0 0
218436 224 3 3 0
220667 224 3 3 0
225767 224 1 1 0
281395 224 3 1 0
292001 224 3 3 0
293564 224 3 3 0
294390 224 1 0 0
294413 224 3 3 0
336963 224 2 1 0
337507 224 3 1 0
337791 224 2 1 0
337894 224 2 2 0
338129 224 2 3 0
338366 224 3 1 0
361458 224 3 3 0
526687 224 1 1 0
538045 224 2 1 0
5015 225 3 2 0
35245 225 1 1 0
134616 225 2 1 0
195556 225 2 3 0
195646 225 2 1 0
204062 225 2 3 0
207845 225 1 3 0
209546 225 3 2 0
219098 225 4 1 0
219800 225 3 2 0
220134 225 1 1 0
220969 225 3 3 1
226784 225 3 3 0
227306 225 3 1 1
276848 225 4 3 0
277232 225 3 1 0
277983 225 3 2 0
293524 225 3 2 0
293558 225 2 1 0
312938 225 2 3 1
327352 225 4 3 0
337388 225 3 4 1
337797 225 3 3 0
349346 225 3 3 0
381275 225 4 3 0
526917 225 3 1 0
527059 225 4 1 0
536249 225 3 3 0
33915 226 2 1 0
139161 226 3 2 1
152255 226 3 1 0
195627 226 2 3 0
196947 226 2 1 0
197170 226 3 3 0
207846 226 3 3 0
208604 226 2 3 1
216243 226 3 3 0
220362 226 3 4 1
276347 226 3 2 0
276772 226 2 1 0
277131 226 2 0 0
281415 226 3 1 0
293502 226 3 4 0
294222 226 3 1 1
294423 226 3 2 0
294424 226 4 3 0
308818 226 1 3 0
337734 226 1 1 0
338399 226 3 1 0
338689 226 2 1 0
450286 226 2 1 1
506682 226 3 3 0
525246 226 4 1 0
525324 226 2 1 0
538102 226 2 1 1
538559 226 2 1 0
76127 227 3 2 0
133823 227 2 3 0
153806 227 3 3 1
182600 227 2 3 0
194784 227 3 1 0
195617 227 3 1 0
196739 227 2 1 0
196842 227 3 3 1
216789 227 3 3 0
221471 227 3 3 1
260285 227 2 4 1
276784 227 2 3 0
276851 227 2 4 1
277157 227 4 1 0
282841 227 3 1 0
337152 227 3 1 0
338065 227 4 1 0
338066 227 2 1 0
338130 227 2 1 0
338159 227 3 2 0
338579 227 2 4 0
393235 227 4 3 0
526342 227 4 1 0
538067 227 2 1 1
546749 227 3 4 0
554024 227 3 3 0
33914 228 3 1 0
33916 228 2 1 0
33992 228 3 0 0
33995 228 3 3 0
34398 228 3 3 0
61255 228 3 2 0
112222 228 2 3 0
139187 228 4 1 0
190256 228 2 3 0
196841 228 2 3 0
208095 228 2 4 0
209543 228 2 1 0
221126 228 3 3 0
277159 228 2 3 0
277531 228 2 3 0
277961 228 3 3 0
277962 228 3 3 0
282628 228 4 3 0
293762 228 4 3 0
294416 228 1 1 0
336924 228 4 1 0
337508 228 3 1 0
337817 228 3 1 0
337823 228 2 4 0
339313 228 3 3 0
450186 228 3 1 0
506742 228 3 3 1
507094 228 3 1 1
507249 228 3 1 0
31037 229 3 3 0
192030 229 2 3 0
196770 229 3 2 0
218241 229 3 3 1
218248 229 4 3 0
218993 229 3 1 0
220331 229 4 3 0
294078 229 2 3 0
338445 229 3 1 0
410947 229 4 4 1
525323 229 2 1 0
538757 229 3 1 0
2689 230 4 1 0
4048 230 2 3 1
11597 230 3 4 0
12541 230 2 1 1
34562 230 2 1 0
51479 230 2 3 0
134619 230 4 3 0
194782 230 4 0 0
196481 230 3 1 0
208224 230 3 3 0
218159 230 2 3 0
274778 230 2 3 0
282548 230 2 1 0
324671 230 3 3 0
336922 230 3 1 0
337267 230 4 1 0
337814 230 4 1 0
337892 230 1 1 0
337895 230 3 2 0
338477 230 4 1 0
451928 230 3 1 0
506445 230 3 4 1
538070 230 2 3 0
33776 231 3 1 1
138615 231 2 1 0
169289 231 2 3 1
204015 231 3 1 0
220137 231 4 3 0
221133 231 2 3 0
277953 231 2 0 0
282226 231 2 1 0
282838 231 4 1 0
305013 231 3 2 0
337504 231 3 4 0
337897 231 2 3 0
452221 231 3 1 1
505329 231 2 1 0
506738 231 3 3 0
538110 231 3 3 0
1900 232 3 3 0
3672 232 3 1 0
7692 232 3 3 0
11314 232 4 3 0
12172 232 3 1 0
204120 232 3 1 0
276827 232 2 3 0
277529 232 4 3 1
277654 232 3 0 0
338354 232 2 1 0
350456 232 4 3 1
409541 232 3 3 0
450188 232 3 1 1
526339 232 3 1 0
537546 232 2 3 0
538942 232 2 1 0
554023 232 3 3 0
34209 233 4 3 0
127192 233 3 3 0
127569 233 2 4 0
130864 233 2 3 1
204881 233 2 1 0
205177 233 4 1 1
276659 233 3 0 0
304325 233 2 3 1
337542 233 2 0 0
340815 233 2 3 0
554504 233 1 4 1
127190 234 3 1 1
201669 234 2 2 0
220303 234 2 3 0
226244 234 3 0 1
294415 234 4 0 0
337825 234 3 1 0
350455 234 3 3 0
536035 234 2 1 0
538708 234 2 1 0
3291 235 2 1 0
33778 235 3 3 0
138970 235 4 3 0
204742 235 3 1 0
205688 235 2 0 0
220743 235 3 2 0
282547 235 3 1 0
337174 235 3 4 1
338256 235 4 1 0
489051 235 4 3 0
537913 235 2 1 0
128357 236 3 3 0
129008 236 3 3 0
130405 236 3 3 0
204178 236 2 1 0
209646 236 3 1 0
210843 236 3 1 0
221448 236 3 1 0
226069 236 2 0 0
227667 236 2 1 0
233906 236 4 3 0
337538 236 2 0 0
337717 236 3 3 0
337984 236 3 3 0
337987 236 2 3 0
389802 236 4 3 0
451633 236 3 1 1
477413 236 3 2 0
505332 236 2 1 0
507133 236 3 3 0
2517 237 4 1 0
33969 237 2 1 0
35074 237 3 1 0
204772 237 3 0 0
204880 237 2 1 0
220739 237 2 0 0
281617 237 3 1 0
333817 237 3 3 1
337683 237 1 3 0
337877 237 2 3 0
337967 237 4 1 0
337978 237 3 0 0
338389 237 2 1 0
338639 237 2 1 0
409546 237 3 0 0
426683 237 3 2 0
537372 237 2 1 0
537379 237 2 0 0
537381 237 4 1 0
538152 237 3 1 0
538974 237 3 1 0
53764 238 3 3 0
134384 238 2 3 0
138968 238 3 0 0
204180 238 2 3 0
204883 238 4 1 0
205682 238 4 0 0
209876 238 4 1 0
209878 238 3 1 0
282998 238 4 1 0
305015 238 3 3 0
337224 238 3 4 0
337751 238 3 1 0
366711 238 3 2 0
451625 238 2 0 1
451631 238 1 1 0
458189 238 4 3 0
476914 238 3 3 0
526407 238 4 3 0
537477 238 2 1 0
538020 238 3 1 0
538715 238 4 3 0
34149 239 2 1 1
50409 239 4 1 0
54539 239 3 2 0
204551 239 4 1 0
204743 239 2 2 0
210338 239 2 3 0
227392 239 4 1 0
227665 239 2 1 0
277007 239 3 1 1
281771 239 3 1 0
302890 239 2 3 0
337913 239 2 4 1
408864 239 2 0 0
451461 239 3 1 0
537494 239 3 1 0
548385 239 3 2 0
204771 240 2 0 0
205690 240 3 2 0
226520 240 3 1 0
281418 240 2 1 0
294889 240 3 1 0
338169 240 3 1 0
409030 240 2 3 0
537377 240 3 3 1
537378 240 3 0 0
34113 241 4 1 0
34117 241 3 1 1
34120 241 2 3 0
139209 241 3 0 0
197366 241 3 3 0
204249 241 3 0 0
210841 241 3 1 0
226698 241 2 3 0
227826 241 4 1 0
268516 241 3 3 0
281791 241 3 1 0
337500 241 3 1 0
337931 241 3 1 0
337995 241 2 2 0
338710 241 4 1 0
365552 241 2 2 0
375489 241 3 3 0
394806 241 3 3 0
452810 241 2 3 0
509451 241 2 3 0
537374 241 3 2 0
538052 241 3 1 0
2755 242 4 1 0
33970 242 3 1 0
51356 242 3 1 0
171510 242 2 3 0
225873 242 3 1 0
256333 242 3 2 0
281775 242 3 0 0
336925 242 2 3 0
337920 242 3 3 0
337969 242 2 1 0
537181 242 4 1 0
537383 242 3 3 0
539005 242 3 1 0
33972 243 4 1 0
51363 243 2 1 0
157883 243 3 3 0
210051 243 3 1 0
227824 243 4 1 0
282791 243 2 4 1
294891 243 2 3 0
334679 243 2 3 0
337752 243 3 1 0
338172 243 4 3 0
338261 243 2 1 0
338321 243 2 1 0
338325 243 4 0 0
338640 243 3 3 0
475951 243 2 3 0
476156 243 2 1 0
506955 243 3 1 0
537184 243 1 1 0
537503 243 4 3 0
538087 243 4 3 0
34112 244 3 1 0
35246 244 3 1 0
47555 244 3 3 0
51357 244 3 1 0
205683 244 3 1 0
281770 244 3 3 0
282398 244 2 1 0
282704 244 4 1 0
337539 244 4 2 0
337843 244 3 1 0
338507 244 2 1 0
344280 244 3 3 0
345653 244 2 1 0
473240 244 3 3 1
475892 244 2 1 0
535471 244 3 2 0
535858 244 3 1 0
536753 244 3 1 1
537043 244 3 3 0
51211 245 2 4 0
74113 245 2 3 0
139147 245 3 0 0
204899 245 2 0 0
282738 245 2 1 0
334677 245 3 1 1
337338 245 3 0 0
338011 245 3 1 0
338168 245 2 0 0
338280 245 3 3 0
338331 245 3 3 0
338521 245 4 3 0
459942 245 4 3 0
475948 245 2 1 0
507112 245 3 1 0
535475 245 3 3 0
535715 245 3 1 0
535734 245 2 1 0
537981 245 3 4 1
538054 245 3 3 0
3281 246 3 1 0
33973 246 2 3 0
50663 246 3 3 1
209740 246 2 1 0
210052 246 3 2 0
213194 246 3 3 0
281866 246 2 3 0
294201 246 2 4 1
294550 246 3 3 0
337113 246 2 1 0
337128 246 2 1 0
337461 246 3 4 1
337626 246 3 4 1
337839 246 3 3 0
338430 246 3 1 0
451384 246 2 0 0
451462 246 3 2 0
477261 246 2 1 0
505869 246 3 1 0
535854 246 2 3 0
535952 246 3 3 0
536026 246 3 1 0
537611 246 2 4 0
538177 246 4 3 0
1110 247 2 3 0
34150 247 4 3 0
50602 247 2 1 0
50765 247 3 3 0
211060 247 4 1 0
309292 247 2 3 0
336837 247 4 3 0
336943 247 4 1 0
337035 247 4 1 0
337041 247 3 4 0
338260 247 3 1 0
408744 247 4 0 0
475838 247 4 1 0
505224 247 2 1 0
506889 247 3 1 0
506956 247 2 2 0
536028 247 3 3 0
536997 247 3 1 0
537033 247 2 1 0
537151 247 2 1 0
538090 247 3 1 0
51045 248 2 3 1
51771 248 3 3 1
86465 248 1 3 0
227341 248 3 1 0
266438 248 1 1 0
280211 248 2 1 0
281567 248 3 1 0
336840 248 2 3 0
337003 248 2 1 0
337340 248 3 3 0
338021 248 2 1 0
338279 248 4 3 0
409995 248 3 1 0
469483 248 2 2 0
506656 248 3 1 0
506706 248 4 4 0
535446 248 3 1 0
535682 248 3 3 0
538089 248 3 0 0
538454 248 2 1 0
539043 248 2 3 0
50604 249 3 3 0
74114 249 3 3 0
123811 249 3 2 0
211065 249 2 0 0
211066 249 3 1 1
350812 249 3 2 1
364340 249 3 3 1
418909 249 2 3 0
451198 249 1 1 0
484572 249 2 3 0
505495 249 4 1 0
505824 249 2 3 1
506257 249 2 1 1
506368 249 3 1 0
506705 249 3 4 0
506890 249 4 3 0
535616 249 4 1 0
535863 249 3 3 0
538187 249 3 1 0
2387 250 3 1 0
51527 250 2 3 0
157888 250 2 3 1
197980 250 4 3 0
209940 250 2 1 0
222236 250 3 3 0
227095 250 2 1 0
266434 250 2 3 0
294551 250 3 3 0
336951 250 3 1 0
337160 250 3 1 0
337253 250 2 0 0
337627 250 4 0 0
350813 250 2 3 0
357888 250 3 1 0
450250 250 4 3 0
505796 250 2 3 0
505915 250 4 1 1
505933 250 3 1 0
505965 250 2 1 0
507313 250 4 1 0
507354 250 3 1 0
535615 250 1 1 1
537186 250 3 3 0
537942 250 1 1 0
86463 251 2 2 0
197363 251 3 3 0
336838 251 4 3 0
408746 251 3 2 0
463192 251 3 3 0
477263 251 3 3 0
490192 251 3 3 0
510036 251 3 3 1
538219 251 3 1 0
538939 251 3 1 0
49634 252 3 3 0
51199 252 3 3 1
184546 252 3 3 1
210148 252 4 3 0
210903 252 3 1 0
210912 252 3 1 0
266441 252 3 1 0
280277 252 3 1 0
338018 252 3 0 0
338020 252 3 1 0
357887 252 1 0 0
423582 252 4 3 0
484569 252 2 1 0
506188 252 3 1 0
507176 252 4 3 0
536096 252 2 1 0
538943 252 3 1 0
192175 253 3 3 1
280214 253 3 3 1
337280 253 2 4 0
337414 253 4 1 0
337838 253 4 3 0
350161 253 3 3 0
409090 253 3 2 0
442895 253 2 1 0
505494 253 4 1 0
506534 253 4 1 0
535469 253 2 1 0
535859 253 3 3 0
535888 253 2 3 0
536681 253 4 1 0
538094 253 4 3 0
3355 254 4 1 0
51815 254 4 3 0
73755 254 4 3 0
209942 254 3 3 0
210296 254 2 3 0
226712 254 1 1 1
227353 254 4 0 0
280343 254 3 3 0
323182 254 3 3 1
356834 254 2 0 0
410595 254 3 1 0
505932 254 3 1 0
505967 254 2 2 1
505968 254 3 3 0
506576 254 3 3 0
506840 254 3 1 0
536139 254 2 1 0
536874 254 3 1 0
537312 254 2 4 0
538770 254 3 1 0
101439 255 4 3 0
192541 255 3 4 1
210047 255 3 1 0
210279 255 4 3 1
226720 255 4 1 0
280953 255 2 3 0
281365 255 2 1 0
282008 255 4 1 0
299598 255 2 1 0
337185 255 3 1 0
409194 255 3 3 0
463193 255 3 3 0
476955 255 3 1 0
504970 255 4 3 0
507322 255 2 2 0
535642 255 2 1 0
535733 255 3 1 0
535855 255 3 3 0
536383 255 2 1 0
537182 255 4 1 0
538093 255 4 3 1
538459 255 2 1 0
538940 255 4 3 0
156567 256 4 3 0
209911 256 2 1 0
210154 256 3 3 1
210365 256 2 3 1
210456 256 3 1 0
210746 256 5 2 1
211047 256 3 3 0
211062 256 2 1 0
227350 256 3 2 1
325677 256 4 3 1
337407 256 3 1 0
338464 256 3 3 0
357387 256 2 0 0
409299 256 3 4 0
410598 256 2 3 0
451937 256 3 3 0
505498 256 2 3 0
507295 256 3 1 0
536180 256 3 1 0
536247 256 1 1 0
537810 256 4 1 0
537830 256 3 3 0
29307 257 3 3 0
192540 257 3 3 0
198569 257 2 1 0
207588 257 3 3 0
209829 257 3 1 0
209832 257 1 3 0
226360 257 3 4 0
299444 257 3 3 1
299597 257 2 0 0
337143 257 4 4 1
338023 257 2 3 1
338532 257 4 1 0
450742 257 3 2 0
476919 257 3 1 0
505754 257 2 3 1
506171 257 4 4 0
506663 257 2 1 0
535509 257 3 1 0
536183 257 3 3 0
536878 257 2 1 0
537781 257 3 1 0
537893 257 1 1 0
538562 257 3 1 0
1889 258 3 1 0
210459 258 3 3 0
225987 258 3 1 0
226210 258 3 3 0
226877 258 3 4 1
226879 258 4 1 0
227809 258 2 1 0
299645 258 2 1 1
505547 258 2 3 1
538945 258 3 3 0
2008 259 3 3 0
210477 259 3 1 0
226918 259 3 1 0
338535 259 2 3 0
409193 259 3 3 0
441526 259 3 3 0
484483 259 2 1 0
535803 259 2 4 0
536644 259 3 1 0
536843 259 2 1 0
537484 259 3 1 1
537667 259 3 1 0
538518 259 4 0 0
51457 260 3 1 0
51927 260 4 1 0
53567 260 4 3 1
225820 260 3 4 1
226916 260 2 1 0
227287 260 3 1 1
227352 260 4 2 0
227853 260 2 0 1
298505 260 3 3 0
298508 260 4 1 0
299646 260 2 1 0
337146 260 3 2 0
337798 260 2 3 0
535851 260 2 1 0
537025 260 2 1 0
537481 260 1 1 0
50485 261 3 1 0
194413 261 3 4 0
207589 261 3 4 0
210966 261 3 3 0
210993 261 4 1 0
211038 261 3 1 0
227811 261 3 1 0
233289 261 3 3 0
266588 261 3 1 0
282794 261 3 3 0
300445 261 4 1 0
338398 261 3 1 0
442572 261 3 1 0
476155 261 3 1 0
477205 261 4 1 1
483328 261 2 3 0
506475 261 3 1 0
536331 261 3 4 1
536834 261 2 1 0
538112 261 3 1 0
539175 261 4 1 0
539183 261 2 4 0
51176 262 3 1 0
51177 262 2 1 0
210544 262 2 1 0
226092 262 3 1 0
338404 262 3 1 0
420453 262 2 3 0
505049 262 2 2 0
536646 262 3 3 0
6147 263 3 3 0
210687 263 3 1 0
226197 263 3 1 0
227348 263 2 3 0
282264 263 3 0 0
299647 263 4 1 0
338216 263 1 1 0
443942 263 2 1 0
444013 263 2 1 0
507315 263 3 2 0
536838 263 4 3 0
537180 263 3 0 0
539116 263 3 2 1
3621 264 2 2 0
50592 264 3 1 0
50880 264 3 3 0
51175 264 2 1 0
51538 264 3 1 0
210422 264 3 3 0
211051 264 3 3 0
226451 264 2 1 0
227543 264 2 1 0
227744 264 1 1 0
266598 264 2 1 0
266929 264 2 4 1
442575 264 4 3 0
477410 264 2 1 0
538526 264 3 3 0
51821 265 3 1 0
52296 265 2 1 0
211005 265 4 1 0
226094 265 2 3 1
226160 265 3 0 0
226164 265 2 3 0
226284 265 3 1 0
227814 265 3 3 0
297361 265 1 1 0
321962 265 3 3 0
337196 265 4 3 0
337294 265 2 1 0
337669 265 3 1 0
338347 265 2 1 0
418721 265 3 4 1
444015 265 2 3 0
537029 265 2 3 1
539117 265 3 2 1
51103 266 3 1 0
105521 266 4 3 0
205381 266 3 3 0
297637 266 4 1 0
298564 266 4 1 0
337189 266 3 1 0
337922 266 4 1 0
349247 266 3 3 0
442376 266 3 1 0
50303 267 3 1 0
50586 267 3 1 0
51402 267 1 1 0
51449 267 3 1 0
51800 267 4 1 0
227066 267 3 1 0
227544 267 3 2 0
227634 267 2 1 0
238791 267 4 3 0
298386 267 2 1 0
300633 267 2 1 0
336952 267 2 1 0
476736 267 4 1 0
507317 267 2 3 0
507318 267 3 3 0
50653 268 3 1 0
50730 268 3 0 0
51450 268 3 3 0
117892 268 3 3 0
203626 268 4 3 0
210858 268 3 1 0
227105 268 2 0 0
282263 268 3 0 0
282266 268 3 3 0
298472 268 2 1 0
299705 268 3 1 0
414075 268 2 2 0
476738 268 2 3 0
504389 268 3 0 0
537920 268 2 1 0
50588 269 1 3 0
51105 269 4 3 0
51539 269 4 1 1
51541 269 3 3 0
51802 269 2 2 1
52292 269 3 0 0
226287 269 3 3 0
226546 269 4 1 0
226630 269 4 1 0
273616 269 3 3 0
298384 269 2 1 0
298387 269 1 1 0
298511 269 3 1 0
338022 269 1 2 0
443650 269 2 3 0
443873 269 3 1 0
443915 269 3 3 0
50593 270 4 3 0
51487 270 3 1 0
210621 270 3 3 0
226832 270 4 1 0
251273 270 2 1 1
273608 270 2 4 0
297144 270 2 1 0
297364 270 3 2 0
299542 270 2 1 0
299712 270 1 1 0
337440 270 3 1 1
476356 270 2 1 0
504809 270 3 0 0
51092 271 3 1 0
51852 271 3 2 1
209902 271 2 1 1
210743 271 2 1 0
214816 271 2 3 0
225819 271 4 4 1
226199 271 3 3 0
226831 271 2 1 0
227008 271 2 1 0
229365 271 4 3 0
440765 271 2 4 1
10184 272 3 3 0
50849 272 4 1 0
51101 272 4 0 0
51536 272 2 0 0
51991 272 3 1 0
194022 272 4 3 0
227511 272 3 1 0
298189 272 3 1 0
464381 272 4 2 0
475729 272 3 1 0
503798 272 1 0 0
504393 272 3 3 0
51180 273 3 1 0
113639 273 3 3 0
181534 273 3 3 1
226631 273 3 1 0
227037 273 3 1 0
227440 273 2 1 0
227576 273 3 1 0
296872 273 1 1 0
298090 273 2 1 0
299721 273 4 1 0
442697 273 3 0 0
444014 273 4 1 1
38144 274 4 3 0
52069 274 2 1 0
227280 274 3 1 0
232516 274 2 3 0
251271 274 4 0 1
299723 274 3 1 0
300629 274 2 1 0
303661 274 2 3 0
355559 274 3 3 0
443144 274 3 1 0
504811 274 4 3 0
544720 274 2 3 0
51488 275 4 1 1
194019 275 3 1 0
215108 275 3 1 0
226344 275 3 3 0
298389 275 4 1 0
510577 275 3 4 0
510714 275 3 4 0
51039 276 3 4 0
52021 276 3 0 0
193296 276 3 1 0
226507 276 4 4 0
226535 276 2 3 0
259427 276 3 3 0
298967 276 2 4 1
298978 276 2 3 0
300910 276 3 1 0
339533 276 4 3 0
443996 276 2 4 1
503839 276 3 3 0
50836 277 3 1 0
197442 277 2 4 0
297677 277 3 3 0
441662 277 3 3 0
50548 278 2 1 0
50589 278 3 4 0
209691 278 3 2 0
214509 278 4 1 0
214735 278 4 4 0
215453 278 2 1 0
227278 278 3 3 0
251274 278 3 3 0
263132 278 3 2 0
298046 278 3 3 0
339529 278 2 1 0
377877 278 2 1 0
533956 278 2 1 0
533957 278 4 3 0
193316 279 3 0 0
197115 279 4 3 0
215752 279 3 1 0
226533 279 2 1 0
232520 279 4 3 0
298391 279 3 3 0
300639 279 2 2 1
457496 279 3 2 1
538661 279 4 1 0
193298 280 3 1 1
194209 280 2 1 0
198045 280 4 1 1
227271 280 3 3 0
227819 280 2 2 0
300911 280 4 1 0
339857 280 3 1 0
359657 280 4 3 0
441660 280 3 1 0
226384 281 4 1 0
264978 281 4 3 1
300299 281 4 2 0
301038 281 3 1 0
533955 281 2 1 0
51129 282 3 3 0
198172 282 1 1 0
211089 282 3 1 0
377873 282 3 0 0
443389 282 3 3 0
103196 283 4 1 0
164796 283 2 4 0
194290 283 2 0 0
197973 283 3 1 0
198733 283 2 1 0
215753 283 3 3 1
251275 283 3 3 0
300300 283 2 2 0
339856 283 4 0 0
480004 283 3 3 0
480008 283 2 3 0
87340 284 4 3 0
198051 284 3 3 0
198168 284 3 2 0
214671 284 2 1 0
215751 284 2 2 1
215868 284 3 3 0
300298 284 3 1 0
51892 285 3 3 0
69202 285 2 3 0
102843 285 1 1 0
193253 285 3 1 0
193254 285 3 2 0
232805 285 2 2 0
300293 285 2 1 0
433280 285 3 3 1
148512 286 2 2 0
193244 286 3 1 1
197383 286 3 3 0
198041 286 4 1 0
198086 286 2 1 0
199135 286 1 1 0
199391 286 2 1 0
211090 286 4 3 0
214477 286 3 1 0
299070 286 4 1 0
301260 286 4 3 0
102676 287 4 1 0
166581 287 2 3 0
193746 287 3 1 0
198040 287 3 3 0
215611 287 3 4 0
352342 287 4 3 0
199390 288 3 1 0
216051 288 2 3 0
299604 288 3 1 0
299606 288 2 2 0
352341 288 2 3 0
367371 288 1 4 0
391172 288 3 4 0
51888 289 3 1 0
197661 289 3 1 0
199126 289 2 1 0
299072 289 3 3 0
198087 290 3 1 0
199139 290 2 3 0
214507 290 2 3 1
215068 290 4 3 0
215747 290 4 0 0
215750 290 3 2 0
296369 290 3 3 0
7266 291 3 3 0
51077 291 2 2 0
51236 291 3 1 0
134240 291 3 3 0
193397 291 2 3 1
193498 291 3 3 0
193597 291 4 4 1
197426 291 3 1 0
197659 291 3 0 0
197729 291 2 1 0
198348 291 2 1 1
198359 291 3 1 0
199049 291 4 1 0
199136 291 2 1 0
199392 291 1 3 0
214476 291 3 1 0
215067 291 4 2 0
215790 291 4 3 0
215862 291 2 1 0
357916 291 4 2 0
50394 292 4 1 0
51890 292 4 1 0
103326 292 4 1 0
103657 292 4 3 0
188337 292 2 2 0
194213 292 2 1 0
197290 292 2 1 0
197424 292 4 1 0
199547 292 3 1 0
345829 292 3 4 0
357894 292 3 4 1
375402 292 4 3 0
51575 293 3 1 0
181938 293 2 3 0
197683 293 4 3 0
197850 293 4 1 0
199530 293 3 1 0
215069 293 3 3 0
335690 293 3 3 0
197663 294 3 3 0
198379 294 3 1 0
215064 294 3 1 0
215999 294 3 1 1
443853 294 3 3 0
50425 295 3 1 0
103039 295 3 1 0
197684 295 3 4 0
197726 295 3 0 0
198382 295 2 4 0
198596 295 3 3 1
216049 295 1 1 0
50716 296 3 3 0
51436 296 3 3 0
51574 296 2 1 0
197851 296 2 3 0
198369 296 2 3 1
199127 296 4 1 0
199374 296 1 1 0
215859 296 4 1 0
215860 296 3 1 0
295351 296 4 3 1
484114 296 3 3 0
50424 297 3 1 0
198262 297 2 3 1
199231 297 4 1 0
215071 297 3 1 0
344782 297 4 4 0
525663 297 3 3 0
559169 297 4 2 0
51438 298 4 3 0
103038 298 2 1 0
193439 298 4 1 0
193440 298 2 1 0
197815 298 4 1 0
198025 298 3 3 0
199236 298 3 2 0
215861 298 3 1 0
216012 298 3 1 0
345678 298 2 3 0
443733 298 3 3 0
549168 298 2 3 1
197734 299 2 1 0
198526 299 4 1 0
198529 299 3 3 0
198591 299 4 1 0
37153 300 3 4 0
85402 300 2 3 0
193876 300 3 1 0
198593 300 4 1 0
199235 300 3 2 0
214631 300 3 4 1
216041 300 3 1 0
238168 300 3 3 1
15068 301 4 3 1
51434 301 4 1 0
215072 301 3 3 0
215275 301 2 1 0
525664 301 2 3 1
20117 302 4 3 0
20736 302 3 3 0
84137 302 2 1 0
193779 302 3 1 1
198052 302 4 4 1
199331 302 4 1 0
216152 302 2 1 0
345672 302 3 2 1
50778 303 3 1 0
84162 303 2 1 0
193222 303 2 1 0
197381 303 3 1 0
197672 303 2 1 0
197721 303 2 0 0
198882 303 3 4 1
215146 303 2 1 0
215832 303 4 1 0
345676 303 4 2 0
164865 304 4 4 1
166005 304 3 3 1
193721 304 3 3 0
193875 304 3 1 0
197573 304 4 3 0
198478 304 4 1 0
199333 304 3 3 0
209655 304 1 3 0
215102 304 3 1 0
215150 304 2 4 0
239376 304 3 3 0
193220 305 1 0 0
193234 305 2 1 0
193879 305 2 2 0
198920 305 2 1 0
215180 305 3 1 0
20118 306 3 3 0
193221 306 3 0 0
193780 306 4 1 0
197750 306 3 1 0
214783 306 4 1 0
215145 306 2 0 0
215659 306 2 1 0
77204 307 4 3 0
197764 307 2 3 0
215101 307 3 0 0
166357 308 4 4 0
197343 308 3 0 0
197723 308 2 1 0
198396 308 3 1 0
215178 308 2 1 0
215375 308 3 2 0
216025 308 2 4 1
517533 308 4 3 0
194061 309 3 3 0
194464 309 3 1 0
198447 309 2 3 0
84140 310 4 3 0
215538 310 3 3 0
197342 311 2 0 0
215575 311 3 1 0
215658 311 3 1 0
215661 311 2 3 0
557532 311 2 3 0
10019 312 1 3 0
193225 312 4 2 0
197480 312 3 2 0
214616 312 2 0 0
215197 312 3 2 0
215217 312 2 1 0
215336 312 4 1 0
198246 313 4 1 0
198921 313 2 2 0
215159 313 3 1 0
216162 313 1 1 0
345187 313 3 3 0
83553 314 2 1 0
215036 314 3 1 0
215241 314 3 1 0
215975 314 3 3 1
83789 315 2 1 0
132906 315 3 2 0
197382 315 4 1 0
291125 315 3 3 0
355349 315 3 3 0
83507 316 4 1 0
82820 317 2 1 0
83213 317 4 3 0
83430 317 2 1 0
193286 317 2 1 1
199147 317 3 3 0
214597 317 2 1 0
83451 318 3 1 0
83848 318 3 1 0
215037 318 3 1 0
215976 318 3 3 1
216163 318 3 3 0
297302 318 2 3 0
83788 319 3 1 0
198030 319 4 0 0
82821 320 2 1 0
83509 320 4 3 0
83847 320 3 1 0
215035 320 3 0 0
143539 321 3 3 0
198034 321 4 2 0
198122 321 3 1 0
422028 321 2 3 0
82824 322 3 3 0
83429 322 4 0 1
83791 322 2 3 0
86317 322 3 2 0
442465 322 3 3 0
444464 322 3 3 1
37975 323 2 3 0
83275 323 2 1 0
215041 323 3 3 0
327745 323 2 3 0
156655 324 2 3 0
198031 324 4 1 0
198125 324 2 3 1
34199 325 4 3 0
39272 325 3 0 0
83312 326 2 1 0
214354 326 3 3 0
509199 326 3 0 0
555741 326 4 3 0
82822 327 4 2 0
327743 327 3 1 0
508957 327 1 0 0
38922 328 4 3 0
39276 328 2 3 0
39283 328 3 1 0
76433 330 4 3 0
83313 330 3 2 0
339420 330 2 1 0
441413 330 4 3 0
509201 330 4 1 0
98842 331 1 1 0
83311 332 4 1 0
98849 332 4 3 0
352943 332 4 3 0
509203 332 3 3 0
83315 333 3 3 0
293444 333 2 3 0
508209 333 4 1 0
509200 333 1 1 0
509212 333 2 1 0
116577 334 3 3 0
83582 335 3 1 0
98846 335 3 1 0
294962 335 3 4 0
441710 335 3 2 0
509437 336 4 1 0
117278 337 3 4 1
155924 337 1 1 1
509114 337 3 1 0
155765 338 3 1 0
440408 338 2 2 0
507399 338 3 1 0
84052 339 3 2 0
84054 339 3 3 0
84282 339 3 3 0
98840 339 3 1 0
508154 339 2 1 0
509044 339 3 1 0
509286 339 2 1 0
509438 339 2 3 1
507973 340 3 1 0
508453 340 2 1 0
508838 340 4 1 0
83112 341 4 1 0
156040 341 3 1 0
221775 341 2 2 0
440407 341 3 1 1
441712 341 4 3 1
507400 341 3 1 0
507963 341 1 2 0
509353 341 3 1 0
509357 341 2 1 0
98841 342 3 1 0
507974 342 4 1 0
508003 342 2 1 0
508122 342 2 1 0
508495 342 3 1 0
508750 342 3 3 0
508996 342 2 1 0
509356 342 3 0 0
82996 343 3 1 0
83111 343 2 1 0
84114 343 1 1 0
440406 343 3 1 0
507455 343 3 1 0
507494 343 2 3 0
507496 343 1 1 0
507936 343 2 1 0
508406 343 2 1 0
508910 343 3 1 0
509368 343 3 3 0
84257 344 3 1 0
222188 344 3 4 0
440411 344 2 3 0
440956 344 2 4 0
441022 344 3 1 0
441024 344 2 3 0
507495 344 3 1 0
507634 344 3 1 0
508121 344 2 1 0
508465 344 1 3 0
508611 344 3 3 0
508999 344 3 3 0
509190 344 2 0 0
133970 345 2 3 0
156037 345 3 1 1
172464 345 4 2 0
440409 345 4 2 0
440414 345 3 3 0
441429 345 2 1 0
507657 345 3 3 1
507899 345 5 3 0
508360 345 3 1 0
508607 345 2 1 0
508886 345 3 4 1
509007 345 3 4 0
157420 346 3 1 0
157558 346 3 1 0
441619 346 3 1 0
507492 346 4 1 0
507813 346 3 3 0
507966 346 4 4 0
509352 346 4 1 0
82995 347 3 1 0
84118 347 3 3 0
156245 347 2 1 0
157287 347 2 1 0
441772 347 2 1 0
507493 347 3 3 0
507662 347 3 3 0
507937 347 3 1 0
508040 347 3 1 0
508509 347 4 1 0
15047 348 3 4 0
441427 348 3 0 0
441502 348 3 1 0
507452 348 4 1 0
507458 348 4 3 0
508366 348 3 3 0
508608 348 2 1 0
509310 348 2 1 0
156526 349 3 3 0
157290 349 3 3 0
507965 349 2 4 0
508670 349 3 4 1
155942 350 3 1 0
156190 350 1 1 0
156386 350 3 1 0
508506 350 2 1 0
58130 351 3 1 0
122565 351 4 3 1
298604 351 2 3 0
441424 351 3 3 0
441430 351 4 1 0
507671 351 2 3 0
507696 351 4 3 1
507719 351 3 1 0
156525 352 4 3 0
157551 352 5 3 1
276764 352 2 3 0
441428 352 4 1 0
508606 352 3 0 0
508612 352 2 3 0
508718 352 2 1 0
15036 353 4 3 0
57000 353 3 1 0
441221 353 3 1 0
467892 353 1 3 0
508364 353 2 1 0
57020 354 4 1 0
156294 354 4 1 0
440242 354 3 1 0
442025 354 4 4 0
508758 354 4 3 0
15046 355 3 3 0
155730 355 1 1 0
441632 355 3 1 0
442150 355 2 2 1
507787 355 3 4 0
509308 355 3 0 0
56999 356 2 1 0
156192 356 3 3 0
156355 356 2 3 0
156524 356 4 1 0
156247 357 3 1 0
156973 357 3 1 0
157627 357 4 1 0
249534 357 3 3 0
440422 357 2 3 0
441211 357 3 1 0
490324 357 4 3 0
508847 357 2 3 1
508960 357 4 2 0
387211 358 1 3 1
441364 358 2 4 0
441640 358 2 3 0
468924 358 3 2 0
507668 358 3 1 0
507758 358 2 1 0
14845 359 3 2 0
156176 359 3 1 0
156755 359 3 1 0
156937 359 1 2 0
168282 359 4 2 0
428707 359 4 3 0
490946 359 3 1 0
508707 359 2 1 0
440421 360 4 3 0
441881 360 1 1 0
483673 360 4 2 0
508305 360 2 1 0
156746 361 3 1 0
156906 361 3 1 0
157103 361 2 1 0
174145 361 4 2 0
330060 361 1 3 0
441642 361 3 4 0
507806 361 2 4 1
508081 361 3 1 0
509218 361 2 1 0
13504 362 2 0 0
155735 362 2 4 0
156999 362 3 3 0
256298 362 1 3 0
441147 362 4 3 1
507862 362 1 1 0
509327 362 2 1 0
509524 362 2 1 0
155873 363 2 1 0
155909 363 2 1 0
157026 363 2 1 0
157108 363 3 0 0
440448 363 2 1 0
440651 363 2 1 0
508528 363 2 4 0
509092 363 3 1 0
509156 363 2 1 0
155982 364 2 1 1
156747 364 1 1 0
200075 364 2 3 0
428358 364 4 4 1
440620 364 3 1 0
440650 364 2 1 0
440946 364 2 1 0
508083 364 3 1 0
