66328 0 4 3 3
66329 0 4 3 3
274674 0 4 3 1
282805 0 5 3 3
282806 0 5 3 3
360623 0 5 3 2
226449 0 6 3 3
226451 0 6 3 3
115777 0 7 3 1
115778 0 7 3 1
420414 0 7 3 3
420750 0 7 3 1
448228 0 8 3 3
117269 0 11 3 3
448236 0 11 3 3
216145 0 12 3 1
419298 0 12 3 1
216062 0 13 3 1
215798 1 16 3 4
419941 0 16 3 1
419943 0 16 3 1
419964 0 16 3 1
419968 0 16 3 1
215670 0 18 3 1
216023 0 18 3 1
216025 0 18 3 1
216059 0 18 3 3
216060 0 18 3 3
419963 0 18 3 1
419544 0 19 3 2
419545 0 19 3 2
216150 0 20 3 1
419560 0 20 3 3
215222 0 21 3 3
215991 0 21 3 3
215992 0 21 3 3
216194 0 21 3 3
419450 1 21 3 0
419543 1 22 3 2
419545 1 22 3 2
419562 0 22 3 1
419563 0 22 3 1
420211 0 22 3 1
216197 0 23 3 1
216200 0 23 3 1
419139 0 23 3 1
419142 0 23 3 1
215517 1 25 3 3
419158 0 25 3 1
419298 0 25 3 1
20076 0 26 3 3
215514 0 26 3 1
215515 0 26 3 1
419317 0 26 3 1
420086 0 26 3 1
420087 0 26 3 1
337757 0 27 3 3
337758 0 27 3 3
419593 0 27 3 1
420843 0 27 3 1
216200 1 28 3 1
420721 0 29 3 1
419552 0 30 3 1
420263 0 30 3 1
419387 0 31 3 3
420354 1 32 3 1
419474 0 33 3 1
420041 1 33 3 1
420044 1 33 3 1
420045 1 33 3 1
419643 0 34 3 3
420110 0 34 3 1
420111 0 34 3 1
420561 0 34 3 1
419330 0 35 3 1
419478 1 36 3 4
420040 0 36 3 1
420112 0 36 3 1
420116 0 36 3 1
420029 0 37 3 4
420554 0 37 3 1
420555 0 37 3 1
419330 0 38 3 3
419753 0 38 3 3
419754 0 38 3 3
419755 0 38 3 3
420109 1 38 3 1
420291 0 38 3 1
420292 0 38 3 1
419225 1 39 3 0
420116 0 39 3 1
420117 0 39 3 1
420476 0 40 3 3
419323 1 41 3 2
419837 0 41 3 1
419840 0 41 3 1
420699 0 42 3 0
419482 1 43 3 0
419483 1 43 3 0
419645 0 43 3 1
420554 0 44 3 1
420555 0 44 3 1
420556 0 44 3 1
515316 0 44 3 3
419445 1 45 3 1
419530 1 45 3 3
24239 0 46 3 3
24241 0 46 3 3
419581 0 46 3 3
419582 0 46 3 3
468102 0 46 3 3
419729 0 47 3 0
419730 0 47 3 0
419912 0 47 3 1
419914 0 47 3 1
419917 0 47 3 1
420538 0 50 3 0
466626 0 50 3 1
419557 0 51 3 3
420607 0 51 3 1
420602 1 52 3 3
420604 1 52 3 3
420152 1 54 3 1
472996 0 55 3 3
472994 0 60 3 1
473432 0 63 3 1
472999 0 64 3 3
473000 0 64 3 3
472254 0 69 3 4
472256 0 69 3 1
472259 0 69 3 1
433963 1 71 3 3
473837 0 71 3 1
473840 0 71 3 1
472705 0 72 3 1
472706 0 72 3 1
473670 0 72 3 1
472063 0 73 3 1
473357 0 73 3 1
473358 0 73 3 1
435275 1 74 3 4
472156 0 76 3 3
473838 0 76 3 0
472148 0 77 3 3
473795 0 77 3 4
472389 0 79 3 2
472392 0 79 3 2
472377 1 80 3 1
473435 0 80 3 1
473436 0 80 3 1
473699 0 80 3 3
457319 0 81 3 3
457320 0 81 3 3
473320 0 81 3 1
473321 0 81 3 1
473323 0 81 3 1
473325 0 81 3 1
473327 0 81 3 1
473317 0 82 3 1
473318 0 82 3 1
473430 1 82 3 1
344464 0 83 3 2
344465 0 83 3 2
541701 0 83 3 3
472798 0 86 3 1
541464 0 86 3 2
541465 0 86 3 2
394683 1 87 3 3
492032 0 87 3 3
523698 1 87 3 3
419472 0 88 3 3
419474 0 88 3 3
67915 0 90 3 3
472114 1 90 3 1
100241 0 91 3 1
354911 0 91 3 2
472815 0 92 3 3
472116 0 93 3 3
472450 0 93 3 3
473116 0 94 3 1
473116 0 94 3 1
492033 1 94 3 1
150138 0 95 3 3
150139 0 95 3 3
472346 0 95 3 2
472347 0 95 3 2
472365 0 95 3 1
472371 0 95 3 1
472921 0 95 3 3
472922 0 95 3 3
472252 0 96 3 1
472253 0 96 3 1
472369 0 96 3 1
472808 0 98 3 1
472809 0 98 3 1
472810 0 98 3 1
473338 0 98 3 1
473339 0 98 3 1
473340 0 98 3 1
472568 0 99 3 1
472190 0 100 3 1
472192 0 100 3 1
472567 0 102 3 1
472569 0 102 3 1
473528 0 103 3 3
101265 0 105 3 1
101267 0 105 3 1
101269 0 105 3 1
472570 0 105 3 1
472917 0 105 3 1
473748 0 105 3 3
101277 0 106 3 3
473560 0 106 3 3
101678 0 107 3 4
111832 0 108 3 3
473749 0 108 3 2
473750 0 108 3 2
101285 0 109 3 1
101288 0 109 3 1
146179 0 109 3 3
146181 0 109 3 3
400961 0 109 3 2
472158 0 109 3 3
473748 1 109 3 1
473749 1 109 3 1
101265 1 110 3 3
195756 0 110 3 3
473465 0 111 3 4
99727 1 112 3 1
399798 0 112 3 2
101748 0 114 3 1
101750 0 114 3 1
101751 0 114 3 1
472949 0 114 3 1
100872 1 115 3 1
100875 1 115 3 1
101389 0 115 3 1
100146 0 119 3 1
100147 0 119 3 1
473747 1 119 3 1
100876 1 120 3 1
101387 0 120 3 0
101389 0 120 3 0
472147 0 121 3 1
472148 0 121 3 1
101186 1 122 3 0
101524 0 122 3 1
101525 0 122 3 1
100227 0 123 3 1
100230 0 123 3 1
100869 0 123 3 1
100874 0 123 3 1
100869 0 123 3 1
100425 0 124 3 2
101714 1 124 3 2
472147 0 124 3 0
100051 0 126 3 1
99906 0 127 3 1
99907 0 127 3 1
99946 0 127 3 1
99965 0 127 3 4
100584 0 127 3 1
99800 0 128 3 1
100582 0 128 3 3
100583 0 128 3 3
100587 0 128 3 3
481476 0 128 3 3
481478 0 128 3 3
101280 0 129 3 3
101872 0 129 3 1
481486 0 129 3 2
481487 0 129 3 2
101694 0 130 3 3
101695 0 130 3 3
117050 0 130 3 3
419605 0 130 3 2
99907 0 131 3 3
116781 0 131 3 3
225033 0 131 3 3
225034 0 131 3 3
99448 0 132 3 2
99449 0 132 3 2
100027 0 132 3 1
100028 0 132 3 1
100031 0 132 3 1
100054 0 132 3 4
101709 0 132 3 3
101711 0 132 3 3
256248 0 132 3 3
481486 0 132 3 3
99451 0 133 3 1
99452 0 133 3 1
99799 0 133 3 3
101171 0 133 3 1
102508 1 133 3 2
481125 0 133 3 1
100029 0 134 3 1
100030 0 134 3 1
100031 0 134 3 1
101098 0 134 3 1
101468 0 134 3 3
100501 0 135 3 1
101095 0 135 3 3
101097 0 135 3 3
473247 0 135 3 1
99447 0 136 3 3
99930 0 136 3 3
116784 0 136 3 1
477357 0 136 3 3
496329 0 136 3 3
99450 0 137 3 0
99451 0 137 3 0
100308 0 137 3 3
100309 0 137 3 3
101333 0 137 3 1
101336 0 137 3 1
99801 0 138 3 1
101115 0 138 3 1
101118 0 138 3 1
481203 1 138 3 1
481812 1 138 3 1
481813 1 138 3 1
481815 1 138 3 1
186742 0 139 3 1
186743 0 139 3 1
186745 0 139 3 1
224609 1 139 3 3
481202 0 139 3 3
57087 1 140 3 3
57088 1 140 3 3
101600 1 140 3 1
101601 1 140 3 1
101603 1 140 3 1
481142 1 140 3 1
481509 0 140 3 1
99697 0 141 3 1
99698 0 141 3 1
204697 1 141 3 1
481139 0 141 3 2
481140 0 141 3 2
481141 0 141 3 2
100770 0 142 3 1
100978 0 142 3 1
186644 0 142 3 1
186646 0 142 3 1
301174 0 142 3 2
301178 0 142 3 2
322166 0 142 3 3
481178 0 142 3 1
100104 0 143 3 1
100108 0 143 3 1
100394 1 144 3 1
204885 0 144 3 1
204833 0 145 3 1
204835 0 145 3 1
204836 0 145 3 1
100395 0 147 3 3
101141 1 147 3 0
101340 0 147 3 0
101341 0 147 3 0
164558 0 147 3 2
164560 0 147 3 2
164564 0 147 3 2
186048 0 147 3 1
186426 0 147 3 1
322177 0 147 3 3
205460 0 148 3 1
205459 0 148 3 1
100400 0 149 3 2
204481 0 149 3 1
204482 0 149 3 1
204483 0 149 3 1
204484 0 149 3 1
204491 0 149 3 1
205462 1 149 3 0
100094 0 150 3 1
101338 0 150 3 3
164554 0 150 3 3
164557 0 150 3 3
185515 0 150 3 3
185690 0 150 3 1
377288 0 150 3 3
377290 0 150 3 3
186166 1 151 3 1
204301 0 151 3 1
212526 0 151 3 3
185691 0 152 3 0
185692 0 152 3 0
185693 0 152 3 0
186291 0 152 3 3
204450 0 152 3 1
204451 0 152 3 1
205615 0 152 3 1
487667 0 152 3 0
185468 1 153 3 1
185912 0 153 3 1
186296 0 153 3 1
186299 0 153 3 1
204302 0 153 3 3
205643 0 153 3 1
343094 0 153 3 3
343096 0 153 3 3
186307 0 154 3 1
186440 0 154 3 3
185690 0 155 3 1
185693 0 155 3 1
185694 0 155 3 1
187065 1 155 3 3
187066 1 155 3 3
187067 1 155 3 3
311265 0 155 3 3
487786 0 155 3 0
487787 0 155 3 0
27345 0 156 3 3
61397 0 156 3 1
101196 0 156 3 0
101197 0 156 3 0
101200 0 156 3 0
185929 0 156 3 1
186297 0 156 3 1
186299 0 156 3 1
186981 0 156 3 3
194094 0 156 3 3
487917 0 156 3 1
487920 0 156 3 1
101200 0 157 3 1
185640 0 157 3 1
187066 0 157 3 3
187067 0 157 3 3
205637 0 157 3 2
205640 0 157 3 2
488773 0 157 3 1
185865 0 158 3 1
186619 0 158 3 1
186620 0 158 3 1
487917 0 158 3 3
487919 0 158 3 3
488486 0 158 3 0
62156 0 159 3 1
62157 0 159 3 1
185863 1 159 3 2
186217 0 159 3 3
186218 0 159 3 3
205644 0 159 3 2
205647 0 159 3 2
99931 1 160 3 1
99932 1 160 3 1
105559 0 160 3 1
185467 0 160 3 1
185470 0 160 3 1
185729 0 160 3 0
186004 0 160 3 1
186400 0 160 3 1
186442 0 160 3 1
204067 1 160 3 1
204302 1 160 3 0
204306 1 160 3 0
277195 0 160 3 3
277197 0 160 3 3
185808 0 161 3 1
186179 1 161 3 1
186732 0 161 3 4
186734 0 161 3 4
204898 0 161 3 1
488096 0 161 3 0
488127 0 161 3 2
488128 0 161 3 2
58941 0 162 3 3
58943 0 162 3 3
62153 0 162 3 1
101111 0 162 3 1
101112 0 162 3 1
101194 0 162 3 1
101199 0 162 3 1
101200 0 162 3 1
105924 0 162 3 1
185724 1 162 3 1
186268 1 162 3 0
186295 0 162 3 1
186479 1 162 3 3
186480 1 162 3 3
306308 0 162 3 3
487335 0 162 3 0
185465 0 163 3 3
185466 0 163 3 3
185470 0 163 3 3
185804 0 163 3 1
185806 0 163 3 1
185807 0 163 3 1
186478 1 163 3 0
186480 1 163 3 0
186481 1 163 3 0
204945 0 163 3 0
204946 0 163 3 0
205656 0 163 3 3
488507 0 163 3 1
61729 0 164 3 1
186835 0 164 3 1
186887 0 164 3 3
186888 0 164 3 3
187352 0 164 3 1
488503 0 164 3 1
61031 1 165 3 1
186557 0 165 3 1
186560 0 165 3 1
186983 0 165 3 3
186984 0 165 3 3
205256 0 165 3 1
224879 0 165 3 3
557166 0 165 3 3
186379 0 166 3 1
186380 0 166 3 1
196584 0 166 3 3
196588 0 166 3 3
204289 0 166 3 0
204947 0 166 3 2
276824 0 166 3 1
100834 0 167 3 1
100837 0 167 3 1
104225 1 167 3 1
104227 1 167 3 1
204943 0 167 3 3
204946 0 167 3 3
224881 0 167 3 1
332289 0 167 3 3
488094 0 167 3 2
488096 0 167 3 2
488098 0 167 3 2
3173 0 168 3 3
100552 0 168 3 1
100553 0 168 3 1
106370 0 168 3 1
185903 0 168 3 1
185905 0 168 3 1
185966 1 168 3 1
196584 0 168 3 2
196586 0 168 3 2
276934 0 168 3 1
332285 0 168 3 1
332289 0 168 3 1
488094 0 168 3 2
488096 0 168 3 2
488097 0 168 3 2
488497 0 168 3 1
498497 0 168 3 3
100221 0 169 3 0
100351 0 169 3 3
100354 0 169 3 3
100855 0 169 3 1
101428 0 169 3 1
101430 0 169 3 1
104285 0 169 3 1
104287 0 169 3 1
185552 0 169 3 1
185555 0 169 3 1
186557 0 169 3 3
186561 0 169 3 3
187124 0 169 3 1
187126 0 169 3 1
187128 0 169 3 1
224881 0 169 3 3
277693 0 169 3 3
291816 1 169 3 1
292263 0 169 3 1
292266 0 169 3 1
60885 0 170 3 1
60883 0 170 3 3
100489 0 170 3 1
104940 0 170 3 1
104943 0 170 3 1
185627 0 170 3 3
185628 0 170 3 3
185629 0 170 3 3
186037 0 170 3 1
205256 1 170 3 1
205259 1 170 3 1
205463 0 170 3 1
205467 0 170 3 1
217697 0 170 3 3
276821 0 170 3 1
281544 0 170 3 1
281545 0 170 3 1
100337 0 171 3 0
100339 0 171 3 0
101114 0 171 3 1
101117 0 171 3 1
101118 0 171 3 1
104618 0 171 3 1
186782 1 171 3 3
186985 0 171 3 3
187125 0 171 3 3
205328 0 171 3 1
205329 0 171 3 1
205327 1 171 3 3
292647 0 171 3 1
292650 0 171 3 1
292651 0 171 3 1
385806 0 171 3 3
385807 0 171 3 3
487651 0 171 3 1
488003 1 171 3 2
488015 1 171 3 1
488017 1 171 3 1
488018 1 171 3 1
488481 0 171 3 0
43851 0 172 3 3
43853 0 172 3 3
57817 0 172 3 3
101192 1 172 3 1
101193 1 172 3 1
105301 0 172 3 1
105359 0 172 3 0
126136 0 172 3 2
186037 1 172 3 1
186038 1 172 3 1
186791 0 172 3 0
204096 0 172 3 3
229816 1 172 3 1
276276 0 172 3 3
409783 0 172 3 3
487363 0 172 3 1
488500 0 172 3 1
488502 0 172 3 4
531507 0 172 3 3
60900 1 173 3 1
62277 0 173 3 3
62278 0 173 3 3
104616 0 173 3 1
104619 0 173 3 1
104620 0 173 3 1
104617 0 173 3 3
104618 0 173 3 3
186944 0 173 3 3
186945 0 173 3 3
186946 0 173 3 3
187265 0 173 3 3
196558 1 173 3 1
196561 1 173 3 1
204759 0 173 3 1
281541 0 173 3 2
282851 0 173 3 1
291188 0 173 3 1
292266 0 173 3 1
292296 0 173 3 1
393722 0 173 3 3
104965 0 174 3 1
104967 0 174 3 1
204265 0 174 3 1
205096 0 174 3 3
205097 0 174 3 3
205098 0 174 3 3
205254 0 174 3 3
205255 0 174 3 3
205516 0 174 3 1
277335 0 174 3 1
104545 0 175 3 1
186034 0 175 3 1
186037 0 175 3 1
186034 0 175 3 3
186035 0 175 3 3
186860 1 175 3 1
205328 0 175 3 1
276931 0 175 3 0
276932 0 175 3 0
293156 1 175 3 0
293158 1 175 3 0
293160 1 175 3 0
409778 0 175 3 3
487650 0 175 3 3
487651 0 175 3 3
488495 0 175 3 4
488695 0 175 3 3
488696 0 175 3 3
488823 0 175 3 1
89242 1 176 3 1
89243 1 176 3 1
99624 1 176 3 0
99625 1 176 3 0
99626 1 176 3 0
100116 0 176 3 1
100119 0 176 3 1
100815 0 176 3 4
100816 0 176 3 4
106338 0 176 3 1
185570 1 176 3 1
185571 1 176 3 1
186696 0 176 3 0
186697 0 176 3 0
186879 0 176 3 1
186880 0 176 3 1
205573 0 176 3 1
205574 0 176 3 1
205781 1 176 3 0
252031 0 176 3 3
252033 0 176 3 3
272919 0 176 3 3
292649 0 176 3 1
292770 0 176 3 1
292772 0 176 3 1
385056 0 176 3 3
471654 0 176 3 3
471656 0 176 3 3
487791 0 176 3 3
59794 1 177 3 3
59796 1 177 3 3
61371 0 177 3 1
63691 0 177 3 3
101163 0 177 3 1
101165 0 177 3 1
104984 0 177 3 3
185956 0 177 3 3
186944 1 177 3 2
186946 1 177 3 2
186947 1 177 3 2
204961 0 177 3 1
205245 1 177 3 2
205246 0 177 3 1
205719 0 177 3 2
281705 0 177 3 1
290576 0 177 3 1
336887 0 177 3 2
486964 0 177 3 1
488824 0 177 3 1
488826 0 177 3 1
488827 0 177 3 1
60988 0 178 3 1
61849 0 178 3 3
62795 0 178 3 1
99556 0 178 3 1
99626 0 178 3 3
100342 0 178 3 3
100345 0 178 3 3
100744 0 178 3 3
101693 0 178 3 1
105230 0 178 3 1
106192 1 178 3 3
106339 0 178 3 1
185489 0 178 3 1
196559 1 178 3 0
196561 1 178 3 0
204890 0 178 3 1
204957 0 178 3 1
204958 0 178 3 1
204959 0 178 3 1
488103 0 178 3 3
105741 0 179 3 3
106189 0 179 3 1
106192 0 179 3 1
182103 0 179 3 3
186880 0 179 3 0
277552 0 179 3 1
279169 0 179 3 3
322084 0 179 3 3
488454 0 179 3 3
22511 0 180 3 3
61948 0 180 3 1
62997 0 180 3 1
100116 0 180 3 2
104720 0 180 3 1
104721 0 180 3 1
106341 0 180 3 1
186692 0 180 3 3
186694 0 180 3 3
204727 0 180 3 1
204732 0 180 3 1
204958 0 180 3 1
204959 0 180 3 1
204960 0 180 3 1
204961 0 180 3 1
204962 0 180 3 1
205783 1 180 3 0
205784 1 180 3 0
205785 1 180 3 0
276544 0 180 3 1
277406 0 180 3 1
277410 0 180 3 1
284839 0 180 3 3
62792 0 181 3 3
62793 0 181 3 3
105541 0 181 3 1
105542 0 181 3 1
105544 0 181 3 1
205286 0 181 3 1
205731 0 181 3 1
205732 0 181 3 1
277214 1 181 3 1
277215 1 181 3 1
282760 0 181 3 1
282761 0 181 3 1
290992 0 181 3 4
487105 0 181 3 1
487105 0 181 3 3
61513 0 182 3 1
62244 0 182 3 1
62698 0 182 3 3
105504 0 182 3 3
105542 1 182 3 1
105544 1 182 3 1
185861 0 182 3 3
204260 0 182 3 3
204469 0 182 3 0
252033 0 182 3 1
276451 0 182 3 1
281782 1 182 3 1
326844 1 182 3 3
62889 0 183 3 1
63136 0 183 3 1
63139 0 183 3 1
101592 0 183 3 3
101599 0 183 3 4
105585 0 183 3 1
106129 1 183 3 1
181371 0 183 3 3
234945 0 183 3 3
60581 0 184 3 3
60583 0 184 3 3
62917 0 184 3 3
104366 0 184 3 1
104368 0 184 3 1
104369 0 184 3 1
104578 0 184 3 1
104758 0 184 3 1
205274 0 184 3 3
234943 1 184 3 0
281413 1 184 3 1
281415 1 184 3 1
282293 0 184 3 1
282295 0 184 3 1
326844 0 184 3 1
326847 0 184 3 1
417807 0 184 3 1
417808 0 184 3 1
425775 0 184 3 2
488826 1 184 3 1
8710 0 185 3 3
61319 0 185 3 4
104490 0 185 3 3
104960 0 185 3 2
104961 0 185 3 2
104963 0 185 3 2
104964 0 185 3 2
105577 0 185 3 1
105583 0 185 3 1
177966 0 185 3 3
177967 0 185 3 3
194850 0 185 3 1
205201 1 185 3 0
205202 1 185 3 0
2561 1 186 3 1
2566 1 186 3 1
2567 1 186 3 1
61515 0 186 3 1
63125 1 186 3 3
63127 1 186 3 3
63129 1 186 3 3
63126 0 186 3 3
105766 0 186 3 4
170759 0 186 3 3
170761 0 186 3 3
195678 1 186 3 1
195679 1 186 3 1
204999 0 186 3 2
205000 0 186 3 2
205003 0 186 3 2
205273 0 186 3 1
205275 0 186 3 1
205278 0 186 3 1
219688 0 186 3 1
219689 0 186 3 1
219692 0 186 3 1
281416 1 186 3 1
415053 0 186 3 3
487353 1 186 3 1
100545 0 187 3 1
195679 0 187 3 1
371258 0 187 3 3
371259 0 187 3 3
62273 1 188 3 1
63200 0 188 3 3
100234 1 188 3 1
100235 1 188 3 1
100236 1 188 3 1
101068 1 188 3 1
105280 1 188 3 1
105912 0 188 3 1
177965 0 188 3 1
177969 0 188 3 1
282385 0 188 3 1
282394 0 188 3 1
282395 0 188 3 1
292314 1 188 3 3
487102 1 188 3 1
487105 1 188 3 1
487106 1 188 3 1
15387 1 189 3 1
15389 1 189 3 1
15390 1 189 3 1
61877 1 189 3 1
61878 1 189 3 1
62274 0 189 3 1
62776 0 189 3 1
63203 1 189 3 0
77047 0 189 3 3
195676 1 189 3 3
195677 1 189 3 3
196291 0 189 3 1
196293 0 189 3 1
282386 0 189 3 0
282388 0 189 3 0
282389 0 189 3 0
63196 0 190 3 1
171056 0 190 3 1
281897 0 190 3 3
281900 0 190 3 3
282392 0 190 3 3
282393 0 190 3 3
282576 1 190 3 1
62430 0 191 3 1
62861 1 191 3 1
62862 1 191 3 1
100065 1 191 3 1
100069 1 191 3 1
101065 1 191 3 0
101067 1 191 3 0
194830 0 191 3 1
276340 0 191 3 1
281759 0 191 3 1
282627 1 191 3 0
2564 0 192 3 2
2566 0 192 3 2
62860 0 192 3 3
100507 1 192 3 1
105608 0 192 3 2
105609 0 192 3 2
106073 0 192 3 1
195920 0 192 3 1
195923 0 192 3 1
196293 0 192 3 1
204313 0 192 3 2
205321 0 192 3 3
205323 0 192 3 3
63085 0 193 3 1
63088 0 193 3 1
101530 1 193 3 0
101533 1 193 3 0
101534 1 193 3 0
105448 0 193 3 1
105609 0 193 3 3
105611 0 193 3 3
144940 0 193 3 3
196175 0 193 3 1
196424 0 193 3 2
196425 0 193 3 2
218259 0 193 3 1
218260 0 193 3 1
276299 0 193 3 1
276302 0 193 3 1
276303 0 193 3 1
102844 0 194 3 3
104749 1 194 3 1
170750 0 194 3 3
170752 0 194 3 3
194969 0 194 3 1
196650 0 194 3 1
196651 0 194 3 1
196652 0 194 3 1
204377 0 194 3 3
282572 0 194 3 0
48540 0 195 3 3
62428 0 195 3 2
62859 0 195 3 3
62860 0 195 3 3
101528 0 195 3 1
101530 0 195 3 1
101533 0 195 3 1
104518 0 195 3 3
105153 0 195 3 1
195014 0 195 3 1
195016 0 195 3 1
195017 0 195 3 1
195855 0 195 3 1
196766 0 195 3 1
196768 0 195 3 1
276645 0 195 3 1
281872 0 195 3 1
282568 0 195 3 3
282628 0 195 3 1
325799 0 195 3 1
34657 0 196 3 3
61955 1 196 3 1
61958 1 196 3 1
61959 1 196 3 1
62267 0 196 3 1
62266 1 196 3 3
62267 1 196 3 3
62271 1 196 3 3
106071 0 196 3 2
196047 0 196 3 1
197033 0 196 3 1
282915 0 196 3 1
325919 0 196 3 1
325923 0 196 3 1
488305 0 196 3 3
488306 0 196 3 3
488308 0 196 3 3
2561 0 197 3 1
2563 0 197 3 1
2566 0 197 3 1
2567 0 197 3 1
61187 0 197 3 3
104930 0 197 3 1
170968 0 197 3 1
170969 0 197 3 1
196426 1 197 3 0
219107 0 197 3 1
219109 0 197 3 1
219112 0 197 3 1
281506 0 197 3 1
281511 0 197 3 1
325820 0 197 3 1
325823 0 197 3 1
486973 0 197 3 1
2166 0 198 3 1
2167 0 198 3 1
61496 0 198 3 4
99812 0 198 3 1
99813 0 198 3 1
101531 0 198 3 0
101534 0 198 3 0
101530 0 198 3 1
101532 0 198 3 1
106025 0 198 3 1
106028 0 198 3 1
170765 0 198 3 1
170971 0 198 3 1
195246 0 198 3 1
195688 0 198 3 1
195691 0 198 3 1
196465 0 198 3 1
281626 1 198 3 1
282372 0 198 3 1
282373 0 198 3 1
282849 1 198 3 1
282852 1 198 3 1
325803 0 198 3 0
325826 0 198 3 1
486974 0 198 3 1
487080 0 198 3 1
487771 0 198 3 1
487884 1 198 3 1
61368 0 199 3 0
62458 0 199 3 1
62460 0 199 3 1
99585 0 199 3 2
218190 1 199 3 1
218388 0 199 3 1
218390 0 199 3 1
218392 0 199 3 1
219064 1 199 3 1
219067 1 199 3 1
219068 1 199 3 1
219234 0 199 3 1
219236 0 199 3 1
281781 0 199 3 1
327853 0 199 3 1
327858 0 199 3 1
451859 0 199 3 2
451862 0 199 3 2
487259 0 199 3 1
487261 0 199 3 1
487608 0 199 3 3
10421 0 200 3 2
10422 0 200 3 2
104809 1 200 3 1
146309 0 200 3 1
194826 0 200 3 1
195686 0 200 3 3
195687 0 200 3 3
195688 0 200 3 3
218016 0 200 3 1
218259 1 200 3 3
277202 1 200 3 1
277205 1 200 3 1
277453 0 200 3 1
277454 0 200 3 1
281870 0 200 3 0
281871 0 200 3 0
281873 0 200 3 0
281874 0 200 3 0
282410 0 200 3 3
2165 1 201 3 1
196802 0 201 3 0
218012 0 201 3 0
218016 0 201 3 0
277760 0 201 3 1
277917 0 201 3 1
277919 0 201 3 1
281550 0 201 3 1
281551 0 201 3 1
282583 0 201 3 1
326242 0 201 3 3
326378 0 201 3 1
104989 0 202 3 1
104992 0 202 3 1
105135 0 202 3 1
194769 0 202 3 1
195513 0 202 3 3
195516 0 202 3 3
196469 0 202 3 3
196651 0 202 3 3
277104 0 202 3 1
277106 0 202 3 1
277720 0 202 3 3
277721 0 202 3 3
282333 0 202 3 3
282335 0 202 3 3
307702 0 202 3 3
325825 0 202 3 3
327853 0 202 3 1
327855 0 202 3 1
327858 0 202 3 1
486971 1 202 3 3
3404 1 203 3 1
99475 0 203 3 1
100531 0 203 3 3
104398 0 203 3 1
104399 0 203 3 1
104400 0 203 3 1
218013 0 203 3 0
218015 0 203 3 0
276832 0 203 3 1
277845 0 203 3 1
277846 0 203 3 1
282849 0 203 3 3
326379 0 203 3 1
327848 1 203 3 3
327851 1 203 3 3
327856 1 203 3 3
407715 0 203 3 2
468928 0 203 3 3
61369 1 204 3 3
61370 1 204 3 3
62527 0 204 3 2
62529 0 204 3 2
104964 0 204 3 1
105807 0 204 3 0
171014 1 204 3 0
196169 0 204 3 1
196377 1 204 3 1
219235 0 204 3 3
220589 0 204 3 1
220592 0 204 3 1
220595 0 204 3 1
239608 0 204 3 3
239611 0 204 3 3
277796 0 204 3 1
281571 0 204 3 3
282508 1 204 3 1
282509 1 204 3 1
326326 0 204 3 1
326329 0 204 3 1
33798 1 205 3 0
105409 0 205 3 1
105813 0 205 3 1
105816 0 205 3 1
145761 1 205 3 1
171281 0 205 3 1
171283 0 205 3 1
171284 0 205 3 1
171285 0 205 3 1
199511 0 205 3 3
277297 1 205 3 1
277920 0 205 3 3
278007 0 205 3 3
278008 0 205 3 3
281579 0 205 3 1
281843 0 205 3 2
282376 0 205 3 3
326380 0 205 3 3
327398 0 205 3 1
327854 0 205 3 1
486974 0 205 3 1
195088 0 206 3 1
195089 0 206 3 1
195090 0 206 3 1
196121 0 206 3 1
196122 0 206 3 1
218724 0 206 3 3
220039 0 206 3 1
220041 0 206 3 1
276597 0 206 3 1
276831 0 206 3 1
276830 0 206 3 3
276831 0 206 3 3
281846 1 206 3 2
325881 0 206 3 1
325882 0 206 3 1
436746 0 206 3 3
104207 0 207 3 3
104989 0 207 3 1
106198 1 207 3 1
147100 1 207 3 3
170231 0 207 3 1
170233 0 207 3 1
171137 1 207 3 0
194922 0 207 3 3
196351 0 207 3 1
196353 0 207 3 1
196354 0 207 3 1
196356 0 207 3 1
196542 1 207 3 0
220590 0 207 3 1
220593 0 207 3 1
220594 0 207 3 1
277813 0 207 3 1
277814 0 207 3 1
281553 0 207 3 1
281558 0 207 3 1
281742 0 207 3 1
281745 0 207 3 1
282344 0 207 3 4
282931 0 207 3 1
282932 0 207 3 1
293646 0 207 3 1
293647 0 207 3 1
326892 1 207 3 1
33802 0 208 3 0
33797 0 208 3 2
33798 0 208 3 2
35923 1 208 3 1
99438 1 208 3 0
195086 1 208 3 3
195089 1 208 3 3
197130 0 208 3 1
218828 1 208 3 1
219486 1 208 3 3
219487 1 208 3 3
224645 0 208 3 3
224646 0 208 3 3
275423 0 208 3 3
277296 0 208 3 3
13591 1 209 3 1
13592 1 209 3 1
13594 1 209 3 1
78504 1 209 3 3
105644 0 209 3 1
105647 0 209 3 1
195783 0 209 3 3
277948 1 209 3 1
277949 1 209 3 1
277989 1 209 3 1
277990 1 209 3 1
281580 0 209 3 3
281816 1 209 3 1
282928 1 209 3 0
282928 0 209 3 2
326898 0 209 3 0
326940 1 209 3 1
326941 1 209 3 1
327936 0 209 3 1
436102 0 209 3 3
459911 1 209 3 3
104780 0 210 3 1
104781 0 210 3 1
105120 0 210 3 3
105679 0 210 3 1
106196 0 210 3 3
146926 0 210 3 3
156535 0 210 3 3
171539 0 210 3 1
171541 0 210 3 1
195387 0 210 3 1
196351 0 210 3 3
196352 0 210 3 3
196356 0 210 3 3
196515 0 210 3 1
218826 1 210 3 0
218828 0 210 3 1
219421 1 210 3 1
220591 0 210 3 3
220593 0 210 3 3
227519 0 210 3 3
276205 1 210 3 1
276892 1 210 3 1
276893 1 210 3 1
277628 0 210 3 1
280139 1 210 3 1
294147 0 210 3 3
526935 1 210 3 1
2332 0 211 3 1
61215 0 211 3 1
61216 0 211 3 1
104204 0 211 3 1
105046 0 211 3 1
105133 0 211 3 1
105135 0 211 3 1
106033 0 211 3 3
106054 0 211 3 1
106057 0 211 3 1
106058 0 211 3 1
106197 0 211 3 1
106198 0 211 3 1
170740 0 211 3 1
171782 0 211 3 1
171877 0 211 3 1
195303 0 211 3 4
195594 1 211 3 1
196356 0 211 3 3
197151 0 211 3 1
197153 0 211 3 1
219644 0 211 3 1
219645 0 211 3 1
280137 0 211 3 3
280139 0 211 3 3
321633 1 211 3 3
326311 0 211 3 1
326707 0 211 3 3
326709 0 211 3 3
327069 0 211 3 2
327070 0 211 3 2
421062 0 211 3 2
13284 0 212 3 1
33794 0 212 3 1
33797 0 212 3 1
33798 0 212 3 1
33802 0 212 3 1
174195 0 212 3 2
195225 1 212 3 2
196158 1 212 3 1
196161 1 212 3 1
196971 0 212 3 1
196972 0 212 3 1
197153 0 212 3 1
218171 0 212 3 1
281179 0 212 3 4
293729 1 212 3 1
295038 0 212 3 1
295041 0 212 3 1
312282 0 212 3 0
396049 1 212 3 3
396052 1 212 3 3
459912 0 212 3 3
34656 0 213 3 1
105943 0 213 3 1
194943 0 213 3 1
195807 0 213 3 3
195808 0 213 3 3
195809 0 213 3 3
195907 0 213 3 1
196352 0 213 3 4
196355 0 213 3 4
196774 0 213 3 1
196775 0 213 3 1
219903 0 213 3 1
276205 0 213 3 3
327069 0 213 3 3
327070 0 213 3 3
327071 0 213 3 3
418334 0 213 3 3
526932 0 213 3 1
526933 0 213 3 1
526934 0 213 3 1
526935 0 213 3 1
526936 0 213 3 1
61522 1 214 3 1
61525 1 214 3 1
138956 0 214 3 3
195129 0 214 3 1
197152 0 214 3 3
277988 0 214 3 1
277992 0 214 3 1
281904 0 214 3 3
282800 0 214 3 1
282801 0 214 3 1
293326 0 214 3 1
294087 0 214 3 3
327398 0 214 3 1
327401 0 214 3 1
327404 0 214 3 1
327704 0 214 3 3
327705 0 214 3 3
2329 0 215 3 3
105195 0 215 3 1
105197 0 215 3 1
105719 1 215 3 1
105720 1 215 3 1
106127 0 215 3 3
171006 0 215 3 3
183468 0 215 3 3
183470 0 215 3 3
187582 0 215 3 2
195368 0 215 3 1
195695 0 215 3 4
197147 1 215 3 0
197148 1 215 3 0
197149 1 215 3 0
219901 1 215 3 0
219902 1 215 3 0
227521 0 215 3 3
276243 1 215 3 1
277626 0 215 3 0
277628 0 215 3 0
277981 1 215 3 2
312278 0 215 3 1
337958 0 215 3 1
2629 0 216 3 3
3598 0 216 3 1
105449 0 216 3 2
105866 0 216 3 3
145195 1 216 3 3
171469 0 216 3 4
194925 0 216 3 3
194928 0 216 3 3
196158 0 216 3 3
196159 0 216 3 3
197133 0 216 3 3
218146 0 216 3 1
219497 0 216 3 1
219832 1 216 3 0
220320 0 216 3 1
277208 0 216 3 1
295041 0 216 3 1
295042 0 216 3 1
327761 0 216 3 3
2284 1 217 3 1
2287 1 217 3 1
2288 1 217 3 1
3298 0 217 3 1
104829 0 217 3 4
106276 0 217 3 1
106277 0 217 3 1
132181 0 217 3 3
186716 0 217 3 4
194975 0 217 3 1
194976 0 217 3 1
195371 1 217 3 0
195541 0 217 3 2
195808 0 217 3 3
195809 0 217 3 3
196156 0 217 3 2
196692 0 217 3 1
197017 0 217 3 1
197018 0 217 3 1
217979 1 217 3 1
217980 1 217 3 1
218340 0 217 3 1
218341 0 217 3 1
218344 0 217 3 1
219834 0 217 3 1
282501 1 217 3 1
294088 0 217 3 1
294581 0 217 3 1
294584 0 217 3 1
294585 0 217 3 1
326706 0 217 3 1
326710 0 217 3 1
336201 1 217 3 3
336962 1 217 3 1
336963 1 217 3 1
336964 1 217 3 1
452537 0 217 3 2
539178 0 217 3 1
539180 0 217 3 1
2967 0 218 3 1
105200 0 218 3 1
105202 0 218 3 1
106165 0 218 3 3
106166 0 218 3 3
106167 0 218 3 3
106235 0 218 3 1
196421 0 218 3 1
196423 0 218 3 1
196967 0 218 3 3
276214 1 218 3 1
276215 1 218 3 1
277358 0 218 3 1
282289 0 218 3 1
293699 0 218 3 1
390327 0 218 3 3
504625 0 218 3 2
539120 0 218 3 1
2966 0 219 3 3
100154 0 219 3 1
100156 0 219 3 1
171286 0 219 3 3
194952 0 219 3 1
194955 0 219 3 1
194957 0 219 3 1
218961 0 219 3 1
219366 0 219 3 3
219830 1 219 3 1
219834 1 219 3 1
221050 0 219 3 4
221068 0 219 3 1
293279 1 219 3 1
293730 0 219 3 3
293992 0 219 3 1
294145 0 219 3 1
294148 0 219 3 1
327484 0 219 3 1
338589 0 219 3 1
338689 0 219 3 1
338691 0 219 3 1
338692 0 219 3 1
338695 0 219 3 1
417566 0 219 3 3
463578 0 219 3 3
506433 0 219 3 1
506434 0 219 3 1
98764 0 220 3 3
98765 0 220 3 3
162941 0 220 3 2
162944 0 220 3 2
196968 1 220 3 1
196969 1 220 3 1
216555 0 220 3 2
216556 0 220 3 2
216557 0 220 3 2
219258 0 220 3 1
226775 0 220 3 2
276242 1 220 3 3
276243 1 220 3 3
276849 1 220 3 1
276884 0 220 3 2
276888 0 220 3 2
336965 0 220 3 1
336966 0 220 3 1
338104 1 220 3 1
338105 1 220 3 1
338378 0 220 3 1
338590 0 220 3 1
338689 0 220 3 3
338690 0 220 3 3
338691 0 220 3 3
338693 0 220 3 3
338694 0 220 3 3
404212 1 220 3 3
526254 0 220 3 3
34260 1 221 3 1
34710 0 221 3 1
34713 0 221 3 1
134616 1 221 3 3
134617 1 221 3 3
134619 1 221 3 3
276419 0 221 3 1
290956 0 221 3 4
293553 0 221 3 1
33805 1 222 3 0
118682 1 222 3 2
196700 1 222 3 3
216449 0 222 3 3
219932 0 222 3 3
276350 0 222 3 3
277500 0 222 3 1
277502 0 222 3 1
281392 0 222 3 1
281396 0 222 3 1
338107 0 222 3 0
338108 0 222 3 0
338115 0 222 3 3
338116 0 222 3 3
525758 0 222 3 0
537791 0 222 3 3
2097 0 223 3 1
37188 0 223 3 3
37190 0 223 3 3
105510 0 223 3 1
195371 0 223 3 3
195555 0 223 3 0
220247 0 223 3 1
276549 0 223 3 1
276885 0 223 3 2
276886 0 223 3 2
282252 0 223 3 1
337632 0 223 3 3
337634 0 223 3 3
337879 1 223 3 0
338114 0 223 3 4
338366 1 223 3 1
338367 1 223 3 1
338369 1 223 3 1
526444 0 223 3 1
12541 0 224 3 1
33994 0 224 3 1
49824 0 224 3 3
218433 0 224 3 3
220079 1 224 3 1
220081 1 224 3 1
277962 0 224 3 1
291996 0 224 3 3
293562 0 224 3 3
293563 0 224 3 3
336964 0 224 3 1
336966 0 224 3 1
336967 0 224 3 1
337508 0 224 3 1
337509 0 224 3 1
337794 0 224 3 1
337893 0 224 3 2
338189 0 224 3 3
338367 0 224 3 1
338369 0 224 3 1
526365 0 224 3 1
526368 0 224 3 1
538067 1 224 3 0
134615 0 225 3 1
134619 0 225 3 1
171287 1 225 3 1
171289 1 225 3 1
195552 0 225 3 3
195647 0 225 3 1
219097 0 225 3 1
219099 0 225 3 1
225770 1 225 3 1
276849 0 225 3 3
277233 0 225 3 1
277234 0 225 3 1
277986 0 225 3 2
293522 0 225 3 2
294395 1 225 3 0
312936 0 225 3 3
327353 0 225 3 3
327991 0 225 3 4
337389 0 225 3 4
337796 0 225 3 3
349345 0 225 3 3
526685 1 225 3 1
526686 1 225 3 1
526688 1 225 3 1
526690 1 225 3 1
526919 0 225 3 1
527057 0 225 3 1
527060 0 225 3 1
536246 0 225 3 3
33916 0 226 3 1
33917 0 226 3 1
33918 0 226 3 1
104527 0 226 3 3
152256 0 226 3 1
152258 0 226 3 1
196948 0 226 3 1
196949 0 226 3 1
196950 0 226 3 1
197171 0 226 3 3
204059 1 226 3 3
207846 1 226 3 3
207843 0 226 3 3
207844 0 226 3 3
293503 0 226 3 4
293560 1 226 3 1
294224 0 226 3 1
294424 0 226 3 2
338692 0 226 3 1
538557 0 226 3 1
133821 0 227 3 3
153804 0 227 3 3
182601 0 227 3 3
216788 0 227 3 3
276850 0 227 3 4
277161 0 227 3 1
277156 0 227 3 1
277161 0 227 3 1
308816 1 227 3 3
308817 1 227 3 3
308819 1 227 3 3
337149 0 227 3 1
337737 1 227 3 1
338067 0 227 3 1
393232 0 227 3 3
393234 0 227 3 3
526344 0 227 3 1
33917 0 228 3 1
33994 0 228 3 3
33996 0 228 3 3
112223 0 228 3 3
196842 0 228 3 3
196839 1 228 3 3
196840 1 228 3 3
208094 0 228 3 4
209545 0 228 3 1
221123 0 228 3 3
221125 0 228 3 3
277160 0 228 3 3
277161 0 228 3 3
277962 0 228 3 3
277958 0 228 3 3
277959 0 228 3 3
282626 0 228 3 3
282627 0 228 3 3
293758 0 228 3 3
293763 0 228 3 3
336922 0 228 3 1
336923 0 228 3 1
336926 0 228 3 1
338067 1 228 3 1
338132 1 228 3 1
339312 0 228 3 3
507098 0 228 3 1
33914 1 229 3 1
33915 1 229 3 1
34393 1 229 3 3
34396 1 229 3 3
192026 0 229 3 3
192028 0 229 3 3
192029 0 229 3 3
218991 0 229 3 1
220329 0 229 3 3
220330 0 229 3 3
294415 1 229 3 1
294419 1 229 3 1
337815 1 229 3 1
337818 1 229 3 1
337819 1 229 3 1
338444 0 229 3 1
338447 0 229 3 1
450188 1 229 3 1
525325 0 229 3 1
525326 0 229 3 1
538758 0 229 3 1
1936 0 230 3 2
1939 0 230 3 2
1940 0 230 3 2
2690 0 230 3 1
4047 0 230 3 3
31038 1 230 3 3
134615 0 230 3 3
134616 0 230 3 3
194783 0 230 3 0
194788 0 230 3 0
196480 0 230 3 1
218158 0 230 3 3
282547 0 230 3 1
336923 0 230 3 1
337268 0 230 3 1
337270 0 230 3 1
337817 0 230 3 1
337818 0 230 3 1
337893 0 230 3 2
337894 0 230 3 2
337896 0 230 3 2
338478 0 230 3 1
338480 0 230 3 1
451929 0 230 3 1
33775 0 231 3 1
33777 0 231 3 1
33778 0 231 3 1
33779 0 231 3 1
138617 0 231 3 1
204013 0 231 3 1
204014 0 231 3 1
220136 0 231 3 3
282225 0 231 3 1
282839 0 231 3 1
337503 0 231 3 4
337896 1 231 3 1
337892 0 231 3 3
337894 0 231 3 3
337895 0 231 3 3
452223 0 231 3 1
505328 0 231 3 1
505331 0 231 3 1
505332 0 231 3 1
505333 0 231 3 1
538066 1 231 3 3
538067 1 231 3 3
3673 0 232 3 1
3674 0 232 3 1
7693 0 232 3 3
12173 0 232 3 1
12174 0 232 3 1
277527 0 232 3 3
277655 0 232 3 0
277956 1 232 3 0
338355 0 232 3 1
338356 0 232 3 1
350455 0 232 3 3
450187 0 232 3 1
450189 0 232 3 1
450190 0 232 3 1
526343 0 232 3 1
537547 0 232 3 3
538943 0 232 3 1
538944 0 232 3 1
127191 0 233 3 3
127568 0 233 3 4
130862 0 233 3 3
130863 0 233 3 3
204884 0 233 3 1
205178 0 233 3 1
205179 0 233 3 1
205180 0 233 3 1
276660 0 233 3 0
304327 0 233 3 3
337543 0 233 3 0
337544 0 233 3 0
337546 0 233 3 0
337547 0 233 3 0
127189 0 234 3 1
127191 0 234 3 1
127192 0 234 3 1
220302 0 234 3 3
226245 0 234 3 0
226246 0 234 3 0
226247 0 234 3 0
538709 0 234 3 1
554503 1 234 3 4
3293 0 235 3 1
201667 1 235 3 2
201670 1 235 3 2
204741 0 235 3 1
205689 0 235 3 0
220740 0 235 3 2
337173 0 235 3 4
338258 0 235 3 1
537912 0 235 3 1
128355 0 236 3 3
129007 0 236 3 3
204180 0 236 3 1
233902 0 236 3 3
233905 0 236 3 3
337978 0 236 3 3
389801 0 236 3 3
451631 0 236 3 1
451634 0 236 3 1
477410 0 236 3 2
477415 0 236 3 2
505330 0 236 3 1
505333 0 236 3 1
555907 0 236 3 3
2518 0 237 3 1
33974 0 237 3 1
35075 0 237 3 1
35076 0 237 3 1
204773 0 237 3 0
204884 0 237 3 1
210842 1 237 3 1
210845 1 237 3 1
220742 0 237 3 0
221445 1 237 3 1
221446 1 237 3 1
221450 1 237 3 1
281619 0 237 3 1
337075 0 237 3 1
337874 0 237 3 3
337971 0 237 3 1
337972 0 237 3 1
337979 0 237 3 0
337982 0 237 3 0
337983 0 237 3 0
337986 1 237 3 3
338390 0 237 3 1
409547 0 237 3 0
426684 0 237 3 2
526408 0 237 3 3
537373 0 237 3 1
537375 0 237 3 1
537377 0 237 3 1
538976 0 237 3 1
50407 0 238 3 1
138969 0 238 3 0
138970 0 238 3 0
204176 0 238 3 3
204179 0 238 3 3
205683 0 238 3 0
205684 0 238 3 0
205685 0 238 3 0
205686 0 238 3 0
209877 0 238 3 1
209879 0 238 3 1
282999 0 238 3 1
366709 0 238 3 2
366712 0 238 3 2
537911 0 238 3 1
538713 0 238 3 3
34151 0 239 3 1
54540 0 239 3 2
227394 0 239 3 1
277006 0 239 3 1
281772 0 239 3 1
281774 0 239 3 1
337752 1 239 3 1
337914 0 239 3 4
408863 0 239 3 0
408865 0 239 3 0
451460 0 239 3 1
451462 0 239 3 1
476912 1 239 3 3
537480 1 239 3 1
537493 0 239 3 1
548386 0 239 3 2
204772 0 240 3 0
281417 0 240 3 1
338171 0 240 3 1
338172 0 240 3 1
451632 0 240 3 3
451633 0 240 3 3
537374 0 240 3 1
537376 0 240 3 1
537377 0 240 3 1
537372 0 240 3 3
537376 0 240 3 3
34112 0 241 3 1
34114 0 241 3 1
34119 0 241 3 1
34118 0 241 3 3
197364 0 241 3 3
210844 0 241 3 1
227824 0 241 3 1
227827 0 241 3 1
281795 0 241 3 1
337501 0 241 3 1
337996 0 241 3 2
338709 0 241 3 1
338711 0 241 3 1
375487 0 241 3 3
375488 0 241 3 3
537372 0 241 3 2
537376 0 241 3 2
537377 0 241 3 2
537379 1 241 3 0
537382 1 241 3 0
537383 1 241 3 0
2756 0 242 3 1
33972 0 242 3 1
33974 0 242 3 1
51357 0 242 3 1
51359 0 242 3 1
225874 0 242 3 1
225876 0 242 3 1
281776 0 242 3 0
336922 0 242 3 3
336924 0 242 3 3
337968 0 242 3 1
505808 0 242 3 2
537182 0 242 3 1
537183 0 242 3 1
537184 0 242 3 1
537185 0 242 3 1
537186 0 242 3 1
537379 0 242 3 3
537380 0 242 3 3
539003 0 242 3 1
539007 0 242 3 1
51362 0 243 3 1
51365 0 243 3 1
210055 0 243 3 1
227825 0 243 3 1
227827 0 243 3 1
334675 0 243 3 3
334678 0 243 3 3
337751 0 243 3 1
337753 0 243 3 1
338327 0 243 3 0
338329 0 243 3 0
338330 0 243 3 0
338639 0 243 3 3
475948 0 243 3 3
475949 0 243 3 3
476155 0 243 3 1
537498 0 243 3 3
537502 0 243 3 3
34111 0 244 3 1
34113 0 244 3 1
47554 0 244 3 3
51360 0 244 3 1
205375 0 244 3 4
205685 0 244 3 1
282706 0 244 3 1
282709 0 244 3 1
337538 0 244 3 2
337844 0 244 3 1
338262 1 244 3 1
338327 0 244 3 3
338330 0 244 3 3
338509 0 244 3 1
344276 0 244 3 3
344277 0 244 3 3
344279 0 244 3 3
475894 0 244 3 1
535860 0 244 3 1
536755 0 244 3 1
537180 1 244 3 1
537185 1 244 3 1
282742 0 245 3 1
337340 0 245 3 0
337341 0 245 3 0
338169 0 245 3 0
338173 0 245 3 0
338517 0 245 3 3
338518 0 245 3 3
475950 0 245 3 1
475951 0 245 3 1
507114 0 245 3 1
535473 0 245 3 3
535474 0 245 3 3
535476 0 245 3 3
535716 0 245 3 1
538052 0 245 3 3
33970 0 246 3 3
33971 0 246 3 3
33972 0 246 3 3
50661 0 246 3 3
139149 1 246 3 0
210054 0 246 3 2
210051 0 246 3 3
210053 0 246 3 3
210054 0 246 3 3
213192 0 246 3 3
294548 0 246 3 3
337127 0 246 3 1
337129 0 246 3 1
337130 0 246 3 1
337624 0 246 3 4
338325 0 246 3 1
338329 0 246 3 1
505868 0 246 3 1
505870 0 246 3 1
535951 0 246 3 3
538176 0 246 3 3
34111 0 247 3 3
34114 0 247 3 3
34149 0 247 3 3
50599 0 247 3 1
50762 0 247 3 3
50763 0 247 3 3
50764 0 247 3 3
211059 0 247 3 1
211064 0 247 3 1
282412 0 247 3 1
294199 1 247 3 4
294200 1 247 3 4
336944 0 247 3 1
337036 0 247 3 1
338261 0 247 3 1
338326 0 247 3 3
338331 0 247 3 3
408746 0 247 3 0
475840 0 247 3 1
505225 0 247 3 1
506954 0 247 3 2
536026 0 247 3 3
536996 0 247 3 1
536998 0 247 3 1
537148 0 247 3 1
537149 0 247 3 1
537150 0 247 3 1
538092 0 247 3 1
538093 0 247 3 1
51046 0 248 3 3
227342 0 248 3 1
281569 0 248 3 1
281570 0 248 3 1
337005 0 248 3 1
337338 0 248 3 3
337339 0 248 3 3
338023 0 248 3 1
338277 0 248 3 3
338278 0 248 3 3
409996 0 248 3 1
506705 0 248 3 4
537034 1 248 3 1
538091 0 248 3 0
538455 0 248 3 1
50600 0 249 3 3
50602 0 249 3 3
74111 0 249 3 3
211069 0 249 3 1
266440 1 249 3 1
266441 1 249 3 1
484568 0 249 3 3
484570 0 249 3 3
484571 0 249 3 3
505497 0 249 3 1
505498 0 249 3 1
505821 0 249 3 3
506706 0 249 3 4
506887 0 249 3 3
506888 0 249 3 3
535617 0 249 3 1
535618 0 249 3 1
209939 0 250 3 1
211069 1 250 3 0
222233 0 250 3 3
336954 0 250 3 1
337162 0 250 3 1
337628 0 250 3 0
357890 0 250 3 1
451199 1 250 3 1
505793 0 250 3 3
505794 0 250 3 3
505916 0 250 3 1
505917 0 250 3 1
505932 0 250 3 1
505934 0 250 3 1
506256 1 250 3 1
506258 1 250 3 1
507356 0 250 3 1
537181 0 250 3 3
537183 0 250 3 3
586 0 251 3 4
86466 0 251 3 2
336837 0 251 3 3
337254 1 251 3 0
423581 0 251 3 3
463193 0 251 3 3
505966 1 251 3 1
505967 1 251 3 1
505970 1 251 3 1
510033 0 251 3 3
537943 1 251 3 1
538941 0 251 3 1
49630 0 252 3 3
184544 0 252 3 3
184545 0 252 3 3
210146 0 252 3 3
266441 0 252 3 1
266442 0 252 3 1
266443 0 252 3 1
266438 0 252 3 1
338020 0 252 3 0
338021 0 252 3 0
409087 0 252 3 2
409088 0 252 3 2
451937 0 252 3 0
484570 0 252 3 1
507174 0 252 3 3
507175 0 252 3 3
192176 0 253 3 3
337413 0 253 3 1
505493 0 253 3 1
535471 0 253 3 1
535887 0 253 3 3
538089 0 253 3 3
538091 0 253 3 3
73754 0 254 3 3
197982 0 254 3 3
209940 0 254 3 3
209941 0 254 3 3
227355 0 254 3 0
323181 0 254 3 3
442898 1 254 3 1
505969 0 254 3 3
506575 0 254 3 3
506843 0 254 3 1
538089 0 254 3 3
538092 0 254 3 3
538937 0 254 3 3
538939 0 254 3 3
101440 0 255 3 3
210278 0 255 3 3
226713 1 255 3 1
226714 1 255 3 1
226719 0 255 3 1
280951 0 255 3 3
280952 0 255 3 3
281363 0 255 3 1
281364 0 255 3 1
281368 0 255 3 1
282009 0 255 3 1
282010 0 255 3 1
337187 0 255 3 1
409192 0 255 3 3
463192 0 255 3 3
476954 0 255 3 1
476957 0 255 3 1
504968 0 255 3 3
505965 1 255 3 2
507321 0 255 3 2
507323 0 255 3 2
535646 0 255 3 1
535736 0 255 3 1
536140 1 255 3 1
536382 0 255 3 1
536385 0 255 3 1
537183 0 255 3 1
537185 0 255 3 1
537309 1 255 3 4
537311 1 255 3 4
538460 0 255 3 1
538462 0 255 3 1
538463 0 255 3 1
210046 1 256 3 1
210049 1 256 3 1
210457 0 256 3 1
210459 0 256 3 1
211045 0 256 3 3
211058 0 256 3 1
211059 0 256 3 1
211063 0 256 3 1
227351 0 256 3 2
281671 0 256 3 1
325674 0 256 3 3
337410 0 256 3 1
338462 0 256 3 3
410597 0 256 3 3
505494 0 256 3 3
505497 0 256 3 3
507294 0 256 3 1
536181 0 256 3 1
536182 0 256 3 1
537829 0 256 3 3
209830 0 257 3 1
209832 0 257 3 1
209910 1 257 3 1
226359 0 257 3 4
338531 0 257 3 1
357389 1 257 3 0
505753 0 257 3 3
505793 0 257 3 2
505794 0 257 3 2
505796 0 257 3 2
506665 0 257 3 1
535508 0 257 3 1
536249 1 257 3 1
538563 0 257 3 1
538564 0 257 3 1
50336 1 258 3 3
198571 1 258 3 1
209830 1 258 3 3
226916 0 258 3 1
299598 1 258 3 0
299601 1 258 3 0
299646 0 258 3 1
299647 0 258 3 1
536880 1 258 3 1
537894 1 258 3 1
1890 1 259 3 1
338534 0 259 3 3
409194 0 259 3 3
484484 0 259 3 1
505548 1 259 3 3
536645 0 259 3 1
536646 0 259 3 1
536840 0 259 3 1
536841 0 259 3 1
536842 0 259 3 1
537666 0 259 3 1
538522 0 259 3 0
51929 0 260 3 1
53568 0 260 3 3
227854 0 260 3 0
227855 0 260 3 0
337191 0 260 3 3
210965 0 261 3 3
211039 0 261 3 1
266590 0 261 3 1
282793 0 261 3 3
299645 1 261 3 1
299647 1 261 3 1
300444 0 261 3 1
442574 0 261 3 1
477207 0 261 3 1
483329 0 261 3 3
536837 0 261 3 1
536838 0 261 3 1
536839 0 261 3 1
539174 0 261 3 1
539176 0 261 3 1
539177 0 261 3 1
539182 0 261 3 4
51177 0 262 3 1
210548 0 262 3 1
226093 0 262 3 1
226094 0 262 3 1
226095 0 262 3 1
227810 1 262 3 1
227812 1 262 3 1
301206 0 262 3 1
301208 0 262 3 1
536644 0 262 3 3
536645 0 262 3 3
538518 0 262 3 1
538522 0 262 3 1
6148 0 263 3 3
51175 1 263 3 1
226193 0 263 3 1
226194 0 263 3 1
338395 0 263 3 1
536834 0 263 3 3
536837 0 263 3 3
536839 0 263 3 3
537181 0 263 3 0
537183 0 263 3 0
539117 0 263 3 2
50590 0 264 3 1
50591 0 264 3 1
50593 0 264 3 1
50877 0 264 3 3
50879 0 264 3 3
51536 0 264 3 1
51537 0 264 3 1
51541 0 264 3 1
210418 0 264 3 3
210419 0 264 3 3
210421 0 264 3 3
338404 0 264 3 3
442574 0 264 3 3
538525 0 264 3 3
51133 0 265 3 1
51135 0 265 3 1
52293 0 265 3 1
52295 0 265 3 1
52298 0 265 3 1
211004 0 265 3 1
226092 0 265 3 3
226160 0 265 3 3
226165 0 265 3 3
226285 0 265 3 1
226287 0 265 3 1
226449 1 265 3 1
226454 1 265 3 1
227808 0 265 3 3
227809 0 265 3 3
227810 0 265 3 3
266591 0 265 3 3
337296 0 265 3 1
337671 0 265 3 1
477409 1 265 3 1
477411 1 265 3 1
477414 1 265 3 1
537025 0 265 3 3
2547 0 266 3 1
51102 0 266 3 1
51823 1 266 3 1
105520 0 266 3 3
297362 1 266 3 1
297366 1 266 3 1
298566 0 266 3 1
349245 0 266 3 3
349246 0 266 3 3
442375 0 266 3 1
442378 0 266 3 1
444013 1 266 3 3
51450 0 267 3 1
51451 0 267 3 1
51804 0 267 3 1
226191 0 267 3 3
227639 0 267 3 1
238788 0 267 3 3
238789 0 267 3 3
298385 0 267 3 1
298388 0 267 3 1
300634 0 267 3 1
300635 0 267 3 1
336951 0 267 3 1
336953 0 267 3 1
476734 0 267 3 1
507316 0 267 3 3
50731 0 268 3 0
51449 0 268 3 3
51451 0 268 3 3
52292 0 268 3 3
52293 0 268 3 3
52295 0 268 3 3
52296 0 268 3 3
138811 0 268 3 3
210855 0 268 3 1
282265 0 268 3 0
282266 0 268 3 0
282265 0 268 3 3
414074 0 268 3 2
504390 0 268 3 0
51104 0 269 3 3
51537 0 269 3 1
51541 0 269 3 1
51536 0 269 3 3
51540 0 269 3 3
52265 0 269 3 1
52267 0 269 3 1
52295 0 269 3 0
226284 0 269 3 3
226285 0 269 3 3
226286 0 269 3 3
226378 0 269 3 1
227106 1 269 3 0
227108 1 269 3 0
273617 0 269 3 3
298386 0 269 3 1
298387 0 269 3 1
298388 0 269 3 1
443647 0 269 3 3
443649 0 269 3 3
443916 0 269 3 3
50587 1 270 3 3
51488 0 270 3 1
51489 0 270 3 1
226831 0 270 3 1
226835 0 270 3 1
251272 0 270 3 1
273609 0 270 3 4
297363 0 270 3 2
297365 0 270 3 2
298385 1 270 3 1
299544 0 270 3 1
338019 1 270 3 2
504811 0 270 3 0
52293 0 271 3 3
52298 0 271 3 3
214817 0 271 3 3
226194 0 271 3 3
226195 0 271 3 3
297147 1 271 3 1
299713 1 271 3 1
50851 0 272 3 1
51537 0 272 3 0
51540 0 272 3 0
194017 0 272 3 3
194019 0 272 3 3
194021 0 272 3 3
209904 1 272 3 1
210742 1 272 3 1
210744 1 272 3 1
227510 0 272 3 1
298188 0 272 3 1
464380 0 272 3 2
504392 0 272 3 3
113638 0 273 3 3
181531 0 273 3 3
181533 0 273 3 3
226632 0 273 3 1
227578 0 273 3 1
299722 0 273 3 1
442698 0 273 3 0
442702 0 273 3 0
444012 0 273 3 1
503799 1 273 3 0
38145 0 274 3 3
51183 1 274 3 1
51184 1 274 3 1
51516 0 274 3 2
52071 0 274 3 1
194018 0 274 3 3
194022 0 274 3 3
227281 0 274 3 1
227282 0 274 3 1
232517 0 274 3 3
296874 1 274 3 1
298091 1 274 3 1
300628 0 274 3 1
300630 0 274 3 1
303660 0 274 3 3
443147 0 274 3 1
50837 0 275 3 3
194020 0 275 3 1
194023 0 275 3 1
215109 0 275 3 1
215111 0 275 3 1
215113 0 275 3 1
298391 0 275 3 1
544721 1 275 3 3
51038 0 276 3 4
193297 0 276 3 1
193298 0 276 3 1
193301 0 276 3 1
226533 0 276 3 3
300911 0 276 3 1
442490 0 276 3 1
503838 0 276 3 3
50837 0 277 3 1
297676 0 277 3 3
297678 0 277 3 3
298972 1 277 3 3
298973 1 277 3 3
227276 0 278 3 3
251271 0 278 3 3
251273 0 278 3 3
251275 0 278 3 3
339530 0 278 3 1
339532 0 278 3 1
339534 0 278 3 1
377873 0 278 3 1
533957 0 278 3 1
533955 0 278 3 3
533956 0 278 3 3
193318 0 279 3 0
215754 0 279 3 1
298389 0 279 3 3
298390 0 279 3 3
300638 0 279 3 2
300640 0 279 3 2
300641 0 279 3 2
538662 0 279 3 1
198047 0 280 3 1
198050 0 280 3 1
198173 0 280 3 1
227820 0 280 3 2
339856 0 280 3 1
359658 0 280 3 3
193295 1 281 3 1
193297 1 281 3 1
193299 1 281 3 1
194210 1 281 3 1
226382 0 281 3 1
264976 0 281 3 3
337481 0 281 3 1
337482 0 281 3 1
441662 1 281 3 1
533953 0 281 3 1
211090 0 282 3 1
211091 0 282 3 1
103195 0 283 3 1
197974 0 283 3 1
198170 1 283 3 1
198171 1 283 3 1
198174 1 283 3 1
251272 0 283 3 3
300297 0 283 3 2
300301 0 283 3 2
339857 0 283 3 0
339859 0 283 3 0
480002 0 283 3 3
480005 0 283 3 3
480006 0 283 3 3
87337 0 284 3 3
87338 0 284 3 3
198046 0 284 3 3
206495 0 284 3 3
206497 0 284 3 3
214674 0 284 3 1
215866 0 284 3 3
51888 0 285 3 3
51890 0 285 3 3
51891 0 285 3 3
193254 0 285 3 1
193255 0 285 3 1
193255 0 285 3 2
299071 0 285 3 1
433277 0 285 3 3
102844 1 286 3 1
102845 1 286 3 1
197381 0 286 3 3
197384 0 286 3 3
199392 0 286 3 1
211089 0 286 3 3
301258 0 286 3 3
301259 0 286 3 3
301261 0 286 3 3
50394 0 287 3 1
102677 0 287 3 1
166580 0 287 3 3
193747 0 287 3 1
198085 1 287 3 1
199136 1 287 3 1
199137 1 287 3 1
215610 0 287 3 4
299605 0 288 3 1
391171 0 288 3 4
197659 0 289 3 1
197660 0 289 3 1
199393 1 289 3 1
216048 1 289 3 3
216049 1 289 3 3
299073 0 289 3 3
367369 1 289 3 4
103010 1 290 3 4
198085 0 290 3 1
198086 0 290 3 1
199129 1 290 3 1
199135 0 290 3 3
199138 0 290 3 3
214505 0 290 3 3
215066 0 290 3 3
215069 0 290 3 3
215748 0 290 3 0
215749 0 290 3 0
296366 0 290 3 3
51076 0 291 3 2
51238 0 291 3 1
51889 0 291 3 1
193396 0 291 3 3
198357 0 291 3 1
198358 0 291 3 1
199138 0 291 3 1
199139 0 291 3 1
214479 0 291 3 1
215065 0 291 3 2
215068 0 291 3 2
215788 0 291 3 3
215789 0 291 3 3
357915 0 291 3 2
103655 0 292 3 3
197425 0 292 3 1
197428 0 292 3 1
199393 1 292 3 3
199549 0 292 3 1
215860 1 292 3 1
215863 1 292 3 1
215864 1 292 3 1
357895 0 292 3 4
375400 0 292 3 3
51574 0 293 3 1
51577 0 293 3 1
194214 1 293 3 1
197851 0 293 3 1
199529 0 293 3 1
215064 0 293 3 3
215065 0 293 3 3
197661 0 294 3 3
198380 0 294 3 1
215066 0 294 3 1
215860 0 294 3 3
443850 0 294 3 3
50424 0 295 3 1
50426 0 295 3 1
50427 0 295 3 1
103038 0 295 3 1
198591 0 295 3 3
198594 0 295 3 3
198595 0 295 3 3
215789 0 295 3 2
215790 0 295 3 2
51433 0 296 3 3
197729 1 296 3 0
216050 1 296 3 1
216051 1 296 3 1
295349 0 296 3 3
51575 1 297 3 1
51577 1 297 3 1
198023 0 297 3 3
198261 0 297 3 3
198366 1 297 3 3
198368 1 297 3 3
199232 0 297 3 1
199233 0 297 3 1
199375 1 297 3 1
199376 1 297 3 1
215072 0 297 3 1
215864 1 297 3 1
103040 0 298 3 1
193438 0 298 3 1
193442 0 298 3 1
193439 0 298 3 1
197816 0 298 3 1
197817 0 298 3 1
215859 0 298 3 1
215864 0 298 3 1
216013 0 298 3 1
50551 0 299 3 4
198481 0 299 3 1
198528 0 299 3 1
198529 0 299 3 1
198590 0 299 3 1
198595 0 299 3 1
345676 1 299 3 3
345677 1 299 3 3
193879 0 300 3 1
193880 0 300 3 1
198591 0 300 3 1
198595 0 300 3 1
238167 0 300 3 3
15066 0 301 3 3
85403 1 301 3 3
215277 0 301 3 1
216042 1 301 3 1
525663 0 301 3 3
84139 0 302 3 1
193780 0 302 3 1
193783 0 302 3 1
199332 0 302 3 1
50779 0 303 3 1
197673 0 303 3 1
197674 0 303 3 1
197675 0 303 3 1
215835 0 303 3 1
216154 1 303 3 1
345678 0 303 3 2
193876 0 304 3 1
193878 0 304 3 1
197384 1 304 3 1
198480 0 304 3 1
166000 1 305 3 3
166001 1 305 3 3
166004 1 305 3 3
193236 0 305 3 1
193875 0 305 3 2
193876 0 305 3 2
193877 0 305 3 2
193880 0 305 3 2
215181 0 305 3 1
193225 1 306 3 0
193778 0 306 3 1
193782 0 306 3 1
193783 0 306 3 1
197672 0 306 3 3
198922 1 306 3 1
214784 0 306 3 1
215103 0 307 3 0
215104 0 307 3 0
215660 1 307 3 1
197344 0 308 3 0
198395 0 308 3 1
215180 0 308 3 1
215181 0 308 3 1
215182 0 308 3 1
215377 0 308 3 2
517532 0 308 3 3
194062 0 309 3 3
215535 0 310 3 3
215536 0 310 3 3
197343 0 311 3 0
197344 0 311 3 0
215576 0 311 3 1
215661 0 311 3 1
215660 0 311 3 3
193220 0 312 3 2
193224 0 312 3 2
193226 0 312 3 2
197478 0 312 3 2
198247 0 313 3 1
214618 1 313 3 0
214620 1 313 3 0
215161 0 313 3 1
345186 0 313 3 3
345188 0 313 3 3
83555 0 314 3 1
83556 0 314 3 1
198920 1 314 3 2
215242 0 314 3 1
216160 1 314 3 1
83788 0 315 3 1
197384 0 315 3 1
198110 0 315 3 4
291124 0 315 3 3
355350 0 315 3 3
83212 0 317 3 3
83214 0 317 3 3
193288 0 317 3 1
407965 1 317 3 3
83429 1 318 3 1
83432 1 318 3 1
83452 0 318 3 1
83849 0 318 3 1
83850 0 318 3 1
214598 1 318 3 1
214600 1 318 3 1
216160 0 318 3 3
216162 0 318 3 3
297301 0 318 3 3
297303 0 318 3 3
198031 0 319 3 0
198035 0 319 3 0
198036 0 319 3 0
215035 1 319 3 1
215038 1 319 3 1
215039 1 319 3 1
82823 0 320 3 1
82824 0 320 3 1
83507 0 320 3 3
83508 0 320 3 3
83510 0 320 3 3
83789 1 320 3 1
83849 0 320 3 1
198030 0 321 3 2
198035 0 321 3 2
215038 1 321 3 0
215041 1 321 3 0
82820 0 322 3 3
83277 0 322 3 1
83278 0 322 3 1
83430 0 322 3 0
83789 0 322 3 3
83790 0 322 3 3
37973 0 323 3 3
37974 0 323 3 3
215038 0 323 3 3
215039 0 323 3 3
327742 0 323 3 3
83276 1 324 3 1
193285 0 324 3 3
193287 0 324 3 3
198124 0 324 3 3
39273 0 325 3 0
39274 0 325 3 0
39275 0 325 3 0
214353 0 326 3 3
214355 0 326 3 3
82823 0 327 3 2
83314 1 327 3 1
39272 0 328 3 3
39274 0 328 3 3
39275 0 328 3 3
39285 0 328 3 1
327742 1 328 3 1
327745 1 328 3 1
327746 1 328 3 1
83315 0 330 3 2
509199 0 330 3 1
339421 1 331 3 1
98843 1 332 3 1
509200 0 332 3 3
83314 0 333 3 3
293443 0 333 3 3
39282 0 334 3 3
39283 0 334 3 3
509203 1 334 3 1
98847 0 335 3 1
441711 0 335 3 2
508749 0 337 3 1
155764 0 338 3 1
155766 0 338 3 1
440405 0 338 3 2
440410 0 338 3 2
507401 0 338 3 1
84050 0 339 3 2
84051 0 339 3 2
98839 0 339 3 1
98841 0 339 3 1
508155 0 339 3 1
508156 0 339 3 1
509045 0 339 3 1
509436 0 339 3 3
509439 0 339 3 3
507971 0 340 3 1
507972 0 340 3 1
507977 0 340 3 1
508839 0 340 3 1
509289 1 340 3 1
83110 0 341 3 1
221776 0 341 3 2
509354 0 341 3 1
509355 0 341 3 1
509357 0 341 3 0
509358 0 341 3 0
509356 0 341 3 1
98839 0 342 3 1
98842 0 342 3 1
507964 1 342 3 2
507977 0 342 3 1
508124 0 342 3 1
82995 0 343 3 1
82997 0 343 3 1
83113 0 343 3 1
440409 0 343 3 1
507452 0 343 3 1
507453 0 343 3 1
507454 0 343 3 1
507456 0 343 3 1
507457 0 343 3 1
507458 0 343 3 1
507972 0 343 3 0
507973 0 343 3 0
509286 0 343 3 3
509366 0 343 3 3
509367 0 343 3 3
84115 1 344 3 1
84118 1 344 3 1
84258 0 344 3 1
236412 1 344 3 3
236413 1 344 3 3
441021 0 344 3 1
441023 0 344 3 1
507493 1 344 3 3
507497 1 344 3 1
507896 0 344 3 3
508122 0 344 3 1
508124 0 344 3 1
508408 1 344 3 1
508606 0 344 3 3
508609 0 344 3 3
508610 0 344 3 3
508612 0 344 3 3
509192 0 344 3 0
509193 0 344 3 0
156038 0 345 3 1
156041 0 345 3 1
440405 0 345 3 2
441022 1 345 3 3
507497 1 345 3 1
507498 1 345 3 1
507654 0 345 3 3
507655 0 345 3 3
508362 0 345 3 1
508460 1 345 3 3
508462 1 345 3 3
508464 1 345 3 3
508492 0 345 3 2
508497 0 345 3 2
157422 0 346 3 1
157559 0 346 3 1
507493 0 346 3 1
507494 0 346 3 1
507965 0 346 3 4
509351 0 346 3 1
82994 0 347 3 1
82996 0 347 3 1
82997 0 347 3 1
84116 0 347 3 3
156247 0 347 3 1
156249 0 347 3 1
156250 0 347 3 1
157285 0 347 3 1
157286 0 347 3 1
157289 0 347 3 1
441620 1 347 3 1
507455 0 347 3 3
507457 0 347 3 3
507660 0 347 3 3
507661 0 347 3 3
507938 0 347 3 1
507940 0 347 3 1
508042 0 347 3 1
15046 0 348 3 4
441430 0 348 3 0
441503 0 348 3 1
507455 0 348 3 1
507456 0 348 3 1
507457 0 348 3 1
508365 0 348 3 3
157284 0 349 3 3
157286 0 349 3 3
157287 0 349 3 3
507966 0 349 3 4
508610 1 349 3 1
509311 1 349 3 1
391877 1 350 3 3
58129 0 351 3 1
58132 0 351 3 1
156191 1 351 3 1
156192 1 351 3 1
157550 0 351 3 3
441423 0 351 3 3
441427 0 351 3 1
441431 0 351 3 1
441432 0 351 3 1
507667 0 351 3 3
507695 0 351 3 3
508507 1 351 3 1
508508 1 351 3 1
508509 1 351 3 1
156524 0 352 3 3
441430 0 352 3 1
441432 0 352 3 1
441433 0 352 3 1
508607 0 352 3 0
508612 0 352 3 0
508721 0 352 3 1
15035 0 353 3 3
56999 0 353 3 1
57002 0 353 3 1
441220 0 353 3 1
508367 0 353 3 1
156292 0 354 3 1
156296 0 354 3 1
467891 1 354 3 3
15045 0 355 3 3
441634 0 355 3 1
441635 0 355 3 1
442148 0 355 3 2
507541 0 355 3 1
509309 0 355 3 0
509313 0 355 3 0
155731 1 356 3 1
156354 0 356 3 3
156356 0 356 3 3
156522 0 356 3 1
156526 0 356 3 1
57001 1 357 3 1
156975 0 357 3 1
157628 0 357 3 1
157630 0 357 3 1
440421 0 357 3 3
441212 0 357 3 1
441214 0 357 3 1
441215 0 357 3 1
507668 0 357 3 3
507671 0 357 3 3
508957 0 357 3 2
508958 0 357 3 2
507760 0 358 3 1
507761 0 358 3 1
14846 0 359 3 2
156756 0 359 3 1
156759 0 359 3 1
168281 0 359 3 2
387210 1 359 3 3
490945 0 359 3 1
490948 0 359 3 1
508709 0 359 3 1
156933 1 360 3 2
483674 0 360 3 2
157101 0 361 3 1
157102 0 361 3 1
260278 0 361 3 3
440869 0 361 3 1
441882 1 361 3 1
441883 1 361 3 1
156749 1 362 3 1
156997 0 362 3 3
156998 0 362 3 3
330058 1 362 3 3
508080 1 362 3 1
508083 1 362 3 1
508084 1 362 3 1
508085 1 362 3 1
509216 1 362 3 1
509217 1 362 3 1
157109 0 363 3 0
440446 0 363 3 1
440449 0 363 3 1
440650 0 363 3 1
440652 0 363 3 1
507863 1 363 3 1
509096 0 363 3 1
509157 0 363 3 1
509158 0 363 3 1
509328 1 363 3 1
509329 1 363 3 1
509527 1 363 3 1
157027 1 364 3 1
440621 0 364 3 1
440622 0 364 3 1
