274808 3 2 0 0
64554 4 3 3 0
215741 4 3 3 0
319748 4 3 0 0
360872 4 3 3 0
530501 4 3 0 0
78422 5 2 3 0
435523 5 1 1 0
475493 5 4 3 0
290406 7 4 1 0
292550 8 3 3 0
274817 9 1 3 0
291946 10 1 3 0
290405 11 2 1 0
435456 11 4 1 0
196 12 3 3 0
291000 13 2 4 0
290407 14 3 3 0
292549 14 4 3 0
293028 15 3 3 0
116938 16 3 3 0
233168 16 3 1 0
234271 16 2 1 0
290379 16 1 3 0
291040 16 4 3 0
291793 16 3 3 0
292548 16 3 1 0
292857 16 4 1 0
233720 17 1 1 0
292170 17 3 1 0
367074 17 3 3 0
290709 18 2 1 0
292406 18 1 1 0
293213 18 3 1 0
233178 19 4 1 0
291550 19 4 1 0
291718 19 2 1 0
292527 19 2 1 0
292792 19 4 1 0
292801 19 2 1 0
450582 19 2 3 0
132691 20 3 3 0
233369 20 3 1 0
234469 20 4 1 0
290408 20 3 3 0
292951 20 2 1 0
292071 21 2 1 0
292804 21 4 1 0
292941 21 3 0 0
145794 22 3 3 0
233717 22 3 1 0
291035 22 2 1 0
291837 22 2 1 0
292270 22 2 1 0
293221 22 2 3 0
309427 22 2 3 1
327365 22 3 2 0
333411 22 3 3 0
60073 23 3 3 0
151177 23 3 2 0
290318 23 3 1 0
290378 23 4 1 0
360935 23 3 3 0
553952 23 2 3 0
233718 24 4 1 0
234472 24 3 4 0
290948 24 2 1 0
291111 24 2 1 0
292426 24 2 3 0
292591 24 1 1 0
292657 24 4 1 0
366183 24 3 3 0
104442 25 2 2 0
151176 25 2 1 0
151178 25 1 1 0
290457 25 4 1 0
290817 25 1 1 0
293037 25 1 0 0
327364 25 2 0 0
382430 25 2 2 1
450617 25 2 4 0
290492 26 2 1 0
290569 26 2 1 0
291631 26 3 1 0
291903 26 2 1 0
292659 26 3 3 0
333409 26 3 1 0
233723 27 3 3 0
290519 27 3 1 0
292720 27 1 1 0
292806 27 2 3 1
366182 27 2 1 0
547986 27 3 2 0
59112 28 1 1 0
60511 28 4 1 1
232728 28 2 1 0
233977 28 4 1 0
290381 28 2 4 0
292274 28 2 1 0
290452 29 4 1 0
290521 29 3 3 0
291708 29 2 1 0
291900 29 2 0 0
292595 29 3 3 0
331902 29 4 3 0
382432 29 3 3 0
234606 30 2 1 0
290398 30 4 0 0
292032 30 4 1 0
461764 30 3 1 0
490586 30 3 2 0
233541 31 3 1 0
290710 31 3 1 0
292299 31 3 1 0
292719 31 3 1 0
462321 31 2 1 0
229987 32 3 3 0
233097 32 3 3 0
273774 32 3 3 0
290520 32 2 2 0
292721 32 3 3 0
461732 32 3 1 0
462134 32 2 1 0
462178 32 2 1 0
230724 33 1 3 0
291183 33 3 3 0
291259 33 4 1 0
291707 33 4 1 0
429248 33 3 3 0
233263 34 2 1 0
234440 34 4 1 0
292072 34 2 1 0
292491 34 3 1 0
311304 34 3 3 0
462135 34 2 1 0
462322 34 2 3 0
512509 34 3 1 0
59104 35 3 1 0
232897 35 3 1 0
290750 35 4 4 0
291258 35 3 1 0
292858 35 3 1 0
90507 36 3 3 0
105943 36 3 2 0
251244 36 2 3 0
277856 36 3 2 0
290711 36 1 1 0
291261 36 2 3 0
292378 36 4 1 0
366180 36 3 1 0
366672 36 3 1 0
91075 37 3 3 0
104188 37 2 3 0
232762 37 3 1 0
290449 37 3 1 0
290802 37 5 1 0
290970 37 2 2 1
291114 37 3 1 0
291540 37 3 1 1
311303 37 3 2 0
539028 37 4 3 0
60721 38 3 1 0
234391 38 2 1 0
290836 38 3 1 0
291260 38 3 3 0
291542 38 3 3 1
365518 38 3 2 0
59454 39 4 1 0
90216 39 1 1 0
232857 39 3 1 0
233294 39 4 1 0
290578 39 4 1 0
290716 39 1 1 0
291539 39 1 1 0
292216 39 3 3 1
292335 39 2 1 0
125926 40 3 3 0
233583 40 2 1 0
233969 40 4 1 0
234339 40 3 1 0
283560 40 2 1 0
290788 40 3 1 0
291628 40 3 1 0
292683 40 2 1 0
292767 40 2 1 0
104570 41 1 1 0
104967 41 2 1 0
290445 41 3 1 1
290712 41 3 3 0
291203 41 4 4 0
292861 41 3 3 0
293067 41 1 1 0
365425 41 4 1 0
365789 41 3 3 0
365831 41 2 1 0
366307 41 4 1 0
388888 41 3 3 0
521831 41 4 3 1
18503 42 2 3 0
90206 42 2 1 0
174975 42 1 1 0
233293 42 3 1 0
233443 42 4 1 0
233618 42 3 3 0
233842 42 2 1 0
233925 42 4 1 0
233970 42 3 3 0
234080 42 2 1 0
283554 42 1 1 0
290448 42 2 1 1
291347 42 4 1 0
293010 42 2 0 0
365543 42 3 3 1
366068 42 4 1 0
58632 43 4 1 0
232824 43 1 2 0
232859 43 3 3 0
234181 43 3 1 0
234588 43 4 1 0
283559 43 2 1 1
284518 43 2 1 1
290715 43 2 0 1
291083 43 2 1 0
291354 43 3 1 0
292248 43 3 3 0
293214 43 3 1 0
365424 43 2 1 0
365834 43 2 1 0
366807 43 2 1 0
48984 44 3 3 0
232587 44 4 1 0
232596 44 2 1 0
284468 44 1 1 0
291209 44 3 3 1
291742 44 3 1 0
366848 44 3 3 0
367992 44 3 3 0
58633 45 2 1 0
58635 45 2 3 1
60017 45 2 1 0
81489 45 3 3 0
91060 45 3 1 0
104569 45 3 4 0
105006 45 4 1 0
233150 45 3 1 0
233584 45 2 1 0
234416 45 2 1 0
234580 45 1 1 1
234581 45 4 1 0
291353 45 2 1 0
291995 45 3 1 0
292256 45 3 4 0
292616 45 3 1 0
365423 45 3 1 0
366914 45 2 1 0
104691 46 3 3 0
233479 46 1 1 0
234136 46 3 4 1
234229 46 4 1 0
283872 46 3 1 0
284412 46 3 1 0
291965 46 3 1 0
293068 46 3 3 0
233300 47 4 1 0
234180 47 2 1 0
277928 47 4 3 1
290308 47 2 1 0
290763 47 2 1 0
291081 47 2 0 0
291207 47 2 1 0
291350 47 4 0 0
291618 47 3 1 0
292036 47 2 1 0
292478 47 2 3 0
17777 48 3 3 0
58559 48 4 1 0
150726 48 3 3 0
210781 48 3 3 0
232656 48 3 1 0
233749 48 2 3 0
234583 48 2 2 0
283879 48 2 2 0
291084 48 3 3 0
291503 48 2 1 1
292517 48 4 1 0
306920 48 2 2 0
306922 48 4 3 0
366327 48 2 1 0
366994 48 3 1 0
105377 49 2 3 0
193149 49 2 2 0
208657 49 4 3 1
234347 49 1 0 0
291052 49 1 1 0
292202 49 3 3 0
365501 49 2 1 0
232815 50 4 3 1
233635 50 4 1 0
291091 50 3 1 0
365261 50 2 1 0
538859 50 2 2 0
538956 50 3 1 0
106393 51 4 1 0
150724 51 2 2 0
208128 51 3 1 0
232667 51 3 2 0
232689 51 4 0 0
232892 51 3 1 0
233339 51 3 1 0
233587 51 4 3 0
233988 51 2 1 0
365260 51 2 1 0
366248 51 4 1 0
538390 51 3 1 0
538410 51 2 1 0
538959 51 2 3 0
150711 52 3 1 0
232618 52 1 1 0
283143 52 4 1 0
290732 52 3 1 0
291925 52 3 1 0
292178 52 3 1 0
306639 52 3 3 0
365502 52 2 1 0
365510 52 4 3 0
366097 52 1 1 1
366144 52 2 1 0
366218 52 3 1 0
366326 52 2 1 0
366833 52 2 1 0
537557 52 2 1 0
562133 52 2 3 0
60616 53 2 3 0
149997 53 2 1 0
150712 53 3 1 0
208241 53 2 3 0
283140 53 3 1 0
283548 53 4 1 0
290869 53 3 3 0
307333 53 3 3 0
354477 53 3 3 0
365507 53 3 1 0
365786 53 2 1 0
365935 53 2 1 0
401709 53 2 3 0
538857 53 3 1 0
538910 53 2 1 0
149958 54 1 1 0
150719 54 3 1 0
150793 54 4 2 0
283144 54 4 3 0
284112 54 4 1 0
291053 54 3 1 0
293075 54 1 1 1
365371 54 2 1 0
365548 54 2 1 0
366249 54 2 3 0
366360 54 3 3 1
537500 54 2 1 0
537811 54 1 1 0
538187 54 2 1 0
538537 54 2 1 0
538562 54 4 1 0
210987 55 3 3 0
233274 55 3 1 0
233636 55 4 1 0
283986 55 2 1 0
291918 55 2 1 0
361980 55 3 1 0
365216 55 2 1 0
365514 55 2 1 0
366148 55 3 3 0
366624 55 2 1 0
439628 55 2 3 0
537844 55 2 1 0
537963 55 3 1 0
538858 55 4 2 0
539015 55 2 0 0
539026 55 2 4 0
150713 56 2 3 0
150716 56 3 2 0
150720 56 3 1 0
150794 56 2 2 0
232688 56 2 4 0
283237 56 2 1 0
283347 56 3 1 0
307214 56 3 3 0
309549 56 3 3 0
365348 56 4 1 0
365381 56 3 1 1
365677 56 3 3 0
365954 56 3 1 0
366681 56 3 1 1
366682 56 3 1 0
457869 56 3 3 0
537479 56 3 3 0
537883 56 2 1 0
538855 56 4 3 0
539085 56 2 4 0
150401 57 3 1 0
232541 57 3 1 0
283327 57 3 1 0
283563 57 3 2 0
283583 57 2 1 0
291920 57 2 3 0
292471 57 2 1 0
365257 57 2 4 1
365342 57 3 1 0
537560 57 3 3 0
537906 57 2 1 0
538188 57 3 3 0
539025 57 2 3 1
90505 58 2 2 0
233273 58 2 1 0
234371 58 1 0 0
283349 58 3 1 0
283876 58 3 1 0
284633 58 3 1 0
292249 58 4 1 1
365341 58 3 1 0
365508 58 3 1 0
366626 58 3 3 0
539023 58 3 1 0
124167 59 2 4 0
189656 59 3 3 0
283121 59 3 3 0
284415 59 3 3 0
360911 59 3 1 0
366981 59 2 1 0
537812 59 3 1 0
92889 60 3 3 0
139732 60 2 3 0
150714 60 3 3 1
175109 60 3 3 0
233612 60 2 3 0
234397 60 3 1 0
284438 60 3 1 0
290509 60 2 1 0
291438 60 4 3 1
329897 60 2 3 0
365277 60 3 1 0
365350 60 3 3 0
365377 60 4 3 0
365952 60 3 3 0
366599 60 2 3 0
523939 60 3 3 0
537813 60 2 3 0
538782 60 3 3 0
5274 61 3 3 0
149956 61 5 1 0
201781 61 1 3 0
232543 61 3 4 0
283553 61 3 3 0
284119 61 2 1 0
284274 61 3 1 0
292127 61 3 1 0
335558 61 2 4 1
360910 61 3 0 0
537558 61 5 2 0
538110 61 2 0 0
538875 61 1 1 0
540198 61 3 3 1
562130 61 3 1 0
105706 62 3 1 0
149508 62 2 3 0
233275 62 2 1 0
283361 62 2 1 0
283364 62 3 3 0
290639 62 3 2 1
292123 62 2 1 0
365469 62 2 1 0
366123 62 3 1 0
366748 62 3 1 0
366794 62 3 1 0
539134 62 2 1 0
92572 63 4 1 0
92888 63 3 2 0
124168 63 3 4 0
223464 63 4 2 0
360908 63 2 2 0
366124 63 3 1 0
366798 63 3 3 1
366928 63 3 2 0
490710 63 4 3 0
538101 63 2 1 1
563223 63 2 1 0
90166 64 2 3 0
284009 64 3 1 0
304391 64 3 1 0
365812 64 4 3 0
366919 64 1 3 0
366980 64 3 0 0
460002 64 3 1 0
537480 64 2 0 1
562495 64 2 1 1
149471 65 3 3 0
149903 65 4 1 0
149971 65 3 1 0
234374 65 4 3 1
292125 65 3 3 0
304461 65 2 1 0
361696 65 3 1 0
365249 65 2 0 0
366796 65 3 1 0
422594 65 3 2 0
525032 65 4 2 0
538433 65 4 3 0
538792 65 2 3 0
538915 65 2 1 0
105707 66 2 1 0
122548 66 2 3 0
149513 66 4 3 0
149603 66 2 1 0
234373 66 2 1 0
234571 66 3 1 0
283401 66 2 4 1
283705 66 4 1 0
283845 66 2 1 0
283904 66 3 1 0
284427 66 2 3 0
292124 66 2 1 0
366594 66 3 4 0
366678 66 4 3 0
366930 66 4 3 0
526974 66 3 3 0
538126 66 3 1 0
539021 66 3 1 1
561849 66 2 1 0
78927 67 3 3 0
92574 67 3 3 0
121378 67 4 3 0
234147 67 3 3 0
234484 67 3 4 0
336505 67 2 3 0
364251 67 2 4 0
366125 67 4 1 0
366126 67 3 3 0
538877 67 2 3 0
538914 67 1 1 0
555898 67 3 3 0
105206 68 2 1 0
105224 68 2 1 0
124695 68 3 3 0
150557 68 3 1 0
219246 68 2 3 0
234104 68 2 2 0
283067 68 2 0 0
366142 68 2 3 0
374627 68 2 3 0
390807 68 3 3 0
523898 68 3 3 0
527315 68 3 3 0
537905 68 2 1 0
561208 68 4 1 0
561762 68 2 1 0
38482 69 3 3 0
91255 69 3 3 0
91866 69 2 1 0
105207 69 2 3 1
105700 69 3 3 0
105935 69 2 1 0
149624 69 2 3 1
149905 69 3 3 0
150664 69 1 3 1
233099 69 2 1 0
234410 69 2 3 0
283070 69 2 3 1
283703 69 2 0 0
283828 69 3 1 0
366918 69 3 3 1
422596 69 3 2 0
561407 69 3 1 0
78928 70 2 3 0
80857 70 3 1 0
92409 70 3 3 0
144642 70 3 2 0
149507 70 4 1 0
149631 70 3 1 0
199984 70 3 2 0
219224 70 2 2 0
365308 70 3 1 0
381154 70 2 3 0
506603 70 3 2 0
45310 71 2 1 0
92350 71 2 3 0
92631 71 2 1 1
117800 71 3 3 0
148996 71 3 1 0
149643 71 2 1 0
149814 71 4 1 0
234105 71 3 3 0
283783 71 2 1 0
284343 71 3 3 0
507082 71 2 4 0
523906 71 2 1 0
560815 71 2 1 0
561409 71 4 3 0
91647 72 4 1 0
92305 72 3 3 0
105732 72 3 1 0
149107 72 3 1 0
232805 72 3 1 0
233106 72 3 1 0
234360 72 2 3 0
268147 72 3 3 0
283119 72 2 1 0
284048 72 4 0 0
322870 72 3 3 0
365251 72 2 1 0
365252 72 3 1 0
365801 72 2 1 0
366631 72 2 1 0
422598 72 4 3 0
538791 72 3 3 0
560757 72 3 1 0
561080 72 3 1 0
561313 72 3 1 0
562595 72 4 1 0
562666 72 3 1 0
91667 73 3 4 1
104486 73 4 3 0
199983 73 2 2 0
232779 73 4 1 0
283392 73 2 1 0
283498 73 4 1 0
283706 73 3 3 0
283708 73 3 3 1
365811 73 2 0 0
561314 73 3 3 0
562135 73 2 1 0
77020 74 4 3 0
82277 74 4 3 0
88066 74 3 3 0
92006 74 4 1 0
104949 74 2 3 0
105441 74 2 1 0
149553 74 4 1 0
149644 74 2 2 0
151370 74 3 3 0
233101 74 3 3 0
283304 74 2 1 0
283305 74 3 2 0
284051 74 3 3 0
322872 74 2 2 0
344225 74 3 4 1
365452 74 3 1 0
365836 74 2 1 0
500222 74 3 2 0
538876 74 3 1 0
563419 74 2 1 0
92136 75 3 0 0
105064 75 3 1 0
105186 75 2 1 0
105733 75 2 3 1
105782 75 3 1 1
149252 75 2 4 1
150710 75 3 4 1
232895 75 3 1 0
284306 75 3 3 0
332622 75 2 3 0
365802 75 2 3 0
366377 75 2 1 0
366635 75 2 1 0
366746 75 3 1 0
366774 75 2 3 0
525029 75 4 3 0
539405 75 4 3 0
561731 75 3 1 0
561735 75 2 1 0
561952 75 3 1 0
562441 75 3 1 0
562667 75 2 1 0
562839 75 3 2 0
91574 76 4 1 0
92207 76 2 1 0
92634 76 4 0 0
104417 76 3 1 0
105446 76 3 1 0
149342 76 4 1 0
149992 76 4 1 0
175144 76 2 3 0
283383 76 3 1 0
319564 76 1 2 0
336808 76 4 3 0
365580 76 3 1 0
365654 76 3 1 0
406060 76 3 3 0
469502 76 2 3 0
561757 76 3 2 0
561823 76 2 1 0
561877 76 2 1 0
562173 76 4 3 0
562219 76 3 1 0
562635 76 3 1 0
84848 77 2 3 0
93484 77 2 3 0
105569 77 2 0 0
105590 77 3 1 0
105593 77 2 1 0
150204 77 3 1 0
150693 77 2 3 0
233107 77 3 3 0
233690 77 3 1 0
234358 77 3 2 0
284559 77 2 0 0
337267 77 2 3 1
365456 77 2 0 0
365665 77 3 1 1
366258 77 3 1 0
366772 77 4 1 0
366941 77 2 1 0
406057 77 3 3 0
561311 77 4 3 0
561325 77 3 1 0
561522 77 1 1 0
561761 77 2 1 0
562670 77 4 3 1
563088 77 4 1 0
563302 77 3 2 0
92007 78 2 3 0
148990 78 3 1 0
149576 78 2 1 0
149991 78 4 1 0
151369 78 3 3 0
205055 78 3 4 0
211090 78 2 3 0
259210 78 3 3 0
284278 78 2 1 0
284521 78 2 0 0
336511 78 3 3 0
365686 78 3 1 0
365905 78 3 1 0
484027 78 2 4 0
500223 78 4 3 0
560741 78 4 3 0
560822 78 2 1 0
562672 78 2 1 0
62174 79 2 3 0
92408 79 2 3 0
92697 79 2 1 0
104451 79 3 1 0
105160 79 3 1 0
148989 79 2 1 0
149005 79 3 1 0
149600 79 2 1 0
207417 79 3 3 0
234365 79 4 1 0
283101 79 3 1 0
283245 79 3 1 0
283382 79 2 1 0
283760 79 4 4 0
365658 79 3 1 0
365664 79 3 1 0
366747 79 3 1 0
445668 79 2 3 1
563285 79 3 0 0
149266 80 3 1 0
149399 80 4 1 0
150740 80 2 1 0
156777 80 3 2 0
233692 80 3 3 1
234077 80 2 3 0
284053 80 2 1 0
284201 80 2 1 0
284388 80 3 1 0
335918 80 3 3 0
365483 80 3 0 1
365577 80 3 0 1
365652 80 3 1 0
406059 80 3 3 0
523892 80 2 3 0
560728 80 4 1 0
560795 80 2 0 0
561306 80 2 4 0
561778 80 2 1 0
562886 80 2 3 0
92412 81 3 1 1
102579 81 3 1 0
104782 81 1 1 0
105397 81 2 2 1
149597 81 2 1 0
149599 81 3 1 0
150566 81 3 1 0
283078 81 1 1 0
283432 81 2 0 0
365689 81 3 3 0
366634 81 4 1 0
86381 82 2 3 0
92887 82 4 1 0
104411 82 1 0 0
104807 82 2 1 1
266346 82 2 3 1
283246 82 3 1 0
283386 82 3 3 0
283514 82 2 1 1
366743 82 4 1 0
562518 82 3 3 1
562671 82 4 0 0
68282 83 2 3 0
105589 83 2 1 0
106225 83 3 1 0
149128 83 3 2 0
149364 83 4 3 0
149393 83 3 3 0
149945 83 3 0 0
149948 83 3 0 0
150653 83 2 1 0
201785 83 1 1 0
365657 83 2 0 0
538924 83 3 2 0
563212 83 3 4 1
105350 84 2 1 0
150231 84 3 4 0
257672 84 3 3 0
315438 84 3 1 0
366955 84 4 2 0
445665 84 4 1 0
537687 84 3 3 1
561777 84 2 1 0
562215 84 2 1 0
563009 84 2 1 0
563289 84 4 2 0
105402 85 3 4 0
106357 85 2 0 0
116579 85 3 3 1
149286 85 4 4 1
149930 85 3 1 0
149946 85 3 3 0
283584 85 4 1 0
315658 85 3 1 0
366637 85 3 3 1
366689 85 4 1 0
366741 85 2 3 0
406422 85 3 2 0
560912 85 3 1 0
561350 85 4 1 0
563210 85 3 4 0
106034 86 3 1 1
106361 86 2 3 0
150128 86 4 1 0
150696 86 3 4 0
155759 86 1 1 0
165030 86 3 3 0
283865 86 2 1 0
417342 86 3 3 0
561309 86 1 1 0
562515 86 3 1 0
105588 87 3 1 0
149265 87 4 4 0
149565 87 3 3 1
149919 87 3 3 0
149931 87 3 2 0
283867 87 1 1 0
315628 87 3 1 1
319624 87 2 1 0
365583 87 3 3 0
366740 87 3 3 1
561196 87 3 1 0
563021 87 4 1 0
39418 88 4 3 0
92334 88 3 1 0
149132 88 3 1 0
283515 88 3 1 0
315656 88 4 0 0
561315 88 2 3 0
561774 88 4 3 1
562607 88 2 0 0
149163 89 3 1 0
149433 89 3 1 0
149595 89 3 1 0
149714 89 4 3 0
156772 89 3 4 0
307356 89 2 1 0
319623 89 2 1 0
366639 89 2 3 0
560854 89 3 1 0
561245 89 2 1 0
562794 89 1 1 0
68460 90 4 3 0
100503 90 4 3 0
148982 90 3 1 0
150332 90 2 1 0
157343 90 4 1 0
157591 90 3 1 0
319627 90 3 3 0
417349 90 3 2 0
39417 91 3 2 0
104259 91 2 1 0
148997 91 3 3 0
149154 91 2 2 0
149435 91 1 3 0
150425 91 4 1 0
155913 91 2 1 0
157422 91 4 1 0
365582 91 3 3 1
435007 91 3 3 0
39415 92 3 1 0
106236 92 3 3 1
150089 92 1 3 0
150112 92 2 1 0
150331 92 2 0 0
156313 92 3 1 0
562571 92 3 1 0
105592 93 3 3 0
148959 93 3 1 0
157011 93 3 1 0
319486 93 2 3 0
478018 93 4 3 0
561684 93 2 1 0
562792 93 3 3 0
37641 94 2 1 0
148242 94 2 3 0
149153 94 3 3 0
150492 94 3 4 1
156992 94 3 1 0
157590 94 3 1 0
157601 94 4 1 0
340570 94 3 3 0
561576 94 3 1 0
562358 94 3 1 0
39464 95 2 1 0
149255 95 4 3 0
149424 95 2 2 0
149425 95 3 3 0
150111 95 3 1 0
157482 95 3 1 1
320506 95 4 1 0
419466 95 2 3 0
442147 95 3 3 1
561686 95 3 1 0
561845 95 3 1 1
561991 95 2 1 0
562817 95 3 1 0
562818 95 2 1 0
39463 96 2 0 0
49478 96 1 2 0
104262 96 3 3 0
149378 96 4 1 0
149426 96 2 3 0
149536 96 2 2 0
155912 96 3 1 0
157229 96 3 1 0
157243 96 3 1 0
157583 96 2 1 0
157617 96 3 0 0
417275 96 2 2 1
105587 97 2 0 0
149229 97 3 3 1
149463 97 3 1 0
150025 97 4 1 0
156056 97 2 1 0
156179 97 2 1 0
156797 97 5 1 0
305759 97 2 1 0
338955 97 3 3 0
561453 97 3 1 0
561990 97 2 1 0
562793 97 3 4 1
39166 98 4 1 0
149294 98 3 3 1
149537 98 2 2 0
149806 98 1 4 1
157228 98 3 0 0
157433 98 3 1 0
157620 98 1 1 0
207711 98 3 3 0
561826 98 3 2 0
561992 98 3 1 0
562161 98 4 0 0
562359 98 3 3 0
38635 99 3 1 0
39212 99 2 1 0
104506 99 1 0 0
155835 99 3 1 0
156882 99 4 3 0
321063 99 3 3 0
346475 99 4 3 1
560821 99 2 4 0
561976 99 3 1 0
563041 99 3 4 1
11250 100 3 3 0
38192 100 3 1 0
38824 100 4 1 0
106660 100 3 3 0
107392 100 3 3 0
155734 100 1 1 0
157137 100 2 3 0
157530 100 3 1 0
157619 100 2 1 0
208697 100 4 0 0
384484 100 2 3 0
562235 100 1 1 1
37642 101 3 2 0
38745 101 2 1 0
119264 101 4 2 0
148949 101 2 2 0
150030 101 3 3 0
155712 101 3 1 0
156480 101 3 3 0
157155 101 1 1 0
157161 101 1 1 1
219379 101 2 2 0
320232 101 3 1 0
6191 102 3 3 0
106335 102 3 3 0
150016 102 3 1 0
150480 102 3 4 1
156293 102 4 1 0
156668 102 2 0 0
157435 102 2 3 0
305760 102 2 3 0
320804 102 2 1 1
561455 102 3 3 0
148971 103 4 3 1
156323 103 4 1 0
156874 103 3 2 0
157618 103 4 1 0
411690 103 3 3 1
37695 104 2 1 0
38828 104 3 3 0
98060 104 3 2 0
104388 104 2 0 0
149037 104 3 0 0
156162 104 2 3 0
156357 104 2 4 1
156397 104 3 2 0
320211 104 1 1 0
440349 104 3 3 1
562168 104 3 3 0
37875 105 3 1 0
39268 105 4 4 0
156182 105 3 3 0
156233 105 2 3 0
156270 105 2 1 0
156322 105 3 1 0
157163 105 2 2 0
561452 105 2 1 0
562233 105 3 1 0
38743 106 4 0 0
156363 106 3 1 0
157554 106 3 1 0
185642 106 3 3 0
328979 106 3 2 1
411688 106 2 1 1
562097 106 2 1 0
37687 107 3 2 0
165469 107 2 3 0
276971 107 2 2 0
320806 107 3 2 0
7745 108 3 3 0
38703 108 2 1 0
38779 108 3 1 0
39326 108 2 1 0
110315 108 3 3 0
153983 108 2 2 1
155906 108 3 1 0
157556 108 2 2 1
549669 108 3 2 1
561352 108 4 1 0
562098 108 2 1 0
37736 109 3 1 0
37908 109 4 1 0
38180 109 2 1 0
38554 109 3 1 0
39092 109 3 1 0
39328 109 4 3 0
157409 109 2 1 0
109213 110 3 3 0
152517 110 2 2 0
155672 110 3 3 0
155910 110 3 3 0
156128 110 3 3 0
157339 110 3 3 0
199093 110 3 2 1
221522 110 3 2 0
320158 110 1 1 0
562476 110 2 1 0
37924 111 3 1 0
38053 111 2 1 0
38107 111 2 3 0
38261 111 3 3 0
38273 111 2 3 0
38438 111 2 1 0
156652 111 3 1 0
156654 111 3 1 0
157095 111 3 1 0
157411 111 2 3 0
560881 111 3 4 0
561351 111 3 1 0
561999 111 2 1 1
562874 111 2 1 0
37480 112 4 3 0
110679 112 3 3 0
221518 112 3 1 0
340527 112 1 3 0
480661 112 3 3 0
560749 112 3 1 0
38055 113 2 3 0
38178 113 3 1 0
38179 113 3 1 0
38890 113 3 1 0
560716 113 4 1 0
561811 113 2 1 0
562402 113 3 3 0
562734 113 2 1 0
39093 114 3 1 1
155828 114 2 1 0
156334 114 2 3 0
156488 114 2 3 0
156733 114 2 2 0
197198 114 2 1 0
38196 115 3 4 0
156283 115 4 0 0
157271 115 2 1 1
157276 115 4 1 0
221523 115 4 3 0
232083 115 2 3 0
320803 115 3 0 0
560708 115 3 3 1
561200 115 4 3 1
562877 115 2 3 1
12941 116 2 3 0
37551 116 3 1 0
38439 116 4 1 0
38778 116 2 1 0
39057 116 2 1 0
39352 116 3 1 0
154684 116 3 1 0
155875 116 3 1 0
155891 116 4 4 1
155898 116 3 1 0
157528 116 2 3 0
320798 116 4 1 0
321012 116 2 3 0
156043 117 3 1 0
156584 117 3 1 0
157106 117 3 1 0
561191 117 4 4 1
562733 117 2 0 0
6871 118 3 1 0
7277 118 3 1 0
154471 118 2 1 0
155782 118 2 1 1
156683 118 3 1 0
157315 118 2 1 0
197193 118 4 1 0
198381 118 1 1 0
561996 118 4 1 0
562610 118 2 3 0
562812 118 2 1 0
562847 118 3 1 0
153797 119 4 1 0
154686 119 2 1 1
155323 119 2 1 0
155899 119 3 3 0
155995 119 3 3 0
157592 119 3 1 0
157626 119 3 4 1
221517 119 3 0 0
222757 119 2 1 0
274632 119 2 3 0
320160 119 2 3 0
454988 119 2 2 0
561620 119 4 3 0
562366 119 2 1 0
562736 119 2 3 0
7325 120 2 1 1
38870 120 3 1 0
39047 120 3 3 0
50441 120 2 4 1
155896 120 2 0 0
156361 120 2 1 0
157010 120 3 0 0
157253 120 1 0 0
157474 120 2 1 0
223305 120 1 0 1
223307 120 3 1 0
561916 120 3 3 0
562363 120 2 1 0
562364 120 4 1 0
38001 121 3 1 0
38894 121 3 1 0
39353 121 3 3 1
153512 121 4 1 0
155285 121 2 1 0
156684 121 3 3 1
156795 121 4 1 0
157058 121 4 4 0
157254 121 3 1 0
319350 121 4 1 0
320597 121 3 1 0
320795 121 4 1 0
532385 121 2 3 0
7326 122 2 1 0
153516 122 3 1 0
153795 122 2 1 0
154425 122 2 1 0
155864 122 2 0 1
155972 122 1 1 0
156303 122 2 1 0
156385 122 2 1 0
156869 122 4 1 1
320799 122 4 3 0
562190 122 3 1 0
562365 122 2 1 0
563306 122 2 1 0
6109 123 3 1 0
7064 123 2 0 0
38168 123 3 3 0
39411 123 3 1 1
154611 123 3 1 0
154612 123 2 1 0
156095 123 1 0 1
156406 123 2 3 0
157473 123 2 0 0
222782 123 3 1 1
317106 123 2 2 0
319351 123 4 3 0
319923 123 3 1 0
454986 123 3 0 0
561586 123 2 1 0
562554 123 3 1 0
5731 124 3 1 1
6156 124 2 3 0
38833 124 3 1 0
39524 124 2 1 0
155431 124 2 3 0
155442 124 3 3 0
155817 124 2 4 0
156403 124 4 1 0
157063 124 2 3 0
221520 124 4 1 0
223177 124 3 4 0
297219 124 4 3 0
319559 124 3 1 1
321005 124 3 1 0
561968 124 2 1 0
563307 124 2 1 0
7063 125 4 0 0
38000 125 2 1 0
155800 125 4 3 0
156205 125 3 3 0
156380 125 3 1 0
157013 125 3 1 0
199204 125 4 1 0
222224 125 2 1 1
321155 125 2 1 0
560816 125 3 1 0
561617 125 3 1 0
562194 125 3 3 1
562327 125 4 4 1
6154 126 4 1 0
6551 126 3 1 0
37634 126 3 1 0
39269 126 2 1 0
39414 126 2 3 0
50499 126 3 3 0
102343 126 3 2 0
153213 126 3 3 0
153520 126 3 1 0
154508 126 3 3 0
155863 126 3 0 0
156008 126 2 1 0
156028 126 3 2 0
157402 126 2 1 0
284851 126 3 1 0
319091 126 3 1 0
467634 126 2 3 0
561602 126 4 1 0
562172 126 3 3 0
37986 127 3 1 0
38002 127 2 3 0
154614 127 2 3 0
199624 127 2 1 0
319926 127 4 3 0
320125 127 3 1 0
321154 127 2 1 0
325851 127 3 3 0
560786 127 3 3 0
561676 127 2 3 0
563225 127 3 1 1
86167 128 2 3 0
155865 128 3 1 0
157380 128 2 3 0
281736 128 2 4 1
285488 128 2 1 1
313282 128 3 3 0
319094 128 2 3 0
319097 128 1 1 0
319658 128 4 1 1
319919 128 2 2 0
319935 128 2 1 0
320127 128 3 3 0
383401 128 2 2 0
554313 128 3 4 1
560813 128 1 0 0
561514 128 4 1 0
561592 128 2 3 0
561679 128 4 1 0
6553 129 3 3 0
6974 129 3 1 0
6995 129 2 1 0
155380 129 3 1 0
222756 129 3 1 0
223471 129 4 3 0
223478 129 3 1 0
319457 129 3 1 0
319504 129 3 4 1
319642 129 4 1 0
320128 129 2 3 0
320299 129 3 1 0
320448 129 3 1 0
321174 129 3 1 0
401893 129 3 3 0
560814 129 1 0 0
560818 129 3 3 0
560846 129 4 3 0
561513 129 2 1 0
561971 129 4 1 1
562444 129 3 1 0
562455 129 3 1 0
6902 130 1 1 0
37635 130 3 3 0
37636 130 3 3 0
37685 130 1 1 0
156975 130 4 1 0
157195 130 2 1 0
222758 130 3 1 0
319641 130 4 0 0
320498 130 2 1 0
321173 130 2 1 0
355999 130 2 1 0
393709 130 3 3 0
561265 130 1 4 1
562722 130 2 1 1
563313 130 3 3 0
38302 131 3 3 0
62948 131 3 3 0
153517 131 4 1 0
153841 131 2 1 0
157197 131 3 3 0
157379 131 2 3 0
285275 131 4 1 0
305301 131 4 3 0
319099 131 4 3 0
319834 131 1 1 0
320041 131 3 1 0
321075 131 4 1 1
321176 131 2 3 0
321195 131 2 3 1
561677 131 3 3 0
562275 131 3 3 0
562352 131 2 1 0
562453 131 3 1 0
6552 132 3 2 0
37770 132 4 1 0
202621 132 4 1 0
222223 132 2 0 1
319988 132 2 1 0
320300 132 2 1 0
325852 132 5 4 0
354560 132 1 1 0
445142 132 2 3 0
482410 132 3 3 0
6906 133 3 1 0
6978 133 4 1 0
33477 133 3 1 1
38819 133 3 1 0
154843 133 3 1 0
155501 133 3 1 0
185210 133 4 1 1
197711 133 3 1 0
222716 133 2 2 0
319455 133 3 0 0
319853 133 2 2 0
320097 133 3 3 0
355195 133 2 1 0
401894 133 2 3 0
560819 133 3 3 0
2351 134 2 3 0
6135 134 3 1 0
6189 134 2 1 0
153586 134 4 3 0
154628 134 2 3 1
319252 134 3 3 1
321177 134 2 3 0
321189 134 2 4 0
355998 134 4 1 0
5952 135 2 3 0
6213 135 2 1 0
39386 135 2 1 0
157204 135 3 3 1
222177 135 2 3 0
319148 135 3 4 0
319464 135 2 3 0
321158 135 3 3 1
560817 135 3 1 0
561378 135 2 1 0
6137 136 3 1 0
7351 136 3 0 0
38562 136 2 1 0
74782 136 4 3 0
320694 136 2 3 0
357296 136 4 4 0
6139 137 3 3 0
6905 137 3 1 0
7293 137 4 1 1
319835 137 5 1 0
320047 137 3 1 0
355141 137 3 1 0
563265 137 3 1 0
7266 138 2 2 0
32737 138 1 0 0
157205 138 3 3 0
223374 138 3 1 0
319660 138 3 3 0
5546 139 1 1 1
6279 139 3 1 0
32731 139 3 1 0
38564 139 2 1 0
561625 139 3 3 0
563263 139 3 0 0
5843 140 3 3 0
6951 140 1 1 0
32739 140 2 1 0
39236 140 3 1 0
155847 140 4 1 1
156938 140 3 1 0
197757 140 3 0 0
319465 140 4 3 1
321061 140 3 1 0
39451 141 3 1 0
147839 141 4 3 0
315519 141 3 3 0
320046 141 2 1 0
5545 142 3 3 0
7295 142 4 3 1
31796 142 2 1 1
38304 142 3 1 1
60784 142 3 2 1
156853 142 4 4 0
222860 142 2 1 1
321064 142 2 3 0
388789 142 2 2 0
561624 142 2 2 0
7144 143 2 2 0
32738 143 3 1 0
33147 143 3 1 0
155846 143 2 1 0
164807 143 2 3 0
223375 143 3 1 0
319396 143 2 1 0
33450 144 3 1 0
38714 144 3 1 0
38905 144 2 1 0
156941 144 4 1 0
488411 144 3 3 0
6489 145 3 1 0
37777 145 3 1 0
99381 145 3 3 0
156096 145 3 0 0
222858 145 2 0 0
318097 145 2 3 0
467062 145 4 3 0
5888 146 4 1 0
31985 146 3 1 0
221666 146 4 1 0
221671 146 3 1 0
222652 146 4 3 0
222859 146 3 0 0
412548 146 3 3 0
539776 146 3 3 0
6847 147 4 4 1
33148 147 3 1 0
37776 147 3 1 0
119025 147 2 3 0
158439 147 4 3 0
221669 147 2 3 0
221672 147 2 2 0
223555 147 4 1 0
324776 147 3 3 0
33023 148 4 1 0
33032 148 2 3 0
38199 148 3 3 0
38453 148 3 3 0
96194 148 2 3 0
99382 148 3 3 0
156091 148 2 3 1
156612 148 2 3 0
223026 148 2 1 0
6325 149 2 1 0
32047 149 2 3 0
38254 149 3 1 0
154552 149 1 2 0
219792 149 2 2 0
222083 149 3 1 0
225976 149 3 3 0
280178 149 3 3 0
6483 150 4 3 0
153696 150 3 3 0
221751 150 3 1 0
222861 150 4 3 0
352463 150 2 3 0
6326 151 3 1 0
31987 151 2 3 0
101693 151 3 3 0
221753 151 3 1 0
34905 152 4 3 0
221755 152 2 3 0
221758 152 1 1 0
221818 152 3 1 0
222085 152 3 3 0
295999 152 3 3 0
398993 152 3 3 0
485384 152 4 3 0
5685 153 4 2 0
78488 153 2 3 0
154554 153 3 3 0
223387 153 3 3 0
282761 153 2 2 0
33287 154 3 1 0
38872 154 4 2 0
55082 154 1 0 0
109864 154 4 2 0
221752 154 3 1 0
236369 154 3 3 0
326168 154 2 3 1
31986 155 3 3 0
55254 155 2 3 0
221946 155 2 1 0
222460 155 2 1 0
223119 155 3 1 0
325080 155 3 3 0
31828 156 3 1 0
32588 156 3 3 0
399642 156 3 3 0
32026 157 4 2 1
33309 157 4 3 0
211446 158 3 3 0
222020 158 3 1 0
165202 160 4 3 0
211774 160 3 4 0
222818 160 2 3 0
32029 161 5 2 0
222518 161 3 1 0
478240 161 3 3 0
31697 162 3 1 0
222240 162 2 1 0
222312 162 3 1 0
477487 162 3 3 1
482146 162 3 3 0
32947 163 1 1 0
176872 163 4 3 0
221676 163 3 1 0
223012 163 1 0 0
8783 164 2 2 0
15688 164 4 3 0
221626 164 3 1 0
222437 164 2 0 0
478237 164 2 2 0
223391 165 3 1 0
32943 166 2 1 0
176884 166 3 3 0
221990 166 2 1 0
222146 166 2 3 0
80386 167 3 3 0
221677 167 2 1 0
223191 167 3 1 0
223351 167 4 1 0
531670 167 3 3 0
8785 168 3 3 0
222143 168 3 1 0
222474 168 2 1 0
223393 168 4 3 1
223435 168 1 1 0
222459 169 4 1 0
223273 169 3 1 1
32944 170 2 1 0
143930 170 3 3 0
221993 170 3 3 0
222571 170 2 0 0
221675 171 3 1 0
222292 171 3 1 1
223192 171 4 3 0
223356 171 3 0 0
253475 171 3 3 0
179714 172 2 3 0
222005 172 3 1 0
222507 172 4 4 0
222539 172 4 1 0
223296 172 3 1 0
223352 172 4 3 0
527341 172 2 2 0
223595 173 2 4 0
211876 174 3 2 0
222713 174 4 2 0
221481 175 3 1 0
509729 175 2 4 1
100334 176 4 3 0
221982 176 3 1 0
222293 176 2 3 1
285745 177 3 3 0
178831 178 2 3 0
222130 178 3 1 0
222156 178 4 1 0
222286 178 3 3 0
222290 178 4 1 0
179713 179 4 1 0
532882 179 2 3 1
179702 180 2 1 0
179715 180 3 3 0
221981 180 3 0 0
179712 182 2 1 0
180584 182 3 1 0
221497 182 4 1 0
223562 182 4 1 0
180659 183 3 1 0
222129 183 4 0 0
222132 183 4 1 0
179704 184 3 1 1
222783 184 2 1 0
223025 184 3 1 1
179942 185 2 1 0
180585 185 3 1 0
180605 185 4 1 0
222131 185 4 1 0
222133 185 2 3 0
222560 185 1 0 0
251072 185 3 3 0
223506 186 2 1 0
179483 188 4 1 0
180657 188 4 1 0
179941 189 3 1 0
221822 189 2 1 0
180003 190 4 2 0
180998 190 2 1 0
223222 190 4 1 0
223223 190 3 1 0
223507 190 3 1 0
347759 190 3 3 0
104820 191 2 3 0
181405 191 2 1 0
179486 192 4 3 0
179629 192 2 1 0
181339 192 3 1 1
181188 193 4 1 0
223217 193 3 2 0
181013 194 3 3 0
223176 194 4 3 0
408988 194 2 1 0
409929 194 4 2 1
72168 195 3 3 0
180048 195 2 1 0
181192 195 4 1 0
181340 195 2 1 0
223174 195 3 1 0
226095 196 4 3 0
181001 197 3 1 0
179694 198 2 1 0
180042 198 2 1 0
181464 198 3 1 0
188117 198 3 3 1
222288 198 3 3 0
223259 198 2 1 0
221586 199 3 1 0
180291 200 2 1 0
181449 200 2 1 0
179489 201 4 1 0
180046 201 2 3 0
180292 201 2 1 0
180522 201 2 1 0
180715 201 2 1 0
181350 201 3 3 0
550862 201 4 2 0
83768 202 3 3 0
179503 202 3 1 1
180639 202 3 3 1
181156 202 2 3 0
221589 202 4 3 0
223093 202 3 3 0
223095 202 2 4 0
124784 203 4 2 0
279108 203 2 3 1
181450 204 4 1 0
539208 204 1 3 0
20134 205 3 3 0
180288 205 4 0 0
180709 205 3 2 0
180911 205 2 1 0
214459 205 2 3 0
54182 206 3 3 0
179504 206 3 1 0
179648 206 4 3 0
223015 206 4 4 1
165280 207 2 2 0
181438 207 3 1 0
222284 207 2 3 0
179505 208 3 1 0
20129 209 3 3 0
181295 210 4 1 0
180857 211 2 1 0
329623 211 4 2 0
409994 211 3 3 0
181291 212 3 3 0
183253 212 2 3 1
235864 213 2 3 0
289336 213 2 3 1
180947 214 3 0 0
270715 214 2 3 0
180145 215 4 1 0
181289 215 3 3 0
259077 215 3 1 0
2837 216 3 1 0
179473 216 4 1 0
180146 216 3 1 0
188048 216 4 3 1
180424 219 3 1 0
179575 221 2 3 0
180317 221 3 2 0
192993 221 3 2 0
164389 223 3 1 0
180423 223 3 1 0
236321 224 3 0 0
192990 225 4 1 1
234891 225 3 1 0
405561 225 4 2 0
180512 226 3 1 0
180833 226 3 1 0
181163 227 4 3 0
234760 227 3 1 0
235436 227 4 1 0
235811 227 4 3 1
236228 227 2 1 0
191905 228 3 3 0
236332 228 2 1 0
236386 228 4 3 0
180508 231 2 1 0
180505 234 3 0 0
234702 234 3 3 0
236515 240 2 1 0
236736 242 2 1 1
536665 242 2 3 0
537029 242 3 3 0
235273 244 3 1 0
236517 244 3 1 0
327670 245 2 3 0
236735 247 4 3 0
236059 248 3 1 0
234988 249 3 1 0
235999 250 3 1 0
235808 251 3 1 0
236259 251 2 1 1
235573 252 2 1 0
235819 252 2 3 0
327659 252 3 1 0
235625 253 3 1 0
236430 254 2 1 0
327878 254 2 1 0
235574 255 2 1 0
327664 255 2 1 1
235387 257 3 1 0
235627 257 4 2 0
325813 258 1 1 0
326681 258 2 2 0
327805 258 3 1 0
235578 259 4 3 0
236032 259 3 1 0
236175 259 2 1 0
326683 259 3 3 1
326685 259 2 2 1
327807 259 2 2 1
234685 260 2 1 0
326416 260 3 1 0
234717 261 2 1 0
235068 261 3 1 0
236023 261 3 1 0
236474 261 2 1 0
326193 261 3 1 0
326239 261 3 1 0
327809 261 3 3 0
234684 262 5 1 0
235057 262 2 1 0
235156 262 2 1 1
235628 262 4 3 0
326175 262 3 1 0
235412 263 3 1 0
235683 263 3 1 0
235691 263 1 1 0
16316 264 2 3 0
235516 264 1 1 0
235622 264 4 1 0
236024 264 2 1 0
326417 264 4 1 0
326560 264 4 1 0
326995 264 2 1 0
327803 264 2 3 0
151547 265 3 3 0
153425 265 3 3 0
234719 265 3 3 0
234825 265 2 1 0
236031 265 5 0 0
236291 265 3 1 0
236472 265 3 0 0
325815 265 2 3 1
234789 266 1 1 0
235472 266 3 1 0
235566 266 2 1 0
236384 266 2 1 0
248524 266 3 3 1
326171 266 3 0 0
379687 266 2 3 0
236107 267 4 0 0
542916 267 3 2 0
16314 268 3 1 0
88564 268 4 3 0
9036 269 2 3 0
323657 269 3 3 0
235000 270 2 0 0
235061 270 3 1 0
235690 270 3 1 0
248523 271 4 2 0
16313 272 3 1 0
17590 272 3 1 0
235015 272 4 1 0
271880 272 4 3 0
326213 272 3 0 0
234887 275 4 1 0
312595 275 2 2 0
15582 276 3 1 0
26747 276 4 3 0
223814 276 2 3 0
234886 276 3 1 0
16315 277 3 3 0
234873 277 3 1 1
234884 277 2 1 0
248521 277 3 3 0
234883 278 4 1 0
234888 278 4 3 0
276165 278 4 3 0
127850 279 2 3 0
204169 279 4 4 1
26356 280 1 3 0
27341 280 2 1 0
236016 280 3 1 0
277504 280 3 3 0
15585 281 4 0 0
26360 281 3 3 0
26760 282 2 1 0
27969 282 2 1 0
326379 282 1 3 1
326533 282 3 1 0
388799 282 2 3 1
26357 283 3 0 0
127852 283 4 4 1
235471 284 3 3 0
326639 284 2 3 0
327892 284 2 1 0
234782 285 5 1 0
235968 285 4 3 0
326637 285 3 1 0
26355 286 3 3 0
236225 286 3 2 0
326036 286 2 1 0
27034 287 2 1 0
27035 287 4 1 0
234783 287 2 1 0
234802 287 2 1 0
26755 288 3 0 0
27355 288 2 1 0
27591 288 2 1 0
234651 288 2 1 0
286132 288 2 3 0
325891 288 4 1 0
325979 288 3 1 1
27235 289 3 1 0
27417 289 3 3 0
27646 289 2 1 0
234785 289 2 1 0
326035 289 4 1 0
25247 290 2 3 1
26467 290 2 1 0
27048 290 2 1 0
175024 290 1 0 0
175025 290 3 3 0
26626 291 2 1 0
26751 291 3 4 0
113043 291 2 3 0
234890 291 3 1 0
326438 291 3 1 0
26423 292 3 1 0
26455 292 4 1 0
26514 292 2 4 1
26784 292 3 3 0
27356 292 3 1 0
27539 292 2 3 0
325885 292 3 1 0
26451 293 3 2 0
26463 293 2 1 0
26510 293 2 1 0
26511 293 2 1 0
27498 293 3 1 0
27072 294 3 1 0
27491 295 2 1 0
27803 295 4 1 0
325883 295 3 0 0
27540 296 3 3 0
235775 296 2 3 0
260026 296 3 3 0
26466 297 3 1 0
26512 297 3 3 0
27117 297 3 3 0
27869 297 3 1 0
27876 297 1 1 0
235457 297 4 2 0
326714 297 2 4 0
26462 298 2 0 0
26517 298 2 1 0
112509 298 3 4 0
235469 298 2 1 0
326874 298 2 2 0
327928 298 4 1 0
26426 299 2 3 1
26469 299 3 3 0
26663 299 3 4 1
27541 299 4 3 0
27865 299 3 3 0
327705 299 3 3 0
27492 300 3 1 0
27610 300 2 1 0
235081 300 4 1 0
235996 300 3 4 1
260024 300 3 1 0
327086 300 3 1 0
327780 300 3 1 0
27088 301 3 4 0
27870 301 3 1 0
234736 301 2 3 0
235361 301 2 1 0
319942 301 4 2 0
27805 302 3 3 0
212468 302 2 3 0
235950 302 2 1 0
236447 302 3 1 0
236673 302 3 1 0
325913 302 2 1 0
270352 303 3 3 0
288312 303 4 3 0
326873 303 3 2 0
327180 303 2 1 0
406606 303 3 3 0
27593 304 4 1 0
27613 304 3 3 0
87780 304 2 2 0
326481 304 2 4 0
27280 305 3 0 1
27438 305 2 3 0
235997 305 1 1 0
236600 305 2 1 0
298449 305 3 1 0
326140 305 3 3 0
326612 305 2 1 0
327634 305 4 1 0
327782 305 3 1 0
27281 306 3 0 0
27436 306 1 1 0
265539 306 3 3 0
271188 306 3 3 0
296934 306 3 1 0
326138 306 3 1 0
326570 306 3 1 0
297446 307 3 1 0
298394 307 2 1 0
326867 307 2 1 1
327690 307 4 1 0
327964 307 2 1 0
520254 307 2 3 0
24820 308 1 3 0
235845 308 3 3 1
236742 308 3 1 0
297959 308 2 1 0
326321 308 2 1 0
326896 308 3 1 0
399075 308 4 3 0
270353 309 4 3 0
297282 309 3 1 0
326015 309 1 0 0
326126 309 3 0 1
270348 310 2 1 0
296852 310 3 1 0
390212 310 3 2 0
513385 310 3 3 0
520246 310 2 1 0
26593 311 4 1 0
236751 311 2 3 0
297468 311 3 1 0
297994 311 4 1 1
298219 311 3 3 0
298393 311 4 1 0
327063 311 4 4 0
298396 312 3 1 0
327689 312 2 1 0
327912 312 3 1 0
328005 312 2 1 0
423713 312 2 4 1
26589 313 4 0 0
235853 313 4 3 0
297448 313 4 1 0
326334 313 3 0 0
326709 313 3 0 0
390211 313 4 2 0
437385 313 3 2 0
297958 314 4 1 0
327056 314 4 1 0
327644 314 3 1 0
25331 315 3 3 0
26590 315 2 1 0
270350 315 3 1 0
297009 315 2 0 0
297013 315 2 3 0
297493 315 3 1 0
297911 315 3 4 0
326737 315 3 1 0
327273 315 2 1 0
423862 315 2 3 1
26595 316 4 3 1
235030 316 3 1 0
236118 316 3 3 0
297365 316 2 1 0
326016 316 3 1 0
326109 316 1 1 0
326400 316 2 0 0
326740 316 3 3 0
326744 316 2 3 0
327646 316 3 3 0
327692 316 3 3 0
427442 316 4 3 0
26598 317 3 3 0
81371 317 2 3 0
234880 317 2 1 0
235439 317 4 1 0
270678 317 2 1 0
297503 317 3 1 0
498489 317 3 3 1
121918 318 3 2 1
271176 318 2 1 0
297654 318 2 1 0
298113 318 3 2 0
326010 318 3 0 0
326734 318 3 0 0
27666 319 4 3 0
296904 319 2 1 0
297012 319 2 3 0
298593 319 1 4 0
326401 319 3 1 1
326736 319 2 1 1
327120 319 3 1 0
387087 319 2 3 0
234881 320 2 3 0
235284 320 3 3 0
235442 320 3 3 1
235976 320 4 1 0
270679 320 3 3 0
296854 320 2 3 0
297267 320 2 1 0
326741 320 3 1 0
327914 320 3 1 0
234987 321 3 1 0
297507 321 3 2 0
326735 321 4 1 0
498488 321 2 2 0
297504 322 3 1 0
298330 322 4 2 0
308355 322 3 3 0
326383 322 3 0 0
326537 322 3 1 1
327915 322 3 3 0
270351 323 2 3 0
326041 323 3 2 0
326568 323 3 1 0
326750 323 2 3 0
270844 324 2 2 0
298039 324 3 1 0
326803 324 2 4 0
558436 324 2 3 0
235332 325 3 1 0
326385 325 4 3 0
103447 326 2 3 0
235285 326 3 3 0
236344 326 1 3 0
275254 326 3 3 0
297828 326 1 2 0
326384 326 3 1 0
326559 326 1 0 0
326567 326 3 1 0
327849 326 3 3 0
66142 327 4 0 0
270846 327 2 3 0
297835 327 4 2 0
326439 327 2 3 0
326762 327 4 4 0
327220 327 2 3 0
327754 327 2 1 0
214280 328 4 3 0
235809 328 2 1 0
270357 328 2 1 0
297266 328 2 0 0
491156 328 2 3 0
236144 329 3 2 0
271778 329 3 1 0
274924 329 4 3 1
327219 329 3 3 0
327648 329 2 1 0
554906 329 3 3 0
269892 330 3 1 0
270910 330 4 1 0
271631 330 2 1 1
459919 330 3 3 0
109718 331 2 3 0
270479 331 3 1 0
290674 331 4 3 0
297869 331 3 3 1
333989 331 2 3 1
240454 332 2 3 0
273123 332 2 1 0
273124 332 3 2 0
274925 332 2 3 0
282500 332 2 3 0
297923 332 3 2 0
298237 332 3 1 0
327320 332 4 2 0
327615 332 2 1 0
327619 332 3 4 0
327650 332 4 1 0
235797 333 2 1 0
296943 333 2 4 1
326208 333 3 1 0
270033 334 3 1 0
270641 334 1 1 0
271930 334 3 1 0
294139 334 2 2 0
301186 334 3 2 0
327286 334 4 2 1
270909 335 4 1 0
271273 335 2 3 1
489717 335 3 3 0
518459 335 3 4 0
234910 336 2 1 0
270031 336 2 0 0
270229 336 2 1 0
270979 336 3 3 0
274219 336 2 3 0
275273 336 2 4 0
217752 337 3 3 0
270857 337 3 1 1
276008 337 4 1 1
270637 338 3 3 0
270643 338 2 3 0
272575 338 2 1 0
326207 338 3 1 0
235150 339 2 1 0
270231 339 3 3 0
271270 339 3 2 0
489713 339 3 1 0
270802 340 2 4 0
234912 341 4 2 0
235152 341 2 3 0
488976 341 3 1 0
489716 341 2 3 0
490863 341 2 4 1
325835 342 2 1 0
209940 343 4 1 0
271732 343 3 3 0
281873 343 2 1 0
365089 343 2 2 0
210415 344 2 1 0
236415 344 3 1 0
271485 344 4 3 0
272577 344 3 3 0
282973 344 3 4 1
298382 344 3 1 0
325836 344 3 3 0
490864 344 3 4 0
540340 344 2 3 0
210267 345 2 1 0
270986 345 2 3 0
281548 345 2 1 0
327403 345 3 3 0
236113 346 3 1 0
281811 346 3 1 0
282517 346 1 3 0
488962 346 2 2 0
96032 347 2 3 1
210152 347 3 1 0
210269 347 2 1 0
236559 347 4 3 0
489798 347 2 1 1
271325 348 3 3 0
281483 348 3 3 0
281812 348 3 1 0
281871 348 4 1 0
489793 348 2 0 0
209623 349 4 2 0
270664 349 2 4 0
282134 349 3 1 0
327005 349 3 1 0
281954 350 3 1 0
489976 350 3 1 0
490321 350 3 1 0
192732 351 2 3 0
210319 351 2 3 0
270984 351 1 2 0
489391 351 3 1 0
211035 352 3 1 0
211078 352 2 1 1
281952 352 1 0 0
283020 352 2 1 0
489795 352 3 2 0
210137 353 2 3 0
210161 353 4 1 0
210229 353 3 1 0
235532 353 4 2 1
326818 353 3 1 0
489041 353 3 1 0
489975 353 2 1 0
490793 353 3 4 0
148469 354 2 3 0
210442 354 2 1 0
210762 354 3 4 0
282215 354 3 1 0
489039 354 3 0 0
489323 354 2 1 0
489324 354 4 1 0
490297 354 2 3 0
210588 355 3 1 0
281987 355 2 4 1
282579 355 2 1 0
282894 355 2 1 0
283021 355 3 1 0
356798 355 2 3 0
488919 355 2 1 0
489044 355 2 4 1
209508 356 4 1 0
209728 356 3 1 0
211080 356 4 3 0
282356 356 2 1 0
211045 357 2 2 0
282640 357 2 2 0
489043 357 3 3 0
490507 357 3 1 0
490996 357 2 4 0
281477 358 3 1 0
282230 358 4 3 0
282411 358 2 1 0
282637 358 2 0 0
282827 358 4 1 0
489782 358 3 1 0
490505 358 2 2 0
209509 359 3 1 0
209606 359 2 1 0
210099 359 2 2 0
282228 359 2 0 0
282361 359 3 0 0
489540 359 2 1 0
490354 359 3 1 0
490506 359 1 1 0
149236 360 3 3 0
209804 360 3 1 0
282323 360 1 0 1
282824 360 2 3 0
323052 360 2 3 0
359399 360 3 2 1
483980 360 3 2 0
489288 360 3 3 0
489311 360 4 1 0
489463 360 3 1 0
210778 361 3 1 0
238049 361 2 2 1
282639 361 3 1 0
282641 361 2 3 0
283022 361 3 3 0
488921 361 4 3 0
490103 361 2 1 0
490106 361 2 2 0
490271 361 2 1 0
490686 361 3 1 0
70491 362 3 3 1
210100 362 2 3 0
211048 362 4 4 0
338439 362 2 2 0
489183 362 3 4 0
490510 362 4 3 0
490569 362 3 1 0
57645 363 2 3 1
209743 363 3 2 0
210429 363 2 3 0
282732 363 4 1 0
337223 363 2 3 0
489196 363 3 1 0
489906 363 3 1 0
490399 363 3 3 0
518894 363 2 2 0
209769 364 3 1 0
339773 364 3 3 0
352654 364 3 3 0
442157 364 3 3 0
489310 364 3 1 1
489727 364 3 1 0
489817 364 3 1 0
491011 364 2 3 0
