10705 1 4 6 3 0
14048 0 6 6 3 0
74202 1 2 6 3 0
88376 1 4 6 3 0
93452 0 6 6 1 0
127315 0 6 6 1 0
194574 1 4 6 3 0
197340 0 6 6 3 1
202348 1 4 6 1 0
216501 0 6 6 3 0
299738 1 4 6 3 1
317568 1 5 6 3 0
321482 1 3 6 3 0
350526 0 6 6 3 0
367941 0 6 6 4 1
387025 1 2 6 1 0
423867 0 6 6 3 1
460969 0 6 6 3 0
467013 0 6 6 3 0
489064 0 6 6 3 0
129471 1 3 7 3 1
197341 0 6 8 3 0
216502 0 6 8 3 0
230421 0 6 8 3 1
350527 1 3 8 3 1
387970 1 3 8 1 0
409249 1 4 8 3 1
10703 1 3 9 4 1
93451 0 6 9 0 0
93453 1 3 9 1 0
127317 1 4 9 1 0
127677 0 6 9 1 0
127715 0 6 9 1 0
134815 1 4 9 3 0
203694 0 6 9 1 0
387968 0 6 9 0 0
490648 0 6 9 4 1
127318 0 6 10 1 0
386842 0 6 10 1 0
387143 0 6 10 1 0
387969 0 6 10 1 0
409251 0 6 10 3 0
10706 0 6 11 3 0
127111 0 6 11 1 0
127316 0 6 11 1 0
127565 0 6 11 1 0
127711 1 2 11 2 0
128338 1 3 11 1 0
284524 1 3 11 3 0
350522 0 6 11 3 1
370849 1 4 11 4 0
386662 0 6 11 1 1
386988 1 4 11 1 0
387027 1 2 11 3 0
127689 1 2 12 1 0
202819 0 6 12 1 0
234765 1 3 12 3 0
284522 0 6 12 2 1
302727 1 3 12 2 0
7892 0 6 13 2 0
127319 0 6 13 1 0
127324 0 6 13 1 0
128137 1 4 13 1 0
128374 0 6 13 1 0
128477 0 6 13 3 0
370058 1 3 13 3 0
386844 0 6 13 3 1
387696 1 5 13 1 0
102658 1 4 14 3 0
127322 1 5 14 1 0
127744 0 6 14 1 0
128318 1 3 14 1 0
128801 0 6 14 4 0
386840 0 6 14 0 0
387308 1 3 14 3 0
387485 1 3 14 1 0
388460 0 6 14 1 0
103528 0 6 15 2 0
128273 0 6 15 1 0
128463 1 3 15 1 1
387031 1 2 15 2 0
387144 0 6 15 1 0
387699 1 2 15 3 0
388266 1 4 15 1 0
75257 1 4 16 3 0
127172 0 6 16 1 0
127691 1 4 16 3 1
127743 0 6 16 1 0
127932 1 2 16 1 0
128078 1 3 16 1 0
388093 0 6 16 1 0
468121 1 2 16 3 1
127642 1 4 17 3 0
128079 0 6 17 1 0
128258 0 6 17 1 0
128298 1 3 17 1 0
128319 1 3 17 1 0
128372 1 4 17 1 0
388092 0 6 17 0 0
388195 0 6 17 1 0
388202 1 4 17 3 0
127598 1 2 18 1 0
128037 1 4 18 4 0
128185 1 4 18 1 0
128249 1 3 18 1 0
128815 1 4 18 3 0
386449 0 6 18 1 0
386461 1 3 18 1 0
387033 1 4 18 3 0
387483 0 6 18 0 0
387697 1 3 18 1 0
388614 1 4 18 1 0
119100 1 4 19 2 0
128077 0 6 19 1 0
128272 0 6 19 1 0
128375 1 3 19 1 0
387139 1 3 19 1 0
387142 1 5 19 1 0
387897 0 6 19 1 0
388658 0 6 19 1 0
127270 0 6 20 4 0
127445 0 6 20 4 0
127542 1 2 20 1 0
386463 0 6 20 3 0
387560 0 6 20 1 0
388268 0 6 20 3 0
51652 1 3 21 3 0
127110 1 4 21 1 0
127447 1 3 21 1 0
127544 0 6 21 1 0
127599 1 4 21 3 0
128036 1 3 21 3 0
128625 1 4 21 1 0
387030 0 6 21 1 0
388095 1 4 21 3 0
388612 0 6 21 3 0
127934 1 3 22 1 0
128187 0 6 22 3 0
387146 1 4 22 3 0
387335 1 4 22 1 0
387486 0 6 22 3 1
387625 0 6 22 1 0
387929 0 6 22 3 0
388190 0 6 22 1 0
127113 1 4 23 1 0
127446 0 6 23 0 0
128274 0 6 23 1 0
128275 0 6 23 3 0
128467 1 4 23 3 1
159760 1 3 23 3 0
386737 1 2 23 1 0
387147 0 6 23 3 1
387148 0 6 23 1 0
388094 1 3 23 1 1
525480 0 6 23 3 0
127368 1 3 24 3 1
127601 1 2 24 4 0
127933 1 4 24 1 1
387272 1 3 24 1 0
387559 0 6 24 1 1
388611 0 6 24 3 1
50814 0 6 25 3 1
127344 1 4 25 1 0
128623 0 6 25 1 0
128734 0 6 25 2 0
386548 0 6 25 1 0
387518 0 6 25 1 0
387664 0 6 25 2 0
550865 1 3 25 2 0
127370 0 6 26 3 0
127449 1 3 26 2 0
128281 1 3 26 3 1
128334 0 6 26 1 0
386547 1 3 26 1 1
386661 1 4 26 1 0
387150 1 2 26 1 0
387151 0 6 26 1 0
387790 1 2 26 1 0
388314 1 3 26 1 0
388528 1 2 26 1 0
50813 1 3 27 3 0
127367 1 4 27 3 0
127467 0 6 27 1 0
189630 1 3 27 3 0
386834 1 3 27 1 0
386972 1 2 27 1 0
387172 0 6 27 1 0
387275 1 2 27 3 0
387517 1 4 27 1 0
396692 0 6 27 4 0
127260 0 6 28 1 0
127898 1 3 28 3 0
128011 0 6 28 3 1
128423 0 6 28 2 0
386827 1 4 28 1 0
387789 1 3 28 1 0
387793 1 3 28 3 0
388588 0 6 28 1 0
127366 1 4 29 1 0
128335 1 3 29 1 0
386664 1 4 29 3 0
386815 0 6 29 1 0
388167 1 3 29 1 0
388196 1 3 29 1 0
23445 1 2 30 2 0
128289 0 6 30 1 0
386829 0 6 30 1 0
386976 0 6 30 4 1
387171 1 4 30 1 0
387515 1 4 30 0 0
387516 0 6 30 0 0
387537 0 6 30 1 0
387786 1 4 30 3 0
388573 0 6 30 1 0
128116 0 6 31 1 0
386573 1 3 31 1 0
386837 0 6 31 3 1
387149 1 2 31 1 0
387156 0 6 31 1 0
387879 0 6 31 4 0
388171 0 6 31 3 0
388589 0 6 31 1 0
127249 0 6 32 0 0
386825 0 6 32 3 0
386903 0 6 32 1 0
387128 1 4 32 1 0
127262 1 2 33 3 1
128115 0 6 33 0 0
386572 0 6 33 1 0
387498 1 2 33 3 0
387539 1 4 33 1 0
387785 0 6 33 3 0
387961 0 6 33 1 0
388414 1 2 33 1 0
388543 0 6 33 1 0
390329 1 2 33 2 0
390475 0 6 33 3 0
387132 1 2 34 3 0
387157 1 3 34 1 0
387520 0 6 34 3 0
388170 0 6 34 3 0
388542 1 4 34 1 1
428369 0 6 34 2 0
128114 1 3 35 0 0
128333 1 3 35 1 0
364495 0 6 35 3 1
387135 1 3 35 3 0
387962 1 4 35 1 0
388587 1 3 35 0 0
388593 1 4 35 4 0
548883 1 3 35 3 0
128827 0 6 36 0 0
386448 0 6 36 2 0
386653 1 3 36 3 0
387079 1 3 36 1 0
388491 0 6 36 1 0
388590 0 6 36 3 0
127461 1 4 37 0 0
352291 0 6 37 3 1
386824 1 3 37 3 1
387013 1 3 37 1 0
11424 0 6 38 2 0
386641 0 6 38 1 0
386714 1 4 38 3 0
387274 1 3 38 1 0
388691 0 6 38 1 0
127160 0 6 39 3 0
127899 1 4 39 0 0
387070 0 6 39 1 0
387384 0 6 39 4 1
388692 0 6 39 1 0
388694 0 6 39 3 1
127462 1 3 40 1 0
130372 0 6 40 3 0
280399 1 3 40 3 0
364045 0 6 40 3 0
386888 0 6 40 1 0
387069 0 6 40 1 0
387080 1 3 40 3 0
387881 1 3 40 1 0
388250 1 4 40 1 0
128828 0 6 41 2 0
151684 0 6 41 3 0
233724 0 6 41 3 0
386447 1 2 41 2 0
387988 1 3 41 1 0
388053 1 3 41 1 0
388294 1 2 41 1 0
388695 0 6 42 3 0
391400 1 3 42 2 0
128265 1 4 43 1 0
386512 0 6 43 1 0
388253 1 4 43 3 0
388351 0 6 43 3 0
388473 0 6 43 1 0
411974 0 6 43 3 0
456367 1 4 43 3 0
19009 1 3 44 3 1
127797 0 6 44 1 0
184664 0 6 44 3 0
388026 1 4 44 4 1
541774 1 4 44 3 0
19007 0 6 45 2 0
20004 0 6 45 3 0
127799 0 6 45 1 0
387429 1 4 45 1 0
387434 0 6 45 3 0
387484 1 3 45 1 0
387755 0 6 45 1 0
387883 1 1 45 3 0
387987 1 3 45 0 0
388027 1 3 45 2 0
388732 1 4 45 4 1
128449 0 6 46 1 0
386511 1 3 46 0 0
387438 0 6 46 3 0
388471 0 6 46 1 0
388600 0 6 46 1 1
147184 1 4 47 3 0
386513 1 2 47 1 0
386515 0 6 47 3 1
387325 1 3 47 1 0
387431 0 6 47 1 0
387442 1 4 47 3 0
388025 0 6 47 4 1
388492 0 6 47 1 0
127798 0 6 48 1 0
127800 0 6 48 3 1
386787 0 6 48 1 0
386900 0 6 48 3 0
387329 0 6 48 3 0
387770 1 3 48 1 0
388731 0 6 48 4 0
127804 1 3 49 1 0
128379 0 6 49 1 0
387435 0 6 49 3 0
387990 0 6 49 3 0
388601 1 3 49 3 1
473398 0 6 49 2 0
127803 0 6 50 1 0
128029 1 3 50 1 0
386505 1 5 50 0 0
386516 0 6 50 3 0
386638 0 6 50 1 0
387834 1 3 50 4 0
387976 1 2 50 3 0
388470 0 6 50 1 0
128031 1 3 51 3 0
128849 0 6 51 1 0
387096 1 4 51 1 0
387328 1 2 51 3 0
387854 0 6 51 1 0
388702 1 2 51 1 0
127043 0 6 52 1 0
127806 1 3 52 3 0
127868 0 6 52 1 0
387100 1 3 52 3 0
387376 1 4 52 1 0
387415 0 6 52 1 1
387986 1 1 52 3 0
388068 0 6 52 1 0
127452 0 6 53 1 0
127639 0 6 53 1 0
128700 0 6 53 1 0
128851 1 3 53 1 0
128852 0 6 53 3 0
387098 0 6 53 1 0
387101 0 6 53 3 0
388071 1 4 53 1 0
388710 0 6 53 1 0
127035 1 4 54 1 0
127805 1 3 54 3 0
128607 1 4 54 1 0
387074 1 3 54 1 0
387412 1 5 54 0 0
387848 0 6 54 1 0
128728 1 3 55 1 0
386643 1 3 55 3 0
387099 1 2 55 1 0
387852 1 3 55 0 0
388072 1 3 55 2 0
388549 0 6 55 4 1
388703 0 6 55 3 0
126955 0 6 56 1 0
126995 1 3 56 1 0
127640 0 6 56 1 0
128703 1 4 56 3 1
128855 0 6 56 0 0
292981 0 6 56 3 0
386520 0 6 56 3 0
387075 1 2 56 1 0
387417 1 3 56 3 0
387845 0 6 56 1 0
387971 0 6 56 1 0
401195 0 6 56 2 0
43253 0 6 57 2 0
127042 0 6 57 1 0
127255 0 6 57 1 0
127453 0 6 57 1 0
127457 1 2 57 3 0
127520 1 2 57 1 0
127891 0 6 57 2 1
128083 0 6 57 1 0
128673 0 6 57 1 0
256669 0 6 57 3 0
386554 0 6 57 1 0
387849 1 3 57 3 0
388141 1 3 57 1 0
388463 1 4 57 3 0
388704 1 3 57 3 0
127152 0 6 58 1 0
387180 1 4 58 1 0
387251 0 6 58 1 0
387855 0 6 58 1 0
388075 0 6 58 2 0
128850 1 4 59 1 0
386857 0 6 59 2 0
387418 0 6 59 3 0
388337 0 6 59 1 1
460300 0 6 59 3 0
126953 0 6 60 4 0
127151 0 6 60 1 0
127519 0 6 60 1 0
127558 0 6 60 1 0
127679 0 6 60 1 0
128278 0 6 60 1 0
128399 1 2 60 4 1
387183 0 6 60 3 0
387846 1 3 60 1 0
388045 0 6 60 1 0
126863 0 6 61 1 0
126996 0 6 61 1 0
128279 0 6 61 1 0
128280 1 3 61 3 1
128856 1 2 61 2 0
386521 0 6 61 3 0
387073 0 6 61 1 0
387851 1 5 61 0 0
388140 0 6 61 1 0
388336 1 4 61 1 0
388701 1 4 61 1 0
451730 1 4 61 3 0
460299 0 6 61 2 0
10986 1 2 62 3 1
127118 0 6 62 1 0
127154 0 6 62 3 0
127155 0 6 62 3 0
127603 1 2 62 1 0
127681 0 6 62 1 0
127787 1 4 62 3 0
128436 1 3 62 1 0
387662 1 3 62 1 1
387858 0 6 62 1 0
449269 1 3 62 2 0
493506 0 6 62 3 0
116116 1 4 63 3 0
126862 0 6 63 0 0
127112 1 5 63 1 0
127217 0 6 63 1 0
127904 0 6 63 4 0
128094 1 4 63 1 0
128455 1 3 63 1 0
197655 0 6 63 2 0
387612 1 2 63 1 1
387853 0 6 63 1 0
388142 0 6 63 3 0
388326 0 6 63 1 0
388456 0 6 63 1 0
126994 0 6 64 0 0
127153 0 6 64 1 0
127674 1 3 64 1 0
128122 1 3 64 1 0
128588 0 6 64 1 0
134697 0 6 64 3 0
301883 0 6 64 3 0
387663 1 4 64 2 0
387850 0 6 64 3 1
387856 1 4 64 3 0
475359 0 6 64 2 0
504181 1 3 64 3 0
126873 1 3 65 2 0
127609 0 6 65 0 0
127672 1 4 65 1 0
127682 1 4 65 3 0
128087 0 6 65 1 0
134593 1 4 65 3 1
388327 1 3 65 1 0
474594 1 3 65 3 0
503134 1 3 65 3 0
504179 0 6 65 2 0
127024 1 4 66 4 0
127687 1 3 66 3 0
128104 0 6 66 1 0
128466 1 2 66 1 0
128720 0 6 66 1 0
128768 1 4 66 1 0
219283 0 6 66 3 1
386484 0 6 66 1 0
387432 0 6 66 1 0
388070 0 6 66 3 0
449267 0 6 66 2 0
127194 0 6 67 1 0
127352 0 6 67 1 0
127383 1 4 67 4 1
127754 1 3 67 1 0
127853 1 3 67 1 0
128151 0 6 67 1 0
128486 1 2 67 4 0
128718 1 4 67 0 0
132734 0 6 67 2 0
388144 1 3 67 1 0
388324 0 6 67 2 0
493503 1 3 67 1 0
504561 0 6 67 3 0
106239 1 3 68 3 0
126858 0 6 68 4 0
127345 1 4 68 1 0
127604 1 2 68 3 0
128054 0 6 68 3 0
128080 0 6 68 3 0
134590 1 2 68 2 0
387267 1 3 68 1 0
485542 0 6 68 2 0
493505 1 3 68 1 0
504180 0 6 68 2 0
127023 1 4 69 3 0
127351 0 6 69 0 0
127828 0 6 69 4 0
127996 1 4 69 0 0
128090 1 4 69 1 0
128770 1 3 69 3 0
270186 0 6 69 3 0
386987 0 6 69 1 0
387265 0 6 69 0 0
388281 1 4 69 1 0
126927 0 6 70 1 0
127060 0 6 70 1 0
128469 0 6 70 3 1
128721 1 2 70 3 0
386486 0 6 70 2 0
386989 0 6 70 1 0
388452 0 6 70 1 0
493473 0 6 70 1 0
493504 0 6 70 1 0
126925 0 6 71 0 0
126926 0 6 71 1 0
127254 0 6 71 0 0
127854 1 3 71 1 0
128143 1 4 71 1 0
128771 0 6 71 3 0
387163 0 6 71 1 0
388149 1 4 71 3 0
493508 0 6 71 1 0
504560 0 6 71 1 0
84692 1 3 72 3 0
126931 0 6 72 1 0
127428 0 6 72 4 1
127701 0 6 72 3 0
127829 1 2 72 4 0
128070 1 3 72 1 0
128268 0 6 72 1 0
128468 0 6 72 3 1
173880 1 2 72 2 1
292777 0 6 72 2 0
387270 1 3 72 3 0
387672 1 4 72 1 0
504185 1 3 72 2 0
126932 0 6 73 1 0
127605 0 6 73 3 0
127794 0 6 73 1 1
128049 0 6 73 3 0
386479 1 2 73 1 0
386489 0 6 73 1 1
387268 1 3 73 1 0
388033 1 5 73 1 0
493475 0 6 73 3 1
504183 0 6 73 0 0
127256 1 3 74 1 0
127696 0 6 74 3 0
128269 1 3 74 3 0
128306 1 4 74 1 0
320139 0 6 74 3 0
387026 0 6 74 3 0
387164 1 2 74 1 0
504557 0 6 74 1 0
127702 1 4 75 3 0
128267 0 6 75 1 0
292779 1 4 75 1 0
387189 0 6 75 1 0
387285 0 6 75 1 0
387609 1 3 75 1 0
387945 1 4 75 1 0
388453 0 6 75 1 0
494218 0 6 75 1 0
504398 0 6 75 2 0
387667 1 2 76 4 0
388451 1 4 76 1 0
493256 1 2 76 1 0
493476 1 2 76 3 0
504559 0 6 76 3 0
127414 0 6 77 1 0
127796 0 6 77 3 0
173874 1 4 77 2 0
387794 1 4 77 1 0
388036 1 3 77 3 0
388122 1 4 77 1 0
494222 0 6 77 3 0
126930 0 6 78 1 0
128068 1 3 78 0 0
173875 1 2 78 3 1
386476 0 6 78 1 0
386642 0 6 78 1 0
386874 0 6 78 1 0
387334 1 4 78 1 0
387800 0 6 78 1 0
388242 0 6 78 1 0
174869 0 6 79 3 0
276518 0 6 79 3 0
387286 1 3 79 1 0
388445 1 3 79 1 0
504556 1 3 79 1 0
386883 1 5 80 0 0
387324 0 6 80 1 0
387330 1 2 80 3 1
521463 1 3 80 3 0
387332 1 3 81 4 1
387946 0 6 81 1 0
388123 0 6 81 1 0
521464 0 6 81 3 0
128501 0 6 82 4 1
388245 1 3 82 3 0
503806 1 2 82 1 1
277715 0 6 83 3 0
386478 0 6 83 1 0
387321 0 6 83 3 0
387327 1 5 83 1 0
388446 0 6 83 2 0
388447 0 6 83 3 0
388448 0 6 83 3 0
388629 0 6 83 1 0
504703 0 6 83 1 0
128498 1 3 84 3 1
277714 0 6 84 1 0
387737 1 3 84 1 0
498799 1 3 84 3 0
39316 1 2 85 3 0
277716 1 4 85 3 0
387216 1 4 85 4 1
387331 0 6 85 3 0
388280 1 2 85 1 0
388566 1 4 85 1 0
413984 0 6 85 3 0
14598 0 6 86 2 0
128499 1 3 86 3 0
387326 1 4 86 1 0
388627 1 5 86 1 1
473017 0 6 86 2 0
77280 0 6 87 3 0
127138 0 6 87 3 1
327446 1 3 87 4 1
387372 1 4 87 1 0
387599 1 3 87 1 0
387754 0 6 87 1 0
435286 0 6 87 3 1
116559 1 3 88 3 0
222322 1 2 88 3 1
387346 0 6 88 1 0
387666 1 4 88 4 1
387732 0 6 88 3 0
387758 0 6 88 3 0
387869 1 3 88 1 0
388567 0 6 88 3 0
388628 1 2 88 1 0
388630 0 6 88 1 0
39318 0 6 89 3 0
293749 1 3 89 3 0
388565 0 6 89 1 0
390367 0 6 89 3 0
39314 0 6 90 1 0
90416 0 6 90 3 0
386694 0 6 90 1 0
386859 1 3 90 1 0
387239 0 6 90 1 0
387597 1 4 90 1 0
214388 0 6 91 3 0
302111 1 4 91 3 1
320465 1 3 91 3 0
354211 1 3 91 3 0
387600 0 6 91 1 0
387659 0 6 91 4 0
387731 1 2 91 0 0
387761 1 5 91 1 0
388582 1 4 91 1 0
393589 0 6 91 4 0
504204 0 6 91 3 0
90418 0 6 92 1 0
386634 0 6 92 1 0
386970 0 6 92 1 0
387347 1 3 92 1 0
388257 0 6 92 1 0
500735 1 4 92 3 0
2215 0 6 93 3 0
39313 0 6 93 1 0
207274 0 6 93 3 0
387868 0 6 93 0 0
388525 0 6 93 1 0
39317 1 3 94 3 0
90414 1 3 94 3 0
302107 0 6 94 3 0
320466 1 3 94 4 0
386595 1 3 94 4 0
386722 0 6 94 1 0
386861 0 6 94 1 0
387063 0 6 94 1 0
387243 0 6 94 3 0
388258 0 6 94 1 0
388523 0 6 94 0 0
389351 1 4 94 3 0
214386 0 6 95 1 0
386627 1 3 95 0 0
386635 1 3 95 3 0
386763 0 6 95 1 0
387201 1 2 95 3 0
387884 1 4 95 0 0
388524 0 6 95 1 0
90127 1 2 96 1 0
90419 1 3 96 3 1
387121 1 4 96 1 0
388249 0 6 96 1 0
90420 1 4 97 3 0
212397 0 6 97 3 0
325596 0 6 97 3 0
385667 0 6 97 3 0
386907 0 6 97 1 0
387306 0 6 97 1 0
387762 1 3 97 3 0
389346 0 6 97 3 1
213449 0 6 98 1 0
387350 0 6 98 3 0
387887 0 6 98 3 0
388084 1 3 98 1 0
388194 1 3 98 4 1
388529 0 6 98 3 0
389531 0 6 98 2 0
214389 1 2 99 3 0
386626 0 6 99 0 0
386745 1 3 99 0 0
386858 1 5 99 1 0
387348 0 6 99 2 0
388595 0 6 99 3 1
389345 1 4 99 3 0
212909 1 3 100 1 0
355112 0 6 100 3 0
386636 1 2 100 3 0
386862 1 3 100 3 0
387123 0 6 100 3 0
388055 1 2 100 1 0
388154 1 3 100 2 0
389532 1 3 100 3 0
90126 1 3 101 0 0
316207 0 6 101 3 0
386873 0 6 101 1 0
387886 1 3 101 3 0
388531 1 3 101 3 0
139131 0 6 102 3 0
212907 1 3 102 1 0
386863 1 3 102 3 0
387569 0 6 102 1 0
387776 0 6 102 1 1
388056 1 4 102 3 1
212396 1 2 103 3 0
212892 1 3 103 1 0
213698 1 4 103 4 1
214387 1 4 103 2 1
272278 0 6 103 3 0
316205 1 3 103 1 0
387885 0 6 103 2 1
388309 1 3 103 1 0
390751 1 3 103 4 0
386860 1 3 104 1 0
387078 1 4 104 1 0
387876 0 6 104 1 0
388303 0 6 104 1 0
441746 1 3 104 3 1
160939 1 3 105 3 1
212908 0 6 105 1 0
386629 1 3 105 2 0
387225 0 6 105 1 0
387282 0 6 105 1 0
139129 1 3 106 3 0
212911 0 6 106 2 0
212915 0 6 106 3 0
213309 1 2 106 1 0
213325 1 2 106 1 0
213327 1 4 106 1 0
213697 1 3 106 4 1
316216 0 6 106 3 1
387679 0 6 106 1 0
387778 0 6 106 3 1
387872 1 3 106 0 0
212890 0 6 107 0 0
316208 0 6 107 3 0
387773 0 6 107 3 0
387777 0 6 107 1 0
387863 1 5 107 1 0
388311 1 4 107 3 0
388347 1 3 107 1 0
389381 0 6 107 2 0
478361 0 6 107 3 0
43323 1 4 108 3 1
212910 0 6 108 1 1
212912 0 6 108 3 0
213173 1 3 108 1 0
213626 1 3 108 1 0
243525 1 1 108 3 0
387218 1 4 108 0 1
387284 1 2 108 3 0
388615 0 6 108 1 0
441743 1 3 108 1 0
213486 1 3 109 4 0
297024 0 6 109 3 0
387223 1 4 109 1 0
387283 0 6 109 2 0
213640 0 6 110 1 0
386524 0 6 110 1 0
387369 0 6 110 1 0
212977 1 4 111 0 0
213280 1 4 111 1 0
213413 0 6 111 4 0
386622 1 3 111 4 1
387900 1 4 111 1 0
388310 1 3 111 3 0
388346 1 2 111 1 0
212979 1 3 112 3 0
213175 1 4 112 3 0
213638 0 6 112 1 0
387226 0 6 112 3 0
387367 0 6 112 1 1
387371 0 6 112 3 1
387862 0 6 112 1 1
388349 1 4 112 3 0
440654 0 6 112 1 0
257518 1 3 113 3 0
213643 0 6 114 3 0
213809 0 6 114 3 0
386620 1 3 114 3 0
213306 1 3 115 4 0
302701 0 6 115 3 0
327698 0 6 115 2 0
387365 1 4 115 0 0
257514 1 4 116 0 0
212781 1 2 117 3 0
257515 1 3 117 1 0
387366 0 6 117 1 0
440652 1 4 117 1 0
327705 1 4 118 3 0
31637 0 6 119 3 0
213819 1 4 119 3 0
257517 0 6 119 3 0
258043 1 3 119 0 0
302699 0 6 119 1 0
257397 1 4 120 0 1
440648 0 6 120 3 0
440741 0 6 120 1 0
256417 1 3 121 1 1
257395 1 3 121 2 0
257516 0 6 121 1 0
258121 1 3 121 1 0
440656 0 6 121 3 0
441207 0 6 121 1 0
172903 0 6 122 2 0
257392 0 6 122 1 0
441206 1 4 123 1 0
257313 0 6 124 1 0
257496 0 6 124 1 0
441696 1 4 124 3 0
256003 1 5 125 1 0
256024 1 3 126 1 0
257393 1 3 126 3 0
440928 1 3 126 1 0
256004 1 3 127 1 0
256006 1 4 128 3 0
257312 1 3 128 1 0
258053 0 6 128 1 0
440272 1 5 128 1 0
257314 0 6 129 1 0
257322 1 3 129 1 0
440241 1 4 129 1 0
440596 0 6 129 1 1
440926 1 2 129 0 1
256023 1 3 130 1 0
257090 0 6 130 1 0
257216 0 6 130 4 1
257225 0 6 130 3 0
257396 1 3 130 3 0
257638 0 6 130 1 0
440585 0 6 130 2 0
440930 0 6 130 3 0
441368 1 3 130 1 0
257323 0 6 131 1 0
257425 1 5 131 1 0
257065 0 6 132 1 0
257092 0 6 132 3 0
257466 1 3 132 1 0
258174 0 6 132 1 0
440273 0 6 132 3 0
457382 1 4 132 2 0
257652 1 4 133 1 0
440282 0 6 133 3 0
541030 1 4 133 3 0
256018 0 6 134 1 1
257960 0 6 134 1 0
280391 0 6 134 2 0
440929 0 6 134 3 0
70719 0 6 135 2 0
256174 1 3 135 1 0
257042 0 6 135 1 0
109400 1 2 136 3 0
256237 0 6 136 1 0
256816 0 6 136 1 0
256917 0 6 136 1 0
257438 0 6 136 1 0
257465 0 6 136 1 0
257740 0 6 136 3 0
257768 0 6 136 1 0
257959 1 3 136 1 0
541608 1 3 136 3 1
255975 1 3 137 4 0
256918 1 4 137 1 1
257492 0 6 137 3 0
257618 0 6 137 3 0
257626 0 6 137 1 0
257654 0 6 137 3 0
257875 1 2 137 1 0
258175 0 6 137 1 0
255995 0 6 138 1 0
256383 0 6 138 1 0
256501 1 4 138 1 0
256524 1 3 138 1 0
256921 1 4 138 3 0
257962 1 4 138 3 0
258185 0 6 138 4 1
255967 1 3 139 1 0
256039 0 6 139 1 0
256093 1 3 139 1 0
256239 0 6 139 3 0
256690 1 3 139 1 0
257413 1 3 139 1 0
257498 0 6 139 1 0
257804 1 4 139 4 0
515168 0 6 139 2 0
31197 0 6 140 3 0
71363 1 3 140 2 1
242047 1 3 140 2 0
256017 0 6 140 1 0
256217 0 6 140 1 0
256356 0 6 140 1 0
256517 1 3 140 0 0
257007 1 4 140 3 0
257220 0 6 140 1 0
257472 1 3 140 1 0
257898 0 6 140 1 0
258200 0 6 140 1 0
258285 1 4 140 1 0
258289 0 6 140 1 0
289707 1 3 140 3 0
71294 0 6 141 3 0
256382 1 4 141 2 0
256390 0 6 141 1 0
256691 0 6 141 2 0
256925 1 2 141 1 0
257006 1 3 141 3 0
257087 0 6 141 4 1
257380 1 3 141 1 0
257742 1 3 141 4 0
257763 0 6 141 1 0
257963 1 2 141 3 0
423485 1 3 141 2 1
256591 0 6 142 1 1
256754 0 6 142 1 0
256866 0 6 142 1 0
257027 1 4 142 1 0
257166 1 4 142 1 0
257801 0 6 142 3 0
257878 0 6 142 3 0
257879 1 4 142 3 1
257896 1 4 142 4 1
257961 0 6 142 1 0
257974 0 6 142 2 1
258147 1 3 142 1 0
256038 1 2 143 0 0
257370 1 4 143 3 1
257809 0 6 143 4 1
404583 0 6 143 2 0
124564 0 6 144 2 0
147244 1 4 144 3 0
257088 0 6 144 4 1
257221 1 4 144 1 0
257471 0 6 144 1 0
258198 1 4 144 1 0
289232 0 6 144 3 0
336026 1 4 144 3 0
542657 0 6 144 3 0
68765 0 6 145 3 1
253935 0 6 145 3 0
256062 0 6 145 2 0
257025 1 4 145 1 0
257026 1 3 145 1 0
257170 1 2 145 2 1
257473 0 6 145 3 1
257899 0 6 145 1 0
423487 0 6 145 1 0
436751 1 2 145 2 0
447805 0 6 145 3 0
467079 0 6 145 2 0
508995 0 6 145 3 0
115068 0 6 146 3 0
124566 1 4 146 3 0
256348 1 2 146 3 0
256592 1 3 146 3 1
256926 0 6 146 1 1
257029 1 3 146 2 1
257171 0 6 146 3 0
257367 1 5 146 2 1
257957 0 6 146 0 0
257958 0 6 146 1 0
258060 0 6 146 3 0
258149 1 4 146 3 0
258154 1 2 146 3 0
258201 0 6 146 3 0
393297 1 3 146 3 0
432199 0 6 146 2 0
123698 0 6 147 3 0
220369 1 3 147 3 0
256040 0 6 147 3 0
256756 1 3 147 3 1
257714 1 2 147 0 0
257901 1 3 147 3 0
289231 0 6 147 1 0
423490 1 4 147 3 0
254233 0 6 148 3 0
256205 1 4 148 1 0
256346 1 4 148 1 0
257024 1 3 148 3 0
257169 0 6 148 1 0
258298 0 6 148 1 0
97701 0 6 149 3 0
124563 1 3 149 1 0
220370 1 4 149 3 0
256897 1 3 149 1 0
257808 0 6 149 3 0
258037 0 6 149 0 0
66397 1 4 150 3 0
256349 1 3 150 3 0
257470 1 3 150 4 0
346921 0 6 150 3 0
431305 1 3 150 3 1
507890 0 6 150 3 0
18087 0 6 151 3 0
225190 0 6 151 3 0
253903 1 2 151 3 0
256755 1 3 151 2 0
256852 0 6 151 1 0
257181 1 4 151 1 0
509159 1 5 151 1 0
220799 0 6 152 4 1
253904 1 3 152 3 1
256208 1 4 152 3 0
256752 0 6 152 0 1
270890 1 4 152 2 0
431303 0 6 152 2 0
18097 0 6 153 3 0
56187 0 6 153 3 0
124534 0 6 153 1 0
97698 0 6 154 1 0
105540 0 6 154 3 0
256760 1 4 154 1 0
257182 0 6 154 2 0
253906 0 6 155 4 0
332367 1 4 155 2 0
256763 0 6 156 3 0
124535 0 6 157 3 0
124593 1 2 157 1 0
256206 0 6 157 1 0
256720 0 6 157 1 0
256789 1 4 157 1 0
332362 0 6 157 3 0
123974 1 4 158 1 0
124227 0 6 158 1 0
155167 0 6 158 3 0
257300 0 6 158 4 1
428100 1 3 158 2 0
124106 0 6 159 1 0
124190 1 4 159 1 0
332365 0 6 159 3 0
124191 0 6 160 1 0
124228 1 3 160 3 0
124600 0 6 160 3 0
256790 1 3 160 1 1
123087 1 3 161 1 0
123718 0 6 161 1 0
124104 1 2 161 0 0
124412 1 3 161 1 0
428101 1 2 161 3 0
123268 1 3 162 1 0
123409 0 6 162 1 0
123815 0 6 162 1 0
123975 1 4 162 1 0
123995 1 4 162 1 0
124179 0 6 162 1 0
124233 1 3 162 3 1
124304 1 4 162 1 0
124677 1 3 162 1 0
124725 0 6 162 1 0
332247 1 3 162 1 0
123330 0 6 163 1 0
123849 1 4 163 1 1
124232 1 2 163 3 1
124365 1 4 163 1 0
256722 0 6 163 3 1
332364 0 6 163 3 0
123269 0 6 164 1 0
123379 0 6 164 1 0
123664 1 4 164 1 0
123824 0 6 164 1 1
123954 1 3 164 1 0
123963 0 6 164 1 0
124181 0 6 164 3 0
123803 0 6 165 1 0
123977 1 3 165 3 0
124338 1 4 165 3 0
124727 1 2 165 2 0
305653 0 6 165 3 0
331946 0 6 165 1 0
332243 0 6 165 2 0
332250 0 6 165 3 0
123329 0 6 166 1 0
123723 1 4 166 3 1
123804 0 6 166 3 0
123825 0 6 166 1 1
123998 0 6 166 3 0
124678 0 6 166 2 0
124797 1 3 166 0 0
332497 0 6 166 1 0
332635 0 6 166 1 0
371848 0 6 166 3 0
431230 0 6 166 3 0
123158 1 3 167 3 0
123411 0 6 167 3 0
123822 1 2 167 1 0
123955 0 6 167 3 0
123996 1 4 167 1 0
124611 1 3 167 4 0
331957 0 6 167 1 0
332285 1 3 167 1 0
332505 1 3 167 0 1
121154 0 6 168 3 0
123238 0 6 168 3 0
124176 1 4 168 3 0
124802 1 3 168 3 0
272118 0 6 168 3 0
333479 1 4 168 2 0
123545 0 6 169 1 0
123719 0 6 169 1 0
123802 0 6 169 1 0
124798 1 4 169 1 0
332053 1 3 169 1 0
332338 0 6 169 0 0
332496 0 6 169 1 0
332506 0 6 169 1 0
332637 0 6 169 3 0
332701 1 4 169 1 0
333404 1 4 169 1 0
402504 1 4 169 3 0
124060 1 4 170 1 0
124292 0 6 170 1 0
124724 1 3 170 0 0
331783 0 6 170 1 0
331839 0 6 170 1 0
332245 0 6 170 3 0
332248 1 4 170 1 0
333340 0 6 170 3 0
371847 1 4 170 3 0
123213 0 6 171 3 0
123611 0 6 171 1 0
123683 0 6 171 1 0
123821 0 6 171 0 0
123999 0 6 171 3 0
124612 0 6 171 4 0
124728 0 6 171 3 0
331786 0 6 171 1 0
332064 1 3 171 1 0
332304 1 3 171 1 0
333480 1 3 171 3 1
123997 1 5 172 1 0
124207 1 3 172 4 0
331727 0 6 172 1 0
332286 1 2 172 3 1
332823 0 6 172 1 0
333476 1 3 172 0 0
68403 1 3 173 4 0
123609 1 4 173 1 0
123612 1 4 173 3 0
332052 0 6 173 1 0
332055 1 3 173 3 0
332303 1 4 173 1 0
332508 0 6 173 3 0
72469 1 5 174 3 0
123144 1 3 174 3 0
123243 1 3 174 4 1
331840 1 2 174 3 0
332302 0 6 174 1 0
332305 0 6 174 1 0
332695 0 6 174 3 0
123468 0 6 175 1 0
124061 0 6 175 3 1
124183 0 6 175 1 0
124205 0 6 175 3 0
126694 0 6 175 3 0
332065 1 3 175 1 0
332066 0 6 175 3 0
332306 0 6 175 2 1
332661 1 3 175 3 0
333045 1 3 175 2 0
333252 1 2 175 3 0
123688 0 6 176 3 0
332048 1 3 176 0 0
333246 0 6 176 1 0
333481 1 4 176 3 1
123610 1 3 177 1 0
154373 1 2 177 3 0
169962 1 4 177 3 0
485894 1 3 177 2 1
72467 0 6 178 1 0
123100 0 6 178 3 0
123362 0 6 178 1 0
123682 0 6 178 1 0
124497 0 6 178 1 0
332092 1 4 178 1 0
332682 0 6 178 2 0
333046 0 6 178 3 0
333248 1 2 178 1 0
492651 0 6 178 3 0
123465 1 3 179 1 0
124463 0 6 179 1 0
331934 1 4 179 1 0
332063 1 2 179 0 0
347176 1 3 179 3 1
357946 0 6 179 4 0
123392 1 5 180 1 0
123532 1 4 180 1 0
124494 0 6 180 1 0
332049 0 6 180 0 0
333227 0 6 180 1 0
333508 0 6 180 1 0
123196 1 3 181 1 0
124493 0 6 181 1 0
124828 1 3 181 1 0
119735 1 3 182 3 0
123137 0 6 182 4 0
123221 1 2 182 1 0
123533 1 2 182 1 0
123891 1 4 182 1 0
124309 0 6 182 2 0
124503 0 6 182 3 0
331455 1 3 182 3 0
331846 1 2 182 1 0
331932 0 6 182 0 0
119218 0 6 183 3 0
123299 1 2 183 1 0
123393 1 3 183 1 0
123645 1 3 183 1 0
124236 0 6 183 1 0
124464 1 3 183 1 0
124631 0 6 183 3 0
332516 0 6 183 1 0
333520 0 6 183 1 0
525258 1 3 183 3 0
123677 0 6 184 1 0
123708 1 3 184 1 0
123800 0 6 184 4 1
124033 1 3 184 2 1
124659 0 6 184 2 0
539185 0 6 184 3 0
124550 1 2 185 2 0
124829 1 3 185 3 0
254700 1 3 185 3 0
330752 0 6 185 2 0
331425 1 3 185 2 1
333211 1 4 185 3 0
123222 1 3 186 1 0
123712 1 2 186 3 0
124310 0 6 186 3 0
124479 1 4 186 1 0
133211 1 2 186 3 0
267217 0 6 186 3 0
123535 1 5 187 1 0
123680 0 6 187 2 0
124165 0 6 187 1 0
133215 1 3 187 3 1
137276 1 3 187 3 0
332470 0 6 187 3 0
332758 1 3 187 2 0
332819 0 6 187 4 0
333210 1 3 187 3 1
333521 0 6 187 1 0
123316 0 6 188 1 0
123600 0 6 188 1 0
123707 0 6 188 0 0
123773 1 4 188 1 0
124032 1 4 188 0 0
164615 0 6 188 4 1
164893 0 6 188 3 0
255760 0 6 188 3 0
366827 1 4 188 2 0
374392 1 3 188 3 0
10238 0 6 189 3 0
124478 1 3 189 1 0
124481 1 3 189 3 0
124627 0 6 189 0 0
148956 0 6 189 3 0
332471 1 3 189 1 0
123225 1 3 190 3 0
124629 0 6 190 3 0
137275 1 3 190 2 0
255759 0 6 190 3 0
332473 1 2 190 2 0
333209 0 6 190 3 0
50586 1 3 191 3 1
123223 1 2 191 1 0
123538 0 6 191 3 1
137274 1 2 191 0 0
164614 1 3 191 4 0
269131 0 6 191 2 0
123676 1 4 192 0 0
126229 1 4 192 3 0
246179 0 6 192 4 1
267216 1 2 192 3 0
269241 1 3 192 3 0
332804 0 6 192 3 0
123596 0 6 193 0 0
123597 0 6 193 1 0
123894 1 2 193 1 0
123599 0 6 194 1 0
123678 0 6 194 1 0
118139 0 6 195 3 0
124628 0 6 195 2 0
126230 0 6 195 4 0
165498 0 6 195 1 0
123220 0 6 196 0 0
123887 1 3 196 1 0
124404 0 6 196 3 0
245698 0 6 196 4 0
124688 0 6 197 1 0
165507 0 6 197 1 0
123886 1 2 198 1 0
123890 0 6 198 0 0
125775 1 4 198 3 0
165508 0 6 199 1 0
245699 1 3 199 4 1
123679 1 4 200 2 0
123888 1 4 200 3 1
123897 0 6 200 3 0
164959 1 4 200 1 0
165509 0 6 200 1 0
123885 0 6 201 0 0
124781 1 4 201 1 0
372468 1 4 201 3 0
120236 1 3 202 3 0
123111 1 4 203 1 0
124369 1 3 203 1 0
124586 0 6 203 2 1
165245 0 6 203 1 0
166384 0 6 203 1 0
245697 1 4 203 3 1
124358 0 6 204 3 0
164877 1 4 204 1 1
124237 1 4 205 1 0
164958 0 6 205 1 1
122830 0 6 206 4 0
164851 0 6 206 4 0
166386 1 1 206 3 0
123554 0 6 207 1 0
124592 1 4 207 1 0
453003 1 4 207 3 0
121944 0 6 208 0 0
165996 0 6 208 3 0
145536 1 2 209 3 0
163128 1 4 209 3 0
164947 1 4 209 1 0
553098 1 4 209 3 0
121949 1 4 210 0 0
122829 0 6 210 3 0
164970 0 6 210 1 0
165648 0 6 210 2 0
166107 0 6 210 1 0
498163 0 6 210 3 0
121943 0 6 211 0 1
122827 1 2 211 1 0
164837 1 3 211 1 0
232886 0 6 211 2 0
121952 0 6 212 3 0
164949 0 6 212 3 0
165771 0 6 212 1 0
165933 0 6 212 1 0
166110 0 6 212 3 0
232896 0 6 212 3 0
439768 1 3 212 3 0
121947 0 6 213 3 0
122824 1 3 213 1 0
122826 1 2 213 1 0
480846 0 6 213 3 0
164945 1 4 214 1 0
164844 0 6 215 4 0
164971 1 3 215 1 0
164972 1 3 215 1 0
165772 0 6 215 1 0
166251 0 6 215 1 0
440769 0 6 215 3 0
164760 1 3 216 1 0
165133 0 6 216 2 0
165797 1 5 216 1 1
229646 0 6 216 4 0
122816 1 3 217 2 1
165159 0 6 217 1 0
166162 0 6 217 1 0
480845 1 3 217 3 0
164667 0 6 218 1 0
165149 0 6 218 1 0
166376 0 6 218 1 0
164755 1 4 219 3 0
178546 0 6 219 3 0
165158 0 6 220 1 0
166163 0 6 220 1 0
166164 1 2 220 3 0
166206 0 6 220 1 0
480844 1 3 220 1 0
164668 0 6 221 1 0
166172 0 6 221 3 0
166364 1 4 221 4 1
166377 1 4 221 3 1
166165 0 6 222 3 0
166374 0 6 222 1 0
164995 0 6 223 3 1
166205 0 6 223 1 0
166378 0 6 223 3 0
467119 1 3 223 3 0
480778 0 6 223 1 0
83787 1 4 224 2 0
164754 0 6 224 2 0
165160 1 3 224 3 1
82775 0 6 225 4 0
165161 0 6 225 3 0
480780 0 6 225 3 1
164669 1 4 226 1 0
165757 1 4 226 2 0
166171 1 3 226 3 0
44278 1 4 227 3 0
164867 1 2 228 3 0
212588 1 4 228 3 0
204640 1 4 230 3 0
94924 1 3 231 3 0
212587 0 6 231 3 0
83121 0 6 235 4 0
94925 1 4 237 3 0
184047 1 3 240 3 0
220298 0 6 243 3 0
220297 1 2 246 3 0
493984 1 2 250 3 0
220704 0 6 251 3 0
