147623 0 3 3 3
147626 0 3 3 3
478643 0 3 3 1
478645 0 3 3 1
277066 0 4 3 4
457048 0 4 3 3
34699 1 6 3 1
34700 1 6 3 1
34701 1 6 3 1
33514 0 8 3 1
179241 0 8 3 2
477538 0 8 3 1
333431 0 10 3 1
333432 0 10 3 1
34786 1 12 3 0
457939 0 12 3 1
457940 0 12 3 1
457941 0 12 3 1
477442 0 12 3 3
477445 0 12 3 3
333430 1 13 3 3
333435 0 13 3 3
333439 0 13 3 3
457771 0 13 3 1
457872 0 13 3 0
457873 0 13 3 0
457874 0 13 3 0
333174 0 14 3 1
333178 0 14 3 1
520346 0 14 3 3
34785 0 15 3 1
34790 0 15 3 1
34791 0 15 3 1
538501 0 15 3 1
34789 1 16 3 1
333027 0 16 3 1
333029 0 16 3 1
333316 0 16 3 1
333437 1 16 3 1
333438 1 16 3 1
332538 0 17 3 1
332854 0 17 3 1
457770 1 17 3 0
457938 0 17 3 3
458391 0 17 3 1
539096 0 17 3 1
537492 0 18 3 1
333173 0 19 3 1
403688 0 19 3 2
403690 0 19 3 2
538954 0 19 3 1
539094 0 19 3 1
34951 0 20 3 1
34952 0 20 3 1
332162 0 20 3 1
333354 0 20 3 1
333423 1 20 3 1
333426 1 20 3 1
457768 0 20 3 3
457769 0 20 3 3
34059 0 21 3 1
331819 0 21 3 1
331821 0 21 3 1
331825 0 21 3 1
333178 0 21 3 2
333341 0 21 3 3
333347 0 21 3 3
439594 0 21 3 3
457393 0 21 3 1
537631 0 21 3 1
537635 0 21 3 1
34684 1 22 3 2
34685 1 22 3 2
34688 1 22 3 2
333175 1 22 3 3
333176 1 22 3 3
333179 1 22 3 3
333218 0 22 3 1
537588 0 22 3 1
333410 0 23 3 1
355160 1 23 3 3
459081 1 23 3 1
459084 1 23 3 1
459085 1 23 3 1
538732 0 23 3 1
404882 0 24 3 1
458405 0 24 3 1
458869 0 24 3 1
539058 0 24 3 3
331822 0 25 3 1
333170 0 25 3 1
333171 0 25 3 1
333377 0 25 3 1
333380 0 25 3 1
404663 0 25 3 1
537635 0 25 3 1
110967 0 26 3 2
332161 0 26 3 3
537932 0 26 3 3
538591 0 26 3 1
538595 0 26 3 1
333102 0 27 3 1
333104 0 27 3 1
333411 0 27 3 1
333412 0 27 3 1
403693 1 27 3 0
457613 0 27 3 3
538396 0 27 3 2
538397 0 27 3 2
538598 0 27 3 3
331964 0 28 3 4
350790 0 28 3 1
352180 0 28 3 4
403552 0 28 3 1
458405 0 28 3 3
459098 0 28 3 3
538910 0 28 3 1
538912 0 28 3 1
538913 0 28 3 1
538967 0 28 3 1
538968 0 28 3 1
538970 0 28 3 1
538971 0 28 3 1
538972 0 28 3 1
333087 0 29 3 3
333088 0 29 3 3
333089 0 29 3 3
333087 0 29 3 3
333088 0 29 3 3
333089 0 29 3 3
404662 0 29 3 3
404665 0 29 3 3
457392 0 29 3 1
457394 0 29 3 1
247573 0 30 3 3
332312 0 30 3 3
332313 0 30 3 3
332419 0 30 3 1
332514 1 30 3 2
333171 1 30 3 3
333173 1 30 3 3
403559 0 30 3 1
457706 0 30 3 1
457708 0 30 3 1
538716 0 30 3 3
538909 0 30 3 3
351572 0 31 3 3
416454 0 31 3 4
538908 0 31 3 3
538909 0 31 3 3
538910 0 31 3 3
33539 0 32 3 1
33542 0 32 3 1
457391 0 32 3 1
457394 0 32 3 1
459034 1 32 3 1
33539 0 33 3 3
79603 0 33 3 2
79605 0 33 3 2
79606 0 33 3 2
307117 0 33 3 1
307118 0 33 3 1
307119 0 33 3 1
403555 1 33 3 1
403557 1 33 3 1
457956 0 33 3 4
490317 0 33 3 2
538437 0 33 3 1
34519 0 34 3 1
307344 0 34 3 3
351635 0 34 3 1
351639 0 34 3 1
538173 0 34 3 1
538968 0 34 3 1
216471 0 35 3 3
332420 0 35 3 1
332421 0 35 3 1
332422 0 35 3 1
332423 0 35 3 1
351653 0 35 3 3
351655 0 35 3 3
351658 0 35 3 3
403563 0 35 3 4
403564 0 35 3 4
404711 0 35 3 1
459117 1 35 3 1
516276 0 35 3 3
305703 0 36 3 1
350410 0 36 3 1
350797 0 36 3 1
351299 0 36 3 1
457705 0 36 3 0
457706 0 36 3 0
457707 0 36 3 3
457709 0 36 3 3
457789 0 36 3 1
457791 0 36 3 1
458484 0 36 3 1
538930 0 36 3 1
34518 0 37 3 1
229051 0 37 3 2
305784 0 37 3 3
305785 0 37 3 3
305786 0 37 3 3
351636 0 37 3 1
351638 0 37 3 1
458378 1 37 3 0
47441 0 38 3 3
305767 0 38 3 1
332080 0 38 3 1
537503 0 38 3 1
537504 0 38 3 1
307338 0 39 3 1
332657 0 39 3 1
332658 0 39 3 1
350666 0 39 3 1
350668 0 39 3 1
351108 0 39 3 1
351404 0 39 3 1
351406 0 39 3 1
457519 0 39 3 1
538551 0 39 3 1
208982 0 40 3 2
306623 0 40 3 1
333381 0 40 3 1
333385 0 40 3 1
333386 0 40 3 1
350697 0 40 3 1
351641 0 40 3 3
351647 0 40 3 1
458408 1 40 3 0
458453 0 40 3 1
537771 1 40 3 0
306205 0 41 3 1
307020 0 41 3 1
350225 0 41 3 3
350349 1 41 3 3
350537 0 41 3 1
351582 0 41 3 1
351583 0 41 3 1
351584 0 41 3 1
350667 0 42 3 1
350834 0 42 3 3
350835 0 42 3 3
351027 1 42 3 3
351638 0 42 3 3
458722 0 42 3 3
458723 0 42 3 3
458724 0 42 3 3
458725 0 42 3 3
537825 0 42 3 3
19825 0 43 3 3
19828 0 43 3 3
208068 0 43 3 3
306606 0 43 3 1
306610 0 43 3 1
307291 1 43 3 1
307333 0 43 3 3
332240 0 43 3 1
333382 1 43 3 0
333383 1 43 3 0
350539 0 43 3 3
350540 0 43 3 3
351583 0 43 3 1
351707 0 43 3 0
351708 0 43 3 0
457754 0 43 3 0
457755 0 43 3 0
458408 0 43 3 2
458409 0 43 3 2
458410 0 43 3 2
458723 0 43 3 1
493350 0 43 3 3
537542 0 43 3 1
537545 0 43 3 1
537543 0 43 3 3
306576 1 44 3 1
306893 0 44 3 1
333385 1 44 3 1
333386 1 44 3 1
350832 0 44 3 0
350837 0 44 3 0
350831 0 44 3 2
350835 0 44 3 2
458748 0 44 3 0
458750 0 44 3 0
493270 1 44 3 0
306607 0 45 3 1
333212 0 45 3 1
333213 0 45 3 1
350536 0 45 3 3
350537 0 45 3 3
351500 0 45 3 1
351503 0 45 3 1
457241 0 45 3 1
457544 0 45 3 1
457547 0 45 3 1
457548 0 45 3 1
457753 0 45 3 3
457754 0 45 3 3
122330 0 46 3 3
306785 1 46 3 1
306786 1 46 3 1
458250 0 46 3 1
315972 0 47 3 3
332185 0 47 3 1
332186 0 47 3 1
333213 0 47 3 1
333374 0 47 3 1
350227 0 47 3 3
350837 0 47 3 2
350840 0 47 3 1
350841 0 47 3 1
351503 0 47 3 1
457286 1 47 3 1
474641 0 47 3 3
495438 0 47 3 3
41067 1 48 3 3
333211 0 48 3 2
333214 0 48 3 2
333215 0 48 3 2
350461 0 48 3 3
351202 0 48 3 3
351613 0 48 3 3
351616 0 48 3 3
457553 0 48 3 1
306206 0 49 3 3
351501 0 49 3 2
351504 0 49 3 2
351693 0 49 3 1
403179 1 49 3 3
457545 1 49 3 0
457546 1 49 3 0
457547 1 49 3 0
457548 1 49 3 0
457549 1 49 3 0
457556 1 49 3 3
458523 0 49 3 1
458524 0 49 3 1
547048 1 49 3 1
203992 1 50 3 2
203997 1 50 3 2
305696 0 50 3 4
306608 1 50 3 0
306612 1 50 3 0
332549 0 50 3 4
350985 0 50 3 1
351502 1 50 3 0
351504 1 50 3 0
457287 0 50 3 0
457419 0 50 3 1
457423 0 50 3 1
457424 0 50 3 1
537714 0 50 3 3
291824 0 51 3 2
333374 0 51 3 3
333530 0 51 3 1
333533 0 51 3 1
333535 0 51 3 1
350548 0 51 3 1
404845 0 51 3 1
458527 0 51 3 1
547642 0 51 3 1
306345 0 52 3 1
331993 0 52 3 1
351483 0 52 3 1
351486 0 52 3 1
351487 0 52 3 1
298325 0 54 3 3
305154 0 54 3 3
332619 1 54 3 1
457653 0 54 3 3
547640 0 54 3 1
548105 0 54 3 3
548108 0 54 3 3
332787 0 55 3 1
332788 0 55 3 1
457225 0 55 3 3
457889 0 55 3 1
457891 0 55 3 1
459102 1 55 3 3
547430 1 55 3 1
547432 1 55 3 1
547644 1 55 3 0
547645 1 55 3 0
315923 0 56 3 3
315926 0 56 3 3
331726 0 56 3 1
351692 0 56 3 3
403960 0 56 3 1
403961 0 56 3 1
457225 0 56 3 0
546688 0 56 3 1
315402 0 57 3 1
351680 0 57 3 1
351683 0 57 3 1
546431 0 57 3 1
546433 0 57 3 1
305220 0 58 3 1
332717 1 58 3 1
350988 0 58 3 1
507344 0 58 3 3
542889 0 58 3 3
542891 0 58 3 3
547049 0 58 3 3
547051 0 58 3 3
68915 0 59 3 3
350559 0 59 3 1
351141 0 59 3 1
547230 0 59 3 3
305512 0 60 3 1
305514 0 60 3 1
332570 0 60 3 1
351681 0 60 3 1
351682 0 60 3 1
547429 1 60 3 1
547431 1 60 3 1
547432 1 60 3 1
547741 1 60 3 1
547745 1 60 3 1
332444 0 61 3 1
350404 0 61 3 0
350407 0 61 3 0
351234 1 61 3 1
403509 0 61 3 3
404222 1 61 3 1
459110 0 61 3 1
306142 0 62 3 3
332718 1 62 3 1
350549 0 62 3 3
351702 1 62 3 3
351704 1 62 3 3
403198 0 62 3 1
546934 0 62 3 1
68915 0 63 3 0
332716 0 63 3 3
351319 0 63 3 1
351323 0 63 3 1
546836 0 63 3 3
68914 0 64 3 3
150385 1 64 3 3
150389 1 64 3 3
307139 0 64 3 1
547428 0 64 3 3
547430 0 64 3 3
547431 0 64 3 3
68441 0 65 3 4
305404 0 65 3 1
332714 1 65 3 0
332718 1 65 3 0
547742 0 65 3 2
68477 1 66 3 1
306958 0 66 3 1
351003 0 66 3 1
351007 0 66 3 1
351320 0 66 3 0
351323 0 66 3 0
351324 0 66 3 0
390926 0 66 3 4
403542 0 66 3 3
266190 1 67 3 3
306283 0 67 3 1
546688 0 68 3 1
350468 0 69 3 3
458097 0 69 3 1
458098 0 69 3 1
547422 0 69 3 1
68810 0 70 3 3
315529 0 70 3 1
316760 0 70 3 1
350485 0 70 3 1
351002 0 70 3 1
351005 0 70 3 1
351006 0 70 3 1
547779 0 70 3 1
547987 0 70 3 0
80666 1 71 3 3
306574 0 71 3 0
306575 0 71 3 0
350168 0 71 3 0
351294 0 71 3 1
351295 0 71 3 1
351296 0 71 3 1
351318 0 71 3 3
351321 0 71 3 3
351322 0 71 3 3
351324 0 71 3 3
362910 0 71 3 3
458098 1 71 3 1
43193 0 72 3 2
315534 0 72 3 1
315535 0 72 3 1
350165 0 72 3 1
350167 0 72 3 1
351293 0 72 3 3
457085 0 72 3 1
547988 1 72 3 1
547990 0 72 3 1
305403 0 73 3 3
305405 0 73 3 3
305406 0 73 3 3
305407 0 73 3 3
350540 0 73 3 1
351713 0 73 3 1
389589 0 73 3 4
546649 0 73 3 1
546652 0 73 3 1
547991 0 73 3 1
547993 0 73 3 1
305892 0 74 3 0
305893 0 74 3 0
315357 0 74 3 3
315358 0 74 3 3
315359 0 74 3 3
534457 0 74 3 3
547992 0 74 3 3
166780 0 75 3 1
166781 0 75 3 1
307261 0 75 3 3
315981 0 75 3 4
346690 0 75 3 3
346692 0 75 3 3
350892 0 75 3 1
350893 0 75 3 1
491261 0 75 3 3
546451 1 75 3 1
305365 0 76 3 3
305892 0 76 3 3
457083 1 76 3 1
457084 1 76 3 1
457085 1 76 3 1
258925 0 77 3 3
347978 1 77 3 3
149560 1 78 3 1
305169 0 78 3 1
306711 1 78 3 0
306713 1 78 3 0
306714 1 78 3 0
351709 0 78 3 3
458827 1 78 3 1
548257 0 79 3 1
305979 0 80 3 1
305980 0 80 3 1
546533 0 80 3 1
149774 1 81 3 1
149978 1 82 3 1
547201 0 82 3 1
547684 0 82 3 1
547687 0 82 3 1
150185 0 83 3 1
150189 0 83 3 1
291737 0 83 3 3
291739 0 83 3 3
292078 1 83 3 1
292080 1 83 3 1
292091 1 83 3 1
292092 1 83 3 1
305226 1 83 3 0
305318 1 83 3 3
305319 1 83 3 3
305979 0 83 3 3
305980 0 83 3 3
305981 0 83 3 3
546869 0 83 3 1
150378 0 84 3 1
150380 0 84 3 1
150381 0 84 3 1
150527 0 84 3 0
150530 0 84 3 0
291972 0 84 3 1
291975 0 84 3 1
531244 0 84 3 3
531245 0 84 3 3
547721 0 84 3 0
548232 0 84 3 1
150010 0 85 3 1
150011 0 85 3 1
150028 0 85 3 3
351072 1 85 3 1
351073 1 85 3 1
548259 1 85 3 0
194525 0 86 3 3
290296 0 86 3 3
291974 1 86 3 0
292076 0 86 3 2
292079 0 86 3 2
547199 0 86 3 0
547200 0 86 3 0
547201 0 86 3 0
547202 0 86 3 0
168267 0 87 3 0
168269 0 87 3 0
290487 0 87 3 1
546870 0 87 3 1
547181 0 87 3 4
150377 0 88 3 1
306694 1 88 3 1
306695 1 88 3 1
546851 0 88 3 1
546852 0 88 3 1
547872 1 88 3 0
548231 0 88 3 2
24020 0 89 3 1
149673 1 89 3 1
149675 1 89 3 1
149732 1 89 3 1
260186 1 89 3 3
306846 1 89 3 1
350496 0 89 3 1
149850 0 90 3 1
150428 0 90 3 3
150526 0 90 3 1
150529 0 90 3 1
290479 0 90 3 3
290745 1 90 3 3
290746 1 90 3 3
290748 1 90 3 3
350491 0 90 3 3
350492 0 90 3 3
502575 0 90 3 2
547197 0 90 3 1
547201 0 90 3 1
547202 0 90 3 1
149597 0 91 3 1
149702 0 91 3 1
149705 0 91 3 1
150380 0 91 3 1
150382 0 91 3 1
290806 0 91 3 1
292645 1 91 3 1
306845 0 91 3 3
547864 0 91 3 1
24019 0 92 3 0
24021 0 92 3 0
140095 0 92 3 3
140096 0 92 3 3
149286 0 92 3 3
290303 0 92 3 3
293107 1 92 3 1
306882 0 92 3 3
306884 0 92 3 3
547473 0 92 3 1
148991 1 93 3 1
148994 1 93 3 1
149625 1 93 3 1
292065 0 93 3 1
292066 0 93 3 1
292148 1 93 3 1
293014 0 93 3 3
307120 0 93 3 1
307122 0 93 3 1
351786 1 93 3 1
351789 1 93 3 1
351790 1 93 3 1
546429 0 93 3 3
546434 0 93 3 3
546986 1 93 3 1
149868 0 94 3 1
150381 0 94 3 3
291616 0 94 3 1
292937 0 94 3 3
292939 0 94 3 3
546496 1 94 3 1
546499 1 94 3 1
547480 0 94 3 1
149714 0 95 3 3
150357 0 95 3 1
150359 0 95 3 1
150360 0 95 3 1
150356 0 95 3 1
150357 0 95 3 1
150359 0 95 3 1
150360 0 95 3 1
291503 0 95 3 1
291505 0 95 3 1
291506 0 95 3 1
291508 0 95 3 1
306877 0 95 3 1
351116 0 95 3 1
351121 0 95 3 1
437990 1 95 3 3
444190 0 95 3 3
546497 1 95 3 1
148993 0 96 3 1
148991 0 96 3 2
148995 0 96 3 2
290808 0 96 3 1
292647 0 96 3 2
293105 1 96 3 2
350172 0 96 3 1
350603 0 96 3 1
350604 0 96 3 1
351783 0 96 3 1
351785 0 96 3 1
387606 0 96 3 3
547474 1 96 3 1
547477 1 96 3 1
548118 0 96 3 3
63600 0 97 3 2
149267 0 97 3 4
546435 0 97 3 3
546504 0 97 3 3
148993 1 98 3 3
290805 0 98 3 3
290806 0 98 3 3
290807 0 98 3 3
350930 0 98 3 0
351212 1 98 3 1
351214 1 98 3 1
351613 0 98 3 1
351615 0 98 3 1
351788 0 98 3 1
351790 0 98 3 1
351787 0 98 3 3
351789 0 98 3 3
547090 0 98 3 1
8604 0 99 3 3
149612 0 99 3 0
149958 0 99 3 1
149959 0 99 3 1
150356 0 99 3 3
150358 0 99 3 3
290591 0 99 3 3
290761 0 99 3 3
351213 0 99 3 3
351441 0 99 3 1
351442 0 99 3 1
547476 0 99 3 1
79964 0 100 3 1
150379 1 100 3 1
150381 1 100 3 1
546401 1 100 3 0
546402 1 100 3 0
546403 1 100 3 0
547477 0 100 3 4
548213 0 100 3 3
548215 0 100 3 3
148958 1 101 3 3
149562 0 101 3 2
149566 0 101 3 2
149567 0 101 3 2
149565 0 101 3 3
290295 0 101 3 1
290297 0 101 3 1
290365 0 101 3 1
342380 0 101 3 3
351118 0 101 3 1
547558 0 101 3 3
547562 0 101 3 3
149611 0 102 3 3
149959 0 102 3 1
149960 0 102 3 1
149963 0 102 3 2
150319 0 102 3 1
150320 0 102 3 1
290589 0 102 3 2
290590 0 102 3 2
292022 0 102 3 3
292245 0 102 3 1
547091 0 102 3 1
547170 0 102 3 1
149611 1 103 3 1
149613 1 103 3 1
149861 0 103 3 3
291419 0 103 3 1
292038 0 103 3 1
292041 0 103 3 1
425150 0 103 3 3
547476 0 103 3 1
547478 0 103 3 1
290532 0 104 3 0
293201 0 104 3 1
342053 0 104 3 1
63626 0 105 3 2
79965 0 105 3 1
79966 0 105 3 1
149957 0 105 3 3
149958 0 105 3 3
149959 0 105 3 3
292043 0 105 3 1
147351 0 106 3 1
147352 0 106 3 1
147353 0 106 3 1
147355 0 106 3 1
148784 0 106 3 1
350256 0 106 3 1
547875 0 106 3 2
80834 0 107 3 3
150319 0 107 3 2
150321 0 107 3 2
272652 0 107 3 3
272655 0 107 3 3
293112 0 107 3 1
349443 0 107 3 4
502272 0 107 3 3
502273 0 107 3 3
546654 1 107 3 3
290828 0 108 3 1
290830 0 108 3 1
290832 0 108 3 1
290836 0 108 3 1
546407 1 108 3 2
546408 1 108 3 2
451111 0 109 3 3
547108 1 109 3 1
547109 1 109 3 1
547110 1 109 3 1
547112 0 109 3 1
547115 0 109 3 1
547605 0 109 3 2
270628 0 110 3 3
270630 0 110 3 3
350745 1 110 3 1
546757 0 110 3 1
290831 0 111 3 1
290833 0 111 3 1
291458 0 111 3 1
147352 0 112 3 1
290703 0 112 3 1
290704 0 112 3 1
340855 0 112 3 3
340858 0 112 3 3
350902 0 112 3 1
350904 0 112 3 1
546656 1 112 3 1
147978 1 113 3 0
148249 0 113 3 1
290357 1 113 3 1
290701 0 113 3 3
290705 0 113 3 3
451112 0 113 3 1
148336 1 114 3 1
290832 0 114 3 3
290874 1 114 3 0
290875 1 114 3 0
450746 0 114 3 1
292738 0 115 3 0
148363 0 116 3 1
148366 0 116 3 1
148368 0 116 3 1
342311 0 116 3 3
368340 0 116 3 3
546654 0 116 3 1
546655 0 116 3 1
147417 0 117 3 1
147418 0 117 3 1
148500 0 117 3 3
148501 0 117 3 3
164601 0 117 3 2
147366 0 118 3 3
147759 1 118 3 1
148499 0 118 3 1
291130 1 118 3 1
451648 0 118 3 1
451650 0 118 3 1
451651 0 118 3 1
484245 0 118 3 2
373084 0 119 3 1
373089 0 119 3 1
546514 0 119 3 1
547631 0 119 3 3
290905 0 120 3 1
290906 0 120 3 1
290978 0 120 3 1
290979 0 120 3 1
291127 1 120 3 1
291130 1 120 3 1
547936 0 120 3 1
547938 0 120 3 1
147416 0 121 3 1
147417 0 121 3 1
147418 0 121 3 1
147414 0 121 3 3
147418 0 121 3 3
490607 1 121 3 3
547292 0 121 3 3
148299 0 122 3 1
292708 0 122 3 3
292860 0 122 3 3
292861 0 122 3 3
451649 1 122 3 0
489933 0 122 3 3
546620 0 122 3 4
147399 1 123 3 1
147404 1 123 3 1
148415 0 123 3 2
148416 0 123 3 2
148418 0 123 3 2
292636 0 123 3 1
53859 0 124 3 3
291940 1 124 3 1
373087 0 124 3 1
426357 0 124 3 3
452185 0 124 3 1
452187 0 124 3 1
147213 0 125 3 1
147215 0 125 3 1
547377 0 125 3 3
547378 0 125 3 3
547790 0 125 3 1
147846 0 126 3 1
205192 1 126 3 3
233973 0 126 3 1
233976 0 126 3 1
234569 0 126 3 1
290573 0 126 3 1
352410 0 126 3 3
451979 0 126 3 1
148416 0 127 3 2
148418 0 127 3 2
290787 0 127 3 1
293188 0 127 3 3
451254 1 127 3 3
147210 0 128 3 3
291075 1 128 3 1
291155 0 128 3 1
291156 0 128 3 1
292320 1 128 3 1
292321 1 128 3 1
350383 1 128 3 1
350384 1 128 3 1
451477 1 128 3 1
451480 1 128 3 1
451982 1 128 3 0
489235 0 128 3 1
489236 0 128 3 1
547795 0 128 3 0
547796 0 128 3 0
547797 0 128 3 0
552141 0 128 3 3
148588 0 129 3 1
291228 0 129 3 1
291868 0 129 3 1
374874 0 129 3 1
374877 0 129 3 1
451270 1 129 3 1
452256 0 129 3 1
452258 0 129 3 1
85901 0 130 3 3
233453 1 130 3 1
291074 0 130 3 1
292921 0 130 3 1
451527 0 130 3 1
389333 0 131 3 2
389334 0 131 3 2
389337 0 131 3 2
450639 0 131 3 1
450642 0 131 3 1
451570 0 131 3 1
340023 0 132 3 3
413299 1 132 3 3
451477 0 132 3 1
451478 0 132 3 1
451479 0 132 3 1
489088 0 132 3 3
489089 0 132 3 3
489091 0 132 3 3
551684 0 132 3 3
233867 0 133 3 1
290573 0 133 3 3
290574 0 133 3 3
291236 0 133 3 3
292790 0 133 3 1
373652 1 133 3 1
450834 0 133 3 1
450838 0 133 3 1
451527 0 133 3 3
451530 0 133 3 3
451541 0 133 3 1
451543 0 133 3 1
489503 0 133 3 1
489672 0 133 3 1
489675 0 133 3 1
489678 0 133 3 1
85897 0 134 3 3
85898 0 134 3 3
85900 0 134 3 3
192281 1 134 3 1
213680 0 134 3 3
213682 0 134 3 3
213683 0 134 3 3
290543 0 134 3 1
290544 0 134 3 1
290851 0 134 3 1
291714 1 134 3 0
292671 0 134 3 0
292672 0 134 3 0
292674 0 134 3 0
292720 0 134 3 1
292721 0 134 3 1
292723 0 134 3 1
374754 0 134 3 1
450637 1 134 3 0
450638 1 134 3 0
450780 0 134 3 1
450783 0 134 3 1
450837 0 134 3 1
450838 0 134 3 1
451528 0 134 3 2
489237 0 134 3 2
550295 1 134 3 1
18848 0 135 3 3
18849 0 135 3 3
18850 0 135 3 3
18852 0 135 3 3
56492 0 135 3 3
282867 0 135 3 3
290473 0 135 3 3
290851 0 135 3 0
291512 0 135 3 1
291714 0 135 3 1
291715 0 135 3 1
293130 1 135 3 1
293131 1 135 3 1
293132 1 135 3 1
450665 0 135 3 3
450849 0 135 3 2
451567 0 135 3 3
451568 0 135 3 3
85798 0 136 3 0
85801 0 136 3 0
245640 0 136 3 2
290853 0 136 3 0
290854 0 136 3 0
290855 0 136 3 0
351671 0 136 3 3
351672 0 136 3 3
374874 1 136 3 1
374875 1 136 3 1
374876 1 136 3 1
374877 1 136 3 1
85898 0 137 3 0
85902 0 137 3 0
232717 1 137 3 1
233633 1 137 3 1
290316 0 137 3 1
290763 0 137 3 3
374753 0 137 3 1
450835 0 137 3 1
450838 0 137 3 1
490042 0 137 3 1
490044 0 137 3 1
550296 0 137 3 1
551687 0 137 3 3
192283 0 138 3 1
192284 0 138 3 1
233794 0 138 3 3
233797 0 138 3 3
274150 0 138 3 3
290330 1 138 3 1
290471 0 138 3 1
387209 0 138 3 3
451802 0 138 3 1
451804 0 138 3 1
452537 0 138 3 1
481495 0 138 3 2
481498 0 138 3 2
489821 0 138 3 1
85117 1 139 3 3
85120 1 139 3 3
85899 0 139 3 1
85903 0 139 3 1
233714 0 139 3 0
233711 0 139 3 1
233714 0 139 3 1
234607 0 139 3 1
373650 0 139 3 3
373652 0 139 3 3
390660 0 139 3 4
390661 0 139 3 4
451041 0 139 3 3
451918 0 139 3 1
451921 0 139 3 1
489486 0 139 3 1
489487 0 139 3 1
489886 1 139 3 1
551865 0 139 3 1
551866 0 139 3 1
84616 0 140 3 1
85897 1 140 3 1
85900 1 140 3 1
85903 1 140 3 1
233042 1 140 3 3
233043 1 140 3 3
292270 0 140 3 0
293210 0 140 3 3
293212 0 140 3 3
374873 0 140 3 1
374877 0 140 3 1
489308 0 140 3 2
489823 1 140 3 1
489826 1 140 3 1
551373 0 140 3 1
84555 0 141 3 1
290332 0 141 3 0
290333 0 141 3 0
290408 0 141 3 3
291635 0 141 3 1
330374 0 141 3 3
450919 0 141 3 1
451255 0 141 3 1
451259 0 141 3 1
451263 1 141 3 0
489613 0 141 3 1
489616 0 141 3 1
85712 0 142 3 1
233002 0 142 3 3
233711 1 142 3 1
233715 1 142 3 1
290856 0 142 3 1
291487 0 142 3 1
450917 0 142 3 3
450921 0 142 3 3
451904 0 142 3 1
451906 0 142 3 1
452167 0 142 3 3
452322 0 142 3 3
489748 1 142 3 1
489823 1 142 3 1
490361 0 142 3 3
490411 0 142 3 3
230346 0 143 3 4
233712 1 143 3 2
457105 0 143 3 3
488893 0 143 3 3
489884 0 143 3 3
490224 1 143 3 1
490225 1 143 3 1
23296 0 144 3 3
84853 0 144 3 1
84854 0 144 3 1
232940 0 144 3 3
233150 0 144 3 1
390521 1 144 3 0
390523 1 144 3 0
390723 0 144 3 3
390724 0 144 3 3
390725 0 144 3 3
450793 1 144 3 1
451299 0 144 3 3
451301 0 144 3 3
451302 0 144 3 3
490608 0 144 3 3
549226 0 144 3 3
85438 0 145 3 1
192380 0 145 3 0
233660 0 145 3 3
233833 0 145 3 3
233860 0 145 3 1
290764 0 145 3 0
490529 0 145 3 3
490532 0 145 3 3
490536 0 145 3 4
562853 0 145 3 2
85107 0 146 3 1
233080 1 146 3 0
233081 1 146 3 0
234132 0 146 3 1
234133 0 146 3 1
234605 0 146 3 3
291340 0 146 3 1
350184 0 146 3 1
450699 0 146 3 3
450700 0 146 3 3
450802 0 146 3 2
452309 0 146 3 3
85111 1 147 3 1
85112 1 147 3 1
85854 0 147 3 1
233150 0 147 3 1
233885 0 147 3 1
359339 0 147 3 4
450327 0 147 3 1
450695 0 147 3 3
225566 1 148 3 2
390013 0 148 3 1
390017 0 148 3 1
450208 0 148 3 1
450795 0 148 3 1
451301 1 148 3 1
544773 0 148 3 3
549226 0 148 3 0
550157 1 148 3 3
551750 0 148 3 1
551753 0 148 3 1
84667 0 149 3 1
85547 0 149 3 1
85548 0 149 3 1
232810 0 149 3 3
233743 0 149 3 1
233745 0 149 3 1
392532 1 149 3 3
450452 0 149 3 3
450453 0 149 3 3
451903 0 149 3 1
451905 0 149 3 1
84802 0 150 3 3
85062 1 150 3 1
291342 1 150 3 0
451044 0 150 3 0
451047 0 150 3 0
451367 1 150 3 0
451369 1 150 3 0
490523 1 150 3 1
490528 0 150 3 3
85472 0 151 3 1
85474 0 151 3 1
233861 0 151 3 1
233862 0 151 3 1
233863 0 151 3 1
233864 0 151 3 1
234240 0 151 3 1
234241 0 151 3 1
234243 0 151 3 1
234244 0 151 3 1
234495 0 151 3 1
234496 0 151 3 1
367184 1 151 3 3
373469 0 151 3 1
373471 0 151 3 1
390629 0 151 3 1
390631 0 151 3 1
412143 0 151 3 3
412144 0 151 3 3
412146 0 151 3 3
451046 0 151 3 1
46993 0 152 3 2
86409 0 152 3 2
234160 0 152 3 1
396581 0 152 3 3
396582 0 152 3 3
450889 0 152 3 1
450891 0 152 3 1
451904 0 152 3 3
451906 0 152 3 3
490550 0 152 3 3
84844 0 153 3 3
84845 0 153 3 3
85062 0 153 3 1
85064 0 153 3 1
85067 0 153 3 1
85468 0 153 3 1
232749 1 153 3 1
232750 1 153 3 1
232752 1 153 3 1
233602 0 153 3 1
233667 0 153 3 1
233669 0 153 3 1
234431 0 153 3 1
234549 0 153 3 0
412144 0 153 3 4
412145 0 153 3 4
489040 0 153 3 1
489042 0 153 3 1
93521 0 154 3 3
196842 0 154 3 3
232866 1 154 3 1
233612 0 154 3 1
233954 0 154 3 1
234076 1 154 3 1
234301 0 154 3 3
330515 0 154 3 3
330517 0 154 3 3
452103 1 154 3 1
452105 1 154 3 1
452106 1 154 3 1
85063 0 155 3 3
85065 0 155 3 3
85067 0 155 3 3
85062 0 155 3 3
85064 0 155 3 3
232901 0 155 3 1
451299 0 155 3 1
451300 0 155 3 1
451302 0 155 3 1
451303 0 155 3 1
491029 0 155 3 1
232751 0 156 3 1
234075 0 156 3 3
234157 0 156 3 2
234278 0 156 3 3
234431 0 156 3 3
373471 0 156 3 1
390705 0 156 3 1
390707 0 156 3 1
451043 0 156 3 1
451049 0 156 3 1
451548 0 156 3 1
234163 0 157 3 3
452010 0 157 3 1
473014 0 157 3 3
473016 0 157 3 3
548597 0 157 3 0
548599 0 157 3 0
85469 0 158 3 1
93519 0 158 3 1
93521 0 158 3 1
146570 0 158 3 3
197505 0 158 3 3
234443 0 158 3 3
234458 0 158 3 2
234459 0 158 3 2
234462 0 158 3 2
373289 0 158 3 3
389415 1 158 3 3
390633 0 158 3 1
450377 0 158 3 1
451439 0 158 3 1
548616 0 158 3 3
548617 0 158 3 3
549225 1 158 3 0
61395 1 159 3 3
85458 0 159 3 4
197506 0 159 3 2
197508 0 159 3 2
330371 0 159 3 1
549108 0 159 3 0
233102 0 160 3 1
233106 0 160 3 1
233352 0 160 3 3
234273 1 160 3 3
331198 1 160 3 1
331199 1 160 3 1
331201 1 160 3 1
373466 0 160 3 1
85622 1 161 3 1
113764 0 161 3 2
389644 1 161 3 1
389645 1 161 3 1
389913 0 161 3 1
450672 0 161 3 1
450673 0 161 3 1
489264 0 161 3 1
146569 1 162 3 3
146570 1 162 3 3
191593 0 162 3 3
191597 0 162 3 3
209683 0 162 3 3
329902 0 162 3 1
451161 0 162 3 1
451726 0 162 3 1
85739 0 163 3 1
331249 0 163 3 1
331250 0 163 3 1
382704 0 163 3 3
386915 0 163 3 3
390633 0 163 3 1
451439 0 163 3 3
451440 0 163 3 3
451441 0 163 3 3
451443 0 163 3 3
85322 0 164 3 3
330333 0 164 3 3
373469 0 164 3 1
373471 0 164 3 1
390202 0 164 3 1
450230 1 164 3 1
450660 0 164 3 1
450931 0 164 3 3
451596 0 164 3 3
451597 0 164 3 3
84544 0 165 3 1
84729 1 165 3 3
85343 0 165 3 1
85347 0 165 3 1
85737 0 165 3 1
363159 0 165 3 3
389641 0 165 3 1
389645 0 165 3 1
450927 1 165 3 0
450928 0 165 3 3
67176 0 166 3 3
215183 0 166 3 1
329901 0 166 3 1
376498 0 166 3 2
376499 0 166 3 2
555233 1 166 3 1
555236 1 166 3 1
555237 1 166 3 1
233568 0 167 3 1
233571 0 167 3 1
331246 0 167 3 4
331248 0 167 3 4
451812 0 167 3 3
478787 0 167 3 3
549615 0 167 3 3
62766 0 168 3 1
62767 0 168 3 1
85928 1 168 3 1
451693 0 168 3 1
549452 0 168 3 1
549653 0 168 3 1
233690 1 169 3 1
234506 0 169 3 1
234508 0 169 3 1
330336 0 169 3 1
376499 0 169 3 1
390474 0 169 3 1
418357 0 169 3 2
451174 1 169 3 1
452052 0 169 3 3
548322 0 169 3 1
548325 0 169 3 1
63054 0 170 3 1
234382 1 170 3 1
452205 0 170 3 3
452206 0 170 3 3
548334 0 170 3 1
548338 0 170 3 1
61278 0 171 3 1
62657 0 171 3 1
62658 0 171 3 1
215096 0 171 3 1
215099 0 171 3 1
215100 0 171 3 1
234204 0 171 3 1
234471 0 171 3 1
389665 0 171 3 1
390478 0 171 3 2
452226 0 171 3 1
452227 0 171 3 1
60912 0 172 3 1
85352 0 172 3 3
185486 0 172 3 2
329895 1 172 3 1
450411 0 172 3 3
450412 0 172 3 3
450415 0 172 3 3
451877 0 172 3 0
451880 0 172 3 0
452219 1 172 3 1
452270 0 172 3 0
549453 0 172 3 1
234504 1 173 3 3
234506 1 173 3 3
284339 0 173 3 3
289484 0 173 3 3
389508 0 173 3 1
390310 0 173 3 1
390506 0 173 3 1
390509 0 173 3 1
390921 1 173 3 1
451386 0 173 3 1
549044 0 173 3 1
549592 0 173 3 3
549593 0 173 3 3
85209 0 174 3 1
215308 1 174 3 1
215309 1 174 3 1
215897 0 174 3 1
375812 0 174 3 1
388805 1 174 3 1
390749 0 174 3 1
390751 0 174 3 1
61799 0 175 3 1
63053 0 175 3 1
389333 1 175 3 1
389334 1 175 3 1
389879 0 175 3 2
389880 0 175 3 2
460630 0 175 3 3
84530 0 176 3 0
84532 0 176 3 0
85704 1 176 3 1
85705 1 176 3 1
85707 1 176 3 1
390477 0 176 3 3
390479 0 176 3 3
450556 1 176 3 1
451403 0 176 3 0
549592 0 176 3 3
549593 0 176 3 3
554597 0 176 3 1
554598 0 176 3 1
84556 0 177 3 1
84557 0 177 3 1
84558 0 177 3 1
84854 0 177 3 1
233217 0 177 3 1
233221 0 177 3 1
234064 0 177 3 3
284341 0 177 3 3
284344 0 177 3 3
389100 1 177 3 3
450925 1 177 3 4
549628 0 177 3 2
63067 0 178 3 1
63069 0 178 3 1
63066 0 178 3 3
84739 1 178 3 1
85571 0 178 3 1
215508 0 178 3 1
215509 0 178 3 1
234180 0 178 3 1
234181 0 178 3 1
234183 0 178 3 1
390746 0 178 3 3
390748 0 178 3 3
390749 0 178 3 3
390752 0 178 3 3
450423 0 178 3 3
451272 0 178 3 0
549039 0 178 3 2
549043 0 178 3 2
549281 0 178 3 1
549285 0 178 3 1
61431 0 179 3 3
84418 0 179 3 0
84419 0 179 3 0
84777 0 179 3 1
84778 0 179 3 1
215757 1 179 3 1
233963 0 179 3 3
233964 0 179 3 3
375761 0 179 3 1
376676 1 179 3 1
376678 1 179 3 1
376680 1 179 3 1
390425 0 179 3 1
390650 0 179 3 4
390750 0 179 3 3
450951 0 179 3 1
549039 1 179 3 3
549920 1 179 3 1
550019 0 179 3 0
63064 0 180 3 0
206084 0 180 3 3
206087 0 180 3 3
215598 0 180 3 1
215599 0 180 3 1
233218 0 180 3 3
375815 1 180 3 1
389441 0 180 3 3
390239 0 180 3 1
390242 0 180 3 1
451499 0 180 3 0
548585 1 180 3 4
62529 0 181 3 1
62530 0 181 3 1
62531 0 181 3 1
234067 0 181 3 1
375934 0 181 3 2
404461 0 181 3 2
450352 0 181 3 0
450354 0 181 3 0
549063 1 181 3 3
549067 1 181 3 3
62528 0 182 3 1
63161 1 182 3 1
63164 1 182 3 1
85199 0 182 3 1
85200 0 182 3 1
215095 0 182 3 2
215098 0 182 3 2
215757 0 182 3 3
215758 0 182 3 3
215760 0 182 3 3
233807 0 182 3 1
234526 1 182 3 1
234529 1 182 3 1
376229 0 182 3 1
376231 0 182 3 1
376278 1 182 3 1
452347 1 182 3 3
452348 1 182 3 3
61402 0 183 3 1
215097 1 183 3 1
215100 1 183 3 1
215506 1 183 3 3
234063 0 183 3 1
234065 0 183 3 1
330255 0 183 3 3
549670 0 183 3 1
549671 0 183 3 1
549672 0 183 3 1
215366 0 184 3 1
215367 0 184 3 1
215434 0 184 3 4
215561 0 184 3 1
234057 0 184 3 3
296343 0 184 3 3
375053 0 184 3 1
376047 0 184 3 1
376044 0 184 3 3
377675 0 184 3 3
390245 0 184 3 1
390246 0 184 3 1
390247 0 184 3 1
452203 0 184 3 1
214909 1 185 3 1
214911 1 185 3 1
215094 0 185 3 1
215767 0 185 3 1
215770 0 185 3 1
215773 1 185 3 1
390245 0 185 3 1
390247 0 185 3 1
390392 1 185 3 1
429336 0 185 3 3
451498 0 185 3 2
451501 0 185 3 2
62441 0 186 3 1
63171 0 186 3 3
63174 0 186 3 3
85879 0 186 3 1
122755 0 186 3 3
193656 0 186 3 2
214499 1 186 3 1
215044 0 186 3 1
215184 0 186 3 1
215773 0 186 3 3
375052 0 186 3 1
375054 0 186 3 1
376252 0 186 3 1
376777 0 186 3 1
376781 0 186 3 1
376782 0 186 3 1
377675 0 186 3 3
60878 0 187 3 3
60880 0 187 3 3
215190 1 187 3 1
215569 0 187 3 3
232858 1 187 3 1
330261 0 187 3 3
330262 0 187 3 3
375190 0 187 3 1
376245 0 187 3 1
548297 0 187 3 1
549937 1 187 3 1
549940 1 187 3 1
549941 1 187 3 1
215370 0 188 3 1
215371 0 188 3 1
216153 0 188 3 1
216154 0 188 3 1
216155 0 188 3 1
298247 0 188 3 3
330261 1 188 3 1
375751 0 188 3 0
452201 0 188 3 3
545129 0 188 3 3
61405 0 189 3 0
61408 0 189 3 0
61409 0 189 3 0
61410 0 189 3 0
61406 1 189 3 1
62679 0 189 3 4
214590 0 189 3 1
215189 0 189 3 3
215252 0 189 3 1
215253 0 189 3 1
215568 0 189 3 1
215655 1 189 3 1
216089 0 189 3 1
375108 0 189 3 1
375110 0 189 3 1
390225 0 189 3 3
390226 0 189 3 3
390227 0 189 3 3
435310 0 189 3 3
452201 0 189 3 3
549182 0 189 3 1
549433 0 189 3 1
549504 0 189 3 1
549505 0 189 3 1
549502 0 189 3 2
549505 0 189 3 2
215958 0 190 3 1
215961 0 190 3 1
216154 0 190 3 3
216155 0 190 3 3
376769 0 190 3 1
376773 0 190 3 1
377004 0 190 3 3
377006 0 190 3 3
378810 0 190 3 3
427948 0 190 3 3
427949 0 190 3 3
427951 0 190 3 3
450260 0 190 3 3
450261 0 190 3 3
450262 0 190 3 3
548733 0 190 3 1
61971 0 191 3 1
62218 0 191 3 1
62446 0 191 3 3
62447 0 191 3 3
62448 0 191 3 3
216157 0 191 3 1
233017 0 191 3 1
233018 0 191 3 1
330525 0 191 3 1
376335 0 191 3 3
376731 0 191 3 0
549933 0 191 3 1
134189 0 192 3 3
214611 0 192 3 1
215566 0 192 3 3
234523 0 192 3 1
376132 0 192 3 0
376136 0 192 3 3
376139 0 192 3 3
539438 0 192 3 0
539439 0 192 3 0
542771 0 192 3 3
542773 0 192 3 3
549677 1 192 3 0
549678 1 192 3 0
549674 0 192 3 1
61232 0 193 3 4
61869 1 193 3 1
61872 1 193 3 1
62091 1 193 3 1
89797 0 193 3 3
214684 0 193 3 1
214687 0 193 3 1
275106 0 193 3 1
330172 1 193 3 1
330173 1 193 3 1
330176 1 193 3 1
403549 0 193 3 1
548625 0 193 3 3
549471 0 193 3 0
549675 0 193 3 3
549676 0 193 3 3
549677 0 193 3 3
62596 0 194 3 0
62597 0 194 3 0
62784 0 194 3 1
62788 0 194 3 1
62789 0 194 3 1
256573 0 194 3 4
274339 1 194 3 3
331390 0 194 3 3
375109 0 194 3 1
375111 0 194 3 1
375203 0 194 3 1
375296 1 194 3 1
375300 1 194 3 1
376274 0 194 3 1
376276 0 194 3 1
376271 0 194 3 1
376276 0 194 3 1
389810 1 194 3 1
389812 1 194 3 1
389813 1 194 3 1
214598 0 195 3 1
215661 0 195 3 1
233015 1 195 3 1
233017 1 195 3 1
255085 0 195 3 2
375891 0 195 3 1
403419 1 195 3 1
403421 1 195 3 1
403425 1 195 3 1
428100 0 195 3 1
429337 0 195 3 0
429338 0 195 3 0
542771 0 195 3 1
542773 0 195 3 1
549673 0 195 3 3
549674 0 195 3 3
62545 1 196 3 0
62547 1 196 3 0
214687 0 196 3 1
376273 0 196 3 1
376276 0 196 3 1
376283 1 196 3 1
376287 1 196 3 1
387168 0 196 3 3
403424 1 196 3 3
548413 1 196 3 0
548416 1 196 3 0
61481 0 197 3 1
61752 0 197 3 1
61902 0 197 3 1
61904 0 197 3 1
62009 0 197 3 1
62006 0 197 3 1
62076 0 197 3 1
62388 0 197 3 1
62544 1 197 3 0
62546 1 197 3 0
62548 1 197 3 0
214682 0 197 3 1
214683 0 197 3 1
214686 0 197 3 1
276013 0 197 3 1
375109 0 197 3 3
375299 1 197 3 0
375300 1 197 3 0
376285 0 197 3 1
376286 0 197 3 1
377384 0 197 3 1
377386 0 197 3 1
403420 0 197 3 3
429446 1 197 3 1
548931 0 197 3 1
549473 1 197 3 1
549475 1 197 3 1
550049 0 197 3 3
550051 0 197 3 3
563155 0 197 3 1
563156 0 197 3 1
61235 0 198 3 3
61236 0 198 3 3
61237 0 198 3 3
61239 0 198 3 3
61970 0 198 3 1
62118 0 198 3 1
62137 0 198 3 1
62145 0 198 3 3
62146 0 198 3 3
176900 0 198 3 2
275794 0 198 3 1
375068 0 198 3 0
375069 0 198 3 0
375947 0 198 3 1
375949 0 198 3 1
375975 1 198 3 0
375978 1 198 3 0
388218 0 198 3 2
549479 1 198 3 3
549500 1 198 3 1
561203 0 198 3 1
61056 0 199 3 1
61234 0 199 3 1
61237 0 199 3 1
61239 0 199 3 1
61356 0 199 3 1
61357 0 199 3 1
61980 1 199 3 1
62217 0 199 3 1
62219 0 199 3 1
62805 0 199 3 1
62806 0 199 3 1
215396 0 199 3 4
330524 0 199 3 1
330759 1 199 3 1
376078 0 199 3 1
536024 0 199 3 3
548920 0 199 3 1
549711 0 199 3 1
552441 0 199 3 1
552444 0 199 3 1
62006 1 200 3 3
62007 1 200 3 3
62087 0 200 3 3
62089 0 200 3 3
62244 0 200 3 1
62519 0 200 3 1
157566 0 200 3 3
275092 0 200 3 3
275142 0 200 3 3
275201 1 200 3 1
275205 1 200 3 1
330471 0 200 3 1
331396 0 200 3 3
376722 0 200 3 1
378153 0 200 3 3
429443 0 200 3 3
542978 1 200 3 1
548770 0 200 3 3
549480 0 200 3 3
61254 1 201 3 1
61499 1 201 3 1
61498 0 201 3 3
62245 0 201 3 3
62909 0 201 3 1
318054 1 201 3 1
318056 1 201 3 1
318057 1 201 3 1
330690 0 201 3 1
375984 1 201 3 1
377386 0 201 3 1
388217 0 201 3 3
434896 0 201 3 1
549699 0 201 3 1
549700 0 201 3 1
549701 0 201 3 1
560962 0 201 3 3
10873 0 202 3 2
62079 1 202 3 0
214657 1 202 3 1
214659 1 202 3 1
214660 1 202 3 1
330006 1 202 3 1
330010 1 202 3 1
331399 0 202 3 4
331555 0 202 3 3
331638 0 202 3 3
331639 0 202 3 3
331640 0 202 3 3
376263 0 202 3 1
377229 1 202 3 1
377232 1 202 3 1
377233 1 202 3 1
377376 1 202 3 1
377377 1 202 3 1
435930 0 202 3 1
549145 0 202 3 3
562201 0 202 3 1
562204 0 202 3 1
562296 1 202 3 1
62137 1 203 3 1
62141 1 203 3 1
62516 0 203 3 1
62517 0 203 3 1
62519 0 203 3 1
62516 0 203 3 3
62753 0 203 3 1
214488 0 203 3 1
270401 0 203 3 3
270404 0 203 3 3
330075 1 203 3 1
330077 1 203 3 1
434207 0 203 3 1
434208 0 203 3 1
549447 0 203 3 1
549450 0 203 3 1
552185 0 203 3 1
562017 1 203 3 3
562685 0 203 3 3
60903 1 204 3 1
61254 0 204 3 1
61256 0 204 3 1
176899 0 204 3 1
215531 0 204 3 3
215535 0 204 3 3
216127 0 204 3 1
255534 0 204 3 1
330731 1 204 3 1
330732 1 204 3 1
375557 0 204 3 1
375559 0 204 3 1
375561 0 204 3 1
377165 0 204 3 1
378148 1 204 3 3
378780 0 204 3 1
429283 0 204 3 1
434417 0 204 3 1
434531 0 204 3 1
436336 0 204 3 3
544443 0 204 3 0
544445 0 204 3 0
548973 0 204 3 3
552441 0 204 3 3
24280 0 205 3 3
63031 0 205 3 1
78254 0 205 3 3
186565 0 205 3 3
186567 0 205 3 3
195930 0 205 3 3
215532 0 205 3 2
215533 0 205 3 2
215651 0 205 3 1
253870 1 205 3 1
253871 1 205 3 1
274539 0 205 3 3
296111 0 205 3 3
296113 0 205 3 3
329884 0 205 3 1
329886 0 205 3 1
329887 0 205 3 1
330076 1 205 3 3
331561 0 205 3 1
375818 0 205 3 3
377164 0 205 3 1
378953 0 205 3 1
428558 0 205 3 3
428560 0 205 3 3
434453 0 205 3 1
435102 0 205 3 1
435104 0 205 3 1
435908 0 205 3 1
549833 1 205 3 1
552183 0 205 3 3
176463 0 206 3 1
330287 0 206 3 1
330289 0 206 3 1
330934 0 206 3 2
330935 0 206 3 2
377374 0 206 3 1
377755 0 206 3 3
434588 0 206 3 1
435630 1 206 3 1
454899 1 206 3 3
454902 1 206 3 3
552184 0 206 3 3
552186 0 206 3 3
561138 1 206 3 1
561141 1 206 3 1
45410 0 207 3 3
45411 0 207 3 3
45412 0 207 3 3
60889 0 207 3 4
62597 1 207 3 1
62932 0 207 3 1
175829 0 207 3 1
215655 0 207 3 2
254235 1 207 3 1
254236 1 207 3 1
254237 1 207 3 1
274534 0 207 3 3
330039 0 207 3 0
330040 0 207 3 0
330732 1 207 3 1
331062 0 207 3 1
331453 0 207 3 1
331454 0 207 3 1
331631 0 207 3 3
376014 1 207 3 1
377163 0 207 3 1
377165 0 207 3 1
377168 0 207 3 1
434427 0 207 3 1
434468 0 207 3 3
434970 0 207 3 3
434977 1 207 3 1
434978 1 207 3 1
434981 1 207 3 1
436347 0 207 3 3
549145 0 207 3 1
549148 0 207 3 1
562291 0 207 3 2
562292 0 207 3 2
562293 0 207 3 2
562294 0 207 3 2
562297 0 207 3 2
61154 0 208 3 0
61926 0 208 3 1
61929 0 208 3 1
62803 0 208 3 3
62804 0 208 3 3
62806 0 208 3 3
167812 0 208 3 3
215894 0 208 3 1
253609 0 208 3 1
253611 0 208 3 1
254678 0 208 3 1
329939 0 208 3 4
329940 0 208 3 4
375873 0 208 3 3
375874 0 208 3 3
433591 0 208 3 1
434408 0 208 3 1
434410 0 208 3 1
434411 0 208 3 1
434412 0 208 3 1
434460 0 208 3 1
434461 0 208 3 1
434605 0 208 3 1
435390 1 208 3 1
436346 1 208 3 0
436347 1 208 3 0
436348 1 208 3 0
548972 1 208 3 3
548974 1 208 3 3
562390 0 208 3 3
46798 0 209 3 2
62855 0 209 3 3
177718 0 209 3 3
177719 0 209 3 3
177721 0 209 3 3
216125 1 209 3 3
216126 1 209 3 3
253868 0 209 3 1
253869 0 209 3 1
253870 0 209 3 1
331225 1 209 3 1
331230 1 209 3 1
331452 0 209 3 1
331454 0 209 3 1
348200 0 209 3 3
376016 0 209 3 1
377169 1 209 3 1
378147 0 209 3 1
378148 0 209 3 1
378193 0 209 3 1
378390 0 209 3 1
378952 1 209 3 0
378953 1 209 3 0
378954 1 209 3 0
434783 0 209 3 3
434784 0 209 3 3
435104 0 209 3 3
435777 1 209 3 3
548978 0 209 3 3
553064 0 209 3 1
562233 0 209 3 1
60900 0 210 3 1
60903 0 210 3 1
63026 0 210 3 3
63028 0 210 3 3
254489 0 210 3 1
282524 0 210 3 1
330928 0 210 3 3
330929 0 210 3 3
428469 0 210 3 1
428470 0 210 3 1
428471 0 210 3 1
434236 0 210 3 1
434240 0 210 3 1
434601 1 210 3 0
506969 1 210 3 3
506972 1 210 3 3
521274 0 210 3 3
521276 0 210 3 3
549832 0 210 3 1
61004 0 211 3 3
62607 0 211 3 3
62698 1 211 3 3
63027 1 211 3 1
63100 0 211 3 1
63102 0 211 3 1
215420 0 211 3 3
331453 0 211 3 3
331527 0 211 3 1
378596 0 211 3 2
378597 0 211 3 2
429567 1 211 3 1
433881 1 211 3 1
436033 0 211 3 1
436034 0 211 3 1
436035 0 211 3 1
437421 1 211 3 3
543533 0 211 3 3
552437 0 211 3 1
552439 0 211 3 1
552440 0 211 3 1
552617 0 211 3 1
553678 0 211 3 1
255314 0 212 3 1
255315 0 212 3 1
330289 0 212 3 3
330814 0 212 3 1
330858 0 212 3 1
330861 0 212 3 1
331064 1 212 3 3
331065 1 212 3 3
331230 0 212 3 2
376137 0 212 3 1
548976 0 212 3 1
548978 0 212 3 1
548979 0 212 3 1
553007 0 212 3 0
553008 0 212 3 0
553010 0 212 3 0
553011 0 212 3 0
553006 0 212 3 1
553007 0 212 3 1
553010 0 212 3 1
553385 0 212 3 1
562386 0 212 3 1
562390 0 212 3 1
62716 0 213 3 3
63195 0 213 3 1
63199 0 213 3 1
254479 0 213 3 1
255153 0 213 3 1
307758 0 213 3 3
307761 0 213 3 3
330739 0 213 3 0
330740 0 213 3 0
337921 0 213 3 3
337923 0 213 3 3
377285 0 213 3 3
377288 0 213 3 3
432685 0 213 3 1
432687 0 213 3 1
433041 0 213 3 1
434604 0 213 3 3
435208 0 213 3 1
435762 1 213 3 1
435764 1 213 3 1
435766 1 213 3 1
506965 0 213 3 0
552442 0 213 3 1
44174 0 214 3 4
118811 1 214 3 1
144525 0 214 3 3
144528 0 214 3 3
253511 0 214 3 3
253512 0 214 3 3
253513 0 214 3 3
340092 0 214 3 2
376809 0 214 3 3
376810 0 214 3 3
427964 0 214 3 1
429026 0 214 3 1
429246 0 214 3 1
435207 1 214 3 1
506967 0 214 3 1
506970 0 214 3 1
506971 0 214 3 1
521274 0 214 3 3
557928 0 214 3 2
562019 0 214 3 1
562023 0 214 3 1
44528 0 215 3 3
254576 0 215 3 3
309292 0 215 3 1
309293 0 215 3 1
330784 0 215 3 1
330787 0 215 3 1
331489 1 215 3 0
428308 0 215 3 1
429542 0 215 3 1
432671 0 215 3 1
433037 0 215 3 1
433039 0 215 3 1
434259 0 215 3 1
434468 0 215 3 1
434469 0 215 3 1
435336 0 215 3 1
548346 0 215 3 1
553385 0 215 3 3
553450 0 215 3 1
553454 0 215 3 1
561369 1 215 3 1
254598 0 216 3 3
331557 1 216 3 4
331558 1 216 3 4
348200 0 216 3 1
348204 0 216 3 1
378707 1 216 3 1
429705 0 216 3 1
436638 0 216 3 0
549060 0 216 3 3
549061 0 216 3 3
562589 1 216 3 1
562593 1 216 3 1
562594 1 216 3 1
112778 0 217 3 1
182752 0 217 3 2
215422 0 217 3 3
247532 0 217 3 3
282241 0 217 3 1
330502 0 217 3 3
330503 0 217 3 3
330608 0 217 3 0
330610 0 217 3 0
331242 0 217 3 3
331617 0 217 3 1
356184 0 217 3 3
376105 1 217 3 3
429026 0 217 3 1
429125 0 217 3 2
432689 0 217 3 3
434372 0 217 3 3
434373 0 217 3 3
437810 0 217 3 3
548701 0 217 3 1
553111 0 217 3 1
561188 0 217 3 1
561190 0 217 3 1
561192 0 217 3 1
561193 0 217 3 1
561788 0 217 3 3
562129 0 217 3 1
562436 0 217 3 1
562437 0 217 3 1
211749 0 218 3 3
211750 0 218 3 3
255159 0 218 3 3
265851 0 218 3 2
281395 1 218 3 1
307877 0 218 3 3
308618 0 218 3 1
308619 0 218 3 1
331583 1 218 3 0
434465 1 218 3 3
434466 1 218 3 3
435127 0 218 3 2
435165 0 218 3 3
435167 0 218 3 3
506969 0 218 3 1
506972 0 218 3 1
551950 0 218 3 3
552938 0 218 3 1
553238 1 218 3 0
561640 1 218 3 1
561643 1 218 3 1
561731 1 218 3 1
561735 1 218 3 1
562795 0 218 3 1
562796 0 218 3 1
61290 0 219 3 4
61962 0 219 3 1
255804 0 219 3 1
307438 0 219 3 1
353868 0 219 3 1
357989 0 219 3 1
427939 0 219 3 3
428301 0 219 3 3
428304 0 219 3 3
432005 0 219 3 1
432006 0 219 3 1
432009 0 219 3 1
432485 0 219 3 1
432486 0 219 3 1
432488 0 219 3 1
432489 0 219 3 1
434580 0 219 3 3
435164 1 219 3 1
548094 0 219 3 2
562021 0 219 3 1
562022 0 219 3 1
562023 0 219 3 1
562164 0 219 3 1
562168 0 219 3 1
562162 0 219 3 1
562164 0 219 3 1
562165 0 219 3 1
562589 0 219 3 1
562590 0 219 3 1
562594 0 219 3 1
563078 0 219 3 1
563080 0 219 3 1
563082 0 219 3 1
151545 0 220 3 3
151547 0 220 3 3
254577 0 220 3 4
254599 0 220 3 3
254600 0 220 3 3
307879 0 220 3 0
330306 0 220 3 1
331238 0 220 3 3
331240 0 220 3 3
331568 0 220 3 1
376672 0 220 3 1
377950 0 220 3 4
377953 0 220 3 4
428181 1 220 3 0
434469 0 220 3 1
548637 0 220 3 3
548638 0 220 3 3
552237 0 220 3 1
561190 0 220 3 1
561191 0 220 3 1
561971 0 220 3 1
562420 0 220 3 1
563269 0 220 3 1
61648 0 221 3 2
119374 0 221 3 3
167181 0 221 3 3
253879 0 221 3 1
253880 0 221 3 1
254531 0 221 3 1
255012 0 221 3 1
285338 0 221 3 0
329140 0 221 3 1
331597 1 221 3 1
331598 1 221 3 1
375098 1 221 3 1
377799 0 221 3 1
377800 0 221 3 1
428189 1 221 3 1
428191 1 221 3 1
431995 0 221 3 0
431996 0 221 3 0
433134 1 221 3 2
433136 1 221 3 2
548346 0 221 3 3
553107 0 221 3 3
561245 1 221 3 1
562234 0 221 3 1
562313 0 221 3 1
562667 0 221 3 1
151551 1 222 3 2
225963 0 222 3 3
253511 0 222 3 3
266849 0 222 3 3
282738 0 222 3 1
282740 0 222 3 1
307693 0 222 3 1
309397 0 222 3 3
309565 0 222 3 1
331564 0 222 3 3
428288 0 222 3 1
428291 0 222 3 1
428312 1 222 3 3
428314 1 222 3 3
428357 0 222 3 1
431994 1 222 3 3
431995 1 222 3 3
506971 0 222 3 1
506972 0 222 3 1
552937 0 222 3 3
553156 1 222 3 2
61845 0 223 3 3
188844 0 223 3 2
188846 0 223 3 2
247345 0 223 3 1
247532 0 223 3 3
253878 0 223 3 1
255774 1 223 3 3
283015 0 223 3 1
283016 0 223 3 1
331567 0 223 3 1
331570 0 223 3 1
377172 0 223 3 0
378062 1 223 3 1
482451 0 223 3 2
548454 0 223 3 1
548455 0 223 3 1
552293 0 223 3 1
552294 0 223 3 1
553099 0 223 3 2
553101 0 223 3 2
553102 0 223 3 2
553103 0 223 3 2
553104 0 223 3 2
553246 1 223 3 1
561262 0 223 3 1
561263 0 223 3 1
561278 0 223 3 1
561280 0 223 3 1
561419 0 223 3 1
561420 0 223 3 1
561553 0 223 3 1
563047 0 223 3 1
563049 0 223 3 1
563048 0 223 3 3
62053 0 224 3 0
253008 0 224 3 3
253707 0 224 3 3
253708 0 224 3 3
255319 0 224 3 3
307842 0 224 3 1
349839 0 224 3 1
378251 0 224 3 0
378252 0 224 3 0
427882 0 224 3 2
433382 0 224 3 1
433383 0 224 3 1
435571 1 224 3 1
548637 0 224 3 1
548640 0 224 3 1
552003 1 224 3 1
552234 1 224 3 1
561638 0 224 3 1
561639 0 224 3 1
561969 0 224 3 3
561970 0 224 3 3
562122 0 224 3 1
563235 0 224 3 1
253656 0 225 3 3
254590 1 225 3 1
254592 1 225 3 1
254816 0 225 3 1
308028 0 225 3 1
308303 0 225 3 1
309074 1 225 3 1
329965 0 225 3 1
329969 0 225 3 1
429142 0 225 3 3
548452 0 225 3 1
548455 0 225 3 1
559567 0 225 3 3
559568 0 225 3 3
561054 0 225 3 1
561103 0 225 3 3
561243 0 225 3 1
561244 0 225 3 1
561245 0 225 3 1
561509 0 225 3 3
561510 0 225 3 3
561871 0 225 3 3
561873 0 225 3 3
561874 0 225 3 3
562125 0 225 3 4
562843 0 225 3 1
563205 0 225 3 2
49536 0 226 3 2
49537 0 226 3 2
49539 0 226 3 2
62051 0 226 3 0
62052 0 226 3 0
62053 0 226 3 0
116007 0 226 3 1
203747 0 226 3 2
211750 0 226 3 0
211752 0 226 3 0
330498 1 226 3 0
349841 0 226 3 1
375060 0 226 3 1
375062 0 226 3 1
375063 0 226 3 1
375064 0 226 3 1
417821 0 226 3 1
417823 0 226 3 1
417826 0 226 3 1
431990 0 226 3 1
431991 0 226 3 1
432167 0 226 3 1
432169 0 226 3 1
432170 0 226 3 1
432420 0 226 3 1
432421 0 226 3 1
434502 0 226 3 1
434503 0 226 3 1
552291 0 226 3 3
552296 0 226 3 2
562120 0 226 3 1
562922 0 226 3 1
562924 0 226 3 1
562926 0 226 3 1
563067 0 226 3 1
116300 0 227 3 1
253656 0 227 3 3
254815 1 227 3 0
281422 0 227 3 4
281423 0 227 3 4
331569 0 227 3 1
418302 0 227 3 1
418303 0 227 3 1
418758 0 227 3 1
428085 0 227 3 1
428842 0 227 3 4
431970 0 227 3 1
431971 0 227 3 1
432168 1 227 3 0
432678 1 227 3 1
432680 1 227 3 1
527321 0 227 3 1
527322 0 227 3 1
552878 0 227 3 1
552882 0 227 3 1
552883 0 227 3 1
553562 1 227 3 1
560872 0 227 3 1
560874 0 227 3 1
561513 0 227 3 3
561514 0 227 3 3
561898 0 227 3 1
562171 0 227 3 1
562550 0 227 3 3
563128 0 227 3 1
63675 0 228 3 3
116727 0 228 3 1
254643 0 228 3 3
254786 0 228 3 1
307400 0 228 3 1
307401 0 228 3 1
307402 0 228 3 1
307447 0 228 3 1
331016 0 228 3 1
375512 0 228 3 1
376628 1 228 3 1
431750 1 228 3 0
433299 1 228 3 1
433300 1 228 3 1
433381 0 228 3 2
433948 0 228 3 1
433949 0 228 3 1
435161 0 228 3 1
561242 0 228 3 3
561500 0 228 3 1
561503 0 228 3 1
561555 0 228 3 3
561598 0 228 3 1
561601 0 228 3 1
562077 0 228 3 3
562078 0 228 3 3
562799 0 228 3 1
562800 0 228 3 1
194272 0 229 3 2
207087 0 229 3 3
207089 0 229 3 3
211760 0 229 3 1
225961 0 229 3 1
253963 1 229 3 1
253966 1 229 3 1
254001 0 229 3 1
255710 0 229 3 1
255711 0 229 3 1
307448 0 229 3 3
330734 0 229 3 1
330735 0 229 3 1
331136 0 229 3 1
331137 0 229 3 1
331141 0 229 3 1
331285 1 229 3 1
331290 1 229 3 1
356326 0 229 3 1
376159 0 229 3 1
377147 0 229 3 3
432572 0 229 3 1
434416 1 229 3 3
434417 1 229 3 3
434418 1 229 3 3
548272 1 229 3 4
552003 0 229 3 1
561041 0 229 3 1
561045 0 229 3 1
561502 0 229 3 1
561504 0 229 3 1
561599 0 229 3 2
561600 0 229 3 2
562383 0 229 3 3
562666 0 229 3 3
562735 0 229 3 1
116005 0 230 3 0
116531 0 230 3 4
225956 0 230 3 3
225957 0 230 3 3
243344 0 230 3 3
330272 0 230 3 1
375673 0 230 3 1
377464 1 230 3 3
434007 0 230 3 1
434504 0 230 3 1
539371 0 230 3 3
552878 1 230 3 1
561045 0 230 3 1
561046 0 230 3 1
561285 0 230 3 1
561514 0 230 3 1
563045 1 230 3 1
563046 1 230 3 1
563048 1 230 3 1
563219 0 230 3 4
116730 0 231 3 2
117490 0 231 3 1
212264 0 231 3 1
212266 0 231 3 1
212269 0 231 3 1
254546 0 231 3 1
307832 0 231 3 4
308459 0 231 3 1
308463 0 231 3 1
308904 0 231 3 1
308905 0 231 3 1
308906 0 231 3 1
330970 1 231 3 1
376357 0 231 3 3
377149 1 231 3 3
377748 0 231 3 1
378825 0 231 3 1
378827 0 231 3 1
378828 0 231 3 1
428908 0 231 3 1
428909 0 231 3 1
428995 0 231 3 0
434750 0 231 3 1
434751 0 231 3 1
447319 0 231 3 3
447322 0 231 3 3
562208 0 231 3 1
562211 0 231 3 1
116208 1 232 3 1
225960 0 232 3 3
253966 0 232 3 1
255712 1 232 3 1
377984 0 232 3 1
377985 0 232 3 1
429582 1 232 3 2
429584 1 232 3 2
429586 1 232 3 2
434302 1 232 3 1
435082 0 232 3 1
435889 0 232 3 0
488816 0 232 3 3
488817 0 232 3 3
553375 0 232 3 1
561325 1 232 3 0
562457 1 232 3 1
24814 0 233 3 3
116077 0 233 3 1
194297 0 233 3 4
211649 0 233 3 1
247919 0 233 3 3
247917 0 233 3 3
254390 0 233 3 1
254394 0 233 3 1
283012 1 233 3 3
307705 0 233 3 4
308309 1 233 3 4
329976 0 233 3 1
348177 0 233 3 1
348179 0 233 3 1
365787 0 233 3 1
365789 0 233 3 1
377660 0 233 3 1
434006 1 233 3 0
435980 1 233 3 0
435983 1 233 3 0
560821 0 233 3 1
560823 0 233 3 1
560847 0 233 3 0
560848 0 233 3 0
562270 0 233 3 3
2430 0 234 3 3
2432 0 234 3 3
116508 0 234 3 1
253725 0 234 3 1
253997 1 234 3 0
253999 1 234 3 0
308407 0 234 3 3
308461 0 234 3 1
308462 0 234 3 1
345193 0 234 3 2
348761 0 234 3 3
348762 0 234 3 3
348763 0 234 3 3
348764 0 234 3 3
349805 0 234 3 1
375071 0 234 3 2
375073 0 234 3 2
377744 1 234 3 1
377746 1 234 3 1
377747 1 234 3 1
378650 0 234 3 1
378997 0 234 3 3
433637 0 234 3 3
433638 0 234 3 3
435408 0 234 3 1
435413 0 234 3 1
436015 0 234 3 1
436017 0 234 3 1
505751 1 234 3 1
529762 0 234 3 3
561257 0 234 3 3
561890 0 234 3 2
562559 0 234 3 1
562561 0 234 3 1
116859 0 235 3 1
116860 0 235 3 1
116863 0 235 3 1
212359 0 235 3 3
247916 0 235 3 2
248441 0 235 3 4
253547 0 235 3 0
253550 0 235 3 0
254392 0 235 3 1
254395 0 235 3 1
255712 0 235 3 3
308234 0 235 3 3
308557 0 235 3 1
308560 0 235 3 1
308561 0 235 3 1
378327 1 235 3 1
378328 1 235 3 1
378828 0 235 3 3
418011 0 235 3 3
434009 0 235 3 0
434010 0 235 3 0
434497 1 235 3 1
434744 0 235 3 1
434745 0 235 3 1
476566 1 235 3 2
539338 0 235 3 3
560823 0 235 3 3
562732 0 235 3 3
116160 0 236 3 1
116162 0 236 3 1
116701 0 236 3 1
116704 0 236 3 1
212559 0 236 3 1
253856 0 236 3 1
308407 0 236 3 3
308453 0 236 3 3
376872 1 236 3 1
376876 1 236 3 1
377984 0 236 3 1
377986 0 236 3 1
432529 0 236 3 1
432530 0 236 3 1
435013 0 236 3 3
435578 0 236 3 1
436016 0 236 3 1
436019 0 236 3 1
552828 0 236 3 1
39180 0 237 3 3
39183 0 237 3 3
116508 0 237 3 2
164280 0 237 3 1
164282 0 237 3 1
164284 0 237 3 1
212265 0 237 3 1
212269 0 237 3 1
212499 1 237 3 2
215432 1 237 3 1
314166 0 237 3 4
346637 0 237 3 3
365303 0 237 3 1
376436 0 237 3 1
376437 0 237 3 1
376439 0 237 3 1
376440 0 237 3 1
378164 0 237 3 4
378783 0 237 3 1
435064 0 237 3 1
435066 0 237 3 1
435471 0 237 3 1
435892 1 237 3 1
519198 0 237 3 3
540463 0 237 3 2
560847 1 237 3 1
561106 0 237 3 3
562577 0 237 3 1
47464 0 238 3 3
116516 0 238 3 1
116520 0 238 3 1
116921 0 238 3 3
212264 0 238 3 1
212265 0 238 3 1
212269 0 238 3 1
253996 1 238 3 1
308558 0 238 3 3
308560 0 238 3 3
308561 0 238 3 3
308562 0 238 3 3
308721 0 238 3 2
348394 0 238 3 4
348587 0 238 3 1
348589 0 238 3 1
365810 1 238 3 1
365811 1 238 3 1
365813 1 238 3 1
378453 0 238 3 1
378961 0 238 3 1
429616 0 238 3 1
434300 0 238 3 1
434301 0 238 3 1
434663 0 238 3 1
434665 0 238 3 1
434666 0 238 3 1
435462 0 238 3 2
435794 0 238 3 1
435795 0 238 3 1
436009 0 238 3 3
496976 0 238 3 3
560843 0 238 3 1
562559 0 238 3 3
562561 0 238 3 3
562569 0 238 3 3
563400 0 238 3 3
115924 0 239 3 1
116052 0 239 3 3
215924 0 239 3 4
365372 0 239 3 0
365373 0 239 3 0
116179 1 240 3 0
116227 0 240 3 1
116231 0 240 3 1
116232 0 240 3 1
211236 0 240 3 2
253854 1 240 3 3
253856 1 240 3 3
254099 0 240 3 1
255487 0 240 3 1
255489 0 240 3 1
255490 0 240 3 1
255486 0 240 3 3
255490 0 240 3 3
307394 0 240 3 1
307395 0 240 3 1
309085 0 240 3 0
309086 0 240 3 0
331145 0 240 3 1
348662 0 240 3 4
349724 0 240 3 3
349725 0 240 3 3
365812 0 240 3 1
365815 0 240 3 1
377580 0 240 3 3
378452 1 240 3 2
406465 0 240 3 3
435738 0 240 3 4
490604 0 240 3 3
112615 0 241 3 3
112616 0 241 3 3
116361 0 241 3 2
116701 0 241 3 3
117280 1 241 3 1
212052 0 241 3 1
253853 0 241 3 3
308360 1 241 3 3
331595 0 241 3 1
331597 0 241 3 1
349538 0 241 3 3
349540 0 241 3 3
350109 0 241 3 1
350110 0 241 3 1
365371 0 241 3 3
418759 0 241 3 1
418761 0 241 3 1
418763 0 241 3 1
418764 0 241 3 1
446388 0 241 3 3
446391 0 241 3 3
561106 0 241 3 3
561109 0 241 3 3
116229 0 242 3 1
116231 0 242 3 1
211106 0 242 3 1
226569 0 242 3 1
246967 0 242 3 4
308321 1 242 3 1
308325 1 242 3 1
331594 0 242 3 1
331595 0 242 3 1
331598 0 242 3 1
348936 1 242 3 1
348937 1 242 3 1
377945 0 242 3 1
377947 0 242 3 1
377948 0 242 3 1
378018 0 242 3 1
378765 0 242 3 3
434680 0 242 3 3
434681 0 242 3 3
446390 0 242 3 1
446391 0 242 3 1
446392 0 242 3 1
446393 0 242 3 1
446394 0 242 3 1
562442 0 242 3 1
562443 0 242 3 1
562569 0 242 3 3
563420 0 242 3 1
563419 0 242 3 3
563420 0 242 3 3
41944 0 243 3 3
41946 0 243 3 3
226142 0 243 3 1
226144 0 243 3 1
254391 1 243 3 1
254392 1 243 3 1
254394 1 243 3 1
330358 0 243 3 3
330359 0 243 3 3
330360 0 243 3 3
348299 0 243 3 2
349575 0 243 3 1
349578 0 243 3 1
375116 1 243 3 1
434745 0 243 3 1
507223 0 243 3 3
507224 0 243 3 3
507226 0 243 3 3
562364 0 243 3 1
563307 0 243 3 4
93621 1 244 3 3
117525 1 244 3 1
117529 1 244 3 1
225994 0 244 3 1
226570 0 244 3 1
226573 0 244 3 1
226575 0 244 3 1
349723 0 244 3 1
375124 1 244 3 1
434412 0 244 3 1
434610 0 244 3 1
434611 0 244 3 1
435500 0 244 3 3
435501 0 244 3 3
435503 0 244 3 3
12689 0 245 3 3
117570 0 245 3 1
117572 0 245 3 1
117573 0 245 3 1
211863 1 245 3 1
211864 1 245 3 1
212139 0 245 3 1
253937 0 245 3 1
253940 0 245 3 1
280604 0 245 3 2
308900 1 245 3 1
308901 1 245 3 1
308902 1 245 3 1
309343 0 245 3 1
365531 0 245 3 1
365533 0 245 3 1
365534 0 245 3 1
376436 1 245 3 1
376945 0 245 3 2
378123 0 245 3 1
118284 0 246 3 3
225996 0 246 3 3
226573 0 246 3 3
226868 0 246 3 1
226869 0 246 3 1
226939 0 246 3 1
247173 0 246 3 3
247559 0 246 3 1
247560 0 246 3 1
270760 0 246 3 1
308075 1 246 3 3
308307 0 246 3 1
331334 0 246 3 1
331336 0 246 3 1
348566 1 246 3 1
348570 1 246 3 1
365810 0 246 3 0
366857 0 246 3 1
366858 0 246 3 1
378634 1 246 3 1
418272 0 246 3 1
432708 0 246 3 1
446389 0 246 3 1
446392 0 246 3 1
446393 0 246 3 1
506036 0 246 3 1
506041 0 246 3 1
95783 0 247 3 1
95786 0 247 3 1
256714 0 247 3 3
307521 1 247 3 1
307522 1 247 3 1
365375 0 247 3 4
377348 0 247 3 1
377351 0 247 3 1
378841 0 247 3 1
418025 0 247 3 1
418027 0 247 3 1
418684 0 247 3 1
434617 0 247 3 1
434621 0 247 3 1
561793 0 247 3 3
94000 0 248 3 1
117525 0 248 3 3
117526 0 248 3 3
225827 0 248 3 1
225828 0 248 3 1
225829 0 248 3 1
227233 0 248 3 1
227397 0 248 3 4
254306 0 248 3 2
254308 0 248 3 2
270758 1 248 3 1
270759 1 248 3 1
271567 0 248 3 1
308915 0 248 3 1
309262 0 248 3 1
365209 0 248 3 1
378874 0 248 3 1
434621 0 248 3 1
506585 0 248 3 3
511531 0 248 3 0
12690 1 249 3 3
115920 1 249 3 1
116236 1 249 3 2
117237 0 249 3 1
117239 0 249 3 1
117242 0 249 3 2
117244 0 249 3 2
212227 0 249 3 1
226570 0 249 3 3
254708 1 249 3 1
270761 0 249 3 1
270762 0 249 3 1
307519 0 249 3 1
308058 1 249 3 1
308059 1 249 3 1
308901 0 249 3 3
348325 1 249 3 0
348326 1 249 3 0
366294 0 249 3 1
366295 0 249 3 1
378632 0 249 3 1
378631 0 249 3 3
378632 0 249 3 3
378873 0 249 3 1
418668 0 249 3 1
418671 0 249 3 1
561124 0 249 3 3
211314 0 250 3 1
211316 0 250 3 1
211374 1 250 3 1
212137 0 250 3 3
212138 0 250 3 3
226015 0 250 3 1
226017 0 250 3 1
226019 0 250 3 1
227390 0 250 3 0
227392 0 250 3 0
227393 0 250 3 0
227422 1 250 3 1
228053 0 250 3 0
228055 0 250 3 0
254346 0 250 3 1
254349 0 250 3 1
255302 0 250 3 1
270760 0 250 3 1
365214 0 250 3 0
377551 1 250 3 1
417511 0 250 3 1
417512 0 250 3 1
418296 1 250 3 1
418682 0 250 3 1
116347 0 251 3 1
116349 0 251 3 1
116591 1 251 3 1
116592 1 251 3 1
117169 0 251 3 1
117540 0 251 3 1
117541 0 251 3 1
211861 0 251 3 1
211864 0 251 3 1
211862 1 251 3 3
211863 1 251 3 3
227052 0 251 3 1
227053 0 251 3 3
227054 0 251 3 3
227773 1 251 3 1
254796 0 251 3 3
254798 0 251 3 3
365302 0 251 3 1
417957 0 251 3 1
511533 1 251 3 0
511535 1 251 3 0
213621 0 252 3 3
213622 0 252 3 3
213623 0 252 3 3
226115 0 252 3 2
227053 0 252 3 3
227054 0 252 3 3
227244 0 252 3 1
254794 1 252 3 1
254798 1 252 3 1
255217 0 252 3 1
255220 0 252 3 1
255523 0 252 3 3
308068 0 252 3 1
308071 0 252 3 1
308348 0 252 3 1
308349 0 252 3 1
308350 0 252 3 1
365531 0 252 3 3
377949 0 252 3 1
377950 0 252 3 1
377953 0 252 3 1
378144 0 252 3 1
434626 0 252 3 3
434628 0 252 3 3
100695 0 253 3 3
117542 0 253 3 1
117543 0 253 3 1
117545 0 253 3 1
212229 0 253 3 1
226870 0 253 3 1
227159 1 253 3 0
227160 1 253 3 0
227234 0 253 3 3
254173 0 253 3 1
254419 0 253 3 1
254420 0 253 3 1
255078 0 253 3 1
271574 1 253 3 1
307518 0 253 3 3
365351 0 253 3 1
366127 0 253 3 2
378635 0 253 3 3
378638 0 253 3 3
418187 0 253 3 2
95426 0 254 3 1
95427 0 254 3 1
116377 1 254 3 1
116380 0 254 3 3
117009 0 254 3 1
180101 0 254 3 3
211945 1 254 3 1
226023 0 254 3 1
247450 1 254 3 1
247452 1 254 3 1
253936 0 254 3 3
253939 0 254 3 3
253941 0 254 3 3
255523 1 254 3 1
378632 0 254 3 0
418584 0 254 3 1
418985 0 254 3 4
434022 0 254 3 3
434023 0 254 3 3
434025 0 254 3 3
153775 0 255 3 1
153779 0 255 3 1
181474 0 255 3 1
212235 0 255 3 1
247212 1 255 3 1
264783 0 255 3 2
348255 0 255 3 1
348256 0 255 3 1
348325 0 255 3 3
353687 0 255 3 3
365349 1 255 3 3
365350 1 255 3 3
418298 0 255 3 1
555265 0 255 3 0
555266 0 255 3 0
95660 0 256 3 1
95662 0 256 3 1
96295 0 256 3 1
96296 0 256 3 1
225927 1 256 3 2
247508 0 256 3 3
247510 0 256 3 3
308345 0 256 3 3
348323 0 256 3 3
348324 0 256 3 3
366728 0 256 3 2
366729 0 256 3 2
377696 0 256 3 1
377697 0 256 3 1
377700 0 256 3 1
417947 0 256 3 1
418590 0 256 3 1
418591 0 256 3 1
418593 0 256 3 1
435376 0 256 3 1
435576 0 256 3 1
96086 1 257 3 4
96319 1 257 3 1
96321 1 257 3 1
115920 0 257 3 3
115921 0 257 3 3
117580 0 257 3 1
157119 0 257 3 3
196052 0 257 3 3
196053 0 257 3 3
212599 0 257 3 1
226020 1 257 3 1
226022 1 257 3 1
226024 1 257 3 1
226025 1 257 3 1
226021 0 257 3 3
226678 0 257 3 1
226680 0 257 3 1
226682 0 257 3 1
226679 0 257 3 2
227234 0 257 3 3
247380 1 257 3 1
253738 0 257 3 1
308395 0 257 3 1
309361 0 257 3 1
377225 0 257 3 0
417506 1 257 3 1
418932 0 257 3 4
552721 0 257 3 3
117146 0 258 3 1
117148 0 258 3 1
117149 0 258 3 1
153428 1 258 3 1
153429 1 258 3 1
184305 0 258 3 3
226955 0 258 3 1
253707 0 258 3 1
253708 0 258 3 1
253709 0 258 3 1
254156 0 258 3 1
308067 0 258 3 3
378361 0 258 3 1
378362 0 258 3 1
378366 0 258 3 1
417923 0 258 3 1
417924 0 258 3 1
418195 0 258 3 1
418197 0 258 3 1
418199 0 258 3 1
418668 0 258 3 3
434698 0 258 3 1
434699 0 258 3 1
95433 0 259 3 1
96216 0 259 3 1
96218 0 259 3 1
96320 0 259 3 1
96323 0 259 3 1
96467 0 259 3 1
96468 0 259 3 1
212240 1 259 3 1
212242 0 259 3 3
226778 0 259 3 3
226953 1 259 3 1
226954 1 259 3 1
226956 1 259 3 1
247139 1 259 3 1
247594 0 259 3 1
247595 0 259 3 1
254251 0 259 3 1
254420 0 259 3 3
308779 0 259 3 1
418592 0 259 3 1
418670 1 259 3 1
418671 1 259 3 1
418672 1 259 3 1
94923 0 260 3 1
95994 0 260 3 1
96049 1 260 3 1
96218 0 260 3 1
96219 0 260 3 1
96220 0 260 3 1
96322 0 260 3 1
115837 0 260 3 3
180547 0 260 3 1
180550 0 260 3 1
180572 1 260 3 1
211984 0 260 3 1
247411 0 260 3 1
247412 0 260 3 1
247960 0 260 3 1
253678 0 260 3 3
253680 0 260 3 3
254731 0 260 3 0
255253 1 260 3 1
348183 1 260 3 1
349793 0 260 3 3
377226 0 260 3 0
379065 0 260 3 1
418960 0 260 3 1
418963 0 260 3 1
435276 0 260 3 3
96090 0 261 3 2
96224 0 261 3 4
155413 0 261 3 1
180791 0 261 3 1
180793 0 261 3 1
226678 0 261 3 1
226681 0 261 3 1
227162 0 261 3 0
247594 0 261 3 1
248402 0 261 3 1
254419 0 261 3 1
254422 0 261 3 1
254424 0 261 3 1
255635 0 261 3 1
307852 0 261 3 2
307855 0 261 3 2
358065 0 261 3 3
358066 0 261 3 3
377702 0 261 3 0
377704 0 261 3 0
378251 1 261 3 1
378252 1 261 3 1
378361 0 261 3 1
378366 0 261 3 1
378367 0 261 3 1
418863 0 261 3 3
56995 0 262 3 3
56997 0 262 3 3
95684 1 262 3 1
95688 1 262 3 1
153478 0 262 3 3
247380 1 262 3 3
247381 1 262 3 3
349204 0 262 3 1
349930 1 262 3 1
418971 0 262 3 1
418973 0 262 3 1
419125 0 262 3 3
419126 0 262 3 3
419128 0 262 3 3
419912 0 262 3 2
419913 0 262 3 2
422805 0 262 3 3
422806 0 262 3 3
422808 0 262 3 3
446049 1 262 3 3
446051 1 262 3 3
511712 1 262 3 3
117451 0 263 3 1
117453 0 263 3 1
180903 0 263 3 4
226025 0 263 3 0
247713 0 263 3 1
248231 1 263 3 1
248324 0 263 3 1
248636 0 263 3 1
248637 0 263 3 1
248638 0 263 3 1
348411 0 263 3 1
435187 0 263 3 1
435192 0 263 3 1
521926 0 263 3 3
95683 0 264 3 3
95685 0 264 3 3
95686 0 264 3 3
96467 1 264 3 3
154515 0 264 3 1
154517 0 264 3 1
154518 0 264 3 1
180572 0 264 3 3
196054 1 264 3 1
263361 0 264 3 2
349540 0 264 3 1
379032 1 264 3 1
379033 1 264 3 1
417585 0 264 3 1
418961 0 264 3 0
95683 1 265 3 1
95688 1 265 3 1
96097 0 265 3 1
96101 0 265 3 1
153686 0 265 3 4
153908 0 265 3 3
153909 0 265 3 3
244724 0 265 3 3
247243 0 265 3 3
247244 0 265 3 3
247245 0 265 3 3
247247 0 265 3 3
247249 0 265 3 3
248232 1 265 3 1
254376 0 265 3 0
255938 0 265 3 3
385273 0 265 3 2
385277 0 265 3 2
420425 1 265 3 3
39094 0 266 3 3
95449 0 266 3 1
95450 0 266 3 1
95451 0 266 3 1
96369 0 266 3 1
153678 0 266 3 1
153855 0 266 3 1
153902 0 266 3 2
159856 1 266 3 3
201070 0 266 3 3
203581 0 266 3 2
203584 0 266 3 2
211765 0 266 3 1
211768 0 266 3 1
226125 1 266 3 0
226126 1 266 3 0
226336 0 266 3 3
246987 0 266 3 3
247503 0 266 3 1
247505 0 266 3 1
255255 0 266 3 3
255256 0 266 3 3
255388 0 266 3 1
305441 0 266 3 2
305442 0 266 3 2
348415 1 266 3 0
348417 1 266 3 0
377223 0 266 3 2
379024 0 266 3 4
419126 0 266 3 1
419128 0 266 3 1
504291 0 266 3 3
30298 0 267 3 3
95877 1 267 3 1
95881 1 267 3 1
96193 0 267 3 1
96194 0 267 3 1
96273 0 267 3 1
96277 0 267 3 1
96278 0 267 3 1
96279 0 267 3 1
247712 0 267 3 3
248133 0 267 3 1
248134 0 267 3 1
248351 0 267 3 1
254610 0 267 3 1
254612 0 267 3 1
348556 0 267 3 1
419125 1 267 3 3
95922 0 268 3 4
154518 0 268 3 1
247143 0 268 3 1
248323 1 268 3 1
248324 1 268 3 1
434319 0 268 3 1
434322 0 268 3 1
434324 0 268 3 1
39101 1 269 3 1
155056 1 269 3 1
203352 0 269 3 3
203355 0 269 3 3
253687 0 269 3 1
255611 1 269 3 3
308870 0 269 3 3
95580 0 270 3 3
96278 0 270 3 1
96277 0 270 3 3
203085 0 270 3 1
227195 0 270 3 0
227668 1 270 3 1
317210 1 270 3 3
317212 1 270 3 3
317213 1 270 3 3
317215 1 270 3 3
95878 0 271 3 3
95880 0 271 3 3
96193 1 271 3 3
96195 1 271 3 3
117508 0 271 3 1
153210 0 271 3 1
153214 0 271 3 1
154517 0 271 3 1
154518 0 271 3 1
255692 1 271 3 3
377549 0 271 3 1
379014 0 271 3 1
434791 1 271 3 0
153965 0 272 3 2
155521 0 272 3 3
155522 0 272 3 3
159859 1 272 3 1
247067 0 272 3 2
254279 0 272 3 1
348290 0 272 3 1
377547 0 272 3 1
378791 1 272 3 1
38184 0 273 3 1
38187 0 273 3 1
48421 0 273 3 2
48423 0 273 3 2
95355 0 273 3 1
95629 0 273 3 3
95632 0 273 3 3
203178 0 273 3 1
203181 0 273 3 1
203578 0 273 3 1
247130 0 273 3 3
253686 0 273 3 3
29549 0 274 3 2
95405 0 274 3 3
254278 1 274 3 3
349173 1 274 3 3
418958 0 274 3 3
434319 0 274 3 1
95633 0 275 3 1
96276 1 275 3 1
153996 0 275 3 1
225893 0 275 3 3
348289 1 275 3 3
377549 1 275 3 1
377550 1 275 3 1
377551 1 275 3 1
377552 1 275 3 1
418951 0 275 3 3
22013 0 276 3 3
22014 0 276 3 3
38421 0 276 3 3
96500 0 276 3 1
96501 0 276 3 1
203359 0 276 3 1
203854 1 276 3 1
224983 0 276 3 1
224985 0 276 3 1
224987 0 276 3 1
247068 1 276 3 3
330397 1 276 3 3
348568 0 276 3 1
348570 0 276 3 1
377513 0 276 3 1
377516 0 276 3 1
385781 0 276 3 2
38184 0 277 3 1
38187 0 277 3 1
38186 0 277 3 1
95630 0 277 3 1
95631 0 277 3 1
95634 0 277 3 1
106261 0 277 3 3
203154 0 277 3 3
203156 0 277 3 3
203178 0 277 3 2
203181 0 277 3 2
203603 0 277 3 0
203605 0 277 3 0
227555 0 277 3 1
253509 0 277 3 3
348605 1 277 3 1
348987 0 277 3 1
349607 0 277 3 1
402500 0 277 3 3
522180 0 277 3 0
522182 0 277 3 0
38210 0 278 3 0
95624 0 278 3 3
154718 0 278 3 1
227417 0 278 3 1
227418 0 278 3 1
227420 0 278 3 1
227497 0 278 3 1
293008 0 278 3 3
349372 0 278 3 1
378397 0 278 3 1
378399 0 278 3 1
418952 0 278 3 3
418953 0 278 3 3
28519 0 279 3 1
37560 0 279 3 1
57686 0 279 3 1
155531 0 279 3 2
201968 0 279 3 1
203012 0 279 3 1
203014 0 279 3 1
227193 0 279 3 3
227194 0 279 3 3
227195 0 279 3 3
227197 0 279 3 3
264962 0 279 3 3
302652 1 279 3 3
302653 1 279 3 3
348287 0 279 3 3
349328 1 279 3 1
349331 1 279 3 1
349332 1 279 3 1
349333 1 279 3 1
37888 0 280 3 1
56945 0 280 3 1
56946 0 280 3 1
95868 0 280 3 4
154729 1 280 3 1
154732 1 280 3 1
203014 1 280 3 1
224989 0 280 3 1
253591 1 280 3 1
253973 1 280 3 2
348979 0 280 3 3
349144 0 280 3 1
349147 0 280 3 1
349447 0 280 3 3
349706 0 280 3 2
39094 0 281 3 1
39096 0 281 3 1
39097 0 281 3 1
96214 0 281 3 3
203179 0 281 3 3
348949 0 281 3 1
377579 0 281 3 1
450301 0 281 3 1
37868 0 282 3 0
38203 0 282 3 2
38205 0 282 3 2
95739 1 282 3 1
155440 1 282 3 1
348028 0 282 3 3
348029 0 282 3 3
348251 0 282 3 1
348603 0 282 3 3
356722 0 282 3 1
356728 0 282 3 1
378657 0 282 3 3
401743 0 282 3 4
493059 0 282 3 3
57307 0 283 3 1
57308 0 283 3 1
57310 0 283 3 1
57311 0 283 3 1
57684 1 283 3 1
57688 1 283 3 1
96498 0 283 3 1
96501 0 283 3 1
96502 0 283 3 1
96503 0 283 3 1
201967 1 283 3 1
201969 1 283 3 1
201971 1 283 3 1
201972 1 283 3 1
224612 0 283 3 1
224613 0 283 3 1
460002 1 283 3 1
460003 1 283 3 1
95735 0 284 3 3
96498 1 284 3 1
96503 1 284 3 1
153956 0 284 3 1
223745 0 284 3 1
225345 0 284 3 1
292152 0 284 3 1
377585 0 284 3 2
37474 0 285 3 1
154452 0 285 3 1
155198 0 285 3 1
155204 0 285 3 1
262826 0 285 3 1
292987 1 285 3 1
348025 1 285 3 3
348029 0 285 3 3
348032 0 285 3 3
348704 0 285 3 1
348718 0 285 3 1
348719 0 285 3 1
348723 0 285 3 1
57537 0 286 3 1
96483 0 286 3 1
96485 0 286 3 1
155340 0 286 3 1
195112 1 286 3 1
195308 0 286 3 3
195310 0 286 3 3
203011 0 286 3 1
223746 0 286 3 3
223747 0 286 3 3
293063 1 286 3 1
293064 1 286 3 1
293066 1 286 3 1
293067 1 286 3 1
293068 1 286 3 1
348629 0 286 3 1
348633 0 286 3 1
37612 0 287 3 3
37761 0 287 3 1
38314 0 287 3 1
38315 0 287 3 1
134874 0 287 3 3
148569 1 287 3 3
148571 1 287 3 3
154554 0 287 3 1
154555 0 287 3 1
155109 0 287 3 1
225228 0 287 3 1
348038 0 287 3 4
348734 1 287 3 1
460006 0 287 3 3
39128 0 288 3 1
57311 0 288 3 3
155478 1 288 3 1
161182 0 288 3 3
161183 0 288 3 3
195081 1 288 3 1
195083 1 288 3 1
196711 0 288 3 0
196712 0 288 3 0
196713 0 288 3 0
223747 0 288 3 1
223749 0 288 3 1
292990 0 288 3 0
346835 0 288 3 2
348243 0 288 3 1
348247 0 288 3 1
402046 0 288 3 3
411693 0 288 3 3
39408 0 289 3 1
154018 0 289 3 3
154996 0 289 3 3
155198 0 289 3 1
155202 0 289 3 1
155204 0 289 3 1
195191 1 289 3 0
195192 1 289 3 0
203784 0 289 3 1
203788 0 289 3 1
291385 0 289 3 1
349806 0 289 3 1
433787 0 289 3 0
155109 0 290 3 3
224559 0 290 3 1
224560 0 290 3 1
224562 0 290 3 1
348389 1 290 3 1
348732 0 290 3 1
348733 0 290 3 1
348734 0 290 3 1
349654 1 290 3 1
349976 0 290 3 2
402279 0 290 3 1
39130 0 291 3 1
154729 1 291 3 1
155114 0 291 3 3
194739 0 291 3 3
195308 0 291 3 1
203537 0 291 3 1
203538 0 291 3 1
348722 0 291 3 0
349384 1 291 3 3
356722 0 291 3 1
356723 0 291 3 1
357630 0 291 3 1
402877 0 291 3 1
402882 0 291 3 1
433783 0 291 3 1
161185 0 292 3 1
195597 1 292 3 1
195599 1 292 3 1
203916 0 292 3 1
264499 0 292 3 1
264504 0 292 3 1
57933 0 293 3 3
154133 0 293 3 1
154134 0 293 3 1
161184 0 293 3 3
203872 0 293 3 1
203874 0 293 3 1
203875 0 293 3 1
233972 0 293 3 3
261028 0 293 3 3
292881 0 293 3 3
349915 0 293 3 1
349917 0 293 3 1
349976 0 293 3 3
402877 0 293 3 1
402883 0 293 3 1
195309 0 294 3 0
195311 0 294 3 0
263151 0 294 3 3
356724 0 294 3 3
356728 0 294 3 3
357923 0 294 3 1
401891 0 294 3 1
402826 0 294 3 1
402829 0 294 3 1
432980 0 294 3 1
432983 0 294 3 1
194789 0 295 3 1
264524 0 295 3 1
402073 0 295 3 1
402882 0 295 3 3
403091 0 295 3 1
403096 0 295 3 1
432021 0 295 3 3
432023 0 295 3 3
38842 1 296 3 3
39493 0 296 3 1
159538 1 296 3 3
196083 0 296 3 1
196745 0 296 3 1
196746 0 296 3 1
202241 0 296 3 1
202244 0 296 3 1
264073 0 296 3 1
264075 0 296 3 1
402376 0 296 3 1
130409 0 297 3 3
131999 0 297 3 3
153279 1 297 3 3
155363 0 297 3 1
155364 0 297 3 1
155435 0 297 3 4
225230 0 297 3 1
265030 1 297 3 1
348448 1 297 3 1
401958 0 297 3 1
401960 0 297 3 1
402651 0 297 3 1
402652 0 297 3 1
431958 0 297 3 1
38241 0 298 3 1
39418 0 298 3 1
39419 0 298 3 1
39422 0 298 3 1
134375 0 298 3 3
134376 0 298 3 3
155246 1 298 3 0
194799 0 298 3 0
194801 0 298 3 0
201899 1 298 3 1
201900 1 298 3 1
262914 0 298 3 1
328685 0 298 3 1
349865 0 298 3 1
349915 0 298 3 2
349918 0 298 3 2
356683 0 298 3 0
401722 0 298 3 1
401730 0 298 3 1
402240 0 298 3 3
402830 0 298 3 2
402832 0 298 3 2
403095 1 298 3 1
39420 0 299 3 0
39422 0 299 3 0
39493 0 299 3 2
39496 0 299 3 2
56698 0 299 3 1
153405 0 299 3 1
155369 0 299 3 0
159804 0 299 3 3
159806 0 299 3 3
225096 1 299 3 1
225099 1 299 3 1
225101 1 299 3 1
316145 0 299 3 2
123253 0 300 3 3
123255 0 300 3 3
159807 0 300 3 0
194840 0 300 3 1
195846 0 300 3 1
202000 0 300 3 1
245279 0 300 3 3
264506 1 300 3 1
264511 1 300 3 1
348241 0 300 3 3
349225 0 300 3 3
433187 1 300 3 1
225024 0 301 3 1
225100 0 301 3 0
225101 0 301 3 0
263182 0 301 3 1
348449 0 301 3 1
402378 0 301 3 3
402637 0 301 3 1
402878 1 301 3 0
402879 1 301 3 0
402881 1 301 3 0
39494 0 302 3 2
39495 0 302 3 2
39497 0 302 3 2
39498 0 302 3 2
68925 0 302 3 3
194841 0 302 3 1
194844 0 302 3 1
194845 0 302 3 3
194951 1 302 3 3
234633 0 302 3 3
262911 0 302 3 1
265639 0 302 3 3
304441 0 302 3 3
348981 1 302 3 1
39471 0 303 3 3
195009 0 303 3 1
195012 0 303 3 1
195013 0 303 3 1
202388 0 303 3 2
343370 0 303 3 3
357580 0 303 3 1
402375 0 303 3 3
402376 0 303 3 3
402377 0 303 3 3
402497 0 303 3 1
402662 0 303 3 1
402663 0 303 3 1
432123 1 303 3 1
432339 0 303 3 1
432342 0 303 3 1
432535 0 303 3 1
482991 0 303 3 3
39114 0 304 3 1
39115 0 304 3 1
56692 0 304 3 3
68922 0 304 3 1
68923 0 304 3 1
99655 1 304 3 3
196857 0 304 3 1
196860 0 304 3 1
196861 0 304 3 1
196950 0 304 3 1
257594 0 304 3 3
257595 0 304 3 3
264384 0 304 3 0
310068 0 304 3 3
401437 0 304 3 3
431877 0 304 3 1
432341 0 304 3 3
433141 1 304 3 0
433143 1 304 3 0
57642 0 305 3 1
57643 0 305 3 1
57644 0 305 3 1
148638 0 305 3 3
218492 0 305 3 3
224937 0 305 3 1
246317 1 305 3 2
263514 0 305 3 2
263518 0 305 3 2
298986 0 305 3 3
402822 0 305 3 2
402824 0 305 3 2
402825 0 305 3 2
432406 0 305 3 2
432407 0 305 3 2
56844 0 306 3 1
58097 0 306 3 1
58098 0 306 3 1
58101 0 306 3 1
68920 0 306 3 3
174418 0 306 3 2
224134 1 306 3 1
224135 1 306 3 1
224366 0 306 3 1
232223 0 306 3 1
232227 0 306 3 1
304448 0 306 3 4
402058 0 306 3 4
432408 0 306 3 2
432409 0 306 3 2
536106 0 306 3 3
58159 0 307 3 2
58160 0 307 3 2
58165 0 307 3 2
87369 0 307 3 1
87471 0 307 3 1
87474 0 307 3 1
194843 0 307 3 1
194845 0 307 3 1
201826 1 307 3 1
224364 1 307 3 1
224366 1 307 3 1
225101 0 307 3 2
349862 0 307 3 1
433446 0 307 3 1
33083 0 308 3 3
38573 1 308 3 1
39112 0 308 3 0
57335 0 308 3 3
57336 0 308 3 3
58515 0 308 3 1
58517 0 308 3 1
194839 0 308 3 2
194844 0 308 3 2
272579 0 308 3 3
281354 0 308 3 2
349859 0 308 3 1
349862 0 308 3 1
403001 1 308 3 3
433204 0 308 3 1
433206 0 308 3 1
433207 0 308 3 1
56472 0 309 3 1
161062 0 309 3 3
161064 0 309 3 3
196952 1 309 3 0
202180 0 309 3 1
230545 0 309 3 1
264940 0 309 3 1
298990 0 309 3 3
433480 0 309 3 1
433835 0 309 3 1
433836 0 309 3 1
433837 0 309 3 1
44395 0 310 3 3
57180 0 310 3 4
58177 1 310 3 1
195004 0 310 3 1
195828 1 310 3 3
196858 0 310 3 0
224134 1 310 3 0
232378 0 310 3 1
362305 1 310 3 2
362306 1 310 3 2
402823 1 310 3 3
402824 1 310 3 3
433793 0 310 3 1
37821 0 311 3 1
37822 0 311 3 1
37823 0 311 3 1
86368 0 311 3 1
86369 0 311 3 1
174414 0 311 3 2
174418 0 311 3 2
196594 0 311 3 3
224751 1 311 3 1
224754 1 311 3 1
224861 0 311 3 1
231048 0 311 3 2
232038 0 311 3 1
232039 0 311 3 1
232041 0 311 3 1
264939 0 311 3 1
285469 0 311 3 3
433374 0 311 3 3
433376 0 311 3 3
433377 0 311 3 3
433446 1 311 3 1
433448 1 311 3 1
499815 0 311 3 1
518299 0 311 3 3
38231 0 312 3 1
38233 0 312 3 1
61721 0 312 3 2
82246 0 312 3 1
87172 0 312 3 3
209282 0 312 3 3
223828 0 312 3 1
223830 0 312 3 1
223831 0 312 3 1
224705 0 312 3 3
224707 0 312 3 3
224736 0 312 3 1
224738 0 312 3 1
224741 0 312 3 1
224736 0 312 3 1
224739 0 312 3 1
224740 0 312 3 1
292336 0 312 3 2
403001 0 312 3 2
403002 0 312 3 2
432436 0 312 3 3
433617 1 312 3 1
433621 1 312 3 1
56631 0 313 3 1
56632 0 313 3 1
56636 0 313 3 1
176208 0 313 3 3
223600 0 313 3 1
223602 0 313 3 1
225203 0 313 3 3
225204 0 313 3 3
225419 0 313 3 1
225420 0 313 3 1
225422 0 313 3 1
225423 0 313 3 1
225424 0 313 3 1
230124 0 313 3 1
402108 0 313 3 1
402469 0 313 3 1
86966 0 314 3 1
86967 0 314 3 1
197097 0 314 3 1
224754 0 314 3 1
225143 0 314 3 1
264939 0 314 3 3
321996 0 314 3 3
431984 0 314 3 0
433174 0 314 3 1
433217 0 314 3 3
433792 0 314 3 4
433793 0 314 3 4
558701 0 314 3 3
86786 0 315 3 1
133825 0 315 3 3
174423 0 315 3 3
196692 0 315 3 1
223602 1 315 3 1
224233 0 315 3 3
224234 0 315 3 3
224725 0 315 3 1
224727 0 315 3 1
231564 0 315 3 4
285467 0 315 3 0
97042 1 316 3 3
238827 0 316 3 2
37818 0 317 3 3
37824 0 317 3 3
223599 0 317 3 3
224483 0 317 3 3
224485 0 317 3 3
224852 0 317 3 1
349309 0 317 3 3
35039 0 318 3 3
56630 0 318 3 1
56631 0 318 3 1
56633 0 318 3 1
82484 0 318 3 1
86504 0 318 3 1
86505 0 318 3 1
87382 0 318 3 1
97041 0 318 3 1
158875 0 318 3 3
194741 0 318 3 1
232247 0 318 3 3
263958 0 318 3 1
263959 0 318 3 1
263960 0 318 3 1
428927 1 318 3 1
432982 0 318 3 1
433618 0 318 3 2
433622 0 318 3 2
433623 0 318 3 2
26543 0 319 3 3
38450 0 319 3 3
81105 0 319 3 1
81106 0 319 3 1
86702 0 319 3 1
224983 0 319 3 3
224985 0 319 3 3
230930 1 319 3 1
402107 0 319 3 1
481392 1 319 3 3
559127 0 319 3 3
81506 1 320 3 0
82240 0 320 3 1
98431 0 320 3 3
159537 0 320 3 3
175981 0 320 3 2
231877 0 320 3 1
231878 0 320 3 1
231874 0 320 3 1
231876 0 320 3 1
231879 0 320 3 1
263960 1 320 3 1
263961 1 320 3 1
263962 1 320 3 1
312847 0 320 3 3
423902 0 320 3 3
519614 0 320 3 3
81218 0 321 3 1
86428 0 321 3 1
96070 0 321 3 3
135377 0 321 3 2
263957 1 321 3 1
264395 0 321 3 1
283588 0 321 3 3
325670 0 321 3 2
61718 0 322 3 2
61721 0 322 3 2
81565 0 322 3 1
86358 0 322 3 0
86359 0 322 3 0
86473 1 322 3 0
86476 1 322 3 0
194794 0 322 3 3
213263 0 322 3 1
213266 0 322 3 1
224552 0 322 3 1
263959 1 322 3 1
263960 1 322 3 1
263962 1 322 3 1
81567 0 323 3 1
81569 0 323 3 1
81567 0 323 3 3
81569 0 323 3 3
195447 0 323 3 1
196720 0 323 3 1
196721 0 323 3 1
231874 0 323 3 1
231875 0 323 3 1
231879 0 323 3 3
232198 0 323 3 1
232199 0 323 3 1
232200 0 323 3 1
402298 0 323 3 1
38882 0 324 3 1
57648 0 324 3 1
81505 0 324 3 3
196531 0 324 3 2
213649 0 324 3 1
213651 0 324 3 1
213652 0 324 3 1
214169 0 324 3 3
214170 0 324 3 3
349306 0 324 3 3
349307 0 324 3 3
422132 0 324 3 2
81023 0 325 3 1
81239 1 325 3 1
81240 1 325 3 1
81241 1 325 3 1
81709 0 325 3 1
82025 0 325 3 1
82110 0 325 3 1
82111 0 325 3 1
82135 0 325 3 1
82136 0 325 3 1
82137 0 325 3 1
82277 0 325 3 1
82278 0 325 3 1
82279 0 325 3 1
82429 0 325 3 3
82431 0 325 3 3
221519 0 325 3 3
224358 0 325 3 1
231022 1 325 3 1
57641 0 326 3 3
61716 0 326 3 1
61721 0 326 3 1
61722 0 326 3 1
194812 1 326 3 1
194814 1 326 3 1
195757 0 326 3 1
224443 1 326 3 1
224854 0 326 3 2
231619 0 326 3 1
56632 0 327 3 1
56633 0 327 3 1
56636 0 327 3 1
81023 0 327 3 3
81422 0 327 3 1
87167 0 327 3 3
180355 0 327 3 3
195021 0 327 3 1
195024 0 327 3 1
230788 1 327 3 1
230791 1 327 3 1
232067 0 327 3 1
349942 0 327 3 1
349944 0 327 3 1
402967 0 327 3 1
477470 0 327 3 3
81282 0 328 3 1
81283 0 328 3 1
81281 0 328 3 3
81283 0 328 3 3
194812 0 328 3 3
225241 0 328 3 1
225244 0 328 3 1
230856 0 328 3 3
230857 0 328 3 3
230858 0 328 3 3
402435 1 328 3 1
81133 0 329 3 1
81279 0 329 3 3
81281 0 329 3 3
82026 0 329 3 1
82276 0 329 3 0
89567 0 329 3 2
223904 0 329 3 1
223905 0 329 3 1
230564 1 329 3 1
230566 1 329 3 1
231406 0 329 3 1
232477 0 329 3 1
506874 1 329 3 2
41637 0 330 3 2
41638 0 330 3 2
46032 0 330 3 3
196178 0 330 3 1
224444 0 330 3 0
389666 0 330 3 1
29099 1 331 3 1
29100 1 331 3 1
29409 0 331 3 1
81577 1 331 3 0
81789 0 331 3 1
81792 0 331 3 1
82309 0 331 3 3
262081 0 331 3 1
342106 0 331 3 3
349341 1 331 3 0
352943 0 331 3 2
401602 0 331 3 1
402968 1 331 3 1
81880 1 332 3 0
82265 0 332 3 3
82267 0 332 3 3
82268 0 332 3 3
86047 1 332 3 3
86278 0 332 3 1
131661 1 332 3 3
213624 1 332 3 1
230703 0 332 3 3
230704 0 332 3 3
231907 0 332 3 1
249149 0 332 3 1
249150 0 332 3 1
349341 0 332 3 3
402462 0 332 3 3
29097 0 333 3 0
29099 0 333 3 0
29100 0 333 3 0
82119 0 333 3 1
82309 0 333 3 3
82311 0 333 3 3
86467 0 333 3 3
97111 0 333 3 1
196099 0 333 3 1
196100 0 333 3 1
196177 0 333 3 3
196178 0 333 3 3
196191 0 333 3 1
224440 1 333 3 1
224442 1 333 3 1
231995 0 333 3 1
232399 1 333 3 1
401844 1 333 3 1
402863 1 333 3 1
403127 0 333 3 1
403128 0 333 3 1
29197 0 334 3 3
29608 0 334 3 3
81133 0 334 3 3
82339 0 334 3 1
82342 0 334 3 1
86942 0 334 3 1
86945 0 334 3 1
86947 0 334 3 1
87268 0 334 3 1
152174 1 334 3 3
152175 1 334 3 3
152177 1 334 3 3
156695 0 334 3 3
156696 0 334 3 3
159570 0 334 3 3
196173 1 334 3 1
196175 1 334 3 1
196176 1 334 3 1
389357 0 334 3 1
389358 0 334 3 1
389361 0 334 3 1
402311 0 334 3 1
81617 0 335 3 1
82575 0 335 3 1
86224 1 335 3 1
86225 1 335 3 1
86226 1 335 3 1
86974 0 335 3 1
87145 0 335 3 1
87146 0 335 3 1
110064 0 335 3 3
195145 0 335 3 3
195170 1 335 3 1
195172 1 335 3 1
195174 1 335 3 1
225316 0 335 3 1
225317 0 335 3 1
342102 0 335 3 2
401693 0 335 3 3
40636 0 336 3 0
86589 1 336 3 0
86928 0 336 3 2
98860 0 336 3 1
98861 0 336 3 1
196507 0 336 3 1
214385 1 336 3 1
225317 0 336 3 1
249218 0 336 3 1
319458 0 336 3 3
390689 0 336 3 1
390691 0 336 3 1
29646 1 337 3 3
81102 1 337 3 1
81106 1 337 3 1
81865 1 337 3 1
81947 0 337 3 1
81949 0 337 3 1
85990 0 337 3 1
86588 0 337 3 0
196187 1 337 3 0
196189 1 337 3 0
196191 1 337 3 0
213279 1 337 3 1
232180 0 337 3 1
249535 0 337 3 1
249536 0 337 3 1
402151 0 337 3 1
402152 0 337 3 1
402697 0 337 3 3
402864 0 337 3 1
528969 0 337 3 3
6855 0 338 3 3
6858 0 338 3 3
65750 0 338 3 3
65751 0 338 3 3
65753 0 338 3 3
81640 1 338 3 1
81644 1 338 3 1
82474 0 338 3 1
85991 0 338 3 1
86006 0 338 3 1
86972 1 338 3 3
86974 1 338 3 3
109018 0 338 3 2
109020 0 338 3 2
195173 0 338 3 3
213200 0 338 3 3
213201 0 338 3 3
230609 1 338 3 3
239350 0 338 3 3
439770 0 338 3 3
31394 0 339 3 2
40725 0 339 3 0
81130 0 339 3 3
81131 0 339 3 3
81623 0 339 3 3
81626 0 339 3 3
86941 1 339 3 1
86942 1 339 3 1
86944 1 339 3 1
86945 1 339 3 1
86947 1 339 3 1
223905 0 339 3 1
230828 0 339 3 1
251127 0 339 3 1
251129 0 339 3 1
318176 0 339 3 3
389358 0 339 3 2
389359 0 339 3 2
389360 0 339 3 2
401840 0 339 3 1
401843 0 339 3 1
401844 0 339 3 1
402082 0 339 3 3
402083 0 339 3 3
402411 0 339 3 3
402412 0 339 3 3
403085 0 339 3 3
403086 0 339 3 3
436857 0 339 3 3
481899 0 339 3 3
81092 0 340 3 1
81093 0 340 3 1
85989 0 340 3 2
85990 0 340 3 2
86053 0 340 3 1
196506 1 340 3 3
196508 1 340 3 3
225315 0 340 3 3
225318 0 340 3 3
251159 0 340 3 1
319457 1 340 3 0
319458 1 340 3 0
389208 1 340 3 1
389209 1 340 3 1
390702 0 340 3 3
402756 0 340 3 1
402754 0 340 3 3
402757 0 340 3 3
488990 0 340 3 0
488992 0 340 3 0
488993 0 340 3 0
488994 0 340 3 0
81094 0 341 3 3
82412 0 341 3 1
196186 0 341 3 1
196187 0 341 3 1
196191 0 341 3 1
230824 1 341 3 1
230826 1 341 3 1
230828 1 341 3 1
231786 0 341 3 1
379570 1 341 3 1
390341 0 341 3 3
401457 0 341 3 1
401460 0 341 3 1
402144 0 341 3 1
7923 0 342 3 2
82145 0 342 3 1
87295 0 342 3 1
231007 0 342 3 1
250354 0 342 3 1
390522 1 342 3 1
390523 1 342 3 1
528969 0 342 3 1
7743 0 343 3 3
28230 0 343 3 1
40611 0 343 3 0
81590 1 343 3 0
81589 0 343 3 2
81892 0 343 3 3
81893 0 343 3 3
87299 0 343 3 3
223818 0 343 3 2
223819 0 343 3 2
224007 0 343 3 3
225252 1 343 3 4
231280 1 343 3 1
231284 1 343 3 1
231282 0 343 3 1
250475 1 343 3 1
251173 0 343 3 1
402091 1 343 3 3
402508 0 343 3 1
403088 0 343 3 1
28526 0 344 3 3
28530 0 344 3 3
29148 0 344 3 1
40611 0 344 3 1
49809 0 344 3 3
49811 0 344 3 3
81917 0 344 3 3
81920 0 344 3 3
82135 1 344 3 1
82137 1 344 3 1
82138 1 344 3 1
86025 0 344 3 1
86028 0 344 3 1
231279 0 344 3 3
231281 0 344 3 3
231283 0 344 3 3
81087 0 345 3 3
81090 0 345 3 3
81091 0 345 3 3
81970 1 345 3 1
81971 1 345 3 1
81973 1 345 3 1
86210 1 345 3 0
86942 0 345 3 3
86943 0 345 3 3
86945 0 345 3 3
87146 0 345 3 3
273396 0 345 3 3
386049 0 345 3 3
389040 0 345 3 1
389041 0 345 3 1
389042 0 345 3 1
390085 0 345 3 2
402036 0 345 3 1
402039 0 345 3 1
402041 0 345 3 1
7742 0 346 3 3
7744 0 346 3 3
28553 0 346 3 3
29149 0 346 3 1
29150 0 346 3 1
65442 0 346 3 3
228149 0 346 3 1
228150 0 346 3 1
249311 0 346 3 1
250879 0 346 3 3
388898 0 346 3 1
388899 0 346 3 1
388900 0 346 3 1
389353 0 346 3 3
389911 0 346 3 1
390974 0 346 3 2
390979 0 346 3 2
402142 0 346 3 3
28132 0 347 3 3
28506 0 347 3 1
52610 0 347 3 1
52613 0 347 3 1
81287 0 347 3 0
81286 0 347 3 1
81290 0 347 3 1
401712 0 347 3 4
402629 0 347 3 1
402630 0 347 3 1
402633 0 347 3 1
86290 0 348 3 1
213485 0 348 3 1
213486 0 348 3 1
213487 0 348 3 1
230048 0 348 3 1
230404 0 348 3 2
286758 0 348 3 1
286759 0 348 3 1
388896 0 348 3 3
388898 0 348 3 3
389003 0 348 3 1
488990 0 348 3 2
29243 1 349 3 0
81112 0 349 3 3
81114 0 349 3 3
81136 0 349 3 3
82454 0 349 3 1
82459 0 349 3 1
228152 0 349 3 1
232173 0 349 3 1
232175 0 349 3 1
232176 0 349 3 1
250732 0 349 3 1
293086 0 349 3 3
304989 0 349 3 3
319410 0 349 3 2
356971 0 349 3 2
390089 0 349 3 2
390091 0 349 3 2
390092 0 349 3 2
401984 0 349 3 1
402939 0 349 3 1
402940 0 349 3 1
411091 0 349 3 2
411092 0 349 3 2
528542 0 349 3 1
528545 0 349 3 1
41251 0 350 3 1
81917 0 350 3 1
82176 0 350 3 1
223892 0 350 3 3
223893 0 350 3 3
249308 0 350 3 3
389007 0 350 3 1
389009 0 350 3 1
390324 0 350 3 1
402743 0 350 3 3
29071 0 351 3 3
29148 0 351 3 3
29149 0 351 3 3
29151 0 351 3 3
81289 0 351 3 1
82139 1 351 3 2
130101 0 351 3 2
130104 0 351 3 2
232025 1 351 3 1
249809 0 351 3 4
250230 0 351 3 1
287589 0 351 3 1
287591 0 351 3 1
287592 0 351 3 1
319448 0 351 3 2
389714 0 351 3 1
389715 0 351 3 1
402582 0 351 3 1
402886 0 351 3 4
403067 1 351 3 1
403072 1 351 3 1
28851 0 352 3 1
40951 0 352 3 1
41021 0 352 3 1
41251 0 352 3 3
41252 0 352 3 3
41931 0 352 3 1
41932 0 352 3 1
86287 0 352 3 0
288000 0 352 3 1
288002 0 352 3 1
288071 1 352 3 1
288073 1 352 3 1
288074 1 352 3 1
402642 0 352 3 1
529691 0 352 3 3
529692 0 352 3 3
545040 0 352 3 2
40037 1 353 3 1
40306 0 353 3 1
82601 0 353 3 1
86712 0 353 3 0
388830 0 353 3 3
402111 0 353 3 1
402114 0 353 3 1
402115 0 353 3 1
403072 0 353 3 1
545701 0 353 3 3
29722 1 354 3 1
29726 1 354 3 1
40172 0 354 3 1
40199 0 354 3 1
40285 0 354 3 1
41944 0 354 3 1
41947 0 354 3 1
126643 0 354 3 3
129603 0 354 3 3
249439 1 354 3 1
249443 1 354 3 1
390611 1 354 3 1
390615 1 354 3 1
390841 0 354 3 3
402581 0 354 3 3
27995 0 355 3 1
82290 0 355 3 1
82602 0 355 3 1
104818 0 355 3 1
250135 0 355 3 1
250136 0 355 3 1
250227 0 355 3 3
288127 0 355 3 1
366242 1 355 3 3
389810 0 355 3 3
389811 0 355 3 3
403099 0 355 3 3
403101 0 355 3 3
482740 0 355 3 1
82535 0 356 3 1
136933 0 356 3 3
225468 0 356 3 0
249235 0 356 3 1
250879 0 356 3 1
250880 0 356 3 1
250881 0 356 3 1
251214 0 356 3 1
287876 0 356 3 1
288001 0 356 3 1
288002 0 356 3 1
288003 0 356 3 1
401643 0 356 3 2
519259 0 356 3 1
545697 1 356 3 4
28115 0 357 3 1
40752 0 357 3 1
40753 0 357 3 1
41930 0 357 3 3
41933 0 357 3 3
42020 0 357 3 1
82116 1 357 3 1
82117 1 357 3 1
249418 0 357 3 1
389810 0 357 3 3
389812 0 357 3 3
402113 0 357 3 3
402919 0 357 3 1
402923 0 357 3 1
484207 1 357 3 1
484324 0 357 3 1
529191 0 357 3 0
39988 0 358 3 1
39992 0 358 3 1
40200 0 358 3 1
40202 0 358 3 1
40750 0 358 3 3
40753 0 358 3 3
40782 0 358 3 1
40784 0 358 3 1
81255 0 358 3 3
86037 1 358 3 4
105734 0 358 3 3
249021 0 358 3 1
287589 0 358 3 3
287592 0 358 3 3
288081 0 358 3 1
288082 0 358 3 1
402084 0 358 3 1
402639 0 358 3 3
402640 0 358 3 3
402641 0 358 3 3
517329 1 358 3 1
517728 0 358 3 1
39603 1 359 3 1
39724 1 359 3 1
39725 1 359 3 1
39988 0 359 3 1
39992 0 359 3 1
39995 0 359 3 2
40040 0 359 3 1
40487 0 359 3 0
42020 0 359 3 3
224226 0 359 3 1
224228 0 359 3 1
229845 0 359 3 2
249292 1 359 3 1
249293 1 359 3 1
249294 1 359 3 1
250174 0 359 3 3
250175 0 359 3 3
286362 0 359 3 1
288130 0 359 3 3
288132 0 359 3 3
403019 0 359 3 3
483567 1 359 3 1
517510 0 359 3 3
518604 0 359 3 1
29189 0 360 3 1
29190 0 360 3 1
40633 0 360 3 1
41930 0 360 3 3
82349 1 360 3 1
225461 0 360 3 3
286541 0 360 3 1
286543 0 360 3 1
286544 0 360 3 1
311288 0 360 3 2
389809 0 360 3 2
534452 0 360 3 3
556302 0 360 3 1
28859 0 361 3 3
221628 0 361 3 3
286362 0 361 3 1
287762 0 361 3 1
288036 1 361 3 0
288037 1 361 3 0
401621 1 361 3 1
401624 1 361 3 1
484748 0 361 3 1
484749 0 361 3 1
517726 1 361 3 3
518527 0 361 3 1
518534 0 361 3 4
28970 0 362 3 1
28971 0 362 3 1
41141 0 362 3 1
41142 0 362 3 1
41143 0 362 3 1
41344 0 362 3 4
42021 1 362 3 3
81140 0 362 3 3
156397 1 362 3 2
156398 1 362 3 2
232256 0 362 3 3
232257 0 362 3 3
250883 0 362 3 1
517665 0 362 3 1
29793 1 363 3 1
40548 0 363 3 1
40549 0 363 3 1
40550 0 363 3 1
40628 0 363 3 3
40630 0 363 3 3
40631 0 363 3 3
40641 0 363 3 1
40642 0 363 3 1
40643 0 363 3 1
40645 0 363 3 1
40641 0 363 3 3
40646 0 363 3 3
251146 1 363 3 1
300539 0 363 3 3
401624 0 363 3 0
483567 0 363 3 3
557005 0 363 3 1
561019 0 363 3 1
28225 0 364 3 1
40487 0 364 3 2
41785 0 364 3 1
82256 0 364 3 3
82257 0 364 3 3
482841 0 364 3 1
518045 0 364 3 0
557149 0 364 3 1
557151 0 364 3 1
