109952 2 1 1 0
243140 3 2 3 0
344763 3 2 3 0
414589 3 2 3 0
244403 4 3 1 0
291620 4 3 1 0
300201 4 2 2 0
322788 4 3 3 0
334392 4 3 2 0
460981 5 4 1 0
538175 5 4 2 0
35008 6 3 1 1
116756 6 3 3 0
243139 6 3 3 0
244265 6 2 3 0
291618 6 3 4 0
292527 6 4 1 0
300199 6 2 2 1
322794 6 3 3 0
116881 7 4 1 0
244404 7 4 1 0
34334 8 2 1 0
35011 8 2 3 0
548893 8 3 3 0
292524 9 2 0 1
292525 9 2 1 0
35010 10 2 3 0
262390 10 3 3 0
291616 10 3 3 0
116126 11 2 1 0
290872 11 3 1 0
292530 12 2 3 0
292611 12 4 1 0
290874 13 2 3 0
445379 13 4 3 0
292593 14 3 1 0
292882 14 4 4 0
474606 14 3 3 0
244189 15 1 1 0
291015 15 2 1 0
292528 15 3 1 0
474616 15 3 3 0
116490 16 3 1 0
161323 16 3 3 0
292453 16 3 3 0
116127 17 3 3 0
292589 17 2 1 0
117224 18 1 1 0
161322 18 3 1 0
292504 18 2 1 0
292526 18 4 1 0
291020 19 3 1 0
404008 19 3 3 0
35314 20 3 1 0
160320 20 2 1 0
291019 20 1 0 0
292284 20 2 1 0
292505 20 3 1 0
116941 21 4 1 0
292076 21 3 3 0
292529 21 2 3 0
116281 22 3 1 0
116323 22 3 3 0
117984 22 2 3 0
292262 22 2 1 1
116485 23 3 1 0
161329 23 4 2 0
290478 23 2 1 0
292672 23 3 1 0
378666 23 2 3 0
290749 24 2 1 0
292869 24 3 1 0
293042 24 3 4 0
116944 25 3 3 0
117580 25 3 1 0
291381 25 2 1 0
291555 25 3 1 1
292517 25 4 1 0
292670 25 4 1 0
293074 25 3 1 0
445350 25 3 2 0
116853 26 4 1 0
290594 26 2 1 1
292143 26 4 1 0
292683 26 3 4 1
116572 27 4 3 0
117076 27 3 1 0
117585 27 3 3 0
290300 27 2 1 0
291679 27 2 1 0
292519 27 3 3 0
293055 27 4 1 0
552852 27 3 3 0
116948 28 4 3 0
290479 28 4 3 0
290757 28 3 0 0
290968 28 1 1 0
291797 28 2 1 1
292270 28 2 3 0
292733 28 3 1 0
116923 29 2 1 0
117146 29 2 1 0
145681 29 3 3 0
290372 29 1 1 1
290392 29 4 1 0
290716 29 4 3 0
291178 29 2 4 1
291473 29 3 1 0
116710 30 3 1 0
116848 30 4 1 0
291274 30 4 1 0
291383 30 4 3 0
291680 30 3 1 0
291707 30 4 1 0
292649 30 3 1 0
292736 30 2 3 0
292908 30 3 1 1
116850 31 4 0 0
117117 31 3 1 1
290612 31 1 1 0
291802 31 2 3 0
291922 31 4 1 0
292973 31 2 1 0
116169 32 4 3 1
116328 32 2 1 0
290516 32 4 2 0
291583 32 2 1 0
291998 32 4 1 1
115937 33 3 1 0
115977 33 2 1 0
116690 33 3 1 0
117366 33 4 1 0
117455 33 2 1 0
290509 33 4 1 0
290803 33 3 1 0
290986 33 4 4 0
291454 33 4 1 1
291811 33 2 4 0
292597 33 2 1 0
293070 33 3 2 0
116327 34 1 0 0
117202 34 2 4 0
118087 34 4 3 0
290301 34 3 1 0
290508 34 2 4 0
291604 34 4 1 0
291921 34 3 1 0
292479 34 4 1 0
292788 34 4 1 0
292835 34 4 1 0
115976 35 2 0 0
117113 35 3 2 0
118084 35 3 0 1
119455 35 1 3 0
290850 35 4 3 0
291868 35 2 3 1
291991 35 2 0 0
292054 35 3 1 0
292481 35 3 3 0
115736 36 3 1 0
115838 36 4 1 0
116329 36 4 3 1
116419 36 3 1 1
116436 36 3 2 0
116453 36 4 3 1
116643 36 3 1 0
117500 36 4 3 0
118083 36 1 0 0
207597 36 2 2 0
211470 36 3 3 0
290417 36 3 1 0
290718 36 2 1 0
291333 36 3 4 0
291425 36 2 3 0
292001 36 3 3 1
292159 36 3 3 0
349097 36 3 3 0
115627 37 3 1 0
116095 37 2 1 0
116326 37 2 0 0
116416 37 2 2 0
116769 37 1 1 0
117211 37 2 1 0
290302 37 3 2 0
290839 37 4 3 0
290887 37 4 3 0
291735 37 1 1 0
292325 37 2 2 0
359103 37 3 2 0
115733 38 4 1 0
115981 38 3 1 0
116418 38 3 1 0
151085 38 2 3 0
291376 38 2 4 0
291480 38 3 1 0
291692 38 3 1 0
291946 38 2 1 0
291948 38 2 3 1
400500 38 2 3 0
115659 39 3 2 1
115728 39 3 3 0
115739 39 2 1 0
116093 39 3 1 0
116141 39 2 1 0
214249 39 2 2 0
291566 39 2 3 0
292328 39 2 3 0
292421 39 3 1 0
414383 39 3 3 0
480661 39 3 2 0
42862 40 2 3 1
115689 40 3 1 0
115778 40 1 3 0
116598 40 3 1 0
117081 40 3 1 0
117589 40 1 1 0
118085 40 4 1 0
211821 40 2 1 0
290838 40 3 3 1
290846 40 2 2 0
291734 40 2 1 0
291835 40 4 1 0
513432 40 3 3 0
115642 41 3 1 0
116733 41 2 1 0
116762 41 2 1 0
290491 41 2 3 0
290808 41 4 1 0
291739 41 3 3 0
291746 41 1 1 0
291837 41 4 3 0
292900 41 3 1 0
293164 41 2 1 0
442672 41 2 3 0
513050 41 2 2 0
115687 42 2 0 0
115798 42 3 1 0
116223 42 2 1 0
117042 42 3 3 0
290305 42 5 3 0
290809 42 2 1 0
290983 42 4 1 0
291581 42 2 2 0
291947 42 2 3 0
291959 42 2 1 0
292324 42 2 1 0
355354 42 3 3 1
443450 42 3 1 0
115741 43 4 3 1
116224 43 2 1 0
116251 43 2 0 0
116294 43 4 0 0
116306 43 4 1 0
116338 43 3 1 0
116477 43 2 1 0
116800 43 2 1 0
117410 43 3 1 0
117441 43 3 1 0
211942 43 2 1 0
290530 43 4 2 0
291258 43 3 1 0
291259 43 2 1 0
116373 44 3 4 1
117412 44 2 3 0
209565 44 3 1 0
211156 44 3 1 0
269417 44 3 3 0
324532 44 2 3 1
400499 44 3 3 0
3974 45 4 3 0
115654 45 3 1 0
115686 45 4 3 0
115869 45 1 1 0
116256 45 2 3 0
116311 45 3 4 1
116735 45 2 3 1
116748 45 3 1 0
116763 45 3 3 0
117022 45 2 4 1
211943 45 3 2 1
290521 45 4 3 0
291880 45 3 1 0
291961 45 3 3 0
443452 45 3 3 0
115661 46 2 3 0
115868 46 4 1 0
116232 46 3 4 0
116309 46 2 3 0
117406 46 1 4 0
117407 46 3 1 0
212329 46 4 1 0
269412 46 1 3 0
291915 46 3 3 1
292779 46 2 1 0
324530 46 2 1 0
115866 47 2 1 0
116225 47 3 3 0
116252 47 4 1 0
116253 47 2 2 1
116255 47 2 2 0
165470 47 3 3 1
212463 47 3 0 0
269418 47 2 4 1
290611 47 2 1 0
291530 47 3 1 0
292398 47 3 1 0
292794 47 3 1 0
117082 48 1 1 0
123724 48 3 2 0
290948 48 2 1 0
292711 48 3 2 1
324533 48 3 3 0
326535 48 2 2 0
379823 48 4 3 0
443574 48 3 0 0
290459 49 2 3 0
5703 50 3 3 1
115763 50 3 1 0
115808 50 1 1 0
290990 50 3 4 1
291584 50 4 1 0
292757 50 4 1 0
414062 50 4 2 0
117401 51 4 3 0
117405 51 4 4 0
117582 51 3 1 0
123723 51 2 2 0
289006 51 2 4 1
291920 51 3 1 0
292142 51 4 3 0
292575 51 4 1 0
292891 51 2 1 0
337178 51 2 3 0
431014 51 2 2 0
13970 52 3 2 0
211525 52 3 1 0
217864 52 3 3 1
291128 52 3 2 1
291509 52 3 1 0
293011 52 3 4 0
293072 52 5 4 0
443676 52 3 0 0
211368 53 3 1 0
212571 53 1 1 0
290907 53 2 1 0
293183 53 2 1 0
115811 54 2 3 0
292747 54 4 1 0
512526 54 4 3 0
211825 55 3 1 0
211963 55 3 1 0
290909 55 2 2 0
291118 55 3 1 0
292193 55 4 1 0
363821 55 4 2 0
109197 56 3 3 0
212719 56 2 1 0
269031 56 4 4 0
291638 56 4 1 0
211824 57 2 0 0
212714 57 1 1 0
222043 57 4 3 0
290908 57 3 1 0
436664 57 3 2 0
189423 58 3 4 1
211453 58 3 3 0
211648 58 2 1 0
211964 58 4 1 0
269186 58 3 1 0
290599 58 3 0 0
292638 58 3 3 0
436666 58 3 4 0
211459 59 2 3 1
290543 59 2 3 0
292627 59 2 0 0
293105 59 3 4 1
474748 59 3 3 0
211579 60 3 3 0
211694 60 2 1 1
116752 61 3 4 1
211647 61 2 1 0
211649 61 2 3 0
211919 61 2 1 0
212408 61 3 3 0
290605 61 3 3 0
291121 61 4 3 0
292639 61 3 3 0
419028 61 3 3 0
502771 61 4 3 0
34131 62 2 3 0
211614 62 3 1 0
212161 62 2 1 1
212538 62 1 1 0
291116 62 2 3 1
292190 62 2 3 0
512507 62 3 1 0
121521 63 2 3 0
137519 63 3 2 0
211255 63 2 1 0
211321 63 4 1 0
211427 63 2 1 0
211702 63 2 1 0
212588 63 2 2 0
512510 63 2 1 0
122696 64 3 4 1
212409 64 3 3 1
212590 64 4 1 0
236004 64 4 3 0
291064 64 3 1 0
211918 65 4 0 0
212407 65 2 1 0
23605 66 4 3 0
121528 66 3 3 0
181928 66 3 3 0
211792 66 2 1 0
292189 66 3 3 0
512094 66 3 1 0
512509 66 2 1 1
121523 67 2 2 0
121605 67 2 4 0
211252 67 4 1 0
211323 67 3 1 0
211971 67 1 1 0
512605 67 3 1 0
512515 68 2 1 0
211422 69 3 1 0
211801 69 3 1 0
211391 70 2 3 0
512092 70 3 1 0
211123 71 4 1 1
211315 71 3 1 0
211790 71 3 0 0
212734 71 3 3 1
355618 72 4 2 1
511857 72 3 3 0
212372 73 3 1 0
511832 73 2 4 1
134306 74 4 3 0
211804 74 2 1 0
211995 74 2 1 0
212026 75 3 1 0
212103 75 4 4 1
512251 75 3 1 0
512384 75 3 1 0
208747 76 3 3 0
211317 76 3 3 1
211592 76 3 3 0
211955 76 3 1 0
415296 76 3 2 0
512916 76 3 3 0
512998 76 2 2 0
28260 77 3 2 0
211297 77 2 2 0
212054 77 3 0 0
511856 77 4 3 0
513138 77 3 3 0
211574 78 2 3 0
212133 78 4 1 0
354734 78 3 3 0
511717 78 2 3 0
513030 78 2 1 0
204707 79 1 3 0
267533 79 2 2 0
413669 79 1 4 1
513124 79 2 1 0
278580 80 4 3 0
512252 80 3 1 0
211288 81 2 1 0
244812 81 3 3 0
270577 81 4 1 0
512413 81 3 1 1
329992 82 3 2 0
512248 82 4 1 0
211621 83 4 1 1
212116 84 3 1 0
417785 84 3 3 0
512996 84 2 1 0
513123 84 2 1 0
270260 85 2 1 0
271199 85 2 3 0
271620 85 4 1 0
513128 85 1 1 1
211622 86 3 1 0
211744 86 2 1 0
270576 86 2 0 0
1802 87 3 1 0
211871 87 3 2 0
212264 87 3 1 0
505693 87 4 3 1
212277 88 2 1 0
270012 88 3 1 0
211745 90 3 1 0
271493 90 2 3 0
291783 90 3 3 0
512714 90 3 1 0
211331 91 3 1 0
211747 91 4 1 0
270600 91 3 3 0
379312 91 2 3 0
212222 92 2 1 0
271614 92 2 1 0
271616 92 4 3 0
212251 93 2 1 0
140125 94 2 3 0
28549 95 4 3 0
91035 95 2 2 1
211901 95 4 1 0
270893 96 2 0 0
91034 97 2 2 0
271618 97 4 2 0
211329 98 4 1 0
211423 98 3 3 0
270895 98 2 1 0
271771 98 3 1 0
271847 98 3 1 1
447681 98 3 3 0
211415 99 2 1 0
513048 99 3 3 0
212086 100 2 1 0
304187 100 3 3 0
271865 101 2 1 0
541033 101 2 3 0
447682 102 3 1 0
37074 103 3 3 0
31154 104 4 3 1
270257 104 3 1 0
270548 105 3 1 0
277471 105 3 2 0
541032 105 4 3 0
447426 106 3 1 0
99886 108 3 3 0
212415 108 3 3 0
270258 108 3 1 0
270033 109 4 1 0
271221 109 3 1 1
466845 109 3 3 1
211755 110 3 3 0
270024 110 2 1 0
271107 111 2 1 0
211737 112 1 0 0
270032 112 3 1 0
270643 112 3 1 0
466834 112 4 2 0
270629 113 3 2 0
212713 114 4 1 0
270215 114 2 1 0
271325 114 4 1 0
270028 115 4 1 0
271261 115 4 1 0
271324 115 2 0 0
271469 115 1 3 0
270324 116 3 1 0
271018 116 1 4 1
271458 116 3 1 0
181564 117 4 3 0
196932 117 2 4 0
270146 117 2 1 0
270217 117 2 1 0
271659 118 3 0 0
270034 119 4 3 0
270283 119 3 3 0
271330 119 4 1 0
271747 119 4 1 0
408778 119 3 3 0
271089 120 3 1 0
269896 121 3 1 0
270037 121 1 1 0
271528 121 3 4 0
269908 122 4 1 0
408776 122 3 1 0
270421 124 2 3 0
271524 124 2 1 0
271750 124 2 1 1
331721 124 2 3 0
409962 124 4 1 0
270580 125 3 2 0
271570 125 4 1 1
252731 126 2 2 0
270950 126 3 1 0
271269 126 2 1 0
269888 127 3 1 1
270586 127 3 3 0
270831 127 2 1 0
331720 127 4 1 0
160241 128 3 3 1
270638 128 3 1 0
271448 128 3 3 0
270872 129 3 1 0
331719 129 4 1 0
331722 129 2 3 0
271229 130 2 1 0
410055 130 2 3 0
269862 131 3 1 0
270212 131 4 3 0
271436 131 4 1 0
271512 132 3 1 0
181883 133 4 3 0
271146 133 4 1 0
409700 133 2 3 0
271148 134 2 1 0
271231 134 3 3 0
410051 134 1 0 0
410314 134 3 1 0
160236 135 3 1 0
270179 135 3 1 0
271363 135 1 4 0
271511 135 4 1 1
271663 135 3 1 0
160228 136 3 1 0
270467 136 3 1 0
271514 136 3 3 1
271601 136 3 3 0
271509 137 4 0 0
271789 137 3 1 0
271925 137 2 4 0
292436 137 2 3 0
269867 138 3 1 0
270594 139 2 1 0
271602 139 2 3 0
271732 139 3 1 0
271876 139 3 1 0
409698 139 3 1 0
519826 139 2 1 0
520373 139 2 1 0
520993 139 2 1 0
13916 140 2 3 0
160216 140 3 1 0
269969 140 3 3 0
270800 140 3 1 0
270802 140 2 1 0
409844 140 1 1 1
519736 140 2 1 0
520931 140 4 1 0
160047 141 4 3 0
393769 141 2 2 0
408851 141 4 1 0
409170 141 3 1 1
520056 141 3 1 0
520596 141 4 1 1
1319 142 2 3 0
410352 142 4 1 0
520356 142 2 1 0
520374 142 2 3 0
520935 142 3 3 0
159919 143 3 4 0
270593 143 3 0 0
271050 143 5 1 0
271586 143 3 0 0
271731 143 3 1 0
408770 143 1 1 0
409368 143 2 1 0
410001 143 1 1 0
410394 143 2 1 0
519744 143 2 1 0
520825 143 2 1 0
13915 144 2 3 1
158063 144 3 3 0
270298 144 3 1 0
270492 144 1 1 0
271038 144 4 1 1
409973 144 2 1 0
410171 144 3 3 0
410501 144 4 1 0
475989 144 3 3 0
519332 144 3 1 0
519381 144 4 1 0
520698 144 3 2 0
520903 144 2 0 0
89507 145 3 3 0
270487 145 3 1 0
270488 145 2 3 0
271871 145 2 1 0
408852 145 4 1 0
410115 145 3 3 0
410471 145 3 2 0
507912 145 2 3 0
520699 145 3 3 0
520899 145 3 2 0
520907 145 2 1 0
520934 145 3 3 0
520936 145 3 3 0
71907 146 3 3 0
270595 146 4 3 0
270804 146 2 3 1
271791 146 4 1 0
395887 146 2 3 0
409346 146 2 1 1
409975 146 2 3 0
410007 146 3 3 0
410278 146 2 1 0
410503 146 4 3 0
518549 146 3 3 0
520055 146 4 1 0
520598 146 3 3 0
269961 147 2 1 0
271613 147 4 4 1
329016 147 3 3 1
408771 147 3 3 0
409831 147 1 4 0
13205 148 4 3 1
157782 148 1 1 0
160154 148 2 2 0
269959 148 2 1 0
270205 148 3 1 1
270592 148 3 3 0
270811 148 3 2 0
271609 148 3 3 0
271723 148 3 4 1
409367 148 1 0 0
410006 148 2 1 0
497305 148 3 3 1
519620 148 3 3 0
519663 148 3 1 0
520524 148 3 3 0
520906 148 2 3 0
525624 148 4 2 0
158229 149 3 3 0
409393 149 2 3 0
519996 149 3 4 0
520830 149 2 3 0
266384 150 1 3 0
270812 150 4 3 0
271423 150 2 3 0
409039 150 4 2 0
409925 150 4 1 0
518548 150 3 3 0
520255 150 3 2 0
524902 150 3 3 0
525623 150 2 1 0
72592 151 2 3 1
236049 151 2 3 0
270455 151 3 0 0
271839 151 4 0 0
271979 151 2 3 0
408938 151 2 1 0
410103 151 2 3 1
410602 151 3 1 0
519317 151 4 1 0
519615 151 4 3 0
100378 152 2 2 0
158889 152 4 4 1
171510 152 2 2 0
202301 152 3 3 0
409082 152 3 1 0
409499 152 3 1 0
507909 152 4 1 0
519333 152 4 1 0
519563 152 3 2 0
520603 152 3 1 0
523223 152 3 4 0
102108 153 3 3 0
159481 153 4 1 0
269839 153 3 3 0
270196 153 3 1 0
409331 153 1 1 0
409949 153 3 1 0
410544 153 4 3 0
410592 153 2 1 0
426320 153 2 3 0
525626 153 3 3 0
14394 154 3 3 1
49619 154 3 2 0
157779 154 4 1 0
159183 154 1 1 0
287492 154 3 3 0
408887 154 2 1 1
409057 154 3 1 0
409572 154 2 1 0
410434 154 3 1 0
507647 154 2 1 0
508276 154 2 3 0
520359 154 3 1 0
520516 154 1 1 0
49147 155 2 3 0
124533 155 3 3 0
124534 155 4 3 1
171509 155 3 0 0
270019 155 4 1 0
270322 155 3 4 0
409101 155 3 1 0
508639 155 2 1 0
519562 155 2 1 0
160248 156 1 1 0
270456 156 4 0 0
408751 156 2 1 1
408849 156 2 3 0
409919 156 2 1 0
507651 156 2 3 0
509284 156 3 1 0
509423 156 2 3 1
519437 156 2 1 0
519488 156 4 3 0
521192 156 2 1 0
159679 157 4 1 0
269973 157 2 3 0
270234 157 3 1 0
409051 157 3 1 0
409173 157 2 1 0
409288 157 2 1 0
410589 157 3 1 0
467776 157 3 3 0
519731 157 1 1 0
520920 157 1 1 0
526527 157 2 1 0
270733 158 3 3 0
286986 158 3 3 0
409155 158 3 1 0
409606 158 2 1 0
410268 158 3 4 1
507491 158 3 1 0
508735 158 3 1 0
520196 158 3 1 0
526166 158 4 1 0
526380 158 2 1 0
270730 159 3 3 0
271858 159 2 1 0
409291 159 2 2 0
409825 159 2 1 0
410131 159 3 2 0
410449 159 3 1 0
508416 159 2 3 0
520348 159 3 1 0
525898 159 3 1 0
158236 160 4 4 0
159654 160 2 1 0
270237 160 2 3 1
376543 160 2 3 0
408889 160 3 3 1
409924 160 3 2 0
520815 160 1 1 0
108472 161 3 3 0
157758 161 1 0 0
158251 161 3 3 0
159008 161 4 3 0
191090 161 4 2 0
317881 161 3 1 0
408823 161 3 1 0
410358 161 4 1 0
508506 161 2 1 0
508552 161 2 3 0
519513 161 2 1 0
520519 161 3 3 1
159009 162 3 3 0
254786 162 2 3 0
271472 162 3 1 0
408894 162 2 1 0
409157 162 2 3 1
409281 162 3 1 0
453933 162 3 3 0
508692 162 3 1 0
520226 162 1 1 0
42749 163 2 3 1
159095 163 3 1 0
271859 163 4 1 0
345352 163 3 3 0
408882 163 2 0 0
408962 163 4 1 0
409827 163 2 1 0
410140 163 1 1 0
507433 163 3 1 0
507567 163 3 3 0
508734 163 4 1 0
509537 163 1 1 1
519849 163 3 1 0
521088 163 2 1 0
525293 163 3 3 0
525720 163 3 1 1
525721 163 3 3 0
526058 163 1 3 0
526086 163 2 1 0
94412 164 3 3 0
211390 164 3 2 1
410046 164 2 1 0
508019 164 3 1 0
520347 164 3 0 0
525621 164 3 2 0
526316 164 2 1 0
526841 164 3 1 0
158113 165 2 1 0
158701 165 3 1 0
183807 165 2 3 0
183808 165 4 3 0
269895 165 3 3 0
275270 165 3 2 0
316867 165 3 3 0
318344 165 4 1 0
319023 165 3 3 0
409244 165 4 3 1
410139 165 2 0 0
505845 165 2 3 1
519642 165 3 1 0
525730 165 2 3 0
526770 165 3 1 0
36747 166 3 3 1
157755 166 4 3 0
159475 166 2 1 1
159653 166 3 1 1
185145 166 4 2 0
211392 166 2 3 0
315476 166 2 2 0
318345 166 2 3 1
409493 166 2 1 0
409826 166 2 1 0
410239 166 2 0 0
508739 166 4 4 0
508904 166 3 1 0
519630 166 3 1 0
520048 166 2 0 0
520274 166 3 1 0
158992 167 2 2 0
315488 167 2 4 0
317150 167 3 1 0
409745 167 4 3 0
507588 167 1 3 0
525382 167 3 0 0
525805 167 4 1 0
158414 168 3 1 0
159753 168 2 1 0
408926 168 3 1 0
507560 168 4 0 0
508123 168 2 1 0
508148 168 2 1 0
519633 168 3 3 0
520275 168 2 1 0
520277 168 3 3 1
520541 168 4 1 0
525380 168 3 3 0
526318 168 3 3 1
526706 168 4 3 0
157756 169 2 4 1
157996 169 2 3 0
316865 169 3 2 0
317307 169 2 1 0
409719 169 3 1 0
508508 169 3 3 0
508708 169 3 4 0
508737 169 3 3 0
508771 169 1 1 0
519628 169 2 1 0
520276 169 2 1 0
520771 169 3 1 0
158405 170 2 4 1
317040 170 4 1 0
317144 170 1 1 0
317154 170 3 3 0
409249 170 3 1 0
409415 170 1 3 0
502107 170 3 3 0
507587 170 5 1 0
508150 170 2 1 0
509540 170 2 3 0
138309 171 4 3 0
266407 171 2 2 0
317832 171 2 1 0
409720 171 3 3 0
520285 171 3 0 0
525801 171 3 3 0
526897 171 2 3 0
160105 172 4 1 0
317299 172 1 1 0
317304 172 3 1 0
408785 172 2 1 0
409829 172 3 3 0
415168 172 3 3 0
455280 172 1 3 0
508504 172 2 0 0
508898 172 2 1 0
509147 172 3 1 0
509503 172 3 1 0
519584 172 3 1 0
521128 172 3 1 0
157817 173 4 2 0
159754 173 3 3 0
160109 173 2 3 0
507993 173 2 1 0
508245 173 4 1 0
508333 173 4 0 0
509201 173 3 1 1
383398 174 1 3 0
415242 174 1 3 0
460489 174 3 1 0
508738 174 4 3 0
508787 174 2 3 0
509146 174 3 1 0
519926 174 3 1 0
521132 174 2 3 0
158628 175 3 3 0
318221 175 2 1 0
318607 175 3 3 0
408779 175 2 1 0
409688 175 4 1 0
507827 175 3 1 0
519978 175 4 3 1
520289 175 1 1 0
520742 175 2 0 0
35652 176 2 3 0
318778 176 2 1 0
409717 176 4 3 0
410413 176 3 1 0
509031 176 4 1 0
509539 176 4 3 0
519621 176 4 1 0
526011 176 3 2 0
43340 177 4 1 0
160011 177 3 3 0
318045 177 3 1 0
318442 177 1 2 0
507508 177 4 3 0
507825 177 1 1 0
508003 177 3 3 0
508017 177 3 3 0
519329 177 4 1 0
519727 177 3 1 0
520866 177 2 0 0
526449 177 3 1 0
526545 177 4 1 0
168729 178 2 3 0
309208 178 3 3 0
317135 178 3 1 0
410419 178 4 0 0
473661 178 3 2 1
507824 178 2 0 1
509203 178 4 3 0
519730 178 3 3 0
519928 178 2 3 0
520291 178 2 3 0
520395 178 3 1 0
521018 178 4 1 0
317524 179 1 1 0
317563 179 1 1 0
318835 179 2 2 0
410429 179 1 1 0
459425 179 2 0 0
507773 179 4 1 0
507895 179 3 3 0
508289 179 3 1 0
509248 179 3 1 0
520113 179 3 1 0
317659 180 3 1 0
508395 180 2 1 0
509272 180 3 1 0
526149 180 3 1 0
526546 180 3 3 0
317564 181 4 1 0
317959 181 4 1 0
317961 181 2 3 0
410420 181 2 1 0
508945 181 1 1 0
509082 181 2 2 0
509234 181 3 1 0
509251 181 2 4 0
509470 181 2 1 0
519354 181 3 1 0
521020 181 3 3 1
158359 182 2 0 0
160226 182 3 4 0
264750 182 3 3 0
317133 182 2 4 0
318021 182 3 1 0
507918 182 3 1 0
508531 182 4 0 0
520663 182 3 0 0
526150 182 2 1 0
288613 183 1 1 0
317971 183 3 3 0
318596 183 3 1 0
459428 183 3 3 0
459518 183 4 1 0
507490 183 2 1 0
509416 183 4 1 0
520666 183 3 3 0
526147 183 2 1 0
157826 184 2 1 0
317960 184 2 3 0
317970 184 4 2 0
408822 184 2 1 0
414625 184 3 3 0
507866 184 2 1 0
507910 184 3 1 0
508118 184 3 1 0
508221 184 2 1 0
526152 184 4 3 0
557278 184 4 3 0
24867 185 4 3 0
43300 185 1 1 0
158289 185 3 1 0
159610 185 4 3 0
408825 185 3 1 1
409431 185 3 1 0
409800 185 2 1 0
410428 185 4 1 1
459881 185 3 1 0
506749 185 3 3 0
507428 185 3 1 0
508494 185 3 3 0
509418 185 3 3 0
522547 185 4 3 1
526153 185 2 3 0
43746 186 2 3 1
124982 186 3 3 0
148437 186 3 3 1
267330 186 3 3 0
317876 186 3 1 0
317877 186 4 1 0
409864 186 4 1 0
460729 186 2 3 0
508178 186 2 4 1
509352 186 2 1 0
521069 186 3 2 0
43338 187 3 1 0
43726 187 2 0 0
115454 187 4 3 0
120921 187 2 3 1
159243 187 2 1 0
318542 187 3 1 1
507429 187 3 1 0
508545 187 3 1 0
508947 187 4 3 0
509124 187 3 0 0
520081 187 2 1 0
525887 187 3 1 0
33782 188 4 2 1
43342 188 2 3 0
158516 188 2 1 0
159024 188 4 1 0
288523 188 3 1 0
317426 188 4 1 1
508138 188 2 1 0
509039 188 3 1 0
509469 188 3 1 0
160193 189 2 1 0
403254 189 2 3 1
409834 189 3 1 0
410524 189 3 1 0
508697 189 2 3 0
509209 189 2 0 0
527093 189 4 3 0
262496 190 3 2 0
289709 190 2 3 0
317012 190 2 3 0
317589 190 4 1 0
318115 190 4 1 0
318658 190 3 1 0
409565 190 3 2 0
409871 190 4 1 0
508695 190 3 1 0
509215 190 1 0 0
522549 190 3 2 0
43302 191 3 1 0
159022 191 3 1 0
159023 191 4 1 0
159245 191 3 1 0
232146 191 3 4 0
496742 191 3 3 0
508543 191 4 1 0
508848 191 2 1 0
509040 191 2 1 1
509048 191 2 1 0
509232 191 2 3 0
519818 191 3 1 0
42143 192 3 1 0
130009 192 4 3 0
158408 192 2 1 0
231184 192 2 3 0
288316 192 1 2 0
288582 192 4 1 0
289891 192 2 1 0
290102 192 3 1 0
317523 192 3 1 0
409874 192 2 2 1
410360 192 4 1 0
445487 192 2 3 0
455531 192 2 3 0
509472 192 3 3 0
520446 192 2 1 0
42454 193 3 1 0
43442 193 2 1 0
43925 193 2 1 0
158642 193 3 3 0
288584 193 2 1 0
289166 193 3 1 1
409776 193 4 3 0
507422 193 3 1 1
507884 193 3 1 0
509211 193 3 1 0
42880 194 2 3 0
43002 194 1 1 0
317256 194 2 1 0
507790 194 2 3 0
507961 194 2 1 0
508373 194 3 3 0
508699 194 2 1 0
509247 194 5 1 0
118858 195 3 3 0
122426 195 2 3 1
158012 195 3 4 0
158383 195 3 1 0
159600 195 3 1 0
160223 195 2 1 0
288500 195 2 1 0
317590 195 3 3 0
318208 195 2 1 0
384358 195 3 3 0
410361 195 3 1 0
508730 195 4 1 0
43199 196 3 1 0
43770 196 3 1 0
157739 196 2 1 0
159359 196 4 1 0
159696 196 3 1 0
288930 196 2 1 0
288973 196 3 1 0
289167 196 2 3 1
289968 196 4 1 0
317763 196 3 3 0
458936 196 3 3 0
476227 196 3 3 0
507424 196 4 3 0
507641 196 3 3 1
507785 196 2 1 0
507963 196 2 3 0
508424 196 4 3 0
509057 196 3 3 0
509254 196 2 1 0
520445 196 4 1 0
525817 196 3 1 0
43243 197 3 1 0
43924 197 3 1 0
158127 197 4 1 0
242920 197 3 3 0
288961 197 2 1 0
290266 197 3 3 0
507418 197 3 4 1
520436 197 3 1 0
36097 198 4 3 0
42686 198 2 1 0
42800 198 3 1 0
43163 198 3 1 0
158541 198 4 1 0
160264 198 2 1 0
318473 198 3 1 0
508270 198 3 3 0
508557 198 3 2 0
508642 198 4 1 0
520719 198 3 1 0
546254 198 3 3 0
42777 199 4 1 0
74423 199 2 2 0
159580 199 2 1 0
159979 199 3 1 0
231183 199 2 2 0
288448 199 1 1 0
289251 199 3 1 1
289965 199 2 3 0
310586 199 4 3 0
318027 199 4 3 0
455326 199 2 3 0
508307 199 3 1 0
508920 199 3 1 0
509010 199 1 1 0
520437 199 3 1 0
37141 200 3 3 1
43164 200 1 1 0
43165 200 3 3 0
43244 200 3 1 0
43524 200 4 1 0
43640 200 3 1 0
74100 200 5 3 0
131894 200 2 2 0
157708 200 4 3 0
159982 200 3 3 0
289731 200 3 1 0
289847 200 2 1 0
318862 200 2 4 1
410184 200 4 1 0
508389 200 2 1 0
509255 200 4 2 0
521226 200 3 1 0
525213 200 2 1 0
43397 201 3 1 0
158451 201 4 2 0
159699 201 3 3 0
289970 201 4 2 0
317099 201 2 1 0
318255 201 2 2 0
393203 201 2 3 1
410186 201 4 3 0
508072 201 2 3 0
508907 201 3 3 0
525922 201 1 1 1
42545 202 2 1 0
74129 202 3 1 0
158945 202 3 1 0
235872 202 4 4 0
289756 202 4 1 0
317269 202 2 1 0
456458 202 3 3 0
508310 202 3 3 0
509181 202 3 1 0
519652 202 3 1 0
525924 202 4 3 0
43882 203 2 3 0
252666 203 2 3 0
289096 203 3 1 0
289337 203 4 1 0
290100 203 2 1 0
290235 203 2 1 0
371641 203 2 4 1
410182 203 3 1 0
519693 203 4 1 0
519696 203 2 3 0
557189 203 2 4 1
42152 204 3 1 0
42615 204 2 1 0
42782 204 3 4 1
42953 204 2 3 0
43166 204 2 3 0
174244 204 3 3 1
177346 204 3 3 0
288366 204 1 1 0
289338 204 2 3 1
289763 204 3 1 1
289899 204 4 1 0
317469 204 3 1 0
318043 204 2 1 0
318471 204 3 0 0
362094 204 2 3 0
371973 204 3 3 0
438261 204 4 3 0
507385 204 4 4 1
508093 204 4 1 0
508241 204 2 1 0
535137 204 3 3 0
159265 205 2 3 0
159637 205 2 3 0
227800 205 2 3 0
288538 205 2 1 0
289762 205 2 1 0
318688 205 3 3 0
372327 205 2 3 1
414587 205 2 2 0
42580 206 3 2 1
42616 206 2 1 1
158392 206 3 4 1
288414 206 3 1 0
288913 206 2 1 1
317395 206 2 2 0
519581 206 2 1 0
519602 206 3 1 0
519653 206 3 1 0
519965 206 3 4 1
525919 206 3 0 0
159256 207 4 1 0
255011 207 1 0 0
289203 207 4 1 0
290099 207 4 1 0
318553 207 2 1 0
318742 207 3 1 0
348067 207 3 3 0
409100 207 3 1 0
438262 207 3 3 0
438263 207 1 1 0
42618 208 3 3 0
81590 208 3 3 0
158939 208 2 3 1
196455 208 4 3 0
258741 208 3 3 0
288819 208 1 4 1
290145 208 3 1 0
409903 208 2 1 0
519658 208 3 3 0
520502 208 2 1 0
563114 208 4 3 0
37735 209 4 1 0
159264 209 3 3 1
231316 209 3 3 0
255012 209 4 1 1
257807 209 4 3 1
288546 209 4 1 0
289207 209 3 3 0
289364 209 3 1 0
289765 209 2 3 0
290032 209 2 4 1
414421 209 3 4 1
519583 209 2 1 0
521052 209 2 1 0
43890 210 1 1 0
43939 210 2 1 0
86875 210 3 3 0
288882 210 3 3 0
289204 210 3 1 0
289842 210 4 1 0
289990 210 4 1 0
317117 210 3 1 0
318202 210 4 1 0
485700 210 3 1 0
520284 210 3 3 0
520554 210 3 4 0
25177 211 3 3 0
42855 211 3 4 0
158940 211 2 3 0
288545 211 4 0 1
289248 211 3 1 0
290091 211 4 3 0
290146 211 2 3 0
317083 211 2 1 0
362095 211 3 3 1
372328 211 4 3 0
414697 211 3 3 0
485693 211 3 1 0
508240 211 2 1 0
519701 211 2 3 0
521055 211 3 3 1
43152 212 3 1 0
256066 212 3 0 0
288503 212 2 1 0
288539 212 2 2 0
289249 212 3 3 0
289287 212 3 1 0
289320 212 2 3 0
290142 212 2 1 0
348072 212 4 0 0
485702 212 4 2 0
485708 212 2 3 0
485851 212 2 1 0
501393 212 2 3 0
508267 212 4 4 0
519411 212 3 3 0
519514 212 2 1 0
521046 212 2 2 0
175596 213 2 1 1
204203 213 2 3 0
288721 213 1 1 0
289108 213 1 1 1
289289 213 3 3 0
317119 213 3 2 0
409166 213 3 1 0
485705 213 1 3 0
485850 213 1 1 0
44070 214 3 1 0
160130 214 1 1 0
175137 214 2 3 1
176012 214 2 2 0
288547 214 3 1 1
288610 214 3 1 0
317318 214 1 1 0
318270 214 3 1 0
428192 214 4 3 1
62353 215 3 3 0
173951 215 4 0 0
289175 215 3 1 0
289247 215 4 1 0
289250 215 3 3 0
289819 215 3 3 1
312978 215 4 3 1
317274 215 3 1 0
318206 215 4 3 0
435591 215 4 3 0
485210 215 2 1 0
519699 215 2 1 0
545611 215 2 3 1
42914 216 3 1 0
43617 216 1 1 0
43893 216 2 3 0
231314 216 3 0 0
288361 216 1 1 0
288576 216 2 1 0
288860 216 4 4 1
313040 216 4 3 0
318000 216 2 1 0
388715 216 3 1 0
485357 216 2 1 0
486092 216 2 1 0
486793 216 4 1 0
498351 216 4 3 0
561091 216 3 1 0
43894 217 4 3 0
160160 217 3 3 0
174550 217 3 1 0
201784 217 1 3 0
288505 217 4 1 0
288834 217 2 1 1
289971 217 4 3 0
410245 217 3 1 0
410568 217 4 1 1
62200 218 2 4 0
174788 218 3 1 0
317199 218 2 1 0
317429 218 3 1 0
318111 218 3 3 0
318407 218 3 1 0
409769 218 2 1 0
435592 218 4 3 0
485695 218 2 3 0
42598 219 2 0 1
43428 219 3 1 0
139038 219 3 3 0
174549 219 3 1 0
174973 219 3 3 0
254746 219 3 3 0
288833 219 4 1 0
329206 219 2 3 0
388287 219 3 1 0
485883 219 4 1 0
486702 219 2 3 0
486748 219 3 1 0
42455 220 3 3 1
43188 220 3 1 0
43190 220 2 3 0
43869 220 3 1 0
43888 220 3 3 0
66683 220 3 3 0
136798 220 3 3 0
160129 220 4 0 0
231315 220 3 1 0
288504 220 2 1 0
288836 220 2 3 0
318207 220 3 3 0
318271 220 4 1 0
318685 220 2 1 0
388285 220 3 1 0
486643 220 2 3 0
486653 220 3 1 1
42395 221 1 1 0
43889 221 4 1 0
317196 221 4 4 0
337189 221 1 3 1
407728 221 4 2 0
429043 221 3 3 1
485591 221 2 1 0
486670 221 3 3 0
486794 221 3 1 0
42603 222 3 3 1
42911 222 4 0 0
43429 222 2 3 0
141629 222 3 3 0
231994 222 2 1 0
288987 222 3 1 0
289072 222 3 1 0
289557 222 4 3 0
317201 222 3 3 1
318272 222 3 1 0
318580 222 3 3 0
486112 222 3 3 0
486626 222 4 4 0
486651 222 3 1 1
42466 223 3 1 0
43663 223 3 4 0
44052 223 1 3 1
44131 223 3 1 0
158197 223 2 0 0
174789 223 3 1 0
174835 223 3 1 0
254318 223 2 1 0
288469 223 2 1 0
289048 223 4 1 0
289256 223 2 1 0
289483 223 3 1 0
328288 223 4 3 0
364245 223 4 3 0
387091 223 2 1 0
388288 223 3 1 0
408550 223 2 3 0
558961 223 3 3 0
43427 224 3 1 0
174254 224 3 4 0
174834 224 2 1 0
288350 224 2 1 0
288725 224 2 1 0
289336 224 3 1 0
289501 224 3 0 0
362789 224 2 2 0
380261 224 4 3 0
431478 224 2 3 0
485012 224 3 1 0
485867 224 2 1 0
486023 224 3 1 0
486271 224 3 1 0
486429 224 3 1 1
43026 225 2 1 0
43113 225 3 1 1
151641 225 3 3 1
174277 225 2 1 0
230990 225 2 1 0
255428 225 3 1 1
288559 225 2 1 0
288990 225 2 3 1
289473 225 2 1 0
289561 225 3 4 0
317111 225 2 3 0
317836 225 2 2 0
410244 225 3 0 0
417710 225 4 3 0
485609 225 2 1 0
485856 225 2 1 1
486266 225 2 1 0
42434 226 3 4 0
255081 226 2 1 0
288449 226 3 1 0
288794 226 1 1 0
289440 226 3 1 0
318408 226 4 1 0
403403 226 4 2 0
484942 226 3 1 0
485441 226 4 1 0
485879 226 3 1 0
486013 226 2 0 0
486274 226 3 3 0
486399 226 2 0 0
486559 226 3 1 0
42752 227 3 2 0
44133 227 4 1 0
288380 227 4 1 0
289395 227 3 1 0
289529 227 1 1 0
317105 227 1 1 1
386755 227 3 3 0
387310 227 3 1 0
437923 227 4 3 0
486501 227 3 1 0
486608 227 2 1 1
43537 228 4 4 1
129852 228 2 3 0
141877 228 2 1 0
255067 228 2 1 0
288381 228 3 1 1
300627 228 4 3 0
386753 228 5 1 0
387312 228 1 3 0
410193 228 3 1 0
480970 228 3 3 0
484943 228 3 3 0
484964 228 1 1 0
485474 228 2 1 0
485493 228 2 1 0
485751 228 2 1 0
486428 228 2 0 0
486593 228 2 1 0
486662 228 4 1 0
486689 228 3 1 0
43674 229 4 1 1
43821 229 1 1 0
175138 229 4 0 0
231179 229 2 1 0
289550 229 4 1 0
388054 229 2 1 0
485523 229 4 1 0
485807 229 3 1 0
485857 229 3 3 0
486277 229 2 1 0
42314 230 3 3 0
42393 230 4 0 0
43687 230 2 1 0
43688 230 2 3 0
44047 230 2 0 0
44048 230 2 0 0
44174 230 3 1 0
173983 230 2 0 0
174836 230 3 3 0
243533 230 4 3 0
280555 230 3 0 0
288468 230 3 1 0
288518 230 3 1 0
288724 230 2 1 0
289165 230 2 3 1
289441 230 3 1 0
289816 230 3 1 0
388624 230 3 1 0
431477 230 4 1 1
431479 230 3 3 0
461778 230 3 3 0
484855 230 3 3 0
485045 230 2 3 0
485105 230 4 1 0
485518 230 4 4 0
486688 230 3 1 0
43981 231 4 1 0
129690 231 3 3 0
231996 231 4 2 0
288478 231 2 1 0
288947 231 3 4 0
289507 231 3 1 0
290276 231 2 1 0
328162 231 3 3 0
380262 231 3 3 0
387900 231 3 1 0
431306 231 2 1 0
485262 231 3 3 0
485750 231 2 1 0
486267 231 3 2 0
486661 231 4 1 0
504412 231 3 2 1
42632 232 2 1 0
43187 232 5 1 0
43485 232 4 1 0
43488 232 3 3 1
43675 232 3 1 0
43714 232 3 1 0
43795 232 3 3 0
68998 232 2 3 0
171768 232 2 2 0
288726 232 3 1 1
289163 232 3 1 0
289607 232 2 4 1
289730 232 3 1 0
317231 232 2 1 0
388001 232 2 1 0
429930 232 3 1 1
431292 232 4 1 0
485460 232 4 3 0
486258 232 3 3 0
486502 232 3 3 1
486707 232 2 3 0
42289 233 3 1 0
42984 233 3 1 0
43139 233 2 1 0
44045 233 2 1 0
230172 233 2 1 0
230274 233 3 1 1
288275 233 3 1 0
288479 233 3 2 0
386892 233 3 1 0
388056 233 2 1 0
485108 233 2 3 0
485477 233 2 3 0
485753 233 3 3 0
486665 233 3 3 0
500630 233 3 3 0
42315 234 4 3 0
42411 234 4 1 0
42795 234 3 1 0
43283 234 2 1 0
129851 234 4 1 0
163171 234 3 3 0
175173 234 4 1 0
231232 234 4 3 0
231995 234 3 1 0
243529 234 2 0 0
288683 234 1 1 0
289164 234 3 2 0
388002 234 3 1 0
388256 234 4 1 0
484983 234 2 1 0
485280 234 2 3 1
486592 234 4 0 1
42492 235 3 1 0
43794 235 4 3 0
43936 235 3 1 0
65710 235 2 3 0
173984 235 3 1 0
289131 235 3 1 0
387433 235 2 1 0
403992 235 3 3 0
429152 235 2 1 0
485992 235 3 1 0
486712 235 1 1 0
23079 236 3 2 0
42970 236 1 1 0
43167 236 2 1 0
43435 236 3 1 0
43457 236 3 1 0
107596 236 3 0 0
231900 236 2 1 0
289189 236 2 1 0
289302 236 4 0 0
289499 236 4 3 0
289721 236 3 1 0
386870 236 3 1 0
387077 236 2 1 0
428829 236 4 1 0
486132 236 3 1 0
486595 236 2 3 0
486650 236 4 1 0
499837 236 2 2 0
8005 237 2 2 0
22399 237 3 3 0
42976 237 1 1 0
43140 237 2 3 0
253991 237 3 3 0
288455 237 3 2 0
289033 237 1 1 0
387639 237 3 1 0
387719 237 2 3 0
388029 237 3 3 0
388656 237 4 1 0
430823 237 3 1 0
484823 237 4 1 0
42296 238 2 1 0
42650 238 3 1 0
42747 238 3 1 0
42796 238 3 1 0
43041 238 3 1 0
43425 238 2 4 0
43937 238 2 3 0
43953 238 4 1 0
44020 238 1 1 0
107602 238 2 4 1
169901 238 3 3 0
199922 238 3 2 0
289121 238 3 0 0
289652 238 2 1 0
386508 238 3 1 0
387959 238 1 1 0
388482 238 2 1 0
429785 238 2 4 0
485616 238 3 2 1
485996 238 3 4 1
486607 238 2 1 0
42748 239 3 1 0
108229 239 2 3 0
230001 239 3 2 0
230909 239 3 1 1
317229 239 4 0 0
344214 239 2 3 0
386829 239 2 1 0
386913 239 3 1 0
387511 239 1 1 0
388327 239 1 3 1
429668 239 2 3 0
469311 239 4 3 0
42653 240 1 4 0
43437 240 3 3 1
43799 240 3 4 0
175418 240 4 1 0
230910 240 2 1 0
245362 240 2 3 0
288982 240 3 1 0
289040 240 3 1 0
289187 240 3 0 0
306271 240 2 3 0
317230 240 1 1 0
386503 240 2 1 0
386509 240 3 1 0
386705 240 3 3 1
386978 240 1 0 0
387914 240 3 1 0
388055 240 4 1 0
388484 240 3 1 0
429666 240 4 1 0
42513 241 3 1 0
43008 241 3 1 0
43169 241 4 2 0
43218 241 2 1 0
43295 241 3 4 1
43456 241 3 0 0
43963 241 3 2 0
44162 241 3 1 0
108223 241 2 4 1
108498 241 3 3 0
169900 241 3 3 0
230329 241 2 1 0
231914 241 2 1 0
232183 241 2 3 0
288497 241 3 1 0
386995 241 2 1 0
387176 241 3 1 0
387838 241 2 1 0
388064 241 2 3 0
416576 241 2 2 1
485398 241 3 3 1
485749 241 3 1 0
494694 241 2 0 0
42627 242 2 1 0
43074 242 2 2 0
43215 242 2 3 0
43602 242 3 1 0
44161 242 3 0 1
90598 242 2 3 0
230932 242 2 1 0
231713 242 3 4 0
253816 242 2 1 0
346819 242 4 3 0
386980 242 3 1 0
387115 242 3 3 1
428558 242 3 3 0
485403 242 2 1 0
486373 242 4 1 0
530053 242 3 3 0
42514 243 1 3 0
42626 243 3 0 0
42630 243 2 3 1
42886 243 3 3 0
42991 243 2 1 0
43387 243 4 1 0
43423 243 4 3 0
43834 243 3 3 0
168769 243 3 3 0
231155 243 2 1 0
232158 243 2 1 0
288501 243 2 3 0
290109 243 3 1 0
317707 243 3 1 0
346818 243 3 1 0
349589 243 2 2 0
365778 243 3 2 0
378036 243 3 1 0
386742 243 3 3 1
386974 243 3 3 1
387514 243 3 3 0
388325 243 2 1 0
401050 243 4 2 0
9885 244 3 1 0
42790 244 2 1 0
43222 244 2 3 1
43286 244 3 3 1
43358 244 4 1 0
43832 244 4 1 0
44001 244 3 1 0
44164 244 4 2 0
174969 244 4 4 1
231712 244 3 4 1
289514 244 2 1 1
290111 244 3 3 0
290116 244 2 0 0
309298 244 2 3 0
386792 244 2 3 0
387076 244 2 3 1
387709 244 2 1 0
388426 244 2 4 0
428129 244 2 1 0
430720 244 2 1 0
486285 244 2 3 1
9634 245 3 3 0
43604 245 1 3 1
44156 245 4 0 0
130158 245 3 3 0
231156 245 3 3 0
289654 245 4 3 1
290211 245 4 1 0
386507 245 3 1 0
388536 245 3 1 0
429192 245 4 1 0
484818 245 3 3 1
521153 245 4 2 0
9581 246 2 1 0
9884 246 2 1 0
42539 246 3 4 1
43071 246 4 0 0
43221 246 3 1 0
43395 246 2 3 0
129753 246 3 3 1
230911 246 3 3 0
271706 246 2 3 0
283752 246 2 3 1
288440 246 4 1 0
318844 246 2 3 0
357502 246 4 3 0
386996 246 4 1 0
387101 246 3 3 0
387374 246 3 3 0
387499 246 3 1 0
428131 246 2 3 1
429279 246 2 1 0
431583 246 4 1 0
485625 246 3 1 0
494695 246 3 1 0
562998 246 4 3 0
42194 247 1 3 0
42884 247 3 1 0
43257 247 3 4 0
43806 247 2 1 0
43858 247 3 1 0
130077 247 3 3 0
230319 247 3 1 0
231471 247 1 1 0
232362 247 4 4 0
255611 247 3 2 0
367352 247 1 3 0
383899 247 4 3 1
386830 247 3 1 0
387411 247 2 4 0
387524 247 3 4 0
387931 247 3 3 1
388359 247 3 1 0
428547 247 2 1 0
428979 247 3 1 0
429280 247 2 3 0
430721 247 2 3 0
484187 247 4 2 0
84157 248 3 3 0
183309 248 4 4 1
228304 248 2 2 0
230220 248 1 0 0
271711 248 2 1 0
387155 248 4 1 0
387178 248 3 1 1
387291 248 3 3 0
387324 248 4 1 0
431700 248 3 2 0
542667 248 3 3 0
42885 249 2 3 0
42994 249 4 2 0
43006 249 3 1 0
43497 249 3 2 0
251264 249 3 3 0
383898 249 2 3 0
386837 249 2 1 0
388307 249 4 1 0
388611 249 3 3 0
428343 249 2 3 0
429076 249 3 1 0
430999 249 3 1 0
485630 249 3 3 0
559649 249 2 3 0
42558 250 3 3 0
43805 250 3 0 0
176547 250 2 0 0
176552 250 4 3 0
197455 250 3 2 0
231684 250 1 1 0
231802 250 4 1 0
231829 250 3 1 0
231877 250 3 1 1
232013 250 3 1 0
232363 250 3 4 1
254495 250 4 1 0
256676 250 4 3 0
283751 250 3 1 0
289168 250 3 3 1
328422 250 3 2 0
387177 250 2 1 0
387613 250 2 1 1
387929 250 3 1 0
388361 250 4 3 0
431002 250 3 3 0
485626 250 3 1 0
509550 250 3 3 0
42962 251 4 1 0
43118 251 3 2 0
43368 251 3 2 1
199253 251 4 3 0
230230 251 2 4 0
231879 251 3 3 0
286663 251 4 3 0
288428 251 3 1 0
388364 251 3 1 1
430574 251 2 3 0
431589 251 2 1 0
8086 252 4 3 0
9887 252 4 3 1
43394 252 4 1 0
176550 252 2 2 0
230005 252 2 1 0
231607 252 2 1 0
232490 252 3 1 0
255617 252 2 1 0
387074 252 2 1 0
387496 252 3 1 0
387975 252 2 1 0
388255 252 3 4 0
428123 252 3 4 0
431445 252 3 4 1
431654 252 3 1 0
495695 252 2 1 0
42399 253 3 0 0
199352 253 2 3 0
229995 253 1 1 0
231217 253 3 1 0
231452 253 3 2 0
232008 253 2 0 0
232232 253 3 1 0
254499 253 4 3 0
387175 253 3 0 0
387472 253 2 1 0
388365 253 2 1 0
416575 253 3 1 0
428063 253 3 3 0
428642 253 4 1 0
428915 253 3 1 0
429086 253 3 3 0
429201 253 4 1 0
42179 254 2 1 0
43009 254 1 1 0
43370 254 2 3 0
43567 254 3 4 1
105651 254 1 2 0
208183 254 2 3 0
232191 254 2 1 0
254497 254 3 3 0
286330 254 2 1 0
388028 254 3 2 0
430697 254 3 1 0
43697 255 4 1 0
149706 255 3 3 0
230160 255 3 1 1
230232 255 2 1 1
231218 255 2 3 0
231788 255 3 1 0
256672 255 5 1 0
290233 255 4 1 0
303290 255 3 3 1
309195 255 4 1 0
387381 255 3 3 0
387574 255 3 1 0
429128 255 3 1 0
429378 255 3 1 0
429458 255 2 3 0
429749 255 2 3 0
430009 255 4 1 0
431001 255 4 3 0
494606 255 2 1 0
509551 255 4 3 0
42679 256 3 3 0
44021 256 3 1 0
44172 256 2 3 0
231107 256 3 0 0
231144 256 3 1 0
231447 256 4 3 0
256673 256 3 1 0
288661 256 3 1 0
289807 256 2 1 0
290234 256 3 1 1
386738 256 3 1 0
387850 256 3 1 0
416955 256 3 1 0
428726 256 4 1 0
428865 256 2 4 1
428952 256 2 1 0
429556 256 3 1 0
429675 256 1 2 0
430010 256 5 1 0
430099 256 1 1 0
431393 256 3 3 0
494609 256 1 3 0
230095 257 3 1 0
231608 257 3 3 0
232285 257 3 1 0
386958 257 2 1 0
388368 257 3 3 0
427974 257 3 1 0
428120 257 4 2 0
429394 257 2 1 0
464659 257 2 3 0
485532 257 2 2 0
230582 258 3 1 0
231665 258 4 3 0
235247 258 3 3 0
416957 258 2 1 0
427984 258 3 1 0
428062 258 3 0 0
428103 258 2 4 0
428702 258 3 1 0
429447 258 3 0 0
7163 259 4 3 0
132824 259 4 3 0
230098 259 3 3 0
230222 259 4 3 0
230231 259 2 1 0
230448 259 3 1 0
230774 259 3 1 0
231113 259 2 3 0
231401 259 3 1 0
231606 259 3 1 0
231686 259 3 3 0
232147 259 3 1 0
288021 259 4 1 0
353934 259 3 3 0
387848 259 2 1 0
429405 259 2 4 1
43297 260 3 1 0
182224 260 2 3 0
185245 260 2 3 0
232196 260 2 1 0
257592 260 2 1 0
257849 260 2 1 0
287018 260 3 1 0
306624 260 2 3 0
417254 260 2 1 0
427975 260 2 1 0
428210 260 2 1 1
429105 260 3 3 0
429253 260 3 3 0
429558 260 2 3 1
429750 260 3 3 0
460012 260 4 3 0
42164 261 1 1 0
42522 261 1 1 0
105652 261 2 3 0
230440 261 3 2 0
230451 261 2 3 0
231948 261 4 3 0
232258 261 2 3 0
255460 261 3 1 0
266509 261 4 1 0
287897 261 1 1 0
290236 261 3 3 1
321650 261 4 3 0
415924 261 2 1 0
427983 261 2 3 0
428457 261 3 3 0
428850 261 1 1 0
429014 261 3 2 0
429389 261 2 1 0
431403 261 3 1 0
523973 261 3 3 0
53589 262 2 3 0
167290 262 2 3 0
231004 262 2 1 0
232194 262 2 3 0
248679 262 3 3 0
255463 262 2 3 0
287016 262 3 1 0
383583 262 2 2 1
389348 262 4 3 0
416601 262 2 3 0
416602 262 2 3 0
427924 262 4 1 0
428452 262 2 0 0
429310 262 2 1 0
429657 262 3 3 0
521797 262 2 2 0
43973 263 4 1 0
230583 263 4 1 0
255461 263 2 1 0
257647 263 2 1 0
288173 263 2 3 0
319167 263 2 3 0
417146 263 2 1 0
428307 263 2 1 0
429067 263 3 1 1
454194 263 4 3 0
524987 263 4 3 1
132505 264 3 2 0
140345 264 3 3 0
230507 264 4 1 0
230509 264 2 3 1
230520 264 4 1 0
230683 264 2 3 0
230803 264 2 1 0
231965 264 1 1 0
257549 264 1 1 0
266510 264 3 1 0
273230 264 4 3 0
287589 264 2 1 0
288886 264 3 2 0
386711 264 2 1 0
388015 264 1 3 0
415751 264 3 4 1
416240 264 3 1 0
417306 264 1 1 0
428453 264 3 1 0
431280 264 3 3 1
431415 264 4 1 0
519089 264 3 3 0
106047 265 3 3 0
182315 265 3 3 0
197762 265 3 3 0
231003 265 4 1 0
231904 265 4 4 0
232123 265 3 0 0
232125 265 3 1 0
253865 265 3 1 0
253866 265 2 3 0
427982 265 3 3 1
428190 265 3 1 1
428193 265 2 3 0
429112 265 3 3 0
429309 265 4 1 0
429699 265 1 1 0
431679 265 3 1 1
454955 265 1 1 0
508928 265 2 3 0
10946 266 2 2 0
39533 266 2 3 0
43669 266 2 3 0
95327 266 2 3 0
147628 266 4 2 0
161207 266 2 1 0
161386 266 4 1 0
182314 266 2 3 0
228614 266 3 3 0
230063 266 3 1 0
231006 266 3 2 0
232151 266 3 1 0
232238 266 3 1 0
257340 266 3 1 0
288007 266 2 1 0
383234 266 3 3 1
387795 266 3 1 0
416455 266 2 2 0
416908 266 3 1 0
428039 266 2 4 1
428157 266 3 1 0
428305 266 2 0 0
428455 266 2 2 0
428456 266 3 3 0
428610 266 3 0 0
428810 266 3 1 0
429110 266 2 1 0
429312 266 4 3 0
430003 266 4 2 1
431416 266 3 3 0
528564 266 3 3 0
140339 267 4 1 0
161039 267 2 1 0
192008 267 2 1 0
215875 267 4 3 0
231372 267 3 3 0
232149 267 3 3 0
253531 267 2 1 0
256075 267 2 0 0
257339 267 3 1 0
410550 267 3 3 0
416909 267 2 2 0
417275 267 3 1 0
452634 267 3 1 0
452923 267 4 3 0
491187 267 2 4 1
17589 268 4 2 1
80331 268 3 3 0
84300 268 2 3 0
106044 268 2 1 1
161018 268 2 1 0
161389 268 4 1 0
162361 268 3 1 0
162470 268 4 3 0
231905 268 4 4 0
232286 268 3 1 0
256051 268 3 1 0
288172 268 3 1 0
362156 268 3 4 1
386834 268 4 3 0
415614 268 3 1 0
416128 268 3 1 0
416749 268 3 3 0
428969 268 2 1 1
429120 268 3 3 0
474528 268 3 3 1
106043 269 2 0 0
118870 269 2 4 1
141488 269 2 1 0
161172 269 2 1 0
161393 269 3 0 0
161395 269 1 1 0
230888 269 2 1 0
231244 269 3 1 0
231910 269 4 4 0
232288 269 2 3 0
254823 269 4 4 0
287508 269 3 1 0
287599 269 1 1 0
330303 269 3 2 0
342212 269 2 2 1
390683 269 2 3 0
428006 269 4 1 0
453702 269 2 1 0
477448 269 2 3 0
29691 270 3 3 0
161120 270 3 1 0
161392 270 3 3 0
161617 270 3 1 0
161658 270 1 3 0
162342 270 3 1 0
230842 270 3 1 0
234341 270 2 3 1
290024 270 4 1 0
328221 270 3 3 0
416021 270 2 1 0
416261 270 3 1 0
416910 270 2 3 0
428466 270 3 4 0
428543 270 4 4 1
428752 270 3 4 0
429701 270 2 3 0
452884 270 3 1 0
454067 270 3 3 0
558764 270 4 2 0
10210 271 3 3 0
65751 271 4 3 0
86195 271 4 3 0
105083 271 2 1 0
160480 271 1 4 1
161122 271 2 3 1
161210 271 4 3 0
231120 271 2 0 0
231741 271 2 1 0
232224 271 2 1 0
253802 271 3 1 0
256456 271 3 1 0
286487 271 4 1 0
286639 271 3 1 0
287252 271 2 1 0
287741 271 2 1 0
386827 271 3 3 0
415556 271 2 1 0
416911 271 4 3 0
417206 271 4 4 0
428634 271 2 1 0
429445 271 2 4 1
454991 271 4 1 0
454992 271 1 1 0
474529 271 4 3 0
54120 272 4 3 0
60568 272 3 3 1
66700 272 3 1 0
141797 272 4 3 0
160378 272 3 1 0
160468 272 2 4 1
161037 272 4 1 0
161359 272 4 1 0
161602 272 2 1 0
162360 272 4 0 0
219448 272 2 3 0
230244 272 2 1 0
230623 272 3 3 0
231432 272 3 1 0
232203 272 2 1 0
233223 272 3 3 0
241209 272 4 4 1
256335 272 3 1 0
256501 272 2 1 0
257341 272 3 1 0
342209 272 4 1 0
383232 272 4 1 0
416861 272 3 0 0
429054 272 3 2 0
429436 272 3 4 0
454990 272 2 0 0
460271 272 3 1 0
482408 272 3 3 0
520067 272 4 3 0
10938 273 1 3 0
85909 273 3 3 0
160620 273 1 1 0
161042 273 2 3 0
161511 273 2 1 0
231324 273 3 3 0
257615 273 3 1 0
286905 273 2 1 1
287738 273 2 1 0
365626 273 3 3 0
415691 273 2 3 0
415850 273 2 1 0
416558 273 3 1 0
428152 273 2 3 0
429439 273 2 3 0
433415 273 2 1 0
453334 273 3 0 0
9270 274 4 0 0
29318 274 3 3 0
104425 274 2 3 0
106086 274 2 1 0
160469 274 2 4 0
161358 274 3 1 0
161747 274 2 1 0
162514 274 3 3 1
231419 274 2 3 0
253801 274 1 0 1
256572 274 2 1 0
256730 274 2 1 0
257023 274 2 1 0
257345 274 2 4 1
257502 274 1 1 0
257618 274 3 3 1
258233 274 4 1 0
286378 274 3 1 0
287104 274 2 1 0
287732 274 2 2 0
287753 274 4 1 0
415558 274 4 3 0
416781 274 1 0 0
453602 274 2 4 1
461111 274 1 1 0
9424 275 3 3 0
85907 275 3 1 0
133986 275 2 3 0
160972 275 2 3 0
161264 275 1 1 0
162275 275 2 1 0
186107 275 2 3 0
191910 275 4 1 0
230747 275 1 1 0
230836 275 3 1 0
231121 275 2 1 0
231245 275 3 3 0
231987 275 2 1 0
232074 275 4 3 0
253803 275 3 1 0
256250 275 3 3 0
256450 275 2 1 0
256646 275 2 1 0
257376 275 3 1 0
258235 275 4 3 1
302896 275 3 3 0
413416 275 2 3 0
415557 275 3 2 1
426132 275 2 2 0
427988 275 3 1 0
452869 275 4 1 0
454727 275 2 0 0
477444 275 3 1 0
9423 276 4 1 0
9734 276 2 1 0
160688 276 4 1 0
160971 276 4 1 0
161357 276 3 0 0
161435 276 4 0 0
209541 276 3 3 0
230245 276 3 1 0
230341 276 3 4 1
231695 276 3 3 0
232210 276 3 1 0
255989 276 3 1 0
257588 276 4 1 0
287852 276 3 3 0
332998 276 2 2 0
384138 276 3 1 0
417265 276 3 3 0
429758 276 3 4 0
477965 276 2 1 1
9422 277 3 1 0
65754 277 3 2 0
85908 277 3 3 0
104933 277 2 4 0
162122 277 2 1 0
193145 277 2 1 0
230238 277 2 3 0
230419 277 3 1 0
231933 277 4 3 1
254123 277 2 1 0
254389 277 2 4 0
256417 277 3 1 0
257346 277 2 4 0
287736 277 3 3 0
365617 277 3 1 0
416547 277 3 3 0
429133 277 3 1 0
29315 278 3 0 0
101602 278 3 2 0
104840 278 3 1 0
106084 278 3 1 0
161083 278 4 1 1
161085 278 3 3 0
161222 278 3 1 0
161712 278 2 1 0
161835 278 3 1 0
162374 278 4 1 0
191916 278 4 1 0
192449 278 4 1 0
255988 278 3 1 0
256658 278 3 1 0
257370 278 3 1 0
257504 278 3 3 0
258007 278 4 1 0
270063 278 3 2 1
332995 278 2 0 0
416545 278 4 1 0
416611 278 3 1 0
428798 278 1 0 0
428907 278 3 2 0
444580 278 2 2 0
453922 278 2 1 0
497612 278 2 3 0
29316 279 2 1 0
84676 279 3 1 0
106395 279 2 1 0
160652 279 3 3 0
160902 279 1 1 0
161118 279 3 1 0
161904 279 4 1 0
161944 279 2 1 1
162431 279 1 1 0
192454 279 4 2 0
230645 279 1 1 0
231629 279 2 1 0
231639 279 2 0 0
231934 279 4 3 0
256656 279 3 1 0
257373 279 3 3 0
288135 279 2 1 0
324825 279 3 2 0
384684 279 2 0 0
415956 279 3 1 0
416918 279 3 1 0
453350 279 2 1 0
453495 279 4 3 0
454307 279 1 4 0
461112 279 3 1 0
6840 280 3 3 0
10675 280 3 1 0
53229 280 3 3 0
160651 280 3 1 0
161069 280 2 2 0
161147 280 2 1 0
161169 280 2 1 0
162169 280 3 1 0
162375 280 2 1 0
162535 280 2 1 0
231172 280 4 3 0
254125 280 3 3 0
258009 280 3 2 0
287251 280 2 4 1
287747 280 2 3 0
288055 280 2 1 0
372201 280 3 1 0
416034 280 4 1 0
416049 280 4 1 0
416050 280 2 3 0
429605 280 3 1 0
454610 280 2 1 0
6835 281 2 3 0
11631 281 2 3 0
50295 281 4 3 0
160376 281 4 3 0
160582 281 2 3 0
160903 281 2 2 0
161302 281 2 1 0
161428 281 1 1 0
161689 281 1 1 0
161787 281 4 4 1
162216 281 2 1 0
162622 281 4 3 0
192696 281 4 1 1
230239 281 2 0 0
231936 281 3 1 0
232032 281 3 1 0
257929 281 3 1 0
258019 281 3 3 0
404180 281 3 3 0
415734 281 4 1 0
415890 281 3 1 0
416043 281 2 1 0
416047 281 2 0 0
416052 281 2 0 0
429515 281 3 0 0
453324 281 1 1 0
453347 281 3 1 0
454892 281 2 1 0
17992 282 3 3 0
53481 282 3 1 0
140028 282 2 3 0
160887 282 3 1 0
161082 282 3 1 0
161236 282 3 3 1
161924 282 3 1 0
192458 282 3 3 0
230290 282 2 3 0
231036 282 3 1 0
232211 282 3 2 0
253951 282 2 1 0
255991 282 3 3 0
256657 282 2 1 0
286389 282 3 1 0
288026 282 3 0 0
293338 282 2 3 0
344025 282 2 2 0
365598 282 1 1 0
372207 282 2 0 0
416548 282 4 3 0
453920 282 2 1 0
453921 282 3 1 0
10819 283 4 1 0
28509 283 2 2 0
29370 283 3 4 1
29491 283 3 1 0
52492 283 2 1 0
160557 283 3 1 0
160947 283 2 4 1
162351 283 3 1 0
231433 283 3 3 0
231631 283 4 3 0
257931 283 1 1 0
258261 283 3 1 0
288216 283 4 2 0
415672 283 1 1 0
416153 283 1 1 0
416460 283 2 1 0
416552 283 3 1 0
416867 283 3 1 0
425339 283 3 3 0
453346 283 2 0 0
453484 283 2 3 0
498234 283 4 4 0
6919 284 3 3 1
10305 284 3 1 0
28374 284 2 1 0
28499 284 4 1 0
148614 284 4 3 0
161943 284 4 1 0
162219 284 2 3 0
230079 284 2 0 0
254029 284 2 1 0
258056 284 1 1 0
415575 284 2 1 0
415957 284 4 1 0
416604 284 2 1 0
427980 284 4 3 0
428515 284 3 1 0
428534 284 2 1 0
452959 284 2 1 0
453923 284 2 1 0
454278 284 4 2 1
496881 284 4 2 0
9402 285 1 0 0
9532 285 3 3 0
29317 285 3 3 0
53790 285 2 1 0
54338 285 3 1 0
54347 285 4 1 0
84968 285 3 1 0
105272 285 2 0 0
105745 285 1 1 0
105792 285 3 1 0
140848 285 4 3 0
162021 285 4 0 0
162168 285 3 1 0
192358 285 2 1 0
217158 285 3 3 0
254026 285 3 2 0
288214 285 3 1 0
288217 285 4 3 0
366609 285 3 1 0
415619 285 3 1 0
415804 285 3 1 0
416046 285 2 3 1
416621 285 1 1 0
416760 285 3 1 0
418211 285 3 1 0
429240 285 3 3 0
454716 285 3 2 0
468406 285 3 3 0
507545 285 4 3 0
6680 286 3 1 1
53475 286 3 3 0
84573 286 2 1 0
106200 286 3 1 0
160420 286 2 1 0
160572 286 3 1 0
161369 286 3 1 0
162350 286 4 0 0
162432 286 3 1 0
173614 286 3 3 0
178407 286 4 3 0
230647 286 2 3 0
231129 286 3 1 0
231649 286 2 3 0
254124 286 3 1 0
255940 286 3 1 0
257609 286 3 1 0
257923 286 4 3 0
258047 286 2 3 1
258282 286 2 1 0
287987 286 3 3 1
372203 286 3 3 0
383948 286 3 1 0
384359 286 3 4 0
415551 286 3 4 0
415808 286 3 3 0
429239 286 3 3 0
453783 286 1 1 0
454093 286 2 1 0
5888 287 2 1 0
6917 287 3 1 0
9227 287 4 1 0
10733 287 3 1 0
28224 287 2 3 0
28500 287 3 1 0
29053 287 2 1 0
29492 287 3 1 0
53284 287 1 1 0
54317 287 4 4 1
74952 287 2 2 0
84997 287 2 0 0
160760 287 2 3 0
161094 287 2 1 0
161427 287 4 1 0
161538 287 2 1 0
256025 287 2 1 0
286730 287 2 1 1
287244 287 4 1 0
365704 287 3 3 0
415703 287 3 1 0
416605 287 2 1 0
428514 287 2 1 0
460732 287 3 2 1
545951 287 2 1 0
545953 287 3 3 0
9541 288 3 1 0
10212 288 3 1 0
28952 288 2 1 0
29710 288 3 3 0
53789 288 3 0 0
54015 288 3 1 0
104536 288 2 1 0
105744 288 2 0 0
161979 288 4 3 0
230030 288 4 3 0
231968 288 2 1 0
366610 288 3 3 0
383342 288 2 1 0
383515 288 4 1 1
383874 288 2 1 0
383939 288 3 1 0
383950 288 1 3 0
384551 288 4 2 0
415578 288 3 2 0
415676 288 3 4 1
416769 288 3 4 1
416794 288 4 1 0
417221 288 2 1 1
428280 288 2 1 0
429384 288 3 4 1
453406 288 3 1 0
453874 288 3 4 0
454902 288 2 1 0
545323 288 2 1 0
6260 289 1 1 0
54342 289 2 1 0
84990 289 1 1 0
85615 289 1 1 0
104538 289 2 1 1
105273 289 3 0 0
105746 289 1 1 0
106199 289 3 0 0
111971 289 3 3 0
140746 289 2 3 1
160595 289 3 3 0
161470 289 3 1 0
162297 289 3 2 0
162437 289 2 3 0
162543 289 3 1 0
178404 289 3 1 0
256285 289 3 3 0
287141 289 2 3 0
288070 289 2 1 0
353470 289 2 2 0
367033 289 2 3 0
383516 289 3 1 1
384668 289 2 1 0
415706 289 3 3 0
416897 289 1 1 1
427987 289 4 1 0
428535 289 4 1 0
452898 289 2 3 0
453384 289 3 1 0
453960 289 2 1 0
454316 289 3 1 0
454362 289 3 1 0
474254 289 3 3 0
545948 289 1 1 0
5887 290 2 0 0
28951 290 2 1 0
29054 290 2 1 0
66288 290 3 3 0
84577 290 4 1 0
105677 290 3 1 0
161443 290 3 1 0
231969 290 2 1 0
257410 290 2 1 0
257698 290 2 1 0
258050 290 3 1 0
258315 290 4 1 0
258316 290 3 1 0
286738 290 3 1 0
382988 290 1 1 0
415806 290 2 1 0
415966 290 4 3 0
415968 290 2 1 0
429074 290 3 1 0
429238 290 3 2 0
453096 290 3 1 0
453902 290 3 1 0
5807 291 3 1 1
5891 291 2 3 0
6920 291 3 1 0
10211 291 3 1 1
29813 291 2 3 0
54247 291 3 1 0
66287 291 2 2 0
69810 291 2 3 0
74986 291 2 3 0
105747 291 3 3 0
160819 291 3 1 0
161347 291 4 1 0
161735 291 3 1 0
161923 291 4 1 0
167576 291 2 2 0
256233 291 3 1 0
286806 291 4 1 0
286815 291 1 4 0
288069 291 2 0 0
384667 291 1 0 0
415579 291 3 3 0
415702 291 2 1 0
428989 291 2 0 0
429236 291 1 1 0
453465 291 2 1 0
454063 291 3 1 0
454903 291 3 3 0
545958 291 3 3 1
6893 292 2 3 0
10214 292 3 3 0
52520 292 3 1 0
52804 292 4 1 0
52973 292 4 3 0
54013 292 4 1 0
85245 292 4 3 0
85509 292 2 1 0
85521 292 3 1 0
104528 292 3 2 0
104540 292 3 3 0
105015 292 3 4 0
105225 292 3 1 0
105276 292 2 2 0
105508 292 4 1 0
105748 292 2 3 0
106072 292 2 2 0
161138 292 1 1 0
161337 292 3 0 0
162352 292 4 1 0
257326 292 3 1 0
286732 292 1 3 0
353469 292 2 2 0
383543 292 4 1 0
396188 292 4 2 0
415969 292 2 1 0
415988 292 2 1 0
416771 292 3 3 0
453115 292 3 1 0
6193 293 2 3 0
9991 293 3 3 0
53494 293 2 1 0
53974 293 1 1 0
84973 293 3 1 0
84999 293 2 2 0
85173 293 3 1 0
85549 293 1 1 0
85617 293 3 3 0
85647 293 2 1 0
85698 293 3 1 0
104537 293 2 1 0
106202 293 3 3 0
160353 293 3 1 1
160475 293 2 3 0
161868 293 2 1 0
256387 293 3 1 0
257407 293 2 0 0
257506 293 3 1 0
257773 293 1 0 0
257774 293 2 1 0
258059 293 2 3 0
286808 293 2 3 1
288130 293 3 1 0
415899 293 3 2 0
429024 293 1 3 0
429628 293 3 1 0
448312 293 3 1 0
452897 293 2 1 0
453564 293 3 3 0
453726 293 4 0 0
454524 293 4 3 0
454643 293 4 1 0
545325 293 3 1 0
6601 294 3 1 0
6814 294 2 1 1
10320 294 3 3 1
29055 294 3 2 0
53103 294 2 1 1
54233 294 3 1 0
84670 294 4 1 0
85174 294 2 1 0
85321 294 3 3 0
85631 294 3 4 1
104541 294 3 3 1
104557 294 2 4 0
161015 294 3 3 0
161288 294 2 2 0
162290 294 4 2 0
162576 294 3 1 0
183924 294 2 3 0
255941 294 2 1 0
257411 294 3 3 0
286915 294 4 1 0
287142 294 4 3 0
287558 294 3 1 0
288255 294 3 1 0
368770 294 2 1 0
382987 294 2 1 0
415549 294 1 3 1
415571 294 3 1 0
415926 294 3 1 0
416035 294 3 1 0
416975 294 3 1 0
427887 294 3 1 0
427904 294 5 1 0
448766 294 2 1 0
448990 294 2 1 1
453172 294 4 1 0
453729 294 4 3 0
453904 294 2 3 1
454304 294 3 3 0
454371 294 3 3 0
5808 295 3 1 0
6783 295 2 1 0
6923 295 3 3 0
7046 295 3 1 0
52885 295 4 1 1
53032 295 3 1 1
84638 295 2 2 0
85255 295 2 3 0
85343 295 4 1 0
161295 295 3 3 0
161610 295 2 0 0
161651 295 4 0 0
162147 295 3 3 0
256272 295 2 0 0
256367 295 2 2 0
256855 295 2 0 0
257144 295 2 4 0
286675 295 4 1 0
287507 295 3 1 0
416973 295 1 1 0
417178 295 2 1 0
451082 295 2 3 0
453411 295 2 4 0
539129 295 3 3 0
7229 296 3 1 0
9822 296 5 3 0
10551 296 2 1 0
52450 296 3 0 0
52887 296 3 3 0
53033 296 3 1 0
53495 296 3 1 0
53975 296 3 1 0
54214 296 2 1 0
85318 296 2 1 0
85587 296 3 1 0
256269 296 3 0 0
257768 296 4 4 0
286480 296 4 3 0
286678 296 3 3 0
337802 296 3 2 1
383544 296 3 1 1
424316 296 1 0 0
424320 296 3 2 0
428993 296 4 3 0
429001 296 4 1 0
453398 296 2 1 1
453875 296 4 1 0
454296 296 2 1 0
469740 296 4 3 0
10229 297 3 4 0
53497 297 2 3 0
54248 297 3 3 1
84427 297 3 1 0
85538 297 3 1 0
85540 297 3 3 0
129289 297 2 2 0
161628 297 2 1 0
256927 297 2 1 0
257221 297 2 4 0
257296 297 4 1 0
258106 297 3 1 0
286401 297 3 4 0
286951 297 1 1 1
287744 297 3 1 0
351663 297 3 3 0
353328 297 3 3 1
383152 297 2 1 0
384669 297 3 1 0
416168 297 3 3 0
428281 297 3 1 0
448255 297 2 1 0
448901 297 2 1 1
454594 297 3 1 0
7024 298 2 4 0
7227 298 2 1 0
53035 298 2 3 0
53403 298 3 1 0
85028 298 3 3 0
85484 298 4 4 1
85544 298 2 3 0
85701 298 4 3 0
105648 298 4 3 0
161189 298 2 3 0
162579 298 3 3 0
257293 298 3 0 0
287559 298 4 2 0
288258 298 3 3 0
416018 298 4 1 0
416826 298 3 1 0
429559 298 3 3 0
448314 298 4 3 0
452699 298 2 4 0
452945 298 2 1 0
559277 298 3 3 1
6358 299 3 3 0
53034 299 2 3 0
53407 299 3 3 0
85001 299 4 1 0
85012 299 3 3 0
97844 299 3 3 0
161625 299 2 3 1
161936 299 2 2 0
184684 299 3 3 0
237847 299 4 3 0
256161 299 3 1 0
256326 299 4 1 0
257298 299 4 2 0
258224 299 3 1 0
286476 299 3 3 1
286904 299 3 4 0
321364 299 2 1 0
383541 299 4 1 0
416186 299 4 1 0
416916 299 1 0 0
417012 299 2 1 0
417013 299 3 1 0
421075 299 1 3 0
428476 299 2 1 0
429348 299 3 3 0
434983 299 3 3 0
444650 299 4 2 0
452686 299 2 1 0
452881 299 2 4 0
461145 299 2 2 0
471259 299 3 4 0
559276 299 2 2 1
52916 300 3 3 0
53338 300 2 3 1
84592 300 3 3 0
85589 300 4 3 0
160407 300 2 1 0
160690 300 1 3 0
161366 300 3 1 0
162370 300 2 1 0
192254 300 3 2 0
287746 300 3 3 0
382999 300 3 1 0
383383 300 3 1 1
415805 300 2 1 0
415919 300 3 1 0
416568 300 3 0 0
427880 300 2 1 0
427888 300 4 3 0
428479 300 3 3 0
452674 300 3 3 0
453380 300 3 1 0
545679 300 2 1 1
7110 301 4 2 0
53177 301 2 1 0
53899 301 3 0 0
54032 301 4 4 1
54218 301 2 3 0
84527 301 4 1 0
85301 301 2 3 0
161612 301 3 2 0
257105 301 3 4 0
286576 301 2 1 0
286699 301 2 0 0
318746 301 2 3 0
383139 301 3 1 0
384671 301 2 3 1
416770 301 3 1 0
416971 301 2 1 0
428477 301 1 1 0
428593 301 3 1 0
446409 301 3 3 0
448902 301 3 1 1
450080 301 3 1 0
453433 301 3 1 0
6274 302 3 0 0
6509 302 3 4 0
7109 302 2 0 0
53990 302 3 3 0
85098 302 4 2 1
161365 302 3 1 0
214818 302 1 0 0
237841 302 3 1 0
256614 302 4 1 0
258111 302 2 3 0
383331 302 2 1 0
415612 302 2 4 0
416896 302 2 2 0
425191 302 2 1 0
428606 302 3 1 0
429593 302 3 2 0
453383 302 2 1 0
519025 302 3 3 0
545183 302 3 1 0
40830 303 3 3 0
41810 303 4 2 0
53142 303 3 3 0
53901 303 2 1 0
54215 303 2 1 0
85087 303 3 1 0
85142 303 2 1 0
160975 303 4 1 0
161321 303 3 4 0
161364 303 2 1 0
237842 303 3 1 0
256616 303 2 3 0
256854 303 4 4 0
257424 303 3 1 0
258078 303 2 1 0
416828 303 3 3 1
417252 303 3 1 0
428032 303 3 3 0
454274 303 4 3 0
454595 303 3 3 0
500910 303 3 3 0
513974 303 3 3 0
514898 303 4 3 0
6915 304 3 3 0
7231 304 3 2 0
13540 304 4 3 0
54217 304 2 3 0
84438 304 2 1 0
84531 304 3 3 0
85179 304 2 1 0
85181 304 2 1 0
85716 304 3 3 0
161705 304 3 3 0
162249 304 2 3 0
236259 304 2 4 0
256162 304 4 1 0
256562 304 2 1 0
257491 304 3 3 0
260764 304 4 3 1
286450 304 3 1 0
286984 304 3 1 0
291368 304 3 3 1
416191 304 3 1 0
416294 304 3 1 0
429173 304 4 1 0
435818 304 3 3 0
448557 304 2 2 1
452672 304 2 1 0
513963 304 2 1 0
545798 304 3 1 0
7279 305 3 1 0
10564 305 4 1 0
53139 305 3 1 0
53823 305 1 1 0
85254 305 3 1 0
85368 305 4 1 0
160717 305 3 1 0
198925 305 3 3 0
237843 305 1 3 0
257114 305 2 1 0
257232 305 2 1 0
260324 305 2 3 0
286453 305 4 3 0
286700 305 2 1 0
383709 305 2 1 0
384046 305 3 1 0
384349 305 3 3 0
432816 305 2 2 0
448899 305 3 0 0
449045 305 4 1 0
450540 305 3 2 0
452675 305 2 3 0
453427 305 4 1 0
453511 305 4 3 0
454475 305 4 4 0
545398 305 3 1 0
10460 306 4 1 0
162427 306 4 1 0
256081 306 3 3 0
256717 306 3 1 0
286606 306 2 1 0
286950 306 5 1 0
383045 306 3 3 0
383666 306 4 4 1
415613 306 3 4 1
425051 306 2 1 0
425053 306 4 1 0
425630 306 2 1 0
450070 306 3 2 0
453592 306 2 1 1
544629 306 2 1 0
545396 306 2 1 0
6412 307 3 4 0
39839 307 3 4 1
66561 307 2 3 0
84439 307 2 1 0
85051 307 3 4 0
85085 307 3 3 0
85362 307 2 3 0
98718 307 3 2 0
160782 307 2 4 0
256451 307 2 1 0
256546 307 2 1 1
257069 307 2 4 1
287327 307 3 3 0
287989 307 2 1 0
383560 307 2 1 0
417835 307 3 3 1
425331 307 1 1 1
428275 307 1 0 0
449725 307 2 3 0
449924 307 3 1 0
453373 307 2 1 0
506032 307 3 2 0
41812 308 4 3 0
85091 308 3 3 0
85406 308 3 1 0
93963 308 3 3 0
93969 308 3 3 0
94592 308 4 1 0
108509 308 2 3 0
160424 308 2 3 0
162141 308 2 0 0
175084 308 2 3 0
190785 308 2 3 0
236619 308 3 3 0
257004 308 3 2 0
258081 308 2 3 0
286249 308 3 1 0
286948 308 3 0 0
287730 308 3 3 0
291529 308 3 3 0
428197 308 3 3 0
429174 308 3 1 0
448559 308 2 3 0
448903 308 3 3 1
449049 308 2 3 1
449482 308 1 1 0
449829 308 2 1 1
453295 308 4 1 0
453812 308 3 1 1
545381 308 2 1 0
545397 308 2 1 0
161315 309 3 1 0
212822 309 2 3 0
255952 309 3 1 0
256566 309 3 3 0
257116 309 2 1 0
257389 309 3 1 0
257416 309 3 1 1
286282 309 2 1 0
288208 309 3 1 0
294170 309 3 3 0
296240 309 3 2 0
384044 309 4 1 0
384047 309 3 1 0
425052 309 2 1 0
427903 309 4 1 0
428283 309 3 3 0
428598 309 2 4 1
453597 309 2 3 0
453606 309 3 3 0
544848 309 4 1 0
545391 309 1 1 0
545399 309 3 3 1
545416 309 3 4 0
53825 310 2 3 1
84440 310 2 1 1
98719 310 2 3 1
161729 310 3 1 0
161976 310 3 0 0
174498 310 3 2 0
199458 310 2 3 0
237844 310 3 3 1
237968 310 2 1 0
256080 310 3 3 0
257077 310 3 1 0
257228 310 3 1 0
286892 310 3 1 1
287382 310 3 1 0
287997 310 3 1 0
289459 310 4 2 1
307407 310 2 2 0
383413 310 2 1 0
424299 310 3 1 0
424326 310 1 1 0
425312 310 3 1 0
425481 310 2 1 0
428046 310 4 1 0
429176 310 3 3 0
432818 310 4 3 1
453296 310 2 1 0
453370 310 2 1 0
508125 310 2 3 0
545392 310 4 1 0
84697 311 3 3 1
85405 311 4 0 0
160718 311 4 1 0
161909 311 2 2 0
162177 311 2 1 0
208277 311 2 4 1
236763 311 2 1 0
238620 311 3 3 0
255997 311 3 1 0
383284 311 3 1 0
383707 311 4 1 0
384471 311 2 1 1
424289 311 2 1 0
425288 311 2 3 0
425773 311 4 3 0
429432 311 4 2 0
453160 311 3 3 1
453479 311 4 1 0
454755 311 3 3 0
545247 311 2 1 0
545686 311 4 1 0
43852 312 3 3 1
85407 312 4 1 0
93252 312 4 4 0
94598 312 2 1 0
96721 312 2 2 1
140510 312 2 3 0
161821 312 4 4 0
256438 312 2 1 0
256797 312 4 1 0
257145 312 2 1 1
257229 312 3 2 0
288014 312 4 3 0
400638 312 2 3 1
425330 312 3 1 0
425726 312 3 3 0
449943 312 3 2 0
453813 312 3 1 0
480511 312 3 3 0
480516 312 2 3 0
545385 312 2 3 0
52682 313 2 1 0
84516 313 3 1 0
85238 313 4 0 0
98720 313 3 3 1
148049 313 3 3 0
238632 313 2 1 0
256671 313 3 1 0
257518 313 2 4 0
257760 313 3 1 0
281208 313 2 3 0
286290 313 3 3 0
286420 313 3 1 0
384631 313 3 1 0
425228 313 2 1 0
425334 313 2 3 0
425786 313 2 4 1
429062 313 4 1 0
491681 313 3 3 0
545975 313 2 3 0
21269 314 3 3 0
94323 314 1 4 0
94597 314 3 0 0
98868 314 2 1 0
161318 314 4 3 0
162180 314 2 1 0
162292 314 3 1 0
174849 314 3 3 0
175050 314 3 2 0
236961 314 3 1 0
255999 314 2 3 0
256181 314 2 3 0
257071 314 3 4 1
257787 314 3 1 0
287048 314 2 1 0
294168 314 3 1 0
297412 314 3 3 0
340727 314 2 2 0
384089 314 3 1 1
384474 314 3 3 0
395864 314 2 2 0
424355 314 3 3 0
424733 314 3 1 0
425725 314 2 1 0
425738 314 4 1 0
425760 314 3 4 0
427856 314 4 1 0
454723 314 1 3 0
482675 314 1 3 0
491679 314 2 1 0
491682 314 3 3 1
544850 314 3 3 0
544853 314 2 1 0
545248 314 3 1 0
545404 314 4 2 0
546348 314 3 1 0
553760 314 4 3 0
56088 315 3 3 0
69617 315 4 3 0
88764 315 2 3 0
93228 315 3 3 0
95555 315 3 1 0
96799 315 3 1 0
143955 315 3 1 0
236766 315 2 1 0
238491 315 3 1 0
255962 315 4 1 0
256018 315 2 1 0
256061 315 3 1 0
256403 315 3 1 1
279719 315 3 1 0
279722 315 2 2 0
288247 315 2 0 1
288250 315 4 1 0
313279 315 2 3 1
324094 315 3 3 0
383049 315 1 0 1
383831 315 2 3 0
424292 315 2 3 0
424331 315 3 3 1
425479 315 3 0 0
425482 315 4 3 1
425628 315 3 1 0
428391 315 4 1 0
449050 315 4 3 0
454026 315 3 1 0
479272 315 4 3 1
510755 315 2 3 0
516990 315 4 3 0
544668 315 2 1 1
545550 315 2 1 0
546350 315 2 4 1
93504 316 2 1 0
98630 316 2 1 0
175454 316 1 1 0
203969 316 3 3 0
206804 316 3 3 1
236960 316 3 0 0
256060 316 2 1 0
257110 316 3 1 0
257763 316 3 3 0
257896 316 4 1 1
286629 316 2 1 0
364007 316 3 1 0
409069 316 2 3 0
410927 316 3 3 0
425414 316 4 1 0
428392 316 4 3 0
454106 316 5 1 0
454107 316 2 1 0
478248 316 3 2 1
482228 316 3 2 0
491676 316 3 3 0
541587 316 2 3 0
93967 317 2 1 0
94559 317 2 1 0
94617 317 2 1 0
142950 317 4 3 0
145524 317 2 3 1
160917 317 3 3 1
173927 317 4 1 0
174713 317 2 1 0
236841 317 2 1 0
237890 317 3 3 0
256576 317 4 1 0
257409 317 4 1 0
257533 317 3 1 0
257795 317 2 2 0
286496 317 1 1 0
287678 317 3 1 0
288251 317 2 1 0
383055 317 4 2 0
383551 317 3 1 0
383844 317 2 1 0
424343 317 4 1 0
425475 317 3 1 0
425757 317 3 1 0
428704 317 2 1 1
453155 317 2 3 0
545408 317 2 4 0
545548 317 3 2 0
545714 317 2 1 0
14613 318 3 3 0
48034 318 2 3 0
84517 318 3 3 0
93021 318 2 1 0
97634 318 3 1 0
132713 318 4 3 0
169073 318 2 3 1
180800 318 2 1 0
188909 318 3 3 0
188910 318 4 3 0
237550 318 2 3 0
237931 318 2 2 0
255974 318 3 1 0
256019 318 3 1 0
256464 318 2 1 0
257792 318 3 3 0
257898 318 3 3 1
288198 318 2 3 0
398194 318 3 3 0
405433 318 3 1 0
424344 318 4 3 0
424639 318 2 1 0
424735 318 2 3 0
424884 318 2 1 0
425037 318 2 3 0
425227 318 4 0 0
425593 318 3 3 0
451905 318 3 2 0
454553 318 2 1 0
491678 318 3 1 0
491992 318 2 1 0
544851 318 4 3 1
545200 318 2 1 0
546210 318 3 1 0
92957 319 3 1 0
143958 319 5 1 0
186276 319 2 3 0
209162 319 3 4 0
237552 319 2 1 0
237662 319 2 1 0
237889 319 2 3 1
238678 319 3 1 0
255972 319 1 0 0
256133 319 3 4 1
256505 319 4 0 0
257895 319 3 0 1
258336 319 3 1 0
286633 319 3 3 1
383582 319 3 1 0
414572 319 4 3 0
424291 319 3 3 0
425351 319 4 3 0
425586 319 1 4 0
425723 319 4 1 0
478246 319 3 0 0
528569 319 3 3 0
546179 319 4 1 0
560042 319 3 2 1
14614 320 3 4 0
94622 320 2 1 0
97061 320 3 3 0
97124 320 3 1 0
98631 320 4 1 0
145521 320 2 1 0
162295 320 3 3 1
256481 320 4 1 0
257109 320 2 0 0
257111 320 4 1 0
257818 320 3 1 0
383052 320 3 2 0
384252 320 3 3 1
410926 320 2 1 0
424399 320 2 1 0
424573 320 2 3 0
424708 320 4 3 0
424986 320 2 1 0
425043 320 4 1 1
425081 320 3 1 1
448594 320 2 0 0
453523 320 2 1 1
480689 320 4 3 0
482020 320 4 2 0
491677 320 3 1 0
491994 320 3 3 0
545547 320 2 2 0
545551 320 2 3 0
545867 320 3 1 0
9922 321 2 3 0
93543 321 2 1 1
93821 321 3 1 0
99298 321 4 1 0
162184 321 2 1 0
169294 321 3 3 0
175295 321 3 1 0
237776 321 3 1 0
237793 321 1 1 0
238269 321 2 1 0
238680 321 3 3 0
285861 321 2 3 0
311626 321 3 3 0
351832 321 3 2 1
383552 321 3 1 0
384634 321 4 3 0
424643 321 4 3 1
424687 321 2 1 0
424744 321 3 1 0
425585 321 3 4 1
440414 321 2 2 0
454109 321 3 3 1
478241 321 3 3 0
491181 321 2 1 0
491399 321 2 1 0
544809 321 3 1 0
545218 321 4 3 0
545865 321 1 0 0
546178 321 2 0 0
7777 322 3 3 0
96780 322 3 1 0
99199 322 1 3 1
174761 322 2 0 0
175076 322 4 1 0
238802 322 3 1 0
257655 322 2 1 0
257817 322 3 1 1
258206 322 2 3 1
324655 322 3 3 0
384282 322 2 1 0
411054 322 3 1 0
424640 322 2 1 0
424646 322 3 3 0
424872 322 2 1 1
424879 322 4 1 0
425080 322 2 1 0
425389 322 3 1 0
425836 322 1 1 0
453151 322 3 1 0
454894 322 3 3 0
544812 322 2 3 0
545475 322 2 4 0
93661 323 2 1 0
94119 323 2 1 1
94504 323 2 1 0
98436 323 2 1 0
99202 323 4 1 0
145333 323 1 1 0
161175 323 2 1 0
178982 323 3 3 0
236834 323 3 1 0
237042 323 3 1 0
237549 323 3 2 1
237554 323 3 3 0
238113 323 2 1 0
238430 323 2 4 1
255973 323 4 1 0
257047 323 2 1 0
257764 323 1 3 0
288197 323 4 3 0
424393 323 4 1 1
425071 323 4 1 0
425492 323 3 1 1
425754 323 2 1 1
454439 323 2 4 0
480687 323 2 1 0
491398 323 3 0 0
546108 323 4 1 0
558091 323 4 3 0
93674 324 4 3 0
93803 324 2 1 0
94410 324 3 1 0
97225 324 2 1 0
99296 324 2 0 0
99299 324 4 1 1
174983 324 3 3 1
175008 324 3 1 0
237397 324 2 3 0
238141 324 2 1 0
238410 324 2 4 1
238685 324 4 3 0
238810 324 2 1 0
256087 324 2 1 0
256232 324 2 1 0
256818 324 3 1 0
257510 324 1 1 0
311631 324 4 2 0
320033 324 3 3 0
383327 324 3 0 0
384596 324 3 1 0
424563 324 3 0 0
424987 324 3 3 0
425185 324 3 1 0
425491 324 2 0 0
425675 324 3 3 0
453585 324 3 1 0
545433 324 2 1 0
546133 324 2 3 0
57831 325 4 1 0
93453 325 4 1 0
93462 325 1 1 0
93660 325 2 1 0
93766 325 2 1 0
93869 325 3 1 0
94101 325 3 1 0
112500 325 2 3 0
126984 325 4 3 0
175297 325 2 3 0
175374 325 2 0 0
201944 325 3 3 0
236886 325 2 1 1
237172 325 3 1 0
237492 325 3 1 0
237645 325 1 1 0
238112 325 2 0 0
309890 325 3 4 1
383553 325 3 1 0
383578 325 3 3 0
424400 325 4 1 0
424401 325 3 3 0
424645 325 4 3 0
424662 325 3 1 0
491183 325 2 1 0
528568 325 4 3 1
544616 325 2 1 0
55212 326 4 3 0
57832 326 3 1 0
60297 326 4 3 0
94509 326 2 0 0
94620 326 2 3 0
94623 326 3 1 0
97826 326 4 1 0
144470 326 3 3 0
169149 326 4 2 0
175335 326 2 1 0
237785 326 2 4 0
238362 326 3 1 0
257654 326 2 1 0
288199 326 4 4 0
302020 326 2 3 0
332071 326 3 3 1
367956 326 4 3 0
383326 326 2 0 0
383925 326 4 1 1
384253 326 3 3 0
425777 326 2 3 0
491664 326 4 1 0
494244 326 2 1 0
503512 326 3 3 0
544596 326 2 1 0
544618 326 2 2 1
545251 326 1 3 0
557659 326 3 1 0
76430 327 3 2 0
94503 327 3 1 0
145108 327 4 1 0
162185 327 4 1 0
237612 327 4 3 1
238798 327 3 4 0
285859 327 3 0 1
288064 327 3 4 1
302402 327 3 3 0
383404 327 3 1 0
410979 327 2 1 0
424537 327 5 3 1
424663 327 3 1 0
424669 327 3 1 0
424988 327 3 3 0
425084 327 3 3 0
425326 327 4 3 0
425789 327 4 1 0
453470 327 2 1 0
491401 327 3 3 0
491538 327 2 1 0
544620 327 3 3 0
3944 328 3 3 0
93278 328 3 1 0
93454 328 3 1 0
94121 328 4 1 0
94417 328 3 1 0
94625 328 2 3 0
97339 328 4 1 0
143996 328 3 3 1
169239 328 3 1 0
237669 328 2 4 0
238039 328 3 3 1
285860 328 2 1 0
349654 328 2 3 1
364220 328 2 3 0
367953 328 1 1 0
383926 328 3 1 0
384158 328 2 3 0
412437 328 3 3 0
412442 328 2 3 1
416679 328 2 2 0
424538 328 3 3 0
425701 328 3 1 0
425792 328 4 3 0
435088 328 3 3 0
474813 328 4 3 0
476343 328 2 3 0
537765 328 3 3 0
73684 329 3 3 0
76428 329 1 0 1
93132 329 3 1 0
93289 329 2 3 0
93461 329 2 0 1
93487 329 2 1 0
93806 329 2 3 0
94434 329 3 0 0
112497 329 3 1 0
144391 329 4 1 0
145334 329 3 1 0
174226 329 2 1 0
175320 329 2 1 0
175339 329 2 4 1
236974 329 3 1 0
237498 329 3 3 0
237614 329 4 1 1
238188 329 1 3 1
238366 329 3 3 0
302144 329 3 3 0
302399 329 2 1 0
302400 329 1 1 0
331854 329 3 4 0
357181 329 2 1 0
383328 329 3 1 0
383471 329 4 1 0
383606 329 3 1 0
424566 329 2 3 0
425153 329 4 3 0
474811 329 2 1 0
491534 329 2 1 0
93680 330 2 1 0
144845 330 3 1 0
147154 330 3 3 0
170962 330 2 3 0
170963 330 3 3 0
182581 330 3 3 0
201942 330 4 3 1
238520 330 3 2 0
238566 330 3 1 0
257653 330 3 0 0
383159 330 2 4 1
383406 330 2 3 0
384255 330 3 1 0
384454 330 2 1 0
411272 330 2 2 0
416681 330 3 3 0
424847 330 2 1 0
425077 330 2 0 0
454533 330 1 1 0
458064 330 4 3 1
527290 330 4 3 0
93124 331 3 3 0
94222 331 2 4 1
94252 331 2 1 0
100742 331 4 3 1
111594 331 2 2 0
144846 331 2 3 0
175505 331 3 1 0
238189 331 3 3 0
238409 331 3 4 0
238660 331 2 1 0
285145 331 2 4 0
286193 331 2 1 0
352807 331 2 3 0
383352 331 3 1 0
383667 331 4 0 0
383671 331 4 3 0
383792 331 3 1 0
383808 331 3 1 0
410974 331 4 1 0
424279 331 2 1 0
424373 331 2 3 0
424670 331 3 1 0
425177 331 2 1 0
425189 331 2 3 0
425702 331 2 3 1
474380 331 2 3 0
474814 331 2 3 0
503510 331 3 1 1
545127 331 4 1 0
73681 332 2 3 0
93133 332 3 1 0
94206 332 3 1 0
94541 332 3 1 0
97141 332 3 1 0
100748 332 2 1 0
112498 332 4 1 0
147155 332 2 3 0
174641 332 3 4 1
258156 332 4 1 0
285865 332 3 1 0
292198 332 3 3 0
383124 332 3 1 0
383777 332 2 2 0
384098 332 2 3 1
403837 332 4 1 0
424388 332 1 1 0
424572 332 2 3 0
424644 332 3 1 0
425715 332 3 1 0
479035 332 2 2 0
494302 332 4 1 0
503509 332 1 0 0
527294 332 3 3 1
144390 333 4 1 0
174485 333 3 2 0
176611 333 3 3 0
238571 333 2 3 0
257222 333 2 0 0
285343 333 4 3 0
285871 333 3 1 0
367951 333 3 1 0
383452 333 3 1 0
384153 333 4 3 0
412763 333 2 1 0
424280 333 3 1 0
424974 333 2 4 1
472654 333 3 1 0
491733 333 1 1 0
494301 333 2 1 0
541556 333 2 3 1
544713 333 3 1 0
91316 334 2 3 0
93681 334 3 1 0
94337 334 2 1 0
144840 334 3 1 0
149462 334 4 2 1
174875 334 3 1 0
175035 334 4 3 0
237060 334 3 1 0
237546 334 2 1 0
253506 334 2 2 0
290215 334 3 2 0
383355 334 2 3 0
383443 334 3 1 0
384621 334 3 0 0
408875 334 2 3 1
412434 334 3 2 0
424387 334 2 1 1
425454 334 2 1 1
425467 334 3 4 0
474810 334 3 0 0
491160 334 4 1 0
492801 334 2 1 0
503076 334 3 1 0
61138 335 3 3 0
94251 335 3 0 0
94440 335 4 1 0
94669 335 3 1 0
99160 335 3 1 0
130794 335 3 3 0
144811 335 3 4 1
145083 335 4 1 0
145179 335 4 4 1
174577 335 2 1 0
175506 335 3 1 0
176610 335 2 3 0
238003 335 4 2 0
238659 335 4 1 0
257159 335 3 0 0
288865 335 3 2 0
302398 335 3 1 0
320234 335 2 2 0
358028 335 4 2 0
411830 335 3 3 0
412761 335 3 0 0
424281 335 3 3 0
425179 335 2 3 0
425198 335 2 1 0
492894 335 1 1 0
493143 335 2 1 1
93059 336 2 1 0
93463 336 4 3 0
93734 336 3 1 0
94205 336 1 1 0
96750 336 2 1 0
145377 336 3 1 0
145467 336 2 1 0
155346 336 4 1 0
174877 336 2 3 0
233502 336 4 3 0
237403 336 2 1 0
290007 336 3 2 0
329374 336 3 3 1
356651 336 3 4 0
383204 336 2 1 0
384689 336 3 1 0
425657 336 3 1 0
452865 336 2 1 0
454137 336 3 3 0
468095 336 4 3 0
493095 336 3 1 0
59698 337 2 3 0
93686 337 3 3 1
94443 337 2 3 0
97089 337 2 1 0
143952 337 2 1 0
144781 337 3 1 1
145423 337 2 1 0
155348 337 3 3 0
237071 337 3 1 0
256513 337 1 1 0
257363 337 2 0 0
383786 337 1 3 1
384084 337 3 3 0
384620 337 2 0 0
424509 337 4 1 0
425126 337 3 4 0
492142 337 3 1 0
492155 337 2 1 0
492395 337 2 1 0
492849 337 2 1 0
492863 337 2 3 0
493049 337 2 1 0
493232 337 3 1 0
493422 337 3 1 0
493963 337 3 3 0
494304 337 3 1 0
503957 337 2 1 0
513304 337 3 3 0
23170 338 3 3 0
61137 338 2 2 0
96587 338 3 1 0
97143 338 3 3 1
364894 338 3 3 0
384297 338 2 1 0
411271 338 4 1 1
411882 338 2 1 0
412108 338 3 1 0
424339 338 2 1 0
424441 338 3 2 0
425832 338 2 1 0
481611 338 3 3 0
491696 338 3 1 0
492895 338 2 3 0
505013 338 3 4 0
93652 339 3 1 0
94041 339 2 1 0
98594 339 2 1 0
145454 339 4 1 0
146546 339 2 3 0
237877 339 2 1 0
238235 339 3 3 0
363983 339 2 3 1
384658 339 1 3 0
491083 339 2 1 0
491271 339 2 1 0
491454 339 2 1 0
492475 339 2 1 0
494148 339 2 3 0
73432 340 2 1 0
92033 340 4 2 1
94526 340 4 1 0
99254 340 1 1 0
144155 340 3 3 0
144494 340 2 1 1
144922 340 2 1 0
145462 340 4 1 0
174878 340 2 3 0
237072 340 3 1 0
356652 340 3 3 0
364893 340 3 2 0
383770 340 2 3 1
383772 340 4 1 0
384687 340 3 1 0
408876 340 3 3 0
411500 340 3 1 0
418403 340 2 3 0
452866 340 3 3 0
474089 340 2 3 0
492107 340 4 1 0
492140 340 2 1 1
492156 340 2 2 0
494038 340 2 1 0
494123 340 3 1 0
505042 340 3 1 0
527648 340 3 0 0
73397 341 2 3 0
120048 341 2 3 0
144597 341 4 3 0
146547 341 3 3 0
237310 341 2 1 0
238145 341 3 3 1
258032 341 2 0 0
266526 341 1 3 0
276791 341 2 3 0
383735 341 4 3 0
384081 341 5 1 0
384660 341 3 4 1
413003 341 2 1 0
481006 341 2 1 0
489931 341 3 2 0
491081 341 2 3 0
493346 341 3 1 1
70753 342 3 3 1
93172 342 2 1 0
93502 342 3 1 1
93649 342 4 1 0
94603 342 2 3 0
144813 342 2 2 0
144864 342 2 1 0
145030 342 1 1 0
188827 342 3 3 0
384083 342 3 2 0
384086 342 3 3 0
384267 342 4 3 1
410913 342 3 1 0
454668 342 3 2 0
491082 342 3 1 0
491157 342 3 0 0
493219 342 4 1 0
493541 342 3 3 0
493854 342 2 1 0
493900 342 1 1 0
73448 343 2 1 1
74260 343 3 1 0
93584 343 2 1 0
93590 343 2 1 0
93642 343 3 1 0
93647 343 2 0 0
93650 343 3 3 0
98804 343 1 3 0
99092 343 3 0 0
145070 343 2 1 0
145231 343 3 1 0
237070 343 2 1 0
257226 343 3 2 0
383538 343 3 1 0
418401 343 3 1 0
425161 343 1 3 0
470755 343 3 3 0
481005 343 4 1 0
482577 343 3 1 0
493414 343 1 1 0
493524 343 3 1 0
493545 343 3 3 0
493863 343 4 1 0
494040 343 2 3 0
494121 343 3 2 1
504965 343 3 1 0
74238 344 1 1 0
93606 344 3 3 0
145069 344 4 3 0
168093 344 2 3 0
187546 344 1 1 0
383243 344 3 1 0
383774 344 3 3 1
384082 344 3 1 0
384690 344 2 3 0
454132 344 4 2 0
470753 344 1 1 0
482594 344 3 1 0
492106 344 3 1 0
492906 344 2 1 0
493892 344 2 1 0
494260 344 2 1 0
541700 344 3 3 0
45 345 3 3 0
55092 345 4 3 0
92936 345 3 1 0
93585 345 2 1 0
93592 345 3 3 1
144777 345 3 0 0
144865 345 2 1 0
237335 345 3 1 0
256303 345 3 4 1
410803 345 3 3 0
413002 345 4 1 0
430222 345 1 3 0
491908 345 2 0 0
492141 345 3 1 0
493639 345 3 1 0
561290 345 2 3 0
1796 346 2 2 0
93593 346 3 3 0
93602 346 2 1 1
94095 346 3 1 0
102573 346 3 3 0
144680 346 2 1 0
145228 346 2 3 1
145230 346 2 1 0
145443 346 2 1 0
168092 346 2 1 0
383015 346 2 0 0
383242 346 4 1 0
383245 346 3 3 0
383438 346 3 1 0
474837 346 3 3 0
474935 346 3 1 0
480993 346 2 1 0
482127 346 2 3 0
493207 346 3 1 0
493344 346 3 0 0
493804 346 2 1 0
505747 346 4 3 0
30362 347 3 3 0
73748 347 2 1 0
73793 347 2 1 0
74009 347 3 1 0
74164 347 3 1 1
74209 347 3 1 0
74236 347 2 0 0
74264 347 3 1 0
144551 347 2 1 0
189107 347 4 1 0
189110 347 2 3 0
470768 347 3 2 0
481009 347 4 1 0
481277 347 3 3 0
482070 347 3 1 0
482595 347 2 3 1
489202 347 3 3 1
493695 347 3 1 0
494167 347 2 1 0
494263 347 2 2 0
502986 347 3 4 0
503089 347 2 1 1
504200 347 2 3 0
504593 347 4 1 0
505043 347 3 1 0
561673 347 3 2 0
61601 348 2 1 0
93091 348 3 1 0
93429 348 4 1 0
93572 348 3 1 0
94545 348 3 2 0
144636 348 3 1 0
159625 348 3 2 0
210728 348 4 2 1
237003 348 2 1 0
237245 348 1 1 0
237959 348 3 1 0
393440 348 2 3 0
411939 348 2 1 0
425573 348 2 1 0
470811 348 3 3 0
474940 348 4 1 0
481818 348 3 1 0
482064 348 3 1 0
482131 348 1 4 0
482596 348 3 3 0
494107 348 3 4 0
561287 348 3 0 0
561696 348 1 1 0
35608 349 2 3 0
61600 349 2 1 0
74898 349 2 1 0
93156 349 4 4 0
93571 349 3 1 0
93608 349 3 2 0
93651 349 3 3 1
144910 349 2 1 0
145164 349 3 1 0
237229 349 2 1 0
237337 349 3 1 0
410914 349 4 3 0
412937 349 4 3 0
481560 349 3 2 0
491914 349 3 3 0
492041 349 4 2 0
492907 349 3 1 0
492998 349 3 1 0
493208 349 4 1 0
493420 349 3 1 0
493696 349 2 3 0
493806 349 3 3 0
494017 349 2 2 0
504651 349 4 1 0
504705 349 2 1 0
511959 349 3 2 0
525197 349 3 2 0
73845 350 3 1 0
74235 350 2 0 0
74402 350 2 1 0
74509 350 3 1 0
144130 350 2 3 0
144944 350 3 1 0
145875 350 2 2 0
180667 350 3 0 0
189108 350 2 1 0
303739 350 4 3 0
383103 350 3 1 1
383435 350 3 3 0
384069 350 3 1 0
412098 350 3 3 0
474834 350 3 1 0
481667 350 2 1 0
492429 350 3 3 0
492636 350 2 1 0
492664 350 4 3 1
493490 350 3 3 0
494238 350 3 4 1
503332 350 2 1 0
503691 350 1 1 0
504252 350 3 3 0
504568 350 3 3 0
504677 350 2 1 0
504964 350 3 3 1
562608 350 2 1 1
73365 351 1 1 0
75012 351 3 1 0
144022 351 2 3 0
144451 351 4 1 0
144674 351 2 1 0
144947 351 2 3 0
283423 351 2 3 0
402501 351 2 3 0
432307 351 2 3 0
474932 351 3 3 0
482067 351 2 3 0
482077 351 3 3 0
482117 351 2 1 0
490787 351 3 3 0
492457 351 3 3 0
494166 351 3 1 0
494278 351 3 3 1
504407 351 3 4 0
504741 351 4 1 0
61283 352 2 1 1
73848 352 4 3 0
93000 352 2 1 0
93404 352 2 4 1
93883 352 3 1 0
93931 352 3 1 0
93943 352 4 1 0
144175 352 4 1 0
144635 352 2 0 0
144967 352 3 1 0
145027 352 3 1 0
189109 352 2 3 0
256395 352 3 2 0
283430 352 2 1 0
383240 352 4 1 0
383260 352 2 1 0
412944 352 3 1 0
454567 352 2 3 0
479420 352 4 3 0
481831 352 4 1 1
482004 352 4 1 0
492428 352 1 1 0
493354 352 2 1 0
493423 352 2 3 0
494179 352 4 1 0
494182 352 3 1 1
504591 352 3 1 0
562610 352 3 3 0
73975 353 3 1 1
95505 353 3 3 0
144637 353 4 1 0
144638 353 2 1 0
145417 353 4 1 0
187781 353 3 3 0
188062 353 3 1 0
284310 353 3 3 0
417357 353 3 3 0
447252 353 4 3 0
474488 353 3 1 0
474929 353 1 2 0
475399 353 2 1 0
481071 353 2 1 0
482116 353 2 1 0
482164 353 3 1 0
491535 353 3 1 0
491544 353 2 1 0
493210 353 3 3 0
493489 353 2 1 0
503943 353 4 3 0
558525 353 3 3 0
563300 353 4 3 0
49662 354 4 3 0
74510 354 4 1 0
101727 354 3 3 0
144949 354 3 1 0
188465 354 4 3 0
268179 354 2 1 0
383082 354 3 3 0
412041 354 2 1 0
412945 354 3 3 0
481310 354 3 4 0
485270 354 4 3 0
494095 354 2 1 0
494119 354 2 1 0
504321 354 3 1 0
504668 354 1 1 0
31313 355 2 4 0
42254 355 3 3 1
93482 355 3 1 0
93884 355 4 1 0
144197 355 3 1 0
144375 355 2 1 1
144730 355 3 1 0
188581 355 2 1 1
188583 355 3 1 0
189301 355 2 3 1
236907 355 3 3 0
243283 355 2 3 0
383104 355 3 1 0
383525 355 2 1 0
384688 355 3 1 0
474920 355 3 1 0
482483 355 3 1 0
482699 355 3 1 0
482706 355 2 0 0
491551 355 3 1 0
493487 355 2 1 0
493491 355 1 3 0
503451 355 1 1 1
503759 355 2 3 0
504289 355 3 0 0
504505 355 3 1 0
504684 355 3 1 0
504706 355 3 3 0
504845 355 1 0 0
63193 356 4 1 0
74689 356 3 1 0
75025 356 2 1 0
92956 356 1 1 1
93288 356 3 1 0
93478 356 1 1 0
144968 356 4 2 0
382998 356 3 1 0
388449 356 2 3 0
415360 356 4 2 0
475452 356 2 1 1
481942 356 3 4 1
482153 356 2 4 1
491140 356 2 1 0
491449 356 2 1 0
503881 356 2 1 0
504322 356 3 3 0
10172 357 4 3 1
93226 357 3 1 0
144297 357 4 3 0
144339 357 3 1 0
144419 357 3 1 0
144948 357 2 1 0
187806 357 3 1 0
188061 357 3 0 0
283488 357 3 2 0
284426 357 2 3 0
335595 357 2 3 0
383432 357 2 3 0
383679 357 4 3 0
385859 357 3 3 0
388447 357 2 2 0
442401 357 2 2 1
482701 357 4 3 0
492431 357 1 3 0
493353 357 2 0 0
503675 357 3 4 0
503716 357 3 3 0
504594 357 4 3 0
14003 358 3 2 0
93003 358 4 3 0
93923 358 3 3 0
94187 358 2 1 0
94315 358 3 1 0
159989 358 4 3 0
187807 358 2 3 1
237770 358 4 4 0
238781 358 3 3 0
365491 358 3 3 0
383000 358 3 1 0
417356 358 4 1 0
418345 358 3 1 0
474489 358 3 1 0
475313 358 3 1 0
482361 358 3 1 0
491546 358 3 3 0
493370 358 3 4 0
493694 358 4 1 0
502920 358 2 1 0
504454 358 3 4 1
540521 358 3 2 0
541833 358 3 2 0
561450 358 3 1 0
63127 359 3 0 0
63195 359 3 3 0
94422 359 3 1 0
113693 359 4 3 0
145195 359 3 1 0
195445 359 4 3 0
238777 359 3 0 0
244590 359 3 2 0
266978 359 2 3 1
324110 359 3 1 0
383099 359 2 3 0
388448 359 2 2 0
480974 359 5 1 0
481862 359 1 1 0
482350 359 3 1 0
482700 359 3 2 0
491668 359 3 1 0
503723 359 3 1 0
541828 359 3 1 0
94185 360 2 0 0
144721 360 2 4 0
145324 360 3 1 0
188031 360 2 1 0
244592 360 3 1 0
263448 360 3 3 1
324138 360 3 2 0
352652 360 2 1 0
383304 360 2 1 0
383608 360 3 4 1
418640 360 3 4 1
418694 360 3 1 0
422916 360 2 2 0
425094 360 1 1 0
473865 360 3 1 0
480976 360 3 3 0
481934 360 3 2 0
496407 360 2 4 0
503880 360 3 1 0
504364 360 3 1 0
504707 360 3 3 0
505094 360 4 1 0
63904 361 4 3 1
93630 361 3 1 0
94530 361 3 1 0
120744 361 2 3 0
144312 361 2 3 0
145159 361 3 1 0
145406 361 2 4 0
187516 361 2 1 0
187692 361 3 1 0
187966 361 3 1 0
189123 361 3 1 0
189126 361 3 3 0
266222 361 2 2 0
324107 361 2 1 0
324136 361 2 0 0
356249 361 3 3 1
384580 361 4 1 0
418346 361 3 1 0
425484 361 2 1 0
474054 361 2 1 0
474076 361 3 1 0
474523 361 3 1 0
474532 361 2 1 0
475067 361 2 1 0
475377 361 4 1 0
475379 361 2 1 0
482360 361 4 1 0
482364 361 3 3 0
503936 361 1 1 0
504292 361 4 3 0
504611 361 3 2 0
504737 361 2 1 0
504976 361 4 3 0
541185 361 3 3 0
541832 361 3 1 0
63128 362 2 1 0
74616 362 3 1 0
93494 362 3 1 0
93893 362 4 1 0
94317 362 3 3 0
187695 362 3 3 0
187963 362 3 1 0
187970 362 3 0 0
188065 362 2 0 0
188381 362 3 1 0
208288 362 2 3 0
310246 362 3 1 0
324299 362 3 1 0
383411 362 3 1 0
417442 362 2 1 0
422912 362 2 1 1
474666 362 3 1 1
494227 362 2 3 0
503737 362 1 1 0
504419 362 1 1 0
504544 362 3 1 0
504547 362 2 3 0
504846 362 3 1 0
505002 362 4 1 0
541648 362 3 1 0
21839 363 3 3 0
61128 363 3 4 0
65326 363 3 4 1
74635 363 2 1 0
75090 363 3 1 0
81981 363 1 3 0
83627 363 3 3 0
88367 363 3 3 0
93761 363 3 1 0
94190 363 3 3 0
144253 363 2 2 1
144587 363 2 3 0
144762 363 3 1 0
145283 363 3 1 0
145459 363 2 1 0
187693 363 2 1 0
188708 363 2 1 0
189128 363 4 3 0
257148 363 3 3 0
346069 363 3 3 0
383888 363 2 1 0
384140 363 3 1 0
475288 363 1 1 0
475551 363 3 1 0
493704 363 2 0 0
493736 363 2 1 0
503643 363 4 1 0
503836 363 3 1 0
504113 363 2 1 0
541771 363 2 1 0
74202 364 2 1 0
74617 364 1 1 0
75092 364 2 3 0
143999 364 2 4 0
144380 364 4 1 0
145358 364 3 1 0
185085 364 2 2 0
238345 364 2 1 0
320775 364 2 3 0
324716 364 2 1 0
473932 364 4 1 0
474497 364 3 1 0
475422 364 2 1 0
475617 364 4 1 0
493957 364 2 1 0
503447 364 3 1 0
503640 364 3 1 0
504021 364 2 3 0
504079 364 3 1 0
504369 364 4 3 0
541547 364 2 3 1
541784 364 3 3 1
