66332 4 3 3 0
179002 4 3 3 0
220831 4 3 3 0
179918 5 4 3 0
274671 5 4 1 0
360624 5 4 2 0
226454 6 3 3 0
282808 6 5 3 0
274675 7 2 3 1
420416 7 3 3 0
420749 7 2 1 0
448230 8 4 3 0
117268 11 3 3 1
215368 11 4 3 0
448237 11 2 3 0
399413 12 2 2 0
419296 12 3 1 0
116011 13 3 3 0
216059 13 3 1 0
216060 14 3 1 0
419964 14 3 1 0
117524 17 3 1 0
419939 17 3 1 0
419966 17 4 1 0
214714 18 2 2 0
215089 18 4 1 0
215672 18 3 1 0
216021 18 4 1 0
216062 18 3 3 1
419965 18 4 1 0
215817 19 2 1 0
215991 19 3 1 0
419543 19 2 2 0
214915 20 3 1 0
216153 20 3 1 0
419141 20 3 1 0
507013 20 3 2 0
92281 21 2 3 0
215223 21 4 3 1
215671 21 2 1 0
215993 21 3 3 0
216199 21 3 3 0
419133 21 3 0 1
419544 21 2 2 0
419563 21 3 3 0
507014 21 2 2 0
419537 22 2 1 0
419561 22 3 1 0
420490 22 1 1 0
420652 22 2 0 0
214916 23 3 2 0
215037 23 3 1 0
215038 23 2 1 0
215435 23 4 1 0
216041 23 3 1 0
294189 23 2 3 0
419140 23 4 1 0
214644 24 3 1 0
215568 24 3 1 0
419139 24 3 1 0
420557 24 2 1 0
420607 24 4 1 0
420689 24 3 1 0
210607 25 4 3 0
214879 25 3 1 0
214933 25 4 4 1
215110 25 1 1 0
419594 25 4 1 0
419669 25 3 1 0
419754 25 3 1 0
214746 26 2 1 0
214996 26 2 1 0
215039 26 2 1 0
215102 26 2 1 0
420040 26 3 1 0
420060 26 3 1 0
87685 27 4 3 0
194598 27 3 3 0
215066 27 3 1 0
215191 27 2 1 0
419106 27 3 1 0
419210 27 3 1 0
419329 27 2 1 1
419672 27 3 3 0
420174 27 4 1 0
420608 27 3 1 0
214355 28 3 3 0
214545 28 3 1 0
214764 28 4 4 1
215036 28 3 1 0
215040 28 3 3 0
215100 28 3 0 0
215325 28 3 1 0
215565 28 2 1 0
419464 28 4 1 0
419671 28 4 3 1
420206 28 1 0 0
420653 28 4 2 0
214728 29 2 1 0
214994 29 1 0 0
215404 29 2 0 0
215474 29 3 1 0
277724 29 3 3 0
419465 29 3 1 0
420175 29 2 1 0
420733 29 3 3 0
214729 30 2 3 0
214874 30 3 1 0
214988 30 4 1 0
215193 30 3 3 0
215982 30 2 4 1
362543 30 2 2 0
413195 30 3 2 1
419213 30 3 3 0
419504 30 3 3 0
420659 30 4 2 0
214748 31 2 1 0
215068 31 2 3 0
215843 31 3 3 0
420008 31 2 3 1
420370 31 2 1 0
420577 31 3 3 1
420785 31 3 3 1
87679 32 4 3 0
214862 32 3 4 0
215657 32 4 1 0
215689 32 3 3 0
215690 32 3 3 0
419670 32 4 1 0
420550 32 4 3 0
214629 33 3 4 0
215490 33 4 1 0
215658 33 2 1 0
215679 33 2 2 1
419241 33 2 1 0
419315 33 3 1 0
87681 34 3 2 0
215786 34 3 3 0
420776 34 4 1 0
427005 34 4 2 0
25540 35 3 3 1
214685 35 3 4 1
214760 35 2 1 0
215067 35 2 2 0
215979 35 4 3 0
419509 35 2 1 0
419792 35 3 1 0
420198 35 3 3 1
420706 35 3 1 0
443042 35 3 3 0
501873 35 3 2 0
89299 36 4 3 1
215029 36 3 1 0
215889 36 2 1 0
216155 36 2 3 0
419444 36 2 1 0
420261 36 2 1 0
420544 36 3 0 0
68545 37 3 3 0
215660 37 3 3 0
215661 37 4 3 0
215976 37 3 3 1
419243 37 3 2 0
419850 37 2 1 0
420545 37 2 0 0
420546 37 3 0 0
427629 37 2 4 0
456095 37 3 3 0
510521 37 2 2 0
26174 38 2 3 1
69318 38 2 4 0
215861 38 3 1 0
256437 38 3 1 0
419188 38 3 1 0
420328 38 3 1 0
420467 38 2 1 0
420854 38 1 0 0
213296 39 3 2 0
214736 39 3 1 0
214845 39 4 1 0
419411 39 4 1 0
420410 39 2 1 0
420449 39 1 1 0
420476 39 2 1 1
420551 39 2 3 1
63515 40 3 2 0
111378 40 3 2 0
214495 40 1 3 1
214848 40 2 3 0
420290 40 3 1 1
420426 40 2 1 0
420774 40 2 1 0
427014 40 2 4 1
26171 41 3 1 0
214616 41 4 0 0
216152 41 2 1 0
256014 41 2 1 0
420313 41 1 1 0
420465 41 2 4 0
439949 41 4 3 0
64804 42 3 3 0
75428 42 3 3 1
112361 42 2 1 0
215178 42 2 1 0
215201 42 3 0 0
417456 42 4 3 0
419409 42 4 4 1
215181 43 2 2 0
419189 43 1 3 0
419973 43 4 1 0
420447 43 3 3 1
420475 43 3 1 1
24720 44 2 0 0
63932 44 3 3 0
112671 44 2 2 0
215182 44 4 3 0
215333 44 2 1 0
215771 44 4 3 0
257549 44 2 1 1
258273 44 2 1 0
419755 44 3 1 0
419983 44 2 1 0
426366 44 3 4 0
25061 45 3 1 0
63516 45 2 3 0
112038 45 2 1 0
257130 45 2 1 0
258093 45 3 1 0
420457 45 3 3 1
420873 45 2 1 0
511324 45 4 3 0
25678 46 2 3 0
112362 46 2 1 1
216093 46 2 1 0
216094 46 2 1 0
256853 46 3 1 0
420312 46 4 1 0
214796 47 2 1 0
215179 47 3 1 0
215263 47 3 3 0
257550 47 2 2 0
257619 47 4 1 0
216048 48 3 1 0
216117 48 2 1 0
257163 48 3 1 0
258236 48 2 1 0
419660 48 3 3 0
214895 49 3 3 0
255940 49 3 1 0
258278 49 4 3 0
511323 49 3 3 0
417902 50 3 2 0
419157 50 2 1 0
419945 50 2 3 0
420872 50 3 1 0
25339 51 4 1 0
112729 51 3 3 1
256452 51 3 1 0
419154 51 1 1 0
511322 51 2 2 0
215153 52 2 1 0
256216 52 3 4 0
25337 53 2 1 0
256783 53 4 1 0
256976 53 3 1 0
419723 53 2 1 0
419944 53 3 3 0
256786 54 2 1 0
420421 54 4 1 0
432840 54 2 3 1
511321 54 3 1 0
419943 55 3 3 0
420738 55 3 1 1
420875 55 4 3 0
256796 56 2 1 0
287239 56 4 3 0
432529 56 4 4 0
541378 56 3 3 0
256788 57 2 3 0
256975 57 3 1 0
433981 57 2 1 0
434771 57 2 1 0
434776 57 1 1 1
256787 58 3 3 0
258075 58 3 1 0
349543 58 2 3 0
419900 58 2 1 0
420740 58 2 3 0
435442 58 4 1 0
458531 59 2 3 0
36674 60 2 3 1
256884 60 3 1 0
415597 60 2 3 0
25568 61 1 0 0
419785 61 3 3 0
435198 61 4 1 0
435724 61 3 1 0
256080 62 2 1 0
256550 62 2 1 0
434779 62 3 3 0
25100 63 3 1 0
25569 63 1 1 0
256288 63 1 1 1
256436 63 3 1 0
256609 63 2 1 0
257341 63 2 1 0
257975 63 3 1 0
434623 63 3 0 0
435207 63 3 3 1
449122 63 2 2 0
25713 64 4 1 0
256548 64 2 1 0
256675 64 5 1 0
348745 64 2 3 0
349760 64 3 1 0
435205 64 2 2 0
436032 64 4 1 0
25074 65 4 3 0
256307 65 2 1 0
258109 65 4 4 1
416723 65 4 3 0
435726 65 2 1 0
24815 66 4 1 0
25106 66 2 3 1
25768 66 2 1 0
257883 66 2 1 0
348751 66 2 2 0
348988 66 3 1 0
415594 66 3 1 0
256426 67 3 1 0
256553 67 2 4 0
257668 67 3 2 0
257977 67 3 3 0
349074 67 3 1 0
350086 67 2 1 0
434906 67 3 1 0
434909 67 2 1 1
435438 67 4 1 0
562394 67 2 2 0
154613 68 2 2 0
256784 68 4 1 0
257974 68 3 1 0
348752 68 3 2 0
562395 68 4 3 0
25835 69 3 1 0
256287 69 2 1 0
257666 69 4 1 0
258058 69 3 0 0
348750 69 2 1 0
348872 69 2 1 0
348878 69 3 3 0
349359 69 3 1 0
349731 69 1 1 0
395198 69 3 3 0
435463 69 2 1 0
435716 69 3 3 0
561579 69 2 1 1
25057 70 3 1 0
25147 70 4 1 0
25765 70 3 3 0
256429 70 2 3 0
256449 70 4 1 0
256540 70 3 1 0
256986 70 4 3 0
257092 70 2 1 0
348824 70 4 1 0
350088 70 2 3 0
515197 70 2 3 0
561778 70 2 4 0
562402 70 3 1 0
26023 71 2 1 0
257670 71 3 3 0
348106 71 3 1 0
349809 71 2 3 0
366244 71 3 3 1
434277 71 3 1 0
435963 71 2 1 0
25031 72 4 1 0
25790 72 2 1 0
256243 72 4 1 0
256574 72 3 1 0
256575 72 3 1 0
256984 72 2 3 0
258346 72 3 1 1
348877 72 3 3 0
349401 72 4 1 0
434354 72 3 1 0
435884 72 2 1 1
561877 72 2 1 0
25034 73 3 2 0
25837 73 3 3 0
256886 73 2 1 0
256955 73 3 1 0
257669 73 3 2 0
258274 73 2 1 0
327334 73 2 3 1
348109 73 3 3 0
348749 73 3 1 0
348826 73 3 2 1
348875 73 3 1 0
350038 73 2 1 0
434358 73 2 3 0
25058 74 4 1 0
256847 74 2 1 1
257588 74 4 1 0
322366 74 4 2 0
348753 74 2 2 0
348845 74 2 2 0
349365 74 3 1 0
349527 74 2 1 0
349709 74 3 1 1
395196 74 3 2 0
434626 74 4 3 0
435968 74 2 1 0
436033 74 2 1 0
188756 75 2 2 0
257090 75 3 1 0
348189 75 2 1 0
349587 75 3 1 0
366243 75 1 1 0
434617 75 4 1 0
435696 75 3 1 0
435962 75 2 0 0
482123 75 4 2 1
24804 76 3 1 0
25038 76 3 3 0
26050 76 4 1 0
253571 76 2 2 0
257454 76 2 1 0
258164 76 2 1 0
258276 76 3 1 0
314841 76 2 1 0
348108 76 3 3 0
348326 76 4 1 0
348827 76 3 3 0
349368 76 2 0 0
349819 76 2 1 0
411802 76 2 3 0
435087 76 3 1 0
435964 76 3 1 0
24750 77 3 1 0
25911 77 3 3 0
257487 77 3 1 0
257592 77 2 1 0
257961 77 3 1 0
258009 77 2 0 0
258021 77 3 1 0
258182 77 2 4 0
348125 77 2 1 0
348207 77 2 0 0
348208 77 4 1 0
348325 77 4 1 0
349130 77 3 1 0
434034 77 1 4 0
435157 77 2 1 1
435969 77 4 3 0
24751 78 3 3 0
253717 78 4 3 1
257453 78 3 1 0
258277 78 4 2 1
274608 78 2 1 0
337085 78 2 1 0
337087 78 4 3 0
339019 78 3 3 1
348442 78 4 3 1
348858 78 2 3 1
349186 78 3 4 0
349934 78 3 3 0
435965 78 3 3 0
436031 78 2 0 1
24752 79 2 3 0
25286 79 1 1 0
25443 79 2 1 0
25897 79 4 1 0
26062 79 2 1 0
27612 79 1 3 0
188922 79 2 1 0
256764 79 3 2 0
257784 79 3 0 0
257928 79 3 0 0
348105 79 3 1 0
348211 79 3 2 0
348740 79 3 1 0
349328 79 3 1 0
349780 79 3 1 0
350018 79 3 1 0
434565 79 4 1 0
434890 79 3 1 0
435970 79 3 3 0
256008 80 2 1 0
256589 80 4 1 0
257136 80 2 1 0
257789 80 3 0 0
258253 80 3 1 0
274607 80 1 0 0
314330 80 3 1 0
337084 80 4 1 0
348107 80 1 3 0
349370 80 3 2 0
349416 80 2 1 0
350106 80 1 1 0
434574 80 2 1 0
434602 80 2 0 0
434810 80 1 1 0
434892 80 3 1 0
435466 80 3 1 0
435652 80 3 1 0
24745 81 1 1 0
25579 81 2 1 0
25596 81 3 1 0
97183 81 3 3 0
256347 81 3 1 0
257595 81 3 3 0
257930 81 3 2 0
343109 81 3 3 1
348307 81 3 1 0
348424 81 3 1 0
348814 81 4 1 0
349094 81 3 3 0
349569 81 2 1 0
349777 81 3 1 0
381727 81 4 3 0
435120 81 2 1 0
435216 81 4 3 0
464250 81 4 3 0
482561 81 3 3 0
25287 82 3 3 0
25297 82 4 1 0
25595 82 2 4 0
27610 82 2 1 0
187404 82 2 1 0
188790 82 2 1 0
216669 82 3 3 0
256467 82 4 3 0
256770 82 3 4 0
313802 82 2 1 0
348188 82 3 2 0
348304 82 3 3 0
348557 82 3 0 0
348696 82 1 1 0
348835 82 3 4 0
349402 82 2 3 0
349486 82 2 1 0
349769 82 3 1 0
434395 82 3 3 0
434603 82 5 1 0
435031 82 2 1 0
24934 83 1 1 0
26283 83 4 1 0
53369 83 4 3 1
187407 83 2 3 0
189030 83 4 1 0
257140 83 3 0 0
257279 83 3 0 0
257783 83 3 0 0
348709 83 3 1 0
349954 83 2 1 0
349960 83 3 1 0
434840 83 2 3 0
435626 83 3 1 0
464251 83 1 3 1
482159 83 3 3 1
24741 84 3 2 0
25284 84 3 2 0
25798 84 4 1 0
25916 84 4 1 0
26093 84 4 1 0
109827 84 4 3 0
143153 84 3 2 0
256252 84 3 1 1
337574 84 3 3 0
348132 84 4 4 0
348787 84 3 3 0
349093 84 3 2 0
349790 84 2 1 0
350077 84 2 1 0
435333 84 2 1 0
435608 84 4 1 1
25699 85 2 3 0
256128 85 2 3 0
256269 85 2 3 0
256469 85 4 1 0
257640 85 3 1 0
257792 85 2 3 0
337088 85 4 3 0
348491 85 3 1 0
348880 85 2 0 0
349572 85 4 3 0
350016 85 3 1 0
434576 85 4 1 0
434634 85 2 1 0
435357 85 2 3 0
435387 85 2 1 0
435625 85 2 1 0
25653 86 1 3 0
25703 86 2 3 0
25917 86 4 2 0
87603 86 4 2 0
187380 86 3 1 1
188341 86 3 4 0
188868 86 4 1 0
189101 86 4 1 0
256017 86 2 1 0
257282 86 2 2 1
257639 86 3 1 0
344347 86 3 3 0
348432 86 3 1 0
348480 86 4 3 1
349696 86 2 1 0
349697 86 4 1 0
349959 86 2 1 0
350019 86 2 1 0
435030 86 3 0 0
436037 86 3 1 0
501076 86 3 3 0
24953 87 1 1 0
26284 87 3 1 0
74829 87 2 2 0
108745 87 2 3 0
188510 87 4 1 0
256074 87 2 1 0
256129 87 3 3 1
256351 87 2 3 0
256470 87 2 1 0
257921 87 2 1 0
257934 87 2 2 0
303605 87 3 3 0
348041 87 3 1 0
348382 87 2 1 0
348423 87 4 0 0
348488 87 3 0 0
348738 87 3 3 0
348881 87 4 1 0
350020 87 3 3 0
434679 87 1 1 0
434682 87 3 3 0
435122 87 4 3 0
435224 87 3 1 0
435675 87 1 1 0
435690 87 3 3 0
25086 88 3 1 1
25440 88 3 1 0
25896 88 4 4 1
25918 88 4 3 0
27611 88 4 3 0
61763 88 3 3 0
187604 88 2 1 0
216679 88 3 3 1
256285 88 1 1 0
257527 88 4 4 1
257809 88 3 1 0
257929 88 4 2 0
348278 88 2 3 0
348431 88 3 1 0
348882 88 3 2 0
349242 88 2 3 0
349681 88 1 1 0
349961 88 4 3 0
434115 88 3 4 0
434668 88 2 3 0
435628 88 4 2 0
435786 88 3 4 1
479182 88 3 3 0
109651 89 2 3 1
160945 89 4 2 0
188819 89 2 4 0
216680 89 2 3 0
256115 89 3 0 0
256137 89 2 2 0
257418 89 4 1 0
257597 89 3 3 1
257623 89 3 1 0
257923 89 2 1 0
272355 89 4 0 0
348173 89 2 4 1
349081 89 2 4 0
351264 89 3 2 0
408808 89 2 2 0
434185 89 3 3 0
434241 89 2 1 0
434487 89 3 1 0
434681 89 3 2 0
435227 89 3 3 1
435421 89 3 2 1
435621 89 3 1 0
435685 89 2 1 0
436035 89 4 3 1
506935 89 2 3 0
14097 90 3 2 0
24997 90 2 3 0
25939 90 2 1 0
75308 90 2 3 0
82842 90 2 4 0
82845 90 1 1 0
187427 90 3 1 0
188010 90 2 1 0
188508 90 3 1 0
188885 90 3 1 0
189050 90 3 0 0
256268 90 2 3 0
256767 90 2 3 0
257413 90 2 3 0
349682 90 2 1 0
349694 90 3 1 1
350331 90 4 3 1
434575 90 3 1 0
434600 90 2 4 0
435185 90 3 4 0
435516 90 3 2 0
435873 90 3 2 0
464917 90 4 3 0
24868 91 3 1 0
26285 91 3 3 0
256020 91 4 0 0
256350 91 3 3 0
257406 91 3 4 0
272315 91 3 0 0
348081 91 3 1 0
348911 91 3 3 0
349290 91 3 1 0
349383 91 3 1 0
349450 91 4 3 0
349514 91 2 1 0
434846 91 1 1 0
435280 91 2 1 0
435419 91 3 1 0
435903 91 3 1 0
475371 91 3 3 0
535502 91 3 3 1
25933 92 3 1 0
187836 92 3 1 0
188016 92 3 2 0
188079 92 2 1 0
256075 92 2 1 0
256797 92 3 1 0
257920 92 4 0 0
348164 92 3 4 0
348395 92 4 1 0
348430 92 3 1 0
349200 92 3 1 0
433924 92 2 1 0
434448 92 4 1 1
435002 92 2 1 0
435398 92 3 3 0
435418 92 2 1 0
435752 92 2 1 0
478867 92 3 3 0
478868 92 1 1 1
13599 93 3 3 0
24721 93 2 0 0
25821 93 2 1 0
25825 93 4 3 0
40745 93 2 3 0
82849 93 2 1 0
104210 93 4 3 0
109649 93 3 2 0
131866 93 3 3 0
188011 93 3 3 0
188080 93 4 1 0
256431 93 3 1 0
257306 93 3 0 0
303606 93 3 3 1
348887 93 5 1 0
349201 93 3 3 1
434045 93 3 1 0
434076 93 3 3 0
434178 93 3 3 0
434183 93 4 1 0
434539 93 3 1 0
434673 93 3 3 0
434988 93 4 1 0
435515 93 4 1 1
435517 93 3 3 0
472542 93 3 3 0
524450 93 3 3 1
15080 94 2 4 1
69695 94 3 3 0
75305 94 4 2 0
104336 94 2 1 0
104339 94 2 3 0
188020 94 1 3 0
188886 94 3 1 0
237985 94 1 3 0
256819 94 3 1 0
348079 94 2 1 0
349516 94 2 3 0
350074 94 2 3 0
434243 94 2 3 0
434541 94 3 3 0
435358 94 2 1 0
435482 94 3 1 0
435889 94 3 3 1
109650 95 3 3 0
188887 95 4 3 0
256771 95 3 1 1
257084 95 2 0 0
257506 95 3 1 0
257915 95 3 2 1
258112 95 3 1 0
304990 95 2 3 0
348707 95 3 3 0
348727 95 2 3 0
348902 95 3 2 0
349284 95 3 1 0
350022 95 2 1 0
434072 95 4 1 0
434425 95 4 1 0
434667 95 3 1 0
434850 95 3 3 0
434999 95 2 0 0
435034 95 4 3 0
435054 95 2 3 0
435088 95 2 1 0
435437 95 2 3 0
435792 95 2 1 0
435854 95 4 1 0
467008 95 3 1 0
511558 95 2 3 0
535841 95 4 3 0
543896 95 1 1 0
25822 96 2 2 0
187414 96 3 1 0
188017 96 3 2 0
188272 96 4 1 0
188577 96 2 1 0
257218 96 2 1 0
335816 96 3 2 0
348438 96 3 1 0
348726 96 4 1 0
348886 96 3 1 1
349374 96 2 1 0
350146 96 4 1 0
384005 96 3 3 0
434757 96 3 4 1
435265 96 3 1 0
435284 96 3 3 0
478865 96 3 0 0
502783 96 2 3 0
125787 97 2 3 0
188022 97 3 2 0
188344 97 3 1 0
319053 97 2 4 0
348080 97 2 1 0
349275 97 4 3 0
434231 97 3 3 0
434514 97 2 1 0
434837 97 3 1 0
434914 97 3 1 0
435004 97 3 3 1
447050 97 3 2 0
456270 97 2 3 1
474861 97 2 1 0
84057 98 2 1 0
109648 98 4 1 1
136175 98 4 3 0
189263 98 3 1 0
191770 98 2 3 1
210385 98 3 4 1
258140 98 3 0 0
258208 98 2 3 0
356187 98 3 2 0
434997 98 3 3 0
435053 98 2 3 0
435423 98 4 3 0
435436 98 2 3 0
435739 98 4 1 0
529332 98 3 3 0
25824 99 3 3 0
187411 99 2 4 1
187866 99 4 0 0
188235 99 3 3 1
188274 99 2 1 0
188561 99 3 1 0
189231 99 3 1 0
203627 99 4 3 1
257478 99 3 1 0
257882 99 4 1 0
348904 99 3 3 0
350147 99 3 3 0
425009 99 2 2 0
426505 99 4 2 0
435955 99 1 0 0
536989 99 3 3 0
26148 100 4 3 0
110582 100 3 3 0
110589 100 2 1 0
188888 100 4 3 0
257589 100 2 1 0
257622 100 3 1 0
346125 100 3 3 0
425911 100 2 3 0
434057 100 2 1 0
434698 100 2 3 0
434861 100 2 1 0
435493 100 3 1 0
435564 100 4 3 0
452309 100 3 3 0
64273 101 3 3 0
83530 101 2 1 0
83969 101 2 1 1
112179 101 2 3 0
187405 101 2 1 0
187840 101 3 4 0
188381 101 2 1 0
188515 101 3 4 1
202317 101 4 3 0
245957 101 2 3 0
257086 101 4 3 0
257446 101 3 1 0
257786 101 3 2 0
348050 101 3 1 0
348885 101 3 0 0
349007 101 2 1 0
349087 101 2 3 0
349531 101 2 1 0
349596 101 2 1 0
434996 101 3 1 0
435112 101 4 3 1
435399 101 3 1 0
436013 101 4 1 0
474859 101 3 3 0
83691 102 3 4 0
95045 102 2 3 1
188781 102 2 3 0
189234 102 3 3 0
209581 102 3 3 0
257087 102 3 3 0
257481 102 2 3 0
257779 102 2 1 0
257885 102 2 3 0
258031 102 3 4 1
348051 102 3 3 0
349280 102 2 3 1
351395 102 3 2 0
364034 102 2 3 0
425010 102 2 3 0
434815 102 2 4 0
434863 102 2 3 0
435005 102 4 3 0
435268 102 4 3 0
474806 102 2 3 0
12676 103 3 1 0
84214 103 4 3 0
84371 103 2 1 0
125432 103 2 3 0
188675 103 3 3 0
245144 103 2 3 0
299488 103 3 4 1
348248 103 4 1 0
348914 103 2 1 0
433982 103 3 2 0
435041 103 3 0 0
34282 104 3 2 0
83531 104 3 1 0
84309 104 2 1 0
94884 104 2 2 0
109445 104 3 1 0
110542 104 2 1 0
149868 104 3 3 0
257587 104 3 0 0
349150 104 3 1 0
434020 104 2 3 0
435768 104 2 4 0
441989 104 2 4 1
474860 104 3 1 0
546316 104 3 3 0
13229 105 2 1 0
187842 105 3 1 0
188854 105 1 1 0
209502 105 4 4 0
209578 105 3 1 0
257437 105 3 1 1
348048 105 2 1 0
349559 105 1 1 0
434333 105 2 1 0
434639 105 3 4 0
435209 105 3 1 0
474802 105 2 1 0
526739 105 2 3 0
12242 106 3 2 0
12341 106 3 1 0
13374 106 1 3 0
13645 106 5 1 0
15040 106 2 1 0
21415 106 2 3 0
84184 106 2 1 0
84370 106 2 1 0
159280 106 2 3 0
187388 106 3 1 0
188718 106 3 1 0
188782 106 3 3 0
257908 106 4 1 0
348246 106 3 0 0
349773 106 3 0 0
426447 106 3 3 0
474803 106 3 1 0
474863 106 3 3 0
13120 107 2 1 0
13754 107 2 1 1
14027 107 3 1 0
83448 107 2 1 0
84090 107 3 1 0
109319 107 2 1 1
109444 107 3 1 1
142013 107 4 3 0
187387 107 3 0 0
188275 107 2 3 0
188809 107 4 1 0
257181 107 3 1 1
350109 107 4 1 0
350544 107 4 3 0
474888 107 2 1 0
475116 107 2 1 0
475153 107 2 1 0
12424 108 2 1 0
12678 108 3 3 0
82749 108 3 3 1
95844 108 2 2 1
188273 108 4 1 0
188498 108 1 1 0
188720 108 3 3 0
188856 108 2 3 0
254440 108 4 1 0
348249 108 2 3 1
475325 108 2 1 0
11820 109 2 3 0
13230 109 4 1 0
13890 109 3 1 0
83416 109 4 3 0
84016 109 2 1 0
84116 109 2 1 0
84310 109 2 1 0
255967 109 2 1 1
258171 109 3 3 0
348460 109 1 0 0
11696 110 3 1 0
13482 110 1 1 0
13885 110 2 0 0
15125 110 3 1 0
15162 110 1 1 0
84091 110 2 3 0
256763 110 2 1 0
257918 110 4 4 0
258007 110 4 4 0
348583 110 3 0 0
349802 110 1 0 0
349803 110 2 1 0
407560 110 3 3 1
474472 110 1 1 1
474805 110 4 3 0
474984 110 2 4 1
12511 111 2 1 0
12645 111 3 3 1
13283 111 2 1 0
20424 111 4 3 0
82676 111 3 1 0
84355 111 3 1 0
109788 111 3 1 0
187677 111 3 1 0
188237 111 4 1 1
188238 111 2 1 0
256031 111 3 4 0
338886 111 4 1 0
340565 111 2 1 0
350113 111 3 3 1
475118 111 2 3 0
14704 112 2 1 0
14771 112 1 1 0
14893 112 2 1 0
14896 112 3 3 1
83408 112 3 1 0
188501 112 3 3 0
257614 112 3 1 0
344005 112 3 3 0
349801 112 2 0 0
350114 112 3 3 0
489681 112 4 2 0
13035 113 3 1 0
13292 113 2 3 0
13719 113 4 4 0
14028 113 2 3 0
14966 113 3 1 0
15153 113 3 2 0
83275 113 2 1 0
84117 113 4 3 1
187389 113 2 1 0
258094 113 3 1 0
348467 113 2 1 0
474890 113 3 3 0
12152 114 3 1 0
13345 114 2 1 0
14889 114 3 4 0
15047 114 4 4 0
15130 114 4 3 0
83711 114 3 1 0
83817 114 3 0 0
187673 114 2 1 0
256289 114 3 1 0
339224 114 2 3 0
473942 114 3 1 0
11954 115 2 3 0
13061 115 2 1 0
14810 115 2 4 0
83818 115 2 1 0
109579 115 3 1 0
188220 115 2 1 0
188492 115 2 0 0
218257 115 2 1 0
253626 115 3 1 0
348586 115 2 3 0
349804 115 3 1 0
12429 116 3 3 0
12768 116 4 1 0
13034 116 3 0 1
14346 116 3 3 1
83965 116 2 1 0
188012 116 4 3 0
188772 116 2 1 0
253627 116 3 3 0
254693 116 2 1 0
257616 116 3 3 0
349042 116 3 1 0
349091 116 4 1 0
11223 117 1 3 1
83810 117 3 1 1
188225 117 2 3 0
188307 117 2 1 0
188875 117 2 1 0
256172 117 2 1 0
12699 118 2 3 0
13305 118 3 4 1
13864 118 4 1 0
14013 118 4 2 0
21895 118 2 3 0
83724 118 4 1 0
104614 118 3 3 1
110833 118 3 1 0
188215 118 4 0 0
188389 118 3 0 0
253814 118 2 1 0
473947 118 4 1 0
474395 118 2 1 0
533646 118 1 3 1
11697 119 3 3 0
12631 119 3 3 0
13058 119 3 4 0
14106 119 3 1 0
14275 119 3 0 0
82934 119 2 1 0
83316 119 1 1 0
83322 119 3 1 0
83967 119 2 3 0
86478 119 2 3 0
188173 119 3 1 0
188221 119 2 3 0
474304 119 3 1 0
474333 119 3 1 0
474399 119 2 3 0
13378 120 3 1 0
13924 120 3 3 0
14278 120 3 3 0
83274 120 4 1 0
109257 120 2 1 0
109931 120 2 1 0
110687 120 3 1 0
187523 120 1 1 0
187650 120 1 0 1
188172 120 2 0 0
218453 120 4 3 0
218860 120 3 1 0
218862 120 2 1 0
254694 120 2 1 0
348821 120 3 1 0
473945 120 3 0 0
473946 120 2 1 1
474618 120 2 1 0
474990 120 3 1 0
475275 120 3 1 0
12973 121 2 3 0
13087 121 1 1 0
14018 121 2 1 0
14345 121 4 3 0
82804 121 4 3 0
82920 121 3 4 0
83154 121 2 1 0
83335 121 3 4 0
84199 121 3 1 0
108919 121 2 3 0
110689 121 2 3 0
187540 121 2 3 0
187654 121 2 2 0
187671 121 2 1 0
218900 121 3 1 0
219236 121 3 1 1
254776 121 4 1 0
257300 121 3 1 0
348819 121 2 3 0
470080 121 2 2 1
474332 121 3 1 1
503774 121 2 2 0
505768 121 2 3 0
11998 122 3 3 0
13988 122 1 1 0
14498 122 3 1 0
83324 122 2 3 1
104615 122 3 3 0
111192 122 3 1 0
188048 122 1 3 1
457648 122 3 2 0
473864 122 2 1 0
474552 122 2 1 0
474616 122 3 0 0
12183 123 2 1 0
12368 123 3 1 1
14065 123 3 0 1
82994 123 3 1 0
83705 123 2 1 0
83752 123 4 1 0
84088 123 3 1 0
95197 123 1 1 0
109809 123 2 1 0
188602 123 3 4 0
188877 123 3 1 0
257536 123 3 1 1
421176 123 3 3 0
474394 123 3 1 0
474617 123 2 1 1
475365 123 3 1 0
1211 124 3 2 0
14620 124 4 1 0
83277 124 3 1 0
108920 124 2 3 0
188174 124 3 1 0
219213 124 2 4 0
219238 124 3 3 0
219689 124 3 1 0
254769 124 3 3 0
339377 124 2 1 0
340771 124 2 1 0
474210 124 2 3 0
474400 124 4 3 0
525260 124 2 3 0
82996 125 2 1 0
83877 125 3 2 0
83878 125 4 3 0
84367 125 2 1 0
188473 125 3 0 0
218188 125 2 1 0
218195 125 3 1 0
218901 125 2 1 0
255621 125 3 1 0
256177 125 3 1 0
474343 125 2 1 0
474689 125 4 1 0
475255 125 2 3 0
475287 125 2 1 0
14019 126 2 1 0
14634 126 3 3 0
82997 126 2 3 1
82998 126 3 3 0
83489 126 2 4 0
83704 126 3 1 0
83941 126 3 4 0
83943 126 2 1 0
84137 126 3 1 0
84198 126 2 1 0
84366 126 2 1 0
95744 126 3 3 0
188404 126 4 1 1
219591 126 2 1 0
474692 126 3 3 0
475599 126 2 4 0
5080 127 3 3 0
12400 127 3 1 0
13197 127 4 1 0
14811 127 1 1 0
14987 127 4 2 0
83327 127 3 1 0
109153 127 3 1 0
111190 127 2 0 0
111232 127 3 2 0
187602 127 3 1 0
187662 127 2 1 0
218629 127 1 1 0
219323 127 3 1 0
219688 127 2 0 0
253754 127 2 2 0
257539 127 3 1 0
340527 127 2 1 0
474106 127 3 1 1
474323 127 3 1 0
474485 127 2 3 1
474688 127 4 0 0
475320 127 3 1 0
14983 128 3 0 0
14984 128 1 0 0
82995 128 2 1 0
83707 128 3 3 0
83755 128 4 3 0
83947 128 2 1 0
126271 128 3 3 0
188999 128 2 4 0
218249 128 2 1 0
218902 128 2 1 0
218953 128 3 1 0
219289 128 3 1 0
256175 128 2 0 1
257538 128 4 1 0
475128 128 2 3 0
4943 129 3 3 0
13916 129 4 3 0
14985 129 2 1 0
33936 129 3 3 0
82756 129 2 1 0
82825 129 3 3 0
83011 129 3 3 0
95477 129 2 3 0
114827 129 2 3 0
188325 129 4 1 0
188406 129 2 3 0
217989 129 4 3 0
218213 129 3 1 0
218365 129 3 3 0
219382 129 3 1 0
258044 129 2 1 1
338837 129 4 1 0
12833 130 3 1 0
15308 130 2 0 0
69050 130 3 3 0
83949 130 2 3 0
97416 130 3 3 0
109149 130 2 0 0
110102 130 3 1 1
110357 130 3 3 0
110756 130 1 3 0
168191 130 3 3 1
187636 130 3 1 0
189079 130 1 3 0
217963 130 3 3 0
218905 130 4 3 0
338838 130 3 1 0
340540 130 1 1 0
421087 130 3 4 0
474328 130 2 1 0
474486 130 3 3 0
475026 130 3 1 0
475321 130 3 1 0
12197 131 2 1 0
12399 131 3 1 0
13370 131 4 4 1
14956 131 1 1 0
14990 131 1 3 0
82692 131 2 1 0
83325 131 3 3 0
83701 131 2 3 0
109630 131 3 1 0
217988 131 3 2 0
258043 131 3 1 0
339888 131 4 1 0
474551 131 5 1 0
15309 132 1 0 0
25253 132 4 3 0
83189 132 2 0 0
110159 132 3 2 0
111277 132 2 1 0
218061 132 3 3 1
218904 132 3 3 0
218954 132 4 1 0
219106 132 2 0 0
219379 132 2 3 1
254345 132 3 3 0
256739 132 3 1 0
257720 132 3 0 0
348203 132 3 1 0
473894 132 2 1 0
474690 132 4 1 0
475648 132 2 1 0
11977 133 4 1 0
14730 133 2 2 0
83948 133 2 3 0
98519 133 3 3 1
106883 133 4 3 0
111275 133 3 4 0
217987 133 3 0 0
257148 133 2 4 1
258223 133 2 1 0
349297 133 3 1 0
474045 133 3 1 0
14957 134 4 3 0
110176 134 3 1 0
111200 134 4 1 0
111201 134 2 3 0
113563 134 2 2 0
146036 134 2 2 0
187443 134 4 0 0
187606 134 4 3 0
190824 134 3 3 0
217980 134 4 3 0
218272 134 2 1 0
338992 134 2 1 0
339358 134 3 2 0
348812 134 4 3 1
409592 134 3 3 0
429352 134 2 1 0
474548 134 3 1 0
475127 134 3 1 0
475364 134 3 2 0
553105 134 3 3 0
12196 135 3 1 0
14158 135 4 2 0
14992 135 3 3 0
15071 135 3 3 0
109631 135 3 1 0
110058 135 3 3 1
187459 135 3 1 0
187596 135 3 2 0
218216 135 3 3 0
218912 135 2 1 0
219528 135 1 1 0
256123 135 2 4 0
257033 135 4 1 0
258220 135 2 0 0
314447 135 2 3 0
324306 135 2 1 0
339359 135 3 3 1
340506 135 1 1 0
350027 135 3 1 0
434990 135 3 3 0
473978 135 4 1 0
474865 135 1 1 0
557315 135 3 3 0
107712 136 2 2 1
109308 136 3 0 0
109666 136 2 1 0
110786 136 4 1 0
166062 136 2 2 0
179115 136 3 2 0
217998 136 3 4 0
218146 136 3 1 0
218270 136 3 0 0
219161 136 2 3 0
225892 136 2 3 0
339362 136 3 1 0
474845 136 3 1 0
475308 136 3 4 1
12199 137 2 3 0
57916 137 3 3 0
83350 137 2 1 0
103747 137 4 2 0
110160 137 3 3 0
110717 137 2 1 0
110748 137 4 3 0
114814 137 3 3 0
115413 137 3 4 1
115598 137 2 1 0
126269 137 2 1 0
188099 137 3 3 0
218148 137 3 1 0
218258 137 1 1 0
219162 137 3 3 0
253903 137 2 4 0
316697 137 3 3 0
339054 137 2 1 1
348863 137 2 1 0
427191 137 3 3 1
429526 137 2 1 0
429651 137 3 1 0
434858 137 3 4 0
451089 137 2 2 0
473893 137 3 1 1
473983 137 3 3 0
475188 137 2 2 0
9121 138 3 2 0
55836 138 2 3 0
83673 138 3 3 1
83832 138 3 2 0
109237 138 2 1 0
109312 138 1 1 0
109348 138 4 1 0
109890 138 3 4 0
110194 138 3 1 0
111227 138 4 1 0
114823 138 3 3 1
187605 138 3 3 0
217607 138 3 2 0
218275 138 4 3 1
218490 138 3 1 0
219269 138 4 1 0
219334 138 4 1 0
222152 138 3 4 0
338994 138 2 3 0
339361 138 4 0 0
339363 138 1 1 0
339962 138 3 4 1
349889 138 3 1 0
474046 138 4 3 0
474866 138 3 1 0
474928 138 3 1 0
475517 138 3 2 0
83111 139 3 1 0
109028 139 1 1 0
109258 139 1 1 0
109350 139 3 3 0
109665 139 2 1 0
109667 139 2 1 0
109838 139 2 1 0
219163 139 3 3 0
219438 139 2 1 0
282774 139 3 2 0
339588 139 3 1 0
339764 139 4 2 0
429009 139 2 4 0
429626 139 3 1 0
429652 139 2 3 0
473890 139 2 3 0
473972 139 1 1 0
474233 139 2 1 0
474361 139 4 1 0
474490 139 3 1 0
474927 139 4 1 0
87705 140 2 3 1
109993 140 2 1 0
111112 140 2 1 0
111198 140 3 1 0
111317 140 2 4 0
114826 140 4 3 0
135796 140 2 3 0
218295 140 2 1 0
316698 140 2 3 0
340333 140 2 1 1
340393 140 2 1 0
340541 140 3 3 0
429093 140 4 1 1
450472 140 2 2 0
474161 140 3 1 0
475014 140 3 1 0
57917 141 3 4 0
89517 141 3 3 0
109139 141 2 1 0
109837 141 3 4 0
109951 141 1 1 0
110471 141 2 1 0
110561 141 2 3 0
166063 141 3 2 0
339591 141 2 3 0
339755 141 4 4 1
339902 141 2 1 0
348861 141 2 1 0
473956 141 3 1 0
474160 141 3 1 0
474768 141 2 3 0
475337 141 2 1 0
12176 142 3 1 0
57633 142 4 2 0
82698 142 3 0 0
83789 142 4 1 0
110225 142 3 1 0
110513 142 2 1 0
110725 142 3 3 0
159730 142 2 3 0
218795 142 3 3 0
218998 142 3 1 0
219374 142 3 3 0
340013 142 3 1 0
349990 142 4 3 0
409375 142 4 4 1
428504 142 2 1 0
474047 142 3 3 0
474162 142 3 1 0
474612 142 3 4 1
475013 142 3 1 0
55832 143 3 1 0
83788 143 3 1 0
83836 143 4 2 0
107703 143 3 1 0
109027 143 3 1 0
109512 143 2 1 0
111032 143 2 1 0
111047 143 1 1 0
111058 143 3 1 0
216671 143 2 2 0
218256 143 3 1 0
218289 143 3 3 0
218298 143 2 3 0
219570 143 2 3 0
219714 143 2 1 0
290014 143 4 3 0
428496 143 2 1 0
473903 143 2 1 0
474126 143 4 1 0
474128 143 3 2 0
474158 143 3 0 0
474235 143 2 3 0
12493 144 2 3 0
48008 144 2 3 0
109496 144 3 4 1
109994 144 3 3 0
171895 144 3 3 1
218724 144 2 1 0
218996 144 3 0 0
219413 144 3 1 0
219598 144 3 3 0
292285 144 4 3 0
339609 144 1 1 0
340299 144 3 0 0
347850 144 2 3 1
428948 144 4 3 0
429486 144 3 0 0
429498 144 1 0 0
475519 144 1 0 0
475523 144 2 3 0
55770 145 2 1 0
83790 145 2 2 0
218999 145 4 2 0
340310 145 3 3 0
429133 145 3 1 0
474164 145 4 3 0
474929 145 4 2 0
7526 146 3 3 0
12175 146 3 1 0
55833 146 2 1 0
69398 146 3 1 0
82699 146 4 1 0
82701 146 3 3 0
83044 146 2 0 0
83047 146 3 3 0
83508 146 4 1 0
83600 146 3 1 0
84221 146 2 2 0
109111 146 3 1 0
110512 146 3 4 1
111206 146 3 4 0
114022 146 2 1 0
114140 146 2 1 0
115483 146 2 1 0
219416 146 1 3 0
290006 146 3 1 0
339905 146 4 3 0
428242 146 2 1 0
428499 146 3 2 0
428500 146 2 3 0
429116 146 4 1 0
435138 146 2 3 0
473900 146 4 4 1
473957 146 4 1 0
475520 146 5 1 0
54799 147 3 1 0
109232 147 3 1 0
109661 147 2 1 1
111134 147 4 1 0
126724 147 4 1 0
164043 147 4 3 0
216673 147 4 1 0
218619 147 4 1 0
218621 147 2 2 0
219199 147 2 3 0
219596 147 2 1 0
338928 147 4 3 0
339292 147 3 3 0
339539 147 3 4 1
339703 147 3 1 1
340274 147 2 1 0
410251 147 3 3 0
428498 147 3 1 0
428870 147 3 1 0
462533 147 2 3 0
474932 147 1 3 0
474941 147 3 1 0
474966 147 4 3 0
475521 147 2 1 0
55016 148 4 1 0
83002 148 1 1 0
83317 148 1 1 0
83523 148 3 1 0
84220 148 2 0 0
110853 148 2 1 0
111051 148 5 4 0
125544 148 3 1 0
216670 148 3 0 0
217258 148 3 1 0
218471 148 2 1 1
219548 148 3 4 1
339306 148 3 3 0
339599 148 3 1 0
339640 148 2 1 0
380644 148 3 3 0
466686 148 4 3 0
475582 148 3 1 0
83596 149 4 1 0
102612 149 2 3 0
104759 149 4 3 0
109510 149 3 1 0
113589 149 2 1 0
114801 149 1 3 0
125552 149 2 1 0
126325 149 3 2 1
126722 149 3 1 0
150950 149 4 3 0
179675 149 2 3 1
218489 149 4 4 1
218622 149 3 3 0
338946 149 1 1 0
349590 149 3 1 0
428838 149 3 1 0
435558 149 1 3 0
54713 150 2 1 0
54714 150 4 1 0
55143 150 3 1 0
83046 150 3 1 0
106421 150 3 3 0
109231 150 3 1 0
115472 150 3 1 0
125802 150 2 4 0
125931 150 2 1 0
126747 150 2 1 0
218550 150 2 1 0
219166 150 2 1 0
340577 150 3 3 0
428841 150 3 1 0
475336 150 3 0 0
7525 151 3 1 0
11159 151 3 1 0
71345 151 4 3 0
110028 151 3 2 0
110032 151 4 4 0
114821 151 4 1 0
125262 151 2 1 0
126390 151 3 1 0
129399 151 3 2 0
163082 151 3 3 0
216953 151 2 1 0
219069 151 3 2 0
219680 151 3 3 0
289313 151 4 1 0
290009 151 3 3 0
349583 151 3 0 0
427870 151 2 0 0
474425 151 2 1 0
562513 151 3 3 0
54712 152 3 1 0
55515 152 2 1 1
55688 152 3 3 0
55719 152 2 3 0
55902 152 4 1 0
82838 152 3 2 0
83042 152 2 3 0
113703 152 2 1 0
125543 152 4 3 0
218532 152 3 1 0
219083 152 2 1 0
261766 152 3 3 0
314626 152 3 3 0
417011 152 3 3 0
417122 152 4 3 0
429196 152 1 1 0
438658 152 2 1 1
54768 153 2 1 0
55717 153 1 1 0
55771 153 4 1 0
56356 153 4 4 1
70622 153 4 1 0
110201 153 1 4 0
110368 153 3 1 0
113867 153 3 1 0
114023 153 3 1 0
114975 153 3 1 0
115475 153 2 3 1
125275 153 2 1 0
125656 153 3 1 0
126324 153 3 2 1
162453 153 4 3 0
171176 153 4 3 0
217828 153 3 3 0
218122 153 4 3 0
218553 153 2 3 0
339629 153 3 1 0
400182 153 3 2 0
427952 153 2 1 0
428129 153 3 4 0
527780 153 2 2 1
36485 154 2 3 0
51041 154 1 3 0
54840 154 3 1 0
55772 154 4 1 0
56081 154 2 1 0
70970 154 2 1 0
82963 154 2 3 0
111344 154 2 3 0
114410 154 3 1 0
114965 154 2 3 0
125264 154 2 3 0
126334 154 1 1 0
126671 154 3 1 0
126723 154 2 1 0
126746 154 3 2 0
126749 154 4 1 0
216951 154 2 0 0
218117 154 2 1 0
252360 154 3 3 1
339336 154 1 1 0
339394 154 4 1 0
351130 154 2 0 0
428143 154 4 1 0
439226 154 3 1 0
474430 154 3 3 0
484812 154 2 3 0
71132 155 3 4 0
109226 155 2 1 0
110369 155 3 1 0
114958 155 2 1 0
218993 155 3 1 0
219520 155 2 3 0
295650 155 3 3 0
338998 155 2 1 0
340099 155 4 4 1
351853 155 3 1 0
364973 155 4 1 0
428144 155 3 1 0
439728 155 2 1 0
54530 156 3 1 0
55598 156 3 1 0
55721 156 3 1 0
55831 156 3 1 0
56304 156 2 4 0
56331 156 2 1 0
70491 156 3 1 0
70594 156 3 2 0
70621 156 3 1 0
71124 156 2 1 0
71365 156 3 1 0
83048 156 4 3 1
83778 156 2 3 0
114902 156 4 3 1
114967 156 4 0 0
125274 156 3 0 0
125278 156 2 2 0
126750 156 2 3 0
162444 156 3 3 0
219391 156 2 0 0
225727 156 2 1 0
350872 156 1 1 0
428142 156 2 1 0
429212 156 3 1 0
439652 156 3 1 0
42343 157 4 3 1
55606 157 3 3 1
55937 157 1 1 0
82964 157 2 3 0
82965 157 3 0 0
83763 157 3 1 0
83966 157 4 1 0
110640 157 2 1 0
113870 157 4 3 0
125270 157 4 3 0
218199 157 3 1 0
218522 157 4 3 0
219195 157 2 0 0
226158 157 3 2 0
275576 157 3 3 0
351133 157 2 3 1
351445 157 3 3 0
428896 157 3 1 0
429214 157 2 3 0
474780 157 3 1 0
474881 157 3 1 0
475538 157 2 1 0
481173 157 2 3 0
55275 158 2 1 0
55281 158 1 1 0
55847 158 2 1 0
70973 158 3 4 1
113518 158 3 3 0
126202 158 1 1 0
217826 158 4 1 0
219082 158 3 1 0
311503 158 3 3 0
339567 158 2 1 0
410864 158 4 3 1
427951 158 3 1 0
429327 158 3 1 0
429525 158 2 1 0
443009 158 3 3 1
474605 158 2 1 0
554430 158 3 3 0
42344 159 2 3 0
54944 159 2 1 0
55431 159 3 3 0
55467 159 3 1 0
55690 159 3 1 0
55722 159 3 1 1
55774 159 4 3 1
55849 159 2 1 0
55952 159 3 3 1
82853 159 5 1 0
114524 159 3 1 0
115421 159 4 1 0
115519 159 4 1 0
169818 159 4 3 0
173167 159 3 3 0
174368 159 2 3 0
218035 159 3 1 0
251228 159 3 3 0
339478 159 4 1 0
351748 159 3 1 0
428121 159 2 0 0
428957 159 2 1 0
429106 159 2 3 0
429627 159 2 1 0
27886 160 4 2 0
54627 160 3 1 0
54843 160 4 3 0
55469 160 2 1 0
55605 160 3 2 0
56138 160 3 1 0
70518 160 2 1 0
70748 160 3 1 0
71263 160 3 3 0
83762 160 2 0 0
110642 160 2 1 0
180266 160 3 3 0
218930 160 4 3 1
274064 160 3 3 0
428564 160 2 1 0
429329 160 3 3 0
429345 160 3 4 1
474401 160 1 2 0
475502 160 3 3 0
46551 161 3 4 1
54379 161 2 4 0
54536 161 3 3 0
54845 161 4 4 0
55126 161 3 1 0
55253 161 3 1 0
55527 161 4 1 0
55841 161 3 3 0
55935 161 2 1 0
70493 161 4 3 0
70749 161 2 1 0
111193 161 3 1 0
114577 161 1 1 0
114976 161 4 1 0
200472 161 3 3 0
351852 161 3 1 0
428063 161 3 1 0
428511 161 3 1 0
428959 161 2 1 0
429527 161 3 3 1
429635 161 2 1 0
440085 161 3 1 0
54998 162 2 1 0
55602 162 3 1 0
56126 162 2 3 0
71114 162 3 3 0
110356 162 3 1 1
110643 162 3 3 0
125280 162 4 3 1
169815 162 2 3 1
215572 162 3 3 1
218603 162 2 1 0
218825 162 3 1 0
219165 162 3 1 0
243663 162 3 2 1
321969 162 3 3 0
339560 162 2 3 1
428020 162 4 1 0
428444 162 4 1 1
438093 162 4 1 0
443006 162 2 1 0
475660 162 3 1 0
530173 162 3 3 0
55026 163 3 4 1
55619 163 2 1 0
56314 163 3 3 0
69540 163 2 3 0
196000 163 4 3 1
217827 163 3 1 0
218186 163 3 4 0
219151 163 3 1 0
339049 163 3 1 0
362921 163 3 1 0
387011 163 4 3 0
412089 163 3 3 0
427904 163 3 4 1
428021 163 4 1 0
428949 163 3 1 0
429691 163 3 1 1
474031 163 3 1 0
38671 164 2 2 0
54884 164 4 1 0
55691 164 3 1 0
70140 164 4 1 0
111187 164 1 1 0
113805 164 2 1 1
115078 164 4 1 0
125272 164 2 4 0
188519 164 3 3 0
202729 164 2 2 0
218614 164 2 1 0
365164 164 3 1 0
428348 164 4 0 0
428506 164 3 3 0
428976 164 4 2 0
429127 164 2 4 1
429637 164 2 3 0
439111 164 2 1 1
474402 164 3 2 0
70512 165 3 3 0
108991 165 4 1 0
131813 165 2 1 0
164337 165 3 3 0
175862 165 3 1 0
176573 165 2 1 0
176997 165 3 1 0
217829 165 3 3 0
339052 165 3 3 0
397843 165 3 3 0
428565 165 3 3 0
439045 165 3 3 0
443008 165 3 1 1
530171 165 2 1 0
55022 166 3 3 1
69869 166 4 1 0
109281 166 2 1 0
110639 166 3 0 0
111084 166 2 1 0
115092 166 4 3 1
203195 166 3 3 0
339040 166 2 1 0
350729 166 3 3 0
363166 166 2 1 0
429347 166 3 1 1
466015 166 4 3 0
530172 166 3 3 0
54428 167 3 1 0
54508 167 3 1 0
55062 167 2 1 0
55247 167 3 1 0
56398 167 2 1 0
69834 167 1 1 0
71199 167 3 1 0
94839 167 2 3 1
109047 167 3 3 0
109370 167 2 1 0
109434 167 3 3 0
113571 167 3 4 0
115204 167 3 1 0
125531 167 2 1 0
218827 167 3 3 0
338890 167 2 1 0
428082 167 4 3 0
428222 167 3 1 0
428950 167 3 1 1
439110 167 3 1 0
54883 168 3 1 0
55597 168 2 3 0
55867 168 1 1 0
55906 168 3 1 0
71044 168 4 3 0
71328 168 3 1 0
115088 168 4 1 0
115399 168 3 3 0
129666 168 3 3 0
175973 168 4 1 0
176572 168 2 1 0
177000 168 3 3 0
218615 168 3 1 1
219636 168 2 1 0
339989 168 4 1 0
359688 168 1 3 1
438354 168 3 1 0
487660 168 2 3 0
54427 169 3 1 0
55491 169 3 1 0
55591 169 3 1 0
55607 169 2 3 1
56294 169 3 1 0
56451 169 4 1 0
69610 169 4 1 0
69707 169 2 1 0
70489 169 3 3 1
71181 169 4 1 0
71196 169 1 1 1
114554 169 3 1 0
115094 169 4 1 0
175976 169 2 3 1
176571 169 1 1 0
176671 169 3 1 0
177277 169 4 1 0
365170 169 3 1 0
427881 169 4 4 1
429346 169 2 0 0
54909 170 3 1 0
55147 170 3 1 0
55853 170 2 1 0
56199 170 4 1 0
56235 170 2 1 0
70202 170 3 1 0
95775 170 4 3 0
96253 170 2 3 0
115184 170 4 3 0
125269 170 3 2 0
126582 170 2 1 0
161361 170 2 3 0
164336 170 4 3 0
175700 170 2 1 0
175971 170 4 0 0
175977 170 2 3 1
323635 170 3 3 0
339439 170 3 1 0
339657 170 3 3 0
339710 170 4 1 1
429032 170 4 1 0
429583 170 3 1 0
55270 171 1 1 0
56022 171 2 1 0
56234 171 1 1 0
114552 171 3 1 0
115095 171 2 1 0
125163 171 2 1 0
125532 171 2 3 0
126457 171 2 4 0
161360 171 4 3 0
170086 171 2 2 0
176627 171 3 1 0
177001 171 3 3 0
177312 171 2 1 0
218358 171 2 1 0
219617 171 2 3 0
263525 171 4 2 0
339318 171 2 3 0
428452 171 2 1 0
430534 171 3 3 0
54806 172 2 3 0
55067 172 4 4 0
56075 172 4 4 1
69739 172 3 1 0
69836 172 3 3 0
70487 172 2 1 0
70606 172 3 1 0
70650 172 3 1 0
96252 172 2 1 0
115034 172 4 3 0
125393 172 3 1 0
176190 172 3 3 0
176779 172 3 1 0
294658 172 3 3 0
339786 172 3 1 0
340235 172 3 1 0
340797 172 3 1 0
363037 172 2 1 0
428225 172 3 3 1
429508 172 2 3 0
54885 173 4 1 0
55912 173 3 1 0
113711 173 4 1 0
125080 173 4 1 0
125499 173 2 4 1
164335 173 2 2 0
176188 173 2 1 0
176447 173 2 0 0
188581 173 4 0 0
439167 173 1 1 0
439564 173 3 1 1
55492 174 4 3 0
55561 174 3 1 0
56396 174 3 1 0
56449 174 4 0 0
113772 174 3 1 0
113820 174 2 1 0
114558 174 2 1 0
114806 174 3 1 0
126281 174 2 1 0
131815 174 3 3 1
175699 174 3 1 0
219098 174 2 1 0
263537 174 4 3 0
338891 174 3 1 0
356844 174 3 3 0
363038 174 2 3 1
429016 174 2 1 0
429154 174 2 4 0
429544 174 4 1 0
438290 174 3 1 0
14583 175 2 3 0
54869 175 2 1 0
55373 175 3 3 0
55554 175 2 1 0
55588 175 3 3 0
55911 175 2 0 0
69931 175 2 1 0
70649 175 3 1 0
70878 175 1 1 0
70879 175 2 1 0
70966 175 3 1 0
71113 175 3 1 0
71361 175 2 1 0
111940 175 3 3 0
114584 175 3 1 0
115373 175 3 3 1
125036 175 1 1 0
175794 175 4 4 1
176370 175 2 1 0
176670 175 2 0 0
176673 175 3 3 0
176691 175 3 1 0
230988 175 3 3 0
365078 175 2 1 0
429189 175 2 1 0
429589 175 4 2 0
438362 175 3 1 0
438873 175 2 1 0
54805 176 4 1 0
55553 176 4 1 0
55749 176 2 1 0
111580 176 3 3 0
125498 176 2 3 0
175468 176 3 3 1
176062 176 3 1 0
263536 176 2 2 1
340511 176 3 1 0
438457 176 2 1 0
439248 176 3 1 0
54392 177 2 1 0
54621 177 3 0 0
55874 177 2 3 0
70843 177 2 1 0
113633 177 2 1 0
157830 177 3 3 0
177030 177 3 4 1
188583 177 3 2 0
319829 177 2 3 0
364344 177 4 1 0
365079 177 2 1 0
412336 177 3 2 1
429193 177 2 3 0
429670 177 3 1 0
430106 177 2 3 0
439286 177 3 3 0
439563 177 2 0 0
470769 177 3 3 0
510115 177 3 3 0
11543 178 3 3 0
55681 178 2 1 0
55761 178 2 3 0
69862 178 2 1 0
101782 178 3 3 0
113197 178 2 3 0
115018 178 2 1 0
125106 178 3 0 0
125590 178 4 3 1
125912 178 3 0 0
126350 178 3 4 0
126674 178 4 1 1
126707 178 3 1 0
176676 178 2 1 0
176757 178 4 1 0
217965 178 2 4 0
218751 178 2 1 0
218855 178 3 1 0
339892 178 4 1 0
340510 178 1 0 0
399184 178 2 3 0
429068 178 4 1 0
429149 178 2 3 0
438340 178 4 1 0
438686 178 3 1 0
440055 178 4 1 0
54412 179 3 1 0
56038 179 3 1 0
114083 179 3 0 0
114085 179 2 2 0
114465 179 2 2 1
114909 179 3 1 0
120239 179 3 3 0
125557 179 2 4 1
125633 179 2 3 0
125806 179 4 3 1
126560 179 3 1 0
175467 179 2 3 0
176064 179 3 3 0
201024 179 4 3 1
218361 179 3 2 0
219586 179 4 4 0
219634 179 3 0 0
264807 179 3 1 0
323628 179 2 2 1
365168 179 4 1 0
379899 179 2 2 1
428190 179 2 1 0
439488 179 3 3 0
556468 179 3 3 0
6933 180 4 3 0
11544 180 2 3 0
55555 180 4 3 0
69990 180 4 1 1
125101 180 1 0 0
129094 180 3 2 0
177048 180 3 1 0
177287 180 3 1 0
284720 180 4 3 0
364929 180 2 1 0
428067 180 4 3 0
429081 180 3 3 0
429405 180 2 1 0
438461 180 2 3 0
480290 180 4 2 0
1518 181 3 2 0
54415 181 4 3 1
70844 181 4 3 0
114176 181 3 3 0
114481 181 3 1 0
115019 181 3 1 0
125000 181 2 0 0
126678 181 2 3 0
176661 181 2 1 0
188201 181 3 0 0
326253 181 3 2 0
339785 181 4 1 0
339898 181 3 1 0
363036 181 4 1 0
363242 181 3 3 0
363589 181 2 1 0
364967 181 3 2 0
365076 181 4 0 0
438875 181 4 3 0
69970 182 3 3 0
113811 182 2 1 0
114335 182 2 1 0
176065 182 2 3 0
177372 182 3 1 1
204500 182 3 3 1
219052 182 2 0 0
339895 182 3 3 0
340513 182 3 3 0
438471 182 2 3 0
36499 183 3 3 0
69864 183 3 3 0
92652 183 1 3 0
113546 183 4 2 0
113983 183 2 1 0
114330 183 3 1 0
125003 183 3 3 0
126149 183 2 1 0
127714 183 3 3 0
177003 183 2 4 0
177286 183 3 1 0
219622 183 3 1 0
340512 183 4 1 0
402878 183 4 3 1
502454 183 3 3 0
68892 184 4 3 0
124988 184 3 1 0
124989 184 4 1 0
176674 184 3 1 0
177283 184 2 0 0
177379 184 3 3 0
188197 184 3 1 0
199975 184 3 2 0
347157 184 3 3 0
363920 184 2 3 0
404942 184 2 1 0
429618 184 2 4 0
440106 184 2 0 0
69865 185 3 3 0
125471 185 2 1 0
125897 185 3 2 0
126508 185 3 0 0
177371 185 4 1 1
199973 185 3 1 0
264813 185 3 3 0
339968 185 3 3 0
351218 185 4 3 0
362685 185 3 1 0
363587 185 2 1 0
364008 185 4 1 0
54950 186 4 1 1
69992 186 2 1 0
70685 186 2 1 0
105287 186 4 3 0
113674 186 3 1 0
115071 186 3 3 0
125306 186 2 1 0
175740 186 4 1 1
188672 186 3 1 0
406652 186 4 1 0
406656 186 3 1 0
406660 186 2 3 0
69838 187 4 1 0
78245 187 3 3 0
113631 187 3 0 0
113982 187 4 1 0
115067 187 3 0 0
131969 187 2 3 0
175739 187 2 1 0
188202 187 4 2 0
218342 187 4 1 0
219684 187 3 3 0
363524 187 2 1 0
404944 187 3 3 0
405001 187 4 1 0
429147 187 3 1 0
429617 187 2 3 0
54749 188 2 0 0
55378 188 2 1 0
113671 188 3 3 0
113909 188 3 4 1
114761 188 1 1 0
126329 188 4 3 0
127082 188 1 4 0
177169 188 4 1 0
218136 188 4 1 0
263820 188 2 3 0
363137 188 2 1 0
363588 188 4 1 0
428537 188 2 1 0
428724 188 3 3 0
558608 188 4 2 0
558609 188 3 2 0
14628 189 3 3 1
69837 189 3 1 0
69994 189 2 3 0
70173 189 3 1 0
70731 189 2 1 0
124882 189 1 1 0
124883 189 3 3 0
175741 189 2 1 0
175776 189 2 1 1
177373 189 4 1 1
200319 189 3 1 0
219538 189 3 1 0
251993 189 3 3 0
362684 189 3 1 0
54655 190 2 4 0
70684 190 2 1 0
114914 190 3 3 0
125472 190 3 1 0
176373 190 3 1 0
176524 190 3 1 0
176662 190 2 1 0
176828 190 3 1 0
189140 190 4 1 0
371045 190 3 4 0
428751 190 3 1 0
428790 190 3 1 0
54660 191 2 1 0
76520 191 3 2 1
124855 191 2 3 0
175744 191 3 3 0
175937 191 3 2 0
175941 191 4 1 0
176288 191 2 1 0
176346 191 3 3 1
176906 191 2 4 1
218135 191 1 1 0
218968 191 2 1 0
219123 191 3 1 0
219190 191 2 1 0
219280 191 4 4 0
354365 191 2 3 0
364157 191 2 3 0
364909 191 4 1 0
406749 191 2 1 0
514232 191 3 2 1
64907 192 2 3 0
70924 192 3 1 0
114912 192 4 2 0
125408 192 3 1 0
126808 192 2 1 0
176072 192 4 1 0
176385 192 2 1 0
188621 192 4 3 0
218544 192 4 1 0
219263 192 4 3 1
343549 192 3 3 0
364134 192 2 1 0
406139 192 3 1 0
406746 192 3 1 0
428535 192 3 1 0
429256 192 3 1 0
69840 193 3 1 0
70418 193 3 1 0
127221 193 3 1 0
175673 193 2 1 0
176289 193 3 1 0
176684 193 3 3 0
218712 193 2 1 0
271039 193 3 2 0
364404 193 3 1 0
406485 193 2 3 0
546438 193 2 2 0
64906 194 3 3 0
78809 194 3 3 0
175823 194 3 1 0
175932 194 5 2 0
176287 194 2 1 0
219091 194 2 3 0
278102 194 3 1 0
364136 194 3 3 0
364911 194 3 3 0
415674 194 3 3 0
428871 194 4 1 0
429348 194 3 1 0
54656 195 3 1 0
54657 195 3 1 0
55971 195 4 1 0
70419 195 3 1 0
95983 195 4 3 0
113985 195 3 3 0
124872 195 3 1 0
125096 195 2 1 0
125407 195 2 1 0
175674 195 3 3 0
218012 195 3 1 0
262204 195 2 4 1
20437 196 4 3 0
54662 196 5 3 1
70376 196 4 1 0
113595 196 3 3 0
114913 196 4 2 0
127224 196 2 3 0
276659 196 3 0 0
405395 196 2 1 0
406668 196 3 1 0
429350 196 4 4 1
55976 197 3 3 1
114323 197 3 1 0
128031 197 3 1 0
175715 197 2 3 0
218969 197 2 2 1
277287 197 3 4 1
279371 197 2 3 0
364229 197 3 1 0
406048 197 3 1 0
406495 197 3 1 0
54661 198 2 3 0
55975 198 3 3 0
406484 198 2 2 0
55973 199 3 2 0
56394 199 1 2 0
70371 199 2 1 0
175822 199 4 1 1
364717 199 2 1 0
64904 200 4 2 1
94755 200 4 1 0
114544 200 2 1 1
122395 200 3 3 0
127073 200 3 3 1
175713 200 3 4 1
175826 200 3 3 0
176487 200 3 3 1
176773 200 2 3 0
177118 200 2 4 0
364406 200 4 3 0
405704 200 3 3 0
530443 200 2 3 0
55304 201 4 1 0
55974 201 3 2 1
56158 201 2 1 0
64905 201 4 2 0
104396 201 3 2 0
125095 201 3 1 0
128845 201 3 3 0
364283 201 2 1 0
389443 201 3 2 0
406051 201 2 3 0
406434 201 3 1 0
56179 202 2 1 0
56180 202 4 3 0
364168 202 2 1 0
405972 202 3 1 0
406184 202 4 1 0
54866 203 2 1 0
55109 203 4 3 0
55854 203 2 1 0
63592 203 2 4 1
128465 203 3 1 0
405611 203 2 1 0
406661 203 3 1 0
458417 203 2 1 0
519381 203 3 3 0
125098 204 2 3 0
128712 204 1 1 0
176226 204 3 4 0
406497 204 4 3 1
510572 204 3 3 0
54983 205 3 4 0
56189 205 3 1 0
95578 205 2 1 0
114840 205 3 1 0
131759 205 3 3 0
364388 205 3 1 1
405973 205 3 1 0
406293 205 1 1 0
461097 205 2 3 0
55595 206 3 1 0
55809 206 3 3 0
55856 206 2 3 0
114842 206 3 3 0
218011 206 2 0 1
404977 206 2 1 0
406369 206 2 3 0
406435 206 3 3 0
509947 206 3 2 0
131757 207 3 1 0
316144 207 3 1 0
363673 207 3 3 0
405117 207 4 3 0
405757 207 3 1 0
562158 207 3 3 0
64670 208 4 1 0
154649 208 3 2 0
154651 208 1 3 0
405863 208 2 3 0
54548 209 2 1 0
55307 209 3 1 0
55701 209 2 3 0
56226 209 2 1 0
218019 209 4 3 0
405685 209 3 1 0
406372 209 2 2 0
55324 210 3 1 0
125099 210 4 3 0
127600 210 2 1 0
131521 210 2 1 0
218022 210 3 3 0
365133 210 4 1 0
365135 210 3 3 0
64059 211 2 1 0
64864 211 4 1 0
218013 211 3 1 0
65251 212 3 1 0
127334 212 3 0 0
218010 212 3 0 0
364377 212 2 1 0
365134 212 4 1 0
54741 213 3 3 0
65241 213 3 1 0
113950 213 2 1 0
115469 213 3 4 1
127202 213 3 1 1
128657 213 3 1 0
132623 213 1 1 0
218023 213 4 3 0
363420 213 2 1 0
54740 214 3 3 0
54747 214 3 3 0
127186 214 3 1 0
127948 214 4 2 0
128175 214 2 1 0
128206 214 3 1 0
128641 214 3 3 0
128675 214 3 1 0
147467 214 4 3 1
63675 215 3 4 0
125102 215 4 1 0
126980 215 3 3 0
127597 215 3 0 0
128082 215 4 1 0
128811 215 3 1 0
405050 215 3 1 0
405240 215 2 1 0
405407 215 2 1 0
55917 216 2 0 1
126979 216 4 1 0
127537 216 3 1 0
131528 216 2 1 0
145901 216 3 3 0
147893 216 2 3 1
218021 216 2 2 0
362898 216 2 1 0
127114 217 2 1 0
128711 217 3 4 1
150538 217 4 3 0
316427 217 4 1 0
406365 217 1 1 0
55095 218 2 1 0
127296 218 4 1 0
127598 218 2 1 0
128812 218 2 1 0
132442 218 3 4 0
405638 218 3 1 0
127371 219 3 1 0
127476 219 2 3 0
199814 219 2 3 0
405287 219 3 1 0
54549 220 4 1 0
55404 220 2 1 0
65552 220 4 1 0
127284 220 2 1 1
127373 220 3 1 0
127378 220 3 0 0
128357 220 3 3 0
128685 220 2 1 0
362899 220 3 2 0
363501 220 3 1 0
364328 220 2 1 0
364765 220 3 3 0
405006 220 3 1 0
405408 220 4 1 0
405417 220 2 0 0
406169 220 2 1 0
55936 221 2 1 0
65549 221 3 2 0
128184 221 3 1 0
128355 221 3 1 0
128434 221 2 1 0
198548 221 1 1 0
223053 221 3 2 0
363500 221 1 1 0
363504 221 2 3 0
127270 222 2 3 0
127287 222 3 3 0
127314 222 3 0 0
127315 222 5 3 0
127370 222 4 0 0
128019 222 2 2 0
128177 222 4 3 0
128739 222 2 1 0
128776 222 3 1 0
147892 222 2 3 0
405492 222 3 1 0
54501 223 3 1 0
55222 223 3 3 0
127475 223 4 1 0
127599 223 3 1 0
127705 223 2 4 0
128185 223 2 1 0
128358 223 3 3 0
128813 223 2 3 0
132207 223 3 1 0
369615 223 3 3 0
406144 223 2 0 0
555706 223 2 3 0
55946 224 2 2 0
127534 224 3 1 0
127602 224 4 3 0
127959 224 2 3 1
128020 224 2 3 1
128114 224 3 1 0
128293 224 2 1 0
128295 224 3 1 0
128686 224 3 3 0
137578 224 2 3 0
363826 224 3 2 0
405569 224 2 1 0
406176 224 3 3 0
54502 225 2 1 0
55406 225 3 3 1
55941 225 3 3 0
128296 225 4 2 0
149473 225 2 3 0
199135 225 2 1 0
308190 225 3 4 0
404929 225 2 1 1
405005 225 4 0 0
405216 225 1 0 1
405356 225 2 1 0
405635 225 3 3 0
406153 225 3 3 0
55405 226 3 3 0
127967 226 2 3 0
132122 226 3 4 0
132519 226 3 0 0
241082 226 2 2 1
405943 226 3 1 0
406253 226 1 1 0
558682 226 4 3 0
127197 227 2 1 0
127693 227 4 1 1
127727 227 2 3 0
128131 227 3 1 1
132521 227 3 2 1
198546 227 3 0 0
405765 227 2 1 0
406138 227 2 1 0
406479 227 3 1 0
406776 227 3 1 0
516231 227 4 3 0
55266 228 2 4 1
126970 228 2 1 0
127122 228 3 1 0
127316 228 2 1 0
127533 228 3 0 0
127755 228 2 3 0
128626 228 3 1 0
155911 228 2 3 0
199451 228 2 3 1
268210 228 2 3 0
516229 228 2 1 0
86038 229 2 2 0
127436 229 4 3 1
127590 229 4 0 0
127719 229 4 3 0
127861 229 3 3 0
128402 229 4 1 0
198940 229 4 1 0
405709 229 2 1 0
406155 229 3 4 1
127546 230 4 3 0
127824 230 4 2 0
127993 230 2 1 0
128090 230 2 1 0
128222 230 1 1 0
128431 230 4 3 0
132520 230 3 1 0
309683 230 4 3 0
405528 230 2 3 0
406480 230 2 3 0
406779 230 3 3 0
516575 230 2 1 0
127124 231 2 3 0
127684 231 3 2 0
128124 231 2 1 0
128522 231 2 1 0
144663 231 3 3 1
197796 231 2 1 0
502234 231 2 3 0
127627 232 3 1 0
127966 232 5 3 0
128073 232 2 1 0
128128 232 3 1 0
128475 232 3 4 1
128639 232 3 1 0
144222 232 2 3 0
198510 232 4 4 1
406641 232 1 1 0
126972 233 3 3 0
128449 233 3 3 0
132296 233 2 1 0
178245 233 3 1 0
307470 233 4 4 0
406256 233 3 3 0
515851 233 4 3 0
40335 234 3 2 0
127058 234 3 1 0
127629 234 3 1 0
127878 234 3 1 0
127970 234 3 1 0
128125 234 3 1 0
178244 234 3 1 0
197797 234 2 3 0
405744 234 2 1 1
406269 234 1 1 0
127060 235 3 3 0
127682 235 3 0 0
127760 235 1 3 0
127762 235 4 3 0
128224 235 3 3 0
128518 235 2 1 0
128520 235 1 1 0
128588 235 3 2 0
144958 235 3 3 0
405876 235 3 0 0
128730 236 2 1 0
132297 236 2 3 0
383137 236 2 3 1
406518 236 3 3 1
406614 236 2 1 0
502594 236 3 3 0
515850 236 2 3 0
56069 237 3 3 0
127304 237 1 3 0
128705 237 3 4 1
406514 237 3 1 0
42099 238 4 1 0
127924 238 3 3 0
128654 238 3 3 1
131409 238 2 1 0
132660 238 2 1 0
136353 238 5 3 0
405202 238 2 1 0
456532 238 2 3 0
516051 238 2 1 0
516070 238 2 3 0
127362 239 3 3 0
127557 239 4 1 0
128523 239 3 3 0
131408 239 2 0 0
131844 239 3 4 0
201544 239 3 3 1
348782 239 3 3 0
405826 239 4 1 0
532013 239 3 3 0
127560 240 2 3 0
128732 240 3 3 1
131401 240 2 1 0
308044 240 2 1 0
308896 240 2 3 0
309679 240 3 1 0
388110 240 4 2 0
515443 240 3 3 0
516263 240 1 1 0
125796 241 3 3 0
128586 241 4 1 0
404995 241 3 1 0
405200 241 3 0 0
405254 241 2 3 0
40168 242 2 1 0
41012 242 3 1 0
82596 242 3 3 0
126908 242 3 2 0
128450 242 3 3 0
348783 242 2 4 1
383135 242 2 0 0
389036 242 3 2 0
405204 242 3 2 1
405206 242 3 3 1
453420 242 2 3 0
516071 242 3 3 0
516579 242 2 1 0
128585 243 3 0 0
131411 243 3 3 0
132352 243 2 1 0
200458 243 3 3 0
233210 243 3 3 0
308012 243 4 4 0
516558 243 3 1 0
524605 243 2 3 0
195318 244 3 4 0
383772 244 1 0 0
515500 244 3 1 0
516265 244 3 3 1
527472 244 2 3 0
40881 245 3 1 0
127044 245 4 3 1
200452 245 3 3 0
515898 245 3 1 0
536710 245 3 2 0
384567 246 3 0 0
388097 246 2 1 0
447887 246 4 2 0
515742 246 3 0 0
516180 246 4 1 0
516604 246 3 1 0
524611 246 3 1 0
41460 247 3 1 0
240325 247 4 3 0
516264 247 4 2 0
536708 247 3 2 0
62238 248 2 3 1
383528 248 3 0 0
383890 248 2 1 0
70157 249 3 3 0
127039 249 1 4 1
131412 249 4 3 0
516224 249 1 4 0
516333 249 3 1 0
516874 249 2 4 0
128188 250 3 0 0
266620 250 3 3 0
389053 250 4 1 0
405196 250 4 3 1
516642 250 3 1 1
41461 251 3 1 0
62458 251 2 0 0
389054 252 4 3 0
515629 252 2 1 0
62237 253 4 3 0
314438 253 3 3 0
41459 254 4 0 0
406374 254 2 1 0
516485 254 3 1 0
515512 255 4 2 0
515631 255 3 3 0
524422 255 4 3 0
41464 256 3 3 1
62462 256 3 1 0
516216 256 2 3 1
515649 257 2 3 1
516484 257 4 1 0
516717 257 3 2 0
517085 258 2 1 0
62891 259 2 3 0
147438 259 3 1 1
249473 259 3 3 1
260734 259 3 3 1
515504 259 3 3 0
522750 259 3 3 0
522751 259 2 3 0
530117 259 4 3 0
61583 260 3 1 0
63101 260 3 1 0
515364 260 3 3 1
62687 261 2 1 0
239533 261 3 3 0
515526 261 3 1 0
59764 262 3 2 0
61835 262 2 1 0
61878 262 3 3 0
62550 262 3 1 0
63051 262 2 1 0
61093 263 2 1 0
62748 263 2 3 0
521668 263 3 3 0
61568 264 3 1 0
61573 264 3 1 0
61156 265 2 1 0
61328 265 3 1 0
61429 265 4 1 0
62278 265 1 1 0
222109 265 3 3 1
260743 265 3 3 0
61431 266 2 3 0
61535 266 1 2 0
62837 266 4 1 0
61047 267 2 4 1
61092 267 2 0 0
61334 267 2 0 0
61425 267 1 0 0
61427 267 2 1 0
61607 267 4 1 0
222105 268 4 3 0
522847 268 4 3 0
61668 269 3 1 0
62092 269 3 1 0
62279 269 2 3 0
62885 269 3 3 0
60983 270 3 1 0
62839 270 3 1 0
62887 270 3 3 0
62888 270 2 1 1
521301 270 3 3 0
61669 271 2 1 0
62924 271 2 1 0
63126 271 4 1 0
233583 271 3 3 0
60986 272 4 3 0
61729 272 2 1 0
62093 272 2 2 1
62939 272 3 1 0
63204 272 2 3 1
60998 273 3 1 0
61769 273 3 1 0
62277 273 3 1 0
222106 273 3 3 0
61411 274 4 1 0
62091 274 4 0 1
62280 274 1 3 0
62379 274 4 1 0
62694 274 3 1 1
216750 274 2 2 0
61946 275 3 1 0
62090 275 2 0 0
239078 275 3 3 0
60913 276 4 1 0
61264 276 1 0 0
61365 276 3 3 0
63070 276 3 1 0
234510 276 2 3 0
61226 277 4 1 0
61266 277 3 1 0
61369 277 2 1 0
62611 277 3 3 0
62695 277 2 3 0
61102 278 3 1 0
61702 278 3 1 0
62038 278 4 1 0
62337 278 3 1 0
63198 278 3 1 0
60914 279 2 1 0
61105 279 3 3 0
63030 279 2 1 0
61533 280 4 1 0
119267 280 3 3 0
232533 280 3 4 0
396871 280 4 2 0
61099 281 2 0 0
62413 281 2 1 0
62696 281 4 3 0
62750 281 2 1 0
275604 281 2 3 0
61103 282 3 2 0
61368 282 3 1 0
61543 282 4 1 0
62047 282 2 4 0
33604 283 4 1 0
58978 283 3 2 0
60990 283 3 3 0
61300 283 3 3 0
61574 283 3 1 0
61656 283 2 4 0
62060 283 3 3 0
62679 283 3 1 0
62825 283 2 1 0
216748 283 3 1 0
60911 284 2 1 0
61104 284 4 3 0
61228 284 1 0 0
61582 284 1 1 0
61698 284 2 1 0
61767 284 2 2 0
61918 284 2 3 0
61200 285 2 1 0
61887 285 2 1 0
61943 285 2 1 0
62414 285 3 3 0
62668 285 3 1 0
74349 285 3 3 0
167621 285 4 3 1
216394 285 2 1 0
273135 285 3 3 0
387459 285 3 3 0
60113 286 3 3 1
61971 286 3 1 0
89524 286 2 3 0
216747 286 2 0 0
217006 286 2 1 0
217452 286 3 1 0
375791 286 3 3 0
485985 286 3 3 1
548377 286 3 3 0
35872 287 4 2 0
60989 287 4 1 0
61194 287 2 2 0
61575 287 3 3 0
481303 287 4 3 0
61461 288 4 1 0
61697 288 3 1 0
61726 288 3 1 0
62042 288 2 1 0
62590 288 3 3 0
63110 288 3 0 0
63111 288 1 1 0
77801 288 3 3 0
375792 288 2 3 0
60992 289 3 4 1
61315 289 3 1 0
61459 289 3 1 0
62537 289 4 1 0
72388 289 4 2 0
81398 289 3 3 0
217451 289 1 1 0
316366 289 4 3 0
366964 289 2 3 0
60110 290 3 1 0
61371 290 4 3 0
61972 290 3 1 0
130049 290 3 3 0
216396 290 3 3 1
216677 290 2 1 0
217008 290 3 3 0
217225 290 4 1 0
384842 290 3 2 1
3728 291 4 3 0
61460 291 4 1 0
61968 291 3 1 0
216794 291 3 1 0
310108 291 3 3 0
54275 292 3 2 0
60977 292 3 1 0
61532 292 3 1 0
62774 292 2 1 0
138680 292 2 3 0
375795 292 3 3 0
61356 293 3 0 0
61457 293 3 0 0
62041 293 4 1 0
62853 293 2 1 0
63109 293 3 0 0
63172 293 3 1 0
216707 293 3 1 0
5369 294 3 4 0
59368 294 3 4 0
60958 294 2 1 0
60978 294 3 3 0
61219 294 2 1 0
61236 294 2 3 1
61700 294 2 3 0
77965 294 3 3 0
216367 294 4 1 0
217023 294 4 1 0
341236 294 3 3 0
525036 294 3 3 0
5370 295 4 4 0
61888 295 3 1 0
61974 295 4 3 0
62778 295 1 3 0
130793 295 2 2 1
216795 295 3 1 0
217440 295 4 3 0
24678 296 4 3 0
60619 296 4 1 0
61357 296 4 0 0
62195 296 3 3 0
63173 296 3 3 1
321823 296 4 3 0
59855 298 3 1 0
62965 298 3 2 0
138677 298 2 0 0
216371 298 2 4 0
60307 299 2 1 0
60372 299 4 1 0
136134 299 4 3 0
35169 300 2 3 0
59506 300 3 1 0
216368 300 4 1 0
19847 301 4 3 0
24671 301 2 1 0
60308 301 2 1 0
61538 301 3 1 0
61957 301 3 1 0
62386 301 1 1 0
360504 301 3 2 0
60047 302 3 1 0
360513 302 3 4 0
383192 302 3 3 0
24670 303 2 1 0
58995 303 4 1 0
60237 303 3 1 0
99598 303 2 3 0
35170 305 3 3 0
60647 306 3 1 0
99551 306 2 3 0
360506 306 2 3 1
60239 307 3 1 0
216769 307 3 1 0
360421 307 1 1 0
361966 308 3 1 0
216772 310 3 3 0
58558 311 4 1 0
58729 311 2 1 0
216324 311 3 1 0
447521 311 3 2 0
60479 312 3 1 0
60478 313 2 1 0
59032 314 1 1 0
359861 314 3 3 0
361064 314 4 1 0
18772 315 3 3 0
59159 315 2 1 0
59160 315 3 1 0
59966 315 1 4 0
217255 315 3 3 0
58712 316 2 1 0
216768 316 3 1 0
324978 316 1 3 0
361075 316 3 1 0
60058 317 1 1 0
59038 318 1 1 0
59102 318 3 1 0
60094 318 2 1 0
58682 319 2 1 0
59100 319 2 1 0
60097 319 2 3 0
197151 319 2 1 0
60069 320 3 1 0
196329 320 4 0 0
196330 320 1 0 0
298842 320 4 2 0
58680 321 2 0 0
60481 321 3 1 0
195219 321 3 0 0
195839 321 2 1 0
196839 321 3 0 0
212191 321 4 3 0
59836 322 4 3 0
60381 322 3 1 0
60425 322 2 1 0
60870 322 2 3 0
196930 322 2 3 1
59047 323 3 1 0
60430 323 3 1 0
195225 323 3 2 0
197154 323 2 3 1
206353 323 3 3 0
58667 324 2 4 1
59834 324 4 2 0
60445 324 2 3 0
194829 324 2 1 0
195189 324 3 1 0
196760 324 3 4 0
321734 324 2 3 1
58681 325 3 1 0
60483 325 4 3 0
195194 325 2 3 0
195396 325 2 1 0
197153 325 3 3 0
58717 326 4 1 0
59989 326 2 2 0
60437 326 2 1 0
195191 327 2 1 0
195221 327 2 2 0
195911 327 2 1 0
415971 327 2 1 0
415972 327 4 3 1
59019 328 1 1 0
59832 328 2 1 0
195222 328 3 0 0
196819 328 3 1 0
60435 329 2 1 0
60597 329 4 1 0
195397 329 3 1 0
58638 330 4 3 0
196252 330 2 4 1
58907 331 2 1 0
60748 331 2 1 1
195193 331 3 3 0
195773 331 3 1 0
195775 331 2 1 0
415970 331 3 1 0
196276 332 3 3 0
196699 332 3 1 0
58665 333 3 3 0
58911 333 2 3 0
58986 333 3 1 0
196701 333 3 3 0
59515 334 3 3 0
60749 334 3 1 0
416697 334 2 1 0
58906 335 2 0 0
59270 335 2 1 0
60195 335 3 3 0
58769 336 3 1 0
58947 336 1 1 0
194927 336 3 2 0
59511 337 3 1 0
196088 337 3 1 1
247541 337 3 3 0
416588 337 2 1 0
59369 338 3 1 0
60054 338 2 0 0
60135 338 3 1 0
60201 338 4 3 0
143893 338 2 3 0
195288 338 2 1 0
196257 338 2 1 0
59654 339 3 3 1
195524 339 2 0 0
59482 340 2 3 0
59959 340 3 1 0
59978 340 3 4 0
60200 340 2 2 0
195227 340 3 1 0
195821 340 2 4 1
416587 340 4 1 0
416894 340 2 1 1
196773 341 1 1 0
416585 341 2 0 0
195142 342 4 2 0
195229 342 2 1 0
59245 343 2 4 0
59301 343 3 4 1
60053 343 2 2 0
416586 343 4 1 0
416589 343 3 3 0
59581 344 2 1 0
60792 344 3 1 0
60794 344 2 3 0
416110 344 3 1 0
416119 344 4 1 0
416590 344 2 3 1
60002 345 2 1 0
195234 345 3 0 0
197017 345 2 3 0
417126 345 4 4 1
197979 346 2 3 0
415669 346 2 1 0
416390 346 3 1 0
417256 346 3 1 0
59584 347 2 3 0
59800 347 4 4 0
195071 347 3 1 0
195675 347 4 1 0
141825 348 2 3 0
195029 348 2 1 0
196845 348 2 1 0
309762 348 3 3 0
416269 348 3 1 0
468982 348 2 3 0
60567 349 4 1 0
194745 349 4 3 1
415937 349 2 1 0
416326 349 4 1 0
58693 350 3 1 1
59305 350 3 1 0
197083 350 2 1 0
415670 350 3 1 0
416565 350 3 1 0
58692 351 3 1 0
59303 351 3 1 0
60000 351 3 1 0
415989 351 4 1 0
416414 351 4 1 0
57794 352 3 3 0
195087 352 2 1 0
196242 352 4 3 0
196979 352 3 1 0
415836 352 3 1 0
415939 352 2 2 0
59055 353 2 1 0
59578 353 2 4 0
60490 353 2 1 0
194819 353 3 1 0
194825 353 3 2 0
195894 353 2 1 0
196976 353 3 3 0
240314 353 2 3 0
311001 353 3 4 1
416021 353 1 3 0
416354 353 2 1 0
416705 353 3 1 0
468980 353 4 2 0
59311 354 3 0 0
194782 354 1 0 0
195086 354 2 0 0
195213 354 3 2 0
195299 354 3 1 0
195870 354 3 1 0
196120 354 3 1 0
196358 354 3 0 0
415574 354 2 1 0
417236 354 3 3 1
29397 355 2 3 0
57126 355 2 3 0
195104 355 2 1 0
196350 355 2 2 0
58581 356 2 1 0
59396 356 4 1 0
59906 356 2 1 0
60798 356 4 1 0
194822 356 4 1 0
195088 356 2 1 0
195183 356 3 1 0
195920 356 3 0 0
196171 356 1 1 0
196947 356 2 1 0
212481 356 3 3 0
416046 356 4 1 0
416539 356 3 1 0
416910 356 3 3 0
520762 356 2 2 1
59359 357 3 1 0
59951 357 3 1 0
196121 357 3 3 0
196948 357 4 1 0
416612 357 4 3 0
416904 357 3 3 0
35314 358 1 3 0
58579 358 2 0 0
59393 358 3 1 0
141150 358 3 3 0
195348 358 2 1 0
196978 358 3 1 0
119883 359 3 3 1
140516 359 2 4 0
196057 359 3 2 0
196175 359 1 3 1
416903 359 3 3 0
424135 359 2 3 0
60824 360 3 1 0
194973 360 3 1 0
196649 360 3 1 0
416048 360 3 1 0
416531 360 4 1 0
416610 360 2 2 1
419099 360 4 3 1
521243 360 3 4 1
60826 361 2 1 0
195150 361 2 4 0
417187 361 3 1 0
35311 362 2 0 0
59983 362 4 1 0
116895 362 4 3 0
195416 362 3 3 0
195579 362 3 1 0
195685 362 3 1 0
198191 362 3 3 0
294513 362 1 3 1
416510 362 3 1 0
417191 362 1 0 0
60818 363 1 1 0
60820 363 2 3 0
60825 363 1 1 0
140515 363 3 4 1
220972 363 4 1 0
415711 363 2 1 0
416471 363 2 1 1
417190 363 2 3 1
480469 363 2 3 0
59564 364 3 1 0
415949 364 4 1 0
416047 364 4 1 0
534100 364 3 3 0
