147623 7
147626 7
478643 7
478645 7
277066 8
457048 8
34701 10
333113 10
478644 10
478646 10
477443 11
477444 11
33515 12
477548 13
537678 13
537679 13
537681 13
34858 14
333428 14
333430 14
333433 14
550299 14
34532 15
34534 15
478740 15
34594 16
34597 16
331820 16
331823 16
331824 16
538004 16
538005 16
263972 17
263974 17
263976 17
263978 17
333161 17
332573 18
333349 18
537680 18
539108 18
331821 19
455483 19
478925 19
33539 21
33874 21
34210 21
34212 21
34791 21
332572 21
333376 21
333378 21
333379 21
537681 21
537682 21
538006 21
34101 22
34104 22
332330 22
333174 22
34044 23
34046 23
34357 23
35268 23
263973 23
263974 23
332284 23
332288 23
332427 23
28632 24
91908 24
331912 24
331914 24
332633 24
333374 24
34064 25
34068 25
34232 25
34266 25
34380 25
35152 26
35153 26
34104 27
91906 27
91909 27
333225 27
333267 27
333336 27
34354 28
34355 28
331822 28
332688 28
332690 28
34264 29
333530 29
332490 30
332491 30
332493 30
332496 30
17934 31
34843 31
34883 31
34884 31
332378 31
332380 31
332686 31
332714 31
332715 31
332717 31
284567 32
332300 32
332592 32
332597 32
333363 32
333365 32
8404 33
331805 33
332048 33
8405 34
8406 34
8409 34
332379 34
333202 34
332772 35
34766 36
332713 36
332716 36
8410 37
34643 37
331994 37
331995 37
332301 37
333054 37
333055 37
333056 37
333057 37
34131 38
35331 38
72628 38
284568 38
332717 38
33559 39
33949 39
34523 39
35102 39
33951 40
33952 40
277475 40
333235 40
445324 40
445327 40
34130 41
34132 41
34521 41
34788 41
34790 41
332435 42
33981 43
332594 44
332595 44
332596 44
332412 45
8406 46
8407 46
33600 46
34301 47
34331 48
283311 48
34685 49
283757 49
332419 49
33599 50
283049 50
283051 50
283314 50
283315 50
283543 50
283686 51
283690 51
284622 51
284623 51
284624 51
372091 51
283312 52
283313 52
8100 53
283050 53
283614 54
283615 54
283620 54
283754 54
283046 55
283047 55
283052 55
283291 55
283292 55
283832 55
283833 55
283835 55
21290 56
34683 56
34684 56
34685 56
117097 56
283686 56
283687 56
283689 56
372093 56
283879 57
284598 57
284599 57
283619 58
35326 59
283288 59
283289 59
283290 59
283292 59
283294 59
283536 59
283539 59
283806 59
284526 59
9192 60
9193 60
283615 60
283616 60
284361 60
283116 61
283801 61
283804 61
283807 61
284397 61
284398 61
283676 62
283953 62
284525 62
7514 63
7757 63
7761 63
284356 63
284357 63
409052 63
7759 64
7760 64
283943 64
283978 64
284321 64
7741 65
283214 65
283901 65
283905 65
284527 65
8864 67
8868 67
283570 67
284044 67
284047 67
284083 67
284085 67
409668 67
8921 68
284220 68
284258 68
284261 68
312235 68
8909 69
284262 69
404355 69
404358 69
7724 70
283575 70
284221 70
284222 70
284223 70
7445 72
7796 72
7797 72
8126 72
8459 72
8866 72
8924 72
284282 72
284284 72
284285 72
404356 72
173314 73
403776 73
403777 73
409678 73
409679 73
409680 73
7683 74
7684 74
7823 74
8378 74
8380 74
8763 74
8869 74
9196 74
283566 74
408893 74
7711 75
7713 75
8628 75
8779 76
8865 76
8866 76
8868 76
283304 76
283307 76
283070 77
409125 77
7447 78
7448 78
8379 78
8759 78
283095 78
283303 78
403776 78
408858 78
408913 78
408914 78
408915 78
410199 78
505265 78
505267 78
8057 79
8458 79
8459 79
8933 79
8935 79
283844 79
283845 79
409249 79
409253 79
410460 79
410461 79
410462 79
8598 80
8600 80
8918 80
9055 80
9058 80
408719 80
408720 80
408722 80
408724 80
409252 80
7659 81
109806 81
283843 81
284017 81
284225 81
284383 81
379943 81
390684 81
390686 81
409148 81
409149 81
410051 81
410100 81
410140 81
479549 81
7554 82
7555 82
7682 82
7683 82
8378 82
13332 82
13335 82
283305 82
283306 82
283865 82
284005 82
374498 82
374501 82
390803 82
390805 82
408852 82
410053 82
410054 82
479550 82
284032 83
408966 83
408967 83
409969 83
410026 83
410196 83
410514 83
410516 83
279155 84
283913 84
283914 84
283915 84
374497 84
374499 84
408719 84
408720 84
409484 84
409648 84
410192 84
410193 84
410195 84
410429 84
7960 85
7961 85
279153 85
279154 85
408919 85
408920 85
409066 85
409304 85
410300 85
410301 85
7742 86
7744 86
8319 86
8417 86
8422 86
283147 86
408860 86
409752 86
409753 86
409846 86
410298 86
410464 86
8414 87
8416 87
8521 87
232017 87
232018 87
410299 87
410327 87
410328 87
410329 87
410564 87
7809 88
7811 88
8384 88
173100 88
173103 88
232405 88
408720 88
408722 88
8190 89
8192 89
8318 89
8320 89
8324 89
161574 89
161575 89
244347 89
244348 89
8383 90
324459 90
409385 90
409639 90
409642 90
470973 90
470976 90
529264 90
529266 90
8565 91
173596 91
173599 91
559686 91
7480 92
7601 92
8519 92
173352 92
173356 92
441424 92
324462 93
408789 93
408821 93
283901 94
283904 94
409161 94
173057 95
409353 95
409355 95
410213 95
410218 95
410219 95
529269 95
7934 96
409427 96
409428 96
409536 96
172318 97
172320 97
172321 97
174651 97
408955 97
408957 97
410214 97
410215 97
410217 97
7397 98
410528 98
529267 98
529270 98
7378 99
8434 99
8437 99
173061 99
173064 99
173065 99
408816 99
410216 99
173058 100
173416 100
7383 101
7908 101
7909 101
408817 101
408818 101
7848 102
7851 102
7912 102
8256 102
9188 102
408820 102
470200 102
471639 102
471640 102
471641 102
8207 103
172784 103
470558 103
8061 104
8298 104
8603 104
8604 104
8606 104
9191 104
174461 104
409173 104
409906 104
409909 104
410567 104
470199 104
7910 105
7911 105
7914 105
8253 105
8255 105
50151 105
173450 105
410283 105
410322 105
410323 105
410324 105
172033 106
173410 106
173412 106
173419 106
229265 106
471457 106
4605 107
9061 107
175412 107
175416 107
230226 107
298339 107
410487 107
174612 108
409727 108
409905 108
409907 108
410570 108
173168 109
297984 109
297986 109
297987 109
298046 109
298049 109
385505 109
385506 109
385507 109
410062 109
173415 110
298041 110
298411 110
410060 110
448690 110
9061 111
50760 111
50762 111
172104 111
298341 111
298342 111
298344 111
333342 111
333343 111
333345 111
7863 112
7867 112
9059 112
9060 112
9062 112
172940 112
172942 112
173129 112
173130 112
296814 112
297968 112
297969 112
471347 112
471349 112
172566 113
172567 113
172769 113
409751 113
172218 114
172219 114
172978 114
173408 114
246829 114
408803 114
461512 114
471968 114
7789 115
7790 115
7791 115
50805 115
172111 115
297987 115
409013 115
7710 116
23643 116
50761 116
173338 116
173623 116
173629 116
232477 116
297840 116
297841 116
425804 116
425805 116
7861 117
173221 117
173523 117
173525 117
175396 117
175397 117
230595 117
230597 117
441550 117
441552 117
449593 117
172773 118
174784 118
297965 118
297968 118
470883 118
483202 118
167249 119
173145 119
173519 119
297570 119
7862 120
92243 120
173444 120
297454 120
297456 120
297601 120
470613 120
8001 121
232378 121
298267 121
470212 121
486426 121
230025 122
231687 122
297430 122
43469 123
50483 123
175078 123
297973 123
441552 123
471783 123
297710 124
297974 124
297975 124
297976 124
298024 124
298027 124
298357 124
298360 124
470611 124
471526 124
50617 125
50618 125
230395 125
230396 125
231477 125
232146 125
232148 125
297818 125
298348 125
520452 125
520453 125
172883 126
298317 126
326480 126
470761 126
471307 126
471308 126
471314 126
51054 127
173664 127
232197 127
297325 127
172107 128
172109 128
172111 128
173546 128
173548 128
297561 128
297612 128
298025 129
298027 129
470713 129
470715 129
173000 130
230542 130
230544 130
231216 130
231320 130
231323 130
231477 130
231877 130
232136 130
232480 130
232482 130
466948 130
471221 130
503996 130
94330 131
231324 131
470639 131
470641 131
470642 131
471293 131
471534 131
53090 132
144436 132
230972 132
231896 132
232399 132
232479 132
232481 132
45868 133
45869 133
230197 133
231473 133
231475 133
231476 133
231478 133
232038 133
232042 133
235523 133
264340 133
264342 133
264343 133
471125 133
471319 133
477519 133
172521 134
173003 134
231875 134
231876 134
231879 134
232004 134
466952 134
466954 134
471314 134
173004 135
173005 135
173007 135
173490 135
173494 135
173495 135
230539 135
231545 135
231909 135
464626 135
555522 135
230757 136
230831 136
230833 136
230899 136
231898 136
232482 136
407067 137
407068 137
231756 138
121153 139
173555 139
230311 139
232021 139
232038 139
232040 139
232081 139
232084 139
232470 139
265650 139
173112 140
173114 140
230929 140
230932 140
231244 140
231662 140
232078 140
232082 140
232083 140
173720 141
173723 141
173724 141
231553 141
231554 141
560208 141
11188 142
230385 142
231109 142
231110 142
231609 142
560559 142
172519 143
172521 143
172739 143
172740 143
173288 143
230009 143
230010 143
230011 143
231747 143
231750 143
232022 143
232149 143
232151 143
232152 143
471887 143
532902 143
559312 143
231541 144
231545 144
471489 144
169909 145
172093 145
172095 145
230388 145
232023 145
471903 145
471904 145
155785 146
155786 146
172859 146
172860 146
231335 146
231711 146
232150 146
470646 146
470648 146
470649 146
471891 146
559059 146
173299 147
192378 147
192381 147
230374 147
230377 147
401540 147
470197 147
470200 147
178596 148
232010 148
386321 148
386322 148
386326 148
386327 148
559309 148
559312 148
559314 148
560664 148
230885 149
470782 149
172176 150
231059 150
401912 150
559333 150
97008 151
97010 151
137210 151
230884 151
559310 151
559313 151
559412 151
559413 151
197285 152
230293 152
375053 152
559322 152
471418 153
559922 153
231349 154
559800 155
560300 155
470363 157
471453 157
471455 157
471456 157
471383 160
376684 161
376686 161
559257 161
559859 161
376284 162
559256 162
376946 163
376948 163
470315 164
471416 164
559442 164
559443 164
471840 165
560347 165
560350 165
375820 166
375975 166
375979 166
376150 167
376251 168
376271 168
376274 168
471952 168
559650 168
471386 169
559619 169
559621 169
470328 170
471837 170
560244 170
376040 171
558035 171
559651 171
559653 171
376250 172
559659 172
375152 173
376511 173
559317 173
559566 173
559235 174
559320 174
559819 174
560336 174
559236 175
559238 175
559338 175
560243 175
376029 176
376797 176
559474 176
559475 176
559476 176
560430 176
10808 177
375904 177
376160 178
559111 178
559113 178
559023 180
560488 180
6349 181
375902 181
375905 181
559352 181
559353 181
559634 181
560254 181
312710 182
376575 182
376580 182
313539 183
375584 183
376283 183
376436 183
376439 183
559886 183
559888 183
559889 183
560400 183
560401 183
559339 184
559655 184
560641 184
376286 185
376287 185
559224 185
559225 185
559394 185
559396 185
375784 186
375786 186
375787 186
559200 186
375355 187
375387 187
375389 187
376498 188
376499 188
559432 188
559745 188
559746 188
559749 188
117683 189
313538 189
376043 189
376045 189
376046 189
376047 189
376740 189
559427 190
560295 190
560298 190
560301 190
375577 191
376771 191
376774 191
27998 192
375568 192
559311 192
559313 192
559695 192
375056 193
376045 193
376402 193
559180 193
559897 193
375117 194
375118 194
375566 195
375581 195
376036 195
375391 196
375576 196
376037 196
559895 196
375568 197
376034 197
376045 197
376448 197
559748 197
313164 198
375297 198
375299 198
377009 198
377010 198
376227 199
559201 199
559521 199
559524 199
313165 200
375601 200
375602 200
375604 200
375765 200
375767 200
376872 200
376904 200
376907 200
400229 201
375715 202
375717 202
376231 202
376779 202
376780 202
376782 202
376903 202
375329 203
375580 203
375582 203
376481 203
376896 204
312556 205
313204 205
313205 205
344886 205
559554 205
559839 205
375713 206
375850 206
457721 206
457722 206
11826 207
312352 207
312354 207
376843 207
376120 208
376122 208
376343 208
559151 208
559066 210
559462 210
559463 210
559464 210
312687 211
312688 211
206682 213
425267 213
294350 217
375068 218
375067 220
375069 220
376647 220
376538 224
