539819 1 3 3 3
417367 1 3 3 3
156253 1 3 3 1
156255 0 3 5 1
417364 0 3 5 3
446787 0 3 5 3
547591 1 4 2 1
492188 1 4 2 3
420321 1 4 2 4
23745 1 4 2 3
23746 0 4 5 3
492189 0 4 5 3
547593 0 4 5 1
538364 1 5 4 3
163399 1 5 2 3
315363 1 5 1 4
177181 1 5 1 3
12265 0 5 5 3
177179 0 5 5 3
417366 1 7 2 1
169930 1 7 1 3
169929 0 7 5 3
417367 0 7 5 1
417368 0 7 5 1
316713 1 8 1 3
316714 0 8 5 3
83216 1 9 1 3
302454 1 10 2 3
153837 1 10 2 3
95205 1 10 1 3
95202 0 10 5 3
153834 0 10 5 3
262299 1 11 3 2
262300 0 11 5 2
83518 1 12 3 1
547076 1 12 2 4
534589 1 13 2 3
93963 1 13 2 3
83353 1 13 2 1
83352 0 13 5 1
534590 0 13 5 3
83438 1 14 2 1
83440 0 14 5 1
83362 1 15 3 1
303128 1 15 1 3
303129 0 15 5 3
83520 1 16 2 3
83518 0 16 5 3
83219 1 17 3 1
82989 1 18 3 1
546728 1 18 2 4
83347 1 18 1 1
82990 0 18 5 1
83220 1 18 5 1
83222 1 18 5 1
83349 0 18 5 1
83054 1 19 3 1
43113 1 19 2 3
43112 0 19 5 3
547166 1 20 2 0
547167 0 20 5 0
537691 1 21 4 1
548015 1 21 3 0
84364 1 21 0 1
84098 1 22 1 1
84101 0 22 5 1
537693 1 22 5 1
546671 0 22 5 1
546996 1 23 2 1
546886 1 23 2 1
83450 1 23 1 1
83099 0 23 5 1
83451 0 23 5 1
83453 0 23 5 1
546887 0 23 5 1
546888 0 23 5 1
84152 1 24 3 1
84151 0 24 5 1
84156 0 24 5 1
546995 1 24 5 1
546997 1 24 5 1
547001 1 24 5 1
83103 1 25 2 1
83102 0 25 5 1
83642 0 25 5 3
84063 1 26 3 1
546998 0 26 6 2
546746 1 26 2 1
84014 1 26 2 1
84352 1 26 1 1
83109 1 26 1 1
83108 0 26 5 1
83111 0 26 5 1
84064 0 26 5 1
84353 0 26 5 1
84354 0 26 5 1
546997 0 26 5 2
546999 0 26 5 2
84351 1 27 3 0
83870 1 27 2 3
83101 1 27 2 3
546682 1 27 1 1
546670 1 27 1 1
83867 0 27 5 3
83868 0 27 5 3
83869 0 27 5 3
84350 0 27 5 0
546669 0 27 5 1
546683 0 27 5 1
546745 1 27 6 1
546748 1 27 5 1
84155 1 28 4 3
546747 1 28 3 1
84193 1 28 3 1
546678 1 28 2 1
84151 0 28 5 1
84156 0 28 5 1
84194 0 28 5 1
84195 0 28 5 1
546746 0 28 5 1
546748 0 28 5 1
546750 0 28 5 1
546751 0 28 5 1
111486 1 29 2 3
83098 1 29 2 1
24799 1 29 1 3
83097 0 29 5 1
83100 0 29 5 1
84154 1 29 5 3
84270 1 30 2 4
83746 1 30 2 1
83096 0 30 5 3
83097 0 30 5 3
84271 0 30 5 4
84065 1 31 3 3
83956 1 31 3 1
551813 1 31 2 3
546674 1 31 2 0
83955 0 31 5 1
83957 0 31 5 1
551811 0 31 5 3
84350 1 32 3 0
83747 1 32 3 2
547944 1 32 2 1
546749 1 32 2 2
83654 1 32 2 1
24800 1 32 1 3
84150 0 32 5 1
546748 0 32 5 2
546729 1 33 4 2
84351 1 33 5 0
83094 1 34 2 3
548239 1 35 2 1
547719 1 35 2 1
84153 0 35 5 2
547721 0 35 5 1
548238 0 35 5 1
548240 0 35 5 1
548241 0 35 5 1
548251 1 36 3 3
82863 1 36 2 3
82862 0 36 5 3
548249 0 36 5 3
547957 1 37 3 1
547723 1 37 2 3
547228 1 37 2 1
25975 1 37 2 1
547722 0 37 5 3
547724 0 37 5 3
547719 0 38 5 2
547721 0 38 5 2
547724 0 38 5 2
547956 1 38 5 1
547960 1 38 5 1
24748 1 39 2 4
548044 1 40 3 1
548045 1 40 2 1
548040 1 40 2 3
548039 0 40 5 3
548043 0 40 5 1
547401 1 41 3 1
546503 1 41 1 3
24838 1 41 1 1
546499 0 41 5 3
546501 0 41 5 3
546504 0 41 5 3
546979 0 41 5 3
25345 1 42 1 1
25347 0 42 5 1
68453 1 43 2 3
25976 1 43 1 3
25975 0 43 5 3
25977 0 43 5 3
547133 1 44 3 1
546980 1 44 2 1
247530 1 44 2 3
547134 1 44 1 1
546979 0 44 5 1
546981 0 44 5 1
546982 0 44 5 1
547136 1 45 3 3
546404 1 45 3 1
26267 1 45 3 3
24938 1 45 2 1
24940 0 45 5 1
546407 0 45 5 1
546408 0 45 5 1
547134 0 45 5 1
547135 0 45 5 3
547137 0 45 5 3
26265 1 46 5 3
547359 0 47 7 2
547077 1 47 3 3
547603 1 47 1 3
546766 1 48 3 1
547839 1 48 2 2
546754 1 48 1 4
546767 0 48 5 1
546768 0 48 5 1
546769 0 48 5 1
547360 1 49 2 2
547361 0 49 5 2
547878 1 50 4 1
547982 1 50 1 3
547486 0 50 5 1
547362 1 51 2 1
248153 1 51 1 3
248152 0 51 5 3
546403 1 52 2 3
24695 1 52 2 1
24696 0 52 5 1
546400 0 52 5 3
546401 0 52 5 3
546402 0 52 5 3
547360 0 52 5 2
546614 1 53 2 1
546616 0 53 6 1
547482 0 54 8 0
548056 1 54 4 1
555897 1 55 3 3
26063 1 55 2 3
547600 0 55 5 1
548055 1 55 5 1
555894 0 55 5 3
546892 1 56 3 1
25397 1 56 2 1
548191 1 56 1 1
286323 1 56 1 2
286321 0 56 5 2
546613 0 56 5 3
546614 0 56 5 3
546893 0 56 5 1
548190 1 57 2 1
547764 1 57 1 1
547766 0 57 5 1
548191 0 57 5 1
25396 1 58 3 1
26059 1 59 3 4
24741 1 59 3 3
548200 1 59 2 3
24714 1 59 2 1
286324 1 59 1 3
24715 0 59 5 1
25399 1 59 5 1
25400 1 59 5 1
286321 0 59 5 3
547602 0 59 5 1
547182 1 60 2 3
546491 1 60 2 0
263853 1 60 2 4
550631 1 61 3 3
288131 1 61 3 3
25510 1 61 3 1
25513 0 61 5 1
438392 0 61 5 3
546493 1 61 5 0
550629 0 61 5 3
550951 1 62 3 4
525108 1 62 3 3
294071 1 62 3 3
25184 1 62 2 3
25181 0 62 5 3
294072 0 62 5 3
438728 1 63 3 1
547620 1 63 2 1
25395 1 63 2 2
24970 1 63 2 1
547622 0 63 5 1
439492 1 64 3 1
551505 1 64 2 1
439491 0 64 5 1
550765 1 65 2 1
24915 1 65 2 0
24916 0 65 5 0
550764 0 65 5 1
550766 0 65 5 1
439490 1 66 3 0
429720 1 66 2 3
41653 1 66 2 2
547777 1 66 1 4
547778 0 66 5 4
439316 1 67 3 1
547548 1 67 2 1
25394 1 67 2 0
25844 0 67 5 1
439319 0 67 5 1
439492 1 67 5 0
551505 0 67 5 1
551507 0 67 5 1
25804 1 68 3 1
550677 1 68 2 1
25022 1 68 2 0
551604 1 68 1 1
139269 1 68 1 1
25841 1 68 0 1
25024 0 68 5 0
25806 0 68 5 1
25807 0 68 5 1
139268 0 68 5 1
139270 0 68 5 1
551603 0 68 5 1
546959 1 69 2 1
25803 1 69 2 1
25809 0 69 5 1
139494 0 69 5 1
438996 1 70 3 3
25842 1 70 3 1
439730 1 70 2 1
139495 1 70 1 1
25839 0 70 5 1
25840 0 70 5 1
438993 0 70 5 3
439728 0 70 5 1
439731 0 70 5 1
546962 1 70 6 1
438574 1 71 3 1
26097 1 71 3 1
439079 1 71 2 1
42023 1 71 1 3
438575 0 71 5 1
551506 0 71 5 3
26095 1 72 5 1
25786 1 73 3 1
25782 0 73 5 1
546959 0 73 5 3
546961 0 73 5 3
25229 1 74 3 1
439599 1 74 2 3
25578 1 74 2 3
25574 0 74 5 3
551075 1 75 4 1
25231 1 75 5 1
25233 1 75 5 1
438627 1 76 3 3
438891 1 76 2 1
25031 1 76 1 3
25030 0 76 5 3
26290 0 76 5 1
26292 0 76 5 1
438624 0 76 6 3
438893 0 76 5 1
438894 0 76 5 1
551077 1 76 5 1
551078 1 76 5 1
25806 0 77 9 1
25872 1 77 4 0
438118 1 77 3 1
26189 1 77 3 1
24779 1 77 3 1
307115 1 77 2 3
25775 1 77 2 1
24802 1 77 2 1
550367 1 77 1 1
439226 1 77 1 1
26003 1 77 1 1
24801 0 77 5 1
24803 0 77 5 1
24804 0 77 5 1
25776 0 77 5 1
26004 0 77 5 1
26005 0 77 5 1
26006 0 77 5 1
307116 0 77 5 3
438119 0 77 5 1
438120 0 77 5 1
439229 0 77 5 1
439231 0 77 5 1
550368 0 77 5 1
25272 1 78 4 3
25571 1 78 3 1
25572 0 78 5 1
25803 1 78 5 1
25804 1 78 5 1
26190 1 78 5 1
292318 1 79 3 4
26106 1 79 3 3
25189 1 79 3 3
24986 1 79 3 2
439228 1 79 2 1
25298 1 79 2 1
24682 1 79 2 1
24683 0 79 5 1
24987 0 79 5 2
438626 0 79 5 1
439226 0 79 5 1
26025 1 80 3 1
440022 1 80 2 1
26239 1 80 2 4
550319 1 80 1 4
204929 1 80 1 3
440021 0 80 5 1
440023 0 80 5 1
440024 0 80 5 1
550318 0 80 5 4
24723 1 81 3 3
26055 1 81 2 1
25114 1 81 2 1
307108 1 81 1 2
25123 1 81 1 1
25117 0 81 5 1
26023 1 81 5 1
26053 0 81 5 1
307106 0 81 5 2
307107 1 82 4 0
26184 1 82 3 1
25852 1 82 3 1
26274 1 82 2 2
26236 1 82 2 3
25881 1 82 1 1
25233 1 82 1 3
25229 0 82 5 3
25230 0 82 5 3
25234 0 82 5 3
26183 0 82 5 1
26234 0 82 5 3
439658 0 82 5 3
439660 0 82 5 3
440068 1 83 3 1
439825 1 83 3 1
438331 1 83 3 1
25911 1 83 3 3
313291 1 83 2 4
105503 1 83 2 2
26102 1 83 2 1
25925 1 83 2 3
25924 0 83 5 3
26104 0 83 5 1
26105 0 83 5 1
307109 1 83 5 0
438333 0 83 5 1
439826 0 83 5 1
512075 1 84 3 3
438700 1 84 3 3
26036 1 84 3 3
439934 1 84 2 0
25224 1 84 2 4
439633 1 84 1 1
25689 1 84 1 3
24783 1 84 1 3
24778 0 84 5 3
25687 0 84 5 3
25908 1 84 5 3
25910 1 84 5 3
26035 0 84 5 3
365725 0 84 5 3
439936 0 84 5 0
440022 0 84 5 0
440023 0 84 5 0
440070 1 84 5 1
440067 1 85 3 0
218410 1 85 3 3
26276 1 85 3 1
26221 1 85 3 1
26185 1 85 3 3
25821 1 85 3 4
439583 1 85 2 1
439835 1 85 1 1
438520 1 85 1 1
249492 1 85 1 3
26224 0 85 5 1
218411 0 85 5 3
249491 0 85 5 3
438523 0 85 5 1
439584 0 85 5 1
439585 0 85 5 1
439586 0 85 5 1
439839 0 85 5 1
504763 1 86 3 3
25921 1 86 3 3
25883 1 86 2 3
25882 0 86 5 3
26278 1 86 6 1
439935 0 86 5 1
439937 0 86 5 1
439938 0 86 5 1
440068 1 86 5 0
440069 1 86 5 0
439824 1 87 3 1
26206 1 87 3 3
438528 1 87 2 1
24989 1 87 2 1
438847 1 87 1 3
26081 1 87 1 4
24990 0 87 5 1
24993 0 87 5 1
26024 0 87 5 1
26026 0 87 5 1
26027 0 87 5 1
438531 0 87 5 1
438846 0 87 5 3
439583 0 87 5 3
439586 0 87 5 3
439825 0 87 5 1
439826 0 87 5 1
439828 0 87 5 1
504762 1 87 5 3
439445 0 88 5 1
438455 1 88 3 1
439635 0 88 5 1
439632 1 88 2 1
438701 1 88 2 1
160822 1 88 2 3
439446 1 88 1 1
25854 1 88 1 3
160820 0 88 5 3
439063 0 88 6 1
439066 0 88 5 1
439448 0 88 5 1
439630 0 88 5 1
439633 0 88 5 1
27567 1 89 3 1
438444 1 89 2 4
439427 1 89 1 1
25691 1 89 1 4
25690 0 89 5 4
26277 0 89 5 3
119390 0 89 5 3
119391 0 89 5 3
439583 0 89 5 3
25937 1 90 4 0
438303 1 90 3 1
26237 1 90 2 2
25621 1 90 2 1
119393 1 90 1 3
27568 1 90 5 1
27569 1 90 5 1
438302 0 90 5 1
439846 0 90 5 1
439849 0 90 7 1
438773 0 91 6 3
438770 0 91 5 1
288839 1 91 3 3
24833 1 91 3 4
438774 1 91 2 1
144609 1 91 2 4
26208 1 91 2 2
469928 1 91 1 3
439103 1 91 1 1
26207 1 91 1 3
439847 1 91 0 1
26205 0 91 5 3
26209 0 91 5 2
144608 0 91 5 4
288838 0 91 5 3
438772 0 91 5 1
438775 0 91 5 1
438771 0 91 5 1
438776 0 91 5 1
469926 0 91 5 3
469927 0 91 5 3
250816 1 92 3 1
201202 1 92 3 2
34453 1 92 3 3
26249 1 92 3 4
250819 0 92 5 1
438771 0 92 5 3
439825 0 92 5 3
438651 1 93 3 3
288837 1 93 3 0
25614 0 93 7 3
439818 1 93 2 1
438526 1 93 1 1
25980 1 93 1 1
25613 0 93 5 1
25981 0 93 5 1
438302 0 93 5 3
438303 0 93 5 3
438304 0 93 5 3
438306 0 93 5 3
438527 0 93 5 1
438530 0 93 5 1
124851 1 94 2 3
97249 1 94 2 3
25622 1 94 1 3
25623 0 94 5 3
97250 0 94 5 3
439815 1 94 5 1
25668 1 95 3 1
439794 1 95 2 3
207929 1 95 2 3
25617 1 95 2 3
24992 1 95 2 3
438618 1 95 1 2
438750 1 95 0 1
24989 0 95 5 3
24991 0 95 5 3
25613 0 95 5 3
25667 0 95 5 1
25670 0 95 5 1
207928 0 95 5 3
438619 0 95 5 2
439819 0 95 5 1
439473 1 96 2 3
439448 1 96 2 3
438833 1 96 2 1
288838 1 96 2 3
250769 1 96 2 1
249491 1 96 2 3
439032 1 96 1 1
250768 0 96 5 1
439447 0 96 5 3
438494 1 97 3 3
249672 1 97 3 1
250896 1 97 2 1
256546 1 97 1 2
250897 0 97 5 1
438832 1 97 5 1
131214 1 98 2 3
131212 0 98 5 3
439033 1 99 3 3
280998 1 99 3 3
250767 0 99 7 1
249748 1 99 3 1
249110 1 99 3 1
249185 1 99 2 1
24917 0 99 6 3
24916 0 99 5 2
24918 0 99 5 2
249747 0 99 5 1
249749 0 99 5 1
250769 0 99 5 1
280995 0 99 5 3
439032 0 99 5 3
439034 0 99 5 3
450556 1 100 2 3
438252 1 100 2 4
157501 1 100 2 2
439795 1 100 1 4
201659 1 100 1 1
25620 1 100 1 4
24916 0 100 5 3
157502 0 100 5 2
201657 0 100 5 1
249109 1 100 5 1
249111 1 100 5 1
249112 1 100 5 1
465075 0 101 5 3
250696 1 101 3 1
465076 1 101 2 3
250768 1 101 2 1
250770 0 101 5 1
249243 1 102 3 4
250766 1 102 2 4
144573 1 102 2 3
24896 1 102 1 2
249620 0 102 5 2
249623 0 102 5 2
249624 0 102 5 2
250697 1 102 5 1
250318 1 103 3 0
250583 1 103 2 3
250326 1 103 2 1
28627 1 103 2 3
249750 1 103 1 3
28625 0 103 5 3
249747 0 103 5 3
250328 0 103 5 1
250582 0 103 5 3
438169 1 104 1 1
250320 1 104 5 0
438168 0 104 5 1
438171 0 104 5 1
438172 0 104 5 1
25709 1 106 2 3
25710 0 106 5 3
25711 0 106 5 3
249908 0 106 5 2
515573 1 107 3 3
249252 1 107 2 3
201319 1 108 3 1
25757 1 108 2 1
25758 0 108 5 1
25762 0 108 5 1
201320 0 108 5 1
438238 1 109 4 1
249473 1 110 3 1
249476 0 110 5 1
438239 1 110 5 1
438240 1 110 5 1
249925 1 111 4 4
250801 1 111 3 0
249909 1 112 4 2
249444 1 112 3 1
86781 1 112 3 3
440038 1 112 2 1
249256 1 112 2 3
201318 1 112 2 1
201319 0 112 5 1
201321 0 112 5 1
250797 0 112 5 3
250799 0 112 5 3
249445 1 113 5 1
465589 1 113 2 1
249447 0 113 5 1
249449 0 113 5 1
465590 0 113 5 1
465591 0 113 5 1
250803 1 114 3 1
201322 1 114 3 3
466253 1 114 2 1
466251 0 114 5 1
466254 0 114 5 1
440030 1 115 3 3
201319 1 115 5 3
250805 1 115 5 1
249177 1 116 3 1
249174 0 116 5 1
249179 0 116 5 1
466252 1 117 3 1
466254 0 117 5 1
250450 1 118 4 0
250198 1 118 3 3
249443 1 118 2 1
249445 0 118 5 1
249449 0 118 5 1
250196 0 118 5 3
250599 1 119 3 1
250119 1 119 2 3
249117 0 119 5 3
249735 0 119 5 2
249739 0 119 5 2
250453 1 119 5 0
244046 1 120 4 3
250600 1 120 5 1
249447 1 121 2 3
249443 0 121 5 3
249444 0 121 5 3
249448 0 121 5 3
466254 1 122 2 3
118361 1 123 3 3
251150 0 123 6 4
250456 1 123 2 3
249729 1 123 2 2
118359 0 123 5 3
249731 0 123 5 2
250451 0 123 5 3
250452 0 123 5 3
250453 0 123 5 3
251149 0 123 6 4
250145 1 124 4 1
251151 1 124 3 4
250385 1 124 1 1
250147 1 125 5 1
250148 1 125 5 1
250455 1 126 3 3
250384 1 126 3 0
118362 1 126 3 3
250184 1 126 1 3
25218 1 126 1 1
25217 0 126 7 1
250182 0 126 5 3
250183 0 126 5 3
250450 0 126 5 3
250452 0 126 5 3
250454 0 126 5 3
250385 1 127 5 0
250386 1 127 5 0
25219 0 128 5 0
25220 0 128 6 0
250458 1 129 3 3
250459 0 129 5 3
166222 1 130 1 1
166224 0 130 5 1
250019 1 131 3 1
512064 1 131 2 3
393062 1 131 2 3
249068 1 131 1 3
25218 0 131 5 3
250020 0 131 5 1
393061 0 131 5 3
249049 1 132 3 1
249050 0 132 5 1
511311 1 133 2 3
251122 1 134 3 1
250414 1 134 3 4
393070 1 134 2 3
250489 1 135 3 1
250555 1 135 2 1
249966 1 135 2 1
249965 0 135 5 1
249968 0 135 5 1
250556 0 135 5 1
251124 1 135 5 1
250557 1 136 2 3
250061 1 136 2 1
250062 0 136 5 1
250493 1 136 5 1
250554 0 136 5 3
392965 1 138 2 4
250881 1 138 2 1
25219 1 138 1 3
25218 0 138 5 3
25220 0 138 5 3
250488 0 138 5 1
250489 0 138 5 1
250492 0 138 5 1
250880 0 138 5 1
510546 0 139 13 3
250853 1 139 2 1
250413 1 139 1 3
250411 0 139 5 3
512587 1 140 3 4
250367 1 140 3 3
249796 1 140 3 3
510544 1 140 5 3
510545 1 140 5 3
249797 1 141 5 3
249401 1 142 2 1
359628 1 143 1 3
250902 1 150 1 1
250905 0 150 5 1
249980 1 151 4 3
249861 1 152 2 1
249863 0 152 5 1
249976 1 152 5 3
250551 1 154 3 1
250552 0 154 5 1
249513 1 155 2 1
249978 1 156 2 1
250957 1 156 1 1
250854 1 157 2 1
249979 1 157 5 1
249980 1 157 5 1
250855 0 157 5 1
250857 0 157 5 1
250802 1 158 3 1
250548 1 158 2 3
249330 1 158 2 0
249333 0 158 5 0
250819 1 159 3 1
249591 1 159 2 2
249332 1 159 2 1
249334 0 159 5 1
250816 1 160 5 1
250817 1 160 5 1
250337 1 161 4 0
249503 1 161 3 1
249204 1 161 3 1
249981 1 161 2 3
250713 1 161 1 1
249979 0 161 5 3
249980 0 161 5 3
250714 0 161 5 1
250715 0 161 5 1
250338 1 162 5 0
250334 1 163 4 1
250380 1 163 3 0
250381 0 163 5 0
250818 1 164 2 1
249205 1 164 2 3
249203 0 164 6 3
249206 0 164 5 3
250332 1 164 5 1
250333 1 164 5 1
250816 0 164 5 1
560242 1 165 3 3
249504 1 165 3 3
250014 1 165 2 1
148936 1 165 2 2
249506 0 165 5 3
250015 0 165 5 1
250016 0 165 5 1
560243 0 165 5 3
250348 1 166 2 2
148935 1 166 5 2
250349 0 166 5 2
250335 1 167 3 2
249805 1 167 2 1
249206 0 167 5 1
249806 0 167 5 1
249807 0 167 5 1
249808 0 167 5 1
250934 1 168 3 1
250383 1 168 2 3
250336 1 168 5 2
250932 0 168 5 1
12801 1 172 2 3
249652 1 172 1 1
251228 1 174 3 1
249872 1 174 3 1
251229 0 174 5 1
251230 0 174 5 1
251264 0 174 5 1
251266 0 174 5 1
251267 0 174 5 1
251268 0 174 5 1
250172 1 175 2 3
251265 1 175 1 1
250457 1 175 1 1
249514 1 175 1 1
249515 0 175 5 1
250170 0 175 5 3
250448 1 176 4 1
250096 1 176 3 1
251420 1 176 2 3
250097 0 176 5 1
251419 0 176 5 3
249373 0 177 6 1
249800 1 177 2 1
249374 0 177 5 1
249375 0 177 5 1
249802 0 177 5 1
250449 1 177 5 1
249931 1 178 3 1
249874 1 178 3 3
79584 1 178 3 3
251234 0 178 6 2
249372 1 178 2 1
128111 1 178 2 2
249341 1 178 1 4
251236 0 178 5 1
251237 0 178 5 1
251238 0 178 5 1
249385 1 179 3 1
250171 1 179 2 3
249656 1 179 2 3
249258 1 179 2 2
123380 1 179 2 3
251264 1 179 1 1
251231 1 179 1 3
249872 1 179 5 3
249933 1 179 5 1
250170 0 179 5 3
251229 0 179 5 3
251235 0 179 5 2
251268 0 179 5 1
249529 1 180 3 4
250972 1 180 2 1
250960 1 180 2 1
250740 1 180 2 1
251219 1 180 1 1
251013 1 180 1 1
249387 1 180 6 1
250458 0 180 5 3
250741 0 180 5 1
250961 0 180 5 1
250963 0 180 5 1
250974 0 180 5 1
251220 0 180 5 1
250447 1 181 2 1
250541 1 182 2 3
249662 1 182 2 3
251221 1 183 3 3
250343 1 183 3 1
137060 1 183 2 3
560235 1 183 1 3
249385 0 183 5 2
249386 0 183 5 2
249388 0 183 5 2
249934 0 183 5 1
249189 1 184 2 1
249931 0 184 5 3
249933 0 184 5 3
250739 0 184 5 1
250789 0 184 5 1
250791 0 184 5 1
251219 1 184 5 3
250278 1 185 2 4
249190 1 185 5 1
249191 1 185 5 1
250279 0 185 5 4
249935 1 186 1 3
249192 1 187 2 1
21114 1 187 2 3
249193 0 187 5 1
249194 0 187 5 1
249195 0 187 5 1
21000 1 188 3 3
501714 1 188 2 3
20998 0 188 5 3
20999 0 188 5 3
250919 0 188 5 1
250924 0 188 5 1
501711 0 188 5 3
249915 1 190 1 4
149989 1 191 2 2
249195 1 192 1 3
249192 0 192 5 3
249193 0 192 5 3
249194 0 192 5 3
250346 1 193 2 1
250924 1 194 3 3
250918 1 195 5 3
250920 1 195 5 3
250921 1 195 5 3
249400 1 196 2 1
249399 0 196 5 1
249401 0 196 5 1
250595 1 199 2 1
249403 1 199 2 3
249399 0 199 5 3
249400 0 199 5 3
249401 0 199 5 3
250597 0 199 5 1
250598 0 199 5 1
250499 1 200 3 1
250501 1 201 3 3
249777 1 201 2 1
251259 1 201 1 1
249778 0 201 5 1
249779 0 201 5 1
249780 0 201 5 1
249781 0 201 5 1
251095 1 202 2 0
251096 0 202 5 0
251098 0 202 5 0
251100 0 202 5 0
249396 1 203 2 2
250249 1 203 1 3
250247 0 203 5 3
251094 1 204 2 4
251097 0 204 5 1
251098 0 204 5 1
250727 1 206 2 1
358209 0 206 5 1
250500 1 207 1 3
250498 0 207 5 3
359377 1 208 3 1
316826 1 208 3 3
250703 1 208 3 1
250639 0 208 5 1
250701 0 208 5 1
250704 0 208 5 1
359374 0 208 5 1
359379 0 208 5 1
359380 0 208 5 1
250638 1 209 1 1
358555 0 209 5 1
358556 0 209 5 1
249963 1 210 3 1
358246 1 210 2 1
250203 1 210 2 2
249502 1 210 2 3
250201 0 210 5 2
358245 0 210 5 1
250166 1 211 2 1
250705 0 211 5 1
358892 1 212 3 1
359376 1 212 2 1
358247 1 212 1 3
358244 0 212 5 3
358246 0 212 5 3
359378 0 212 5 1
249261 1 213 4 1
250168 1 213 3 3
359379 1 213 1 2
359377 0 213 5 2
240839 1 214 1 3
250167 1 214 5 3
359362 1 215 3 1
358224 1 215 3 1
249689 1 215 2 1
250825 1 215 1 1
249690 0 215 5 1
358223 0 215 5 1
359277 1 217 3 1
250571 1 217 3 0
359285 1 217 2 1
250577 0 217 5 0
359278 0 217 5 1
198548 1 218 3 3
359366 1 218 2 3
249262 1 218 2 3
198549 0 218 5 3
249261 0 218 5 3
250845 0 218 5 0
359286 1 218 5 1
358243 0 219 5 2
250197 1 219 3 1
359398 1 219 2 1
358240 1 219 2 2
250514 1 219 2 1
358225 1 219 1 3
250193 0 219 5 1
250198 0 219 5 1
250199 0 219 5 1
250515 0 219 5 1
250516 0 219 5 1
358223 0 219 5 3
358226 0 219 5 3
358239 0 219 5 2
251070 1 220 3 3
359365 1 220 1 3
358241 1 220 5 3
359363 0 220 5 3
359399 1 220 5 1
250572 1 221 2 0
250196 0 221 5 0
250576 0 221 5 0
359365 0 221 5 1
250052 1 222 3 1
249124 1 222 2 4
358404 0 222 5 3
358269 1 223 3 1
359396 1 223 2 3
358784 1 223 2 1
358786 0 223 5 1
358787 0 223 5 1
358302 1 224 3 1
358270 1 224 5 1
358271 1 224 5 1
359428 1 225 4 1
492269 1 225 3 2
492266 0 225 5 2
492267 0 225 5 2
492271 0 225 5 2
358251 1 226 2 1
249066 1 226 2 1
250576 1 226 1 3
249064 0 226 5 1
249065 0 226 5 1
249067 0 226 5 1
250574 1 227 4 2
358268 1 227 3 1
359144 1 227 2 1
359781 1 228 3 1
358214 1 228 2 3
250573 1 228 5 2
250577 1 228 5 2
358215 0 228 5 3
359661 1 230 3 4
359487 1 231 3 1
359486 1 231 1 1
359488 0 231 5 1
359659 1 232 3 3
359039 1 232 3 1
358270 1 232 3 3
358268 0 232 5 3
359040 0 232 5 1
358781 1 233 2 3
359037 0 233 5 1
359038 1 234 2 1
359490 1 234 1 1
359493 0 234 5 1
359124 1 235 3 1
358076 1 235 2 1
358078 0 235 5 1
359123 0 235 5 1
359125 0 235 5 1
359126 0 235 5 1
359127 0 235 5 1
358813 1 236 3 3
358779 1 236 2 0
11652 1 237 2 4
358744 0 237 6 1
358795 1 239 4 3
359576 1 240 4 1
310982 1 240 2 3
310981 0 240 5 3
358742 0 240 5 3
358745 0 240 5 3
358793 1 240 5 3
358509 1 242 3 1
358510 1 243 6 1
546896 1 244 3 3
358500 1 245 1 1
358498 0 245 5 1
358502 0 245 5 1
358742 1 246 2 1
358511 0 246 5 3
358745 0 246 5 1
546896 0 247 5 3
11080 1 248 2 1
12641 1 248 1 1
11081 0 248 5 1
11083 0 248 5 1
12640 0 248 5 1
12634 1 250 3 1
11611 1 252 1 1
11613 0 252 5 1
11256 1 253 2 1
11306 1 254 3 1
11308 0 254 5 1
11209 1 256 1 3
132820 1 257 2 3
12172 1 259 4 1
132821 1 260 3 3
12173 1 260 5 1
12174 1 260 5 1
12175 1 260 6 1
12051 1 272 2 3
132819 1 261 5 3
