109952 2 1 1 0
243140 3 2 3 0
344763 3 2 3 0
414589 3 2 3 0
244403 4 3 1 0
291620 4 3 1 0
300201 4 2 2 0
322788 4 3 3 0
334392 4 3 2 0
460981 5 4 1 0
538175 5 4 2 0
35008 6 3 1 1
116756 6 3 3 0
243139 6 3 3 0
244265 6 2 3 0
291618 6 3 4 0
292527 6 4 1 0
300199 6 2 2 1
322794 6 3 3 0
116881 7 4 1 0
244404 7 4 1 0
34334 8 2 1 0
35011 8 2 3 0
548893 8 3 3 0
292524 9 2 0 1
292525 9 2 1 0
35010 10 2 3 0
262390 10 3 3 0
291616 10 3 3 0
116126 11 2 1 0
290872 11 3 1 0
292579 11 1 1 0
444920 11 2 3 0
291423 12 2 1 0
292611 12 4 1 0
33533 13 3 1 0
117218 13 3 1 0
292530 14 4 3 0
293059 14 3 4 0
291959 15 3 1 0
116415 16 3 2 1
291961 16 2 3 0
292054 16 2 1 0
292104 16 1 3 0
292593 16 3 1 0
135561 18 3 3 0
269621 18 2 2 0
292008 18 2 1 0
292588 18 3 3 0
116351 19 3 3 0
291169 19 2 4 1
290748 20 3 1 0
291427 20 3 3 1
292401 20 3 3 0
292679 20 2 3 0
115756 21 3 2 0
268266 21 2 4 0
368324 21 3 3 0
630 22 3 3 0
115808 22 4 1 0
43563 23 3 3 0
81517 23 2 4 0
115809 23 2 1 0
269618 23 3 0 0
291258 23 4 1 0
290749 24 3 1 0
292857 24 3 1 1
292900 24 2 1 0
425958 24 3 2 0
269619 25 3 0 0
273217 25 4 2 0
292144 25 3 1 0
309936 25 2 4 1
81012 26 4 3 0
115810 26 3 3 0
368325 26 2 3 0
116436 27 3 2 0
117311 27 3 1 0
290607 27 4 1 1
292834 27 2 1 0
292858 27 2 1 0
115729 28 2 1 0
116186 28 3 1 0
291756 28 3 1 0
292549 28 3 1 0
292859 28 2 3 0
309932 29 3 1 0
377966 29 3 2 0
116804 30 3 1 1
436280 30 4 3 0
292835 31 2 1 0
309935 31 2 4 1
117270 32 3 4 0
290477 32 4 1 0
277763 33 3 2 0
293123 33 2 1 0
293125 33 2 3 0
54694 34 2 3 0
290478 35 3 1 0
333441 35 3 3 0
378753 36 3 1 0
19824 37 4 3 0
116132 37 2 1 0
291082 37 3 1 0
291488 37 1 4 0
379850 37 3 3 0
18508 39 2 3 0
116129 39 2 1 0
290844 39 3 1 0
291849 39 3 3 0
378754 39 3 3 0
37056 40 2 1 0
59534 40 4 3 0
115723 40 1 3 0
116345 40 4 2 0
292837 40 3 3 0
292733 41 3 1 0
37051 42 3 1 0
132726 42 3 3 0
253700 42 4 3 0
291846 42 2 3 0
115826 43 3 1 0
292728 44 3 3 0
292735 44 2 3 0
377884 44 4 2 0
36086 45 3 1 1
36221 45 3 1 0
37049 46 3 0 0
116419 46 3 1 1
291845 46 3 3 0
5766 47 1 3 0
37206 47 2 1 0
116866 47 4 1 0
116477 48 4 1 0
344536 48 2 3 1
35832 49 4 1 0
115737 49 3 1 0
115949 49 2 1 0
116054 49 3 3 1
116517 49 2 1 0
116571 49 2 1 0
116690 49 2 1 0
116791 49 2 0 0
117168 49 2 1 0
502605 49 4 2 0
115844 50 2 1 0
115971 50 3 1 0
116242 50 3 1 0
116299 50 1 1 0
116418 50 3 1 0
116563 50 4 1 0
116567 50 1 1 0
379907 50 4 3 0
116462 51 3 4 0
117121 51 3 1 0
117173 51 4 1 0
434188 51 4 4 0
115689 52 3 1 0
115712 52 4 4 0
115739 52 2 1 0
115950 52 3 1 0
115951 52 2 3 0
116051 52 2 1 0
116245 52 4 2 0
116867 52 3 3 0
117146 52 4 1 0
35835 53 3 3 0
35899 53 1 1 0
115698 53 3 1 0
115740 53 3 3 1
116096 53 2 1 0
229853 53 3 3 0
35990 54 4 1 0
116224 54 2 1 0
117076 54 3 1 0
61766 55 3 3 0
116564 55 4 1 0
116597 55 1 1 0
117123 55 4 3 0
117570 55 2 1 0
379898 55 3 2 0
115690 56 3 3 0
116290 56 3 3 0
117151 56 4 4 1
115977 57 4 1 0
135110 57 1 3 0
116485 58 4 1 0
117211 58 2 1 0
117334 58 2 3 1
436790 58 2 3 0
36829 59 2 3 0
117216 59 2 3 0
203343 59 2 2 0
35751 60 2 4 1
36498 60 4 1 0
36826 60 2 1 0
37392 60 2 1 0
117435 60 3 1 0
36122 61 4 1 0
36827 61 1 1 0
116253 61 3 2 1
35975 62 4 1 0
36132 62 2 1 0
115642 62 1 1 0
116005 62 1 1 0
362763 62 2 3 0
35893 63 2 1 0
36123 63 4 3 0
36605 63 3 3 0
36939 63 3 1 0
116281 63 2 1 0
117471 63 3 1 0
36771 64 2 3 0
116052 64 2 1 0
117473 64 2 3 0
135112 65 3 4 1
35895 66 3 1 0
115847 66 3 3 0
115869 66 2 1 0
116004 66 2 0 0
116047 66 2 1 0
115645 67 3 3 1
116006 67 2 2 0
116032 67 2 1 0
116382 67 4 1 0
116825 67 3 1 0
116982 67 3 1 0
116988 67 3 1 0
259612 67 3 3 0
364139 67 4 4 1
116539 68 2 1 0
117439 68 2 3 0
115868 69 2 1 0
116007 69 2 2 0
96324 70 2 3 0
116045 70 2 1 0
116358 70 3 4 0
117341 70 2 2 0
205186 70 2 3 0
36212 71 4 1 0
115866 71 3 1 0
116030 71 3 0 0
117465 71 3 3 0
454950 71 2 2 0
116039 72 2 1 0
116824 72 4 1 1
116947 72 1 1 0
221567 72 2 4 0
35894 73 4 1 1
116156 73 3 1 0
117461 73 2 3 0
117469 73 2 3 0
36742 74 3 1 0
117239 74 3 1 0
114518 75 2 1 0
116043 75 2 2 0
117374 75 3 1 0
471190 75 4 3 0
36740 76 1 1 0
116185 76 3 1 0
117337 76 2 0 1
356227 76 4 3 1
36296 77 3 1 0
113551 77 4 0 0
116990 77 4 3 0
117434 77 2 1 0
117458 77 3 1 0
36089 78 3 1 1
36795 78 3 4 1
37090 78 3 1 0
36323 80 2 1 0
36325 80 4 1 0
36796 80 3 2 0
36899 80 2 4 1
115602 80 4 1 0
116503 80 2 1 0
117375 80 3 1 0
114442 81 2 1 0
116520 83 2 3 0
117371 83 4 2 0
35785 84 3 1 0
36453 84 2 1 0
35698 85 4 1 0
35559 86 2 1 0
35695 86 3 1 0
35741 86 3 1 0
36115 86 2 1 0
36191 86 3 1 0
117485 86 3 4 0
117500 86 2 3 0
202780 86 2 3 0
35750 87 3 3 0
37073 87 2 3 0
117372 87 3 2 0
35798 88 3 1 0
36399 88 3 1 0
36821 88 2 1 0
37039 88 3 1 1
36736 89 2 2 0
37022 89 3 1 0
37040 89 3 1 1
37079 89 2 3 0
36861 90 3 1 0
36880 90 4 3 0
37041 90 3 1 0
35700 91 5 3 0
36116 91 2 1 0
37062 91 4 3 0
378225 91 3 3 0
36213 92 4 3 0
36881 92 3 2 0
353491 92 2 3 1
35466 93 3 4 1
37043 93 3 3 1
35359 94 3 3 0
36864 94 2 3 0
116733 94 3 1 0
175107 94 3 3 1
411101 94 2 3 1
36398 95 2 1 0
230984 95 2 2 1
35366 96 3 3 0
35580 96 3 2 0
50653 96 3 3 0
116735 96 2 3 1
117224 96 3 1 0
35365 97 2 2 0
115886 97 2 1 0
116140 97 4 1 0
37042 98 3 1 0
39000 98 2 0 0
36769 99 4 2 0
36190 100 3 1 0
39001 100 1 1 0
36217 102 2 1 0
36799 102 2 0 0
37086 102 5 1 0
465462 102 4 2 0
30732 103 3 2 0
35533 103 4 3 0
35522 104 3 1 0
35753 105 1 1 0
36225 105 2 1 0
39002 105 3 1 0
35437 106 3 1 0
188469 106 3 3 1
37087 107 3 2 1
466384 107 2 1 0
466382 112 4 1 0
35682 116 3 1 0
466213 116 3 1 0
35684 119 2 1 0
35683 120 2 1 0
37221 130 4 3 0
