66328 10
66329 10
274674 10
282805 11
282806 11
360623 11
226449 12
226451 12
115777 13
115778 13
420414 13
420750 13
448228 14
448238 17
216148 18
399414 18
419297 18
215552 19
216059 20
216062 20
214997 21
215550 21
115953 22
115954 22
115951 24
419965 24
214994 25
215132 25
215133 25
349539 25
349540 25
349541 25
419296 25
419297 25
13290 26
419142 26
106835 27
265347 27
265349 27
420488 27
420491 27
420492 27
215659 28
419317 28
265268 29
265270 29
419465 29
419466 29
520275 29
520277 29
214903 30
215524 31
215526 31
420421 31
265273 32
266377 32
420037 32
420187 32
420191 32
420423 32
190919 33
190922 33
417072 33
417073 33
417075 33
419765 33
420290 33
215522 34
253096 34
419678 34
419865 34
419866 34
419142 35
427675 35
343221 36
419674 37
215069 39
427672 39
427673 39
427674 39
192686 40
215041 41
215216 42
215218 42
419792 42
419793 42
108494 43
215066 43
419473 43
470046 44
470050 44
427332 45
215403 46
287206 46
419402 46
419403 46
419406 46
419877 46
190327 47
215514 47
215517 47
419754 47
419757 47
420753 47
426692 47
426695 47
190283 48
287205 49
226399 50
226400 50
226402 50
226403 50
420148 50
427331 50
107098 51
426508 52
426510 52
191624 55
227736 55
215569 56
190734 57
227733 58
227735 58
227737 58
227217 59
227218 59
190513 69
190514 69
189847 71
191094 72
191099 72
190511 73
191179 74
55971 75
191096 75
190896 76
191055 76
512613 76
214803 77
190974 78
189353 79
190894 79
429070 79
429213 79
429214 79
189457 80
189458 80
189506 80
55973 81
428349 81
428350 81
527258 81
55971 82
55972 82
191073 82
191102 82
191144 83
428357 83
191410 84
428382 84
428383 84
428535 84
189505 85
189507 85
189508 85
191207 86
191520 86
189573 87
189574 87
190970 87
190971 87
190973 87
191145 87
191407 87
191408 87
428166 88
428167 88
189887 89
189888 89
189889 89
191110 89
428145 89
190007 90
190234 90
190238 90
189505 91
189506 91
189509 91
189571 91
189575 91
189576 91
190628 91
189747 92
189750 92
191078 92
191079 92
191083 92
191645 92
191646 92
190545 93
190919 93
190920 93
190922 93
190047 94
190048 94
190049 94
358254 94
358256 94
358321 94
190572 95
10687 96
124158 96
444123 96
190730 98
190732 98
358327 98
190403 99
190404 99
189295 100
189757 100
190130 100
190903 100
191673 100
191675 100
542548 100
189467 101
189471 101
190002 101
190003 101
190518 101
190519 101
189888 103
189891 103
190517 103
542555 103
189439 104
189530 104
189532 104
428488 104
429463 104
101345 105
189977 105
189979 105
190193 105
189936 106
189938 106
189886 107
189887 107
189889 107
190333 107
190335 107
190397 107
189943 108
190128 108
190129 108
191298 108
190127 111
530942 111
530944 111
530982 111
530985 111
191304 113
83261 114
189317 114
189623 115
189703 115
191141 115
191145 115
191146 115
189972 116
189974 116
191303 118
358232 118
424718 118
189705 119
429426 121
429427 121
189972 122
189973 122
434394 123
434395 123
435264 123
435267 123
474870 124
428515 125
428516 125
428839 126
428842 126
428843 126
428952 126
435268 126
424366 127
425485 128
425490 128
428162 128
428524 128
428958 128
428962 128
429015 128
429133 128
429135 128
482836 128
482839 128
427954 129
190496 130
428416 130
428417 130
428804 130
434364 130
434365 130
434767 130
434768 130
435838 130
427973 131
429243 131
429740 131
429743 131
429744 131
434495 131
434497 131
435697 131
435698 131
428961 132
434029 132
44990 133
424405 133
424406 133
424407 133
434514 133
434515 133
434516 133
434660 133
435030 133
435034 133
435035 133
245658 134
429171 134
429172 134
429741 134
434181 134
434182 134
435041 134
435044 134
428180 135
429499 135
429501 135
434598 135
434838 135
435323 135
421120 136
421121 136
428897 136
434788 136
434804 136
435032 136
428899 137
435396 137
435398 137
435483 137
187149 138
319638 138
319641 138
429522 138
434524 138
320979 139
414289 139
428247 139
428248 139
428421 139
429029 139
434328 139
434330 139
434837 139
308823 140
428249 140
428250 140
428898 140
319639 141
428090 141
428955 141
429077 141
429169 141
431774 142
434999 142
435001 142
435003 142
435005 142
435627 142
435746 142
435751 142
435888 142
435889 142
320980 143
320981 143
320983 143
320994 143
421123 143
360398 145
428247 145
428248 145
428251 145
434074 145
319638 146
320978 146
320979 146
434847 146
435513 146
435631 146
434046 147
434573 147
434576 147
435321 147
506728 147
23801 148
434479 148
434427 149
434500 149
435749 149
435751 149
365683 150
434240 150
434243 150
434499 150
434504 150
434564 151
434773 151
435626 151
435628 151
546984 151
413035 152
413038 152
422503 152
434475 152
434478 152
435081 152
421008 153
434565 153
434567 153
434568 153
434703 153
435797 153
37354 154
298716 154
426740 154
433290 154
435469 154
435472 154
435473 154
421869 155
421872 155
422499 155
422500 155
422502 155
434269 155
434270 155
434357 155
434358 155
434476 155
434573 155
434576 155
434843 155
546987 155
435092 156
435437 156
435979 156
321067 157
434681 157
435108 157
435109 157
434137 158
434141 158
434909 158
434841 159
435178 159
435181 159
421038 160
421041 160
434185 160
434477 160
435199 160
435201 160
435350 160
435352 160
470243 160
434140 161
434142 161
320085 162
368090 162
421211 162
12555 163
429570 163
429571 163
129210 164
275584 164
421042 164
421043 164
435202 164
435203 164
435205 164
325277 165
434138 165
435929 165
12549 167
435490 167
435491 167
435492 167
435494 167
422986 168
434399 169
434401 169
99063 170
99064 170
99066 170
422036 170
433473 170
421468 171
421884 171
421886 171
421887 171
434838 171
436031 171
436032 171
131231 172
131234 172
131013 173
131428 173
131430 173
132078 173
132080 173
421469 173
435952 173
483630 173
131116 174
131341 174
131409 174
131410 174
131411 174
131412 174
132299 174
132301 174
433897 174
433898 174
132461 175
132462 175
196678 175
131755 176
533087 176
533086 177
533088 177
132659 180
132663 180
421317 181
421644 181
531740 181
531741 181
532836 181
132396 182
132399 182
497883 182
178492 183
434402 183
531667 183
531738 184
532399 184
132467 185
132468 185
421613 185
421615 185
532400 185
532403 185
422444 186
132152 187
132155 187
531514 187
531516 187
131086 190
131089 190
131638 190
131761 191
131763 191
132466 191
132469 191
158969 191
158970 191
532240 194
532241 194
67692 195
131472 195
132454 195
132458 195
387867 198
196674 199
199239 199
455102 202
132171 206
132172 206
132173 206
132175 206
132269 206
132588 208
132589 208
132591 208
132270 209
320837 213
132053 217
132056 217
131920 218
131914 220
131341 222
131476 223
131477 223
131479 223
132066 223
132068 223
132069 223
250405 231
250406 231
251208 232
251211 232
249940 233
284615 233
284617 233
284618 233
249329 235
249937 236
249938 236
249941 236
250983 236
250984 236
251210 236
251033 237
251212 237
249389 240
249760 240
131156 243
