274808 3 2 0 0
64554 4 3 3 0
215741 4 3 3 0
319748 4 3 0 0
360872 4 3 3 0
530501 4 3 0 0
78422 5 2 3 0
435523 5 1 1 0
475493 5 4 3 0
290406 7 4 1 0
292550 8 3 3 0
274817 9 1 3 0
291946 10 1 3 0
290405 11 2 1 0
435456 11 4 1 0
196 12 3 3 0
290475 14 2 1 0
292517 14 2 1 0
292549 14 4 3 0
290408 16 2 3 0
290483 16 3 1 0
290795 16 2 1 0
292172 16 2 1 0
292188 16 3 1 0
293118 16 2 1 0
232869 17 2 1 0
233088 17 3 1 0
290322 17 3 0 0
292771 17 3 4 0
290459 18 2 3 0
290518 18 3 1 0
292764 18 3 1 0
292969 18 2 3 0
309510 18 3 1 0
211000 19 3 2 0
234067 19 3 1 0
291163 19 3 2 0
291708 19 3 1 0
292071 19 2 1 0
292170 19 2 1 0
351778 19 3 2 0
438253 19 2 3 1
290482 20 3 1 0
290794 20 3 1 0
290796 20 3 1 1
291898 20 3 3 0
292480 20 3 1 1
233585 21 4 1 0
245734 21 3 3 0
290847 21 2 0 0
291159 21 2 4 0
291381 21 3 3 0
292074 21 3 3 0
293117 21 4 1 0
10423 22 3 3 0
73394 22 4 3 0
232618 22 4 1 0
233367 22 2 1 0
290398 22 2 0 0
292196 22 2 1 0
292980 22 2 3 0
233584 23 3 1 0
290394 23 3 1 0
290485 23 2 3 0
291726 23 2 3 0
292032 23 3 1 0
292801 23 4 1 0
292802 23 2 3 0
233369 24 2 1 0
236042 24 2 3 0
292800 24 3 1 1
293218 24 1 3 0
452314 24 1 1 0
233583 25 3 1 0
233887 25 3 1 0
290395 25 2 1 0
291741 25 1 1 0
292197 25 2 1 0
292740 25 2 4 0
370556 25 3 3 0
233975 26 3 1 0
234390 26 2 1 0
290308 26 3 1 0
290377 26 4 1 0
292031 26 4 1 0
292264 26 3 0 0
292947 26 3 1 0
323488 26 3 2 0
450812 26 4 2 0
511824 26 3 3 0
290309 27 1 1 0
292033 27 3 3 0
292090 27 3 1 0
292310 27 3 1 1
208658 28 2 3 0
233976 28 2 1 0
290399 28 3 1 0
291195 28 4 1 0
291204 28 4 3 0
292266 28 2 3 0
234171 29 3 1 0
236040 29 3 2 0
404310 29 2 1 0
452059 29 2 3 1
274219 30 3 3 0
291873 30 3 2 0
292315 30 2 0 0
402742 30 3 2 0
452305 30 2 1 0
511825 30 4 3 1
290400 31 2 1 0
290716 31 2 1 0
291508 31 2 3 1
292385 31 2 1 0
292780 31 2 1 0
292815 31 1 1 0
293066 31 2 1 0
293102 31 3 4 0
403373 31 3 1 0
451139 31 2 3 0
165783 32 4 3 0
234172 32 3 2 1
273353 32 3 3 0
290817 32 3 1 0
290948 32 4 1 0
292792 32 4 1 0
402741 32 3 2 1
404112 32 3 1 0
404316 32 3 1 1
404318 32 3 3 1
199625 33 2 2 0
232865 33 4 2 0
233115 33 2 1 0
288107 33 2 3 0
290382 33 3 0 0
292023 33 2 3 0
292178 33 1 1 0
292208 33 3 1 0
292527 33 3 1 0
404230 33 2 3 1
404573 33 2 1 0
450778 33 3 1 0
452308 33 4 3 0
291859 34 3 0 0
292427 34 3 3 0
292657 34 2 1 0
292851 34 4 1 0
293067 34 2 1 0
293196 34 3 1 1
364448 34 3 3 0
452114 34 3 1 0
234221 35 3 1 0
234500 35 2 2 0
291550 35 4 1 0
291802 35 3 4 0
291861 35 3 1 0
369475 35 3 1 0
402734 35 2 3 0
403520 35 3 1 0
404138 35 4 1 0
420289 35 4 3 0
452258 35 3 1 0
14325 36 2 3 0
217728 36 2 3 1
232681 36 2 1 0
233478 36 2 1 0
234271 36 2 1 0
404141 36 3 3 0
450779 36 2 3 0
452118 36 4 3 0
233720 37 2 1 0
290448 37 2 1 1
291066 37 1 0 0
291269 37 3 4 1
291271 37 3 1 1
291733 37 2 1 0
291837 37 2 1 0
369446 37 3 1 0
403980 37 3 1 0
452072 37 4 1 0
290428 38 3 0 0
291718 38 3 1 0
291776 38 3 1 0
293057 38 3 0 0
369058 38 3 1 0
403518 38 2 1 0
404706 38 2 1 0
404711 38 3 1 0
290363 39 2 1 1
369055 39 2 4 0
370547 39 3 1 0
404148 39 4 1 0
451826 39 2 2 0
233718 40 4 1 0
292121 40 3 3 0
292491 40 2 1 0
292747 40 2 1 0
370990 40 2 3 0
404604 40 4 3 0
404632 40 2 1 0
452062 40 2 1 0
291709 41 3 3 0
291719 41 1 3 0
291727 41 2 0 0
404041 41 4 1 0
450423 41 3 1 0
451220 41 3 1 0
18153 42 3 3 0
61586 42 3 3 0
233717 42 3 1 0
290445 42 4 1 1
291717 42 3 1 0
404365 42 3 1 0
450351 42 1 1 0
555277 42 2 3 0
233096 43 3 1 0
291042 43 3 3 0
291164 43 2 2 1
291983 43 2 1 0
292879 43 4 3 0
293063 43 3 2 0
369876 43 3 1 1
370936 43 2 1 0
404364 43 3 1 0
451824 43 3 0 0
24225 44 3 3 0
178022 44 2 3 0
233069 44 3 1 0
290884 44 3 1 0
290886 44 1 1 0
292702 44 3 4 0
369696 44 4 1 0
382235 44 2 3 0
403805 44 4 1 0
403884 44 3 1 0
450495 44 4 1 0
450756 44 3 1 0
450895 44 4 1 0
291651 45 3 1 0
291703 45 3 3 0
293037 45 4 0 0
293038 45 2 1 0
370788 45 1 1 0
404249 45 1 1 0
404442 45 2 1 0
404726 45 4 3 0
450417 45 1 1 0
452351 45 4 1 0
555278 45 2 3 0
15313 46 2 3 0
233446 46 3 1 0
291539 46 2 1 0
291697 46 3 1 0
293012 46 4 1 0
300824 46 3 3 0
369194 46 3 1 0
370199 46 2 4 1
370784 46 2 1 0
379824 46 3 3 0
403547 46 2 3 0
403777 46 1 1 0
404490 46 3 1 0
404709 46 3 3 0
37670 47 3 3 0
132800 47 2 3 0
233071 47 4 1 0
293011 47 2 1 0
293040 47 2 3 0
369828 47 3 1 0
370108 47 2 1 0
402737 47 3 4 1
449945 47 3 3 1
450425 47 3 1 0
450493 47 4 1 0
451641 47 2 1 0
452433 47 3 3 0
232714 48 2 1 0
290797 48 4 1 0
290887 48 2 3 1
291941 48 3 1 0
369193 48 1 0 0
369503 48 2 1 1
370201 48 4 1 0
403940 48 3 1 0
404268 48 4 1 0
404325 48 3 1 0
452139 48 3 1 0
55239 49 4 3 0
291551 49 2 1 0
291984 49 4 1 0
292779 49 4 4 0
369196 49 2 1 0
448456 49 3 4 0
451004 49 2 1 0
452540 49 1 1 0
263427 50 2 0 0
291542 50 3 3 1
292681 50 3 1 0
370313 50 3 3 0
452430 50 2 0 0
130927 51 3 3 0
369734 51 4 2 0
404323 51 2 0 0
452103 51 2 1 0
454793 51 4 3 0
26009 52 3 3 0
170437 52 2 3 0
233812 52 4 1 0
297190 52 3 4 1
323786 52 4 3 0
450765 52 4 3 1
452138 52 4 1 0
520130 52 3 2 0
233590 53 3 4 0
233806 53 1 1 0
369365 53 2 4 1
451005 53 3 1 0
452528 53 2 1 0
59068 54 3 3 0
61936 54 3 0 0
233106 54 2 1 0
290576 54 4 3 0
352018 54 3 3 0
451266 54 4 1 0
451508 54 2 1 0
452529 54 3 3 1
452541 54 3 3 1
454792 54 1 2 1
454863 54 2 3 0
233511 55 3 1 0
290868 55 2 1 0
291348 55 4 3 0
292685 55 3 3 0
403603 55 2 1 0
450914 55 2 1 0
451849 55 3 1 0
170318 56 3 3 0
229581 56 3 4 0
232566 56 4 3 0
232833 56 3 1 0
233811 56 3 1 0
296159 56 1 3 0
450142 56 3 1 1
451267 56 2 1 0
452533 56 3 2 0
233224 57 3 1 0
233916 57 2 1 0
290704 57 4 3 0
292826 57 3 1 0
404326 57 4 3 1
441861 57 3 3 0
150580 58 2 2 0
233857 58 3 1 0
234408 58 1 1 0
291354 58 3 1 0
291579 58 2 1 0
403408 58 3 1 0
404744 58 1 1 0
450878 58 2 1 0
451084 58 4 1 0
452049 58 3 4 1
61937 59 2 1 0
174023 59 4 3 0
232573 59 3 1 0
232954 59 3 2 0
233937 59 4 1 0
291171 59 3 3 0
403604 59 4 1 0
451815 59 2 1 0
452048 59 2 3 0
233171 60 1 3 0
450701 60 2 3 0
451380 60 3 1 0
451811 60 3 1 0
452539 60 3 1 0
496975 60 3 3 0
174350 61 3 3 1
232541 61 2 1 0
233439 61 4 3 0
233989 61 2 1 0
234136 61 3 4 1
291578 61 3 1 0
292829 61 3 3 0
379826 61 4 3 0
452200 61 2 1 1
514576 61 3 3 0
39147 62 3 2 0
232572 62 3 0 0
290296 62 2 1 0
292249 62 3 1 1
292616 62 3 1 0
451835 62 4 1 0
45907 63 3 2 0
122976 63 4 2 0
291580 63 2 3 0
321792 63 3 2 0
450239 63 2 1 0
450906 63 3 1 0
451010 63 3 1 0
255444 64 2 3 0
281868 64 1 1 0
292250 64 3 3 0
292698 64 3 3 0
322305 64 3 3 0
403402 64 2 2 1
403411 64 3 3 0
450722 64 2 4 0
451808 64 2 1 0
451947 64 3 1 0
452538 64 3 1 0
173917 65 2 1 0
180934 65 3 2 0
230383 65 3 0 0
282378 65 3 1 0
290298 65 3 1 0
403718 65 4 1 0
450907 65 3 1 0
452076 65 4 1 0
233808 66 4 3 0
235055 66 1 3 0
290493 66 2 3 0
365207 66 3 3 0
403356 66 3 3 1
450963 66 3 1 0
451814 66 2 1 0
451914 66 2 1 0
452077 66 3 3 0
452423 66 2 1 0
230616 67 3 0 0
231769 67 1 4 1
233273 67 2 1 0
282385 67 3 3 0
322308 67 2 1 0
354287 67 2 3 0
403336 67 1 1 0
450950 67 2 1 0
451670 67 3 4 1
451813 67 4 1 0
452157 67 3 1 0
452201 67 2 2 0
230617 68 2 2 0
232071 68 2 1 0
282384 68 3 3 0
365199 68 2 3 0
404089 68 3 1 0
451178 68 3 1 0
451311 68 3 4 0
452523 68 3 1 0
559938 68 3 3 0
230791 69 1 1 0
234266 69 2 3 0
403533 69 3 1 0
451823 69 2 4 1
452380 69 3 4 1
98885 70 3 3 0
281480 70 3 3 0
291581 70 3 3 0
322309 70 4 1 0
342104 70 2 4 0
450877 70 2 3 0
452424 70 3 1 0
229986 71 1 1 0
279126 71 3 2 0
354286 71 2 3 0
403357 71 2 1 0
404446 71 2 3 0
451179 71 2 1 0
451719 71 4 2 0
550891 71 2 3 0
11229 72 4 3 1
25088 72 2 3 0
151967 72 4 2 0
173919 72 3 3 0
229991 72 2 1 1
235056 72 3 3 0
282923 72 2 1 0
290494 72 3 3 0
347250 72 3 3 0
403348 72 4 3 0
451127 72 4 2 0
452515 72 2 1 0
229985 73 4 1 0
229990 73 1 3 0
281479 73 4 1 0
281642 73 2 1 0
281999 73 4 1 0
282125 73 3 1 0
282651 73 1 3 0
321696 73 3 1 0
404279 73 3 1 0
450554 73 3 3 1
451851 73 3 3 0
229992 74 2 1 0
279129 74 2 1 0
404637 74 2 1 0
432507 74 4 3 0
230792 75 3 1 0
279125 75 5 2 0
282243 75 2 1 0
403172 75 3 1 0
450557 75 3 1 0
451772 75 2 1 0
452460 75 3 1 0
57487 76 3 2 0
233190 76 3 3 0
280037 76 2 3 0
281477 76 2 1 0
282085 76 3 3 0
432512 76 4 3 0
451206 76 4 3 0
452461 76 3 1 0
231558 77 4 1 0
232859 77 4 3 0
281760 77 3 3 1
281808 77 2 1 0
281873 77 4 1 0
445753 77 3 3 0
452025 77 3 3 1
550886 77 2 1 0
196862 78 3 2 0
230452 78 3 1 0
231040 78 3 1 0
232800 78 2 1 0
281755 78 4 2 1
281811 78 2 1 0
282053 78 2 3 0
282922 78 4 1 0
403174 78 2 3 0
450485 78 3 1 1
450874 78 4 4 0
550889 78 1 1 0
200855 79 3 3 0
221788 79 4 4 0
230449 79 3 1 0
230829 79 3 1 0
234161 79 5 1 0
235349 79 2 2 0
271448 79 3 2 1
281621 79 2 2 0
282749 79 3 1 0
282814 79 2 1 0
403418 79 3 1 0
404080 79 2 1 0
452026 79 3 3 0
550429 79 2 1 0
15087 80 3 3 0
230719 80 2 1 0
234371 80 3 0 0
281483 80 3 3 0
281893 80 2 3 0
282924 80 4 1 0
282963 80 2 3 0
331229 80 3 2 0
451169 80 3 3 1
188197 81 2 2 0
230450 81 2 1 0
232779 81 2 1 0
282069 81 4 2 0
282070 81 4 2 0
282748 81 2 1 0
160632 82 3 3 0
230828 82 3 0 0
231557 82 4 1 0
274998 82 3 3 0
305032 82 4 3 0
404269 82 4 1 0
404313 82 4 1 1
551030 82 1 4 0
230114 83 2 1 0
230720 83 3 2 0
230999 83 4 1 0
232799 83 2 0 0
232811 83 2 1 0
232863 83 3 1 0
233265 83 3 1 0
233290 83 4 1 0
234151 83 3 4 0
281809 83 3 3 0
282195 83 2 1 0
550888 83 3 1 0
230205 84 3 1 0
233534 84 3 3 0
233627 84 3 1 0
281748 84 3 1 0
282813 84 4 0 0
311444 84 3 2 1
404782 84 4 3 0
445754 84 4 3 0
448454 84 2 3 0
15085 85 3 1 0
15086 85 2 2 0
188198 85 3 3 0
230398 85 3 1 0
230447 85 1 3 0
230886 85 4 1 0
231425 85 2 1 0
231748 85 4 1 0
231754 85 3 3 0
232512 85 2 2 1
233376 85 3 3 0
234606 85 3 1 0
279663 85 4 3 0
282632 85 3 2 0
343686 85 3 3 0
451331 85 4 3 0
179663 86 3 3 0
230331 86 2 1 0
232023 86 3 3 0
232510 86 4 1 0
234249 86 3 3 0
234279 86 3 3 0
297724 86 4 2 0
346592 86 3 3 0
11165 87 2 3 0
14515 87 3 1 1
231206 87 4 1 0
233630 87 2 3 0
234370 87 2 0 0
234595 87 3 1 0
282469 87 3 3 0
297937 87 4 3 0
385175 87 2 3 0
14091 88 3 1 0
123694 88 3 3 0
184433 88 3 3 0
208983 88 3 3 0
230887 88 4 1 0
230943 88 2 1 0
231407 88 2 1 0
233199 88 3 3 0
233263 88 4 1 0
234319 88 4 3 0
280086 88 3 3 0
281871 88 3 1 0
282894 88 4 1 0
311584 88 2 3 0
447441 88 3 3 0
448269 88 4 3 1
551132 88 4 1 0
12676 89 3 4 0
13256 89 3 1 0
14002 89 3 4 0
14322 89 3 3 0
23817 89 3 3 0
65184 89 3 3 0
209122 89 2 3 0
230453 89 2 3 0
230704 89 2 1 0
280084 89 2 4 0
282575 89 2 1 0
347808 89 3 4 1
358533 89 1 3 0
403264 89 3 1 0
230207 90 3 3 0
230443 90 3 0 0
230444 90 3 0 0
230706 90 2 3 0
231248 90 3 1 0
231412 90 2 3 0
231426 90 4 1 0
231770 90 4 1 0
232278 90 3 1 1
280640 90 4 4 1
281929 90 3 1 0
14779 91 3 1 0
64755 91 3 4 1
69353 91 4 3 0
116635 91 2 3 0
230505 91 1 1 0
230708 91 1 3 0
231108 91 2 1 0
231428 91 3 3 0
232822 91 2 1 0
281888 91 3 0 0
282886 91 3 1 0
285557 91 2 3 0
550152 91 3 1 0
230652 92 2 1 1
231771 92 4 2 1
233546 92 2 0 0
233606 92 3 1 0
234303 92 3 1 0
282573 92 3 1 0
551054 92 2 3 1
15233 93 4 1 0
15243 93 2 3 0
146203 93 4 2 0
146204 93 2 2 0
230796 93 2 1 0
230940 93 2 1 0
230988 93 3 1 0
231198 93 2 1 0
232006 93 3 4 0
233269 93 2 3 0
282356 93 3 1 0
282357 93 2 1 0
282442 93 3 1 0
550418 93 3 1 0
551859 93 1 4 0
15235 94 3 3 0
230035 94 3 1 0
230242 94 3 1 0
230705 94 3 2 0
231423 94 4 1 0
231519 94 4 1 0
233644 94 4 3 0
234079 94 2 1 0
282883 94 4 3 1
314711 94 2 3 0
551378 94 2 1 0
551442 94 2 1 0
14780 95 3 1 0
15063 95 3 2 0
220099 95 2 1 0
220101 95 3 3 0
230065 95 3 4 0
230221 95 3 3 0
230896 95 3 1 0
257043 95 3 2 0
281819 95 2 1 0
358532 95 3 2 1
550417 95 4 1 0
551055 95 3 1 0
551328 95 3 1 0
13048 96 4 1 0
13179 96 2 1 0
14782 96 4 3 0
15077 96 2 3 0
96834 96 2 2 0
146207 96 3 3 0
230160 96 4 1 0
230446 96 4 1 0
230656 96 3 3 0
231523 96 3 3 0
231781 96 2 1 1
231906 96 2 1 0
280423 96 2 3 0
282291 96 2 1 0
550550 96 3 1 0
551028 96 2 3 0
14234 97 3 1 0
175223 97 3 3 0
175250 97 2 3 0
220033 97 1 1 0
231856 97 3 3 0
282355 97 4 1 0
352601 97 2 2 0
550785 97 3 1 0
553805 97 2 4 0
13230 98 4 3 0
18283 98 2 3 0
220098 98 2 1 0
230893 98 4 4 1
231685 98 3 1 0
231695 98 2 1 0
476708 98 2 3 0
550320 98 2 1 0
15020 99 2 1 0
15299 99 4 1 0
220097 99 4 1 0
230191 99 2 1 0
230461 99 2 3 0
231219 99 3 1 0
231221 99 2 2 1
231381 99 2 1 0
232165 99 3 1 0
281818 99 4 1 0
353903 99 2 3 1
371820 99 3 2 1
550768 99 3 1 0
157401 100 4 3 0
175245 100 2 3 0
230156 100 3 1 1
231216 100 1 1 0
270045 100 2 3 0
282631 100 3 1 0
330162 100 3 3 0
551906 100 4 3 0
220035 101 3 3 0
230340 101 2 1 0
231222 101 2 3 0
232040 101 3 1 0
232108 101 3 1 0
330535 101 2 3 1
353901 101 2 1 0
551215 101 2 2 0
551362 101 4 1 0
175242 102 2 1 1
230566 102 3 1 0
231431 102 3 1 0
231855 102 4 1 0
232483 102 2 1 0
495776 102 4 3 0
550436 102 2 1 0
550438 102 2 3 0
551213 102 3 1 0
551919 102 2 0 0
230568 103 2 1 0
231218 103 4 1 0
231849 103 3 0 0
232221 103 3 1 0
281572 103 1 1 0
479971 103 4 3 0
550321 103 3 1 0
550902 103 4 3 1
38571 104 3 2 0
220484 104 2 1 0
230226 104 4 1 0
230474 104 2 1 0
231236 104 3 3 0
231480 104 2 1 0
232042 104 3 3 0
282633 104 3 3 0
319938 104 3 3 0
336513 104 4 2 0
336514 104 2 2 1
479745 104 2 3 0
550394 104 3 3 0
551780 104 3 1 0
465541 105 3 3 1
551464 105 3 1 0
551584 105 2 3 0
551681 105 3 1 0
551721 105 4 1 0
551748 105 2 1 0
68827 106 3 3 0
153442 106 2 3 0
230904 106 2 1 0
230928 106 3 1 0
232220 106 3 1 0
550618 106 2 1 0
220483 107 2 1 0
231163 107 3 1 0
231686 107 4 3 0
231746 107 2 3 1
232130 107 3 1 0
232484 107 4 1 0
232485 107 3 3 0
256356 107 2 1 0
282496 107 2 4 0
282688 107 3 1 0
365168 107 4 4 1
383078 107 2 3 0
401367 107 2 2 0
412552 107 4 2 0
412553 107 2 3 0
551119 107 3 1 1
551180 107 4 3 0
551473 107 4 1 0
15127 108 2 3 1
88882 108 2 1 0
100165 108 3 3 0
175241 108 2 0 0
230044 108 3 3 0
230665 108 1 0 0
232383 108 2 3 0
495196 108 3 4 0
550171 108 3 3 1
550775 108 2 1 0
181131 109 2 3 0
230068 109 4 1 0
231852 109 3 3 0
231960 109 2 0 0
256143 109 3 0 0
256402 109 2 1 0
365173 109 2 2 0
425224 109 3 2 0
484434 109 3 1 0
551459 109 3 3 0
153259 110 2 3 1
181143 110 3 3 1
230073 110 2 1 0
230190 110 3 1 0
231224 110 4 1 0
232133 110 2 1 0
232507 110 3 1 0
483239 110 2 1 0
88126 111 1 1 0
144843 111 4 3 0
180907 111 3 1 1
231226 111 2 1 0
256458 111 4 1 0
257288 111 2 3 0
258300 111 2 2 0
282411 111 3 1 0
383451 111 3 3 0
88163 112 3 1 0
160473 112 3 2 0
230569 112 3 3 0
230764 112 3 3 0
230765 112 4 3 1
231927 112 2 3 0
256142 112 4 0 0
256348 112 3 3 0
256365 112 4 0 1
550526 112 4 1 0
551461 112 3 3 0
551474 112 3 1 0
21377 113 3 4 0
230241 113 2 3 0
231004 113 1 1 0
231005 113 3 1 0
231382 113 2 1 0
256317 113 2 1 0
256462 113 3 3 0
257350 113 1 1 0
258274 113 2 1 0
282572 113 3 1 0
13846 114 3 1 0
14581 114 2 1 0
88128 114 2 3 0
89193 114 2 1 0
89581 114 2 3 0
157546 114 2 1 0
230848 114 3 4 1
231614 114 3 1 0
257635 114 2 1 0
483320 114 4 1 0
483396 114 3 3 0
484451 114 2 2 1
550547 114 4 1 0
13053 115 3 1 0
21374 115 2 3 0
89937 115 3 3 0
192710 115 3 3 0
230067 115 2 1 0
255992 115 3 0 0
257359 115 2 4 1
258269 115 2 1 0
550161 115 3 3 0
551648 115 3 1 0
13844 116 3 0 0
155834 116 4 1 0
219733 116 3 1 0
230587 116 2 1 0
232075 116 3 2 0
256459 116 3 1 0
257930 116 2 4 1
300256 116 2 3 0
14920 117 2 4 0
15322 117 3 1 0
15353 117 2 0 0
156043 117 3 1 0
157412 117 3 3 1
221292 117 3 1 0
230477 117 3 1 1
231068 117 3 1 0
256224 117 4 0 0
256695 117 4 3 0
514349 117 3 3 0
14191 118 2 1 0
14392 118 3 1 0
88749 118 4 1 1
176887 118 3 3 0
198753 118 3 2 0
219861 118 3 1 0
230938 118 2 3 0
256091 118 3 0 0
256319 118 3 3 0
483515 118 1 4 0
13647 119 3 1 0
14356 119 3 1 0
15355 119 2 1 0
157583 119 3 1 0
157590 119 2 1 0
192709 119 2 3 0
219824 119 3 1 0
221130 119 2 4 0
247734 119 3 3 0
255993 119 3 2 0
258275 119 3 1 0
300045 119 3 3 0
507790 119 1 3 0
551698 119 3 1 1
13497 120 2 3 0
15352 120 4 0 0
88255 120 3 3 1
157410 120 3 3 0
219822 120 2 0 0
220159 120 3 1 0
230078 120 4 3 0
256053 120 2 1 0
257931 120 3 4 1
258272 120 2 3 0
258439 120 3 3 0
282410 120 3 3 0
479737 120 4 3 0
13648 121 3 1 0
14756 121 3 1 0
15317 121 2 1 0
88441 121 3 0 0
89185 121 4 3 0
89758 121 3 2 0
154332 121 2 2 0
155668 121 2 3 0
156508 121 3 3 0
157355 121 1 1 0
157559 121 2 1 0
167972 121 2 1 0
192705 121 2 3 0
212897 121 4 3 0
221422 121 3 1 0
230935 121 2 1 0
232202 121 4 1 0
256226 121 4 2 0
257706 121 3 3 0
281897 121 4 1 0
499401 121 1 1 1
14229 122 2 4 0
40592 122 4 3 0
88046 122 3 1 0
156127 122 3 1 0
156283 122 2 0 0
157411 122 3 3 0
157591 122 3 1 0
219823 122 4 1 0
230083 122 2 1 0
230240 122 4 3 0
231766 122 4 1 0
232490 122 3 1 0
256828 122 1 1 0
258295 122 3 1 0
353002 122 3 3 0
484438 122 5 3 0
550675 122 2 1 0
88113 123 2 1 0
88264 123 4 2 0
88267 123 4 3 0
157303 123 2 1 0
167654 123 3 1 0
167973 123 1 1 0
198974 123 3 4 0
198981 123 1 1 0
220780 123 2 1 0
231764 123 3 0 0
271185 123 2 3 0
14599 124 4 1 0
135430 124 4 3 0
156126 124 1 1 0
156292 124 2 3 0
156341 124 3 1 0
156408 124 1 1 0
157316 124 2 1 0
183231 124 4 3 0
220162 124 3 1 0
221421 124 3 1 0
230501 124 3 1 0
256494 124 4 3 1
257382 124 3 1 0
257705 124 2 3 0
381548 124 3 3 0
13802 125 3 1 0
14190 125 2 0 0
88837 125 4 2 0
88988 125 2 1 0
152550 125 2 3 1
156269 125 2 1 0
156444 125 2 1 0
156795 125 3 1 0
192706 125 3 1 0
219817 125 3 2 0
220482 125 2 2 0
231667 125 4 1 1
232110 125 3 3 0
232203 125 3 3 0
232489 125 2 1 0
256733 125 2 1 0
257660 125 2 4 0
257755 125 2 3 0
257763 125 3 3 1
282620 125 3 1 0
498235 125 5 4 0
498735 125 4 0 0
499448 125 3 1 0
13767 126 4 2 0
87514 126 3 3 0
87530 126 4 1 0
156583 126 2 1 0
157562 126 4 3 0
161497 126 2 2 1
219864 126 2 1 0
220150 126 3 1 0
227592 126 2 1 0
230238 126 2 1 0
256964 126 1 1 0
257709 126 4 1 0
499402 126 2 3 0
541112 126 2 3 0
13402 127 3 1 0
87511 127 3 3 0
87772 127 4 1 0
88742 127 3 1 0
88834 127 3 2 0
88838 127 2 3 0
155875 127 3 1 0
156343 127 2 3 0
157012 127 4 1 0
157013 127 3 1 0
157107 127 3 1 0
157155 127 3 1 0
157161 127 4 1 1
157628 127 5 3 0
168017 127 3 1 0
220783 127 3 3 0
231316 127 3 1 0
331873 127 4 3 0
498739 127 2 2 1
498821 127 3 0 0
500472 127 3 3 0
550676 127 4 1 0
550677 127 4 1 0
13798 128 2 1 0
15187 128 4 1 0
155749 128 3 1 0
156219 128 2 1 0
156475 128 3 1 0
156837 128 2 1 0
157315 128 3 1 0
162329 128 2 3 0
220499 128 3 1 0
220500 128 2 3 0
230947 128 3 1 0
257337 128 2 1 0
306899 128 2 3 0
499428 128 2 1 0
13880 129 3 4 0
83482 129 3 3 0
87844 129 1 1 0
88962 129 4 3 0
89304 129 3 1 0
155847 129 3 1 1
156361 129 4 1 0
156747 129 2 1 0
156944 129 2 1 0
157027 129 4 1 0
157108 129 2 3 0
168015 129 4 1 0
219988 129 2 1 0
220257 129 3 1 0
220507 129 3 3 0
256144 129 2 1 0
498723 129 4 1 0
500056 129 4 1 0
551107 129 1 2 0
10350 130 3 3 0
89142 130 2 1 0
155750 130 3 1 0
155972 130 3 1 0
156235 130 1 1 0
156449 130 2 1 0
157165 130 4 3 0
157197 130 2 3 0
168019 130 2 3 1
219919 130 2 1 0
230327 130 3 1 0
230694 130 2 4 0
256966 130 2 2 0
257464 130 3 1 1
257704 130 4 3 0
258001 130 4 1 0
258002 130 3 1 0
499484 130 2 0 0
538646 130 2 3 0
12948 131 3 4 0
13405 131 3 3 0
13776 131 3 1 0
14311 131 3 3 1
87646 131 3 1 0
89213 131 3 1 0
156364 131 3 1 0
156429 131 3 3 1
157023 131 2 1 0
157026 131 3 3 0
157074 131 2 3 0
157193 131 4 1 0
220461 131 2 4 0
256965 131 4 1 0
257379 131 2 1 0
258000 131 2 1 0
258302 131 3 3 0
282797 131 3 1 1
325973 131 2 3 0
331871 131 3 1 0
498805 131 2 1 0
517982 131 3 3 0
87775 132 2 3 0
88244 132 2 1 0
89290 132 4 1 0
156222 132 2 3 0
156346 132 2 4 1
220103 132 4 1 0
220138 132 3 3 0
220784 132 3 3 0
221379 132 3 1 0
226412 132 3 1 0
227559 132 3 1 0
257338 132 2 2 0
13871 133 3 1 1
14813 133 3 1 0
73305 133 3 2 1
87647 133 2 3 0
88151 133 3 1 0
88908 133 4 1 1
131349 133 2 3 0
155845 133 4 1 0
156322 133 2 1 0
157200 133 2 3 0
173412 133 3 3 0
192999 133 3 1 0
220064 133 2 1 0
221447 133 3 1 0
227304 133 2 1 0
230991 133 2 1 0
258011 133 3 3 0
12994 134 2 3 0
35187 134 3 3 0
88452 134 3 1 0
89212 134 2 1 0
89275 134 3 1 0
89305 134 2 1 0
110444 134 3 3 0
155657 134 4 2 0
156323 134 4 1 0
156446 134 3 3 0
192352 134 3 1 0
227835 134 2 1 0
231289 134 3 1 0
231589 134 3 1 0
256023 134 2 1 0
257629 134 2 2 0
276867 134 3 3 0
282201 134 3 1 0
332577 134 2 1 0
498806 134 3 1 0
499426 134 4 0 0
14811 135 2 1 0
89294 135 4 1 0
150631 135 3 3 0
155736 135 3 2 0
155848 135 3 3 0
157539 135 2 2 0
192703 135 2 1 0
192708 135 3 1 0
220152 135 4 3 0
220485 135 3 1 0
238359 135 3 3 1
256642 135 3 1 0
256753 135 3 1 0
257074 135 3 3 0
268191 135 2 3 0
326168 135 3 3 1
74013 136 4 3 0
88910 136 2 3 1
89153 136 2 3 0
89276 136 2 1 0
97036 136 4 3 0
132471 136 4 2 0
156316 136 3 0 0
157095 136 3 1 0
167871 136 3 1 0
220249 136 4 1 0
220326 136 3 1 0
226790 136 3 1 0
257679 136 4 1 0
257739 136 3 3 0
425148 136 3 3 0
87984 137 4 3 0
89277 137 3 3 0
138072 137 2 3 0
142057 137 4 3 0
156256 137 3 1 0
156805 137 2 1 0
157451 137 3 3 0
192258 137 3 1 0
226166 137 3 1 0
227821 137 3 1 0
266274 137 2 3 0
282828 137 1 1 0
499586 137 3 2 1
13079 138 2 1 0
13726 138 3 1 0
13850 138 1 1 0
13929 138 3 3 0
88633 138 2 1 0
89215 138 3 3 0
155732 138 3 0 0
156058 138 3 3 0
166728 138 1 1 1
167098 138 2 1 0
192058 138 2 1 0
192324 138 2 1 1
257159 138 3 3 0
258003 138 2 3 0
282882 138 3 1 0
14359 139 4 1 0
87664 139 2 2 0
88196 139 2 1 0
131350 139 3 3 0
142056 139 2 1 0
147371 139 2 3 0
150628 139 2 0 0
155996 139 3 4 1
156112 139 2 0 0
156865 139 2 3 0
172398 139 2 1 0
191820 139 1 1 0
192726 139 4 1 0
193179 139 1 1 0
220248 139 2 1 0
225726 139 2 1 0
225834 139 4 1 0
225974 139 3 1 0
238360 139 3 3 0
255988 139 4 1 0
256331 139 2 1 0
256857 139 2 1 0
282341 139 1 1 0
518963 139 4 1 0
15014 140 3 1 0
88102 140 3 3 0
136815 140 3 3 0
156255 140 1 0 0
167874 140 3 3 0
192541 140 2 3 1
192902 140 2 1 0
226162 140 3 3 0
226167 140 3 1 0
226791 140 3 3 0
227777 140 3 1 0
256001 140 3 1 1
266273 140 4 2 0
283034 140 2 1 0
317539 140 2 3 0
474971 140 3 3 1
517979 140 3 0 0
539884 140 3 3 0
12878 141 2 1 0
14373 141 3 1 1
14995 141 2 4 1
88660 141 3 4 0
90173 141 3 2 0
156114 141 1 1 0
157169 141 2 3 1
169066 141 2 3 1
185992 141 2 3 0
192059 141 4 1 0
192461 141 2 1 0
192848 141 3 1 0
192986 141 4 4 0
226387 141 2 3 0
226905 141 2 0 0
256488 141 4 3 0
256855 141 2 3 0
257678 141 2 0 0
257682 141 4 4 0
44780 142 3 2 1
88485 142 4 0 0
112448 142 3 1 0
135733 142 4 3 0
167097 142 2 0 0
167872 142 2 1 0
172853 142 3 3 1
192348 142 3 1 0
225727 142 2 3 0
226862 142 1 0 0
257809 142 3 1 0
517396 142 3 1 0
12894 143 3 1 0
13030 143 1 1 0
15009 143 3 3 1
88103 143 3 3 0
88489 143 2 3 0
95676 143 2 3 0
156289 143 3 1 0
172396 143 3 1 0
191864 143 3 1 0
192060 143 3 1 0
192599 143 3 1 0
192803 143 2 3 0
221256 143 3 1 0
225728 143 3 3 0
256069 143 3 1 0
256976 143 2 3 0
282338 143 2 0 0
282944 143 2 1 0
13754 144 3 3 1
14574 144 4 1 0
14765 144 3 1 0
112335 144 4 1 0
157413 144 1 1 0
191758 144 3 1 0
191793 144 2 3 0
192462 144 2 1 0
192540 144 2 1 0
192734 144 1 0 0
192810 144 3 2 0
192897 144 3 1 0
193134 144 2 1 0
193155 144 2 1 0
193158 144 3 3 0
193176 144 3 0 0
226383 144 4 2 1
256078 144 3 1 0
378458 144 3 3 0
517732 144 4 0 0
518274 144 1 0 0
13059 145 1 1 0
13750 145 3 3 0
15158 145 3 4 0
88493 145 3 1 0
155932 145 4 3 0
174763 145 3 3 0
185993 145 3 4 0
191725 145 4 1 0
191743 145 4 1 0
191874 145 3 1 0
192667 145 3 1 0
192896 145 2 1 0
197857 145 2 3 0
227755 145 2 1 0
256080 145 2 3 0
318103 145 4 3 0
12893 146 3 1 1
14481 146 2 1 0
15006 146 1 1 0
88634 146 4 3 0
166644 146 2 1 0
191718 146 2 1 0
192101 146 2 1 0
192444 146 1 1 0
193008 146 2 1 0
239057 146 4 3 0
257680 146 2 3 0
258125 146 3 3 0
12969 147 2 1 0
13358 147 3 1 0
140210 147 3 2 0
143218 147 2 1 0
156300 147 4 3 0
191726 147 3 1 0
192537 147 2 0 0
192809 147 2 2 0
193135 147 3 1 0
193160 147 3 3 0
221260 147 3 3 0
227073 147 4 2 0
246930 147 2 2 0
256522 147 1 3 1
256811 147 1 1 0
268017 147 3 1 0
272349 147 2 3 0
485518 147 3 3 0
12951 148 4 2 0
14162 148 3 2 1
80422 148 3 3 0
143106 148 4 1 0
143151 148 2 1 0
168214 148 2 1 0
191754 148 2 0 0
191876 148 2 3 0
192286 148 3 1 0
192665 148 2 1 0
192851 148 3 3 0
227072 148 2 1 1
256072 148 1 1 0
318102 148 2 3 0
552830 148 3 2 0
13693 149 2 2 0
88166 149 3 4 0
111956 149 3 1 0
142816 149 3 1 0
167876 149 3 1 1
192658 149 4 1 0
192895 149 3 1 0
227242 149 3 0 0
227757 149 3 1 0
227769 149 3 3 0
229918 149 3 3 0
242070 149 2 2 0
257055 149 2 1 0
311620 149 3 2 0
13091 150 3 3 0
14222 150 3 1 0
112655 150 2 1 0
167469 150 3 1 0
191708 150 3 4 0
191744 150 3 1 0
226638 150 3 3 0
227157 150 3 1 0
256676 150 3 2 0
259107 150 4 3 0
261157 150 3 3 0
515834 150 3 3 0
520800 150 3 2 0
142603 151 3 1 0
156285 151 3 1 0
157382 151 3 1 0
166888 151 3 4 1
167667 151 2 1 0
172385 151 2 1 0
192103 151 3 3 0
193004 151 3 4 1
257769 151 3 3 0
14282 152 2 1 0
50536 152 3 3 0
112050 152 1 1 0
143702 152 1 1 0
167411 152 2 1 0
172580 152 3 2 0
172654 152 3 1 1
191745 152 3 3 0
227406 152 4 1 0
227557 152 2 1 0
246926 152 2 0 0
256475 152 3 1 0
303921 152 1 1 0
515831 152 2 0 0
26544 153 2 3 0
80420 153 4 1 0
128944 153 2 3 0
156286 153 2 1 0
156382 153 3 3 0
166532 153 2 1 0
172386 153 2 1 0
173765 153 3 2 0
193199 153 3 2 0
227756 153 3 1 0
257008 153 3 1 0
321664 153 3 3 0
357527 153 2 3 0
384948 153 3 2 1
431995 153 3 3 1
435908 153 2 3 0
15062 154 1 1 0
112275 154 1 1 0
156520 154 2 4 0
157530 154 2 1 0
166523 154 3 3 0
167470 154 3 3 0
191746 154 2 3 0
193111 154 3 3 0
227455 154 3 1 0
256743 154 2 3 0
348878 154 3 3 0
350679 154 3 3 0
431997 154 2 3 0
520798 154 3 0 0
553158 154 2 1 0
13116 155 3 1 0
80419 155 4 1 1
112051 155 1 1 0
167079 155 3 1 0
167670 155 3 3 0
167791 155 3 3 0
167860 155 4 1 0
172738 155 3 4 0
191890 155 3 3 1
192083 155 2 3 0
206467 155 4 3 0
227156 155 3 0 0
257394 155 3 1 0
304665 155 2 1 0
306799 155 3 3 1
550728 155 2 3 0
13027 156 2 1 0
13350 156 3 1 0
88070 156 4 1 0
112548 156 3 1 0
131600 156 3 3 0
143103 156 1 1 0
156831 156 4 3 1
166456 156 3 1 0
167769 156 3 1 0
173405 156 3 3 1
225830 156 3 3 1
227457 156 2 1 0
255939 156 4 1 0
257845 156 2 1 0
364873 156 3 1 0
384947 156 2 0 0
398165 156 3 3 0
483540 156 2 3 0
552838 156 3 1 0
24556 157 4 3 0
79112 157 3 1 0
102467 157 3 2 0
157192 157 3 4 0
168306 157 1 1 0
191834 157 3 1 0
191882 157 2 1 0
193048 157 4 0 0
226623 157 2 1 0
227159 157 3 2 0
227758 157 4 2 0
256477 157 4 1 0
256604 157 3 1 0
257001 157 4 3 0
257389 157 3 1 0
259700 157 2 0 0
273241 157 3 3 0
305036 157 3 0 0
431998 157 2 3 0
435910 157 2 4 1
519816 157 3 0 0
522565 157 4 3 0
552379 157 2 1 0
553339 157 2 1 0
13796 158 1 3 0
88983 158 3 1 0
102393 158 3 0 0
112314 158 4 1 0
136198 158 4 3 0
166454 158 4 3 0
167087 158 3 1 0
192480 158 3 1 0
256042 158 2 1 1
305038 158 3 3 0
357525 158 3 0 0
459169 158 3 3 0
552842 158 2 1 0
12961 159 3 1 0
88073 159 2 3 0
89071 159 2 1 0
89206 159 3 1 1
166834 159 3 3 0
167798 159 4 1 0
172664 159 2 1 0
192675 159 3 2 0
193050 159 3 1 0
257038 159 3 1 0
257393 159 3 1 0
257874 159 3 4 0
258245 159 1 1 0
306797 159 3 0 0
318366 159 4 4 1
362693 159 2 4 0
552126 159 2 1 0
552138 159 3 1 0
552182 159 2 1 0
79990 160 4 1 0
88205 160 3 1 0
112049 160 3 0 0
166755 160 3 1 0
167408 160 2 1 0
226882 160 2 3 0
246580 160 2 4 1
257010 160 4 3 0
257968 160 2 1 0
258117 160 2 4 0
303864 160 2 0 0
304668 160 3 3 0
398166 160 3 3 0
477515 160 3 3 0
522564 160 4 2 0
552053 160 4 1 0
552157 160 3 1 0
552378 160 3 0 0
553157 160 3 0 0
166832 161 3 1 0
172665 161 4 3 0
207996 161 2 2 0
224656 161 3 0 0
225744 161 4 4 0
226848 161 3 0 0
226886 161 2 3 0
227586 161 2 0 0
227661 161 3 1 0
259972 161 5 1 0
260007 161 3 0 0
260411 161 1 1 0
296087 161 3 1 0
364285 161 3 1 0
522568 161 3 3 0
551990 161 3 1 0
552334 161 3 1 0
14318 162 2 1 0
66071 162 2 3 0
79056 162 2 1 0
88388 162 2 1 0
167187 162 2 1 0
168187 162 2 1 0
172100 162 2 2 0
172681 162 3 1 0
192684 162 3 1 0
260040 162 3 1 0
260269 162 3 1 0
362690 162 2 3 0
552159 162 2 3 0
553281 162 2 1 0
553342 162 3 3 0
12955 163 3 2 0
13585 163 4 2 0
79991 163 2 1 1
166450 163 3 2 0
166754 163 2 1 0
167537 163 4 1 0
167762 163 3 1 0
170376 163 3 3 0
257395 163 3 1 0
258115 163 2 3 0
258367 163 2 1 0
260273 163 3 1 0
260410 163 4 1 0
327808 163 3 3 0
552054 163 3 1 0
552128 163 3 3 0
552184 163 3 3 0
553104 163 2 1 0
87523 164 3 3 0
167030 164 2 1 1
167119 164 3 3 0
167660 164 2 1 0
168117 164 3 2 0
168252 164 3 1 0
173255 164 1 1 0
193052 164 3 2 0
256594 164 3 3 0
257017 164 3 2 0
257086 164 3 3 1
296084 164 2 0 0
296375 164 4 1 0
367569 164 3 3 0
553343 164 3 3 1
112560 165 3 0 1
112843 165 1 1 1
116118 165 3 2 1
167016 165 2 0 0
207990 165 3 3 0
226878 165 4 1 0
226888 165 2 1 0
258661 165 3 1 0
260037 165 4 1 0
344838 165 3 2 0
362685 165 3 1 0
364159 165 3 1 0
418145 165 2 4 0
520802 165 3 3 0
520925 165 2 0 0
80513 166 3 1 0
89115 166 2 0 0
89116 166 1 2 0
112105 166 2 3 0
166462 166 3 3 0
173125 166 2 1 0
226881 166 3 3 1
260258 166 4 0 0
296264 166 3 1 0
296585 166 2 1 0
296695 166 2 1 0
327798 166 4 3 0
327799 166 2 3 0
364936 166 4 1 0
551961 166 1 1 0
552183 166 2 3 0
553205 166 2 1 0
87947 167 3 1 0
111977 167 4 3 0
112561 167 2 0 0
166615 167 2 1 0
167019 167 3 3 0
168269 167 3 4 1
176521 167 3 3 0
258368 167 3 1 0
344840 167 2 3 0
347652 167 2 3 0
362689 167 2 2 0
363419 167 3 1 0
363502 167 2 1 0
4845 168 1 3 0
157238 168 3 3 0
166565 168 4 3 0
168189 168 3 2 0
168251 168 3 1 0
173559 168 3 3 0
226880 168 2 2 0
258349 168 2 0 0
260042 168 2 3 0
296372 168 3 0 1
362687 168 3 1 0
364932 168 3 0 0
428619 168 3 3 0
431182 168 3 3 1
79945 169 4 1 0
80105 169 2 1 0
89229 169 1 1 1
166561 169 4 0 0
167334 169 4 3 1
172101 169 3 3 0
172610 169 1 3 0
172679 169 3 1 0
191747 169 4 1 0
229379 169 2 2 0
259239 169 2 3 1
293203 169 2 2 1
450318 169 3 3 0
513392 169 2 3 0
552062 169 4 2 0
552181 169 3 0 1
552692 169 4 1 0
553578 169 2 1 0
553703 169 1 0 0
88554 170 2 1 0
112568 170 2 0 0
112569 170 3 1 0
167541 170 4 2 1
191933 170 3 3 0
260260 170 3 3 0
260415 170 2 1 0
35648 171 2 3 1
79203 171 2 1 0
79663 171 2 1 0
80511 171 2 3 0
80514 171 3 1 0
80516 171 4 3 0
88600 171 3 2 0
111792 171 1 3 0
123333 171 4 3 0
157182 171 2 0 0
166709 171 1 1 0
167457 171 3 3 0
168234 171 3 3 0
173656 171 1 1 0
219596 171 2 3 1
257015 171 3 2 0
258283 171 3 0 0
296374 171 2 1 0
296592 171 2 1 0
326571 171 3 2 0
362686 171 2 1 0
363501 171 2 0 0
364991 171 4 1 0
552759 171 3 1 0
36463 172 4 3 0
80609 172 3 3 0
82598 172 1 3 0
88787 172 3 1 0
111789 172 4 1 0
166989 172 4 1 1
199207 172 4 3 0
258369 172 3 1 0
259657 172 1 1 0
260271 172 3 3 0
260414 172 2 1 0
283457 172 3 3 0
296593 172 2 3 1
450312 172 4 1 0
552773 172 2 0 0
31368 173 2 3 0
168179 173 4 1 1
295489 173 2 1 0
364964 173 2 1 0
13036 174 2 2 0
166796 174 3 3 0
258370 174 3 3 0
259404 174 3 3 0
260413 174 2 1 0
295734 174 4 1 0
326578 174 3 3 1
364803 174 2 1 0
450320 174 3 3 0
513393 174 2 3 1
552691 174 3 0 1
79206 175 2 1 0
79223 175 3 1 0
111847 175 2 1 0
121918 175 3 2 1
157213 175 3 3 0
171540 175 3 3 0
186500 175 3 3 0
258286 175 3 3 0
260263 175 4 3 0
295470 175 2 1 0
295754 175 2 4 0
296783 175 4 1 0
79210 176 4 1 0
80591 176 2 1 0
88171 176 2 1 0
88602 176 4 3 0
227041 176 2 1 0
295403 176 3 1 0
421507 176 1 1 0
421960 176 3 1 0
422021 176 4 1 0
450322 176 2 1 0
469179 176 4 3 0
25011 177 2 2 0
67835 177 2 3 0
87925 177 2 0 0
125168 177 2 3 0
259021 177 4 4 0
272949 177 3 3 1
289568 177 4 3 0
289569 177 3 3 1
364805 177 3 3 1
421953 177 4 3 0
79756 178 4 1 0
80639 178 3 1 0
89227 178 4 2 0
90334 178 2 3 1
100426 178 3 3 0
450317 178 3 1 1
450729 178 2 1 0
80533 179 3 1 0
88418 179 2 1 0
89096 179 3 1 0
166710 179 3 3 1
214766 179 4 2 1
258285 179 3 3 1
421151 179 2 1 0
422480 179 1 1 0
79858 180 3 1 0
122772 180 4 1 0
157214 180 4 3 1
166907 180 2 4 1
295075 180 3 2 0
295402 180 2 1 0
296126 180 1 3 0
421428 180 2 1 0
421814 180 4 1 0
67837 181 3 3 0
292714 181 3 1 1
295179 181 3 1 1
421150 181 2 1 0
421446 181 3 1 0
421808 181 2 1 0
421817 181 2 3 0
421962 181 3 1 0
422314 181 4 1 0
450731 181 3 3 0
451032 181 3 3 0
494770 181 2 3 0
79204 182 3 1 0
100997 182 4 1 0
235192 182 1 1 0
265307 182 3 3 0
289565 182 4 3 0
295073 182 2 3 0
295820 182 3 1 0
420929 182 3 3 0
421026 182 2 1 0
421964 182 4 3 1
422057 182 1 1 0
450730 182 2 1 0
452476 182 2 2 1
80007 183 3 1 0
88499 183 2 3 0
113351 183 4 1 0
296519 183 3 4 0
420887 183 3 1 0
421119 183 3 1 0
421143 183 2 3 1
421457 183 3 3 0
421594 183 3 1 0
79417 184 2 3 0
121664 184 3 1 0
290473 184 4 1 0
295118 184 1 1 0
295623 184 2 1 0
349358 184 3 3 0
421152 184 2 3 0
421815 184 3 1 0
422250 184 3 1 0
452054 184 4 1 0
80004 185 2 0 0
80493 185 3 1 0
87579 185 3 1 0
89098 185 3 3 0
89141 185 2 1 0
109486 185 3 2 0
141862 185 3 2 0
188118 185 4 3 0
236032 185 2 1 0
265083 185 3 3 0
296176 185 3 1 0
421041 185 3 0 0
421427 185 2 1 0
451628 185 4 1 0
505486 185 3 3 0
79872 186 4 1 0
90130 186 1 0 1
121522 186 2 0 0
296427 186 2 1 0
346054 186 4 3 1
421813 186 3 1 0
421997 186 3 1 0
422290 186 2 1 0
505253 186 2 3 0
79668 187 3 1 0
123032 187 3 1 0
188191 187 3 4 1
421110 187 3 0 1
421450 187 3 3 0
421521 187 2 1 0
421811 187 4 3 0
422015 187 3 3 0
542156 187 3 2 0
32509 188 3 3 0
79667 188 3 1 0
80009 188 4 3 0
88750 188 2 1 0
88755 188 4 3 0
89143 188 3 3 0
90134 188 2 3 0
121555 188 3 1 0
121739 188 3 1 0
122510 188 2 1 0
236021 188 2 4 0
291217 188 2 1 0
295035 188 2 1 0
295722 188 3 1 0
420870 188 3 0 1
421812 188 3 1 0
452406 188 3 1 0
79873 189 2 1 0
79874 189 3 3 0
80659 189 2 1 0
121452 189 1 1 1
138777 189 3 3 0
181115 189 3 3 0
295120 189 3 3 0
295624 189 3 3 0
421352 189 2 1 0
452407 189 2 1 0
79653 190 3 1 0
90131 190 3 1 0
121724 190 3 0 0
121906 190 2 1 0
139910 190 3 1 0
139911 190 1 2 0
292417 190 2 1 0
295827 190 3 3 0
399436 190 3 3 0
421777 190 3 1 0
421805 190 3 1 0
421983 190 4 1 0
421995 190 4 1 0
451988 190 2 4 1
79669 191 2 2 0
90132 191 3 1 0
113206 191 4 1 0
236024 191 2 1 0
291226 191 2 0 0
296232 191 2 1 0
421175 191 4 1 0
421489 191 2 0 0
421506 191 4 0 0
421515 191 2 3 0
450180 191 3 1 0
79637 192 3 1 0
87933 192 2 0 0
122512 192 3 3 0
235471 192 2 3 0
295766 192 3 1 0
296206 192 4 1 0
421882 192 1 1 0
80301 193 3 4 0
119865 193 3 1 0
121554 193 4 1 0
139399 193 2 0 0
345650 193 2 3 0
421176 193 2 1 0
450183 193 2 3 0
450379 193 3 4 1
450532 193 4 3 0
452291 193 3 1 0
79641 194 4 3 1
79661 194 2 1 0
120576 194 3 1 0
139795 194 3 1 0
292813 194 5 1 0
295138 194 1 0 0
296339 194 3 1 0
296764 194 2 1 0
376306 194 2 3 0
420866 194 4 3 0
421902 194 2 1 0
422078 194 3 1 0
120572 195 2 1 0
234643 195 3 1 0
235515 195 3 1 0
235681 195 2 1 0
236026 195 1 3 0
236139 195 2 0 0
236183 195 2 1 0
295393 195 3 1 0
295696 195 3 1 0
295705 195 3 1 0
295976 195 4 3 0
320695 195 2 3 0
421177 195 2 3 0
422330 195 3 1 0
422477 195 4 1 0
450182 195 2 2 0
452288 195 2 0 0
87934 196 3 1 0
120119 196 2 3 0
121719 196 3 1 0
138195 196 1 3 0
139256 196 4 1 0
236540 196 3 1 1
265326 196 3 4 0
291228 196 3 2 0
295054 196 3 1 0
295923 196 2 1 0
296187 196 2 1 0
316997 196 3 3 0
345426 196 3 3 0
362939 196 2 2 0
421174 196 2 0 0
422275 196 1 2 0
80688 197 3 4 0
120188 197 3 1 0
235745 197 2 1 0
295058 197 3 3 0
296624 197 2 1 0
380624 197 4 3 0
421732 197 2 1 0
422077 197 2 1 0
471023 197 3 3 0
139255 198 3 0 0
139282 198 1 0 0
234987 198 3 1 0
235677 198 3 1 0
236505 198 2 1 0
236672 198 2 1 0
291245 198 3 1 0
295174 198 4 3 0
296165 198 3 3 0
296227 198 1 1 1
296229 198 4 1 0
296747 198 3 1 0
380623 198 2 1 0
422257 198 4 3 0
89033 199 2 2 1
138881 199 3 1 0
138883 199 2 2 1
235361 199 2 1 0
235412 199 3 1 0
235474 199 3 1 0
235791 199 3 1 0
235856 199 3 1 0
236142 199 3 1 0
236297 199 2 1 0
236374 199 2 1 0
265324 199 3 3 0
290747 199 2 4 0
295414 199 2 3 0
296531 199 2 1 0
296648 199 3 1 0
349094 199 2 3 0
420872 199 2 2 0
87536 200 1 1 0
88956 200 3 1 0
122862 200 2 3 0
138841 200 3 1 0
235281 200 3 4 1
292299 200 2 1 0
292812 200 3 1 0
296224 200 1 2 0
342824 200 3 2 0
342832 200 2 2 0
375580 200 3 2 0
452292 200 3 3 0
138149 201 1 1 0
234788 201 2 1 0
234857 201 3 3 0
236516 201 3 1 0
265323 201 3 3 0
296219 201 3 1 0
296220 201 2 1 0
420932 201 4 4 0
421827 201 3 4 1
421938 201 2 4 1
451151 201 4 2 0
507748 201 4 3 0
97096 202 3 2 0
199715 202 2 3 0
235212 202 1 1 0
235582 202 3 2 0
284900 202 3 2 0
292507 202 4 3 0
295634 202 4 1 1
295977 202 3 3 1
296228 202 2 1 0
383231 202 3 3 0
421246 202 3 3 0
556802 202 3 3 1
87539 203 2 3 0
88957 203 2 3 0
138476 203 3 1 0
138843 203 3 1 0
139209 203 2 1 0
175082 203 3 3 0
235031 203 2 1 0
235079 203 2 0 0
235686 203 4 3 0
235738 203 3 3 0
292816 203 2 3 1
296234 203 4 1 0
296533 203 3 3 0
422343 203 4 1 0
551803 203 3 2 0
110261 204 3 3 0
138840 204 3 1 0
235996 204 3 4 1
236498 204 2 1 1
236541 204 3 1 0
291256 204 1 0 0
295562 204 3 1 0
316973 204 2 3 0
122893 205 2 1 0
138477 205 3 1 0
139212 205 2 3 0
139217 205 3 3 0
139364 205 3 0 0
139367 205 3 3 0
234883 205 3 1 0
235370 205 2 4 1
236215 205 3 1 0
236301 205 3 3 0
284901 205 4 2 0
295141 205 3 2 0
296112 205 2 1 0
296239 205 3 1 0
422525 205 2 1 0
507745 205 3 1 0
121937 206 3 1 0
122792 206 1 1 0
138208 206 4 1 0
138478 206 2 1 0
139733 206 3 1 0
234839 206 4 1 0
234887 206 2 1 0
234904 206 2 1 0
235081 206 2 1 0
235641 206 1 1 0
235743 206 3 3 0
236373 206 2 1 0
236670 206 3 0 0
269858 206 4 3 0
291252 206 2 1 0
295757 206 4 1 0
375579 206 3 2 0
380904 206 3 1 0
421245 206 3 3 0
551802 206 4 2 0
87689 207 3 1 0
88524 207 3 4 0
110093 207 3 2 0
122624 207 3 1 0
145595 207 2 3 0
234838 207 3 4 0
235032 207 3 1 0
235753 207 3 1 0
235757 207 3 1 0
265115 207 3 3 0
291258 207 4 1 0
421392 207 4 3 1
421782 207 3 1 0
422344 207 1 1 0
551130 207 3 4 0
87690 208 2 1 0
107200 208 4 3 0
122824 208 2 1 0
122895 208 4 1 0
138480 208 3 3 0
234910 208 2 1 0
234992 208 4 3 0
235683 208 3 1 0
236062 208 2 1 0
236063 208 1 1 0
236177 208 2 3 0
236213 208 4 1 0
236447 208 3 1 0
236538 208 4 4 0
291260 208 3 3 0
291315 208 1 1 0
296063 208 2 3 0
318104 208 3 3 0
380146 208 4 1 0
432273 208 3 3 1
21446 209 2 3 0
25356 209 3 3 0
98042 209 4 2 0
121946 209 5 3 0
122295 209 3 1 1
122337 209 3 1 1
139698 209 4 3 0
142842 209 3 2 0
161454 209 3 3 0
162011 209 2 3 0
234787 209 3 1 0
234888 209 2 3 0
235157 209 4 1 0
236236 209 2 1 0
249454 209 4 3 0
291917 209 2 1 0
291918 209 3 1 0
295312 209 3 1 1
121952 210 1 1 0
138207 210 3 0 0
138959 210 3 3 0
235406 210 1 0 1
235664 210 3 4 0
236448 210 2 1 0
236509 210 2 1 0
236661 210 2 1 0
239490 210 2 3 0
249450 210 2 1 0
295311 210 1 0 0
3017 211 3 2 0
83825 211 2 0 0
121940 211 3 3 0
122296 211 2 1 0
201334 211 4 3 0
234852 211 1 1 0
234884 211 3 1 0
235273 211 3 1 0
265327 211 3 3 0
291254 211 4 3 1
295282 211 4 4 0
295801 211 4 3 0
367299 211 2 3 1
422404 211 3 1 0
95041 212 2 3 0
138693 212 3 1 0
161450 212 2 1 0
235109 212 3 1 0
236252 212 3 3 0
258099 212 3 3 0
296444 212 2 4 1
308462 212 3 3 0
330918 212 2 3 1
406098 212 2 2 0
463261 212 2 3 0
215379 213 4 3 0
234695 213 2 1 0
234777 213 4 2 0
235199 213 2 1 0
235660 213 3 1 0
236057 213 4 1 0
390251 213 4 3 1
121954 214 3 3 0
139359 214 2 1 0
221128 214 3 3 0
235009 214 2 1 0
235272 214 4 1 0
235559 214 4 1 0
236265 214 3 1 1
236665 214 4 3 0
249453 214 3 3 0
421385 214 3 1 1
235001 215 3 1 0
235002 215 2 1 0
235867 215 3 1 0
236504 215 3 3 0
257283 215 3 4 0
344127 215 2 3 0
544473 215 2 1 0
121915 216 3 4 1
122221 216 2 1 0
122769 216 4 2 0
123066 216 3 3 0
142656 216 3 3 0
181148 216 4 2 0
235275 216 4 3 0
236345 216 2 4 0
236508 216 3 0 0
236578 216 3 1 0
239923 216 3 3 0
444779 216 2 3 0
543618 216 2 1 0
544431 216 2 1 0
64115 217 3 3 0
121463 217 2 3 0
121858 217 3 1 0
122761 217 1 0 0
138964 217 4 3 0
139723 217 3 3 1
235560 217 2 1 0
235565 217 2 0 0
236511 217 3 3 0
236530 217 4 1 0
269231 217 4 0 0
367298 217 3 2 0
543938 217 3 1 0
25347 218 3 3 0
121457 218 3 0 0
235148 218 4 4 1
235427 218 2 0 0
236600 218 2 1 0
355633 218 2 3 0
387717 218 3 3 0
547697 218 2 3 0
122522 219 2 1 0
122773 219 2 2 0
236472 219 3 0 0
303336 219 3 1 0
303595 219 3 1 0
331062 219 2 3 0
355813 219 2 3 0
43772 220 3 2 1
121569 220 1 0 0
121859 220 2 1 0
234759 220 3 0 0
235104 220 2 1 0
235146 220 2 0 0
304328 220 1 1 0
304386 220 2 1 0
15034 221 3 3 0
235407 221 3 1 0
291549 221 3 3 0
305001 221 3 1 0
1772 222 3 3 0
65443 222 4 3 0
139047 222 3 1 0
181213 222 2 3 0
232701 222 3 3 0
234718 222 3 2 0
234760 222 3 1 0
235934 222 3 3 0
235981 222 2 0 0
236603 222 3 3 0
305002 222 2 1 0
331060 222 3 1 0
121456 223 2 0 0
121570 223 3 0 0
138431 223 3 1 1
235632 223 3 1 0
262729 223 2 1 1
303335 223 2 1 0
304068 223 3 1 1
304183 223 3 1 0
543797 223 3 1 0
65444 224 3 3 0
122644 224 3 2 0
139954 224 2 3 0
235409 224 3 3 0
235428 224 4 1 0
236251 224 3 1 1
293404 224 4 3 1
331063 224 3 3 0
544062 224 2 1 0
544420 224 2 3 0
544891 224 3 3 0
139037 225 4 1 0
192419 225 2 2 0
235833 225 2 4 0
294902 225 3 2 0
303693 225 4 3 0
275296 226 3 2 1
303598 226 4 3 1
304178 226 3 0 0
543799 226 2 2 0
544167 226 3 3 0
139032 227 3 1 0
139464 227 1 1 0
236258 227 4 0 0
303596 227 3 1 0
328435 227 4 0 0
235429 228 4 2 0
260702 228 3 3 0
293403 228 3 1 0
303337 228 3 3 0
304180 228 3 1 0
236523 229 2 3 1
260987 229 3 1 0
303466 229 3 1 0
543169 229 1 1 0
544166 229 4 3 1
235517 230 4 3 0
261902 230 2 3 0
348502 230 2 3 0
543074 230 2 3 1
139835 231 4 4 1
235129 231 3 3 0
293397 231 2 3 1
122438 232 3 1 1
122793 232 3 3 0
261901 232 3 3 0
304182 232 3 2 0
328662 232 4 3 1
543080 232 3 2 0
191917 233 4 3 0
196854 233 3 2 0
260578 233 3 1 0
261931 233 4 1 1
261939 233 3 3 0
544052 233 3 4 0
544165 233 3 2 0
122440 234 4 3 0
122641 234 3 1 0
122652 234 1 1 0
260790 234 4 1 0
277262 234 3 3 0
544094 234 3 3 0
544837 235 2 1 0
545415 235 3 1 0
123058 236 3 1 1
261290 236 2 1 0
383022 236 4 2 1
98470 237 2 3 0
122311 237 2 1 0
304174 237 3 3 0
544099 237 3 1 0
84291 238 2 3 0
544097 238 2 0 0
122426 239 2 1 0
261416 239 2 1 0
262449 239 4 1 0
262451 239 3 1 0
262455 239 3 3 0
388981 239 2 1 0
543264 239 2 1 0
545373 239 3 1 0
260723 240 3 1 1
261905 240 3 1 0
262715 240 3 1 0
544098 240 3 1 0
121602 241 3 1 0
122340 241 3 3 0
260706 241 3 1 0
544100 241 2 3 0
545417 241 3 1 0
84288 242 4 1 0
121505 242 3 3 0
261962 242 2 1 0
262453 242 4 2 0
262456 242 4 2 0
389360 242 2 1 0
545372 242 2 1 0
50005 243 2 1 0
122252 243 3 1 0
122315 243 3 3 1
260608 243 3 2 1
261909 243 4 2 0
390692 243 3 1 0
390695 243 4 1 0
390696 243 2 3 0
50004 244 2 1 0
121539 244 2 1 0
260708 244 3 1 1
388982 244 4 1 0
388984 244 3 3 0
390830 244 3 1 0
545123 244 2 3 0
115951 245 4 2 0
121944 245 2 3 0
122127 245 3 3 0
122655 245 4 3 0
122781 245 3 3 0
150116 245 4 3 0
488940 245 1 2 0
544771 245 1 1 0
545027 245 4 3 0
546281 245 2 1 0
122253 246 3 1 0
122572 246 2 4 0
122686 246 2 2 0
390831 246 2 1 0
545021 246 3 4 1
545375 246 3 3 1
546220 246 1 1 0
122164 247 2 1 0
127434 247 2 3 0
389037 247 1 1 0
389532 247 3 1 1
390630 247 3 1 0
390697 247 3 3 0
545500 247 2 1 0
15147 248 2 1 0
121947 248 2 3 0
122209 248 2 1 0
149213 248 3 1 0
302932 248 3 3 0
545888 248 3 0 0
12985 249 3 3 0
50011 249 4 2 0
121361 249 4 1 0
121589 249 3 3 1
122142 249 2 1 0
390305 249 2 1 0
543685 249 3 1 0
546177 249 3 1 0
141598 250 3 2 0
544769 250 2 0 0
15148 251 2 3 0
122292 251 4 1 0
122650 251 3 3 1
127428 251 3 1 0
127430 251 1 1 0
545120 251 4 1 0
289184 252 3 2 0
543375 252 4 1 0
543376 252 2 1 0
122042 253 4 0 0
122139 253 4 1 0
122324 253 3 1 0
247165 253 3 2 1
390434 253 3 1 0
544034 253 2 1 0
12877 254 3 1 0
82860 254 1 2 0
122172 254 3 4 1
122634 254 3 1 0
123425 254 3 3 0
150047 254 4 1 0
150048 254 2 1 0
333352 254 3 3 1
390771 254 4 1 0
543451 254 2 4 1
121893 255 3 4 1
122294 255 3 3 0
122524 255 3 1 0
123534 255 4 3 0
141600 255 2 3 0
543514 255 3 1 0
122031 256 3 3 0
122043 256 3 1 0
123073 256 3 1 0
141599 256 4 3 0
388784 256 4 1 0
390985 256 3 1 0
543516 256 3 1 0
544083 256 4 1 0
545768 256 3 1 0
124454 257 4 2 0
140411 257 3 0 0
150050 257 2 3 1
150620 257 4 3 0
247553 257 1 1 0
543446 257 3 1 0
121669 258 3 1 0
122499 258 3 3 0
122858 258 2 1 0
140442 258 3 4 1
261755 258 1 1 0
389880 258 1 1 0
542822 258 2 1 0
543540 258 3 1 0
390145 259 3 0 0
545056 259 4 1 0
121550 260 3 3 0
121624 260 2 3 0
122073 260 4 1 0
123064 260 3 3 0
123076 260 3 3 0
388786 260 2 2 0
389856 260 3 1 0
545773 260 3 3 0
121636 261 2 1 0
121903 261 4 1 0
122802 261 2 1 0
133914 261 2 3 0
389615 261 3 1 0
543517 261 2 1 0
552144 261 3 2 0
121667 262 3 3 0
122789 262 2 1 0
261756 262 4 3 0
543339 262 3 1 0
543344 262 2 2 0
543841 262 2 1 0
121672 263 4 3 1
149432 263 4 1 0
542810 263 4 1 0
543539 263 4 1 0
544650 263 3 1 0
545014 263 2 1 0
545550 263 3 1 0
121988 264 1 1 0
149433 264 2 1 0
390149 264 2 3 0
544754 264 4 1 0
121487 265 3 0 0
121674 265 2 4 0
133867 265 2 1 0
133909 265 3 1 0
387603 265 2 2 0
388785 265 3 2 0
389742 265 3 4 1
543538 265 1 4 1
545699 265 2 3 0
545770 265 2 1 0
545771 265 2 1 1
122414 266 4 3 0
543543 266 3 3 0
545641 266 3 1 0
121418 267 4 1 0
122033 267 3 1 0
122238 267 2 1 0
122973 267 5 1 0
148723 267 2 1 0
543824 267 2 4 0
543861 267 4 1 0
545618 267 2 0 0
121419 268 3 1 0
133869 268 3 3 0
542812 268 4 1 0
543530 268 3 2 0
545016 268 2 3 0
122319 269 3 3 0
122528 269 3 1 0
134278 269 3 1 0
388787 269 3 3 1
134262 270 2 1 0
148718 270 2 3 0
542814 270 4 3 0
542828 270 2 1 0
545611 270 2 2 1
545621 270 3 3 1
148214 271 4 1 0
263453 271 2 3 0
544417 271 3 1 0
546238 271 3 1 1
122805 272 1 3 0
147658 272 3 1 0
542942 272 3 1 0
543366 272 4 1 0
545205 272 4 1 0
133091 273 4 1 0
134279 273 3 3 0
147934 273 2 1 0
148454 273 3 1 0
542924 273 3 3 1
545355 273 3 3 0
121838 274 3 1 0
134275 274 4 3 1
147857 274 4 3 1
147939 274 2 1 0
263446 274 3 2 0
320137 274 3 3 0
544398 274 4 1 1
545352 274 2 4 1
121600 275 1 0 0
121842 275 3 3 0
545057 275 3 1 0
147933 276 2 0 1
148869 276 3 1 0
456747 276 3 3 1
545744 276 4 3 0
134273 277 2 1 0
147661 277 4 3 0
148628 277 3 1 0
544544 277 2 4 0
133604 278 2 1 0
147894 278 4 1 0
543059 278 3 2 0
543421 278 2 1 0
90616 279 2 3 0
122228 279 4 3 0
147391 279 2 3 0
148626 279 3 1 0
148877 279 3 1 0
388235 279 3 3 0
542701 279 4 0 0
121800 280 3 3 0
134480 280 3 1 0
147139 280 2 1 0
147662 280 2 3 1
147698 280 2 1 0
148638 280 2 3 0
148868 280 3 1 0
133436 281 3 1 0
140522 281 4 3 1
147493 281 1 1 0
543131 281 2 0 0
545382 281 3 0 0
546318 281 4 3 0
121601 282 4 1 0
132770 282 3 1 0
134483 282 3 3 0
144941 282 3 2 0
147946 282 2 1 0
148027 282 4 1 0
148629 282 4 3 0
545273 282 4 1 0
132769 283 3 1 0
147660 283 4 1 0
148021 283 2 3 0
148621 283 2 3 0
543316 283 2 1 0
543729 283 2 3 0
133437 284 3 2 0
134280 284 2 3 0
147140 284 3 3 1
83871 285 3 3 0
121605 285 2 3 0
133526 285 2 1 0
215233 285 4 2 1
430769 285 3 3 0
543136 285 3 3 0
132824 286 3 1 0
133371 286 2 1 0
148091 286 3 1 0
148411 286 4 1 0
542879 286 4 2 1
543319 286 2 0 0
545426 286 3 3 0
546244 286 3 1 0
132898 287 2 3 0
132999 287 2 1 0
133014 287 3 1 0
133244 287 2 1 0
133245 287 3 1 0
134286 287 2 3 0
147867 287 3 1 0
148016 287 3 1 0
91842 288 2 3 0
131488 288 3 3 0
134438 288 2 1 0
148377 288 4 1 0
545339 288 2 1 0
131487 289 2 3 0
133013 289 2 0 0
133490 289 3 1 0
134285 289 2 1 0
542792 289 3 0 0
543244 289 3 1 0
132840 290 3 3 0
133602 290 2 1 0
135027 290 2 2 1
147969 290 2 1 0
545340 290 3 1 0
132822 291 4 3 0
134243 291 3 1 0
147908 291 4 3 1
148383 291 3 3 0
446400 291 3 4 1
544701 291 3 1 0
132829 292 2 1 0
132838 292 2 1 0
133491 292 4 1 0
134244 292 3 1 0
148099 292 3 3 0
148312 292 3 3 0
148706 292 4 1 0
431511 292 4 1 1
542794 292 2 2 0
133415 293 1 1 0
133704 293 2 1 0
134457 293 3 3 0
135028 293 3 3 0
542796 293 2 3 0
544210 293 2 3 0
124771 294 3 3 0
133868 294 4 1 1
133924 294 3 3 0
134362 294 3 1 0
148708 294 2 3 0
148880 294 4 3 0
430712 294 3 1 0
134245 295 3 3 0
148094 295 4 1 0
148298 295 3 4 0
244729 295 4 2 0
63601 296 4 3 0
132817 296 3 0 0
133892 296 3 1 0
148225 296 3 2 1
430624 296 2 1 0
544546 296 4 1 1
545593 296 4 1 0
135023 297 3 1 0
135729 297 2 4 0
148371 297 3 4 0
431249 297 4 1 0
468868 297 4 1 0
469728 297 2 1 0
545594 297 2 3 1
133925 298 3 3 0
147491 298 2 1 0
544259 298 3 0 0
133574 299 2 1 0
446179 299 3 0 0
148299 300 4 4 0
544296 300 1 0 0
135544 301 2 1 0
147848 301 3 2 0
148213 301 3 1 0
148709 301 3 4 0
544008 301 1 1 0
133345 302 3 3 0
133348 302 4 3 0
133948 302 3 3 0
135024 302 4 1 0
469727 302 3 1 0
134303 303 3 1 0
134326 303 2 1 1
136217 303 2 1 0
147336 303 1 1 0
147543 303 3 1 0
148309 303 2 1 0
132828 304 4 0 0
132948 304 2 1 0
133763 304 4 1 0
148481 304 2 3 0
197175 304 3 4 0
430625 304 4 1 0
543758 304 2 3 0
133096 305 2 0 0
133444 305 3 3 0
133951 305 2 3 0
135510 305 3 1 0
135698 305 2 1 0
136273 305 3 1 0
448184 305 1 3 0
469879 305 4 1 0
469881 305 4 1 0
469984 305 2 3 0
544284 305 2 0 0
133385 306 1 1 0
134894 306 4 1 0
135025 306 3 1 0
135988 306 3 1 0
147910 306 3 1 0
148529 306 2 1 0
447847 306 3 0 0
469871 306 3 1 0
542903 306 3 0 0
65034 307 2 3 0
135512 307 3 3 0
136577 307 3 3 0
147337 307 3 3 0
148433 307 3 1 0
260397 307 3 3 0
134469 308 3 3 0
147334 308 2 1 0
469736 308 2 1 0
544060 308 3 4 0
133101 309 3 3 0
134978 309 4 4 1
136219 309 2 3 0
468920 309 2 1 0
469146 309 3 1 0
543090 309 2 1 0
543108 309 2 1 0
543802 309 3 2 0
132744 310 3 1 0
133243 310 4 0 0
133595 310 4 1 0
134075 310 3 1 0
148485 310 3 3 0
148528 310 3 1 0
204179 310 4 3 0
469870 310 3 1 0
543085 310 3 3 0
132470 311 4 3 1
134225 311 3 3 0
136575 311 3 1 0
147792 311 4 1 0
148403 311 3 1 0
148845 311 3 1 0
260403 311 4 3 0
469154 311 1 1 0
469533 311 1 1 0
469738 311 2 1 0
543199 311 2 2 0
543970 311 4 1 0
133599 312 2 3 0
147654 312 4 1 0
148637 312 3 2 0
148771 312 2 1 0
543088 312 3 1 0
133125 313 2 1 0
260398 313 4 3 0
353284 313 2 3 0
542753 313 2 3 0
542851 313 3 3 0
133598 314 2 3 0
133634 314 2 3 1
136119 314 2 1 0
208635 314 4 2 0
469145 314 3 1 1
469447 314 3 1 0
542823 314 3 1 0
543480 314 1 1 0
136249 315 2 1 0
148169 315 3 1 0
208725 315 3 3 0
350213 315 3 2 0
469113 315 3 1 0
469992 315 3 3 0
501677 315 3 4 0
543086 315 4 3 0
42334 316 3 2 0
149101 316 3 4 1
418724 316 4 2 1
469366 316 2 3 0
537830 316 3 3 0
543087 316 3 1 0
558071 316 3 3 0
133121 317 4 3 0
161383 317 3 3 0
468380 317 4 1 0
468382 317 3 2 0
543484 317 3 1 0
544261 317 3 3 0
147752 318 4 2 0
328776 318 3 0 0
543607 318 2 1 0
134313 319 3 1 0
135492 319 3 1 0
438291 319 3 2 0
468397 319 4 1 0
543610 319 1 3 0
136117 320 1 0 0
136118 320 3 0 0
254796 320 3 2 0
331830 320 2 4 0
506570 320 2 2 0
542954 320 4 3 0
2004 321 3 3 0
214154 321 4 3 0
396369 321 3 3 0
468845 321 3 4 0
196146 322 2 2 0
237304 322 2 1 0
543694 322 3 1 0
9244 323 2 3 0
134314 323 3 1 0
199062 323 2 3 0
352104 323 3 1 0
468381 323 3 1 0
2012 324 2 3 0
130753 324 2 3 0
135282 324 1 1 0
468490 324 3 1 0
468924 324 2 0 0
71639 325 2 3 0
135292 325 4 1 1
160044 325 4 3 1
238720 325 3 1 0
273260 326 2 1 0
396365 326 2 1 0
543859 326 3 1 0
82042 327 2 0 0
134919 327 2 3 0
331733 327 2 2 1
468925 327 2 3 0
469743 327 2 3 0
516897 327 4 3 0
544243 327 4 1 1
134915 328 4 1 0
238721 328 2 3 0
352749 328 2 1 0
559224 328 4 3 0
2009 329 3 1 0
130752 329 2 2 1
236976 329 3 1 0
237076 329 4 1 0
238728 329 4 3 0
331738 329 3 3 0
395627 329 3 4 0
550671 329 3 3 0
135053 330 3 1 0
272917 330 3 1 0
273261 330 2 3 0
328068 330 3 3 0
505616 330 2 1 0
544236 330 2 1 0
550678 330 2 3 0
82058 331 3 3 0
160036 331 4 1 0
237503 331 3 3 0
272055 331 3 1 0
272766 331 3 1 0
273384 331 3 1 0
352108 331 3 0 0
352143 331 4 1 0
469710 331 3 1 0
505618 331 4 1 0
134834 332 3 2 0
134917 332 2 1 0
135130 332 2 3 0
135817 332 3 1 0
272804 332 2 1 0
272816 332 2 1 0
273432 332 4 1 0
339664 332 4 3 0
347584 332 2 3 0
352147 332 2 3 0
464552 332 2 3 0
272160 333 4 1 0
272164 333 2 1 0
274161 333 3 1 0
353479 333 3 1 0
505308 333 3 1 0
505403 333 2 1 0
272088 334 2 1 0
273123 334 3 1 0
543397 334 3 3 0
544238 334 3 2 0
81660 335 3 3 0
134914 335 2 0 0
272910 335 3 1 0
272914 335 4 1 1
273387 335 3 3 0
352262 335 3 1 0
352441 335 2 1 0
506238 335 3 1 0
507198 335 4 3 0
507739 335 4 3 0
133858 336 4 1 0
134949 336 3 2 0
238003 336 4 3 0
238351 336 2 1 0
238754 336 2 1 0
272163 336 2 1 0
274162 336 2 1 0
339663 336 3 3 0
352341 336 2 1 0
544293 336 3 1 0
81665 337 3 1 0
132768 337 3 4 0
260844 337 2 4 0
272114 337 2 1 0
273184 337 2 4 0
273435 337 3 2 0
506516 337 2 1 0
507177 337 3 1 0
507208 337 3 1 0
508884 337 1 3 0
46575 338 3 3 0
273394 338 4 4 1
273911 338 3 1 0
274194 338 3 1 0
507209 338 3 1 0
508921 338 4 2 0
22987 339 2 3 0
133880 339 2 3 0
134453 339 3 3 0
237345 339 2 1 0
238004 339 3 3 0
244692 339 3 3 0
272116 339 2 3 0
272728 339 3 2 1
273673 339 4 3 1
352260 339 4 1 1
352628 339 3 1 1
371514 339 2 1 0
505988 339 4 1 1
506401 339 4 1 0
507211 339 2 2 0
81666 340 2 1 0
273434 340 2 2 0
352267 340 3 3 0
486962 340 2 3 1
506191 340 2 1 0
506715 340 3 1 0
506763 340 3 1 0
543182 340 3 1 0
544075 340 3 1 0
544194 340 3 3 0
25742 341 3 3 0
81664 341 3 1 0
238352 341 4 1 0
238755 341 3 1 1
272115 341 3 3 0
273436 341 3 3 0
273557 341 3 1 0
353441 341 4 1 0
376150 341 4 1 0
506080 341 4 1 1
506675 341 4 1 0
507575 341 1 0 0
544423 341 3 3 0
81817 342 3 1 0
145316 342 2 2 0
237321 342 3 1 0
272603 342 4 1 0
272798 342 3 4 1
273095 342 4 3 1
352380 342 3 1 0
352442 342 3 3 0
352625 342 3 0 0
371292 342 3 1 0
488362 342 2 2 0
506423 342 3 1 0
507088 342 4 3 0
507092 342 3 1 0
507749 342 3 0 0
544240 342 4 3 0
74543 343 3 3 1
81265 343 2 1 0
187022 343 3 3 0
238747 343 2 1 1
271520 343 2 2 0
272726 343 3 4 0
273697 343 3 4 0
371854 343 3 1 0
506083 343 2 3 0
543619 343 3 3 1
82320 344 3 1 0
199784 344 2 3 0
236962 344 4 1 0
237749 344 3 1 1
238486 344 2 3 0
272834 344 2 1 0
273698 344 3 4 0
273913 344 2 3 0
274138 344 3 3 0
375148 344 2 1 0
376108 344 3 1 0
506084 344 2 3 0
506720 344 3 3 0
237481 345 2 1 0
238484 345 3 1 0
238791 345 2 1 0
272598 345 2 2 1
340970 345 2 3 0
352185 345 2 3 0
353277 345 3 1 0
371291 345 2 1 0
372198 345 2 1 0
505294 345 3 4 0
506424 345 2 1 0
81255 346 1 1 0
81267 346 3 3 0
81306 346 3 1 0
82519 346 3 1 0
119972 346 3 2 0
237224 346 3 1 0
274137 346 2 1 1
274145 346 2 0 0
373005 346 2 1 0
82086 347 2 1 0
133881 347 3 3 0
236878 347 1 0 1
236880 347 3 1 0
237841 347 4 1 0
238073 347 4 3 0
272141 347 4 4 1
272145 347 2 2 0
376110 347 3 3 0
376156 347 3 2 0
543620 347 3 3 0
81326 348 2 3 0
221290 348 2 3 0
237286 348 3 1 0
237482 348 2 1 0
272594 348 2 3 0
371795 348 2 1 0
375652 348 3 1 0
376046 348 3 1 0
376106 348 2 1 0
470585 348 3 3 0
82547 349 3 3 0
237747 349 4 1 0
272478 349 2 1 0
273143 349 2 3 0
351141 349 2 3 0
353269 349 3 1 0
505896 349 3 4 0
81551 350 4 1 0
274148 350 3 2 0
352639 350 4 1 0
353004 350 3 1 0
371322 350 2 4 0
371456 350 2 1 0
376488 350 3 1 0
542920 350 3 1 0
237534 351 3 1 0
237816 351 2 1 0
310825 351 3 3 0
352818 351 3 1 0
371076 351 2 3 0
371867 351 3 1 0
372200 351 3 1 0
542918 351 3 1 0
165814 352 3 3 0
311005 352 1 1 0
353492 352 3 1 0
371104 352 3 1 0
543617 352 4 1 0
104612 353 2 4 0
272477 353 3 1 0
273306 353 3 3 1
274147 353 3 2 0
352456 353 4 1 0
352458 353 2 1 0
371103 353 3 1 0
371457 353 3 1 0
559386 353 3 1 0
238662 354 3 3 0
352077 354 2 1 0
371309 354 2 1 0
372855 354 3 1 0
427287 354 3 3 1
560223 354 2 3 0
272771 355 2 1 0
353229 355 3 1 0
371591 355 2 1 0
371868 355 4 1 0
433997 355 2 2 0
137321 356 2 3 0
203810 356 3 3 0
237818 356 4 2 0
352381 356 3 1 0
352946 356 4 1 0
353230 356 2 3 0
371107 356 2 3 0
371321 356 4 4 0
371463 356 2 3 0
372820 356 4 1 0
418611 356 4 3 0
353052 357 3 1 0
353231 357 3 3 0
371454 357 2 3 0
371459 357 3 1 0
371597 357 3 4 1
371869 357 3 3 0
427258 357 2 2 0
482710 357 3 3 1
560287 357 1 3 0
104116 358 3 3 0
237262 358 4 3 0
272607 358 2 1 0
346542 358 3 3 0
352136 358 3 1 0
352455 358 3 0 0
371185 358 3 1 1
371290 358 3 1 0
371581 358 1 1 0
371582 358 3 1 0
371906 358 4 1 0
372058 358 4 1 0
372751 358 3 1 0
138311 359 2 3 1
352617 359 2 1 0
352982 359 2 1 0
371580 359 2 1 0
371936 359 3 1 0
372867 359 3 2 0
427260 359 3 3 0
372056 360 2 1 0
118576 361 2 3 0
272609 361 3 1 0
334669 361 2 3 0
352138 361 3 3 0
353156 361 2 3 0
353188 361 3 1 0
371919 361 2 3 0
373008 361 3 1 0
427254 361 2 1 0
559214 361 3 1 0
427265 362 3 2 0
208162 363 2 3 0
352616 363 3 1 0
372045 363 3 1 0
372791 363 3 1 0
427264 363 3 0 0
179082 364 3 3 0
366225 364 2 2 0
371055 364 3 1 0
371614 364 3 2 0
372523 364 2 3 0
417460 364 4 2 0
554471 364 4 3 0
