10705 1 4 6 3 0
14048 0 6 6 3 0
74202 1 2 6 3 0
88376 1 4 6 3 0
93452 0 6 6 1 0
127315 0 6 6 1 0
194574 1 4 6 3 0
197340 0 6 6 3 1
202348 1 4 6 1 0
216501 0 6 6 3 0
299738 1 4 6 3 1
317568 1 5 6 3 0
321482 1 3 6 3 0
350526 0 6 6 3 0
367941 0 6 6 4 1
387025 1 2 6 1 0
423867 0 6 6 3 1
460969 0 6 6 3 0
467013 0 6 6 3 0
489064 0 6 6 3 0
129471 1 3 7 3 1
197341 0 6 8 3 0
216502 0 6 8 3 0
230421 0 6 8 3 1
350527 1 3 8 3 1
387970 1 3 8 1 0
409249 1 4 8 3 1
10703 1 3 9 4 1
93451 0 6 9 0 0
93453 1 3 9 1 0
127317 1 4 9 1 0
127677 0 6 9 1 0
127715 0 6 9 1 0
134815 1 4 9 3 0
203694 0 6 9 1 0
387968 0 6 9 0 0
490648 0 6 9 4 1
127318 0 6 10 1 0
386842 0 6 10 1 0
387143 0 6 10 1 0
387969 0 6 10 1 0
409251 0 6 10 3 0
10706 0 6 11 3 0
127111 0 6 11 1 0
127316 0 6 11 1 0
127565 0 6 11 1 0
127711 1 2 11 2 0
128338 1 3 11 1 0
284524 1 3 11 3 0
350522 0 6 11 3 1
370849 1 4 11 4 0
386662 0 6 11 1 1
386988 1 4 11 1 0
387027 1 2 11 3 0
127689 1 2 12 1 0
202819 0 6 12 1 0
234765 1 3 12 3 0
284522 0 6 12 2 1
302727 1 3 12 2 0
7892 0 6 13 2 0
127319 0 6 13 1 0
127324 0 6 13 1 0
128137 1 4 13 1 0
128374 0 6 13 1 0
128477 0 6 13 3 0
370058 1 3 13 3 0
386844 0 6 13 3 1
387696 1 5 13 1 0
102658 1 4 14 3 0
127690 0 6 14 2 1
127744 0 6 14 1 0
128318 1 3 14 1 0
128801 0 6 14 4 0
387303 1 3 14 3 0
387448 1 4 14 1 0
127322 1 2 15 1 0
127681 1 3 15 1 0
128077 1 3 15 1 0
386836 1 4 15 3 0
386852 1 3 15 4 0
387699 0 6 15 3 0
388491 1 4 15 1 0
127129 0 6 16 1 0
127519 0 6 16 1 0
127682 1 3 16 3 0
128373 1 3 16 1 1
128429 1 3 16 1 0
387700 1 3 16 3 0
127131 0 6 17 3 1
127132 0 6 17 1 0
127746 0 6 17 3 0
128076 1 4 17 0 0
128151 1 3 17 1 0
128611 1 3 17 1 0
128700 1 5 17 1 0
128835 0 6 17 1 0
313846 1 4 17 1 0
386661 1 4 17 1 0
386863 0 6 17 3 0
387142 1 4 17 1 0
387449 1 3 17 3 0
387897 0 6 17 1 0
127586 0 6 18 4 0
128078 1 4 18 1 0
386834 1 4 18 1 0
387889 1 3 18 1 0
127745 0 6 19 3 1
128089 0 6 19 3 0
128274 0 6 19 1 0
387447 0 6 19 1 0
388566 1 4 19 1 0
30175 0 6 20 3 1
127558 0 6 20 1 0
127585 0 6 20 4 0
128372 0 6 20 1 0
128376 0 6 20 3 0
245601 0 6 20 3 1
315197 0 6 20 1 1
386663 1 3 20 1 0
387139 1 3 20 1 0
387891 1 2 20 3 0
388522 0 6 20 3 0
388564 0 6 20 0 0
127559 0 6 21 3 0
127986 1 2 21 1 0
313424 0 6 21 2 0
388517 0 6 21 3 0
127125 0 6 22 4 0
127522 0 6 22 3 0
128029 1 3 22 1 0
128079 0 6 22 1 0
387537 1 3 22 1 0
388393 1 4 22 1 1
388737 1 3 22 1 0
399586 1 4 22 3 0
127987 0 6 23 1 0
128375 0 6 23 1 0
245604 0 6 23 4 1
386815 1 3 23 1 0
387141 1 3 23 3 0
387196 0 6 23 4 0
388396 0 6 23 1 0
465235 1 3 23 3 1
127866 0 6 24 2 0
128275 1 5 24 3 0
128535 1 5 24 1 0
260928 1 3 24 3 0
314944 0 6 24 1 0
386665 0 6 24 3 0
386961 1 5 24 1 1
387172 0 6 24 1 0
388487 1 4 24 1 0
388565 1 3 24 1 0
54035 1 4 25 3 0
108478 1 3 25 2 0
127989 0 6 25 3 0
128273 0 6 25 1 0
227097 0 6 25 3 0
386694 1 4 25 1 0
387961 0 6 25 1 0
388149 1 3 25 3 0
127542 1 2 26 1 0
128536 0 6 26 1 0
128817 0 6 26 4 0
208873 0 6 26 3 1
232269 1 4 26 3 0
128272 0 6 27 1 0
128383 0 6 27 3 1
245603 1 2 27 3 0
284550 1 2 27 3 0
314940 0 6 27 3 0
386479 1 2 27 1 0
386963 0 6 27 3 1
387539 0 6 27 1 0
387540 0 6 27 3 0
388490 1 2 27 3 0
127544 0 6 28 1 0
386476 0 6 28 1 0
386513 1 4 28 1 0
479946 0 6 28 2 0
127543 1 4 29 1 0
231075 0 6 29 4 0
386515 1 2 29 3 1
388148 0 6 29 3 0
479945 1 3 29 2 0
153128 1 3 30 2 0
154769 0 6 30 2 0
232268 1 3 30 3 0
386511 1 3 30 0 0
386589 0 6 30 1 0
387293 1 3 30 1 0
127468 0 6 31 1 0
174588 0 6 31 2 0
386510 0 6 31 3 0
387030 0 6 31 1 0
387541 0 6 31 3 0
388489 1 3 31 3 0
439885 1 3 31 3 0
479947 0 6 31 3 0
127471 1 5 32 3 0
128720 1 4 32 1 0
231595 0 6 32 3 0
386592 1 4 32 3 0
386737 0 6 32 1 0
387274 0 6 32 1 0
387366 0 6 32 1 0
387794 0 6 32 1 0
388123 1 3 32 1 0
87599 0 6 33 3 0
127054 1 4 33 1 0
128721 1 2 33 3 0
386480 1 3 33 2 0
386588 0 6 33 1 0
387033 0 6 33 3 0
387368 0 6 33 1 0
387609 1 4 33 1 0
388122 1 2 33 1 0
479949 0 6 33 2 0
127008 0 6 34 1 0
137470 0 6 34 3 0
154665 0 6 34 3 0
386514 1 4 34 1 0
386591 0 6 34 3 0
387415 0 6 34 1 1
387430 0 6 34 1 0
387839 0 6 34 4 0
388629 0 6 34 1 0
127467 1 3 35 1 0
338594 0 6 35 3 0
386512 1 4 35 1 0
386623 1 3 35 2 1
387367 1 3 35 1 1
387429 1 3 35 1 0
387475 0 6 35 1 0
387538 0 6 35 1 0
387876 0 6 35 1 0
388615 0 6 35 1 0
461111 1 5 35 2 0
127010 1 5 36 1 0
127055 1 3 36 3 1
127730 0 6 36 1 0
157699 0 6 36 2 0
386985 1 4 36 1 0
387176 0 6 36 1 0
387225 1 3 36 1 0
387324 1 3 36 1 0
387431 0 6 36 1 0
387801 1 4 36 1 0
127470 0 6 37 3 0
128581 0 6 37 1 0
338593 1 3 37 3 0
386506 0 6 37 2 0
386839 1 3 37 3 0
386873 1 4 37 1 0
386987 1 4 37 1 0
387282 1 4 37 1 0
387371 0 6 37 3 1
126932 0 6 38 1 0
137089 1 4 38 3 0
341140 1 4 38 3 0
386580 0 6 38 3 1
386590 0 6 38 2 0
386625 0 6 38 4 1
386875 1 3 38 3 0
387177 1 4 38 1 0
387327 1 3 38 1 0
387329 0 6 38 3 0
387370 0 6 38 3 1
387413 1 2 38 0 0
387797 1 4 38 3 0
387877 0 6 38 2 0
388546 0 6 38 1 0
388614 0 6 38 1 0
127012 0 6 39 3 0
365644 0 6 39 3 0
386582 0 6 39 1 0
387223 1 3 39 1 0
387227 0 6 39 3 0
387268 0 6 39 1 0
387418 0 6 39 3 0
387679 1 5 39 1 0
387881 1 4 39 1 0
388094 1 4 39 1 1
388314 1 3 39 1 0
388597 1 4 39 1 0
388617 1 3 39 2 0
126930 0 6 40 1 0
128580 0 6 40 0 0
128793 1 3 40 1 0
201151 0 6 40 3 0
256063 1 3 40 2 0
325234 0 6 40 3 0
330905 0 6 40 3 0
386581 0 6 40 1 0
387074 1 3 40 1 0
387184 1 4 40 0 0
387325 1 3 40 1 0
387328 0 6 40 3 0
387412 1 3 40 0 0
387433 0 6 40 2 0
387633 1 3 40 3 1
388616 1 4 40 1 0
388619 0 6 40 3 0
546750 0 6 40 3 0
37068 0 6 41 3 1
320638 0 6 41 3 0
330354 1 4 41 3 0
338589 0 6 41 1 0
387634 1 3 41 3 0
387677 1 3 41 3 0
387878 1 3 41 3 0
558936 0 6 41 3 0
127858 1 4 42 1 0
321625 0 6 42 3 0
387417 1 2 42 3 0
388492 0 6 42 1 0
388598 0 6 42 1 0
388692 1 4 42 1 0
433992 1 3 42 3 0
546747 0 6 42 1 0
201147 1 3 43 1 0
338245 1 3 43 3 0
387270 0 6 43 3 0
387357 0 6 43 0 0
387408 0 6 43 3 0
388141 0 6 43 1 0
388613 1 4 43 1 0
524958 1 3 43 2 0
126989 0 6 44 1 0
127859 0 6 44 1 0
387239 0 6 44 1 0
387416 0 6 44 1 0
387826 1 3 44 4 1
388359 1 4 44 1 0
388698 0 6 44 1 0
435695 0 6 44 3 0
458684 0 6 44 3 0
556618 0 6 44 3 0
201140 1 4 45 0 0
352275 1 2 45 2 0
385873 1 4 45 3 0
387185 0 6 45 0 0
387405 0 6 45 1 0
387804 0 6 45 1 0
388227 1 4 45 1 0
388278 1 4 45 3 0
388357 0 6 45 3 0
126997 0 6 46 1 0
127305 1 3 46 1 0
127860 0 6 46 3 0
295993 0 6 46 3 0
315542 0 6 46 3 0
330254 0 6 46 4 1
338011 0 6 46 1 0
352276 0 6 46 3 0
387434 1 4 46 3 0
387698 1 3 46 1 0
388070 1 4 46 3 0
388080 0 6 46 1 0
388134 1 4 46 0 0
388358 1 4 46 1 0
405755 0 6 46 3 0
546713 1 3 46 1 0
200807 1 3 47 1 0
201238 1 3 47 0 0
386698 0 6 47 2 0
387240 0 6 47 1 0
388069 0 6 47 3 1
388600 0 6 47 1 1
547275 1 4 47 1 0
209494 0 6 48 2 0
277897 0 6 48 2 0
330252 1 2 48 3 0
387154 0 6 48 4 1
387181 0 6 48 1 0
388146 1 2 48 3 0
388230 0 6 48 3 0
389907 1 2 48 3 0
21078 1 2 49 2 0
126866 0 6 49 1 0
315541 1 3 49 3 1
387187 0 6 49 3 1
387241 0 6 49 1 0
387697 0 6 49 1 0
147776 0 6 50 3 0
338009 0 6 50 2 0
383459 0 6 50 2 0
387186 1 3 50 2 0
498804 1 4 50 3 0
546917 1 2 50 1 0
547010 0 6 50 1 1
556615 0 6 50 0 0
127306 0 6 51 3 0
387210 1 2 51 3 0
387243 0 6 51 3 0
388702 1 4 51 1 0
547008 1 4 51 1 0
127896 1 3 52 2 0
387213 1 3 52 3 0
388074 1 5 52 3 0
410078 0 6 52 2 0
484802 1 2 52 3 1
547011 0 6 52 3 0
547051 0 6 52 4 0
72718 0 6 53 3 0
104670 0 6 53 3 1
386954 1 5 53 1 0
433851 0 6 53 3 0
547494 0 6 53 1 0
314133 0 6 54 3 1
316588 0 6 54 3 0
547009 0 6 54 1 0
547014 1 2 54 1 0
62762 1 2 55 3 0
433850 0 6 55 3 0
386952 0 6 56 0 0
387242 1 4 57 3 1
546473 0 6 57 1 0
314132 1 4 58 3 0
316066 0 6 58 3 1
548142 0 6 58 1 0
546472 1 4 59 1 0
547279 1 4 60 1 0
548072 1 3 60 1 0
550167 1 4 60 3 1
547838 0 6 61 1 0
547613 0 6 62 1 0
547784 0 6 62 1 0
548073 1 5 63 1 0
548181 1 5 63 1 0
546835 1 3 64 1 0
547630 0 6 64 1 0
546832 0 6 65 1 0
547856 1 2 65 3 0
547888 0 6 65 1 0
548182 1 4 65 1 0
547786 0 6 66 1 0
548075 1 4 66 3 0
547625 1 2 67 1 0
546836 1 5 68 3 0
548184 0 6 68 3 0
546907 0 6 69 3 0
547783 1 3 69 0 0
547891 1 4 69 3 0
548183 1 4 69 1 0
546833 1 3 70 1 0
546834 0 6 70 1 0
546906 0 6 70 2 0
547055 1 4 70 4 0
343730 1 3 71 3 0
547066 1 4 71 0 0
547785 0 6 71 1 0
546509 0 6 72 3 0
547310 0 6 73 0 0
547772 1 4 73 1 0
546958 1 2 74 1 0
547305 1 3 74 1 0
547448 1 3 74 0 0
547889 0 6 74 2 1
548043 1 3 74 1 0
548244 1 3 74 3 0
546659 0 6 75 0 0
546691 0 6 75 1 0
547068 0 6 75 2 0
547118 0 6 75 0 0
547773 0 6 75 1 1
547776 1 2 75 3 0
548009 0 6 75 1 0
492780 0 6 76 3 0
546607 0 6 76 1 0
546950 0 6 76 1 0
546697 1 5 77 4 0
546952 1 3 77 3 0
547245 0 6 77 1 0
547780 0 6 77 1 0
546704 1 3 78 1 0
547176 0 6 78 1 0
547319 1 3 78 1 0
547774 0 6 78 1 0
548047 0 6 78 3 1
548195 1 3 78 1 0
548201 0 6 78 4 0
300519 1 4 79 3 0
546953 0 6 79 4 1
547247 0 6 79 3 0
548242 1 3 79 1 0
546706 0 6 80 3 0
547177 1 4 80 3 0
547244 0 6 80 1 0
547321 1 2 80 3 1
547523 0 6 80 4 0
547777 1 3 80 3 0
548044 0 6 80 1 0
551658 0 6 80 3 0
548197 1 4 81 1 0
548200 1 4 81 3 0
298711 0 6 82 2 0
547380 0 6 82 4 0
547789 0 6 82 3 0
547883 1 3 82 3 0
548241 1 4 82 1 0
221176 0 6 83 2 0
457486 1 4 83 2 0
547535 1 2 83 3 0
547699 0 6 83 1 0
548046 1 3 83 3 1
300518 0 6 84 3 1
547880 1 3 84 4 1
547882 1 4 84 3 1
548198 0 6 84 1 0
548199 0 6 85 3 1
548245 0 6 85 3 0
221186 0 6 88 3 0
547536 1 3 88 4 1
547881 0 6 88 1 0
546868 1 3 90 1 0
548016 0 6 92 1 0
546869 0 6 94 3 0
547612 0 6 94 1 0
548020 1 3 95 3 0
547662 1 3 96 1 0
505049 0 6 97 3 1
546875 0 6 98 2 0
546971 1 3 98 1 0
547666 0 6 98 3 0
548022 0 6 98 1 0
546871 0 6 99 3 0
547013 0 6 100 1 0
505046 1 3 101 1 0
547631 1 3 101 1 0
548018 1 3 101 1 0
547664 0 6 102 3 0
547804 1 3 102 1 0
546857 1 2 103 1 0
546865 1 4 103 1 0
547931 1 4 103 2 0
505047 1 2 104 1 0
546623 1 4 104 1 0
547288 0 6 104 2 0
547392 1 4 104 1 0
547687 1 3 104 1 0
547805 1 3 104 1 0
505053 1 5 105 1 1
546444 1 3 105 1 0
547015 0 6 105 3 0
547334 1 3 105 1 0
547791 0 6 105 1 0
547918 1 3 105 3 0
505048 1 4 106 1 0
546708 1 5 106 1 0
546861 1 3 106 3 0
546864 0 6 106 0 0
547938 1 3 106 4 1
546802 0 6 107 1 0
503274 0 6 108 3 0
518601 1 4 108 3 0
546862 0 6 108 3 0
546863 0 6 108 0 0
547227 1 3 108 1 0
547905 0 6 108 1 0
518132 1 4 109 3 0
547394 0 6 109 1 0
547819 1 3 109 4 0
4363 1 3 110 3 0
518599 0 6 111 1 1
547228 1 2 111 3 0
547333 1 4 111 4 1
503272 1 2 112 3 0
546816 0 6 112 2 0
503273 1 5 113 1 0
518808 0 6 113 1 0
517373 0 6 114 1 0
518811 0 6 116 3 0
385968 0 6 117 3 0
385969 1 2 118 3 0
385967 0 6 119 3 0
546183 0 6 119 3 0
302581 0 6 121 3 0
385965 1 4 121 1 0
385972 0 6 122 2 1
446500 1 3 124 3 1
301762 1 3 125 3 1
446491 0 6 125 3 1
56581 0 6 126 3 0
447875 1 5 126 4 0
385607 1 4 127 3 0
262982 1 3 128 3 0
56582 0 6 129 3 0
243484 1 3 130 3 0
262981 0 6 131 3 0
295449 1 3 131 3 1
555275 1 2 131 2 0
243473 0 6 134 3 0
555276 1 3 134 2 0
555277 0 6 135 3 0
269024 0 6 136 2 0
357009 1 4 136 3 1
243475 0 6 137 4 1
553096 1 4 137 2 0
357003 0 6 139 3 0
161804 1 3 140 3 0
161801 1 4 143 0 0
517633 0 6 143 3 1
39452 0 6 144 3 0
215571 1 3 144 2 0
161467 1 4 145 0 0
428208 1 3 146 3 0
112110 1 3 148 3 1
112108 1 3 151 3 1
18082 0 6 152 3 0
148700 1 4 152 3 0
121921 0 6 153 3 0
18081 0 6 155 2 0
148698 0 6 155 1 0
368099 0 6 155 3 0
