20730 0 6 6 3 0
45746 1 4 6 4 0
66788 0 6 6 4 1
88172 0 6 6 3 0
143924 0 6 6 1 0
200130 0 6 6 3 1
213739 0 6 6 1 0
216787 0 6 6 4 0
218918 1 1 6 2 0
244111 0 6 6 4 0
280374 0 6 6 3 1
333187 1 4 6 0 0
399676 0 6 6 1 0
401859 1 5 6 4 1
429161 1 2 6 3 0
431229 0 6 6 1 0
453649 0 6 6 1 0
478882 0 6 6 1 1
555295 0 6 6 3 0
559342 1 2 6 4 0
143923 0 6 7 0 0
142271 1 3 8 1 0
283144 0 6 8 3 0
399675 0 6 8 0 0
560274 0 6 8 3 1
143873 1 4 9 1 0
213740 0 6 9 3 0
213789 0 6 9 0 0
333188 0 6 9 0 0
399680 0 6 9 3 0
429160 0 6 9 3 1
430722 1 3 9 1 0
453651 1 4 9 3 0
454601 0 6 9 1 0
213804 0 6 10 0 0
560548 1 3 10 3 0
136564 0 6 11 3 1
142453 1 3 11 3 0
143910 0 6 11 3 0
399677 0 6 11 1 0
430721 1 5 11 0 0
454015 0 6 11 1 0
143219 0 6 12 1 0
213792 1 4 12 3 0
430724 0 6 12 1 0
431117 1 3 12 1 0
397826 1 4 13 3 0
143843 1 2 14 1 0
213791 1 3 14 2 0
454014 1 3 15 1 0
472355 1 3 15 2 1
397815 1 4 16 1 0
397832 0 6 16 3 0
399682 1 2 16 3 0
143220 1 4 17 1 0
213790 0 6 17 0 0
454017 1 3 17 2 0
397831 1 4 18 1 0
398462 0 6 18 1 0
453090 1 3 18 1 0
143846 1 3 19 1 0
399183 1 3 19 1 0
399533 1 4 19 1 0
454018 0 6 19 3 0
454019 0 6 19 3 0
139679 1 4 20 3 0
453083 0 6 20 1 0
127184 0 6 21 3 0
143898 0 6 21 1 0
397812 0 6 21 1 0
397828 0 6 21 0 0
398436 1 5 21 1 0
399406 0 6 21 3 0
532388 1 3 21 3 0
398935 0 6 22 1 0
452670 1 3 22 3 0
453947 1 2 22 4 1
397811 1 3 23 1 0
398214 1 5 23 1 0
399612 0 6 23 1 0
454010 0 6 23 1 0
454292 0 6 23 1 0
139676 1 4 24 0 0
397519 1 4 24 1 0
453991 0 6 24 1 0
376279 0 6 25 3 0
454293 1 3 25 1 0
454294 0 6 25 1 0
397521 1 5 26 1 0
397587 1 3 26 1 0
398463 0 6 26 1 1
454391 1 4 26 1 0
454703 1 4 26 1 0
454751 1 3 26 1 1
454913 1 2 26 4 0
398910 1 4 27 1 0
454297 1 3 27 3 1
206351 0 6 28 3 1
397520 0 6 28 1 0
397586 1 3 28 1 0
452844 1 3 28 1 0
453266 0 6 28 1 1
454295 1 4 28 1 0
454392 1 2 28 1 0
454702 1 3 28 1 0
398056 0 6 29 1 0
453620 0 6 29 1 0
453992 1 2 29 1 0
454752 1 4 29 1 0
454947 1 4 29 1 0
397127 1 3 30 1 0
397377 0 6 30 1 0
397589 1 4 30 3 0
453988 0 6 30 0 0
454390 1 3 30 1 0
454705 1 4 30 3 0
452845 0 6 31 1 0
453828 1 2 31 3 1
454250 0 6 31 1 0
454274 0 6 31 4 0
454704 0 6 31 1 0
398395 1 5 32 1 0
398916 1 3 32 4 0
399662 0 6 32 1 1
453622 0 6 32 3 0
454252 1 3 32 3 0
454837 0 6 32 1 0
454908 1 3 32 1 0
42764 1 3 33 2 0
398041 1 3 33 1 0
398290 1 3 33 1 0
399661 0 6 33 1 0
452843 0 6 33 1 0
453990 0 6 33 1 0
454001 1 4 33 2 0
309521 0 6 34 3 0
398619 1 3 34 1 1
452847 0 6 34 3 0
452916 0 6 34 1 0
454249 0 6 34 0 0
454839 0 6 34 1 0
454847 1 4 34 1 0
398291 1 3 35 1 0
399416 1 2 35 1 0
399418 1 2 35 1 0
454655 0 6 35 4 1
454838 1 3 35 1 0
397598 0 6 36 1 0
398289 0 6 36 0 0
398317 1 3 36 1 0
453564 0 6 36 1 0
453613 1 3 36 1 0
454376 0 6 36 1 0
454409 1 2 36 1 0
454612 0 6 36 1 0
454832 0 6 36 4 0
454850 1 3 36 3 0
454910 0 6 36 3 0
208092 0 6 37 3 0
398044 0 6 37 3 1
398957 0 6 37 1 0
399664 0 6 37 3 0
454248 0 6 37 0 0
455003 0 6 37 1 0
398227 1 3 38 1 0
398318 0 6 38 3 0
398844 1 2 38 1 1
398956 0 6 38 1 0
399417 0 6 38 1 1
399528 1 4 38 1 0
399663 1 4 38 3 0
454848 1 4 38 1 0
454880 1 3 38 1 0
507620 1 3 38 2 0
39848 0 6 39 3 0
397268 1 3 39 1 0
397473 0 6 39 1 0
398557 1 4 39 1 0
398960 1 3 39 3 0
399529 0 6 39 1 0
452801 0 6 39 1 0
453275 1 3 39 1 0
453563 0 6 39 0 0
453614 0 6 39 1 0
454883 0 6 39 4 0
455005 0 6 39 3 0
397158 0 6 40 1 0
397597 0 6 40 0 0
398316 1 3 40 1 0
398656 1 4 40 1 0
399130 1 3 40 1 0
452618 1 5 40 1 0
453297 0 6 40 1 0
454836 0 6 40 0 0
454992 0 6 40 1 0
162375 0 6 41 3 0
397461 0 6 41 1 0
397475 1 3 41 3 0
398560 0 6 41 3 0
453009 0 6 41 1 1
453531 0 6 41 4 1
453565 1 3 41 1 0
454578 1 3 41 2 0
398737 1 2 42 1 0
399445 1 3 42 3 0
452608 0 6 42 1 0
453013 1 4 42 1 0
453052 0 6 42 1 0
454198 0 6 42 1 0
454217 0 6 42 1 0
454318 0 6 42 3 0
317242 0 6 43 3 0
397281 0 6 43 1 0
397656 0 6 43 1 0
398738 1 3 43 1 0
399501 0 6 43 4 0
452734 1 4 43 1 0
452816 1 3 43 1 0
452887 1 4 43 4 0
453932 0 6 43 1 0
454218 0 6 43 1 0
454339 1 3 43 3 0
454580 1 2 43 3 0
455004 1 3 43 2 0
174454 1 2 44 2 0
398255 0 6 44 1 0
398559 0 6 44 2 0
447631 0 6 44 2 1
453015 0 6 44 4 1
453802 0 6 44 1 0
454230 0 6 44 1 0
454317 0 6 44 3 0
507621 1 2 44 3 0
397280 0 6 45 1 0
398375 0 6 45 1 0
398561 0 6 45 3 1
398669 0 6 45 1 0
399504 0 6 45 3 0
452733 1 3 45 1 0
453293 1 4 45 1 0
453334 0 6 45 1 0
453442 0 6 45 1 0
453824 0 6 45 1 0
454987 1 3 45 1 0
152064 0 6 46 3 0
397863 1 2 46 1 0
397945 1 2 46 1 0
398825 0 6 46 1 0
452607 1 4 46 1 0
452612 1 5 46 1 0
452736 0 6 46 3 0
452815 0 6 46 1 0
452903 0 6 46 1 0
453497 1 4 46 1 0
453675 1 3 46 1 0
454234 1 4 46 3 0
454581 1 3 46 3 0
397555 1 3 47 1 0
398257 1 3 47 3 0
398321 1 4 47 4 0
398592 1 3 47 1 0
398739 1 3 47 3 1
452819 0 6 47 3 0
453316 1 3 47 4 1
453453 0 6 47 1 0
453462 0 6 47 1 0
453826 1 3 47 3 0
205735 1 3 48 2 0
397947 1 4 48 1 0
398254 0 6 48 1 0
399370 1 4 48 1 0
399594 0 6 48 1 0
452735 1 4 48 3 1
452817 1 3 48 1 0
454208 0 6 48 0 0
454986 1 3 48 1 0
490604 1 2 48 3 0
397865 1 3 49 3 0
397946 0 6 49 1 0
398252 1 4 49 1 0
398706 1 4 49 1 0
398903 0 6 49 1 0
399323 1 4 49 1 0
399327 1 3 49 1 0
399373 1 5 49 4 1
452611 1 5 49 1 0
454225 1 3 49 4 0
252688 0 6 50 3 0
398258 1 3 50 1 0
398658 0 6 50 1 0
454209 1 3 50 0 0
397725 1 4 51 4 1
398415 0 6 51 4 0
398766 0 6 51 1 0
399463 1 3 51 1 0
399562 1 3 51 1 0
453496 0 6 51 1 0
453625 1 3 51 0 0
490603 1 4 51 3 0
397463 0 6 52 1 0
398253 1 4 52 1 0
398705 1 3 52 2 0
398708 1 3 52 3 0
454214 1 3 52 4 0
454516 1 4 52 0 0
546140 0 6 52 3 1
360940 0 6 53 3 0
399325 0 6 53 3 1
399515 0 6 53 3 1
453464 0 6 53 3 0
453485 1 4 53 1 0
454213 1 2 53 2 0
454370 0 6 53 0 0
454788 0 6 53 0 0
279054 1 3 54 3 0
398407 1 4 54 1 0
398431 0 6 54 1 0
454212 0 6 54 2 0
360939 0 6 55 3 0
397193 0 6 55 1 0
397724 0 6 55 3 0
399465 0 6 55 3 0
57668 1 4 56 2 0
279059 0 6 56 3 0
438493 0 6 56 3 0
453153 0 6 56 1 0
453627 1 3 56 3 1
397191 0 6 57 0 0
397573 1 2 57 1 0
399198 0 6 57 2 0
454369 1 3 57 0 0
454379 0 6 57 0 0
454491 0 6 57 4 1
44435 1 4 58 3 0
74343 0 6 58 3 0
397575 1 4 58 3 0
398126 0 6 58 3 0
398194 0 6 58 1 0
398410 0 6 58 3 0
453183 0 6 58 1 0
397705 0 6 59 1 0
399384 0 6 59 4 0
417691 1 4 59 3 0
454372 0 6 59 1 0
397192 1 4 60 0 0
399128 1 3 60 4 0
438490 0 6 60 1 0
439351 1 4 60 1 0
452865 0 6 60 2 0
453184 1 5 60 1 0
31855 1 5 61 3 0
379825 1 3 61 3 0
397574 0 6 61 3 0
399164 1 3 61 1 0
399210 1 4 61 1 0
453870 0 6 61 1 0
454373 0 6 61 1 0
454380 0 6 61 0 0
454693 0 6 61 1 0
31849 1 2 62 1 0
397571 0 6 62 0 0
399129 1 3 62 4 0
417688 1 3 62 0 0
439352 1 3 62 3 0
453182 1 4 62 0 0
454918 0 6 62 3 1
379826 1 3 63 3 0
399167 1 4 63 2 0
399214 0 6 63 3 0
399383 0 6 63 3 0
453871 0 6 63 3 0
453875 0 6 63 1 0
454617 1 3 63 1 0
31856 1 3 64 3 0
292199 1 3 64 3 1
327570 1 2 64 2 0
452591 0 6 64 1 0
453796 0 6 64 0 0
454694 1 2 64 1 0
454776 0 6 64 1 1
327571 1 2 65 3 0
379824 1 3 65 3 0
453801 1 2 65 4 0
453869 0 6 65 1 0
453880 0 6 65 3 1
30718 0 6 66 3 0
32461 0 6 66 1 0
399161 1 4 66 3 0
452870 0 6 66 3 0
453872 0 6 66 0 0
454993 1 3 66 4 0
134078 1 3 67 3 0
227425 1 3 67 3 0
290930 1 3 67 3 0
399211 0 6 67 2 0
143198 0 6 68 3 0
190258 0 6 68 3 0
204253 0 6 68 3 0
292198 0 6 68 3 0
397855 1 4 68 1 0
399212 0 6 68 2 0
452587 1 4 68 1 0
73841 1 3 69 2 0
222242 0 6 69 2 0
379823 0 6 69 3 0
433605 1 4 69 3 0
453358 0 6 69 3 1
453876 0 6 69 1 0
454265 1 3 69 1 0
528252 0 6 69 3 0
227426 0 6 70 4 0
265018 1 3 70 3 0
454143 0 6 70 1 0
454775 1 4 70 1 0
478849 0 6 70 3 1
85566 0 6 71 3 0
143197 0 6 71 1 0
165781 0 6 71 2 1
290932 1 4 71 4 0
431987 0 6 71 3 0
432597 0 6 71 4 1
452595 0 6 71 0 0
452596 1 4 71 1 0
453874 0 6 71 1 0
454909 1 3 71 1 0
222241 1 4 72 1 0
452590 0 6 72 1 0
397853 1 3 73 1 0
452664 0 6 73 0 0
452855 1 4 73 1 0
454141 0 6 73 1 1
120734 0 6 74 2 0
312265 1 3 74 3 0
454145 1 2 74 3 0
454831 1 4 74 3 0
196970 1 3 75 3 0
397854 0 6 75 1 0
453587 0 6 75 1 1
452659 0 6 76 1 0
453619 0 6 76 1 0
312262 0 6 77 0 0
451596 0 6 77 2 1
452589 0 6 77 1 0
452663 0 6 77 3 0
453472 0 6 77 1 0
454142 0 6 77 1 0
407487 0 6 78 3 0
451592 1 4 78 3 1
453509 0 6 78 4 0
452658 1 4 79 1 0
453111 0 6 79 1 0
454146 1 2 79 2 0
454462 1 2 79 1 0
454761 0 6 79 2 0
506166 0 6 79 2 1
68542 1 3 80 3 0
196972 0 6 80 3 0
312264 1 3 80 3 0
312632 0 6 80 0 0
451594 0 6 80 3 1
453591 1 5 80 1 0
63647 0 6 81 3 0
452650 0 6 81 1 1
453359 0 6 81 4 0
453588 0 6 81 1 0
453814 1 2 81 3 0
453889 0 6 81 1 0
454305 1 3 81 1 1
454466 0 6 81 1 0
497329 0 6 81 3 0
407485 1 4 82 1 0
407488 0 6 82 3 0
452649 1 4 82 0 0
452666 0 6 82 2 0
452938 1 2 82 1 0
453085 0 6 82 2 0
453590 0 6 82 1 0
454306 0 6 82 1 0
239207 1 2 83 2 0
408670 0 6 83 1 0
452730 1 3 83 4 0
453471 1 4 83 1 0
453637 1 3 83 1 0
453854 0 6 83 1 0
453890 1 3 83 1 0
454251 0 6 83 1 0
454807 0 6 83 3 0
63648 0 6 84 3 0
248455 0 6 84 3 0
407345 0 6 84 1 0
453175 0 6 84 1 0
453338 0 6 84 1 0
453427 0 6 84 1 0
453589 1 4 84 1 0
453593 1 3 84 3 0
454574 1 2 84 1 0
454797 1 3 84 1 0
454997 0 6 84 1 0
137893 0 6 85 2 0
300917 1 4 85 3 0
452910 0 6 85 1 0
454170 1 3 85 1 0
454307 1 2 85 2 0
454465 0 6 85 1 0
352051 0 6 86 2 1
407486 1 3 86 1 0
407598 0 6 86 1 0
407806 0 6 86 1 0
452651 0 6 86 1 0
452875 0 6 86 1 0
453366 1 4 86 1 0
453425 0 6 86 0 0
454174 1 2 86 1 0
454309 0 6 86 3 0
454530 0 6 86 1 0
454575 0 6 86 2 0
63644 0 6 87 2 0
239208 0 6 87 3 0
407988 0 6 87 2 0
408201 0 6 87 1 0
452729 1 3 87 4 1
453080 0 6 87 2 1
453173 0 6 87 0 0
453639 1 3 87 1 0
454173 0 6 87 1 0
454528 1 5 87 0 0
454800 0 6 87 3 0
454950 1 3 87 4 0
454998 0 6 87 1 0
455000 1 3 87 2 0
455001 0 6 87 3 1
248454 0 6 88 1 0
407031 1 3 88 1 0
407607 0 6 88 1 0
407725 0 6 88 1 0
407867 1 4 88 1 1
408325 0 6 88 1 0
452877 0 6 88 3 0
453856 0 6 88 2 0
454568 0 6 88 3 0
454573 0 6 88 0 0
239209 1 4 89 3 0
407030 0 6 89 1 0
408241 0 6 89 1 0
408596 1 4 89 1 0
452747 0 6 89 3 0
453941 0 6 89 3 1
454171 1 3 89 3 0
454172 1 4 89 1 1
454814 1 3 89 1 0
239206 1 4 90 1 0
407032 0 6 90 2 0
407599 1 3 90 3 0
407713 0 6 90 4 0
408113 1 3 90 1 0
452881 1 4 90 0 0
452897 0 6 90 1 0
454816 0 6 90 3 0
220791 1 4 91 2 0
406900 0 6 91 1 0
406901 1 2 91 1 0
407544 1 4 91 1 0
408698 1 4 91 1 0
452874 0 6 91 4 0
452891 0 6 91 1 1
454356 1 3 91 1 0
454572 1 4 91 0 1
21262 1 3 92 2 0
40601 0 6 92 2 0
164610 1 3 92 2 0
406839 0 6 92 1 0
407124 0 6 92 1 0
407384 0 6 92 1 0
407990 1 2 92 1 0
408027 1 4 92 1 0
408062 0 6 92 1 1
408361 1 4 92 1 0
453523 0 6 92 1 0
454007 1 4 92 4 0
454566 1 4 92 1 0
150856 0 6 93 3 0
407054 0 6 93 1 0
407605 0 6 93 0 0
407606 1 4 93 0 0
407805 0 6 93 1 0
408360 0 6 93 2 0
408680 0 6 93 1 0
447648 0 6 93 3 1
453729 1 3 93 1 0
453791 1 3 93 1 1
21263 0 6 94 3 0
406838 1 4 94 1 0
406854 1 4 94 4 0
407991 1 3 94 3 0
105907 1 4 95 3 0
116162 0 6 95 3 0
407369 0 6 95 1 0
407609 0 6 95 3 0
407800 0 6 95 1 0
408175 0 6 95 4 0
408365 0 6 95 3 0
408602 0 6 95 3 0
407372 0 6 96 3 1
407386 0 6 96 3 1
407758 0 6 96 1 0
408483 0 6 96 1 0
453006 0 6 96 4 1
453730 1 3 96 3 0
407380 0 6 97 2 0
408484 1 2 97 2 0
408682 0 6 97 3 1
453005 1 4 97 3 0
453794 1 3 97 3 0
453944 0 6 97 3 1
454569 0 6 97 3 0
225313 0 6 98 3 1
406981 0 6 98 1 0
407748 0 6 98 1 0
408713 0 6 98 1 0
453003 1 4 98 3 0
408603 0 6 99 3 1
408059 1 2 100 4 0
408681 1 4 100 3 0
453799 1 3 101 3 0
160171 0 6 102 3 1
407750 0 6 102 3 0
407382 0 6 103 3 0
158002 0 6 104 4 1
407736 1 3 105 1 0
459944 1 4 108 2 0
