313061 0 2 18 4
451137 1 2 4 1
376202 1 2 4 2
252671 1 3 3 3
252668 0 3 5 3
252669 0 3 5 3
252670 0 3 5 3
376203 1 3 5 2
451138 1 3 5 1
222932 1 4 3 1
459233 1 4 2 4
387689 1 4 2 4
189712 1 4 2 4
114826 1 4 2 0
189711 0 4 5 4
459234 0 4 5 4
223274 1 5 1 1
49186 1 5 1 3
49185 0 5 5 3
114828 1 5 5 0
210361 1 6 3 3
439270 1 6 2 3
223493 1 7 2 1
114053 1 7 2 0
431279 1 8 2 3
201031 1 8 2 3
431278 0 8 5 3
457558 1 10 2 1
115025 1 10 2 4
49183 1 10 2 0
457559 0 10 5 1
328787 1 11 3 3
223532 1 11 2 1
49289 1 11 2 3
221504 1 13 4 0
222867 1 13 2 1
309801 1 14 3 2
222644 1 14 3 1
223533 1 14 2 3
221505 1 14 5 0
221506 1 14 5 0
390648 1 15 2 3
222919 1 15 2 1
221611 1 15 2 1
135361 1 15 2 3
221613 0 15 5 1
222645 1 15 5 1
222646 1 15 5 1
222647 1 15 5 1
222920 0 15 5 1
222923 0 15 5 1
390649 0 15 5 3
505277 1 16 2 2
195102 1 16 2 0
222865 0 17 9 1
222762 1 17 4 1
162234 1 17 3 4
223173 1 17 2 1
222668 1 17 2 1
135361 0 17 5 2
195101 1 17 5 0
223175 0 17 5 1
506413 1 18 3 3
222080 0 18 5 1
222077 1 18 1 1
135360 1 18 1 2
222078 0 18 5 1
222079 0 18 5 3
222669 1 18 5 1
222761 1 18 5 1
221743 1 19 3 1
221742 0 19 5 1
74875 1 20 3 2
223282 1 20 1 1
49213 1 20 1 3
49211 0 20 5 3
221745 1 22 3 3
221592 1 23 3 1
222884 1 23 2 3
223288 1 23 1 1
222880 0 23 5 3
223290 0 23 5 1
223291 1 24 3 2
222729 1 24 2 2
222421 1 24 2 3
15950 1 24 2 3
222420 0 24 5 3
223292 0 24 5 2
387114 1 25 2 4
223069 1 25 2 4
222290 1 25 2 2
222289 0 25 5 2
322779 0 25 5 3
387113 0 25 5 4
221572 1 27 3 1
379808 1 27 2 3
222270 1 27 2 1
97575 1 27 2 3
323542 0 28 5 3
322650 1 30 1 2
118132 1 31 2 3
223220 1 33 2 3
221575 1 33 1 3
221572 0 33 5 3
331750 1 36 2 1
331749 0 36 5 1
331753 0 36 5 1
221950 1 37 4 1
331765 1 38 3 1
222332 1 38 3 4
223600 1 38 1 1
223599 0 38 5 1
222121 1 39 3 1
332779 1 40 2 1
221864 1 40 1 1
221866 0 40 5 1
222123 1 40 5 1
332873 0 40 5 1
222115 1 41 1 1
222118 0 41 5 1
222122 1 42 3 1
222117 1 42 3 2
222119 1 42 2 3
222113 0 42 5 2
222114 0 42 5 2
222116 0 42 5 2
222118 0 42 5 3
332893 1 44 3 0
332895 0 44 5 0
222402 1 46 3 1
332825 1 46 2 1
222124 1 46 2 3
222125 0 46 5 3
222400 0 46 5 1
222403 0 46 5 1
332826 0 46 5 1
332827 0 46 5 1
333241 1 47 4 2
223388 1 47 1 3
223386 0 47 5 3
333238 1 48 5 2
333240 1 48 5 2
333235 1 49 3 1
222401 1 49 3 1
332894 1 49 2 3
222402 0 49 5 1
222403 0 49 5 1
332893 0 49 5 3
332895 0 49 5 3
222489 1 50 3 1
333234 1 50 5 1
333236 1 50 5 1
332827 1 52 2 3
332781 1 52 1 3
332825 0 52 5 3
201639 1 54 2 3
28777 1 54 2 1
333238 1 54 1 0
222339 1 56 2 3
222337 0 56 5 3
332559 1 57 3 4
29287 1 57 3 1
332558 0 57 5 4
222064 1 59 2 3
333243 1 59 1 3
222063 0 59 5 3
333239 0 59 5 3
222800 1 61 2 1
11733 1 61 2 3
223332 0 66 5 1
223336 0 66 5 1
223337 0 66 5 1
223338 0 66 5 1
223198 1 67 3 1
223334 1 67 1 1
223314 0 67 5 1
223485 1 68 3 1
223312 1 68 1 1
223200 1 68 5 1
223120 0 69 5 0
223117 1 69 2 0
223118 0 69 5 0
223488 1 69 5 1
223119 1 70 1 1
223121 0 70 5 1
223122 0 70 5 1
223393 1 71 1 1
223392 0 71 5 1
223395 0 71 5 1
222010 1 72 2 1
222009 1 73 5 1
222011 1 73 5 1
222013 1 73 5 1
222012 0 74 5 1
222014 0 74 5 1
222436 1 77 3 1
222205 1 78 4 1
222634 1 78 2 0
222558 1 78 2 3
222556 0 78 5 3
222557 0 78 5 3
222635 0 78 5 0
223277 1 79 3 1
222834 1 79 2 1
221515 1 79 2 1
222716 1 79 1 4
222836 0 79 5 1
222838 0 79 5 1
222439 0 80 5 3
170904 1 81 1 3
222441 1 81 0 3
170903 0 81 5 3
372817 1 82 4 3
222206 1 82 3 1
222833 1 83 2 1
222207 1 83 5 1
222835 0 83 5 1
372818 1 83 5 3
222440 0 84 5 3
222638 0 91 5 2
222641 0 91 5 2
222784 1 93 2 1
331988 1 94 2 3
222783 1 94 5 1
331987 0 94 5 3
222640 0 95 5 0
222596 1 97 2 3
222591 0 97 5 3
221637 1 100 2 1
221638 0 100 5 1
222553 1 102 3 4
222202 1 107 2 2
134670 1 108 2 3
134669 0 108 5 3
135505 1 120 3 1
135111 1 123 3 1
135112 0 123 5 1
