66332 1 3 6 3 0
83815 0 6 6 4 0
114646 0 6 6 3 0
117078 0 6 6 1 0
156260 0 6 6 3 0
179002 1 3 6 3 0
179918 1 2 6 3 0
215365 0 6 6 1 0
220831 1 3 6 3 0
226169 0 6 6 3 0
254397 0 6 6 3 0
274671 1 2 6 1 0
282808 1 1 6 3 0
297979 0 6 6 2 0
360624 1 2 6 2 0
419512 0 6 6 1 0
426617 0 6 6 2 1
527550 0 6 6 3 0
539580 0 6 6 2 1
553745 0 6 6 3 0
226453 0 6 7 3 1
420414 0 6 7 1 0
226454 1 3 8 3 0
271417 0 6 8 3 0
115776 0 6 9 1 0
420416 1 3 9 3 0
448230 1 2 9 3 0
226765 0 6 10 3 0
274675 1 4 10 3 1
360623 0 6 10 2 0
420749 1 4 10 1 0
473040 0 6 10 3 0
117371 0 6 11 1 0
215364 0 6 11 1 0
420269 0 6 11 1 1
115775 0 6 12 0 0
116624 0 6 12 4 1
215368 1 2 12 3 0
274676 0 6 12 3 0
448227 0 6 12 1 0
117268 1 3 13 3 1
216145 0 6 13 1 0
419296 1 3 14 1 0
448237 1 4 14 3 0
115675 0 6 15 4 0
116011 1 3 15 3 0
216059 1 3 15 1 0
216147 0 6 15 1 0
399413 1 4 15 2 0
117269 1 4 16 3 0
215549 1 4 16 1 1
216060 1 4 16 1 0
289062 1 2 16 2 0
448568 0 6 16 1 1
115952 1 2 17 0 0
214996 1 3 17 1 0
215366 0 6 17 1 0
215606 1 4 17 1 0
419404 0 6 17 1 1
116010 1 3 18 2 0
214833 0 6 18 0 0
215487 0 6 18 1 0
234355 0 6 18 3 0
311244 0 6 18 3 0
419292 0 6 18 0 0
214536 1 3 19 4 1
215037 0 6 19 1 0
215587 1 4 19 2 0
307742 0 6 19 3 0
419963 1 2 19 1 1
483102 1 4 19 2 0
115908 0 6 20 3 0
144345 0 6 20 3 0
214694 1 3 20 2 1
215061 0 6 20 1 1
215307 1 2 20 1 0
215550 0 6 20 1 0
215613 0 6 20 0 0
215657 1 5 20 1 0
420155 0 6 20 3 0
214535 0 6 21 4 1
214709 0 6 21 1 0
214835 0 6 21 1 0
214837 0 6 21 3 0
215410 1 3 21 1 0
215548 1 3 21 1 0
215659 0 6 21 1 0
419966 1 3 21 1 0
11760 1 3 22 3 0
215551 1 3 22 3 0
234356 0 6 22 3 0
419967 0 6 22 3 0
483677 0 6 22 2 0
128240 1 1 23 3 0
214711 0 6 23 3 0
214834 0 6 23 1 0
214986 0 6 23 1 0
215039 0 6 23 1 0
215042 0 6 23 1 0
215612 1 4 23 0 0
215658 0 6 23 1 0
215660 0 6 23 3 0
215661 0 6 23 3 0
318248 0 6 23 3 0
419502 1 4 23 1 0
420689 1 3 23 1 0
214695 1 3 24 2 0
214710 0 6 24 2 0
215038 1 2 24 1 0
215238 0 6 24 4 0
215301 0 6 24 1 0
215403 0 6 24 4 0
215411 0 6 24 2 0
215490 0 6 24 1 0
215978 0 6 24 1 0
234354 0 6 24 1 0
319314 0 6 24 3 0
420688 1 3 24 1 0
214664 0 6 25 1 0
215043 0 6 25 3 0
215116 1 2 25 4 1
215308 1 3 25 1 0
215313 1 4 25 0 0
215409 1 3 25 0 0
215615 0 6 25 3 0
215977 0 6 25 1 0
215997 0 6 25 1 0
419964 1 3 25 1 0
214915 1 5 26 1 0
215305 0 6 26 3 0
215412 0 6 26 2 1
215982 0 6 26 4 1
420500 0 6 26 1 0
420690 0 6 26 1 0
214660 1 4 27 2 0
214797 1 2 27 1 0
214917 1 4 27 2 0
215036 1 3 27 1 0
215357 0 6 27 1 0
215408 0 6 27 3 0
215861 0 6 27 1 0
232578 1 4 27 1 0
419329 1 3 27 1 1
419370 1 3 27 1 0
419578 1 4 27 1 0
419819 1 4 27 1 0
214965 0 6 28 1 1
215359 0 6 28 3 0
215629 0 6 28 1 0
215922 0 6 28 0 0
215981 0 6 28 3 0
420557 1 4 28 1 0
420719 0 6 28 1 0
214561 0 6 29 4 1
215110 0 6 29 1 0
215178 0 6 29 1 0
215309 0 6 29 3 0
215627 0 6 29 0 0
215848 0 6 29 1 0
215979 0 6 29 3 0
419666 0 6 29 4 1
419809 0 6 29 1 0
420180 1 2 29 1 0
420680 0 6 29 1 0
214588 1 5 30 1 0
214914 1 3 30 0 0
214970 1 4 30 0 0
215817 1 4 30 1 0
216021 0 6 30 1 0
252263 1 4 30 3 0
419369 1 2 30 1 0
419542 0 6 30 1 0
419580 0 6 30 3 0
420084 1 4 30 4 0
420120 1 3 30 1 0
420214 1 4 30 1 0
443529 0 6 30 3 0
214976 0 6 31 4 0
214997 0 6 31 1 0
215266 0 6 31 1 1
215358 0 6 31 3 0
215683 0 6 31 1 0
215685 1 4 31 1 0
215694 0 6 31 3 0
215765 1 3 31 3 1
215850 1 2 31 3 0
216160 1 4 31 1 0
419140 1 4 31 1 0
419462 1 2 31 3 0
419554 1 3 31 3 0
420556 1 3 31 1 1
147624 0 6 32 3 0
214969 1 4 32 0 0
215173 0 6 32 1 0
215265 1 3 32 1 0
215302 1 4 32 1 0
215435 0 6 32 1 0
216015 0 6 32 4 1
252255 1 3 32 1 0
419461 0 6 32 3 1
420264 0 6 32 2 0
420682 0 6 32 1 0
420691 1 3 32 3 0
527357 1 3 32 3 0
214586 0 6 33 0 0
214972 1 2 33 2 0
215180 1 3 33 1 0
215182 1 4 33 3 0
215222 1 4 33 1 0
215311 0 6 33 4 1
215631 1 4 33 3 0
215849 1 4 33 3 0
215923 0 6 33 1 0
419302 1 3 33 4 1
419372 0 6 33 3 0
420593 0 6 33 3 0
420703 0 6 33 1 0
7156 1 4 34 2 1
71189 0 6 34 3 0
191772 0 6 34 2 0
214748 1 3 34 1 0
215261 1 2 34 1 0
215267 0 6 34 3 0
215269 0 6 34 1 0
215332 0 6 34 0 0
215740 1 3 34 3 1
216162 1 4 34 1 0
419371 0 6 34 3 0
419553 0 6 34 3 0
147621 1 4 35 1 0
185227 0 6 35 3 1
214732 0 6 35 1 0
215524 0 6 35 1 0
215693 0 6 35 2 0
215842 1 4 35 3 0
215940 0 6 35 1 0
216195 0 6 35 1 0
303675 1 4 35 2 0
420159 1 4 35 4 1
420328 1 3 35 1 0
420555 0 6 35 1 0
420685 1 4 35 3 0
449397 1 4 35 2 0
7163 1 4 36 3 0
137828 0 6 36 3 0
210645 1 4 36 2 0
214870 1 5 36 1 0
214971 0 6 36 1 0
215221 1 4 36 1 0
142418 0 6 37 3 0
148731 0 6 37 1 0
214973 0 6 37 3 0
215133 1 5 37 1 0
215695 1 3 37 3 0
420135 1 4 37 4 1
420863 1 5 37 1 0
148114 0 6 38 1 0
215231 1 3 38 1 0
215276 0 6 38 1 0
215522 1 2 38 1 0
419936 0 6 38 3 0
420037 1 4 38 3 0
436649 0 6 38 2 0
7149 1 3 39 1 0
7158 0 6 39 0 0
58733 0 6 39 3 0
72528 1 2 39 3 0
210646 1 4 39 3 0
210647 0 6 39 3 1
215108 1 5 39 1 0
215135 0 6 39 3 0
215227 1 3 39 1 0
215268 0 6 39 3 0
419704 0 6 39 3 1
420032 1 2 39 1 0
420608 0 6 39 1 0
482953 1 3 39 3 0
84844 0 6 40 3 0
148733 0 6 40 3 0
194992 0 6 40 3 0
331988 1 3 40 3 0
420864 0 6 40 1 0
271988 1 3 41 3 0
420033 0 6 41 1 0
420046 0 6 41 3 0
7151 0 6 42 3 0
148113 0 6 42 1 0
214796 1 5 42 1 0
214811 0 6 42 1 0
214923 1 4 42 1 0
215230 0 6 42 1 0
215232 0 6 42 3 0
147607 1 3 43 0 0
215216 1 4 43 1 0
479970 0 6 43 3 0
5978 0 6 44 2 0
14032 1 4 44 4 1
148116 0 6 44 3 0
214543 1 4 44 1 0
214799 0 6 44 3 0
214919 1 3 44 2 0
214925 1 4 44 3 0
419340 0 6 44 3 0
419732 0 6 44 1 0
420345 1 2 44 1 0
436646 1 4 44 3 0
148565 0 6 45 1 0
214807 1 3 45 1 0
214924 1 2 45 3 0
215052 0 6 45 3 0
419861 1 4 45 4 1
145603 1 3 46 3 0
214800 0 6 46 3 0
214812 0 6 46 1 0
215218 0 6 46 3 0
480828 0 6 46 4 1
5976 0 6 47 1 0
147495 1 2 47 0 0
215794 1 3 47 1 0
147609 1 3 48 2 0
215319 1 4 48 3 0
145608 1 3 49 2 0
215785 0 6 49 3 0
215797 1 2 49 3 0
215896 0 6 49 1 0
216094 0 6 49 1 0
228156 0 6 49 3 1
222061 0 6 50 2 0
555425 1 4 50 3 0
215318 1 2 51 3 0
215792 0 6 51 0 0
215795 1 4 51 2 0
216095 0 6 51 2 0
229548 0 6 51 1 0
455710 1 3 51 3 0
216096 0 6 52 3 0
58057 0 6 53 3 0
554843 0 6 53 4 1
555423 1 4 53 1 0
58058 0 6 55 3 0
228913 0 6 57 1 0
58056 1 3 59 2 0
228915 1 4 61 3 0
