10705 1 4 6 3 0
14048 0 6 6 3 0
74202 1 2 6 3 0
88376 1 4 6 3 0
93452 0 6 6 1 0
127315 0 6 6 1 0
194574 1 4 6 3 0
197340 0 6 6 3 1
202348 1 4 6 1 0
216501 0 6 6 3 0
299738 1 4 6 3 1
317568 1 5 6 3 0
321482 1 3 6 3 0
350526 0 6 6 3 0
367941 0 6 6 4 1
387025 1 2 6 1 0
423867 0 6 6 3 1
460969 0 6 6 3 0
467013 0 6 6 3 0
489064 0 6 6 3 0
129471 1 3 7 3 1
197341 0 6 8 3 0
216502 0 6 8 3 0
230421 0 6 8 3 1
350527 1 3 8 3 1
387970 1 3 8 1 0
409249 1 4 8 3 1
10703 1 3 9 4 1
93451 0 6 9 0 0
93453 1 3 9 1 0
127317 1 4 9 1 0
127677 0 6 9 1 0
127715 0 6 9 1 0
134815 1 4 9 3 0
203694 0 6 9 1 0
387968 0 6 9 0 0
490648 0 6 9 4 1
127318 0 6 10 1 0
386842 0 6 10 1 0
387143 0 6 10 1 0
387969 0 6 10 1 0
409251 0 6 10 3 0
10706 0 6 11 3 0
127111 0 6 11 1 0
127316 0 6 11 1 0
127565 0 6 11 1 0
127711 1 2 11 2 0
128338 1 3 11 1 0
284524 1 3 11 3 0
350522 0 6 11 3 1
370849 1 4 11 4 0
386662 0 6 11 1 1
386988 1 4 11 1 0
387027 1 2 11 3 0
127689 1 2 12 1 0
202819 0 6 12 1 0
234765 1 3 12 3 0
284522 0 6 12 2 1
302727 1 3 12 2 0
7892 0 6 13 2 0
127319 0 6 13 1 0
127324 0 6 13 1 0
128137 1 4 13 1 0
128374 0 6 13 1 0
128477 0 6 13 3 0
370058 1 3 13 3 0
386844 0 6 13 3 1
387696 1 5 13 1 0
102658 1 4 14 3 0
127690 0 6 14 2 1
127744 0 6 14 1 0
128318 1 3 14 1 0
128801 0 6 14 4 0
387303 1 3 14 3 0
387448 1 4 14 1 0
127322 1 2 15 1 0
127681 1 3 15 1 0
128077 1 3 15 1 0
386836 1 4 15 3 0
386852 1 3 15 4 0
387699 0 6 15 3 0
388491 1 4 15 1 0
127129 0 6 16 1 0
127519 0 6 16 1 0
127682 1 3 16 3 0
128373 1 3 16 1 1
128429 1 3 16 1 0
387700 1 3 16 3 0
127131 0 6 17 3 1
127132 0 6 17 1 0
127746 0 6 17 3 0
128076 1 4 17 0 0
128151 1 3 17 1 0
128611 1 3 17 1 0
128700 1 5 17 1 0
128835 0 6 17 1 0
313846 1 4 17 1 0
386661 1 4 17 1 0
386863 0 6 17 3 0
387142 1 4 17 1 0
387449 1 3 17 3 0
387897 0 6 17 1 0
127521 0 6 18 3 0
127680 0 6 18 1 0
128319 0 6 18 1 0
128478 0 6 18 1 0
252619 1 3 18 3 0
386861 0 6 18 1 0
386943 1 2 18 1 0
387698 0 6 18 1 0
515250 1 4 18 3 0
127808 1 3 19 1 0
128078 1 3 19 1 0
128080 0 6 19 3 0
128150 0 6 19 1 0
128153 1 4 19 3 0
128315 0 6 19 1 0
128588 0 6 19 1 0
128702 0 6 19 3 0
313847 0 6 19 2 0
314526 0 6 19 1 0
386663 1 4 19 1 0
386665 0 6 19 3 0
387899 1 4 19 3 0
127170 0 6 20 1 0
127848 1 4 20 1 0
128081 0 6 20 3 0
386664 1 4 20 3 0
387145 1 3 20 2 0
128431 0 6 21 4 1
313848 0 6 21 3 0
386855 1 4 21 4 1
386859 1 3 21 1 0
515251 1 4 21 3 0
127133 0 6 22 3 0
127849 0 6 22 1 0
128079 1 3 22 1 0
128132 0 6 22 1 0
128152 0 6 22 3 0
128590 0 6 22 3 0
128836 1 3 22 1 0
314606 1 3 22 3 0
386860 0 6 22 1 0
387532 0 6 22 1 0
387898 0 6 22 2 1
388081 0 6 22 1 0
388555 0 6 22 3 0
542874 1 3 22 3 0
6000 0 6 23 3 0
127269 0 6 23 4 0
127610 0 6 23 1 0
127846 1 5 23 1 0
127847 0 6 23 1 0
128249 0 6 23 1 0
128587 0 6 23 1 0
387147 0 6 23 3 1
481683 0 6 23 3 0
387784 0 6 24 1 0
127843 0 6 25 1 0
127986 1 3 25 1 0
128369 0 6 25 2 0
313819 0 6 25 1 0
386854 1 2 25 3 0
388393 0 6 25 1 1
79865 1 4 26 3 0
127911 1 3 26 4 0
128059 0 6 26 3 0
408477 0 6 26 2 0
481679 1 4 26 3 0
132859 1 4 27 3 0
314180 0 6 27 1 0
352689 1 4 27 2 0
386618 1 3 27 1 0
387534 0 6 27 3 0
481681 0 6 27 1 0
127260 1 3 28 1 0
127334 1 2 28 1 0
127598 0 6 28 1 0
127987 0 6 28 1 0
127988 0 6 28 3 0
314460 1 3 28 1 0
388390 1 3 28 0 0
127372 1 3 29 1 0
127499 0 6 29 1 1
128244 0 6 29 1 0
314462 0 6 29 3 1
314465 1 4 29 1 0
314989 1 4 29 1 0
387783 1 3 29 1 0
387786 0 6 29 3 0
127655 1 3 30 1 0
132851 1 3 30 3 0
313817 0 6 30 1 1
314177 1 2 30 2 0
314181 0 6 30 1 0
314182 0 6 30 1 0
386548 1 3 30 1 0
386873 1 4 30 1 0
387903 1 3 30 3 0
388392 1 2 30 1 0
481682 1 4 30 1 0
12900 0 6 31 3 0
127259 1 2 31 0 0
128719 1 4 31 1 0
132857 0 6 31 1 0
309760 1 3 31 3 0
313983 1 3 31 1 0
387714 1 4 31 4 0
387860 0 6 31 3 0
387904 1 3 31 3 0
388211 0 6 31 1 0
127650 1 4 32 1 0
127985 0 6 32 1 0
132856 1 4 32 1 0
313804 0 6 32 4 1
314176 0 6 32 2 0
314184 1 3 32 1 0
314289 0 6 32 1 0
314457 1 3 32 0 0
314458 1 2 32 0 0
314754 1 3 32 1 0
386936 1 4 32 3 0
386972 1 2 32 1 0
388256 0 6 32 1 0
127342 1 4 33 1 0
127437 1 2 33 1 0
127606 0 6 33 1 1
132855 0 6 33 1 0
133196 0 6 33 3 0
313813 1 2 33 2 0
314467 0 6 33 1 0
382430 0 6 33 3 0
387684 1 4 33 1 0
387908 1 3 33 1 0
388112 1 5 33 1 0
388212 1 4 33 3 0
388258 1 3 33 1 0
388445 0 6 33 1 0
520880 0 6 33 3 0
126985 1 3 34 1 0
127171 0 6 34 1 0
127343 1 3 34 1 0
127653 0 6 34 0 0
127654 1 4 34 1 0
127783 1 4 34 1 1
128361 0 6 34 1 0
314459 0 6 34 1 0
314490 0 6 34 1 0
314882 1 4 34 1 0
314999 1 3 34 1 0
315122 1 3 34 1 1
386982 1 3 34 1 0
388314 1 3 34 1 0
102097 1 3 35 3 0
127344 1 3 35 1 0
127345 0 6 35 1 0
127438 1 2 35 1 0
132798 0 6 35 1 1
162447 0 6 35 3 0
313985 1 3 35 2 0
313986 1 3 35 3 0
314096 1 2 35 1 0
314185 0 6 35 3 0
314288 0 6 35 1 1
314466 0 6 35 1 0
387420 0 6 35 3 0
387863 1 4 35 1 0
388701 0 6 35 1 0
127439 0 6 36 1 0
133903 0 6 36 1 0
275269 0 6 36 3 0
313790 1 3 36 1 0
313996 0 6 36 1 0
314479 0 6 36 2 0
314998 1 3 36 1 0
315000 1 5 36 3 1
315127 1 3 36 1 0
387240 0 6 36 1 0
127436 0 6 37 1 0
127546 0 6 37 1 0
127550 0 6 37 1 0
127931 0 6 37 1 0
132801 1 4 37 3 0
133844 0 6 37 4 1
214848 1 3 37 3 0
275612 0 6 37 4 1
314427 0 6 37 1 0
314461 1 4 37 3 0
314492 1 2 37 3 0
387121 0 6 37 1 0
387754 1 4 37 1 0
127458 0 6 38 4 1
127662 1 3 38 3 0
127932 1 3 38 1 0
127994 0 6 38 3 1
128297 0 6 38 1 0
132913 1 3 38 3 1
166339 1 3 38 3 1
314095 0 6 38 1 0
314291 0 6 38 3 0
314464 1 2 38 1 0
315130 1 3 38 3 0
388304 0 6 38 1 0
388312 1 3 38 1 0
388724 1 3 38 1 0
126948 0 6 39 1 0
127112 1 3 39 1 0
133318 0 6 39 1 0
134271 1 5 39 1 0
226835 1 1 39 3 0
314432 0 6 39 1 0
345412 1 3 39 2 1
386981 0 6 39 0 0
387118 0 6 39 1 1
388305 0 6 39 3 0
113471 0 6 40 3 0
127980 0 6 40 1 0
128529 0 6 40 3 1
132802 0 6 40 3 0
313792 1 3 40 2 0
314436 1 4 40 1 0
314463 1 4 40 1 0
387569 0 6 40 1 0
388301 1 5 40 2 0
450417 0 6 40 3 0
502391 1 2 40 3 0
107820 0 6 41 2 0
127256 1 3 41 1 0
127404 1 3 41 1 0
127562 1 3 41 3 0
127673 0 6 41 1 0
127933 0 6 41 1 1
127934 0 6 41 1 0
127982 0 6 41 3 0
128580 1 3 41 0 0
132797 1 4 41 0 1
133081 0 6 41 1 0
134105 0 6 41 1 0
314054 1 3 41 1 0
314431 0 6 41 0 0
314678 1 3 41 4 1
314736 0 6 41 1 0
315135 0 6 41 3 0
406249 1 3 41 3 1
126922 1 4 42 1 0
127113 0 6 42 1 0
127527 0 6 42 1 0
127556 0 6 42 3 1
127617 1 2 42 1 1
127661 1 3 42 2 0
127668 0 6 42 1 1
127828 1 4 42 4 0
128625 0 6 42 1 0
128772 1 5 42 1 0
151478 1 4 42 4 1
314735 1 3 42 4 0
314793 1 2 42 1 0
352565 0 6 42 3 0
388598 0 6 42 1 0
107818 1 3 43 4 0
127110 0 6 43 1 0
127553 0 6 43 1 0
127672 0 6 43 1 0
127945 0 6 43 1 0
127974 0 6 43 4 1
128372 0 6 43 1 0
128582 0 6 43 2 0
133080 1 3 43 1 0
134270 1 4 43 0 0
314055 1 2 43 3 1
314757 1 3 43 1 0
314791 1 2 43 1 0
387123 0 6 43 3 0
127016 1 4 44 4 0
127371 1 4 44 4 0
127687 1 3 44 3 0
127898 1 2 44 3 0
127981 1 4 44 1 0
132816 0 6 44 0 0
132897 1 3 44 0 0
314076 0 6 44 2 1
316695 1 3 44 2 0
375975 0 6 44 3 0
387770 0 6 44 1 0
451096 0 6 44 3 1
126903 1 4 45 0 0
127403 1 2 45 4 1
127447 1 3 45 1 0
127620 1 3 45 3 0
127717 1 3 45 3 0
128091 0 6 45 1 0
128730 1 4 45 1 0
133354 1 3 45 1 0
387769 0 6 45 1 0
480888 1 3 45 3 0
107145 1 3 46 3 0
127106 0 6 46 1 0
127566 0 6 46 1 0
127618 0 6 46 2 1
127686 1 2 46 3 0
128098 0 6 46 1 0
128375 1 3 46 1 0
128576 1 3 46 4 1
128624 0 6 46 1 0
128818 1 3 46 3 0
132799 0 6 46 1 0
152965 0 6 46 3 0
314794 0 6 46 3 0
314795 0 6 46 3 0
375970 1 3 46 2 0
387122 0 6 46 1 0
387570 0 6 46 1 0
387768 0 6 46 1 0
127446 0 6 47 0 0
128092 0 6 47 3 0
128154 1 3 47 1 0
133446 1 4 47 3 1
133490 0 6 47 1 0
134196 1 4 47 1 0
314756 0 6 47 1 0
315019 0 6 47 3 1
331909 0 6 47 3 1
380210 1 4 47 3 0
387453 1 3 47 3 0
387772 1 4 47 3 0
127370 0 6 48 3 0
127948 0 6 48 3 0
128301 0 6 48 1 0
128360 0 6 48 3 0
128385 0 6 48 4 1
128739 0 6 48 3 0
133356 1 4 48 1 0
222472 0 6 48 3 0
239694 0 6 48 2 0
316694 0 6 48 1 0
386989 0 6 48 1 0
387753 1 2 48 3 0
516613 1 4 48 3 0
123922 0 6 49 3 0
126890 0 6 49 1 0
128090 0 6 49 1 0
128101 0 6 49 3 1
128728 0 6 49 1 0
128819 1 2 49 3 0
133355 0 6 49 1 0
133399 1 4 49 4 0
134329 1 3 49 1 0
134418 0 6 49 2 0
329788 1 2 49 2 1
387767 0 6 49 0 0
160 1 5 50 2 0
108059 1 3 50 3 0
127585 1 3 50 4 0
132870 1 3 50 1 0
133595 0 6 50 3 1
386051 1 3 50 3 0
387571 0 6 50 3 0
387875 0 6 50 1 0
516614 1 3 50 4 1
127035 0 6 51 1 0
127105 0 6 51 1 0
128731 0 6 51 3 0
133351 0 6 51 3 0
133492 0 6 51 3 0
134421 0 6 51 3 0
213460 0 6 51 3 0
264232 1 2 51 3 0
387011 1 3 51 3 0
387659 1 3 51 4 0
387771 1 4 51 2 1
161 0 6 52 3 0
127153 1 4 52 1 0
127583 0 6 52 3 0
133353 0 6 52 4 0
133489 0 6 52 1 0
133491 1 5 52 1 0
134011 0 6 52 1 0
387306 0 6 52 1 0
127227 0 6 53 0 0
130479 0 6 53 3 0
132863 0 6 53 1 0
133352 1 3 53 3 0
359550 0 6 53 3 0
386826 0 6 53 0 0
387874 0 6 53 1 0
127152 1 5 54 1 0
127203 1 3 54 1 0
132862 0 6 54 1 0
133488 0 6 54 1 0
134012 0 6 54 1 0
327811 0 6 54 3 0
329797 1 3 54 1 0
387441 0 6 54 3 0
387574 1 3 54 3 0
387672 0 6 54 1 0
61861 1 2 55 3 0
128279 0 6 55 1 0
128552 0 6 55 1 0
128651 0 6 55 1 0
132708 0 6 55 1 0
133350 0 6 55 1 0
134013 0 6 55 3 0
134066 0 6 55 1 0
329220 0 6 55 1 0
386829 1 4 55 1 0
388428 1 3 55 2 0
473968 0 6 55 2 0
28040 1 2 56 3 0
92926 0 6 56 3 0
127222 1 2 56 1 0
133838 1 2 56 1 0
134065 0 6 56 1 0
134141 0 6 56 1 0
242754 0 6 56 3 0
328855 1 3 56 4 0
329795 0 6 56 0 0
329800 1 3 56 3 0
386460 1 3 56 1 1
387416 0 6 56 1 0
387872 1 3 56 0 0
126990 1 3 57 1 0
127977 1 3 57 1 0
128650 0 6 57 1 0
132864 1 2 57 3 0
133847 1 3 57 1 0
175228 0 6 57 3 1
363333 0 6 57 3 1
71016 0 6 58 3 0
99496 0 6 58 3 0
178621 0 6 58 3 1
328926 0 6 58 1 1
329224 1 3 58 3 0
329796 1 4 58 0 0
386463 0 6 58 3 0
398563 0 6 58 3 0
556225 1 4 58 3 0
72781 0 6 59 2 0
127202 0 6 59 0 0
128106 1 3 59 3 0
128436 1 2 59 1 0
128654 0 6 59 3 1
133075 1 3 59 1 0
133271 0 6 59 1 0
133737 1 4 59 1 0
134063 0 6 59 0 0
134068 0 6 59 3 0
134338 1 3 59 3 0
145542 0 6 59 3 0
174574 0 6 59 2 0
387544 1 5 59 0 1
127551 1 3 60 1 0
128230 0 6 60 1 1
128645 1 3 60 3 0
133845 1 3 60 4 0
133848 1 4 60 1 0
134122 0 6 60 1 0
134284 0 6 60 1 0
160088 0 6 60 3 0
328856 0 6 60 4 1
386459 1 2 60 1 0
388636 0 6 60 3 1
126999 1 3 61 3 0
128653 0 6 61 3 0
132911 0 6 61 1 0
133648 0 6 61 1 0
133849 0 6 61 1 0
134150 1 4 61 3 1
329799 0 6 61 3 1
387405 0 6 61 1 0
70574 0 6 62 3 0
71013 1 4 62 4 0
127478 1 3 62 3 0
132806 0 6 62 1 1
133083 0 6 62 1 0
134285 0 6 62 2 0
71020 1 3 63 3 0
127554 0 6 63 2 0
133086 1 3 63 3 0
133176 1 3 63 1 0
134119 1 2 63 1 0
186099 1 4 63 3 0
227110 1 3 63 3 1
328924 1 5 63 0 0
419820 1 5 63 2 0
506726 1 3 63 2 0
551093 0 6 63 3 0
127552 0 6 64 1 0
132741 1 2 64 1 0
133407 0 6 64 3 0
133650 0 6 64 3 0
133966 1 4 64 1 0
134067 1 3 64 3 0
134123 0 6 64 3 0
134146 0 6 64 1 0
328928 0 6 64 3 1
128647 0 6 65 3 0
132745 0 6 65 3 1
133136 1 4 65 1 0
133177 1 3 65 3 0
134129 0 6 65 1 0
134147 1 3 65 3 1
386954 1 2 65 1 0
550754 0 6 65 1 0
134361 0 6 66 1 0
179720 0 6 66 2 0
386953 1 4 66 1 0
119367 0 6 67 3 0
133077 1 4 67 1 0
133335 1 2 67 1 0
133832 0 6 67 1 0
133843 0 6 67 4 0
134008 1 2 67 1 0
419821 1 5 67 2 0
127555 1 5 68 3 0
127582 1 3 68 1 0
132729 0 6 68 1 0
132746 0 6 68 3 0
134152 0 6 68 1 0
134473 0 6 68 1 0
386558 1 3 68 1 1
386952 1 3 68 0 0
403049 1 5 68 3 0
127500 0 6 69 2 0
133090 1 3 69 1 0
133091 0 6 69 3 1
134145 0 6 69 1 0
134359 1 3 69 0 0
386956 1 4 69 3 0
550759 0 6 69 0 0
131197 0 6 70 2 0
133076 0 6 70 1 0
133078 1 5 70 2 0
133119 0 6 70 1 0
133477 1 3 70 1 0
133602 0 6 70 1 1
134043 0 6 70 3 0
134328 1 2 70 1 0
387985 0 6 70 3 0
461591 0 6 70 2 0
71944 0 6 71 3 0
127503 1 3 71 3 0
132918 1 3 71 1 0
134325 1 3 71 0 0
127305 1 3 72 1 0
131199 0 6 72 3 0
132680 1 4 72 4 1
133337 1 4 72 1 0
133497 0 6 72 0 0
134137 0 6 72 3 0
387366 0 6 72 1 0
71943 1 4 73 3 0
127508 0 6 73 2 0
128350 0 6 73 4 1
133085 0 6 73 3 0
133604 0 6 73 3 0
133785 1 3 73 0 0
164739 1 2 73 3 1
272152 0 6 73 3 0
403047 1 2 73 1 0
461592 0 6 73 3 0
134080 0 6 74 4 0
134318 0 6 74 0 0
134326 0 6 74 0 0
134327 0 6 74 1 0
462057 0 6 74 2 0
36267 1 4 75 3 0
127304 0 6 75 1 0
132849 1 4 75 4 0
132919 0 6 75 1 0
133300 0 6 75 4 0
134217 1 4 75 0 0
134321 1 3 75 3 0
134331 1 3 75 3 0
183772 1 3 75 4 0
401777 1 2 75 1 0
402169 1 3 75 1 0
120463 0 6 76 3 1
127309 0 6 76 4 0
133603 0 6 76 1 0
326960 0 6 76 3 0
387373 1 3 76 1 0
36754 1 3 77 2 0
133667 1 2 77 3 1
133786 1 4 77 0 0
134219 1 4 77 3 0
387367 1 4 77 1 1
401518 1 3 77 1 0
539993 0 6 77 3 0
127498 1 3 78 1 0
134036 0 6 78 1 0
447524 0 6 78 3 0
36264 0 6 79 1 0
133606 0 6 79 3 0
133788 0 6 79 2 1
134320 1 4 79 3 0
134330 0 6 79 3 0
204780 0 6 79 3 0
215903 0 6 79 3 0
227274 1 3 79 3 0
402175 0 6 79 1 0
132874 1 3 80 1 0
387369 0 6 80 1 0
387372 0 6 80 1 0
388361 0 6 80 3 1
401454 1 3 80 1 0
401782 1 3 80 1 0
402178 0 6 80 3 0
100546 0 6 81 3 0
127497 0 6 81 1 0
133607 0 6 81 3 0
349073 1 4 81 3 0
401520 0 6 81 3 1
401661 1 5 81 1 0
402522 1 4 81 1 1
402841 1 2 81 1 0
36138 0 6 82 1 1
127042 0 6 82 1 0
133452 1 3 82 1 0
134726 1 2 82 3 0
387368 1 3 82 1 0
401453 0 6 82 1 0
401664 0 6 82 2 0
401991 0 6 82 1 0
402105 1 5 82 1 1
402835 0 6 82 1 0
127043 1 4 83 1 0
401717 1 3 83 1 0
402674 0 6 83 1 0
424765 0 6 83 3 0
35479 1 3 84 1 0
127041 1 4 84 1 0
132866 1 3 84 1 0
132875 0 6 84 1 0
401484 0 6 84 1 0
401784 1 3 84 3 0
402104 0 6 84 1 0
402842 0 6 84 1 0
403607 0 6 84 3 0
447521 0 6 84 1 0
34296 0 6 85 3 0
35529 0 6 85 1 0
132889 1 3 85 1 0
387374 0 6 85 3 0
387790 1 3 85 1 0
401456 1 4 85 3 0
401485 0 6 85 2 0
402833 0 6 85 3 0
402909 0 6 85 1 0
403009 1 3 85 1 0
36920 1 4 86 1 0
127070 1 4 86 1 0
133447 0 6 86 2 0
249532 0 6 86 3 0
387792 0 6 86 3 0
402080 0 6 86 1 0
35531 0 6 87 1 0
36847 0 6 87 1 0
36921 0 6 87 1 0
133876 0 6 87 4 0
135506 1 4 87 4 1
363886 0 6 87 3 0
387780 1 4 87 1 0
401458 0 6 87 1 0
402074 0 6 87 1 0
402672 0 6 87 1 0
35478 1 2 88 1 0
36168 1 2 88 1 0
127069 1 3 88 1 0
263456 1 3 88 3 0
387081 1 4 88 1 1
402079 1 3 88 1 0
402106 1 4 88 1 0
402270 0 6 88 1 1
402671 0 6 88 1 0
402908 0 6 88 1 0
404650 0 6 88 4 0
33975 1 3 89 3 0
35470 0 6 89 1 0
36226 0 6 89 1 0
36950 0 6 89 1 0
133584 0 6 89 1 0
196089 0 6 89 3 0
386834 1 3 89 1 0
394448 0 6 89 3 0
402330 0 6 89 4 0
35469 1 2 90 0 0
36137 1 4 90 1 0
36273 1 3 90 1 0
36468 0 6 90 1 0
37372 1 3 90 1 1
133870 0 6 90 4 0
260140 0 6 90 3 0
296079 1 2 90 3 0
363884 0 6 90 1 0
387782 1 2 90 3 0
387791 1 4 90 2 0
401649 1 3 90 1 0
402269 0 6 90 1 0
402675 0 6 90 3 0
402723 0 6 90 1 0
402907 0 6 90 4 0
447074 0 6 90 1 0
36376 0 6 91 1 0
36785 1 2 91 1 0
363703 0 6 91 1 0
401772 0 6 91 4 0
402059 0 6 91 1 0
402082 0 6 91 3 0
402165 0 6 91 1 0
402271 1 2 91 1 0
402676 0 6 91 3 0
35473 0 6 92 3 0
36167 0 6 92 1 0
402078 1 5 92 1 0
402103 0 6 92 1 0
33976 1 3 93 3 0
35510 0 6 93 1 0
35693 1 3 93 1 0
36377 1 2 93 1 0
37384 0 6 93 1 0
133525 1 3 93 1 0
362751 0 6 93 1 0
363714 0 6 93 3 0
363885 0 6 93 2 1
386837 1 2 93 3 1
388368 1 4 93 1 0
401767 1 4 93 1 0
402061 0 6 93 1 0
402107 0 6 93 3 0
402108 1 4 93 3 0
402224 0 6 93 3 0
402359 0 6 93 1 0
402557 0 6 93 1 0
438995 1 3 93 3 1
35627 0 6 94 1 0
35678 0 6 94 1 0
35846 1 5 94 1 0
36655 1 3 94 1 0
37217 0 6 94 1 0
37351 0 6 94 0 0
37388 0 6 94 3 0
134474 1 3 94 1 0
364978 1 4 94 3 0
401561 1 4 94 1 0
401675 0 6 94 1 0
401748 0 6 94 3 0
402052 1 4 94 1 0
35734 0 6 95 1 0
36054 0 6 95 1 0
36170 0 6 95 3 0
36225 1 4 95 1 0
36803 1 2 95 1 0
132825 1 3 95 1 0
207012 1 3 95 3 0
363882 0 6 95 0 0
401771 0 6 95 3 0
401773 0 6 95 4 1
402051 0 6 95 1 0
402164 1 4 95 0 0
402849 0 6 95 1 0
35842 0 6 96 1 0
36118 1 4 96 0 1
36357 1 3 96 1 0
36375 0 6 96 1 0
36587 1 4 96 1 0
36639 1 4 96 1 0
36696 1 4 96 1 0
36753 1 2 96 1 0
133523 1 4 96 0 1
134207 1 3 96 1 0
356838 1 4 96 3 0
363715 0 6 96 3 1
388367 1 3 96 1 0
401600 0 6 96 1 0
402101 1 3 96 0 0
402212 1 4 96 3 0
402778 1 3 96 4 0
35349 0 6 97 1 0
35957 0 6 97 1 0
36309 1 3 97 3 0
36310 0 6 97 1 0
36637 0 6 97 1 0
37251 1 3 97 1 0
133757 0 6 97 1 0
185629 1 5 97 3 0
362286 0 6 97 3 0
362753 0 6 97 3 0
362806 1 4 97 3 0
363712 1 3 97 1 0
402054 0 6 97 3 0
402062 1 2 97 3 0
402700 1 2 97 1 0
402893 1 3 97 3 0
35686 1 4 98 3 0
35761 0 6 98 3 0
35845 0 6 98 1 0
36051 0 6 98 3 0
36230 0 6 98 1 0
36422 0 6 98 1 0
36551 0 6 98 1 0
36588 0 6 98 1 1
37195 0 6 98 2 0
37385 0 6 98 1 0
69393 0 6 98 3 1
132827 1 3 98 1 1
133257 1 4 98 1 0
171744 1 3 98 3 1
401544 0 6 98 3 1
401559 1 2 98 1 0
432712 0 6 98 3 0
35685 1 5 99 3 0
35691 0 6 99 1 0
35844 1 3 99 1 0
36121 1 3 99 2 0
36228 1 2 99 3 0
36333 0 6 99 1 0
36379 0 6 99 3 0
36692 0 6 99 3 0
36881 1 5 99 1 0
37139 1 3 99 1 0
37241 0 6 99 1 0
37379 1 4 99 4 1
101625 0 6 99 3 0
133527 1 3 99 3 0
133827 1 3 99 3 0
187178 0 6 99 3 0
206550 0 6 99 3 1
271643 0 6 99 3 0
363700 0 6 99 1 0
402360 0 6 99 2 0
437601 0 6 99 3 0
35487 1 3 100 3 0
35665 0 6 100 1 0
36056 1 3 100 3 0
36483 1 3 100 1 0
36510 0 6 100 1 0
36750 0 6 100 3 0
36835 0 6 100 1 0
37070 1 3 100 2 0
101623 1 4 100 0 0
133258 0 6 100 1 0
133259 0 6 100 1 0
133261 1 4 100 3 0
133826 1 3 100 3 0
134293 0 6 100 1 0
402686 1 5 100 1 0
402963 0 6 100 1 0
403046 0 6 100 2 0
35901 1 2 101 1 0
36219 0 6 101 3 0
36308 0 6 101 2 0
36549 0 6 101 1 0
36553 1 2 101 3 1
36697 0 6 101 1 0
36986 0 6 101 1 0
37208 0 6 101 1 0
37250 0 6 101 1 0
37399 1 4 101 1 0
132749 1 4 101 4 0
132828 0 6 101 3 0
133472 1 3 101 1 0
363708 1 2 101 0 0
365160 1 4 101 1 0
401577 0 6 101 1 0
402402 0 6 101 3 0
520242 0 6 101 3 0
35698 1 4 102 2 0
35914 1 3 102 1 0
36122 0 6 102 3 0
36206 0 6 102 1 0
36414 0 6 102 2 1
36482 1 4 102 1 0
36550 0 6 102 1 0
37340 0 6 102 1 0
99881 0 6 102 3 0
132826 1 4 102 1 0
132960 0 6 102 1 0
179482 0 6 102 3 0
333970 0 6 102 3 0
363746 0 6 102 1 0
365162 0 6 102 1 0
402007 1 3 102 1 0
402962 0 6 102 1 0
403140 1 3 102 3 0
35545 0 6 103 1 0
35790 1 3 103 1 0
35928 1 4 103 3 0
35975 0 6 103 1 0
36119 0 6 103 1 1
36142 1 4 103 1 0
36196 1 4 103 1 0
36205 1 3 103 1 0
36395 1 4 103 1 0
36465 1 3 103 1 1
36485 0 6 103 3 1
36589 0 6 103 3 0
36590 1 2 103 3 0
36974 1 4 103 1 0
37021 0 6 103 1 0
37111 0 6 103 4 0
37112 0 6 103 1 1
37244 0 6 103 1 0
46400 0 6 103 4 1
51520 0 6 103 3 0
133824 0 6 103 0 0
264781 1 3 103 2 0
365163 0 6 103 1 0
401576 0 6 103 1 0
402354 0 6 103 4 1
35676 0 6 104 3 0
35687 0 6 104 0 0
35891 0 6 104 1 0
36499 1 3 104 4 1
36746 0 6 104 1 0
37072 0 6 104 0 0
37179 1 4 104 1 0
37358 0 6 104 1 0
37378 1 3 104 3 0
37400 0 6 104 1 0
50849 1 2 104 3 0
82834 0 6 104 3 0
114488 0 6 104 3 0
133675 0 6 104 1 0
334743 0 6 104 3 0
363648 1 4 104 1 0
401920 1 4 104 1 0
402006 0 6 104 1 0
35438 1 2 105 1 0
35522 1 2 105 3 0
35547 0 6 105 1 0
35690 0 6 105 1 0
35802 1 2 105 1 0
35976 0 6 105 1 0
36096 0 6 105 3 1
36227 1 4 105 1 0
36305 1 3 105 1 0
36581 0 6 105 1 0
36597 0 6 105 3 0
36769 0 6 105 1 0
133474 1 3 105 3 0
365161 1 3 105 1 0
390017 0 6 105 2 0
401640 0 6 105 1 0
402427 1 3 105 1 0
402544 0 6 105 1 0
35431 0 6 106 1 0
35572 1 3 106 4 0
35729 0 6 106 1 0
35909 1 3 106 1 0
36083 1 2 106 1 0
36183 1 3 106 1 0
36474 1 4 106 3 0
36659 1 3 106 3 0
36700 0 6 106 1 0
36868 1 1 106 1 0
36872 1 3 106 1 0
37024 1 2 106 1 0
37114 1 3 106 2 1
37401 0 6 106 1 0
47266 1 3 106 3 0
133260 1 2 106 3 0
135662 1 3 106 3 0
317011 1 3 106 3 0
334437 0 6 106 3 1
363711 1 3 106 3 0
364208 0 6 106 3 0
365159 0 6 106 1 0
379666 1 3 106 3 1
401702 1 3 106 1 0
401756 1 2 106 1 0
401925 0 6 106 1 0
402035 1 5 106 1 0
402824 0 6 106 1 0
402921 1 3 106 1 0
35386 1 2 107 1 1
35546 1 3 107 1 0
35672 0 6 107 1 0
35702 1 5 107 4 0
35715 0 6 107 1 0
35951 0 6 107 1 0
36197 1 3 107 1 0
36198 0 6 107 3 0
36214 0 6 107 1 0
36356 1 3 107 1 0
36382 1 3 107 1 0
36945 0 6 107 1 0
36955 0 6 107 1 0
37074 1 4 107 1 0
37177 0 6 107 1 0
37427 0 6 107 1 0
99880 1 4 107 2 1
231588 0 6 107 3 0
262433 0 6 107 3 0
363654 1 3 107 3 0
363889 1 4 107 1 0
364922 0 6 107 4 0
401638 0 6 107 1 0
402005 1 3 107 1 0
402550 0 6 107 3 0
402922 0 6 107 1 1
35771 1 3 108 1 0
35910 0 6 108 1 0
36208 0 6 108 3 0
36394 0 6 108 1 0
36836 0 6 108 2 0
37020 0 6 108 4 0
37075 0 6 108 3 0
37178 0 6 108 1 0
37341 1 2 108 1 0
133468 1 4 108 2 0
363365 1 3 108 1 0
364727 0 6 108 1 0
365164 0 6 108 3 0
379667 1 3 108 3 0
401572 1 4 108 1 0
401641 0 6 108 2 0
402003 0 6 108 1 0
402209 0 6 108 1 0
402239 1 5 108 1 0
554044 0 6 108 3 0
35509 0 6 109 1 0
35692 0 6 109 1 0
35725 1 3 109 1 0
35800 0 6 109 0 0
35804 0 6 109 3 0
36220 1 4 109 1 0
36372 0 6 109 0 1
36380 1 3 109 0 0
36391 0 6 109 1 0
37239 0 6 109 1 0
132850 1 2 109 3 0
133162 0 6 109 4 1
208572 0 6 109 2 0
362730 0 6 109 1 0
363362 0 6 109 3 1
401586 0 6 109 1 0
402428 1 3 109 3 0
402510 1 4 109 1 0
402547 1 3 109 1 0
402843 0 6 109 3 0
402920 1 4 109 0 0
35402 0 6 110 4 0
35670 1 4 110 1 0
35674 1 4 110 2 0
35726 1 4 110 2 0
35938 0 6 110 3 0
36069 1 4 110 1 1
36285 0 6 110 1 0
36413 1 3 110 1 0
36538 0 6 110 3 0
37181 0 6 110 3 0
37186 0 6 110 3 0
37206 0 6 110 3 0
37225 0 6 110 1 0
37397 0 6 110 3 1
37402 0 6 110 2 1
37422 1 4 110 1 1
71430 1 3 110 3 0
172903 1 3 110 2 0
208573 0 6 110 3 0
334439 0 6 110 3 0
363368 0 6 110 0 0
364071 1 3 110 1 0
364927 1 5 110 3 0
365168 1 2 110 1 0
402850 0 6 110 1 0
403121 0 6 110 1 0
409624 1 2 110 2 0
35452 1 2 111 1 0
35508 0 6 111 1 0
35673 1 4 111 1 0
35719 0 6 111 3 0
35980 1 4 111 1 0
36199 1 2 111 3 0
36381 0 6 111 0 0
36383 1 5 111 2 0
36384 0 6 111 2 0
36933 0 6 111 3 0
36949 1 2 111 1 1
37026 0 6 111 1 1
37307 1 3 111 1 0
45801 1 2 111 3 0
365079 1 4 111 1 0
401705 0 6 111 1 0
401928 0 6 111 3 0
402126 0 6 111 1 0
402210 0 6 111 1 0
409634 0 6 111 3 0
526855 0 6 111 3 0
35390 0 6 112 3 1
35589 0 6 112 1 0
35730 0 6 112 1 0
35778 0 6 112 4 1
35925 0 6 112 1 0
36070 1 4 112 1 0
36102 0 6 112 1 0
36209 1 3 112 3 1
36284 0 6 112 1 0
36415 1 4 112 3 0
133469 1 3 112 2 0
230200 1 2 112 4 0
279666 0 6 112 3 0
362734 1 4 112 3 0
363905 0 6 112 1 0
365167 0 6 112 1 0
401759 1 3 112 3 1
401981 1 5 112 1 0
402515 0 6 112 3 0
402546 0 6 112 1 0
402985 0 6 112 1 0
499971 0 6 112 3 0
35389 1 2 113 3 0
35575 1 4 113 1 0
35671 1 3 113 1 0
35701 1 3 113 3 0
36065 1 2 113 2 0
36467 1 4 113 1 1
36631 0 6 113 1 0
37332 0 6 113 3 0
37421 1 3 113 1 0
363103 1 3 113 1 0
363335 0 6 113 1 0
364490 0 6 113 1 0
402008 0 6 113 3 0
402208 0 6 113 1 1
402434 1 4 113 1 0
402511 0 6 113 1 0
409627 0 6 113 3 1
526852 1 3 113 1 0
35773 0 6 114 3 0
35982 0 6 114 4 0
36446 1 4 114 1 0
36966 0 6 114 4 0
37183 0 6 114 1 0
37405 0 6 114 3 0
339864 0 6 114 3 0
401758 0 6 114 3 1
402181 0 6 114 2 0
459873 0 6 114 3 0
5201 0 6 115 3 0
35403 0 6 115 4 0
36067 1 3 115 3 0
36071 0 6 115 3 0
36469 1 3 115 2 0
37308 0 6 115 3 0
364841 0 6 115 1 0
365169 0 6 115 3 0
401658 1 4 115 1 0
402532 1 3 115 1 0
409621 1 4 115 3 0
409625 0 6 115 2 0
499966 1 3 115 3 0
35454 0 6 116 3 0
35581 1 3 116 3 1
35586 0 6 116 3 0
35728 1 3 116 0 0
36103 0 6 116 1 0
36473 0 6 116 1 0
36804 0 6 116 1 0
36915 0 6 116 1 0
48661 0 6 116 2 0
135240 1 3 116 3 0
209875 1 2 116 3 0
362844 1 4 116 1 0
363334 0 6 116 1 0
364439 1 5 116 1 0
401980 1 2 116 1 0
402455 1 5 116 1 0
402523 0 6 116 1 0
402548 1 3 116 3 0
2246 1 4 117 2 0
29962 0 6 117 3 0
35593 1 3 117 3 0
35723 1 3 117 3 0
36688 0 6 117 1 0
161840 1 4 117 2 0
200507 1 2 117 3 0
362785 1 2 117 1 0
363330 0 6 117 0 0
364013 1 5 117 1 0
364423 1 4 117 1 0
364934 0 6 117 1 0
401979 0 6 117 1 1
402454 1 1 117 1 0
402974 1 2 117 3 0
11411 1 3 118 3 0
36420 0 6 118 1 0
36917 1 4 118 1 1
36918 1 3 118 3 0
111802 0 6 118 2 1
209106 1 3 118 3 0
255509 0 6 118 3 0
339868 0 6 118 2 0
363067 1 3 118 1 0
363486 0 6 118 1 0
364126 0 6 118 1 0
401660 0 6 118 3 0
402192 1 3 118 2 0
402214 1 1 118 3 0
402358 1 3 118 1 0
402549 1 3 118 3 0
496708 0 6 118 3 0
35722 1 4 119 2 0
36471 0 6 119 3 0
36632 0 6 119 3 0
36807 0 6 119 3 0
135030 1 3 119 4 1
210255 1 2 119 2 0
246071 0 6 119 3 0
362781 0 6 119 3 0
363285 1 3 119 1 0
364438 1 4 119 0 0
401449 0 6 119 3 0
402134 0 6 119 1 0
402531 1 4 119 1 0
409626 0 6 119 3 0
459869 1 4 119 3 0
480691 0 6 119 3 0
2247 0 6 120 3 0
2576 1 2 120 1 0
17815 1 2 120 2 0
35580 0 6 120 3 0
35724 1 2 120 3 0
36068 0 6 120 3 0
36815 0 6 120 0 0
37163 1 4 120 1 0
180628 0 6 120 3 0
210257 1 2 120 3 1
233885 0 6 120 3 0
362836 0 6 120 1 1
363061 1 3 120 3 0
363666 0 6 120 1 0
363801 0 6 120 1 0
364424 0 6 120 1 0
364935 1 3 120 2 0
401514 1 4 120 1 0
401659 0 6 120 3 1
5205 0 6 121 1 0
35590 1 4 121 1 0
35994 1 4 121 3 0
36916 0 6 121 1 0
37164 1 3 121 1 0
90107 1 3 121 3 0
118459 0 6 121 3 0
209872 1 3 121 1 0
293193 0 6 121 2 0
310766 1 3 121 3 1
363017 1 3 121 1 0
363667 1 5 121 3 0
364125 1 4 121 1 0
364721 1 3 121 1 0
364834 0 6 121 1 0
364933 0 6 121 0 0
364986 1 3 121 4 1
401982 0 6 121 3 1
402254 0 6 121 4 0
402492 1 5 121 3 0
2502 0 6 122 1 0
2577 1 4 122 1 0
36805 0 6 122 1 0
36829 0 6 122 4 0
200502 0 6 122 1 0
291441 1 5 122 2 0
362690 0 6 122 2 0
362732 1 3 122 1 0
362782 0 6 122 1 0
363218 0 6 122 1 0
363388 0 6 122 1 0
364083 0 6 122 1 0
364416 1 3 122 0 0
364429 1 3 122 3 0
364719 0 6 122 0 0
364930 0 6 122 4 0
401678 0 6 122 0 0
401822 1 3 122 1 0
401957 0 6 122 3 0
401978 0 6 122 0 0
402451 0 6 122 4 0
36132 0 6 123 1 0
37105 0 6 123 4 1
37162 1 3 123 0 0
37165 1 3 123 3 0
265782 1 5 123 3 1
363658 1 4 123 3 0
363665 1 4 123 1 0
363668 0 6 123 3 0
364128 1 4 123 3 1
364662 1 3 123 3 0
364833 0 6 123 0 0
401956 1 3 123 3 0
402440 0 6 123 1 0
2575 0 6 124 1 0
2579 0 6 124 3 0
2970 0 6 124 1 0
35591 1 3 124 1 0
36808 1 4 124 0 0
36902 0 6 124 4 0
37156 0 6 124 0 0
209873 0 6 124 1 0
209880 0 6 124 1 0
299684 1 3 124 3 1
363077 0 6 124 1 1
363345 0 6 124 1 0
363579 0 6 124 1 0
364426 0 6 124 3 0
364562 1 4 124 4 1
364644 1 3 124 1 0
364936 0 6 124 3 0
401975 0 6 124 2 0
2037 1 2 125 1 0
234330 1 4 125 2 0
268636 1 3 125 3 0
363014 1 4 125 1 0
363557 0 6 125 1 0
363803 1 4 125 1 0
364441 0 6 125 3 0
364994 0 6 125 1 0
402528 0 6 125 4 0
451967 0 6 125 2 0
2574 1 4 126 0 0
2972 0 6 126 1 0
3053 1 4 126 1 0
36903 1 3 126 4 0
66020 1 4 126 3 0
169200 1 2 126 3 0
210103 1 3 126 1 0
233892 1 3 126 3 0
297558 1 2 126 3 0
362692 1 4 126 3 0
363234 0 6 126 1 0
363519 1 3 126 1 0
363629 0 6 126 1 0
364557 0 6 126 3 0
364623 0 6 126 1 0
364802 0 6 126 1 0
364993 0 6 126 1 0
399646 1 4 126 3 0
402759 1 4 126 1 0
404822 1 3 126 3 0
547065 0 6 126 3 0
2077 1 3 127 1 0
3001 0 6 127 1 0
3338 1 4 127 1 0
35700 0 6 127 3 0
37158 0 6 127 1 0
363076 0 6 127 1 0
364334 1 3 127 1 0
364442 1 3 127 3 0
364836 0 6 127 3 0
364863 0 6 127 1 0
364998 0 6 127 1 0
365059 0 6 127 3 0
401826 1 3 127 3 0
506727 1 3 127 3 0
549652 0 6 127 2 0
2503 1 3 128 3 0
2578 1 4 128 3 0
3054 1 3 128 3 0
44934 0 6 128 2 0
152889 1 3 128 3 0
169199 0 6 128 1 0
311463 1 3 128 3 0
319569 1 3 128 3 0
363078 0 6 128 3 0
363808 1 2 128 1 0
364554 1 3 128 1 0
364865 1 3 128 2 0
364903 0 6 128 1 0
365044 0 6 128 1 0
402304 1 3 128 1 0
462111 0 6 128 3 0
2181 1 3 129 1 1
37157 1 3 129 1 0
363010 0 6 129 1 0
363561 0 6 129 3 0
363588 1 4 129 3 0
364556 1 2 129 3 0
364985 0 6 129 1 0
402302 1 4 129 0 0
456577 0 6 129 3 0
1978 0 6 130 1 0
2504 0 6 130 3 1
3052 1 4 130 0 0
3342 0 6 130 1 0
3490 0 6 130 1 0
152890 1 3 130 3 0
169205 0 6 130 3 0
172723 0 6 130 3 0
297004 1 3 130 3 0
297580 0 6 130 1 0
361992 1 4 130 2 0
362907 0 6 130 1 0
363236 1 2 130 2 0
363324 1 5 130 1 0
363523 1 5 130 1 0
363628 0 6 130 1 0
363754 1 4 130 1 0
364203 1 3 130 1 0
364336 1 4 130 3 0
364588 0 6 130 1 0
401824 0 6 130 1 0
412183 1 4 130 3 0
2182 0 6 131 3 0
2980 1 3 131 1 0
3651 1 4 131 1 0
36710 0 6 131 3 1
37160 1 2 131 3 0
92418 1 2 131 3 0
169197 0 6 131 1 0
362689 0 6 131 1 1
362961 0 6 131 3 0
363211 0 6 131 1 0
363375 1 4 131 1 0
364198 0 6 131 1 0
364624 0 6 131 1 0
364995 0 6 131 3 0
365041 1 3 131 1 0
401951 1 4 131 1 1
2500 1 3 132 1 0
3055 1 3 132 3 0
3491 1 2 132 1 1
3650 0 6 132 1 0
291788 1 2 132 3 0
297311 0 6 132 1 1
360489 0 6 132 3 0
362971 0 6 132 1 0
363080 1 4 132 3 0
363327 1 3 132 3 1
364258 1 2 132 3 0
364333 1 4 132 0 0
364587 1 3 132 1 0
365028 0 6 132 1 0
365042 0 6 132 3 0
402305 1 3 132 3 0
548259 1 4 132 3 0
2230 0 6 133 1 0
3599 0 6 133 1 0
3649 0 6 133 1 0
173625 0 6 133 3 0
215405 1 4 133 3 0
307997 1 4 133 3 0
363074 1 2 133 3 0
363325 1 4 133 1 0
363926 0 6 133 1 0
363939 1 2 133 1 0
2010 1 2 134 1 0
2124 1 4 134 1 1
2214 0 6 134 1 0
2510 0 6 134 0 0
2894 0 6 134 1 0
3331 1 3 134 1 0
3492 0 6 134 3 0
3601 1 3 134 3 0
3652 1 4 134 1 0
36709 0 6 134 1 1
57008 0 6 134 2 1
161020 0 6 134 3 1
197120 0 6 134 3 0
362968 1 2 134 2 0
362994 0 6 134 3 0
363322 1 4 134 0 0
363377 0 6 134 3 0
363546 1 2 134 1 0
364199 1 2 134 1 0
364553 0 6 134 1 0
364755 0 6 134 1 0
364899 0 6 134 1 0
402303 0 6 134 1 0
456581 1 3 134 3 0
2013 0 6 135 3 0
2232 0 6 135 3 0
2343 1 2 135 1 0
2565 0 6 135 1 0
2942 0 6 135 2 0
3238 1 3 135 1 0
48445 1 4 135 3 0
173623 1 4 135 1 0
226418 0 6 135 3 0
362733 0 6 135 1 0
362973 0 6 135 3 0
363079 0 6 135 3 0
363326 0 6 135 2 0
363871 0 6 135 0 0
363913 0 6 135 1 0
364093 1 3 135 1 0
364168 1 2 135 1 0
364626 1 3 135 3 0
364859 1 4 135 3 1
364902 0 6 135 3 1
424229 1 3 135 3 0
433555 1 4 135 1 0
476576 0 6 135 3 1
1864 1 2 136 1 0
1922 0 6 136 1 0
1937 1 5 136 1 0
1942 1 5 136 1 0
1980 1 4 136 3 0
2125 1 4 136 1 0
2183 0 6 136 3 0
2282 1 5 136 1 0
2374 1 3 136 1 0
2518 0 6 136 1 0
2551 0 6 136 1 0
2782 0 6 136 1 0
3023 0 6 136 1 0
3180 1 4 136 1 0
3583 1 4 136 1 0
98877 0 6 136 3 0
145064 0 6 136 2 1
245932 1 4 136 3 0
274578 0 6 136 2 1
362857 1 4 136 3 1
362908 1 2 136 1 0
363215 1 3 136 1 0
364945 0 6 136 1 0
1921 0 6 137 1 0
2552 0 6 137 3 0
2906 1 4 137 4 0
2914 0 6 137 1 1
2953 1 4 137 3 1
3268 0 6 137 1 0
3654 0 6 137 3 1
48444 1 4 137 3 1
161017 0 6 137 1 0
190458 0 6 137 2 0
297313 0 6 137 2 0
362740 1 5 137 4 1
363214 1 2 137 1 0
363323 0 6 137 1 0
364599 0 6 137 1 0
433554 0 6 137 1 0
1941 0 6 138 0 0
2033 1 3 138 1 0
2127 0 6 138 3 0
2275 0 6 138 1 0
2283 1 3 138 1 1
2424 0 6 138 1 0
2677 0 6 138 1 0
3017 1 2 138 1 0
3193 1 3 138 3 0
3332 0 6 138 1 0
3493 1 3 138 3 0
3582 0 6 138 1 0
36711 0 6 138 3 0
67631 1 5 138 2 1
173058 1 3 138 1 0
362818 1 3 138 3 0
363438 0 6 138 1 0
363813 1 4 138 1 0
364511 0 6 138 1 0
435956 1 3 138 3 0
1925 0 6 139 3 0
2011 0 6 139 1 0
2147 1 5 139 1 0
2207 0 6 139 1 0
2556 0 6 139 3 0
2580 1 4 139 3 1
2714 0 6 139 0 0
2847 0 6 139 3 0
3581 1 2 139 1 0
11816 0 6 139 3 0
48436 1 3 139 1 1
172499 0 6 139 1 0
173054 0 6 139 3 1
204983 0 6 139 3 0
357529 0 6 139 3 0
362969 0 6 139 3 1
363463 0 6 139 1 0
376063 1 3 139 3 1
426106 0 6 139 3 0
1874 0 6 140 3 0
2149 1 3 140 2 0
2281 0 6 140 1 0
2341 0 6 140 1 0
2344 1 2 140 3 0
2403 0 6 140 1 0
2557 0 6 140 3 1
2570 1 3 140 1 0
3018 0 6 140 1 0
3022 1 3 140 1 0
3420 0 6 140 2 0
3502 0 6 140 1 1
55336 1 3 140 3 0
133391 0 6 140 2 1
173057 0 6 140 1 0
363651 0 6 140 1 0
363684 0 6 140 2 1
363878 1 2 140 3 0
433557 0 6 140 2 0
1923 1 4 141 1 0
2221 1 2 141 1 0
2396 0 6 141 3 0
2425 0 6 141 1 0
2569 0 6 141 1 0
2781 0 6 141 1 0
2943 1 3 141 3 0
3182 0 6 141 2 1
3584 0 6 141 1 0
11813 1 3 141 0 0
36707 0 6 141 1 0
48437 0 6 141 1 0
82647 1 2 141 3 1
172066 1 4 141 1 0
172166 1 2 141 1 0
172286 0 6 141 1 0
265596 1 3 141 3 0
362739 0 6 141 4 1
363437 0 6 141 1 0
364988 1 5 141 1 0
1931 0 6 142 3 0
2280 0 6 142 1 0
2473 1 3 142 3 0
2761 1 4 142 1 0
3024 1 4 142 3 0
3181 0 6 142 2 0
3329 0 6 142 0 0
14854 0 6 142 2 0
50264 1 2 142 1 0
160677 0 6 142 3 0
172500 1 4 142 3 0
172538 1 3 142 1 0
210137 0 6 142 3 0
324370 0 6 142 3 0
346217 0 6 142 3 0
352984 1 4 142 3 0
363412 1 2 142 1 0
363465 0 6 142 1 0
364101 1 4 142 1 0
365131 0 6 142 1 0
1870 1 4 143 1 0
1904 0 6 143 1 0
1972 1 4 143 1 0
2148 1 3 143 2 0
2277 0 6 143 3 1
2333 1 4 143 4 0
2705 0 6 143 4 0
2978 0 6 143 1 0
3019 0 6 143 3 0
3333 0 6 143 3 0
11814 0 6 143 1 0
14856 1 4 143 3 1
36708 0 6 143 1 0
48442 0 6 143 1 1
49238 1 4 143 1 0
49407 1 3 143 1 0
83649 0 6 143 3 0
172539 1 3 143 1 0
173157 0 6 143 1 0
173459 0 6 143 1 0
362924 0 6 143 1 0
363464 1 5 143 1 0
364989 1 2 143 1 0
375275 1 3 143 3 0
1865 1 4 144 2 0
1927 0 6 144 1 0
2017 1 5 144 1 0
2218 0 6 144 3 0
2278 0 6 144 3 0
2284 1 3 144 3 0
2483 0 6 144 3 1
2573 0 6 144 3 0
2981 0 6 144 3 0
363419 0 6 144 1 0
364990 1 4 144 1 0
387437 1 3 144 2 0
813 1 4 145 3 0
1902 0 6 145 1 0
1929 1 3 145 1 0
1976 1 4 145 3 0
2274 1 3 145 1 0
2311 1 3 145 3 0
2402 0 6 145 1 0
2764 1 3 145 2 0
2765 0 6 145 3 0
2820 1 3 145 1 0
49409 0 6 145 3 0
49491 1 3 145 1 0
51562 0 6 145 2 0
83650 1 3 145 4 0
172354 0 6 145 1 0
172360 0 6 145 1 1
233602 0 6 145 3 0
346856 1 4 145 3 0
362895 1 4 145 1 0
364102 1 3 145 1 0
364991 1 3 145 3 0
364992 0 6 145 3 0
365110 1 3 145 1 1
365140 0 6 145 1 0
460701 1 4 145 3 1
2217 1 3 146 1 0
2480 1 5 146 1 0
2931 1 4 146 1 0
3555 1 2 146 1 0
3667 0 6 146 1 0
49236 0 6 146 1 0
49776 0 6 146 1 0
172021 1 4 146 1 0
172098 1 3 146 1 0
172164 1 3 146 0 0
172439 0 6 146 1 0
362735 1 4 146 3 0
387438 1 3 146 3 0
2231 1 2 147 3 0
2748 0 6 147 2 0
2979 1 3 147 1 0
2994 0 6 147 1 0
17180 0 6 147 3 0
49494 1 3 147 3 0
49805 0 6 147 1 0
172891 1 2 147 1 1
175634 0 6 147 2 0
274745 0 6 147 3 0
363476 1 2 147 1 0
364100 0 6 147 1 0
364683 0 6 147 1 0
364759 0 6 147 1 0
377222 0 6 147 3 0
407103 1 2 147 3 0
426239 1 2 147 3 1
460693 1 3 147 3 0
558346 1 4 147 3 0
2222 0 6 148 3 0
2317 0 6 148 4 0
2746 0 6 148 0 0
2763 0 6 148 1 0
8874 0 6 148 2 0
12488 0 6 148 1 0
48762 0 6 148 4 0
49327 0 6 148 1 0
49526 1 3 148 2 0
172540 0 6 148 1 0
172860 1 2 148 1 0
173156 1 3 148 1 0
173460 0 6 148 1 0
173666 1 4 148 1 0
232962 0 6 148 3 0
281637 0 6 148 2 0
321600 1 3 148 3 0
346851 1 3 148 3 1
505957 1 2 148 2 0
2534 0 6 149 4 1
3334 0 6 149 3 0
3574 1 3 149 1 0
49275 1 4 149 3 1
49326 1 4 149 3 0
49421 0 6 149 3 1
100399 1 3 149 3 0
139171 0 6 149 3 0
148096 1 4 149 3 0
172358 1 3 149 0 0
172440 0 6 149 1 0
173159 0 6 149 1 0
173290 0 6 149 1 0
175632 0 6 149 0 0
362897 0 6 149 3 0
364099 1 2 149 0 0
426240 0 6 149 1 0
460704 0 6 149 3 0
2318 0 6 150 4 0
172344 0 6 150 1 0
172862 0 6 150 1 0
172889 1 4 150 3 0
172894 0 6 150 3 0
173235 1 4 150 1 0
173591 1 3 150 1 0
282942 0 6 150 3 0
427779 1 3 150 1 0
483591 0 6 150 3 0
2821 0 6 151 3 0
2990 0 6 151 1 0
48421 0 6 151 1 0
49329 1 2 151 3 0
49785 0 6 151 0 0
281639 1 3 151 3 0
282952 0 6 151 3 0
363475 0 6 151 1 0
364311 0 6 151 1 0
365109 0 6 151 1 0
365112 0 6 151 2 0
483592 1 4 151 3 0
2416 0 6 152 1 0
3336 0 6 152 3 0
12446 0 6 152 1 0
49325 1 3 152 3 0
49334 1 3 152 3 0
49420 1 4 152 3 0
130635 0 6 152 3 0
139169 0 6 152 3 0
173158 0 6 152 1 0
173237 1 4 152 3 0
173665 1 3 152 1 0
346850 1 3 152 3 0
362896 0 6 152 3 0
427417 0 6 152 1 0
550838 0 6 152 3 0
2773 1 4 153 1 1
12863 1 4 153 1 1
102855 0 6 153 3 0
172864 0 6 153 3 0
172893 1 3 153 3 0
173107 0 6 153 1 0
177760 1 3 153 2 0
363902 0 6 153 1 0
426932 0 6 153 1 0
427782 0 6 153 3 0
2476 1 4 154 1 0
12027 0 6 154 1 0
49422 0 6 154 4 1
172828 0 6 154 1 0
173236 0 6 154 1 0
281633 0 6 154 4 0
333896 1 3 154 2 0
459465 0 6 154 3 1
610 1 5 155 3 1
2784 0 6 155 3 0
12559 0 6 155 1 0
175631 0 6 155 0 0
175753 0 6 155 0 0
249335 1 2 155 3 0
284503 1 3 155 3 0
2460 0 6 156 1 0
2616 1 3 156 1 0
2993 1 3 156 3 0
11038 0 6 156 3 1
11554 1 3 156 1 0
12449 0 6 156 3 0
43616 1 3 156 3 0
172343 1 3 156 1 0
172974 1 3 156 1 0
173226 0 6 156 1 0
173238 0 6 156 3 0
212324 0 6 156 3 0
346848 1 3 156 3 1
443216 1 3 156 2 0
2361 0 6 157 1 0
2776 0 6 157 3 0
12441 1 4 157 0 0
68216 0 6 157 3 0
102856 0 6 157 3 0
172827 1 5 157 0 0
176535 1 4 157 2 0
363954 0 6 157 1 0
426934 1 3 157 3 0
427781 0 6 157 3 0
493890 0 6 157 1 1
2617 1 3 158 3 0
2772 0 6 158 0 0
11654 1 3 158 1 0
12812 1 3 158 1 0
12842 0 6 158 1 0
172347 0 6 158 3 0
172930 1 5 158 1 0
190855 0 6 158 2 1
212321 0 6 158 1 0
259587 0 6 158 3 0
282976 1 2 158 3 0
2362 0 6 159 1 0
2828 1 4 159 1 1
2967 1 4 159 1 0
12378 0 6 159 4 1
173648 1 2 159 1 0
448519 1 3 159 3 0
2399 0 6 160 4 0
2736 1 3 160 4 0
11180 0 6 160 1 1
172789 0 6 160 1 0
173551 1 3 160 1 0
211324 1 4 160 4 1
249333 1 2 160 0 0
364292 1 3 160 1 0
446145 1 3 160 3 0
449910 0 6 160 4 0
493892 1 3 160 1 0
520861 0 6 160 3 1
534816 1 4 160 3 1
2968 1 4 161 3 1
11178 1 3 161 0 0
12813 1 2 161 1 0
172110 0 6 161 1 0
173194 1 2 161 1 0
173736 1 4 161 1 0
211323 0 6 161 4 0
362877 1 4 161 4 0
426936 0 6 161 3 0
427123 0 6 161 4 0
2961 0 6 162 3 0
3128 0 6 162 1 0
11672 1 2 162 1 0
12845 1 3 162 3 0
14613 1 5 162 2 1
156247 1 2 162 3 0
172830 1 3 162 3 0
172861 1 2 162 1 0
232975 1 4 162 3 0
444568 1 3 162 4 1
2829 0 6 163 1 0
11267 0 6 163 1 0
99695 0 6 163 3 0
172108 0 6 163 1 0
172788 1 2 163 1 0
446146 1 3 163 3 0
463601 1 4 163 3 1
508799 0 6 163 3 0
12164 1 4 164 2 0
12554 0 6 164 1 0
12591 1 4 164 4 0
172329 0 6 164 1 0
172429 1 2 164 1 0
173418 0 6 164 1 0
173554 1 5 164 3 1
249334 0 6 164 3 0
426933 1 4 164 1 0
444471 1 4 164 1 0
449909 0 6 164 4 0
11055 1 3 165 1 0
11266 0 6 165 3 0
11534 0 6 165 4 1
63089 0 6 165 2 0
172105 0 6 165 1 1
172328 0 6 165 1 0
172921 0 6 165 2 0
172925 1 3 165 1 0
173195 1 3 165 1 0
173552 1 4 165 1 0
173737 1 2 165 3 1
232968 1 2 165 4 0
446144 1 2 165 2 0
3606 0 6 166 3 0
11316 1 3 166 1 0
11587 1 5 166 1 0
12774 1 3 166 1 0
12839 1 4 166 0 0
63090 0 6 166 2 0
173469 1 3 166 1 0
412391 0 6 166 3 1
426931 1 3 166 1 0
2357 1 4 167 1 0
11556 0 6 167 3 1
11781 1 4 167 3 0
12162 0 6 167 3 0
172104 1 4 167 1 0
172927 1 2 167 3 0
173229 1 4 167 1 0
268245 1 2 167 2 0
426292 0 6 167 2 0
426889 1 3 167 1 0
427122 0 6 167 4 1
444476 0 6 167 3 0
1854 0 6 168 1 0
11066 0 6 168 1 0
11317 0 6 168 1 0
172831 1 4 168 1 0
173212 0 6 168 3 0
173515 1 2 168 1 0
233989 1 2 168 3 1
427370 0 6 168 1 0
444470 0 6 168 1 0
3519 0 6 169 1 0
11264 0 6 169 4 0
11646 0 6 169 1 0
11977 0 6 169 1 0
12213 1 2 169 4 0
63206 0 6 169 3 1
172374 1 2 169 1 0
172432 0 6 169 3 0
172576 1 2 169 1 0
173016 0 6 169 1 0
173345 0 6 169 1 0
173519 1 3 169 3 0
173661 0 6 169 1 0
11780 1 3 170 3 0
12779 1 4 170 3 0
172718 1 3 170 1 0
172920 0 6 170 2 0
173400 1 5 170 4 0
173471 0 6 170 3 0
173516 0 6 170 1 0
173647 1 4 170 1 0
412387 1 4 170 1 0
426703 1 3 170 1 0
426892 0 6 170 3 0
3109 0 6 171 1 0
172373 0 6 171 0 0
172430 0 6 171 1 0
173018 1 3 171 3 0
173304 1 3 171 3 0
412386 1 2 171 1 0
427010 0 6 171 3 0
3108 0 6 172 1 0
3424 1 3 172 1 0
172001 0 6 172 1 0
172488 1 5 172 1 0
172547 0 6 172 1 0
172793 0 6 172 1 0
173517 0 6 172 1 0
173646 0 6 172 0 1
1856 1 3 173 3 0
2379 0 6 173 1 0
11057 0 6 173 4 0
12780 1 3 173 3 0
173764 1 3 173 1 0
410630 1 4 173 1 1
412389 1 4 173 1 0
426875 1 2 173 4 0
172210 0 6 174 3 0
172375 0 6 174 3 0
172495 0 6 174 3 0
172579 1 3 174 3 0
173568 0 6 174 1 0
173662 0 6 174 1 0
173748 0 6 174 1 0
411707 1 4 174 1 0
412185 0 6 174 4 1
412388 0 6 174 1 0
425956 0 6 174 1 0
426704 0 6 174 1 0
3425 0 6 175 3 0
63207 0 6 175 3 0
172489 0 6 175 3 0
344207 1 3 175 2 0
422133 1 4 175 3 0
3541 0 6 176 1 0
46438 0 6 176 3 0
172548 1 1 176 3 0
173295 1 5 176 0 0
173347 1 3 176 0 0
173569 1 3 176 3 0
173649 0 6 176 2 0
410631 1 3 176 1 0
411070 1 3 176 2 0
412662 1 3 176 1 0
412716 1 4 176 1 1
172490 0 6 177 3 0
172546 1 3 177 0 0
173243 0 6 177 4 0
231386 1 3 177 4 1
411055 1 3 177 1 0
412310 0 6 177 1 0
426710 0 6 177 3 0
534013 1 3 177 2 1
173149 0 6 178 1 0
173663 1 3 178 2 0
175178 0 6 178 3 0
411397 0 6 178 1 1
411549 1 3 178 1 0
3369 1 3 179 1 0
172062 1 3 179 1 0
173245 0 6 179 2 0
173570 0 6 179 3 1
173765 0 6 179 3 0
412720 1 3 179 3 1
425955 1 2 179 1 1
426038 0 6 179 1 0
103168 0 6 180 3 0
172082 0 6 180 0 0
172397 1 3 180 0 0
173294 0 6 180 0 0
173566 1 3 180 4 0
173617 1 4 180 1 0
231385 0 6 180 3 0
410632 0 6 180 3 0
410633 0 6 180 3 0
412314 0 6 180 3 0
412532 0 6 180 1 0
425966 0 6 180 3 0
2621 1 2 181 1 0
172118 0 6 181 1 0
173296 1 3 181 1 0
426158 0 6 181 1 0
553071 0 6 181 3 0
46358 1 3 182 3 0
103802 0 6 182 1 0
356695 1 5 182 2 0
411552 0 6 182 3 1
425963 1 2 182 1 0
2619 0 6 183 1 0
172084 0 6 183 3 0
172322 0 6 183 1 0
173435 0 6 183 1 0
411396 0 6 183 0 0
425967 1 5 183 3 0
532229 0 6 183 3 0
172085 0 6 184 3 1
411356 1 4 184 0 0
412411 0 6 184 3 0
2620 1 5 185 1 0
103167 1 3 185 3 0
381340 0 6 185 3 0
411811 1 4 185 3 0
412313 1 3 185 3 0
412718 0 6 185 1 0
425961 0 6 185 3 0
2625 0 6 186 1 0
2991 0 6 186 1 0
103810 0 6 186 3 0
121198 0 6 186 3 0
173794 1 3 186 1 0
411229 0 6 186 1 0
46357 1 3 187 3 0
102444 0 6 187 3 0
426641 0 6 187 1 0
427011 0 6 187 1 1
473480 1 2 187 3 1
173436 0 6 188 1 0
281009 0 6 188 3 0
411814 0 6 188 3 1
478578 0 6 188 2 1
2624 1 4 189 1 0
103801 0 6 189 1 1
198228 0 6 189 3 0
426643 0 6 189 1 0
426768 1 4 189 3 0
121137 0 6 190 2 0
411709 0 6 190 3 0
411810 1 3 190 3 0
426422 1 3 190 1 0
103128 1 4 191 4 0
103235 0 6 191 1 0
133983 0 6 191 3 0
173795 0 6 191 1 0
377185 0 6 191 3 0
426645 0 6 191 3 1
478585 1 3 191 2 0
2626 0 6 192 3 0
3629 0 6 192 1 0
39845 1 4 192 2 0
102446 0 6 192 3 0
172308 0 6 192 1 0
378851 1 3 192 3 1
426640 0 6 192 1 0
557251 0 6 192 3 1
2618 0 6 193 3 0
3632 1 3 193 3 0
102149 0 6 193 4 0
172309 0 6 193 3 0
427458 0 6 193 1 1
478813 0 6 193 2 0
103236 0 6 194 1 0
378519 1 5 194 3 0
426420 0 6 194 0 0
426642 1 3 194 1 0
2627 0 6 195 3 0
41204 1 3 195 3 0
59085 0 6 195 3 0
133981 1 3 195 1 0
172306 1 4 195 1 0
378523 0 6 195 4 1
427661 1 4 195 2 0
438694 1 2 195 3 0
478586 1 4 195 3 0
3630 0 6 196 1 0
120252 1 4 196 3 1
172297 0 6 196 1 0
172320 0 6 196 4 0
42395 0 6 197 3 1
46618 0 6 197 3 1
135585 1 3 197 2 0
556295 1 2 197 2 0
3075 0 6 198 3 0
162398 1 2 198 3 0
172305 0 6 198 0 0
172307 0 6 198 1 0
427325 1 3 198 1 0
427452 1 5 198 1 0
427659 1 3 198 2 0
2475 1 3 199 1 0
41205 1 3 199 3 0
103376 0 6 199 1 1
172810 0 6 199 4 0
427324 0 6 199 0 0
550222 0 6 199 2 0
104097 1 5 200 1 0
120248 0 6 200 0 0
172296 0 6 200 1 0
172299 0 6 200 3 0
199185 1 3 200 2 0
326426 0 6 200 2 0
3074 0 6 201 1 0
2477 1 4 202 3 1
2478 1 3 202 3 0
3628 0 6 202 1 0
46617 0 6 202 2 0
104092 0 6 202 0 0
172295 0 6 202 1 0
3282 0 6 203 1 0
102398 0 6 203 1 0
120249 1 4 203 1 0
172294 0 6 203 0 0
427766 1 3 203 4 0
3627 0 6 204 3 0
46615 0 6 204 0 0
46616 1 5 205 0 0
82587 0 6 205 3 0
120821 0 6 205 1 0
102399 1 4 206 2 1
173360 0 6 206 4 1
375502 0 6 208 2 0
401840 1 3 209 3 0
335499 0 6 210 3 0
401837 0 6 213 1 0
402411 0 6 213 4 0
336677 1 3 214 2 1
