147623 0 3 5 3
147626 0 3 5 3
478643 0 3 5 1
478645 0 3 5 1
277066 0 4 5 4
457048 0 4 5 3
34701 1 6 5 1
333113 0 6 5 1
478644 1 6 5 1
478646 1 6 5 1
477443 1 7 5 1
477444 1 7 5 1
33515 0 8 5 1
537682 0 9 5 1
34698 0 10 5 3
34701 0 10 5 3
34858 0 10 5 3
34532 0 11 5 3
263972 0 11 5 2
263973 0 11 5 2
263978 0 11 5 2
34409 1 12 5 1
478140 0 12 5 0
478141 0 12 5 0
333429 0 13 5 1
333428 0 13 5 3
33516 1 14 5 1
33518 1 14 5 1
34410 0 16 5 1
34412 0 16 5 1
34786 1 16 5 1
34802 0 16 5 0
34803 0 16 5 0
275133 0 16 5 3
275134 0 16 5 3
34132 0 17 5 1
227883 0 17 5 1
331822 0 17 5 3
331823 0 17 5 3
332238 0 18 5 2
34521 0 19 5 2
229577 0 19 5 1
458897 0 19 5 1
458898 0 19 5 1
478225 0 19 5 1
482683 0 19 5 3
35009 1 20 5 1
35012 1 20 5 1
35315 0 20 5 1
34524 0 21 5 1
34520 1 21 5 3
35287 1 21 5 1
35290 1 21 5 1
35303 0 21 5 3
367987 1 21 5 1
367989 1 21 5 1
331880 0 22 5 1
367986 0 22 5 3
367990 0 22 5 3
33781 0 23 5 1
33779 0 23 5 3
459033 0 23 5 1
459034 0 23 5 1
35234 1 25 5 0
458813 0 25 5 1
458816 0 25 5 1
34572 0 26 5 1
458108 0 26 5 1
34832 0 27 5 1
119352 0 27 5 3
29549 0 28 5 2
35000 0 29 5 0
35001 0 29 5 0
34209 0 30 5 1
34210 0 30 5 1
34212 0 30 5 1
34213 0 30 5 1
35081 0 30 5 1
457288 1 30 5 1
457289 1 30 5 1
33948 0 31 5 1
33952 0 31 5 1
33953 0 31 5 1
34044 1 31 5 1
34045 1 31 5 1
34050 0 31 5 1
34661 0 31 5 3
457544 1 31 5 1
457547 1 31 5 1
457550 1 31 5 1
33937 0 32 5 3
34635 0 32 5 1
34637 0 32 5 1
34638 0 32 5 1
35122 0 32 5 1
34398 0 33 5 3
34608 0 33 5 4
34947 0 33 5 1
33874 0 34 5 1
35079 0 34 5 1
35082 0 34 5 1
34208 0 35 5 3
34211 0 35 5 3
35082 0 35 5 0
35084 0 35 5 0
365104 0 35 5 3
33873 0 36 5 3
34039 0 37 5 3
34942 0 37 5 3
35118 0 37 5 3
34211 0 39 5 2
80673 0 39 5 3
80674 0 39 5 3
34038 0 40 5 1
34040 0 40 5 1
198976 0 42 5 4
34624 0 43 5 1
495897 0 43 5 1
495900 0 43 5 1
33618 0 44 5 1
33562 0 46 5 1
33777 1 46 5 1
34081 1 46 5 1
34470 0 47 5 1
34552 0 48 5 1
34553 0 48 5 1
34554 0 48 5 1
34555 0 48 5 1
34556 0 48 5 1
34654 0 50 5 1
34656 0 50 5 1
82580 0 52 5 2
34143 0 53 5 1
34657 0 54 5 1
34656 0 54 5 1
33702 1 55 5 1
35205 1 59 5 1
35203 1 60 5 3
35204 0 65 5 1
34224 1 68 5 1
33810 0 69 5 1
34948 0 70 5 1
34949 0 70 5 1
33965 0 71 5 1
516387 0 74 5 3
33596 0 80 5 2
172096 0 80 5 1
172100 0 80 5 1
119529 0 84 5 3
172596 0 84 5 1
172597 0 84 5 1
172598 0 84 5 1
172096 1 86 5 2
172100 1 86 5 2
173297 0 87 9 1
125396 0 91 5 1
125397 0 91 5 1
173295 1 91 5 3
124975 1 92 5 1
172935 0 92 5 1
125928 0 93 5 1
172182 0 94 5 1
252651 0 95 5 3
125367 0 96 5 1
125368 0 96 5 1
124976 0 98 5 3
172827 1 98 5 1
172091 0 99 5 1
172092 0 99 5 1
172137 1 99 5 1
172378 0 99 5 1
172714 1 100 5 1
172504 0 101 5 1
172505 0 101 5 1
173261 0 101 5 1
173411 0 101 5 1
173412 0 101 5 1
125024 0 102 5 1
171999 0 102 5 0
172000 0 102 5 0
172001 0 102 5 0
173411 0 102 5 1
172506 0 103 5 1
173717 0 103 5 3
173410 0 104 5 3
173411 0 104 5 3
173647 0 104 5 4
124902 1 105 5 1
124903 1 105 5 1
124904 1 105 5 1
171998 0 105 5 2
172000 0 105 5 2
126598 1 106 5 1
125368 1 107 5 1
125689 0 107 5 1
172819 1 107 5 0
172820 1 107 5 0
172821 1 107 5 0
173410 0 107 5 1
173415 0 107 5 1
124948 0 109 5 1
125600 0 109 5 1
125601 0 109 5 1
125602 0 109 5 1
125598 0 109 5 2
125602 0 109 5 2
124899 1 110 5 0
124900 1 110 5 0
124902 1 110 5 0
124904 1 110 5 0
125634 0 111 5 1
124897 0 112 5 3
532112 1 113 5 1
532188 0 114 5 1
532191 0 114 5 1
531949 0 115 5 1
531950 0 115 5 1
125545 0 116 5 3
125633 0 116 5 2
126599 0 116 5 3
126350 0 118 5 1
157931 1 118 5 3
531943 0 118 5 3
531944 0 118 5 3
533117 0 119 5 1
125423 0 120 5 1
126351 0 122 5 1
532959 0 122 5 1
532961 0 122 5 1
533127 0 123 5 1
127185 0 124 5 4
533374 0 124 5 3
533376 0 124 5 3
126357 0 125 5 3
125299 0 126 5 3
125256 1 127 5 1
125893 0 127 5 3
533050 1 127 5 1
125958 0 128 5 1
125959 0 128 5 1
125960 0 128 5 1
114276 1 129 5 0
114277 1 129 5 0
114279 1 129 5 0
114281 1 129 5 0
531993 0 129 5 1
125376 0 130 5 3
125968 1 131 5 1
126222 0 131 5 1
531928 0 131 5 1
126158 0 132 5 1
531372 1 134 5 1
531373 1 134 5 1
531925 0 134 5 1
531926 0 134 5 1
125015 0 135 5 3
125016 0 135 5 3
125018 0 135 5 3
531924 0 135 5 1
531925 0 135 5 1
531928 0 135 5 1
106009 1 136 5 1
106010 1 136 5 1
125366 0 136 5 1
126371 0 137 5 1
531375 0 137 5 1
125152 0 138 5 1
126419 0 138 5 1
126774 0 138 5 1
126775 0 138 5 1
124922 0 139 5 3
125896 1 139 5 1
532773 0 139 5 1
532775 0 139 5 1
125880 1 140 5 4
126125 0 140 5 1
126129 0 140 5 1
126130 0 140 5 1
125951 0 141 5 4
126322 0 141 5 3
126440 0 142 5 1
126444 0 142 5 1
126445 0 142 5 1
532774 0 142 5 1
532775 0 142 5 1
106008 0 143 5 1
106009 0 143 5 1
106010 0 143 5 1
125532 0 143 5 1
125824 0 143 5 1
125825 0 143 5 1
532875 0 143 5 1
532877 0 143 5 1
125089 1 144 5 3
125090 1 144 5 3
126670 0 144 5 3
496340 0 144 5 3
104425 0 145 5 1
126371 0 145 5 3
126804 0 145 5 1
532876 0 145 5 3
532877 0 145 5 3
125037 0 146 5 1
125558 0 146 5 3
126126 0 146 5 1
126127 0 146 5 1
126129 0 146 5 1
126124 1 146 5 1
531683 0 146 5 3
532579 0 146 5 1
496340 1 147 5 3
531680 0 147 5 3
104691 0 148 5 1
105838 1 148 5 1
105841 1 148 5 1
125692 0 148 5 1
181758 0 148 5 3
125036 0 149 5 2
125039 0 149 5 2
213689 0 149 5 1
532637 0 149 5 1
532638 0 149 5 1
39402 0 150 5 3
39403 0 150 5 3
125037 0 150 5 3
126129 1 150 5 1
126361 0 150 5 1
126495 0 150 5 0
126496 0 150 5 0
531514 0 150 5 3
125002 1 151 5 1
125761 0 151 5 1
125767 0 151 5 1
532132 0 151 5 1
105052 0 152 5 1
105054 0 152 5 1
105052 0 152 5 3
146010 1 152 5 3
146011 1 152 5 3
146013 1 152 5 3
531425 0 152 5 3
129729 0 153 5 3
182549 0 153 5 1
182551 0 153 5 1
38899 0 155 5 3
105493 0 155 5 1
213383 0 155 5 3
213384 0 155 5 3
213385 0 155 5 3
39405 1 156 5 0
104955 1 157 5 3
105575 0 157 5 3
105578 0 157 5 3
104619 0 158 5 1
104620 0 158 5 1
104623 0 158 5 1
236887 0 158 5 2
533111 0 161 5 1
213386 1 163 5 1
104494 0 165 5 1
533108 0 165 5 1
533199 0 165 5 1
533201 0 165 5 1
533108 1 168 5 3
533110 1 168 5 3
104319 0 169 5 4
532674 0 172 5 3
532681 0 188 5 3
154502 0 192 5 3
64377 0 199 5 1
64378 0 199 5 1
150194 1 199 5 4
65067 0 200 5 1
384847 1 203 5 3
64961 0 206 5 1
64781 0 207 5 1
64782 0 207 5 1
64783 0 207 5 1
64782 1 207 5 1
63276 0 208 5 3
368876 0 208 5 1
64599 0 209 5 4
64643 0 209 5 1
64644 0 209 5 1
64748 0 210 5 3
64749 0 210 5 3
368872 0 210 5 0
368873 0 210 5 0
368875 0 210 5 0
63612 0 214 5 1
64645 0 214 5 1
64646 0 214 5 1
368317 0 215 9 1
367193 0 219 5 3
368135 0 222 5 1
368436 0 222 5 1
368792 1 223 5 1
367235 1 224 5 1
367237 1 224 5 1
368510 0 225 5 1
368511 0 225 5 1
367906 0 227 5 0
367585 0 228 5 1
367586 0 228 5 1
367907 1 228 5 3
367908 1 228 5 3
502385 0 228 5 2
367560 0 229 5 1
367938 0 231 5 1
368738 0 232 5 1
368975 0 233 5 1
368976 0 233 5 1
368977 0 233 5 1
368350 0 235 5 1
368373 0 235 5 1
368697 0 235 5 1
368742 0 235 5 1
368265 0 236 5 0
368350 1 236 5 2
368356 1 236 5 2
368737 1 236 5 3
368738 1 236 5 3
368740 1 236 5 3
368743 1 236 5 3
11765 1 237 5 3
55119 0 237 5 3
367298 0 237 5 3
367300 0 237 5 3
367569 1 237 5 1
367571 1 237 5 1
367643 1 238 5 3
368907 1 238 5 1
368909 1 238 5 1
368973 1 238 5 1
368974 1 238 5 1
368976 1 238 5 1
368913 0 239 5 0
311316 1 240 5 3
311317 1 240 5 3
367156 1 240 5 0
367747 1 240 5 1
367216 0 241 5 3
368412 0 241 5 1
368738 0 241 5 1
369012 0 241 5 1
368265 1 242 5 3
368352 0 242 5 1
368593 0 242 5 1
368594 0 242 5 1
368912 0 242 5 0
349318 0 243 5 3
368419 0 243 5 1
368420 0 243 5 1
368421 0 243 5 1
368855 0 243 5 1
230856 0 244 5 3
368412 0 244 5 3
368500 0 244 5 1
368504 0 244 5 1
368500 0 245 5 1
368503 0 245 5 1
368504 0 245 5 1
368505 0 245 5 1
230858 0 246 5 1
349317 0 247 5 4
367994 0 247 5 1
367995 0 247 5 1
367998 0 247 5 1
368054 0 247 5 1
358061 0 250 5 3
358049 0 251 5 1
359006 0 251 5 1
359009 0 251 5 1
367475 0 251 5 1
367702 0 251 5 2
368053 0 251 5 0
368058 0 251 5 0
368884 0 252 5 3
359136 1 253 5 1
359138 1 253 5 1
359139 1 253 5 1
359214 1 253 5 1
367225 0 253 5 3
368269 0 253 5 3
163027 0 254 5 3
163029 0 254 5 3
358427 0 254 5 3
358430 0 254 5 3
359199 0 254 5 1
288234 0 255 5 3
358254 0 255 5 3
358258 0 255 5 3
367667 0 255 5 1
359644 0 256 5 1
358257 0 257 5 1
358254 0 257 5 3
358255 0 257 5 3
366451 0 257 5 1
163781 0 258 5 3
163786 0 258 5 3
358783 0 258 5 1
358787 0 258 5 1
368619 0 258 5 1
304585 0 259 5 3
358680 1 259 5 3
368783 1 259 5 1
368786 1 259 5 1
36024 0 261 5 3
36025 0 261 5 3
358401 0 261 5 1
358714 0 261 5 1
358785 0 261 5 3
359514 0 261 5 1
368449 0 262 5 1
368451 0 262 5 1
368452 0 262 5 1
368455 0 262 5 1
367643 0 263 5 3
367646 0 263 5 3
304585 0 264 5 1
304587 0 264 5 1
358618 0 264 5 1
358688 0 264 5 1
358692 0 264 5 1
358780 0 264 5 2
359119 0 264 5 3
359386 0 264 5 3
359609 0 264 5 1
359611 0 264 5 1
368074 0 264 5 3
368076 0 264 5 3
359101 0 265 5 1
359103 0 265 5 1
368270 0 265 5 1
382446 0 265 5 3
358299 0 266 5 3
359420 0 266 5 1
359100 0 267 5 1
359103 0 267 5 1
358560 0 268 5 1
358572 0 268 5 1
368463 0 268 5 1
368464 0 268 5 1
368466 0 268 5 1
368695 1 268 5 1
368700 1 268 5 1
265528 0 269 5 3
265530 0 269 5 3
265531 0 269 5 3
265532 0 269 5 3
358402 0 269 5 0
358403 0 269 5 0
358404 0 269 5 0
359067 0 269 5 0
359070 0 269 5 0
359348 0 269 5 1
359349 0 269 5 1
368719 0 269 5 1
358674 0 270 5 1
358675 0 270 5 1
358676 0 270 5 1
358857 0 270 5 1
358859 0 270 5 1
367268 0 270 5 1
61028 0 271 5 3
358688 1 271 5 3
359255 0 271 5 1
359346 0 271 5 3
10059 0 272 5 3
358061 0 272 5 1
368044 0 272 5 1
358476 0 273 5 1
358477 0 273 5 1
359350 0 273 5 1
359351 0 273 5 1
359681 0 273 5 3
363656 0 273 5 2
268395 0 274 5 3
358194 0 274 5 1
358281 1 274 5 1
461155 0 274 5 2
368632 0 275 5 3
368633 0 275 5 3
358584 0 276 5 2
358740 0 276 5 1
358741 0 276 5 1
358742 0 276 5 1
359293 1 276 5 1
367799 0 276 5 1
368625 0 276 5 2
368627 0 276 5 2
248956 0 277 5 3
359270 0 277 5 1
359533 0 277 5 3
358926 0 278 5 1
358929 0 278 5 1
358982 0 278 5 1
359156 0 278 5 1
359245 0 278 5 2
359449 1 278 5 1
61377 0 279 5 2
247303 1 279 5 3
247305 1 279 5 3
358281 0 279 5 3
359535 0 279 5 2
359537 0 279 5 2
358208 1 280 5 1
358209 1 280 5 1
358211 1 280 5 1
358715 0 280 5 1
359074 0 280 5 1
359077 0 280 5 1
358634 1 281 5 1
358637 1 281 5 1
359558 0 281 5 3
359561 0 281 5 3
358929 0 282 5 1
359338 0 282 5 1
460111 0 282 5 1
359649 0 283 5 3
359557 0 284 5 3
359648 0 284 5 3
359650 0 284 5 3
524203 0 284 5 3
359130 0 285 5 4
459238 0 286 5 1
460082 0 287 5 3
460626 0 287 5 3
460627 0 287 5 3
459554 1 288 5 1
459555 1 288 5 1
460767 0 288 5 1
460770 0 288 5 1
359167 1 289 5 0
359170 1 289 5 0
444175 0 289 5 3
524203 1 289 5 1
524204 1 289 5 1
137562 0 292 5 3
358564 0 292 5 3
358567 0 292 5 3
460113 0 292 5 3
460114 0 292 5 3
460455 0 292 5 0
460457 0 292 5 0
460576 0 292 5 1
358545 0 294 5 1
358547 0 294 5 1
112998 0 295 5 2
460391 0 295 5 1
460565 0 295 5 1
460566 0 295 5 1
460575 0 295 5 3
358764 1 296 5 1
358769 1 296 5 1
359267 0 297 5 2
359259 0 298 5 3
460542 0 298 5 1
358769 0 299 5 3
359732 0 300 5 1
460392 0 300 5 1
460110 0 301 5 1
500127 0 301 5 3
460201 0 302 5 1
460208 0 302 5 1
460209 0 302 5 1
460211 0 302 5 1
460212 0 302 5 1
459340 1 303 5 1
459345 1 303 5 1
460866 0 303 5 1
460867 0 303 5 1
460207 0 304 5 0
460209 0 304 5 0
460506 0 304 5 1
460507 0 304 5 1
461087 0 304 5 1
461088 0 304 5 1
358648 0 305 5 1
358652 0 305 5 1
459958 1 305 5 3
459959 1 305 5 3
459961 1 305 5 3
460768 0 305 5 1
460770 0 305 5 1
51778 1 306 5 3
358652 1 306 5 1
358655 0 306 5 3
459871 0 306 5 3
459872 0 306 5 3
459874 0 306 5 3
460480 1 306 5 1
358360 0 307 5 3
358362 0 307 5 3
460476 0 307 5 3
460479 0 307 5 3
460945 0 307 5 1
460947 0 307 5 1
460207 0 308 5 1
460211 0 308 5 1
460212 0 308 5 1
460213 0 308 5 1
460532 0 308 5 1
460766 1 308 5 1
460769 1 308 5 1
460770 1 308 5 1
113505 0 309 5 3
438485 0 309 5 3
459912 1 312 5 3
198654 0 313 5 2
460412 0 313 5 1
481319 0 318 5 1
481320 0 318 5 1
482382 1 319 5 1
482232 0 324 5 1
482233 0 324 5 1
481055 0 326 5 1
482027 0 326 5 3
482097 0 327 5 1
482099 0 327 5 1
482100 0 327 5 1
482703 1 327 5 1
482704 1 327 5 1
482707 1 327 5 1
275991 0 328 5 3
275993 0 328 5 3
275994 0 328 5 3
482103 0 329 5 1
482622 0 329 5 1
482703 1 329 5 0
482705 1 329 5 0
482105 0 331 5 3
482621 0 331 5 1
482622 0 331 5 1
482097 0 332 5 3
482099 0 332 5 3
482100 0 332 5 3
275993 1 333 5 1
209203 0 336 5 2
209201 0 336 5 2
11813 0 341 5 3
133194 0 347 5 1
133196 0 347 5 1
