5882 0 6 6 3 1
49186 1 2 6 3 0
114826 1 3 6 0 0
133738 0 6 6 3 0
189712 1 3 6 4 0
223274 1 2 6 1 0
252671 1 4 6 3 0
290155 0 6 6 3 0
342984 0 6 6 3 0
376202 1 5 6 2 1
387689 1 3 6 4 0
419736 0 6 6 4 0
431278 0 6 6 3 1
439280 0 6 6 3 0
451137 1 5 6 1 0
458382 0 6 6 1 0
459233 1 3 6 4 1
473573 0 6 6 4 1
492557 0 6 6 3 0
222932 1 4 7 1 0
223044 0 6 7 1 0
431277 0 6 7 1 1
113510 0 6 8 0 0
223275 0 6 8 3 0
439270 1 3 8 3 0
458381 0 6 8 1 0
114053 1 3 9 0 0
210361 1 4 9 3 0
222645 0 6 9 1 1
223493 1 3 9 1 0
49184 0 6 10 0 0
201031 1 3 10 3 1
223273 0 6 10 1 0
223531 0 6 10 1 0
402058 0 6 10 2 0
431279 1 3 10 3 0
222933 0 6 11 1 1
223494 0 6 11 1 0
439936 0 6 11 4 1
458385 0 6 11 2 0
517849 0 6 11 3 0
49183 1 3 12 0 0
115025 1 3 12 4 1
222295 0 6 12 1 0
222646 0 6 12 1 0
457558 1 3 12 1 0
49289 1 3 13 3 0
114056 0 6 13 1 0
221507 0 6 13 3 1
223532 1 3 13 1 0
50149 0 6 14 4 1
195103 0 6 14 2 0
246461 0 6 14 3 0
328787 1 4 14 3 1
451911 0 6 14 3 0
506619 0 6 14 3 0
114054 0 6 15 1 0
222775 0 6 15 1 0
222867 1 3 15 1 0
328791 0 6 15 3 0
49208 0 6 16 0 0
114057 0 6 16 3 0
223533 1 3 16 3 0
135361 1 3 17 3 0
221504 1 5 17 0 0
221611 1 3 17 1 0
221784 0 6 17 1 0
222644 1 4 17 1 0
222919 1 3 17 1 0
309801 1 4 17 2 0
390648 1 3 17 3 0
195102 1 3 18 0 0
222647 0 6 18 1 0
370447 0 6 18 4 1
505277 1 3 18 2 0
135360 1 2 19 2 0
221741 0 6 19 1 0
222077 1 2 19 1 0
222668 1 3 19 1 0
223173 1 3 19 1 0
162234 1 4 20 4 1
222080 1 3 20 3 0
40461 0 6 21 3 0
49213 1 2 21 3 0
195101 0 6 21 0 0
221739 0 6 21 0 0
222762 1 5 21 1 0
223282 1 2 21 1 0
506413 1 4 21 3 0
221743 1 4 22 1 0
222857 0 6 22 2 0
222864 0 6 22 4 0
7756 0 6 23 3 0
74875 1 4 23 2 0
221742 1 3 23 1 0
222880 0 6 23 1 0
223336 0 6 23 1 0
221740 0 6 24 1 1
222740 0 6 24 4 0
222765 0 6 24 3 0
223288 1 2 24 1 0
223459 0 6 24 3 0
506415 0 6 24 3 1
221745 1 4 25 3 0
222863 0 6 25 4 0
222884 1 3 25 3 1
223281 0 6 25 1 0
223283 0 6 25 2 1
223426 0 6 25 2 0
15950 1 3 26 3 0
49211 0 6 26 1 0
221592 1 4 26 1 0
222421 1 3 26 3 1
222729 1 3 26 2 0
222730 0 6 26 1 0
223285 0 6 26 3 0
222290 1 3 27 2 0
223069 1 3 27 4 0
223289 0 6 27 2 0
223291 1 4 27 2 0
387114 1 3 27 4 0
222761 0 6 28 1 0
322780 0 6 28 3 0
438926 0 6 28 2 0
97575 1 3 29 3 1
221821 0 6 29 1 0
222270 1 3 29 1 0
222883 0 6 29 3 1
323543 0 6 29 3 0
379808 1 3 29 3 0
221572 1 4 30 1 0
379492 0 6 30 4 0
322650 1 2 31 2 0
223218 0 6 32 1 0
118132 1 3 33 3 0
331752 0 6 33 3 0
221575 1 2 34 3 0
223387 0 6 34 1 0
322867 0 6 34 3 0
469475 0 6 34 3 0
223220 1 3 35 3 0
331751 0 6 35 1 0
118131 0 6 36 3 0
223219 0 6 36 1 0
57868 0 6 37 3 0
221863 0 6 37 1 0
223384 0 6 37 1 0
331750 1 3 38 1 0
223600 1 2 39 1 0
331767 0 6 39 1 0
221615 0 6 40 1 0
221582 0 6 41 1 0
221864 1 2 41 1 0
221950 1 5 41 1 0
222332 1 4 41 4 0
223217 0 6 41 0 0
223386 0 6 41 1 0
331765 1 4 41 1 0
222115 1 2 42 1 1
222121 1 4 42 1 0
331766 0 6 42 1 0
332779 1 3 42 1 0
332872 0 6 42 1 0
222119 1 3 44 3 0
222370 0 6 44 1 0
223389 0 6 44 3 0
331773 0 6 44 4 1
222117 1 4 45 2 0
222122 1 4 45 1 0
222372 0 6 45 3 0
222587 0 6 45 1 0
222719 0 6 45 1 0
332875 0 6 45 3 0
332895 0 6 45 3 0
222294 0 6 46 1 0
331771 1 2 46 3 1
331864 0 6 46 1 0
332925 1 2 46 1 0
222124 0 6 47 3 0
222369 0 6 47 1 1
94837 0 6 48 3 1
203600 1 4 48 2 0
223385 0 6 48 1 0
223399 1 4 48 3 1
265004 0 6 48 3 0
222123 0 6 49 1 0
222715 1 4 49 3 0
223388 0 6 50 3 0
43160 0 6 51 3 1
222125 0 6 51 3 0
222028 0 6 52 3 1
222371 1 3 52 3 0
519381 1 4 52 3 0
222720 0 6 53 3 1
