23020 9
390030 9
464577 9
478002 12
163600 13
536438 13
347344 14
347345 14
347348 14
347349 14
390033 14
347441 16
347445 16
347467 17
367798 17
367800 17
346573 18
347442 18
347444 18
537316 18
559001 18
347501 19
367850 19
367853 19
459527 19
477573 19
346551 20
346901 20
460219 21
347996 22
368200 22
477572 22
536196 22
536199 22
256459 23
347331 23
368484 23
368485 23
347500 24
347503 24
347504 24
347621 24
477775 24
477777 24
346451 25
346452 25
367327 25
367329 25
368291 25
477483 25
346448 26
346450 26
350098 26
287045 27
287046 27
345991 27
345993 27
345994 27
346273 27
346274 27
346275 27
347317 27
347319 27
476264 27
476266 27
476268 27
476839 27
476841 27
477479 27
479153 27
536142 27
346764 28
476836 28
478189 28
346453 29
346455 29
478225 29
478253 29
478255 29
536946 29
346645 30
477891 30
477892 30
478768 30
536947 30
536950 30
346209 31
346212 31
346213 31
477117 31
536617 31
277249 32
347288 32
347731 32
477011 32
477013 32
536363 32
536365 32
536366 32
536949 32
347289 33
347291 33
347294 33
478454 33
478456 33
478843 33
478847 33
117539 34
117543 34
346437 34
346438 34
478229 34
488606 34
347777 35
347877 35
347879 35
477114 35
477115 35
477124 35
536118 35
117540 36
117544 36
277248 36
347087 36
476373 36
477116 36
478851 36
535828 36
346230 37
477123 37
477125 37
477231 37
536806 37
537210 37
346646 38
476819 38
479180 38
479183 38
537376 38
537380 38
129638 39
346072 39
476282 39
476380 39
476382 39
476585 39
476586 39
476811 39
476813 39
477130 39
347049 40
347052 40
347053 40
347699 40
347700 40
475725 40
476584 40
476587 40
476896 40
476897 40
476898 40
536888 40
536890 40
347789 41
475700 41
129639 42
129640 42
467460 43
476514 43
259560 44
472748 44
536869 44
347535 45
347575 45
347576 45
346684 46
346761 46
347999 46
348000 46
536380 46
536382 46
536383 46
537255 46
537259 46
472746 47
472749 47
476515 47
476516 47
477255 47
477256 47
535811 47
535813 47
535817 47
346601 48
121836 49
346039 49
479235 49
536972 49
537384 49
537385 49
346854 50
346855 50
346682 51
536973 51
536977 51
537383 51
345951 52
345954 52
347959 52
476487 52
476490 52
480340 52
108943 53
346040 53
346043 53
346731 53
347252 53
347390 53
535891 53
98038 54
98040 54
345950 55
347253 55
347957 55
347961 55
347962 55
347122 56
347937 56
346708 57
346710 57
347259 57
536732 57
536733 57
536734 57
346705 58
347254 58
347255 58
480487 58
480488 58
537060 59
537065 59
346535 60
479511 61
479512 61
479514 61
479995 61
479997 61
479998 61
479999 61
346390 62
479303 63
536155 63
537035 63
537036 63
537038 63
537062 63
537063 63
345967 65
479527 65
480817 65
537181 65
480818 66
480836 66
346393 67
346384 68
479314 68
479997 68
514582 68
480534 69
480614 69
536613 69
537037 69
325198 70
480528 70
480612 70
480613 70
536610 70
536611 70
537080 70
537082 70
537084 70
480615 71
347038 72
347033 76
535645 77
535646 77
536803 77
347039 81
347038 84
