539819 1 3 3 3
417367 1 3 3 3
156253 1 3 3 1
156255 0 3 3 1
417364 0 3 3 3
417366 0 3 3 3
417368 0 3 3 3
446787 0 3 3 3
547591 1 4 2 1
492188 1 4 2 3
420321 1 4 2 4
23745 1 4 2 3
420320 0 4 3 4
547590 0 4 3 1
547592 0 4 3 1
547593 0 4 3 1
538364 0 5 6 1
163399 1 5 2 3
315363 1 5 1 4
177181 1 5 1 3
12263 0 5 3 3
177180 0 5 3 3
538362 1 6 3 3
417366 1 7 2 1
169930 1 7 1 3
169928 0 7 3 3
169929 0 7 3 3
417364 0 7 3 1
417365 0 7 3 1
417367 0 7 3 1
316713 1 8 1 3
285438 1 9 2 1
83216 1 9 1 3
285437 0 9 3 1
285439 0 9 3 1
285440 0 9 3 1
488106 1 10 3 3
547829 1 10 2 1
488102 0 10 3 3
488104 0 10 3 3
488105 0 10 3 3
488107 0 10 3 3
547831 0 10 3 1
547832 0 10 3 1
285438 1 12 3 1
547623 1 13 3 1
547624 0 13 3 1
547625 0 13 3 1
547626 0 13 3 1
547838 1 16 2 3
286009 1 16 2 1
286012 0 16 3 1
547835 0 16 3 3
547836 0 16 3 3
547831 1 17 2 3
547829 0 17 3 3
547830 0 17 3 3
458023 1 18 2 2
420599 1 18 2 1
420600 0 18 3 1
420601 0 18 3 1
458021 0 18 3 2
458022 0 18 3 2
547010 0 19 3 0
547011 0 19 3 0
547835 1 20 2 1
546664 0 21 3 3
546666 0 21 3 3
419457 1 23 3 1
547010 1 23 2 1
419458 0 23 3 1
419460 0 23 3 1
419461 0 23 3 1
547011 0 23 3 1
546666 1 25 2 3
420684 1 25 2 1
420683 0 25 3 1
420685 0 25 3 1
546662 0 25 3 3
546663 0 25 3 3
546664 0 25 3 3
546665 0 25 3 3
419461 1 26 2 3
547737 1 31 2 3
547736 0 31 3 3
420691 1 31 2 3
547391 1 31 1 1
546545 0 31 3 1
547394 0 31 3 1
547733 0 31 3 3
547735 0 31 3 3
547262 1 32 2 1
420693 1 32 3 3
547261 0 32 3 1
419254 1 33 3 1
382249 0 33 3 3
419255 0 33 3 1
419256 0 33 3 1
547225 1 35 4 3
548022 1 35 2 1
547903 1 35 2 1
547469 1 35 2 1
547468 0 35 3 1
547472 0 35 3 1
547908 0 35 3 1
548024 0 35 3 1
831 1 37 1 3
546659 1 38 3 1
546660 0 38 3 1
420746 1 39 3 1
420277 1 39 3 1
297252 1 39 3 2
547975 1 39 2 1
547471 1 39 2 2
419836 1 39 1 1
297251 0 39 3 2
297253 0 39 3 2
419837 0 39 3 1
419840 0 39 3 1
420275 0 39 3 1
547472 0 39 3 2
547473 0 39 3 2
547973 0 39 3 1
547974 0 39 3 1
547976 0 39 3 1
419354 1 40 4 1
420747 1 40 3 1
420276 1 41 2 1
548102 1 41 1 3
546543 1 41 1 1
419353 1 41 3 1
419355 1 41 3 1
420275 0 41 3 1
420280 0 41 3 1
546544 0 41 3 1
546545 0 41 3 1
548240 0 41 3 1
548241 0 41 3 1
548021 1 42 3 1
420760 1 42 3 1
420759 0 42 3 1
547974 0 42 3 1
547975 0 42 3 1
547978 0 42 3 1
419391 1 43 3 3
548191 1 43 2 1
546670 1 43 2 1
420295 1 43 2 1
548120 1 43 1 1
419843 1 43 1 1
419388 1 43 1 1
419389 0 43 3 1
419390 0 43 3 1
419842 0 43 3 1
419845 0 43 3 1
420296 0 43 3 1
548024 1 43 3 1
548121 0 43 3 1
548122 0 43 3 1
420479 1 44 3 1
420123 1 44 3 3
420192 1 44 2 1
419356 1 44 2 2
420278 1 44 1 1
419354 0 44 3 2
419355 0 44 3 2
419388 1 44 3 3
420190 0 44 3 1
420193 0 44 3 1
420194 0 44 3 1
420275 0 44 3 1
420276 0 44 3 1
420277 0 44 3 1
420280 0 44 3 1
420481 0 44 3 1
546542 1 44 3 1
546543 1 44 3 1
546545 1 44 3 1
546546 1 44 3 1
548190 1 44 3 1
548193 1 44 3 1
548194 1 44 3 1
420665 1 45 3 1
419622 1 45 3 1
420064 1 45 1 1
419624 0 45 3 1
420063 0 45 3 1
420065 0 45 3 1
420066 0 45 3 1
420169 0 45 3 1
420667 0 45 3 1
419847 1 46 3 1
420577 1 46 2 4
419844 1 46 2 3
419845 1 46 1 3
419843 0 46 3 3
419846 0 46 3 1
419848 0 46 3 1
420343 1 47 3 0
269794 1 47 2 3
420064 0 47 3 3
420190 0 47 3 3
420192 0 47 3 3
420194 0 47 3 3
420344 0 47 3 0
420346 0 47 3 0
419734 1 48 4 3
419389 1 48 2 2
419656 1 48 1 4
419422 1 48 1 1
419250 1 48 1 1
419252 0 48 3 1
419388 0 48 3 2
419391 0 48 3 2
419424 0 48 3 1
419655 0 48 3 4
419672 0 48 3 3
548200 1 49 3 3
419841 1 49 2 4
419251 0 49 4 3
419731 1 49 3 3
419733 1 49 3 3
419735 1 49 3 3
548104 0 49 3 1
548197 0 49 3 3
414529 1 50 2 1
419253 1 50 3 1
548106 1 50 0 1
473287 1 50 0 3
414528 0 50 3 1
419250 1 50 3 1
419252 1 50 3 1
419250 0 50 3 3
548104 1 50 3 3
548106 1 50 3 3
419424 1 51 3 3
419111 1 51 3 1
419871 1 51 2 1
416186 1 51 2 3
415320 1 51 2 1
373274 1 51 2 3
373272 0 51 3 3
373275 0 51 3 3
415322 0 51 3 1
416184 0 51 3 3
419112 0 51 3 1
419113 0 51 3 1
419422 0 51 3 3
419423 0 51 3 3
546745 1 52 3 1
445502 1 52 2 3
445438 1 52 2 1
419410 1 52 2 1
419409 0 52 3 1
419411 0 52 3 1
445503 0 52 3 3
546746 0 52 3 1
546748 0 52 3 1
419138 1 53 4 1
301793 1 53 3 3
421297 1 53 2 3
420237 1 53 2 3
419684 1 53 2 3
413437 1 53 2 3
301792 0 53 3 3
301794 0 53 3 3
415476 0 53 3 1
419246 0 53 3 1
419248 0 53 3 1
419683 0 53 3 3
421295 0 53 3 3
421296 0 53 3 3
445439 1 53 3 1
420351 1 54 3 1
413673 1 54 3 3
447737 1 54 2 4
419139 1 54 3 1
419141 1 54 3 1
420234 1 54 3 3
420354 0 54 3 1
421294 1 55 3 1
416185 1 55 3 1
419194 1 55 1 1
414295 1 55 1 3
414292 0 55 3 3
414294 0 55 3 3
414296 0 55 4 3
419195 0 55 3 1
419196 0 55 3 1
421297 0 55 3 1
547037 1 56 3 1
546886 1 56 3 1
414820 1 56 3 1
446251 1 56 2 2
414298 1 56 2 4
414291 0 56 3 3
414293 0 56 3 3
414295 0 56 3 3
414817 0 56 3 1
414818 0 56 3 1
414819 0 56 3 1
414821 0 56 3 1
416186 1 56 3 1
547036 0 56 3 1
547038 0 56 3 1
547039 0 56 3 1
420069 1 57 2 3
419193 1 57 2 4
301792 1 57 2 2
415454 1 57 1 4
301793 0 57 3 2
415453 0 57 3 4
419192 0 57 3 4
420067 0 57 3 3
420173 1 58 3 1
547862 1 58 2 1
419685 1 58 1 3
419366 1 58 1 1
419363 0 58 3 1
419367 0 58 3 1
419682 0 58 3 3
420171 0 58 3 1
420174 0 58 3 1
547866 0 58 3 1
419140 1 59 2 1
419139 0 59 3 1
419141 0 59 3 1
419143 0 59 3 1
419472 1 60 3 1
420068 1 60 2 1
547033 1 60 1 3
420069 0 60 3 1
420070 0 60 3 1
419473 1 61 3 1
419474 1 61 3 1
419475 1 61 3 1
422527 1 62 2 1
422531 0 62 3 1
419676 1 63 1 1
268364 0 63 3 2
419677 0 63 5 1
419676 1 64 3 1
419678 1 64 3 1
198670 1 65 1 3
419338 1 66 3 1
267849 1 66 2 3
267848 0 66 3 3
419339 0 66 3 1
419341 0 66 3 1
420538 1 67 2 1
264513 1 67 2 3
420537 0 67 3 1
420540 0 67 3 1
419675 1 70 2 0
419341 1 70 2 3
419335 1 70 2 3
419336 0 70 3 3
419338 0 70 3 3
419339 0 70 3 3
419118 1 71 3 3
420674 1 71 1 1
419115 0 71 3 3
419116 0 71 3 3
420676 0 71 3 1
411400 1 73 3 1
467840 1 74 3 2
411398 1 74 3 1
411401 1 74 3 1
467841 0 74 3 2
467842 0 74 3 2
199196 1 75 2 3
199194 0 75 3 3
419960 1 76 1 1
419961 0 76 3 1
419962 0 76 3 1
198893 1 77 3 1
420337 1 77 1 4
198892 0 77 3 1
198895 0 77 3 1
294632 1 78 2 3
420848 0 78 3 1
420850 0 78 3 1
420851 0 78 3 1
420852 0 78 3 1
420853 0 78 3 1
269425 1 79 3 1
313563 1 79 2 3
313561 0 79 3 3
294624 1 80 4 1
427313 1 80 2 3
269426 1 80 3 1
427310 0 80 3 3
427311 0 80 3 3
427312 0 80 3 3
268486 1 81 2 1
198111 1 81 1 1
198112 0 81 3 1
268485 0 81 3 1
268487 0 81 3 1
268488 0 81 3 1
294625 1 81 3 1
294626 1 81 3 1
294627 1 81 3 1
420848 1 82 2 1
267958 1 82 2 1
420851 0 82 3 1
420852 0 82 3 1
420853 0 82 3 1
420854 0 82 3 1
419349 1 83 3 4
197958 1 83 3 1
418892 1 83 2 2
197959 0 83 3 1
197960 0 83 3 1
198110 0 83 3 1
418893 0 83 3 2
198742 1 84 4 1
427623 1 84 2 3
419336 1 84 1 3
419333 0 84 3 3
419334 0 84 3 3
419335 0 84 3 3
427622 0 84 3 3
427624 0 84 3 3
268718 1 85 2 1
199084 1 85 2 1
198105 1 85 2 3
198743 1 85 3 1
198745 1 85 3 1
198746 1 85 3 1
198747 1 85 3 1
199083 0 85 3 1
199086 0 85 3 1
268719 0 85 3 1
320181 1 86 3 2
197247 1 86 3 1
268452 1 86 1 1
262785 1 86 3 0
268453 0 86 3 1
320178 0 86 3 2
320182 0 86 3 2
419415 1 87 3 1
197959 1 87 1 1
197958 0 87 3 1
197960 0 87 3 1
293854 1 88 4 1
198608 1 88 3 3
420468 1 89 3 1
419544 1 89 3 1
293856 1 89 3 1
420471 0 89 3 1
419542 1 90 3 1
419543 1 90 3 1
419546 1 90 3 1
319974 1 91 3 1
293855 1 91 3 1
419420 1 91 2 3
198818 1 91 1 0
198820 0 91 3 0
419414 0 91 3 3
419417 0 91 3 3
419770 1 92 3 3
420470 1 92 2 1
419868 1 92 2 1
294710 1 92 2 4
294709 0 92 3 4
419767 0 92 3 3
419769 0 92 3 3
420468 0 92 3 1
420471 0 92 3 1
320186 1 93 2 1
26101 1 93 2 3
419546 1 93 1 3
320187 0 93 3 1
320188 0 93 3 1
320189 0 93 3 1
321292 1 94 4 0
320362 1 94 4 1
175783 1 94 3 2
419379 1 94 2 1
460326 1 94 1 3
118717 1 94 1 0
118716 0 94 3 0
118719 0 94 3 0
118720 0 94 3 0
460323 0 94 3 3
419545 1 95 2 3
321293 1 95 1 1
320363 1 95 3 1
320364 1 95 3 1
320365 1 95 3 1
320366 1 95 3 1
321294 1 95 3 0
321295 1 95 3 0
419544 0 95 3 3
419546 0 95 3 3
319966 1 96 4 2
320185 1 96 1 1
319964 1 96 1 1
319963 0 96 3 1
319965 0 96 3 1
319967 0 96 3 1
320186 0 96 3 1
320187 0 96 3 1
420003 0 96 3 1
420006 0 96 3 1
420007 0 96 3 1
459505 1 97 3 1
420050 1 97 3 1
460324 1 97 2 1
420699 1 97 2 4
319964 1 97 3 2
420049 0 97 3 1
320635 1 98 2 1
320484 1 98 2 1
320636 0 98 3 1
459506 1 98 3 1
459507 1 98 3 1
459508 1 98 3 1
420573 1 99 2 2
419377 1 99 1 3
320486 1 99 3 1
320487 1 99 3 1
460515 1 100 2 1
118712 0 100 3 3
118713 0 100 3 3
118715 0 100 3 3
243827 1 101 3 2
320337 1 101 2 3
460516 1 101 3 1
460519 1 101 3 1
460161 1 102 3 1
320622 1 102 3 3
420641 1 102 2 3
460162 0 102 3 1
460164 0 102 3 1
460165 0 102 3 1
419815 1 103 3 2
321016 0 103 5 1
460517 1 103 2 1
320664 1 103 1 1
320666 0 103 3 1
320667 0 103 3 1
321014 0 103 3 1
460516 0 103 3 1
460519 0 103 3 1
459925 1 104 2 1
419816 1 104 3 2
419817 1 104 3 2
460876 1 105 3 1
364038 1 105 3 4
321017 1 105 3 1
321013 0 105 3 1
321015 0 105 3 1
420556 0 105 3 2
460877 0 105 3 1
460879 0 105 3 1
460880 0 105 3 1
460267 0 107 4 1
460084 1 107 3 1
419326 1 107 3 3
460265 1 107 2 1
419581 1 107 2 1
320367 1 107 1 3
320362 0 107 3 3
320363 0 107 3 3
419582 0 107 3 1
419583 0 107 3 1
460085 0 107 3 1
460268 0 107 3 1
460266 0 107 4 1
320694 1 108 4 1
461139 1 108 3 4
9663 1 108 2 3
420809 1 108 1 4
9660 0 108 3 3
9661 0 108 3 3
419327 1 108 3 3
420810 0 108 3 4
460269 0 108 3 1
461138 0 108 3 4
461140 0 108 3 4
320695 1 109 3 1
320696 1 109 3 1
471310 0 109 3 0
471312 0 109 3 0
471309 1 110 2 0
459577 1 111 2 3
392436 1 111 2 2
459576 0 111 3 3
321013 1 112 3 1
321016 0 112 3 1
471311 1 113 2 3
471312 0 113 3 3
320260 1 114 3 1
320262 0 114 3 1
320263 0 114 3 1
320264 0 114 3 1
391822 1 115 3 0
130989 1 115 2 3
130990 0 115 3 3
391824 0 115 3 0
471317 1 116 3 1
460336 1 116 3 1
320274 1 116 2 3
460337 0 116 3 1
460338 0 116 3 1
459902 1 117 3 1
130987 1 117 3 3
471310 1 117 2 1
130985 0 117 3 3
471309 0 117 3 1
471311 0 117 3 1
471312 0 117 3 1
459782 0 118 13 3
391821 1 118 3 0
460341 1 118 2 1
391823 0 118 3 0
391824 0 118 3 0
460342 0 118 3 1
460343 0 118 3 1
460344 0 118 3 1
459303 1 119 3 1
320264 0 119 4 3
130990 1 119 2 3
130988 0 119 3 3
459780 1 119 3 3
459781 1 119 3 3
460128 1 120 3 1
459629 1 120 3 1
393016 1 120 2 3
320259 0 120 3 3
320260 0 120 3 3
320259 1 120 3 3
320261 1 120 3 3
320262 1 120 3 3
393013 0 120 3 3
393015 0 120 3 3
393017 0 120 3 3
459302 1 120 3 1
459304 1 120 3 1
460130 0 120 3 1
460549 1 121 2 4
320263 1 121 1 3
459631 1 121 3 1
320261 0 122 3 1
460795 0 122 3 1
459160 1 123 2 1
460342 1 123 1 2
459161 0 123 3 1
460341 0 123 3 2
461003 1 124 3 1
460539 1 124 2 1
459911 1 124 1 1
449194 1 124 1 2
449195 0 124 3 2
459909 0 124 3 1
459912 0 124 3 1
460895 1 125 3 3
460141 1 125 3 1
460359 1 125 2 1
460144 0 125 3 1
460361 0 125 3 0
460358 0 125 5 1
460361 0 125 3 1
460894 0 125 3 3
461006 1 125 3 1
461051 1 126 3 1
460138 1 127 3 3
253943 1 127 3 3
530246 1 127 2 3
197179 1 127 2 1
134042 0 127 3 3
134044 0 127 3 3
197178 0 127 3 1
460135 0 127 3 3
460136 0 127 3 3
460176 0 127 3 1
460178 0 127 3 1
460335 0 127 3 1
530242 0 127 3 3
530243 0 127 3 3
530244 0 127 3 3
460917 1 128 3 1
459640 1 128 3 1
449726 1 128 3 4
460038 1 128 2 0
9470 1 128 2 2
9469 0 128 3 2
9471 0 128 3 2
9472 0 128 3 2
9473 0 128 3 2
449725 0 128 3 4
460916 0 128 3 1
460919 0 128 3 1
459659 0 129 13 3
460915 1 129 4 0
196237 1 129 4 1
460352 1 129 2 1
459637 1 129 2 3
319255 1 129 2 1
319253 0 129 3 1
319254 0 129 3 1
459635 0 129 3 3
459638 0 129 3 3
459639 1 129 3 1
459642 1 129 3 1
460351 0 129 3 1
460332 1 130 4 1
459617 1 130 3 1
320553 1 130 3 1
460833 1 130 2 1
320222 1 130 2 1
460214 1 130 1 4
196236 1 130 3 1
196239 1 130 3 1
320221 0 130 3 1
320223 0 130 3 1
459618 0 130 3 1
459657 1 130 3 3
460834 0 130 3 1
460835 0 130 3 1
460836 0 130 3 1
459655 1 131 3 3
459641 1 131 2 3
197168 1 131 2 1
197169 0 131 3 1
320554 1 131 3 1
459642 0 131 3 3
459656 0 131 3 3
460334 1 131 3 1
460042 1 132 3 3
319538 1 132 3 1
322508 1 132 2 3
460354 1 132 1 3
155588 0 132 3 3
319537 0 132 3 1
319539 0 132 3 1
322506 0 132 3 3
322507 0 132 3 3
460038 0 132 3 3
460039 0 132 3 3
460040 0 132 3 3
460352 0 132 3 3
460353 0 132 3 3
460408 0 132 3 1
460114 1 133 3 1
460918 1 133 2 3
460041 1 133 2 3
459658 1 133 2 1
459618 1 133 2 1
320807 1 133 2 1
320809 0 133 3 1
320810 0 133 3 1
459657 0 133 3 1
459660 0 133 3 1
460039 0 133 3 3
460040 0 133 3 3
460115 0 133 3 1
460915 0 133 3 3
460916 0 133 3 3
460917 0 133 3 3
460919 0 133 3 3
460145 1 134 3 1
319525 1 134 3 3
460836 1 134 2 2
459619 1 134 2 3
461107 1 134 1 1
459632 1 134 1 3
9472 1 134 1 3
9470 0 134 3 3
9473 0 134 3 3
319522 0 134 3 3
319523 0 134 3 3
319943 0 134 3 1
319945 0 134 3 1
319946 0 134 3 1
460146 0 134 3 1
460835 0 134 3 2
460838 0 134 3 2
461104 0 134 3 1
461105 0 134 4 1
461106 0 134 3 1
461108 0 134 3 1
461109 0 134 3 1
461110 0 134 3 1
459597 1 135 4 2
9469 1 135 4 2
460367 1 135 3 1
460360 1 135 3 3
375644 1 135 3 2
319537 1 135 3 1
319538 0 135 3 1
319540 0 135 3 1
460358 0 135 3 3
460359 0 135 3 3
460361 0 135 3 3
460368 0 135 3 1
460369 0 135 3 1
461104 0 135 3 0
461106 0 135 3 0
461110 0 135 3 0
320461 1 136 2 3
9467 1 136 3 2
9471 1 136 3 2
9472 1 136 3 2
9473 1 136 3 2
320462 0 136 3 3
459598 1 136 3 2
461108 0 136 3 1
461109 0 136 3 1
319944 1 137 3 1
319306 1 137 2 3
319301 0 137 3 3
319302 0 137 3 3
319946 0 137 3 1
459680 1 138 2 1
461110 1 138 1 3
459681 0 138 3 1
459683 0 138 3 1
459685 0 138 3 1
461104 0 138 3 3
461105 0 138 3 3
461106 0 138 3 3
9613 1 139 3 1
320809 1 139 2 3
9473 1 139 2 3
459995 1 139 1 1
9470 0 139 3 3
9471 0 139 3 3
319364 0 139 3 3
320806 0 139 3 3
320810 0 139 3 3
459996 0 139 3 1
459997 0 139 3 1
320347 1 140 3 1
319945 1 140 2 3
9611 1 140 3 1
9612 1 140 3 1
319943 0 140 3 3
319946 0 140 3 3
320348 0 140 3 1
320349 0 140 3 1
320811 1 141 3 2
320457 1 141 1 1
459138 1 142 3 1
320728 1 142 3 1
10644 1 142 2 1
10030 1 142 2 1
9390 0 142 3 1
10033 0 142 3 1
10034 0 142 3 1
10035 0 142 3 1
459137 0 142 3 1
459318 1 143 4 1
319880 1 143 3 4
10978 1 143 2 0
9388 1 143 0 1
10646 1 143 3 1
10647 1 143 3 1
10981 1 144 3 3
10408 1 144 3 1
319929 1 144 2 3
10409 0 144 3 1
319926 0 144 3 3
459314 1 144 3 1
459315 1 144 3 1
459319 1 144 3 1
459320 1 144 3 1
108571 1 145 3 3
319148 1 145 2 1
319108 1 145 1 1
320730 1 146 4 3
319275 1 146 3 1
319276 0 146 3 1
319278 0 146 3 1
10031 1 147 1 1
10033 0 147 3 1
319743 1 148 3 1
10409 1 148 2 3
10407 0 148 3 3
546818 1 149 3 3
10766 1 149 1 1
10765 0 149 4 1
546814 0 149 3 3
546815 0 149 3 3
10030 0 151 3 3
10031 0 151 3 3
10032 0 151 3 3
10034 0 151 3 3
10766 1 151 3 1
10768 1 151 3 1
563260 1 152 2 3
320770 1 152 2 3
320170 1 155 3 1
94232 1 155 3 2
10423 1 155 2 3
10422 0 155 3 3
320172 0 155 3 1
11017 1 156 3 3
29509 1 156 1 3
11016 0 156 3 3
461093 1 157 3 3
459314 1 157 3 0
342635 1 157 2 3
461092 1 157 1 1
459315 0 157 3 0
461095 0 157 3 1
343272 1 158 4 0
460373 1 158 2 3
460370 0 158 3 3
460371 0 158 3 3
460372 0 158 3 3
461092 1 158 3 3
461095 1 158 3 3
343273 1 159 3 0
476496 1 160 4 1
459322 1 161 2 1
325817 1 161 2 3
325816 0 161 3 3
459321 0 161 3 1
476499 1 161 3 1
460349 1 163 1 4
460512 1 164 3 1
225962 1 164 2 3
225961 0 164 3 3
418873 1 165 2 1
475788 1 165 1 1
460511 1 165 3 1
475786 0 165 3 1
475789 0 165 3 1
417657 1 166 2 1
417656 0 166 3 1
417658 0 166 3 1
460514 1 167 4 3
459733 1 168 1 1
459734 0 168 3 1
460512 1 168 3 3
460513 1 168 3 3
460511 1 169 2 0
417628 1 169 2 1
417629 0 169 3 1
418909 1 170 2 1
418504 1 170 2 1
417841 0 170 3 1
418506 0 170 3 1
418911 0 170 3 1
460512 1 170 3 0
460513 1 170 3 0
476834 0 170 3 1
476835 0 170 3 1
476837 0 170 3 1
476154 1 171 4 1
459867 1 171 3 1
418401 1 171 3 1
476593 1 171 2 1
418772 1 171 2 1
459865 0 171 3 1
476594 0 171 3 1
418947 1 172 4 1
477226 1 172 3 2
476403 1 172 3 1
418915 1 172 2 1
417748 1 172 1 1
417747 0 172 3 1
417751 0 172 3 1
418400 1 172 3 1
418403 1 172 3 1
418405 1 172 3 1
418775 1 172 3 1
476152 1 172 3 1
476153 1 172 3 1
477227 0 172 3 2
475749 1 173 4 1
477376 1 173 3 1
477049 1 173 2 1
418565 1 173 2 1
417650 1 173 1 1
417649 0 173 3 1
417651 0 173 3 1
417652 0 173 3 1
417653 0 173 3 1
417654 0 173 3 1
418504 0 173 3 3
418564 0 173 3 1
418566 0 173 3 1
418567 0 173 3 1
418568 0 173 3 1
476404 1 173 3 1
476405 1 173 3 1
476406 1 173 3 1
476407 1 173 3 1
477078 1 174 2 3
460307 1 174 2 1
418110 1 174 4 1
477161 1 174 1 1
418109 0 174 3 1
418111 0 174 5 1
418113 0 174 3 1
475748 1 174 3 1
475750 1 174 3 1
477050 1 174 3 1
477051 1 174 3 1
477052 1 174 3 1
477079 0 174 3 3
477163 0 174 3 1
477164 0 174 3 1
459132 1 175 2 1
418775 0 175 3 1
418763 1 175 2 1
418771 1 175 1 1
418045 1 175 1 2
418109 1 175 3 1
418113 1 175 3 1
418114 1 175 3 1
418762 0 175 3 1
418764 0 175 3 1
418772 0 175 3 1
418773 0 175 3 1
418774 0 175 3 1
418773 0 175 3 3
477275 1 176 3 3
418770 1 176 2 3
418568 1 176 2 3
417854 1 176 2 4
418367 1 176 1 4
417853 0 176 3 4
417855 0 176 3 4
418366 0 176 3 4
418769 0 176 3 3
102391 1 177 3 3
418805 1 177 2 3
418287 1 177 2 1
418089 1 177 2 1
477273 1 177 0 1
130684 0 177 3 3
130685 0 177 3 3
130686 0 177 3 3
418090 0 177 3 1
418091 0 177 3 1
418289 0 177 3 1
418290 0 177 3 1
418804 0 177 3 3
477271 1 177 3 3
477273 1 177 3 3
417666 1 178 3 4
418529 1 179 3 1
418113 1 179 3 1
459549 1 179 2 3
418112 0 179 3 1
418114 0 179 3 1
459545 0 179 3 3
459546 0 179 3 3
477272 1 180 2 1
155249 1 180 2 3
476490 1 180 1 4
418531 1 180 3 1
477271 0 180 3 1
477273 0 180 3 1
477274 0 180 3 1
417424 0 181 5 1
460206 1 182 2 1
460210 0 182 3 1
460211 0 182 3 1
496087 1 183 4 3
476513 1 183 3 1
417613 1 183 3 1
417422 1 183 2 1
343172 1 183 2 2
417614 0 183 3 1
418413 1 184 2 4
476512 1 184 3 1
476514 1 184 3 1
476515 1 184 3 1
496085 1 184 3 3
476491 1 185 2 4
459819 1 185 2 2
418409 1 185 2 1
459821 0 185 3 2
476490 0 185 3 4
476400 1 186 3 1
419028 1 186 3 1
417578 1 186 2 1
417579 0 186 3 1
418410 1 186 3 1
418411 1 186 3 1
476398 0 186 3 1
418605 1 187 2 1
417957 1 187 2 3
417956 0 187 3 3
418604 0 187 3 1
418606 0 187 3 1
418607 0 187 3 1
418731 1 188 2 1
418464 1 188 2 1
475674 1 188 1 1
418496 0 188 3 1
418467 0 188 3 1
418494 0 188 3 1
418498 0 188 3 1
418494 0 188 3 1
418495 0 188 5 1
476025 0 188 3 1
476030 0 188 3 1
476031 0 188 3 1
435968 1 189 4 1
418687 1 189 3 1
475980 1 189 2 1
418667 1 189 2 1
418666 0 189 3 1
418668 0 189 3 1
418669 0 189 3 1
475982 0 189 3 1
476399 1 190 3 1
419073 1 190 3 1
418882 1 190 2 4
417836 1 190 2 3
417395 1 190 2 4
476881 1 190 1 3
418562 1 190 1 3
417394 0 190 3 4
418561 0 190 3 3
418688 1 190 3 1
418883 0 190 3 4
419074 0 190 3 1
435966 1 190 3 1
476401 0 190 3 1
476877 0 190 3 3
476879 0 190 3 3
476880 0 190 3 3
476030 1 191 3 3
418794 1 191 3 1
418183 1 191 2 1
476573 1 191 1 1
418497 1 191 1 3
418312 1 191 1 2
417392 0 191 3 1
417393 0 191 3 1
418308 0 191 3 2
418310 0 191 3 2
418311 0 191 3 2
418793 0 191 4 1
476026 0 191 3 3
476574 0 191 3 1
435969 1 192 3 3
434705 1 192 3 1
418182 1 192 3 1
477320 1 192 2 1
418733 1 192 2 3
476569 1 192 1 1
476223 1 192 1 2
417390 1 192 1 1
418731 0 192 3 3
418732 0 192 3 3
434703 0 192 3 1
434706 0 192 3 1
435966 0 192 3 3
476222 0 192 3 2
476225 0 192 3 2
476565 0 192 3 1
476567 0 192 3 1
476570 0 192 3 1
476571 0 192 3 1
476765 1 193 3 1
211937 1 193 3 3
505316 1 193 2 3
436026 1 193 2 1
418669 1 193 2 3
418181 1 193 3 1
418791 1 193 3 1
418792 1 193 3 1
436027 0 193 3 1
436028 0 193 3 1
505315 0 193 3 3
476576 1 194 3 2
434627 1 194 3 1
433924 1 194 3 3
418525 1 194 3 3
558589 1 194 2 3
476402 1 194 2 2
476376 1 194 2 1
475903 1 194 2 1
418477 1 194 2 0
476543 1 194 1 3
433923 1 194 1 1
418478 0 194 3 0
418480 0 194 3 0
418524 0 194 3 3
475901 0 194 3 1
475902 0 194 3 1
475904 0 194 3 1
475905 0 194 3 1
476398 0 194 3 2
476401 0 194 3 2
476764 1 194 3 1
476766 1 194 3 1
476767 1 194 3 1
476768 1 194 3 1
287726 1 195 4 3
418324 1 195 2 1
417617 1 195 2 3
418688 1 195 1 3
417616 0 195 3 3
418685 0 195 3 3
418686 0 195 3 3
418687 0 195 3 3
418793 0 195 3 1
418795 0 195 3 1
418796 0 195 3 1
434624 1 195 3 1
434625 1 195 3 1
434626 1 195 3 1
476573 1 195 3 2
476575 1 195 3 2
417582 0 196 13 3
505314 1 196 3 1
476889 1 196 2 1
476306 1 196 1 4
418086 0 196 3 3
418087 0 196 3 3
418088 0 196 3 3
418089 0 196 3 3
418090 0 196 3 3
418326 1 196 3 1
476307 0 196 3 4
476400 0 196 3 0
476402 0 196 3 0
476414 1 197 3 1
436025 1 197 3 0
418325 1 197 3 3
417581 0 197 3 1
417577 1 197 5 3
417578 1 197 3 3
417579 1 197 3 3
417580 1 197 3 3
417581 1 197 3 3
418326 0 197 3 3
476415 0 197 3 1
476890 1 197 3 1
476891 1 197 3 1
420649 1 198 3 3
476578 1 198 2 1
433959 1 198 2 0
433969 1 198 1 4
116824 1 198 1 2
116821 0 198 3 2
420647 0 198 3 3
433960 0 198 3 0
433963 0 198 3 0
433970 0 198 3 4
436026 1 198 3 0
436027 1 198 3 0
436028 1 198 3 0
476577 0 198 3 1
476580 0 198 3 1
476777 1 199 3 3
476626 1 199 3 1
435404 1 199 3 1
435185 1 199 2 1
434626 1 199 2 1
252626 1 199 2 3
507157 1 199 1 1
475952 1 199 1 3
417416 1 199 1 1
77833 1 199 1 3
252623 0 199 3 3
252627 0 199 3 3
417419 0 199 3 1
434625 0 199 3 1
434628 0 199 3 1
434629 0 199 3 1
434630 0 199 3 1
435186 0 199 3 1
475953 0 199 3 3
507158 0 199 3 1
476535 1 200 3 1
475809 1 200 3 1
435673 1 200 2 4
435548 1 200 2 1
419283 1 200 1 3
419279 0 200 3 3
419280 0 200 3 3
419281 0 200 3 3
419282 0 200 3 3
419284 0 200 3 3
435403 1 200 3 1
435405 1 200 3 1
435407 1 200 3 1
435547 0 200 3 1
435549 0 200 3 1
435550 0 200 3 1
475810 0 200 3 1
475811 0 200 3 1
476628 1 200 3 1
476778 1 200 3 3
417894 1 201 4 1
418461 1 201 3 2
417803 1 201 3 3
477151 1 201 2 1
476892 1 201 2 3
477147 1 201 1 1
418130 0 201 3 1
418131 0 201 3 1
418133 0 201 3 1
418134 0 201 3 1
418462 0 201 3 2
418463 0 201 3 2
477148 0 201 3 1
477150 0 201 3 1
476891 1 202 3 3
434328 1 202 3 3
417936 1 202 3 3
477091 1 202 2 1
434398 1 202 2 1
418717 1 202 2 1
417804 1 202 1 3
417801 0 202 3 3
434401 0 202 3 1
477093 0 202 3 1
477095 0 202 3 1
477158 1 203 3 4
419282 1 203 3 1
57872 1 203 3 3
476629 1 203 2 2
70124 1 203 2 2
435577 1 203 1 1
70123 0 203 3 2
70125 0 203 3 2
419283 0 203 3 1
419284 0 203 3 1
435578 0 203 3 1
435576 0 203 5 1
435578 0 203 3 1
476892 1 203 3 3
477142 1 204 3 1
475722 1 204 3 1
434363 1 204 2 3
418460 1 204 2 1
418463 0 204 3 1
434364 0 204 3 3
475723 0 204 3 1
417583 1 205 3 1
117084 1 205 3 1
418859 1 205 2 1
435768 1 205 1 3
434625 1 205 1 1
117083 0 205 3 1
117085 0 205 3 1
434624 0 205 3 1
434626 0 205 3 1
434627 0 205 3 1
434630 0 205 3 1
435769 0 205 3 3
435582 1 206 2 3
435580 1 206 2 1
170199 1 206 2 3
117210 1 206 2 1
117209 0 206 3 1
117213 0 206 3 1
417585 1 206 3 1
417586 1 206 3 1
418860 1 206 3 1
419279 0 206 3 1
419283 0 206 3 1
435579 0 206 3 3
435581 0 206 3 3
520304 1 207 2 3
477242 1 207 1 4
419281 1 207 1 1
520298 0 207 3 3
520300 0 207 3 3
520302 0 207 3 3
520303 0 207 3 3
434225 1 208 1 1
434227 0 208 3 1
419284 1 210 3 3
418858 1 210 2 0
418860 0 210 3 0
419280 0 210 3 3
419281 0 210 3 3
419282 0 210 3 3
419283 0 210 3 3
487789 0 210 3 3
417585 0 211 13 3
434798 1 212 2 1
417583 1 212 3 3
417586 1 212 3 3
434795 0 212 3 1
434796 0 212 3 1
434797 0 212 3 1
434799 0 212 3 1
434800 0 212 3 1
436022 1 213 1 1
417407 1 213 1 1
400609 1 213 1 3
417408 0 213 3 1
417409 0 213 3 1
436024 0 213 3 1
418860 1 214 2 2
417386 1 214 2 1
128274 0 214 3 3
417387 0 214 3 1
418985 0 214 3 3
418986 0 214 3 3
418987 0 214 3 3
434796 1 216 1 1
434797 0 216 3 1
434799 0 216 3 1
425608 1 217 2 3
419835 1 219 3 3
435697 1 219 2 3
419833 0 219 3 3
419834 0 219 3 3
419975 1 219 3 4
435693 0 219 3 3
435696 0 219 3 3
435698 0 219 3 3
461043 1 220 2 3
434636 1 220 2 1
236081 1 220 1 3
236079 0 220 3 3
236080 0 220 3 3
434637 0 220 3 1
461041 0 220 3 3
461042 0 220 3 3
407239 1 221 3 3
407238 0 221 3 3
434981 1 222 3 3
407638 1 222 3 3
435996 1 222 2 1
434817 1 222 2 1
434078 1 222 2 1
236079 0 222 3 2
236082 0 222 3 2
407636 0 222 3 3
434819 0 222 3 1
434979 0 222 3 3
434980 0 222 3 3
434508 1 224 2 3
434921 1 225 3 1
433901 1 225 3 1
434972 1 225 2 1
433902 0 225 3 1
433904 0 225 3 1
434919 0 225 3 1
434970 0 225 3 1
434971 0 225 3 1
434973 0 225 3 1
434580 1 226 3 1
435426 1 226 2 2
67308 1 226 1 3
434578 0 226 3 1
434579 0 226 3 1
434582 0 226 3 1
434583 0 226 3 1
435425 0 226 3 2
434970 1 228 2 1
434919 0 228 3 1
434920 0 228 3 1
434921 0 228 3 1
434924 0 228 3 1
434971 0 228 3 1
434972 0 228 3 1
434973 0 228 3 1
434922 1 229 2 1
433900 1 229 2 1
433901 0 229 3 1
433904 0 229 3 1
434439 1 232 3 1
434441 0 232 3 1
435492 0 233 13 4
432805 1 233 1 3
435671 0 233 3 1
435672 0 233 3 1
434424 1 235 2 1
434671 1 236 2 1
434090 1 236 2 0
434091 0 236 3 0
434093 0 236 3 0
434094 0 236 3 0
435272 1 237 2 1
434116 1 237 1 1
434114 0 237 3 1
434117 0 237 3 1
435273 0 237 3 1
434672 1 239 2 1
434668 0 239 4 1
434669 0 239 3 1
434674 0 239 3 1
435139 1 240 3 1
290596 1 240 3 3
435465 1 240 2 1
290595 0 240 3 3
290597 0 240 3 3
434673 0 240 3 1
435138 1 241 3 1
435140 1 241 3 1
435141 1 241 3 1
435464 1 241 3 1
435466 1 241 3 1
434658 1 242 3 4
434352 1 242 2 1
433913 1 242 1 1
433916 0 242 3 1
434353 0 242 3 1
434354 0 242 3 1
434355 0 242 3 1
434657 0 242 3 4
434351 1 244 3 1
433988 0 244 3 1
434292 0 244 3 1
434352 0 244 3 1
434050 1 245 4 1
434291 1 245 1 1
433986 1 245 0 1
435988 1 246 3 1
433985 0 246 3 3
433986 0 246 3 0
433987 0 246 3 0
433988 0 246 3 0
433987 0 246 3 3
434049 1 246 3 1
434051 1 246 3 1
434053 1 246 3 1
435211 1 247 2 1
435344 1 247 1 1
435212 0 247 3 1
435346 0 247 3 1
434293 1 248 3 1
433891 1 248 3 1
434659 1 248 2 1
434300 1 248 2 3
433890 0 248 3 1
433892 0 248 3 1
433893 0 248 3 1
434292 0 248 3 1
434294 0 248 3 1
434296 0 248 3 3
434301 0 248 3 3
435879 0 248 3 3
435880 0 248 3 3
435881 0 248 3 3
435882 0 248 3 3
435883 0 248 3 3
433932 0 249 6 0
435987 1 249 3 0
435840 1 249 2 1
434305 1 249 2 1
434823 1 249 1 1
434306 0 249 3 1
434822 0 249 3 1
434824 0 249 3 1
435988 0 249 3 0
435990 0 249 3 0
435682 1 250 2 1
433967 1 250 1 1
433931 1 250 3 1
435681 0 250 3 1
435684 0 250 3 1
434632 1 251 4 1
435816 1 251 2 1
435338 1 251 2 1
433968 1 251 1 3
433890 0 251 3 2
433967 0 251 3 3
435336 0 251 3 1
435337 0 251 3 1
435339 0 251 3 1
435341 0 251 3 1
435820 0 251 3 1
471715 1 252 2 2
386993 1 252 2 2
434229 1 252 1 1
433933 0 252 3 0
433934 0 252 3 0
434228 0 252 3 1
434230 0 252 3 1
434231 0 252 3 1
434232 0 252 3 1
434233 0 252 3 1
434633 1 252 3 1
434634 1 252 3 1
386848 1 253 3 4
434822 1 253 1 0
386847 0 253 3 4
434823 0 253 3 0
434824 0 253 3 0
434825 0 253 3 0
435135 1 254 4 1
473748 1 254 2 3
434931 1 254 1 3
13522 1 254 1 3
434925 0 254 3 3
434926 0 254 3 3
434929 0 254 3 3
473745 0 254 3 3
473747 0 254 3 3
435513 1 255 1 1
434557 0 255 3 1
434558 0 255 3 1
435136 1 255 3 1
435137 1 255 3 1
435510 0 255 3 1
435511 0 255 5 1
435514 0 255 4 1
435708 1 256 3 0
435345 1 256 2 3
435515 1 256 3 1
471714 0 257 12 2
471054 1 257 2 3
435913 1 257 1 4
435709 1 257 3 0
435710 1 257 3 0
471038 0 257 3 2
471051 0 257 3 3
471052 0 257 3 3
434928 1 258 3 1
259449 1 258 2 3
259447 0 258 3 3
259448 0 258 3 3
259450 0 258 3 3
471715 1 258 3 2
434743 1 259 1 4
434542 0 259 3 1
434543 0 259 3 1
434544 0 259 3 1
25226 1 260 4 1
24682 1 260 4 1
434009 1 260 3 1
471419 1 260 2 1
435817 1 260 2 1
435814 0 260 3 1
435815 0 260 3 1
435816 0 260 3 1
435818 0 260 3 1
471423 0 260 3 1
435373 1 261 3 1
259447 1 261 3 2
434429 1 261 2 1
24684 1 261 2 4
24681 1 261 3 1
24683 1 261 3 1
25227 1 261 3 1
434011 1 261 3 1
434347 0 261 3 1
510158 0 261 3 4
434346 1 262 1 1
25006 1 262 1 1
25008 0 262 3 1
25009 0 262 3 1
434431 1 262 3 1
434432 1 262 3 1
434433 1 262 3 1
435820 1 263 3 3
219470 1 263 3 3
435815 0 263 3 3
435816 0 263 3 3
26266 1 264 3 3
435341 1 264 1 3
25287 1 264 1 1
25288 0 264 3 1
435336 0 264 3 3
435337 0 264 3 3
435338 0 264 3 3
433943 1 265 3 3
25114 1 265 3 1
32110 1 265 2 1
26221 1 265 2 1
26168 1 265 2 3
26222 0 265 3 1
26225 0 265 3 1
32112 0 265 3 1
32113 0 265 3 1
471370 1 266 4 1
26082 1 266 2 1
25494 1 266 2 3
433258 1 266 1 2
26102 1 266 1 1
25006 0 266 3 1
25008 0 266 3 1
25115 1 266 3 1
25117 1 266 3 1
25119 1 266 3 1
25495 0 266 3 3
26167 1 266 3 3
433255 0 266 3 2
433259 0 266 3 2
434103 0 266 3 1
434105 0 266 3 1
434106 0 266 3 1
219468 1 267 2 1
435421 1 267 1 1
434104 1 267 0 1
25349 0 267 3 1
25353 0 267 3 1
219465 0 267 3 1
435418 0 267 3 1
435420 0 267 3 1
435422 0 267 3 1
435424 0 267 3 1
471372 1 267 3 1
219463 1 268 4 3
31906 1 268 3 1
25104 1 268 3 4
61338 1 268 2 3
33008 1 268 1 1
25103 0 268 3 4
33009 0 268 3 1
61337 0 268 3 3
433942 0 268 3 3
511333 1 269 3 1
25354 1 269 3 3
434811 1 269 2 1
26194 1 269 2 1
32100 1 269 1 3
25188 1 269 1 1
25187 0 269 3 1
25189 0 269 3 1
25349 0 269 3 3
25350 0 269 3 3
25352 0 269 3 3
25353 0 269 3 3
26195 0 269 3 1
31907 1 269 3 1
434812 0 269 3 1
435418 0 269 3 2
435420 0 269 3 2
435421 0 269 3 2
435423 0 269 3 2
511335 0 269 3 1
25125 1 270 3 3
26108 1 270 2 1
24873 1 270 2 1
24875 0 270 3 1
25120 0 270 3 3
25123 0 270 3 3
25124 0 270 3 3
26107 0 270 3 1
434696 0 270 3 1
435230 0 270 3 1
435231 0 270 3 1
435233 0 270 3 1
435234 0 270 3 1
435235 0 270 3 1
33471 1 271 3 4
435471 1 271 2 1
25482 1 272 2 2
25038 1 272 2 1
24728 0 272 3 1
25039 0 272 3 1
25040 0 272 3 1
25042 0 272 3 1
25043 0 272 3 1
470812 0 273 8 0
32101 1 273 2 3
32098 0 273 3 3
32099 0 273 3 3
32100 0 273 3 3
25170 1 274 3 4
470817 1 274 2 3
25488 1 274 2 4
25123 1 274 2 1
25392 1 274 1 3
25120 0 274 3 1
25124 0 274 3 1
25125 0 274 3 1
25391 0 274 3 3
25393 0 274 3 3
31906 0 274 3 3
31909 0 274 3 3
470813 1 274 3 0
470814 1 274 4 0
470815 1 274 3 0
470816 1 274 3 0
470813 0 274 3 3
470816 0 274 3 3
471837 0 274 3 1
471840 0 274 3 1
470550 1 275 3 1
471931 1 275 2 1
33006 1 275 2 1
32408 1 275 2 0
31908 1 275 2 3
24332 1 275 2 3
25575 1 275 1 1
24330 0 275 3 3
25576 0 275 3 1
32409 0 275 3 0
32411 0 275 3 0
33007 0 275 3 1
33008 0 275 3 1
470552 0 275 3 1
470553 0 275 3 1
470554 0 275 3 1
434838 1 276 2 1
219626 1 276 2 1
219627 0 276 3 1
219628 0 276 3 1
219629 0 276 3 1
434841 0 276 3 1
470814 0 276 3 1
470815 0 276 3 1
470817 0 276 3 1
470491 1 277 3 1
32764 1 277 3 0
25046 1 277 2 2
31909 1 277 1 3
25045 0 277 3 2
25047 0 277 3 2
31906 0 277 3 3
31907 0 277 3 3
31908 0 277 3 3
470492 0 277 3 1
470493 0 277 3 1
32756 1 278 3 1
32107 1 278 3 4
24330 1 278 2 2
31844 1 278 1 1
25576 1 278 1 1
25575 0 278 3 1
31845 0 278 3 1
31846 0 278 3 1
32106 0 278 3 4
32108 0 278 3 4
32757 0 278 3 1
32759 0 278 3 1
32760 0 278 3 1
32767 1 278 3 0
32768 1 278 3 0
470813 0 278 3 1
218948 1 279 3 1
470280 1 279 2 1
25063 1 279 2 4
471842 1 279 1 1
218947 0 279 3 1
218950 0 279 3 1
471843 0 279 3 1
25742 1 280 4 3
471340 1 280 3 0
25786 1 280 3 1
470816 1 280 2 3
471604 1 280 1 2
32346 1 280 1 1
25574 1 280 1 1
25575 0 280 3 1
25576 0 280 3 1
25577 0 280 3 1
25578 0 280 3 1
32347 0 280 3 1
470813 0 280 3 3
471342 0 280 3 0
471603 0 280 3 2
430918 1 281 3 3
33440 1 281 2 1
32743 1 281 2 1
25735 1 281 2 1
32615 1 281 1 1
25737 0 281 3 1
25738 0 281 3 1
25740 1 281 3 3
25741 1 281 3 3
25782 1 281 3 1
25783 1 281 3 1
25787 1 281 3 1
32616 0 281 3 1
32617 0 281 3 1
32742 0 281 3 1
32744 0 281 3 1
32746 0 281 3 1
33439 0 281 3 1
33443 0 281 3 1
32334 1 282 4 1
30227 1 282 2 3
30228 0 282 3 3
471346 1 283 3 3
470203 1 283 3 1
435305 1 283 3 3
218947 1 283 3 1
32890 1 283 2 1
32332 1 283 3 1
32333 1 283 3 1
32335 1 283 3 1
32742 0 283 4 1
32891 0 283 3 1
32892 0 283 3 1
32933 0 283 3 1
218949 0 283 3 1
470200 0 283 3 1
470201 0 283 3 1
470202 0 283 3 1
470204 0 283 3 1
471345 0 283 3 3
25785 1 284 3 1
32218 1 284 2 1
24989 1 284 2 1
471966 1 284 1 3
24993 0 284 3 1
25782 0 284 3 1
25783 0 284 3 1
25784 0 284 3 1
25787 0 284 3 1
25788 0 284 3 1
32217 0 284 3 1
32221 0 284 3 1
32222 0 284 3 1
32743 0 284 3 1
32744 0 284 3 1
32745 0 284 5 1
218539 1 285 2 1
31921 1 285 2 1
25775 1 285 2 1
426744 1 285 1 2
218482 1 285 1 1
24960 1 285 1 3
24959 0 285 3 3
31920 0 285 3 1
32743 1 285 3 3
32746 1 285 3 3
33440 0 285 3 1
33441 0 285 3 1
33443 0 285 3 1
218481 0 285 3 1
218484 0 285 3 1
31801 1 286 3 3
218919 1 286 2 1
218540 1 286 4 1
218541 1 286 3 1
218542 1 286 3 1
471626 1 287 3 0
32222 1 287 3 3
31922 1 287 3 3
218855 1 287 2 1
218483 1 287 2 3
25859 1 287 1 1
25861 0 287 3 1
25862 0 287 3 1
32216 0 287 3 3
32217 0 287 3 3
32218 0 287 3 3
32219 0 287 3 3
32220 0 287 3 3
33258 0 287 3 2
218484 0 287 3 3
218854 0 287 3 1
218856 0 287 3 1
218857 0 287 3 1
32158 1 288 2 1
26024 1 288 2 1
471077 1 288 1 1
219701 1 288 1 2
31919 1 288 3 3
31920 1 288 3 3
31923 1 288 3 3
32157 0 288 3 1
32159 0 288 3 1
218538 1 288 3 1
218539 1 288 3 1
218543 1 288 3 1
218920 0 288 3 1
218922 0 288 5 1
218923 0 288 3 1
218919 0 288 3 2
218921 0 288 3 2
218923 0 288 3 2
219702 0 288 3 2
219703 0 288 3 2
471078 0 288 3 1
471080 0 288 3 1
471625 1 288 3 0
471627 1 288 3 0
471629 1 288 3 0
26183 1 289 4 1
218402 1 289 3 1
218535 1 289 2 3
25885 1 289 2 4
26023 1 289 3 1
26026 1 289 3 1
26027 1 289 3 1
218400 0 289 3 1
218403 0 289 3 1
37732 1 290 3 3
32747 1 290 3 2
25696 0 290 5 1
186444 1 290 2 2
32340 1 290 2 3
31958 1 290 2 1
25946 1 290 2 0
470870 1 290 1 1
25947 0 290 3 0
25948 0 290 3 0
26184 1 290 3 1
26185 1 290 3 1
32337 0 290 3 3
32339 0 290 3 3
32341 0 290 3 3
32749 0 290 4 2
186445 0 290 3 2
218534 1 290 3 3
218538 0 290 3 3
218540 0 290 3 3
470873 0 290 3 1
305458 1 291 3 0
219574 1 291 1 3
25693 1 291 3 1
25694 1 291 4 1
25695 1 291 3 1
32742 0 291 3 3
173355 0 291 3 3
219571 0 291 3 3
219573 0 291 3 3
305457 0 291 3 0
33111 1 292 4 1
470871 1 292 3 1
218125 1 292 2 1
32162 1 292 2 1
24848 1 292 2 4
24849 0 292 3 4
25693 0 292 3 1
25698 0 292 3 1
218126 0 292 3 1
218715 1 293 4 1
471675 1 293 3 1
32993 1 293 3 2
471691 1 293 2 1
380170 1 293 2 3
25743 1 293 2 0
140264 1 293 1 3
32238 1 293 1 1
32237 0 293 3 1
32240 0 293 3 1
32990 0 293 3 2
32992 0 293 3 2
33115 1 293 3 1
33117 1 293 3 1
140263 0 293 3 3
380171 0 293 3 3
471676 0 293 3 1
471677 0 293 3 1
471693 0 293 3 1
25967 1 294 3 1
33299 1 294 2 1
32448 1 294 1 1
25744 1 294 3 0
25746 1 294 3 0
25747 1 294 3 0
25966 0 294 3 1
32444 0 294 3 1
32445 0 294 3 1
32449 0 294 3 1
32450 0 294 3 1
33298 0 294 3 1
218400 0 294 3 0
218402 0 294 3 0
218399 0 294 5 3
218400 0 294 3 3
218401 0 294 3 3
218404 0 294 3 3
218713 1 294 3 1
218714 1 294 3 1
218716 1 294 3 1
32447 1 295 4 1
219343 1 295 3 2
31673 1 295 3 1
470228 1 295 2 1
305799 1 295 2 0
218054 1 295 2 1
470622 1 295 1 1
31951 1 295 1 3
27657 1 295 1 2
25811 1 295 1 4
31675 0 295 3 1
31949 0 295 3 3
31950 0 295 3 3
31952 0 295 3 3
218055 0 295 3 1
218056 0 295 3 1
219344 0 295 3 2
305800 0 295 3 0
305802 0 295 3 0
470229 0 295 3 1
470230 0 295 3 1
470623 0 295 3 1
470625 0 295 3 1
180578 1 296 3 3
523191 1 296 2 1
471698 1 296 2 1
32240 1 296 1 3
32237 0 296 3 3
32238 0 296 3 3
32676 0 296 3 1
33112 1 296 3 1
33113 1 296 3 1
471697 0 296 3 1
523192 0 296 3 1
523194 0 296 3 1
521594 1 297 3 1
471997 1 297 3 1
471699 1 297 2 3
218012 1 297 2 1
199456 1 297 2 2
31986 1 297 2 1
32224 1 297 1 1
27557 1 297 1 3
31985 0 297 3 1
31987 0 297 3 1
32223 0 297 3 1
32245 0 297 3 1
32249 0 297 3 1
180574 1 297 3 3
180576 1 297 3 3
218886 1 298 2 1
218311 1 298 2 1
33116 1 298 2 3
33113 0 298 3 3
33115 0 298 3 3
522244 1 299 3 1
32446 1 299 3 1
218481 1 299 2 1
32955 1 299 2 1
232148 1 299 1 3
25969 1 299 1 3
25966 0 299 3 3
25967 0 299 3 3
32444 0 299 3 1
32447 0 299 3 1
32448 0 299 3 1
32449 0 299 3 1
32450 0 299 3 1
218888 1 299 3 1
522644 0 299 3 1
522647 0 299 3 1
218655 1 300 3 1
523111 1 300 2 4
219378 1 300 2 3
32990 1 300 2 0
471804 1 300 1 3
32956 1 300 3 1
32957 1 300 3 1
32991 0 300 3 0
32993 0 300 3 0
218485 1 300 3 1
218656 0 300 3 1
218657 0 300 3 1
218658 0 300 3 1
218660 0 300 3 1
219373 0 300 3 3
219376 0 300 3 3
219377 0 300 3 3
523109 0 300 3 4
471455 1 301 3 4
219554 1 301 2 4
32246 1 301 2 1
523193 1 301 1 3
262808 1 301 1 3
32247 0 301 3 1
32248 0 301 3 1
262809 0 301 3 3
471456 0 301 3 4
522007 0 301 3 1
522009 0 301 5 1
522010 0 301 3 1
522011 0 301 3 1
522012 0 301 3 1
522010 0 301 3 1
219357 1 302 3 1
26460 1 302 3 4
32307 1 302 2 4
219373 1 303 2 0
27942 1 303 2 3
32444 1 303 1 0
31984 1 303 1 0
31986 0 303 3 0
31987 0 303 3 0
31988 0 303 3 0
31989 0 303 3 0
31990 0 303 3 0
32447 0 303 3 0
32448 0 303 3 0
32449 0 303 3 0
32450 0 303 3 0
219375 0 303 3 0
219376 0 303 3 0
219378 0 303 3 0
522007 0 303 4 1
522008 0 303 3 1
522012 0 303 3 1
522207 1 304 3 3
522242 1 304 2 0
32991 1 304 2 0
27939 1 304 3 3
27940 1 304 3 3
27941 1 304 3 3
32992 0 304 3 0
32994 0 304 3 0
264089 0 304 3 2
522008 0 304 3 0
522011 0 304 3 0
218836 1 305 3 3
522508 1 305 2 1
31816 1 305 2 1
32995 1 305 1 1
31818 0 305 3 1
218834 0 305 3 3
218835 0 305 3 3
522244 1 305 3 0
522245 1 305 3 0
522651 1 306 2 4
423968 1 306 2 2
33110 1 306 2 3
32404 1 306 2 1
32406 0 306 3 1
423964 0 306 3 2
423965 0 306 3 2
522510 1 306 3 1
548105 1 306 3 3
548107 1 306 3 3
31833 1 307 1 3
31834 0 307 3 3
218658 1 308 3 2
199683 1 308 3 1
471260 1 308 2 1
31858 1 308 2 1
218657 1 308 1 2
31991 1 308 1 1
31994 0 308 3 1
199682 0 308 3 1
218655 0 308 3 2
218656 0 308 3 2
218659 0 308 3 2
31830 1 309 2 3
31827 0 309 3 3
31829 0 309 3 3
31859 1 309 3 1
31860 1 309 3 1
218656 1 309 3 2
218657 1 309 3 2
218660 1 309 3 2
471261 1 309 3 1
471262 1 309 3 1
169476 1 310 1 3
169471 0 310 3 3
169472 0 310 3 3
169473 0 310 3 3
169475 0 310 3 3
169477 0 310 3 3
168765 1 311 3 3
160947 1 311 3 3
31988 1 311 3 1
32219 1 311 2 1
31861 1 311 1 3
31859 0 311 3 3
31986 0 311 3 1
31987 0 311 3 1
31989 0 311 3 1
31990 0 311 3 1
32217 0 311 3 1
32218 0 311 3 1
32221 0 311 3 1
31829 1 312 3 3
32496 1 312 2 1
31860 1 312 2 3
31828 0 312 3 3
31859 0 312 3 3
168764 1 312 3 3
201460 0 313 5 1
33127 1 313 3 1
350093 1 313 2 3
33483 1 313 2 0
31858 0 313 3 1
31861 0 313 3 1
33128 0 313 3 1
33129 0 313 3 1
33484 0 313 3 0
33485 0 313 3 0
200686 0 313 3 1
200687 0 313 3 1
32536 1 314 3 3
430737 1 314 2 2
32325 1 314 2 0
32326 0 314 3 0
32532 0 314 3 3
32534 0 314 3 3
32844 0 314 3 1
32845 0 314 3 1
201458 1 314 3 1
201459 1 314 3 1
201461 1 314 4 1
201462 1 314 3 1
201463 1 314 3 1
430735 0 314 3 2
430736 0 314 3 2
33378 1 315 4 2
308501 1 315 3 3
200521 1 315 3 1
33036 1 315 2 1
32843 1 315 2 1
22459 1 315 2 3
33377 1 315 1 1
22458 0 315 3 3
33379 0 315 3 1
200520 0 315 3 1
200523 0 315 3 1
201459 0 315 3 1
201462 0 315 3 1
201463 0 315 3 1
199944 1 316 3 1
33377 1 316 3 2
308502 1 316 3 3
32535 1 317 3 3
200686 1 317 2 1
32536 0 317 3 3
199943 1 317 3 1
199946 1 317 3 1
200685 0 317 3 1
403103 1 318 3 3
200439 1 318 3 1
31827 1 318 2 1
31828 0 318 3 1
31829 0 318 3 1
31830 0 318 3 1
200356 0 318 3 1
200440 0 318 3 1
403102 0 318 3 3
403104 0 318 3 3
200520 1 319 2 0
200521 0 319 3 0
200522 0 319 3 0
200523 0 319 3 0
525981 1 320 3 3
199747 1 320 3 3
203060 1 320 2 3
199862 1 320 2 0
33380 1 320 2 3
33379 0 320 3 3
199866 0 320 3 0
199867 0 320 3 0
525978 0 320 3 3
525979 0 320 3 3
525980 0 320 3 3
199921 1 321 3 1
201296 1 321 2 1
199864 1 321 2 1
201297 0 321 3 1
200656 1 322 2 1
201463 1 322 1 3
199863 1 322 3 1
199866 1 322 3 1
199919 1 322 3 1
199920 1 322 3 1
201459 0 322 3 3
200313 1 323 4 1
200462 1 323 2 1
201431 1 323 1 1
200465 0 323 3 1
201435 0 323 3 1
201297 1 324 3 1
201134 1 324 3 4
199867 1 324 2 3
32076 1 324 2 1
200617 1 324 1 1
32077 0 324 3 1
200311 1 324 3 1
200312 1 324 3 1
200314 1 324 3 1
200618 0 324 3 1
200619 0 324 3 1
200620 0 324 3 1
201135 0 324 3 4
201296 0 324 3 1
201298 0 324 3 1
201299 0 324 3 1
201511 1 325 3 1
19587 1 325 3 3
526562 1 325 1 2
203304 1 325 1 3
19584 0 325 3 3
19586 0 325 3 3
19588 0 325 3 3
201512 0 325 3 1
201514 0 325 3 1
199721 1 326 3 1
32232 1 326 3 1
31671 1 326 2 0
201430 1 326 1 1
199722 0 326 3 1
201431 0 326 3 1
201435 0 326 3 1
201432 1 327 1 1
31672 1 327 3 0
32233 1 327 3 1
201429 0 327 3 1
201431 0 327 3 1
201434 0 327 3 1
201435 0 327 3 1
32831 1 328 2 1
19040 1 328 2 3
201515 1 328 1 1
19041 0 328 3 3
32830 0 328 3 1
32834 0 328 3 1
32835 0 328 3 1
201516 0 328 3 1
201517 0 328 3 1
201456 1 329 3 4
32997 1 329 3 0
201143 1 329 1 1
201142 0 329 3 1
201144 0 329 3 1
201146 0 329 3 1
32832 1 330 4 1
201662 1 330 3 3
200624 1 330 3 3
200622 0 330 3 3
200623 0 330 3 3
200625 0 330 3 3
200464 1 331 2 3
200222 1 331 2 1
199911 1 331 2 1
19833 1 331 2 4
200280 1 331 1 1
32831 1 331 3 1
32833 1 331 3 1
199910 0 331 3 1
199913 0 331 3 1
200221 0 331 3 1
200276 0 331 4 1
200278 0 331 3 1
200279 0 331 3 1
200463 0 331 3 3
200465 0 331 3 3
201657 1 331 3 3
201659 1 331 3 3
201660 1 331 3 3
201661 1 331 3 3
201759 1 332 4 1
201140 1 332 2 0
201106 1 332 2 1
200338 1 332 1 1
200277 0 332 3 0
200281 0 332 3 0
200282 0 332 3 0
200339 0 332 3 1
200340 0 332 3 1
200341 0 332 3 1
201108 0 332 3 1
201143 0 332 3 0
201144 1 333 4 1
68971 1 333 2 2
32234 1 333 2 3
32231 0 333 3 3
32232 0 333 3 3
201758 1 333 3 1
200570 1 334 2 3
19147 1 334 2 4
200568 0 334 3 3
201140 1 334 3 1
201145 1 334 3 1
201146 1 334 3 1
199791 0 335 3 1
199792 0 335 3 1
200285 0 336 13 3
276487 1 336 3 3
201641 1 336 3 3
199714 1 336 3 3
201640 0 336 3 3
276485 0 336 3 3
200693 1 337 2 3
199787 1 337 2 3
68972 1 337 2 3
68973 0 337 3 3
200283 1 337 3 3
200284 1 337 3 3
200286 1 337 3 3
199663 1 338 3 1
199658 1 338 3 1
199657 0 338 3 1
496682 1 339 2 3
259005 1 339 2 3
199664 1 339 3 1
259006 0 339 3 3
259007 0 339 3 3
457192 1 340 3 3
200271 1 340 2 1
199857 1 340 2 3
199729 1 340 2 3
199853 0 340 3 3
457191 0 340 3 3
201024 1 341 3 0
199797 1 341 3 1
199796 0 341 3 1
199798 0 341 3 1
199799 0 341 3 1
201025 0 341 3 0
16450 1 342 3 3
17820 1 342 2 2
17821 0 342 3 2
457189 1 343 4 0
200963 1 343 2 1
200964 0 343 3 1
200965 0 343 3 1
200966 0 343 3 1
201028 1 344 2 1
200219 1 344 2 4
199970 1 344 2 3
61389 1 344 2 3
186892 0 344 3 3
199971 0 344 3 3
201030 0 344 3 1
201714 1 345 3 1
200299 1 345 2 1
199665 1 345 1 3
199663 0 345 3 3
199664 0 345 3 3
199666 0 345 3 3
200300 0 345 3 1
362075 1 346 3 4
329688 1 346 3 2
457187 1 346 2 3
61388 1 346 2 3
16451 1 346 2 3
201715 1 346 3 1
329689 0 346 3 2
329690 0 346 3 2
329691 0 346 3 2
329692 0 346 3 2
457188 0 346 3 3
199947 1 347 2 3
201780 0 348 3 1
200393 1 348 2 3
189115 1 348 2 3
189111 0 348 3 3
189114 0 348 3 3
200394 0 348 3 3
201776 0 348 3 1
201777 0 348 3 1
201779 0 348 3 1
201776 0 348 3 3
201777 0 348 3 3
201778 0 348 4 3
417019 1 349 3 3
139922 1 349 2 3
139921 0 349 3 3
202640 1 350 2 3
201715 1 350 2 3
94004 1 350 2 3
8427 1 350 2 2
8426 0 350 3 2
201027 0 350 3 3
201029 0 350 3 3
201713 0 350 3 3
201716 0 350 3 3
114254 1 351 3 0
457185 1 351 2 1
114257 0 351 3 0
329690 0 351 3 2
329692 0 351 3 2
457186 0 351 3 1
201772 1 354 3 2
114255 1 354 2 1
201770 0 354 3 2
201771 0 354 3 2
201774 0 354 3 2
201775 0 354 3 2
458724 1 355 2 1
398521 1 355 2 3
398520 0 355 3 3
458723 0 355 3 1
458726 0 355 3 1
138247 1 357 2 2
489719 1 357 1 3
489713 0 357 3 3
489714 0 357 3 3
489716 0 357 3 3
457648 1 358 3 1
417495 1 358 2 3
457647 0 358 3 1
547260 0 358 3 3
547262 0 358 3 3
547264 0 358 3 3
511483 1 359 3 3
349513 1 359 2 3
349511 0 359 3 3
511481 0 359 3 3
511484 0 359 3 3
489178 1 360 3 3
489179 0 360 3 3
458910 0 361 3 1
458912 0 361 3 1
458913 0 361 3 1
457649 1 362 1 3
457647 0 362 3 3
457650 0 362 3 3
115036 1 363 3 0
115037 1 363 3 0
263981 0 364 3 3
