156253 3 2 1 0
417367 3 2 3 0
539819 3 2 3 0
23745 4 3 3 0
420321 4 3 4 0
492188 4 3 3 0
547591 4 3 1 0
163399 5 3 3 1
177181 5 4 3 1
315363 5 4 4 1
538364 5 1 3 0
169930 7 4 3 0
417366 7 3 1 0
316713 8 4 3 1
538362 8 3 1 0
83216 9 4 3 0
285438 9 3 1 0
488106 10 2 3 0
547829 10 3 1 0
285437 11 3 1 0
547623 13 2 1 0
286009 16 3 1 0
547838 16 3 3 0
547831 17 3 3 1
420599 18 3 1 0
458023 18 3 2 0
547835 20 3 1 0
419457 23 2 1 0
547010 23 3 1 0
420684 25 3 1 0
546666 25 3 3 0
419461 26 3 3 1
420691 31 3 3 0
547391 31 4 1 0
547736 31 3 3 0
547737 31 3 3 0
547262 32 3 1 0
419254 33 2 1 0
547225 35 1 3 0
547469 35 3 1 0
547903 35 3 1 0
548022 35 3 1 0
831 37 4 3 0
546659 38 2 1 0
297252 39 2 2 1
419836 39 4 1 0
420277 39 2 1 0
420746 39 2 1 0
547471 39 3 2 0
547975 39 3 1 0
419354 40 1 1 0
420276 41 3 1 0
546543 41 4 1 0
548102 41 4 3 0
420760 42 2 1 0
548021 42 2 1 0
419388 43 4 1 0
419391 43 2 3 0
419843 43 4 1 0
420295 43 3 1 0
546544 43 3 1 0
546670 43 3 1 1
548120 43 4 1 0
548191 43 3 1 0
419356 44 3 2 0
420123 44 2 3 1
420192 44 3 1 0
420278 44 4 1 0
420479 44 2 1 0
419622 45 2 1 0
420064 45 4 1 0
420665 45 2 1 0
419844 46 3 3 0
419845 46 4 3 1
419847 46 2 1 0
420577 46 3 4 1
269794 47 3 3 0
420066 47 3 3 0
420343 47 2 0 0
419250 48 4 1 0
419389 48 3 2 1
419422 48 4 1 0
419656 48 4 4 0
419734 48 1 3 0
419251 49 3 1 0
419841 49 3 4 1
548200 49 2 3 0
414529 50 3 1 0
419253 50 4 3 0
473287 50 5 3 0
548106 50 5 1 0
373274 51 3 3 0
415320 51 3 1 0
416186 51 3 3 0
419111 51 2 1 0
419424 51 2 3 0
419871 51 3 1 0
419410 52 3 1 0
445438 52 3 1 0
445502 52 3 3 0
546745 52 2 1 0
301793 53 2 3 0
413437 53 3 3 0
419138 53 1 1 0
419684 53 3 3 0
420237 53 3 3 1
421297 53 3 3 0
413673 54 2 3 0
420351 54 2 1 0
447737 54 3 4 0
414295 55 4 3 0
416185 55 2 1 0
419194 55 4 1 0
421294 55 2 1 1
414296 56 3 3 0
414298 56 3 4 0
414820 56 2 1 0
446251 56 3 2 1
546886 56 2 1 0
547037 56 2 1 0
301792 57 3 2 0
415454 57 4 4 1
419193 57 3 4 0
420069 57 3 3 0
419366 58 4 1 0
419685 58 4 3 0
420173 58 2 1 0
547862 58 3 1 0
419140 59 3 1 0
419472 60 2 1 0
420068 60 3 1 0
547033 60 4 3 1
422527 62 3 1 0
419676 63 4 1 0
419677 63 1 1 0
198670 65 4 3 0
267849 66 3 3 0
419338 66 2 1 0
264513 67 3 3 0
420538 67 3 1 0
419335 70 3 3 0
419341 70 3 3 0
419675 70 3 0 0
419118 71 2 3 0
420674 71 4 1 0
411400 73 2 1 0
467840 74 2 2 0
199196 75 3 3 1
419960 76 4 1 0
198893 77 2 1 0
420337 77 4 4 0
294632 78 3 3 0
269425 79 2 1 0
313563 79 3 3 0
294624 80 1 1 0
427313 80 3 3 0
198111 81 4 1 0
268486 81 3 1 0
267958 82 3 1 0
420848 82 3 1 0
197958 83 2 1 0
198112 83 3 1 0
418892 83 3 2 0
419349 83 2 4 0
198742 84 1 1 0
419336 84 4 3 0
427623 84 3 3 0
198105 85 3 3 0
199084 85 3 1 0
268718 85 3 1 0
197247 86 2 1 0
268452 86 4 1 0
320181 86 2 2 0
197959 87 4 1 0
419415 87 2 1 0
198608 88 2 3 0
293854 88 1 1 0
419544 89 2 1 1
420468 89 2 1 0
198818 91 4 0 0
293855 91 2 1 0
319974 91 2 1 0
419420 91 3 3 0
294710 92 3 4 0
419770 92 2 3 0
419868 92 3 1 0
420470 92 3 1 0
26101 93 3 3 0
320186 93 3 1 0
419546 93 4 3 0
118717 94 4 0 0
175783 94 2 2 0
320362 94 1 1 0
321292 94 1 0 0
419379 94 3 1 0
460326 94 4 3 0
321293 95 4 1 0
419545 95 3 3 0
319964 96 4 1 0
319966 96 1 2 0
320185 96 4 1 0
420050 97 2 1 0
420699 97 3 4 1
459505 97 2 1 0
460324 97 3 1 0
320484 98 3 1 0
320635 98 3 1 0
419377 99 4 3 0
420573 99 3 2 0
460515 100 3 1 0
243827 101 2 2 0
320337 101 3 3 0
320622 102 2 3 0
420641 102 3 3 1
460161 102 2 1 0
320664 103 4 1 0
321016 103 2 1 0
419815 103 2 2 0
460517 103 3 1 0
459925 104 3 1 1
321017 105 2 1 0
364038 105 2 4 0
460876 105 2 1 0
320367 107 4 3 0
419326 107 2 3 0
419581 107 3 1 0
420556 107 2 3 0
460084 107 2 1 0
460265 107 3 1 0
460267 107 2 1 0
9663 108 3 3 0
320694 108 1 1 0
420809 108 4 4 0
460266 108 3 1 0
461139 108 2 4 0
471309 110 3 0 0
392436 111 3 2 0
459577 111 3 3 1
321013 112 2 1 0
471311 113 3 3 0
320260 114 2 1 0
130989 115 3 3 0
391822 115 2 0 0
320274 116 3 3 0
460336 116 2 1 0
471317 116 2 1 0
130987 117 2 3 0
459902 117 2 1 0
471310 117 3 1 0
391821 118 2 0 0
460341 118 3 1 1
130990 119 3 3 0
320264 119 2 3 0
459303 119 2 1 0
393016 120 3 3 0
459629 120 2 1 0
460128 120 2 1 0
320263 121 4 3 0
460549 121 3 4 0
320262 122 3 1 1
459160 123 3 1 0
460342 123 4 2 0
449194 124 4 2 0
459911 124 4 1 0
460539 124 3 1 0
461003 124 2 1 0
460141 125 2 1 0
460358 125 2 0 0
460359 125 3 1 0
460895 125 2 3 0
461051 126 2 1 0
197179 127 3 1 0
253943 127 2 3 0
460138 127 2 3 0
530246 127 3 3 0
9470 128 3 2 0
449726 128 2 4 0
459640 128 2 1 0
460038 128 3 0 0
460917 128 2 1 0
196237 129 1 1 0
319255 129 3 1 1
459637 129 3 3 0
460352 129 3 1 0
460915 129 1 0 0
9471 130 3 3 1
320222 130 3 1 0
320553 130 2 1 0
459617 130 2 1 0
460214 130 4 4 0
460332 130 1 1 0
460833 130 3 1 0
197168 131 3 1 0
459641 131 3 3 0
459655 131 2 3 0
319538 132 2 1 0
322508 132 3 3 1
460042 132 2 3 0
460354 132 4 3 0
320807 133 3 1 0
459618 133 3 1 0
459658 133 3 1 0
460041 133 3 3 0
460114 133 2 1 0
460918 133 3 3 0
9472 134 4 3 0
319525 134 2 3 0
459619 134 3 3 0
459632 134 4 3 0
460145 134 2 1 0
460836 134 3 2 0
461107 134 4 1 0
9469 135 1 2 0
319537 135 2 1 0
375644 135 2 2 1
459597 135 1 2 0
460360 135 2 3 0
460367 135 2 1 0
461105 135 3 0 0
320461 136 3 3 0
461106 136 3 1 0
319306 137 3 3 0
319944 137 2 1 0
459680 138 3 1 0
461110 138 4 3 0
9473 139 3 3 0
9613 139 2 1 0
320809 139 3 3 0
459995 139 4 1 0
319945 140 3 3 0
320347 140 2 1 0
320457 141 4 1 0
320811 141 2 2 0
10030 142 3 1 0
10644 142 3 1 0
320728 142 2 1 0
459138 142 2 1 0
9388 143 5 1 0
10978 143 3 0 0
319880 143 2 4 0
459318 143 1 1 0
10408 144 2 1 0
10981 144 2 3 0
319929 144 3 3 0
10647 145 2 3 0
108571 145 2 3 0
319108 145 4 1 0
319148 145 3 1 0
319275 146 2 1 0
320730 146 1 3 0
10031 147 4 1 1
10409 148 3 3 0
319743 148 2 1 0
10766 149 4 1 0
546818 149 2 3 0
10765 150 2 1 0
320770 152 3 3 0
563260 152 3 3 1
10423 155 3 3 0
94232 155 2 2 0
320170 155 2 1 0
11017 156 2 3 0
29509 156 4 3 0
342635 157 3 3 0
459314 157 2 0 0
461092 157 4 1 0
461093 157 2 3 0
343272 158 1 0 0
460373 158 3 3 0
476496 160 1 1 0
325817 161 3 3 0
459322 161 3 1 1
460349 163 4 4 1
225962 164 3 3 0
460512 164 2 1 0
418873 165 3 1 0
475788 165 4 1 0
417657 166 3 1 0
460514 167 1 3 0
459733 168 4 1 0
417628 169 3 1 1
460511 169 3 0 0
418504 170 3 1 0
418909 170 3 1 0
418401 171 2 1 1
418772 171 3 1 0
459867 171 2 1 0
476154 171 1 1 0
476593 171 3 1 0
417748 172 4 1 0
418915 172 3 1 0
418947 172 1 1 0
476403 172 2 1 0
477226 172 2 2 0
417650 173 4 1 0
418565 173 3 1 0
475749 173 1 1 0
476594 173 2 3 0
477049 173 3 1 0
477376 173 2 1 0
418110 174 3 1 0
418111 174 2 1 0
460307 174 3 1 0
477078 174 3 3 0
477161 174 4 1 0
418045 175 4 2 0
418763 175 3 1 0
418771 175 4 1 0
418775 175 3 3 0
459132 175 3 1 0
417854 176 3 4 1
418367 176 4 4 0
418568 176 3 3 0
418770 176 3 3 0
477275 176 2 3 0
102391 177 2 3 0
418089 177 3 1 0
418287 177 3 1 0
418805 177 3 3 0
477273 177 5 1 0
417666 178 2 4 0
418113 179 2 1 1
418529 179 2 1 0
459549 179 3 3 0
155249 180 3 3 0
476490 180 4 4 0
477272 180 3 1 0
417424 181 2 3 0
460206 182 3 1 0
343172 183 3 2 1
417422 183 3 1 0
417613 183 2 1 0
476513 183 2 1 1
496087 183 1 3 1
418413 184 3 4 0
418409 185 3 1 0
459819 185 3 2 0
476491 185 3 4 1
417578 186 3 1 0
419028 186 2 1 1
476400 186 2 1 0
417957 187 3 3 0
418605 187 3 1 1
418464 188 3 1 0
418495 188 2 1 0
418496 188 4 1 0
418731 188 3 1 0
475674 188 4 1 0
418667 189 3 1 0
418687 189 2 1 1
435968 189 1 1 0
475980 189 3 1 0
417395 190 3 4 0
417836 190 3 3 0
418562 190 4 3 0
418882 190 3 4 0
419073 190 2 1 0
476399 190 2 1 0
476881 190 4 3 0
418183 191 3 1 0
418312 191 4 2 0
418497 191 4 3 0
418794 191 2 1 0
476030 191 2 3 0
476573 191 4 1 1
417390 192 4 1 0
418182 192 2 1 0
418733 192 3 3 0
418793 192 2 1 0
434705 192 2 1 0
435969 192 2 3 0
476223 192 4 2 0
476569 192 4 1 0
477320 192 3 1 0
211937 193 2 3 0
418669 193 3 3 0
436026 193 3 1 0
476765 193 2 1 0
505316 193 3 3 0
418477 194 3 0 0
418525 194 2 3 1
433923 194 4 1 0
433924 194 2 3 0
434627 194 2 1 0
475903 194 3 1 0
476376 194 3 1 0
476402 194 3 2 0
476543 194 4 3 1
476576 194 2 2 1
558589 194 3 3 0
287726 195 1 3 0
417617 195 3 3 0
418324 195 3 1 0
418688 195 4 3 0
418792 195 3 1 0
476306 196 4 4 1
476398 196 2 0 0
476889 196 3 1 0
505314 196 2 1 0
417577 197 2 1 0
418325 197 2 3 0
436025 197 2 0 0
476414 197 2 1 0
116824 198 4 2 0
420649 198 2 3 0
433959 198 3 0 0
433969 198 4 4 1
476578 198 3 1 1
77833 199 4 3 0
252626 199 3 3 0
417416 199 4 1 0
434626 199 3 1 0
435185 199 3 1 0
435404 199 2 1 0
475952 199 4 3 0
476626 199 2 1 0
476777 199 2 3 0
507157 199 4 1 0
419283 200 4 3 0
435548 200 3 1 0
435673 200 3 4 0
436027 200 2 3 0
475809 200 2 1 0
476535 200 2 1 0
417803 201 2 3 0
417894 201 1 1 0
418461 201 2 2 0
476892 201 3 3 0
477147 201 4 1 0
477151 201 3 1 0
417804 202 4 3 0
417936 202 2 3 0
418717 202 3 1 0
434328 202 2 3 0
434398 202 3 1 0
476891 202 2 3 0
477091 202 3 1 0
57872 203 2 3 0
70124 203 3 2 0
419282 203 2 1 0
435576 203 2 1 0
435577 203 4 1 0
476629 203 3 2 0
477158 203 2 4 1
418460 204 3 1 0
434363 204 3 3 0
475722 204 2 1 0
477142 204 2 1 0
117084 205 2 1 1
417583 205 2 1 0
418859 205 3 1 0
434625 205 4 1 0
435768 205 4 3 0
117210 206 3 1 0
170199 206 3 3 1
418463 206 4 3 0
435580 206 3 1 0
435582 206 3 3 1
419281 207 4 1 0
477242 207 4 4 1
520304 207 3 3 0
434225 208 4 1 0
418858 210 3 0 0
419284 210 2 3 1
434798 212 3 1 0
400609 213 4 3 0
417407 213 4 1 0
436022 213 4 1 0
417386 214 3 1 1
418860 214 3 2 0
434796 216 4 1 0
425608 217 3 3 0
419835 219 2 3 1
435697 219 3 3 0
236081 220 4 3 0
434636 220 3 1 0
461043 220 3 3 0
407239 221 2 3 0
236080 222 3 2 0
407638 222 2 3 0
434078 222 3 1 0
434817 222 3 1 1
434981 222 2 3 0
435996 222 3 1 0
434508 224 3 3 0
433901 225 2 1 0
434921 225 2 1 0
434972 225 3 1 0
67308 226 4 3 0
434580 226 2 1 0
435426 226 3 2 0
434970 228 3 1 0
433900 229 3 1 0
434922 229 3 1 0
434439 232 2 1 0
432805 233 4 3 0
434424 235 3 1 0
434090 236 3 0 0
434671 236 3 1 0
434116 237 4 1 0
435272 237 3 1 0
434672 239 3 1 0
290596 240 2 3 0
434668 240 3 1 1
435139 240 2 1 0
435465 240 3 1 0
433913 242 4 1 0
434352 242 3 1 1
434658 242 2 4 0
434351 244 2 1 0
433986 245 5 1 0
434050 245 1 1 0
434291 245 4 1 0
433985 246 3 0 0
433988 246 3 3 0
435988 246 2 1 0
435211 247 3 1 0
435344 247 4 1 0
433891 248 2 1 0
434293 248 2 1 1
434300 248 3 3 0
434659 248 3 1 0
433932 249 1 1 0
434305 249 3 1 0
434823 249 4 1 0
435840 249 3 1 0
435987 249 2 0 0
433967 250 4 1 0
435682 250 3 1 0
433968 251 4 3 0
434632 251 1 1 0
435338 251 3 1 0
435816 251 3 1 0
386993 252 3 2 1
433931 252 2 0 0
434229 252 4 1 0
471715 252 3 2 0
386848 253 2 4 1
434822 253 4 0 0
13522 254 4 3 0
434931 254 4 3 0
435135 254 1 1 0
473748 254 3 3 0
435511 255 1 1 0
435513 255 4 1 0
435345 256 3 3 0
435708 256 2 0 0
435913 257 4 4 0
471054 257 3 3 1
259449 258 3 3 0
434928 258 2 1 0
434743 259 4 4 1
24682 260 1 1 0
25226 260 1 1 0
434009 260 2 1 0
435817 260 3 1 0
471419 260 3 1 0
24684 261 3 4 0
259447 261 2 2 0
434429 261 3 1 0
435373 261 2 1 0
25006 262 4 1 0
434346 262 4 1 1
219470 263 2 3 0
435820 263 2 3 0
25287 264 4 1 0
26266 264 2 3 0
435341 264 4 3 0
25114 265 2 1 0
26168 265 3 3 0
26221 265 3 1 0
32110 265 3 1 0
433943 265 2 3 1
25494 266 3 3 1
26082 266 3 1 0
26102 266 4 1 0
433258 266 4 2 0
471370 266 1 1 0
219468 267 3 1 1
434104 267 5 1 1
435421 267 4 1 1
25104 268 2 4 0
31906 268 2 1 0
33008 268 4 1 0
61338 268 3 3 1
219463 268 1 3 0
25188 269 4 1 0
25354 269 2 3 1
26194 269 3 1 0
32100 269 4 3 0
434811 269 3 1 0
435422 269 4 2 0
511333 269 2 1 0
24873 270 3 1 0
25125 270 2 3 0
26108 270 3 1 0
33471 271 2 4 0
435471 271 3 1 0
25038 272 3 1 0
25482 272 3 2 0
32101 273 3 3 1
25123 274 3 1 0
25170 274 2 4 0
25392 274 4 3 0
25488 274 3 4 0
470817 274 3 3 0
24332 275 3 3 0
25575 275 4 1 0
31908 275 3 3 0
32408 275 3 0 0
33006 275 3 1 0
470550 275 2 1 0
470814 275 2 1 0
471931 275 3 1 0
219626 276 3 1 0
434838 276 3 1 0
470813 276 3 1 0
25046 277 3 2 0
31909 277 4 3 0
32764 277 2 0 0
470491 277 2 1 0
24330 278 3 2 0
25576 278 4 1 0
31844 278 4 1 0
32107 278 2 4 1
32756 278 2 1 0
470815 278 2 1 0
25063 279 3 4 1
218948 279 2 1 0
470280 279 3 1 0
471842 279 4 1 0
25574 280 4 1 0
25742 280 1 3 0
25786 280 2 1 0
32346 280 4 1 0
470816 280 3 3 0
471340 280 2 0 0
471604 280 4 2 0
25735 281 3 1 0
32615 281 4 1 1
32743 281 3 1 0
33440 281 3 1 0
430918 281 2 3 0
30227 282 3 3 0
32334 282 1 1 0
32744 283 2 1 0
32890 283 3 1 0
218947 283 2 1 0
435305 283 2 3 0
470203 283 2 1 0
471346 283 2 3 1
24989 284 3 1 0
25785 284 2 1 0
32218 284 3 1 0
32742 284 2 1 0
32745 284 1 3 0
471966 284 4 3 0
24960 285 4 3 0
25775 285 3 1 0
31921 285 3 1 0
32332 285 2 0 0
218482 285 4 1 0
218539 285 3 1 0
426744 285 4 2 0
31801 286 2 3 0
218919 286 3 1 0
25859 287 4 1 0
31922 287 2 3 0
32222 287 2 3 1
218483 287 3 3 0
218540 287 2 1 0
218855 287 3 1 0
471626 287 2 0 0
26024 288 3 1 0
32158 288 3 1 0
218922 288 2 2 0
219701 288 4 2 0
471077 288 4 1 0
25885 289 3 4 0
26183 289 1 1 0
218402 289 2 1 0
218535 289 3 3 0
25696 290 2 1 0
25946 290 3 0 0
31958 290 3 1 0
32340 290 3 3 0
32747 290 2 2 0
37732 290 2 3 0
186444 290 3 2 1
470870 290 4 1 0
32749 291 2 3 1
219574 291 4 3 0
305458 291 2 0 0
24848 292 3 4 0
25694 292 2 1 0
32162 292 3 1 0
33111 292 1 1 0
218125 292 3 1 0
470871 292 2 1 0
25743 293 3 0 0
32238 293 4 1 0
32993 293 2 2 0
140264 293 4 3 0
218715 293 1 1 0
380170 293 3 3 0
471675 293 2 1 0
471691 293 3 1 0
25967 294 2 1 0
32448 294 4 1 0
33299 294 3 1 0
218399 294 2 0 0
25811 295 4 4 1
27657 295 4 2 0
31673 295 2 1 0
31951 295 4 3 0
32447 295 1 1 0
33115 295 3 1 0
218054 295 3 1 0
219343 295 2 2 0
305799 295 3 0 0
470228 295 3 1 1
470622 295 4 1 0
32240 296 4 3 0
180578 296 2 3 0
471698 296 3 1 0
523191 296 3 1 0
27557 297 4 3 0
31986 297 3 1 0
32224 297 4 1 0
199456 297 3 2 0
218012 297 3 1 0
471699 297 3 3 1
471997 297 2 1 0
521594 297 2 1 0
33116 298 3 3 0
218311 298 3 1 0
218886 298 3 1 0
25969 299 4 3 0
32446 299 2 1 0
32955 299 3 1 0
218481 299 3 1 0
232148 299 4 3 0
522244 299 2 1 0
32990 300 3 0 0
218655 300 2 1 0
219378 300 3 3 1
471804 300 4 3 0
523111 300 3 4 0
32246 301 3 1 0
219554 301 3 4 0
262808 301 4 3 0
471455 301 2 4 1
522009 301 2 1 0
523193 301 4 3 0
26460 302 2 4 0
32307 302 3 4 0
219357 302 2 1 0
27942 303 3 3 0
31984 303 4 0 0
32444 303 4 0 0
219373 303 3 0 0
522010 303 3 1 0
32991 304 3 0 0
522007 304 3 0 0
522207 304 2 3 0
522242 304 3 0 0
31816 305 3 1 0
32995 305 4 1 0
218836 305 2 3 0
522508 305 3 1 1
32404 306 3 1 0
33110 306 3 3 0
423968 306 3 2 1
522651 306 3 4 1
31833 307 4 3 0
31858 308 3 1 0
31991 308 4 1 0
199683 308 2 1 0
218657 308 4 2 0
218658 308 2 2 0
471260 308 3 1 0
31830 309 3 3 0
169476 310 4 3 0
31861 311 4 3 0
31988 311 2 1 0
32219 311 3 1 0
160947 311 2 3 0
168765 311 2 3 0
31829 312 2 3 0
31860 312 3 3 0
32496 312 3 1 0
33127 313 2 1 0
33483 313 3 0 0
201460 313 1 1 0
350093 313 3 3 0
32325 314 3 0 0
32536 314 2 3 0
430737 314 3 2 1
22459 315 3 3 0
32843 315 3 1 1
33036 315 3 1 0
33377 315 4 1 0
33378 315 1 2 0
200521 315 2 1 0
201461 315 2 1 0
308501 315 2 3 0
199944 316 2 1 0
32535 317 2 3 0
200686 317 3 1 0
31827 318 3 1 0
200439 318 2 1 0
403103 318 2 3 0
200520 319 3 0 0
33380 320 3 3 0
199747 320 2 3 0
199862 320 3 0 0
203060 320 3 3 0
525981 320 2 3 0
199864 321 3 1 0
199921 321 2 1 0
201296 321 3 1 0
200656 322 3 1 0
201463 322 4 3 0
200313 323 1 1 0
200462 323 3 1 0
201431 323 4 1 0
32076 324 3 1 0
199867 324 3 3 0
200617 324 4 1 0
201134 324 2 4 0
201297 324 2 1 0
19587 325 2 3 0
201511 325 2 1 0
203304 325 4 3 0
526562 325 4 2 0
31671 326 3 0 0
32232 326 2 1 0
199721 326 2 1 0
201430 326 4 1 0
201432 327 4 1 0
19040 328 3 3 0
32831 328 3 1 0
201515 328 4 1 0
32997 329 2 0 0
201143 329 4 1 0
201456 329 2 4 1
32832 330 1 1 0
200622 330 3 1 0
200624 330 2 3 0
201516 330 2 1 0
201662 330 2 3 0
19833 331 3 4 0
199911 331 3 1 0
200222 331 3 1 0
200280 331 4 1 0
200464 331 3 3 0
200276 332 3 0 0
200338 332 4 1 0
201106 332 3 1 0
201140 332 3 0 0
201759 332 1 1 1
32234 333 3 3 0
68971 333 3 2 0
201144 333 1 1 0
19147 334 3 4 0
200570 334 3 3 1
199714 336 2 3 1
201641 336 2 3 1
276487 336 2 3 0
68972 337 3 3 1
199787 337 3 3 0
200693 337 3 3 1
199658 338 2 1 0
199663 338 2 1 0
259005 339 3 3 0
496682 339 3 3 0
199729 340 3 3 0
199857 340 3 3 0
200271 340 3 1 0
457192 340 2 3 0
199797 341 2 1 0
201024 341 2 0 0
16450 342 2 3 1
17820 342 3 2 0
200963 343 3 1 1
457189 343 1 0 0
61389 344 3 3 1
199970 344 3 3 0
200219 344 3 4 0
201028 344 3 1 0
199665 345 4 3 0
200299 345 3 1 0
201714 345 2 1 0
16451 346 3 3 0
61388 346 3 3 0
329688 346 2 2 0
362075 346 2 4 0
457187 346 3 3 0
199947 347 3 3 0
189115 348 3 3 0
200393 348 3 3 1
201780 348 3 3 0
139922 349 3 3 0
201778 349 3 1 0
417019 349 2 3 1
8427 350 3 2 0
94004 350 3 3 0
201715 350 3 3 0
202640 350 3 3 0
114254 351 2 0 0
457185 351 3 1 0
114255 354 3 1 0
201772 354 2 2 0
398521 355 3 3 0
458724 355 3 1 0
138247 357 3 2 1
489719 357 4 3 0
417495 358 3 3 0
457648 358 2 1 0
349513 359 3 3 0
511483 359 2 3 0
489178 360 2 3 0
115035 362 2 0 0
457649 362 4 3 0
311917 363 3 3 0
263982 364 3 3 1
