220831 1 4 2 3
179002 1 4 2 3
66332 1 4 2 3
66328 0 4 3 3
66329 0 4 3 3
274670 0 4 3 1
274673 0 4 3 1
274674 0 4 3 1
274675 0 4 3 1
274676 0 4 3 1
360624 1 5 1 2
274671 1 5 1 1
179918 1 5 1 3
282809 0 5 3 3
360623 0 5 3 2
226454 1 6 2 3
282808 1 6 0 3
226449 0 6 3 3
226453 0 6 3 3
420749 1 7 3 1
274675 1 7 3 3
420416 1 7 2 3
115775 0 7 4 1
115777 0 7 3 1
115778 0 7 3 1
274672 0 7 3 3
274674 0 7 3 3
274676 0 7 3 3
420414 0 7 3 3
420415 0 7 3 3
282807 1 8 3 1
448230 1 8 1 3
115777 0 8 3 0
448227 0 8 3 3
448228 0 8 3 3
421520 1 9 3 3
419370 1 11 2 1
419372 0 11 3 1
448228 1 12 2 1
448229 0 12 3 1
448230 0 12 3 1
274667 0 15 3 3
360626 1 16 1 3
115777 1 17 3 3
115775 0 17 3 3
117257 0 18 4 3
117256 0 18 3 1
117261 0 18 3 1
117260 1 19 3 3
117255 0 19 3 3
117256 0 19 3 3
117258 0 19 3 3
117259 0 19 3 3
219020 1 20 2 3
72854 1 20 2 3
219019 0 20 3 3
72859 1 21 3 3
117259 0 22 13 3
117254 1 23 1 3
117253 0 23 3 3
117255 1 23 3 3
117256 1 23 3 3
117257 1 23 3 3
117260 1 23 3 3
357717 1 30 3 3
357714 0 30 3 3
357715 0 30 3 3
219302 1 36 1 3
218009 1 40 1 4
219303 0 36 3 3
