12988 0 6 6 2 1
34722 0 6 6 3 0
34858 0 6 6 1 0
147625 1 4 6 3 0
155651 0 6 6 4 1
156528 0 6 6 2 1
228408 0 6 6 3 0
229070 1 3 6 3 0
261085 0 6 6 3 0
277067 1 3 6 4 1
317846 1 3 6 4 0
332366 0 6 6 4 0
332881 0 6 6 1 1
411869 0 6 6 3 0
457051 1 3 6 3 0
478644 1 4 6 1 0
511136 0 6 6 3 0
517124 0 6 6 3 0
538537 0 6 6 1 0
557883 0 6 6 3 0
332880 0 6 8 1 0
333111 1 3 8 1 0
34532 0 6 9 1 0
34698 1 5 9 1 0
179242 1 2 9 2 0
229067 1 3 9 2 0
477537 1 2 9 1 0
478643 1 5 9 1 0
478738 1 4 9 1 0
11985 0 6 10 3 0
33516 1 3 10 1 0
34857 0 6 10 0 0
228409 0 6 10 4 0
277066 0 6 10 4 0
457050 0 6 10 3 0
457860 0 6 10 1 0
477442 1 5 10 1 0
511137 0 6 10 3 1
537636 1 3 10 1 0
1728 1 2 11 2 0
199976 1 3 11 3 0
34859 1 2 12 1 0
331821 0 6 12 1 0
332878 0 6 12 1 0
332995 0 6 12 1 0
477484 1 2 12 1 0
1722 1 4 13 2 0
8967 0 6 13 3 0
34329 0 6 13 1 0
331867 0 6 13 1 0
333175 0 6 13 1 0
333541 0 6 13 3 0
478741 0 6 13 3 0
33515 0 6 14 1 0
34527 1 4 14 4 0
35325 0 6 14 1 0
229069 0 6 14 3 0
331804 0 6 14 1 0
333376 1 3 14 1 0
477476 0 6 14 1 0
539107 0 6 14 1 0
199975 1 3 15 3 0
235637 1 2 15 3 0
332581 0 6 15 1 0
333097 1 3 15 1 0
333169 0 6 15 1 0
333176 1 3 15 1 0
434598 1 3 15 3 0
34024 0 6 16 2 0
331820 1 4 16 1 1
332419 0 6 16 1 0
477478 1 4 16 1 0
477986 0 6 16 1 0
34330 0 6 17 1 0
34337 1 3 17 1 0
34833 0 6 17 1 0
231853 0 6 17 3 0
332090 1 4 17 3 0
332423 0 6 17 3 0
332904 0 6 17 1 0
8968 1 2 18 4 1
34332 0 6 18 3 0
174387 1 2 18 3 0
235633 0 6 18 0 0
331822 1 3 18 3 1
331826 0 6 18 1 0
332079 1 3 18 1 0
332356 0 6 18 1 0
332733 0 6 18 1 0
332859 0 6 18 1 0
33625 1 3 19 3 0
34823 0 6 19 2 0
235635 0 6 19 1 0
331825 1 4 19 3 0
331827 1 4 19 3 0
331853 0 6 19 1 0
332040 0 6 19 1 0
332398 0 6 19 1 0
332420 0 6 19 1 0
332807 1 3 19 3 1
333088 1 4 19 1 0
333098 1 4 19 1 0
333177 1 2 19 2 1
333383 1 2 19 1 0
338391 0 6 19 3 0
478360 0 6 19 4 1
33784 1 3 20 1 1
34835 1 4 20 1 0
331724 0 6 20 1 0
331732 0 6 20 1 0
331815 1 4 20 1 0
332007 1 3 20 1 1
332858 1 3 20 1 1
497142 0 6 20 3 0
33725 1 4 21 2 0
235636 1 4 21 2 0
331714 0 6 21 1 0
331793 0 6 21 4 0
331823 0 6 21 3 0
331829 1 2 21 3 0
332285 0 6 21 1 1
333145 0 6 21 1 0
8966 0 6 22 3 0
32058 1 3 22 3 0
34339 0 6 22 3 0
332008 0 6 22 1 0
332201 1 3 22 1 0
332418 1 2 22 2 0
332538 0 6 22 1 0
332571 0 6 22 1 1
332852 0 6 22 1 0
332907 0 6 22 3 0
333162 0 6 22 1 0
333264 0 6 22 1 0
333315 0 6 22 1 0
333533 0 6 22 1 0
331828 1 3 23 3 0
331841 0 6 23 3 0
332421 1 2 23 1 0
332540 0 6 23 3 0
333156 0 6 23 1 0
333173 0 6 23 3 0
333382 1 3 23 1 0
34553 1 2 24 1 0
244014 1 4 24 2 0
332961 0 6 24 3 0
333386 0 6 24 3 0
333488 0 6 24 1 0
333532 1 3 24 1 0
340937 0 6 24 3 0
545048 1 4 24 3 0
201613 0 6 25 3 1
332197 0 6 25 1 0
332203 1 4 25 1 0
332537 0 6 25 1 0
333534 0 6 25 3 1
32057 0 6 26 3 0
320985 0 6 26 3 0
332853 1 3 26 1 0
333146 1 2 26 3 0
333159 1 4 26 3 0
333161 0 6 26 1 0
333164 0 6 26 3 0
333530 0 6 26 1 0
430262 1 3 26 3 0
328570 0 6 27 3 0
331940 0 6 27 1 0
332199 1 4 27 3 0
332854 0 6 27 3 0
332879 0 6 27 1 0
333102 1 3 27 2 0
333316 1 5 27 3 0
333430 0 6 27 1 0
333531 0 6 27 1 0
112689 1 3 28 4 0
250776 1 2 28 2 0
332200 0 6 28 3 1
332320 0 6 28 1 0
333154 1 3 28 3 0
333208 0 6 28 4 0
333319 0 6 28 1 0
333487 0 6 28 1 0
111531 0 6 29 4 0
324328 1 4 29 3 0
333144 1 2 29 1 0
333210 1 5 29 1 0
333314 1 4 29 1 0
333499 1 2 29 1 0
468755 0 6 29 3 0
250778 0 6 30 3 1
333141 0 6 30 3 0
333318 1 3 30 0 0
333491 0 6 30 3 0
332312 1 4 31 0 0
332653 1 3 31 2 0
333143 0 6 31 0 0
493477 1 4 31 3 1
320984 0 6 32 2 0
332000 0 6 32 1 0
332563 0 6 32 1 0
333211 0 6 32 1 0
333313 0 6 32 3 0
333320 1 3 32 3 0
333431 1 4 32 1 0
333447 0 6 32 4 1
416059 1 3 32 2 0
250403 1 3 33 3 0
250774 1 4 33 3 0
332161 0 6 33 1 0
332314 1 3 33 1 0
332567 1 3 33 1 0
333213 1 3 33 2 0
424167 0 6 33 3 1
6682 1 4 34 3 0
147309 0 6 34 2 0
174596 1 2 34 3 0
250777 0 6 34 2 1
331980 1 4 34 0 0
331999 0 6 34 0 0
332315 1 3 34 3 1
333366 0 6 34 1 0
337560 1 3 34 3 0
415920 1 3 34 3 0
250773 0 6 35 2 0
332102 0 6 35 2 0
332160 0 6 35 1 0
332164 1 3 35 3 0
332472 0 6 35 4 0
332564 0 6 35 3 0
333212 1 4 35 1 0
403671 1 4 35 3 0
332316 1 3 36 3 0
332561 1 5 36 1 0
333214 1 4 36 3 0
333453 0 6 36 4 0
469860 1 2 36 3 0
217478 0 6 37 3 0
333217 0 6 37 2 0
333367 0 6 37 3 0
333493 0 6 37 2 0
333371 0 6 38 3 0
425346 1 3 38 3 0
175074 1 3 39 4 1
309614 0 6 39 3 0
450420 0 6 39 3 0
332313 0 6 40 1 0
174459 0 6 41 1 0
533869 0 6 41 2 0
332067 1 4 42 4 0
332678 1 3 42 1 0
425347 0 6 42 3 0
461630 1 3 42 3 0
512806 1 3 42 2 1
36380 0 6 43 3 0
331879 0 6 43 1 0
332324 0 6 43 3 0
332677 1 2 44 1 0
425345 0 6 44 1 0
332679 0 6 46 3 0
331884 0 6 49 3 0
