5882 0 6 6 3 1
49186 1 2 6 3 0
114826 1 3 6 0 0
133738 0 6 6 3 0
189712 1 3 6 4 0
223274 1 2 6 1 0
252671 1 4 6 3 0
290155 0 6 6 3 0
342984 0 6 6 3 0
376202 1 5 6 2 1
387689 1 3 6 4 0
419736 0 6 6 4 0
431278 0 6 6 3 1
439280 0 6 6 3 0
451137 1 5 6 1 0
458382 0 6 6 1 0
459233 1 3 6 4 1
473573 0 6 6 4 1
492557 0 6 6 3 0
222932 1 4 7 1 0
223044 0 6 7 1 0
431277 0 6 7 1 1
113510 0 6 8 0 0
223275 0 6 8 3 0
439270 1 3 8 3 0
458381 0 6 8 1 0
114053 1 3 9 0 0
210361 1 4 9 3 0
222645 0 6 9 1 1
223493 1 3 9 1 0
49184 0 6 10 0 0
201031 1 3 10 3 1
223273 0 6 10 1 0
223531 0 6 10 1 0
402058 0 6 10 2 0
431279 1 3 10 3 0
222933 0 6 11 1 1
223494 0 6 11 1 0
439936 0 6 11 4 1
458385 0 6 11 2 0
517849 0 6 11 3 0
113511 0 6 12 1 0
115025 1 3 12 4 1
210356 0 6 12 0 0
222150 0 6 12 1 0
222644 1 2 12 1 0
511301 0 6 12 3 0
222152 1 2 13 3 0
222676 0 6 13 1 0
223005 0 6 13 1 0
223227 0 6 13 4 0
114417 0 6 14 3 0
222787 0 6 14 2 0
222935 0 6 14 3 0
479744 0 6 14 3 0
222086 0 6 15 1 0
222205 0 6 15 1 0
223033 1 5 15 1 0
223584 0 6 15 1 0
439937 0 6 15 4 1
114241 0 6 16 1 0
222592 1 4 16 1 0
222668 0 6 16 1 0
222675 0 6 16 1 0
222085 1 3 17 1 0
222669 1 3 17 1 0
20522 0 6 18 3 0
114239 0 6 18 1 0
221984 1 3 18 4 0
222677 0 6 18 3 0
226987 0 6 18 3 0
246461 0 6 18 3 0
221533 1 4 19 1 0
222591 0 6 19 1 0
223387 1 2 19 1 0
223583 0 6 19 1 0
479741 1 2 19 1 0
113951 1 2 20 1 0
222088 1 3 20 1 0
223101 1 5 20 1 0
114243 0 6 21 3 0
221803 1 3 21 1 0
222672 0 6 21 3 0
222697 1 3 21 1 1
222899 0 6 21 1 0
222956 1 2 21 1 0
223098 0 6 21 1 0
113647 0 6 22 4 0
114107 1 4 22 2 0
114240 0 6 22 1 0
114251 0 6 22 3 0
115339 0 6 22 1 0
221730 0 6 22 1 0
221862 0 6 22 1 0
222747 0 6 22 1 0
223103 0 6 22 3 1
223386 0 6 22 1 0
223389 0 6 22 3 0
246459 0 6 22 0 0
218026 0 6 23 2 0
221534 0 6 23 3 0
221700 0 6 23 1 0
221863 0 6 23 1 0
222225 0 6 23 1 0
222432 0 6 23 1 0
222738 0 6 23 1 0
223393 0 6 23 1 0
114728 1 3 24 1 0
221729 0 6 24 0 0
222730 0 6 24 1 0
222836 1 3 24 1 0
223488 0 6 24 3 1
479900 1 3 24 1 0
113946 0 6 25 1 0
114252 1 3 25 3 0
115538 0 6 25 1 0
222698 1 4 25 1 0
222837 1 4 25 3 0
113597 1 3 26 3 0
114013 1 4 26 1 0
114101 0 6 26 1 0
181285 1 3 26 1 0
222438 1 3 26 3 0
222835 1 3 26 1 0
223099 1 1 26 1 0
246462 0 6 26 0 0
479597 0 6 26 1 0
113600 0 6 27 1 0
180116 0 6 27 3 0
222736 1 4 27 1 0
479902 1 2 27 1 0
497530 1 3 27 3 0
221581 0 6 28 3 0
221703 1 2 28 3 0
221732 0 6 28 3 0
222164 1 4 28 1 0
222434 0 6 28 1 0
222731 0 6 28 1 0
222737 1 2 28 1 0
222775 0 6 28 1 0
222838 0 6 28 3 1
479600 1 2 28 1 0
479901 0 6 28 1 0
113749 1 4 29 1 0
180308 1 4 29 4 0
222834 1 4 29 1 0
223100 0 6 29 1 0
223281 0 6 29 1 0
113595 0 6 30 0 0
113751 0 6 30 3 1
181273 0 6 30 1 0
217629 1 3 30 3 0
221802 0 6 30 3 1
222405 0 6 30 1 0
222532 1 3 30 1 0
223045 1 4 30 1 0
223282 1 4 30 1 0
113747 1 3 31 3 0
221801 1 3 31 2 0
222802 0 6 31 1 0
223102 1 3 31 2 0
223120 0 6 31 1 0
391215 0 6 31 3 0
504542 0 6 31 3 0
114103 0 6 32 1 0
114955 0 6 32 4 0
115099 1 3 32 1 0
221547 1 4 32 1 0
221579 0 6 32 2 0
221728 0 6 32 0 0
222777 1 3 32 3 0
479899 0 6 32 1 0
115066 0 6 33 1 0
222530 1 4 33 0 0
222535 1 4 33 3 0
222803 1 4 33 1 1
222833 1 2 33 1 0
223119 1 4 33 1 0
223260 1 4 33 1 0
392835 0 6 33 3 0
504192 1 2 33 3 0
113992 0 6 34 1 1
115100 0 6 34 1 0
155890 1 3 34 3 0
166340 1 4 34 2 0
221629 0 6 34 1 0
221731 0 6 34 2 0
223350 0 6 34 1 0
113693 0 6 35 3 0
114054 1 2 35 1 0
114205 1 4 35 1 0
222385 0 6 35 1 0
222531 1 3 35 1 0
222588 0 6 35 1 0
223176 0 6 35 4 0
223207 1 4 35 2 0
223259 1 3 35 1 0
404924 0 6 35 2 0
499175 1 2 35 3 0
114720 0 6 36 1 0
115098 1 3 36 0 0
164721 1 4 36 2 0
222800 0 6 36 1 0
223262 1 2 36 3 0
228257 1 3 36 3 0
114105 1 3 37 3 1
221548 1 3 37 1 0
222801 0 6 37 1 0
223118 1 4 37 1 1
223261 1 4 37 1 0
115566 0 6 38 1 0
223122 1 3 38 3 0
223264 0 6 38 4 0
114060 0 6 39 3 1
114498 0 6 39 1 0
114721 1 3 39 1 0
221821 0 6 39 1 0
221890 0 6 39 1 0
222095 1 4 39 1 0
222534 1 4 39 3 0
223437 0 6 39 1 0
229409 0 6 39 3 0
454011 1 4 39 3 0
115306 1 3 40 1 0
221546 0 6 40 0 0
221550 0 6 40 2 0
229660 1 4 40 3 0
114499 0 6 41 3 1
222269 0 6 41 1 0
223095 0 6 41 1 0
223600 0 6 41 1 0
115083 0 6 42 1 0
221854 1 3 42 1 0
454010 1 4 42 1 0
115304 1 3 43 1 0
221545 1 4 43 0 0
222094 1 3 43 1 0
222113 1 3 43 1 0
113917 0 6 44 1 0
114500 0 6 44 3 0
221782 0 6 44 4 1
223094 0 6 44 1 1
452843 1 3 44 1 0
223058 1 1 45 1 0
113590 1 4 46 1 0
221676 1 3 46 1 1
221833 1 2 46 4 0
221855 1 3 46 3 1
221856 1 3 46 3 0
223092 0 6 46 1 0
452614 1 4 46 1 1
453187 0 6 46 1 0
453803 1 5 46 1 0
454254 0 6 46 1 0
114617 0 6 47 3 0
221678 0 6 47 3 0
114004 0 6 48 1 0
222789 1 3 48 1 0
113588 0 6 49 0 0
221565 1 3 49 1 0
221708 0 6 49 1 0
222790 0 6 49 3 0
453888 0 6 49 1 0
454256 0 6 49 3 0
223093 0 6 50 1 0
223097 0 6 50 3 0
453189 0 6 50 3 0
452815 1 2 51 1 0
376 1 2 52 3 0
221710 0 6 52 1 0
222742 1 2 52 1 0
453057 0 6 52 1 0
221635 0 6 53 1 0
222450 1 3 53 1 0
223328 0 6 53 3 0
452925 0 6 53 4 1
454041 0 6 54 1 0
221709 1 2 55 1 0
222181 0 6 55 1 0
222878 1 3 55 1 0
182107 0 6 56 3 1
221583 0 6 56 1 0
222451 1 3 56 1 0
222744 1 3 56 3 0
222883 0 6 56 3 1
452816 0 6 56 2 0
44573 1 3 57 3 0
221841 1 4 57 1 1
222100 0 6 57 1 0
222452 1 3 57 3 0
222751 0 6 57 4 0
182106 0 6 59 2 0
222877 1 4 59 1 0
453464 0 6 59 3 0
453948 0 6 59 1 0
222290 0 6 60 2 0
453950 1 3 60 3 0
475282 1 3 60 2 1
44243 0 6 61 3 0
44571 1 3 61 2 0
45459 1 2 61 3 0
182108 0 6 61 4 0
221604 0 6 61 3 0
221842 0 6 61 3 0
452813 1 4 61 0 0
453463 0 6 62 3 0
222875 0 6 63 1 0
453944 0 6 63 3 0
152628 0 6 64 3 0
270232 1 4 64 3 1
453466 0 6 65 4 1
34529 1 2 66 3 0
45223 0 6 66 3 0
45460 0 6 66 3 0
71968 0 6 66 3 0
130984 0 6 66 2 0
183102 1 5 66 4 0
221526 0 6 68 1 0
222440 0 6 68 3 0
187917 1 3 69 3 0
222342 1 3 69 1 0
221527 0 6 70 1 0
453461 1 4 70 2 0
187919 1 3 71 4 0
222876 1 5 72 1 0
187948 1 5 73 1 0
222344 0 6 73 3 0
223596 0 6 74 1 1
187419 1 3 75 1 1
188394 1 4 75 1 0
187455 0 6 76 1 0
223036 1 4 76 1 0
188398 0 6 78 3 0
221954 1 4 78 1 0
273393 1 3 78 3 0
221957 0 6 80 0 0
222627 0 6 80 1 0
187557 0 6 83 3 1
222958 1 3 85 1 0
187552 0 6 87 3 1
187556 0 6 87 3 0
222960 0 6 89 1 0
188321 0 6 92 3 0
913 1 4 96 3 0
