147625 3 2 3 0
478644 3 2 1 0
229070 4 3 3 0
277067 4 3 4 1
317846 4 3 4 0
457051 4 3 3 0
34698 5 1 1 0
478643 5 1 1 0
333111 6 3 1 0
477442 6 1 1 0
478738 6 2 1 0
229067 7 3 2 0
33516 8 3 1 0
179242 8 4 2 0
477537 8 4 1 0
537636 8 3 1 0
199976 9 3 3 0
333115 9 2 3 0
1728 10 4 2 0
33518 10 1 3 1
35280 10 2 1 0
199858 10 2 3 0
459693 10 2 3 0
478115 10 3 1 0
478973 11 4 1 0
178717 12 3 1 0
199971 12 4 2 0
333114 12 4 3 0
478111 12 2 3 0
478968 12 2 1 0
459692 13 3 3 0
477842 13 3 1 0
538233 13 2 1 0
538908 13 3 1 0
37665 14 3 4 1
257278 14 3 3 0
538632 14 2 4 0
539016 14 2 1 0
154631 15 4 3 0
539019 15 3 1 0
33815 16 3 0 0
35238 16 4 4 0
38288 16 3 2 0
179391 16 3 1 0
478163 16 5 4 1
478811 16 2 1 0
537705 16 2 1 0
178225 17 3 1 0
331822 17 3 3 1
478116 17 4 1 0
538240 17 4 1 0
38289 18 2 3 0
178234 18 1 3 0
478967 18 2 1 0
179392 19 2 1 1
458861 19 2 1 0
478976 19 3 3 0
538122 19 3 1 0
539053 19 3 1 0
539156 19 2 1 0
34958 20 4 0 0
311246 20 3 3 0
458858 20 4 1 0
477581 20 3 1 0
478034 20 2 1 0
178226 21 3 1 0
477584 21 2 3 0
478072 21 3 1 1
538327 21 1 1 0
414780 22 3 1 0
457130 22 2 1 0
457430 22 2 1 0
458097 22 3 1 0
538115 22 3 1 1
178498 23 2 0 0
457753 23 3 1 0
466031 23 4 3 0
477592 23 2 1 0
478858 23 3 1 1
537530 23 1 1 1
539155 23 2 1 0
34960 24 3 3 0
178501 24 2 3 0
457370 24 1 1 0
458127 24 4 1 0
459019 24 3 1 0
477583 24 2 3 0
538551 24 3 1 0
538953 24 3 1 0
413967 25 2 1 0
457156 25 4 3 0
459115 25 2 1 0
458096 26 3 1 0
458098 26 3 1 0
458099 26 3 3 0
537832 26 2 1 0
538548 26 2 1 1
69734 27 4 3 0
457167 27 3 1 0
478528 27 4 4 0
538326 27 4 0 0
538627 27 2 1 0
538905 27 3 1 0
69735 28 2 3 0
457157 28 3 4 0
457171 28 3 1 0
538858 28 2 1 0
539173 28 2 4 0
457312 29 2 2 0
538556 29 2 0 0
458697 30 3 1 0
459047 30 2 1 0
459118 30 3 3 0
537531 30 3 3 0
538483 30 2 0 0
538558 30 2 1 0
90559 31 2 2 0
537820 31 3 1 0
537833 31 4 3 0
538171 31 3 1 0
458450 32 2 1 1
537909 32 4 1 0
538629 32 3 1 0
457168 33 4 3 0
175872 34 2 3 0
457707 34 2 1 0
458141 34 3 2 0
537824 34 3 1 0
538559 34 3 3 1
559182 34 4 3 0
537766 35 3 1 0
538398 35 2 1 0
538490 35 2 1 0
175869 36 3 1 0
458448 36 3 3 1
538628 37 3 1 0
457649 38 3 4 1
458078 38 3 1 0
458825 38 4 1 0
538961 38 3 1 0
558268 38 3 3 1
458299 39 3 1 0
538969 39 3 1 0
458666 40 3 3 0
538205 40 2 1 0
538963 40 3 1 0
457704 41 3 0 0
538964 41 4 3 0
162435 42 3 3 0
457768 42 3 0 0
538966 42 3 1 1
539028 42 4 3 0
457481 43 1 3 1
457562 43 3 1 0
538575 43 2 1 0
457764 44 4 1 0
537460 44 3 1 0
537680 44 2 1 1
457358 45 2 4 1
458090 45 4 1 0
537520 45 1 1 0
538970 45 3 3 0
457613 46 2 1 0
458409 46 3 0 0
458563 46 4 0 0
458929 46 3 0 0
458530 47 3 0 0
458914 47 3 3 1
537724 47 2 4 1
446237 48 2 2 1
457389 48 4 3 0
457666 48 4 1 0
457765 48 3 1 0
537462 48 3 2 0
537939 48 2 3 1
457670 49 3 1 0
458933 49 2 3 0
457391 50 3 1 0
457884 50 3 2 0
458412 50 4 2 0
452097 51 3 3 0
457673 52 3 3 0
419456 53 4 3 0
457617 53 3 3 0
458985 53 2 1 0
504606 53 4 3 0
289215 54 3 3 0
457393 54 3 1 0
457921 54 4 3 1
447445 55 3 3 0
463969 55 3 3 0
537607 55 4 1 0
397252 56 3 3 1
458121 56 1 0 0
458285 56 3 0 0
458286 56 2 1 0
458288 57 2 1 0
537906 57 3 2 1
457452 58 2 1 0
458290 58 2 3 0
457308 59 2 1 0
457425 59 3 3 0
538542 59 2 0 0
458289 60 2 1 0
458589 60 2 0 0
538733 60 2 1 0
405597 61 4 2 0
418841 61 3 2 1
458073 62 3 3 0
280362 63 3 2 0
457255 63 3 0 0
457424 63 4 3 1
457458 63 4 3 0
538545 63 3 3 0
428365 64 2 3 1
347580 65 3 3 0
457492 65 3 4 0
457367 68 3 1 0
349338 70 1 0 0
44309 72 3 3 0
347290 73 2 1 0
457368 74 2 3 0
458526 74 3 1 0
346606 75 3 1 0
347999 75 2 1 0
458106 75 2 1 0
458582 75 3 3 0
346730 76 3 1 0
458246 77 4 2 0
346608 78 4 1 0
346966 78 1 1 0
458331 78 3 1 0
347291 79 3 3 0
347809 79 3 1 0
346964 80 3 3 1
345927 82 1 1 0
457254 82 3 3 0
346130 83 4 1 0
133849 84 3 3 0
346132 84 2 3 0
346930 84 3 1 0
347676 84 2 0 0
457986 84 2 1 0
133848 85 3 3 0
346337 85 1 1 0
347677 85 4 1 0
181883 86 1 3 0
346490 86 3 1 0
347913 87 3 3 0
346561 88 3 1 0
346811 88 3 3 0
346929 88 3 3 0
347357 88 4 4 1
457679 88 3 3 0
457984 88 3 1 0
346934 89 3 3 0
347422 89 2 1 1
346896 90 4 1 0
347753 90 3 1 0
346134 91 3 3 0
347458 91 3 1 0
346316 92 2 1 0
347131 92 2 2 0
424956 92 1 3 0
346322 93 2 1 0
346474 93 1 1 0
346564 93 2 1 0
346899 93 2 3 0
347471 93 1 1 0
346475 94 3 1 0
346692 94 1 1 0
346985 94 2 2 0
347754 94 2 1 0
347934 94 2 4 1
347940 94 3 3 0
346568 95 3 1 0
346981 95 3 0 0
347097 95 4 1 0
347256 95 2 1 0
347459 95 2 3 0
347713 95 2 1 0
393456 95 2 3 0
347132 96 3 3 0
347330 96 2 1 0
347388 96 2 1 0
347455 96 3 1 0
347935 96 2 0 1
346562 97 3 1 1
346611 97 3 1 0
346835 97 2 1 0
346987 97 4 0 0
30520 98 3 3 0
345901 98 1 1 0
346179 98 3 3 0
346570 98 2 3 0
347374 98 3 3 0
347561 98 2 1 0
347816 98 1 4 0
345903 99 3 1 0
346032 99 3 1 0
346567 99 3 1 0
347003 99 3 0 1
345920 100 4 3 0
346523 100 3 1 0
346612 100 3 1 0
347254 100 3 0 0
346040 101 3 3 0
347562 101 2 1 0
347332 102 4 3 0
346973 103 2 1 0
347255 103 2 1 0
345917 104 3 1 0
346271 104 4 4 1
346569 104 2 2 0
347257 104 3 3 0
345904 105 4 3 0
347407 105 4 1 0
347410 106 2 3 0
347666 106 1 3 0
479968 106 2 3 0
346768 107 2 1 0
347008 108 3 1 0
346663 109 3 3 0
346906 110 4 1 0
347164 110 2 0 0
346724 111 3 1 0
346831 112 3 3 0
347010 112 3 3 0
316917 113 3 1 0
347273 113 3 4 0
347880 113 4 3 0
347286 114 4 1 0
347115 115 3 2 0
346950 116 3 4 0
347172 116 2 3 0
347181 116 3 1 0
347583 116 2 3 0
347993 116 3 2 0
347237 119 2 3 0
49480 120 3 3 1
346631 120 2 1 0
345897 124 2 1 0
347312 124 3 1 0
345898 126 2 3 0
351874 127 2 2 0
347030 128 3 1 0
71116 131 3 2 0
345985 133 3 1 0
346379 133 2 1 0
345996 134 2 3 0
346725 134 3 3 0
347344 134 2 1 0
347572 134 2 1 0
346380 135 2 1 0
226458 136 2 3 0
346288 137 3 3 0
346341 137 3 1 0
347345 137 2 3 0
347361 137 3 3 0
347724 137 3 1 0
364126 137 3 3 0
346603 138 2 1 0
349688 138 2 3 0
347571 139 3 0 0
346439 140 4 1 0
346597 141 4 1 1
346932 141 3 1 0
37931 142 3 3 0
347632 142 3 3 0
506744 142 3 3 0
347214 143 2 1 1
150308 146 3 3 1
347631 146 3 1 0
364192 146 4 3 1
346217 147 4 3 1
363703 148 3 2 1
362823 149 2 4 0
150307 150 3 3 0
263261 150 2 2 0
347630 150 3 1 0
346623 151 4 1 0
346624 154 2 3 0
347633 154 4 3 0
346625 158 3 3 0
167454 161 2 3 0
223821 161 3 2 1
