66328 0 4 5 3
66329 0 4 5 3
274670 0 4 5 1
274673 0 4 5 1
274674 0 4 5 1
274675 0 4 5 1
274676 0 4 5 1
282809 0 5 5 3
360623 0 5 5 2
226449 0 6 5 3
226453 0 6 5 3
115775 0 7 5 1
115777 0 7 5 1
115778 0 7 5 1
274672 0 7 5 3
274674 0 7 5 3
274676 0 7 5 3
420414 0 7 5 3
420415 0 7 5 3
115777 0 8 5 0
448227 0 8 5 3
448228 0 8 5 3
419369 0 11 5 1
419371 0 11 5 1
448230 0 12 5 1
419367 0 14 5 4
117078 1 15 5 0
420291 0 15 5 1
116261 1 16 5 1
116263 1 16 5 1
116265 1 16 5 1
116934 0 17 5 0
117256 0 17 5 1
117259 0 17 5 1
117261 0 17 5 1
116260 1 18 5 1
116262 1 18 5 1
116264 1 18 5 1
116265 1 18 5 1
116820 1 18 5 0
419848 0 19 5 1
419850 0 19 5 1
419851 0 19 5 1
115952 0 20 5 0
117255 0 20 5 3
117258 0 20 5 3
419231 0 20 5 3
419237 0 20 5 3
116032 0 21 5 3
116033 0 21 5 3
116034 0 21 5 3
117099 1 21 5 1
117101 1 21 5 1
419531 0 21 5 1
419533 0 21 5 1
419538 1 21 5 1
419539 1 21 5 1
115781 0 22 5 1
115783 0 22 5 1
115784 0 22 5 1
419297 1 22 5 1
419298 1 22 5 1
115953 1 23 5 0
116092 1 23 5 1
116093 1 23 5 1
116094 1 23 5 1
116261 0 23 5 1
116265 0 23 5 1
419503 0 23 5 1
419504 0 23 5 1
419505 0 23 5 1
420490 0 23 5 1
420492 0 23 5 1
419941 0 24 5 1
419942 0 24 5 1
117232 1 25 5 1
117234 1 25 5 1
117236 1 25 5 1
117237 1 25 5 1
117238 1 25 5 1
419189 1 25 5 1
419950 0 25 5 1
419951 0 25 5 1
419231 0 26 5 1
419881 0 26 5 1
419882 0 26 5 1
419883 0 26 5 1
419473 0 27 5 1
419476 0 27 5 1
419473 0 27 5 3
419475 0 27 5 3
419939 0 27 5 3
419940 0 27 5 3
419941 0 27 5 3
420175 0 28 5 1
420492 1 28 5 1
116087 0 29 5 1
116089 0 29 5 1
420459 0 30 5 3
420832 1 30 5 1
420833 1 30 5 1
116091 0 31 5 1
116092 0 31 5 1
420084 0 31 5 4
419848 0 32 5 1
419849 0 32 5 1
419851 0 32 5 1
419852 0 32 5 1
420460 0 32 5 3
117131 0 33 5 1
419296 0 34 5 3
420411 0 34 5 1
420412 0 34 5 1
117007 0 35 5 3
117008 0 35 5 3
420412 0 39 5 1
420413 0 39 5 1
117513 0 40 5 1
115675 0 41 5 2
115869 0 44 5 1
115874 0 44 5 1
117178 1 44 5 0
117181 1 44 5 0
117177 0 44 5 1
117180 0 44 5 1
117332 0 44 5 1
117335 0 44 5 1
468407 1 44 5 3
468408 1 44 5 3
117177 0 48 5 1
117179 0 48 5 1
115870 0 49 5 0
115872 0 49 5 0
115873 0 49 5 0
115874 0 49 5 0
117060 0 49 5 4
117584 0 49 5 1
117587 0 49 5 1
117126 0 50 5 1
117127 0 50 5 1
115869 0 53 5 1
115871 0 53 5 1
116296 0 53 5 1
116297 0 53 5 1
117091 0 54 5 3
117124 0 54 5 1
117125 0 54 5 1
117127 0 54 5 1
557793 0 58 5 3
117589 0 59 5 3
