12988 0 6 6 2 1
34722 0 6 6 3 0
34858 0 6 6 1 0
147625 1 4 6 3 0
155651 0 6 6 4 1
156528 0 6 6 2 1
228408 0 6 6 3 0
229070 1 3 6 3 0
261085 0 6 6 3 0
277067 1 3 6 4 1
317846 1 3 6 4 0
332366 0 6 6 4 0
332881 0 6 6 1 1
411869 0 6 6 3 0
457051 1 3 6 3 0
478644 1 4 6 1 0
511136 0 6 6 3 0
517124 0 6 6 3 0
538537 0 6 6 1 0
557883 0 6 6 3 0
332880 0 6 8 1 0
333111 1 3 8 1 0
34532 0 6 9 1 0
34698 1 5 9 1 0
179242 1 2 9 2 0
229067 1 3 9 2 0
477537 1 2 9 1 0
478643 1 5 9 1 0
478738 1 4 9 1 0
11985 0 6 10 3 0
33516 1 3 10 1 0
34857 0 6 10 0 0
228409 0 6 10 4 0
277066 0 6 10 4 0
457050 0 6 10 3 0
457860 0 6 10 1 0
477442 1 5 10 1 0
511137 0 6 10 3 1
537636 1 3 10 1 0
1728 1 2 11 2 0
199976 1 3 11 3 0
34859 1 2 12 1 0
331821 0 6 12 1 0
332878 0 6 12 1 0
332995 0 6 12 1 0
477484 1 2 12 1 0
1722 1 4 13 2 0
8967 0 6 13 3 0
34329 0 6 13 1 0
331867 0 6 13 1 0
333175 0 6 13 1 0
333541 0 6 13 3 0
478741 0 6 13 3 0
33515 0 6 14 1 0
34527 1 4 14 4 0
35325 0 6 14 1 0
229069 0 6 14 3 0
331804 0 6 14 1 0
333376 1 3 14 1 0
477476 0 6 14 1 0
478740 1 3 14 3 0
539107 0 6 14 1 0
188572 0 6 15 3 0
333174 1 4 15 1 0
421224 0 6 15 3 0
1721 0 6 16 2 0
34326 1 3 16 3 0
331776 0 6 16 1 0
332320 1 3 16 1 0
332699 1 4 16 1 0
332882 0 6 16 3 0
332883 0 6 16 3 1
477475 0 6 16 0 0
34564 0 6 17 1 0
35324 0 6 17 0 0
331808 0 6 17 3 0
332074 1 3 17 4 0
333171 0 6 17 1 0
333540 0 6 17 3 1
477483 1 3 17 0 0
264557 0 6 18 3 1
275427 0 6 18 3 1
331747 0 6 18 1 0
331995 1 3 18 1 0
332169 0 6 18 1 0
332221 0 6 18 1 0
332289 1 2 18 1 0
332756 0 6 18 1 0
332853 0 6 18 1 0
333176 1 5 18 1 0
333377 0 6 18 1 0
333380 1 3 18 3 0
188378 0 6 19 1 0
331805 1 3 19 1 0
332007 1 3 19 1 1
332197 1 3 19 1 0
332224 0 6 19 1 0
332560 0 6 19 4 1
332701 1 3 19 3 1
333097 1 3 19 1 0
34065 0 6 20 1 0
93809 1 3 20 3 0
189034 0 6 20 1 0
331815 0 6 20 1 0
331996 0 6 20 1 1
332167 0 6 20 1 0
332319 1 3 20 0 0
332368 0 6 20 2 1
332754 0 6 20 0 0
333348 0 6 20 1 0
333423 0 6 20 1 0
264555 0 6 21 0 0
332849 1 3 21 1 0
332970 1 3 21 1 0
333170 0 6 21 1 1
333173 0 6 21 3 0
477485 1 4 21 1 0
511636 1 3 21 2 0
331871 0 6 22 1 0
331997 1 4 22 3 0
332425 0 6 22 1 0
333286 1 3 22 1 0
333378 1 2 22 1 0
333427 0 6 22 3 0
34068 1 4 23 3 0
34505 1 2 23 1 0
331998 0 6 23 3 1
332170 1 4 23 3 0
332173 1 3 23 4 1
333169 1 3 23 1 0
333234 1 4 23 1 0
333315 0 6 23 1 0
333424 1 3 23 1 1
349485 0 6 23 3 0
189026 0 6 24 1 0
331870 0 6 24 1 0
331994 0 6 24 1 0
332008 0 6 24 1 0
332413 1 3 24 2 0
332784 1 4 24 1 0
333235 1 4 24 3 0
491136 0 6 24 3 1
561678 0 6 24 3 0
22914 0 6 25 3 0
34066 0 6 25 2 1
187887 0 6 25 1 0
310627 0 6 25 3 0
328325 0 6 25 3 0
332000 0 6 25 1 0
332126 0 6 25 3 0
332200 0 6 25 3 1
332851 0 6 25 3 0
333182 0 6 25 1 0
333237 0 6 25 4 0
333243 0 6 25 1 0
333420 1 2 25 1 0
333431 1 3 25 1 0
385986 1 2 25 3 0
34374 1 4 26 1 0
188347 1 4 26 1 0
331740 0 6 26 1 0
331746 0 6 26 1 1
332168 1 2 26 1 0
332646 0 6 26 4 1
333426 0 6 26 3 0
405723 1 3 26 3 0
406414 0 6 26 3 1
34067 0 6 27 3 0
332915 0 6 27 1 0
426767 1 2 27 3 0
72037 0 6 28 3 0
187886 1 3 28 1 0
188651 0 6 28 1 0
331935 0 6 28 3 0
333307 1 3 28 1 0
333419 1 5 28 0 0
333422 0 6 28 3 0
34755 0 6 29 1 0
34767 1 3 29 1 0
188348 0 6 29 1 0
188465 1 3 29 1 1
332114 1 2 29 1 0
332420 0 6 29 1 0
332525 0 6 29 1 0
333305 0 6 29 3 0
333310 1 4 29 3 0
333432 0 6 29 3 0
384701 1 3 29 3 0
426766 1 2 29 3 0
34770 1 2 30 3 0
187687 1 3 30 1 0
328327 0 6 30 3 1
331999 0 6 30 0 0
332198 1 3 30 1 0
385987 1 4 30 3 0
406413 1 5 30 1 0
406625 0 6 30 3 0
34968 0 6 31 1 0
88085 1 4 31 2 0
187604 1 4 31 1 0
188070 0 6 31 4 1
189167 0 6 31 1 1
333421 1 3 31 2 0
426765 0 6 31 1 0
34769 0 6 32 1 0
72035 0 6 32 1 0
188467 1 4 32 1 0
332509 1 3 32 1 0
333308 1 4 32 1 0
334629 1 3 32 3 0
366729 0 6 32 2 0
426938 1 4 32 1 0
33558 1 4 33 1 0
34623 0 6 33 1 0
34768 1 3 33 1 0
88630 0 6 33 3 0
107310 0 6 33 2 1
187678 0 6 33 1 0
188468 0 6 33 3 0
188836 0 6 33 1 0
331967 1 3 33 0 0
332417 0 6 33 2 1
400882 0 6 33 2 0
406412 0 6 33 1 0
188469 0 6 34 3 0
189169 1 2 34 3 0
328326 0 6 34 3 0
332027 1 3 34 0 0
332249 1 3 34 3 0
406411 0 6 34 1 0
426941 0 6 34 3 0
427660 1 2 34 3 1
332421 0 6 35 1 0
333257 1 2 35 1 1
426296 1 2 35 1 0
426764 0 6 35 0 0
34899 1 2 36 1 1
187679 1 4 36 2 0
188545 1 4 36 4 0
331737 0 6 36 1 0
400567 0 6 36 3 0
34622 1 3 37 1 1
188838 1 4 37 1 0
272597 0 6 37 4 0
289873 0 6 37 3 0
332028 1 4 37 0 0
426939 1 3 37 1 0
188840 0 6 38 3 0
332411 1 3 38 0 0
333256 0 6 38 3 0
400885 1 3 38 4 1
443011 0 6 38 2 0
96418 0 6 39 3 0
192231 1 3 39 3 0
332064 1 3 39 1 0
332067 1 4 39 4 0
34901 1 3 40 3 0
34902 0 6 40 3 0
35194 0 6 40 1 0
96419 0 6 40 3 0
188721 0 6 40 1 0
188837 0 6 40 1 0
289870 0 6 40 1 0
289872 0 6 40 3 0
332123 1 3 40 0 0
332780 1 4 40 1 0
426741 1 5 40 1 1
96423 1 2 41 3 0
192230 1 3 41 2 0
331741 1 4 41 3 0
333255 1 3 41 3 0
426795 0 6 41 1 0
33567 0 6 42 1 0
33630 0 6 42 1 0
192350 1 2 42 2 1
400446 0 6 42 2 0
427305 1 2 42 4 1
65334 0 6 43 3 0
96380 1 4 43 3 0
192229 1 4 43 1 0
332062 1 4 43 1 0
16582 1 3 44 2 0
162306 1 3 44 3 0
332782 0 6 44 3 0
395415 1 3 44 1 0
426786 0 6 45 1 0
426797 1 4 45 1 0
99601 1 5 46 3 0
332061 1 4 46 1 1
395419 1 3 47 3 0
426499 0 6 47 1 0
65332 1 3 48 1 0
332063 0 6 48 1 0
332066 1 3 48 3 0
395503 0 6 48 1 0
397099 1 3 48 3 0
427033 0 6 48 1 0
332778 0 6 49 2 0
427346 1 4 49 3 0
65285 1 4 50 1 0
426777 1 2 50 1 0
427034 1 3 50 1 0
64546 0 6 51 1 1
65286 1 4 51 3 0
332065 1 2 51 3 0
396764 1 4 51 3 0
426509 0 6 51 1 0
426603 0 6 51 1 0
426829 0 6 51 1 0
427286 0 6 52 3 0
332776 1 3 53 0 0
426045 1 3 53 1 0
426170 1 2 53 4 0
426233 1 3 54 1 0
426807 1 3 54 1 0
426851 0 6 54 2 0
427037 0 6 54 1 0
332431 0 6 55 4 0
426409 1 4 55 1 0
426803 0 6 55 1 0
426827 0 6 55 2 0
426830 0 6 55 1 0
427748 1 3 55 1 0
427776 0 6 55 3 1
428900 1 3 55 3 0
332787 1 2 56 3 0
426169 0 6 56 4 0
426047 1 4 57 3 1
426612 0 6 57 1 0
427102 0 6 57 1 0
427318 0 6 57 1 0
426514 1 4 58 1 0
426806 1 3 58 1 0
426820 1 4 58 4 0
426904 0 6 58 1 0
429754 0 6 58 4 0
305969 1 3 59 3 0
426231 1 3 59 1 0
426282 0 6 59 1 0
426808 1 4 59 3 0
427747 1 4 59 1 0
427039 1 2 60 1 0
427041 1 3 60 2 0
427107 1 4 60 2 0
427323 1 4 60 1 1
427751 1 3 60 3 1
332788 1 3 61 3 0
425940 1 3 61 1 0
426049 0 6 61 1 0
426821 0 6 61 4 1
427105 1 3 61 1 0
427610 1 3 61 1 0
427621 1 3 61 1 0
398515 1 4 62 3 0
425912 0 6 62 3 0
426048 0 6 62 3 0
426513 1 3 62 1 0
427042 0 6 62 3 1
427322 0 6 62 1 0
427749 0 6 62 1 0
426447 1 3 63 1 0
427649 1 2 63 3 0
427464 1 3 64 1 0
427611 0 6 64 3 0
478795 0 6 64 3 0
426046 1 2 65 1 0
426449 0 6 65 3 0
426515 0 6 65 3 0
427040 0 6 65 1 0
427324 1 4 65 3 0
427447 0 6 65 4 0
427622 1 4 65 1 0
431391 0 6 65 3 0
488789 0 6 65 3 0
269279 0 6 66 2 0
426360 0 6 66 3 0
426448 0 6 66 1 0
426969 1 4 66 3 0
427463 0 6 66 1 0
24735 0 6 67 3 0
25633 1 3 68 2 0
488788 1 4 68 1 0
24736 0 6 69 3 0
426461 0 6 69 1 0
427462 0 6 69 1 0
430887 1 4 69 3 1
25634 1 4 70 1 0
411317 1 5 70 3 1
426356 1 3 70 1 0
426359 1 4 70 3 0
427141 0 6 70 4 1
473310 1 3 70 3 1
25636 0 6 71 3 0
25933 0 6 71 1 0
97269 1 3 71 2 0
426657 0 6 71 1 0
473311 1 4 71 3 0
488790 1 3 71 3 0
426357 0 6 72 1 0
426650 1 3 72 3 0
24749 0 6 73 1 0
25645 1 4 73 3 0
25931 0 6 73 1 0
25992 1 3 73 1 0
426658 0 6 73 3 0
427118 0 6 73 1 0
25888 1 3 74 1 0
411315 0 6 74 2 0
24834 0 6 75 4 1
25350 1 4 75 1 1
25667 0 6 75 1 0
25935 1 4 75 3 1
426826 1 3 75 1 0
426911 0 6 75 1 0
487452 1 5 75 2 0
25829 1 3 76 1 0
27705 1 4 76 3 1
25593 1 4 77 1 0
26113 0 6 77 1 0
426912 0 6 77 3 1
426916 0 6 77 1 0
26137 0 6 78 2 0
27702 0 6 78 2 0
426382 0 6 78 2 0
426917 1 4 78 1 0
427120 0 6 78 1 0
24998 1 2 79 1 0
25183 0 6 79 2 0
25930 0 6 79 1 1
26121 0 6 79 3 0
426415 1 4 79 1 1
426919 0 6 79 3 0
427112 0 6 79 1 0
25351 0 6 80 3 0
25960 0 6 80 4 0
26115 0 6 80 3 0
26245 1 2 80 1 0
426915 1 4 80 1 0
426918 0 6 80 3 0
24997 0 6 81 0 0
26111 1 5 81 3 0
26244 0 6 81 1 0
426390 1 5 81 3 0
25184 1 4 82 3 0
25890 0 6 82 1 0
25970 0 6 82 0 0
26036 0 6 82 1 0
427337 1 3 82 1 0
476403 1 4 82 2 0
24999 0 6 83 3 1
25002 0 6 83 1 0
426173 1 3 83 1 0
24954 1 4 84 4 0
25003 0 6 84 1 0
25996 0 6 84 3 0
26238 1 2 84 1 0
24723 0 6 85 1 0
25001 0 6 85 0 0
25006 0 6 85 3 1
25209 0 6 85 1 0
25865 1 5 85 1 0
26152 0 6 85 1 0
26242 0 6 85 0 0
26247 0 6 85 3 0
82051 1 2 85 3 1
146638 1 3 85 3 0
476400 0 6 85 3 0
560362 1 3 85 3 0
24722 0 6 86 0 0
24790 0 6 86 1 0
25504 1 4 86 3 0
25739 1 3 86 1 0
427339 1 3 86 3 0
25005 0 6 87 2 0
25789 1 4 87 1 0
26240 1 3 87 3 0
25055 1 3 88 1 0
25436 0 6 88 4 0
25742 0 6 88 3 0
26008 0 6 88 1 0
26154 0 6 88 3 1
24696 0 6 89 1 0
24813 0 6 89 1 0
25007 1 3 89 1 0
25366 1 4 89 1 1
25786 1 3 89 3 0
25887 0 6 89 0 0
146635 0 6 89 1 0
146648 0 6 89 1 0
277129 1 4 89 2 1
25433 1 2 90 1 0
25451 1 2 90 0 0
25737 0 6 90 0 0
25741 0 6 90 3 0
25838 1 3 90 1 0
25851 1 3 90 1 0
26023 0 6 90 1 0
26281 1 3 90 1 1
24800 0 6 91 2 0
25004 0 6 91 2 0
25148 1 3 91 0 0
25740 1 2 91 1 0
26061 0 6 91 1 0
145602 1 3 91 1 0
146634 1 3 91 1 0
277130 0 6 91 3 0
24689 0 6 92 1 0
24697 1 3 92 1 0
24815 0 6 92 1 0
25065 1 5 92 1 0
25132 0 6 92 3 0
25191 1 4 92 1 0
25752 1 3 92 1 0
25839 0 6 92 3 0
24945 0 6 93 0 0
25008 1 4 93 1 0
25437 0 6 93 4 1
25601 0 6 93 3 0
25705 0 6 93 1 0
25743 0 6 93 3 0
25961 1 4 93 1 0
118483 1 3 93 3 1
145876 0 6 93 1 0
24817 1 2 94 3 0
25036 1 3 94 0 0
25131 1 4 94 2 0
25356 0 6 94 1 0
25754 0 6 94 3 0
25832 0 6 94 3 0
25853 1 3 94 1 0
145958 1 3 94 1 0
146758 0 6 94 1 0
272201 0 6 94 3 0
284627 0 6 94 3 0
24946 0 6 95 1 0
25354 0 6 95 1 0
25416 1 3 95 0 0
145729 0 6 95 1 0
145956 0 6 95 1 0
146840 0 6 95 3 0
302320 1 3 95 3 0
20423 1 3 96 3 0
24847 1 3 96 1 0
25039 0 6 96 3 0
25120 1 4 96 1 0
25133 0 6 96 0 1
25449 1 3 96 4 1
25738 0 6 96 1 0
27337 1 3 96 4 1
145755 0 6 96 1 0
145955 0 6 96 1 1
145960 0 6 96 3 0
272187 1 4 96 1 0
24685 1 4 97 4 0
24705 1 3 97 1 0
24947 0 6 97 3 0
25037 1 4 97 1 0
25038 1 2 97 1 0
25963 1 2 97 3 0
26042 1 4 97 1 0
146527 1 3 97 1 0
146636 0 6 97 1 0
25048 0 6 98 0 0
25410 1 4 98 3 0
25840 1 1 98 3 0
146128 0 6 98 1 0
146529 0 6 98 1 1
146590 1 5 98 1 0
146842 1 2 98 4 0
272186 0 6 98 1 0
274278 1 4 98 3 0
302318 1 4 98 0 0
20421 0 6 99 2 0
24707 0 6 99 3 1
25357 0 6 99 3 1
25418 1 2 99 3 0
25456 0 6 99 1 0
25831 0 6 99 3 0
26015 0 6 99 1 0
145757 1 2 99 3 0
146000 1 4 99 1 1
146546 1 4 99 1 0
146841 1 2 99 4 1
534523 1 2 99 3 0
20420 0 6 100 1 1
24717 1 4 100 1 0
26016 1 3 100 3 0
26217 0 6 100 3 0
26271 1 3 100 4 1
145954 1 3 100 1 0
146086 1 3 100 1 0
146760 0 6 100 3 0
146870 1 3 100 1 0
273276 1 3 100 1 0
25121 0 6 101 1 0
25823 1 4 101 2 0
135634 0 6 101 3 0
145912 1 5 101 1 0
145962 0 6 101 1 0
146184 0 6 101 1 0
146530 0 6 101 3 0
146756 1 2 101 3 0
25040 1 4 102 3 0
26014 0 6 102 0 0
145652 1 2 102 1 0
146677 1 3 102 1 0
146853 0 6 102 1 0
146887 1 3 102 3 0
24713 0 6 103 2 0
24825 0 6 103 1 0
25053 0 6 103 3 0
25358 0 6 103 3 0
145998 1 4 103 1 0
146185 0 6 103 1 0
146761 1 3 103 3 0
146793 0 6 103 1 0
533915 0 6 103 3 1
145712 1 3 104 1 0
145849 0 6 104 2 0
146186 0 6 104 1 0
146270 0 6 104 1 0
146281 0 6 104 1 0
146679 1 4 104 1 0
146717 1 4 104 1 0
146871 1 3 104 1 0
273275 0 6 104 0 0
534521 1 3 104 1 0
25995 0 6 105 1 0
145557 0 6 105 1 0
145732 0 6 105 1 0
145957 1 4 105 1 0
145963 0 6 105 3 0
146696 1 3 105 3 0
146718 0 6 105 1 0
146869 1 4 105 0 0
24712 0 6 106 2 0
25122 0 6 106 1 1
145653 1 3 106 1 0
145908 0 6 106 1 0
145911 0 6 106 0 0
146001 1 2 106 2 0
146720 0 6 106 3 0
146748 0 6 106 1 0
146855 1 2 106 3 0
268472 1 3 106 3 0
25110 0 6 107 1 0
25119 0 6 107 0 0
140013 1 3 107 3 0
145584 1 3 107 1 0
145625 0 6 107 1 0
145682 1 4 107 1 0
145683 0 6 107 1 0
145734 0 6 107 3 1
145945 0 6 107 1 1
145959 0 6 107 3 0
145964 0 6 107 4 0
146181 0 6 107 1 1
146200 1 4 107 1 0
146323 0 6 107 3 0
146646 0 6 107 0 0
146792 0 6 107 1 0
146990 1 3 107 1 0
145714 0 6 108 3 0
145997 1 3 108 1 0
146678 0 6 108 1 0
146797 1 4 108 1 0
146812 1 2 108 4 0
146873 0 6 108 3 0
146874 0 6 108 3 1
268474 1 3 108 2 0
145544 0 6 109 1 0
145583 0 6 109 1 0
145843 0 6 109 1 0
145882 0 6 109 2 0
145951 0 6 109 3 0
146068 0 6 109 1 0
146872 0 6 109 1 0
268742 0 6 109 3 1
145654 1 4 110 3 0
145940 0 6 110 3 0
145961 1 3 110 1 0
146265 1 4 110 1 1
146543 0 6 110 3 0
146791 1 2 110 3 1
146868 0 6 110 0 0
222489 0 6 110 3 1
357836 0 6 110 2 0
145586 1 3 111 3 0
145684 0 6 111 1 0
145789 1 5 111 1 0
145973 0 6 111 3 0
146112 1 5 111 1 0
146337 0 6 111 1 1
146395 0 6 111 1 0
146750 1 3 111 1 0
146810 1 2 111 3 0
146910 1 5 111 4 0
197173 0 6 111 3 0
145842 1 4 112 1 0
145904 0 6 112 1 0
145950 0 6 112 1 0
146003 0 6 112 3 1
146264 0 6 112 1 0
146320 0 6 112 1 0
146996 0 6 112 1 0
268973 0 6 112 3 0
275159 0 6 112 3 0
444547 0 6 112 3 0
1820 1 2 113 2 0
145543 1 4 113 1 0
145648 1 3 113 1 0
145762 0 6 113 1 0
145969 0 6 113 1 0
146541 1 5 113 1 0
146960 0 6 113 1 0
147026 1 3 113 1 0
242979 1 4 113 3 0
498556 0 6 113 2 0
135920 1 3 114 3 1
145546 1 2 114 3 0
145614 0 6 114 1 0
145791 1 2 114 3 0
145930 1 3 114 1 0
146394 0 6 114 0 0
146811 1 4 114 4 1
145542 1 3 115 1 0
145645 1 2 115 0 0
145646 0 6 115 0 0
145853 0 6 115 1 0
145970 1 3 115 1 0
146266 1 2 115 1 0
146751 1 2 115 3 1
190377 1 3 115 3 0
445485 1 2 115 3 0
135922 0 6 116 4 1
146251 0 6 116 1 1
147109 0 6 116 1 0
445483 0 6 116 1 0
146221 1 2 117 1 0
146747 0 6 117 3 0
147027 0 6 117 1 0
498662 0 6 117 1 0
145530 1 3 118 0 0
145790 0 6 118 3 0
145968 0 6 118 1 0
146256 0 6 118 3 0
146365 1 2 118 1 0
145788 0 6 119 1 0
146078 1 3 119 1 0
146250 0 6 119 1 1
445476 0 6 119 4 0
500624 1 3 119 1 0
145647 0 6 120 1 0
145650 1 5 120 3 0
145787 1 3 120 1 0
145802 0 6 120 1 0
145852 1 3 120 1 1
145972 1 4 120 3 0
145985 0 6 120 0 0
146058 1 4 120 1 0
146091 1 3 120 2 0
147112 0 6 120 3 0
444328 1 3 120 3 0
146081 0 6 121 3 0
146363 1 2 121 1 0
146757 0 6 121 1 0
147035 0 6 121 4 0
145873 1 3 122 1 0
146255 0 6 122 1 0
499335 0 6 122 1 0
146079 0 6 123 1 0
146080 1 3 123 3 0
146252 0 6 123 1 0
498668 0 6 123 1 0
499400 0 6 123 1 0
500632 1 4 123 1 0
145855 0 6 124 3 0
146084 1 2 124 3 0
76042 0 6 125 2 0
145877 1 2 125 2 0
146189 1 3 125 1 0
146930 1 3 125 3 0
145870 1 3 126 0 0
498663 0 6 126 1 0
499265 0 6 126 3 0
500610 0 6 126 1 0
145874 0 6 127 1 0
146360 1 2 127 3 0
499802 0 6 127 1 0
500538 0 6 127 1 0
500564 0 6 127 1 0
145875 0 6 128 1 0
146206 1 3 128 1 0
218909 1 3 128 2 0
499338 0 6 128 3 0
499661 1 3 128 3 0
146083 1 4 129 3 0
498727 0 6 129 1 0
499401 1 3 129 1 0
500539 1 4 129 1 0
500613 1 4 129 1 0
218908 0 6 130 2 0
498666 1 4 130 3 0
499124 1 3 130 1 0
500200 1 4 130 1 0
146701 0 6 131 1 0
235319 1 4 131 3 0
498569 1 4 131 1 0
498756 1 3 131 1 0
500432 1 4 131 1 0
40666 0 6 132 3 0
145878 1 3 132 3 0
219695 0 6 132 4 0
466962 0 6 132 3 0
498900 1 3 132 1 1
498901 0 6 132 1 0
499407 0 6 132 1 0
499803 0 6 132 3 0
146082 0 6 133 2 0
451968 1 3 133 3 0
499125 1 4 133 1 0
499278 0 6 133 4 1
500201 0 6 133 1 0
500434 0 6 133 1 0
500435 1 3 133 3 0
307804 0 6 134 3 0
498568 1 3 134 1 0
498570 1 3 134 3 1
500199 0 6 134 1 0
498731 0 6 135 3 0
500208 1 4 136 3 1
500202 0 6 137 2 0
500433 1 3 137 1 0
192665 1 3 138 2 0
498744 1 2 138 1 0
499651 0 6 138 1 0
499695 1 2 138 1 0
500357 0 6 138 1 0
498749 0 6 139 1 0
498752 0 6 140 3 0
499684 1 3 140 1 0
499709 1 3 140 3 1
500085 1 4 140 1 0
499652 0 6 141 2 0
500207 0 6 141 2 1
9225 1 3 142 3 0
499269 0 6 142 1 0
499659 0 6 142 3 0
499680 0 6 143 1 0
499696 1 3 143 1 0
499683 0 6 144 1 0
498753 1 4 145 3 1
499697 1 3 146 3 0
501404 1 4 146 3 0
500045 1 3 147 4 0
