464576 1 2 4 1
473490 1 3 3 3
367797 1 3 3 1
283621 1 3 3 3
23019 1 3 3 2
23020 0 3 5 2
390030 0 3 5 3
390031 0 3 5 3
390032 0 3 5 3
464577 1 3 5 1
473491 0 3 5 3
471824 1 4 2 1
163600 1 4 2 3
367798 1 4 5 1
471823 0 4 5 1
471825 0 4 5 1
471826 0 4 5 1
460520 1 5 4 1
461111 1 5 2 1
461112 0 5 5 1
478001 1 6 3 1
460522 1 6 5 1
478002 0 6 5 1
478003 0 6 5 1
536437 1 7 2 1
392223 1 7 2 3
163598 1 7 2 0
163599 0 7 5 0
163600 0 7 5 0
392222 0 7 5 3
536436 0 7 5 1
460082 1 8 3 1
346168 1 8 3 3
459528 0 8 6 1
459523 0 8 5 3
347443 1 8 2 1
347347 1 8 1 1
346165 0 8 5 3
346166 0 8 5 3
346167 0 8 5 3
347345 0 8 5 1
347346 0 8 5 1
347349 0 8 5 1
347444 0 8 5 1
459522 0 8 5 3
459526 0 8 5 3
459527 0 8 5 3
460081 0 8 5 1
460083 0 8 5 1
460084 0 8 5 1
460085 0 8 5 1
459524 1 9 2 1
459522 1 9 5 1
459523 0 9 5 1
459525 0 9 5 1
459526 0 9 5 1
347959 1 10 4 1
459230 1 10 3 1
381683 1 10 3 3
304782 1 10 1 3
381681 0 10 5 3
381682 0 10 5 3
381684 0 10 5 3
381685 0 10 5 3
304789 1 11 3 1
349808 1 11 2 2
304790 0 11 5 1
304792 0 11 5 1
347956 1 11 5 1
347962 1 11 5 1
349807 0 11 5 2
459229 1 11 5 1
459231 1 11 5 1
460925 1 12 3 3
347825 1 12 3 4
346209 0 12 7 3
347188 1 12 2 1
347189 0 12 5 1
347192 0 12 5 1
460926 0 12 5 3
470638 1 13 3 2
459798 1 13 3 1
459299 1 13 2 2
347154 1 13 1 3
246157 1 13 1 2
346212 1 13 5 1
347149 0 13 5 3
347151 0 13 5 3
459298 0 13 5 2
459797 0 13 5 1
459799 0 13 5 1
459800 0 13 5 1
470636 0 13 5 2
470637 0 13 5 2
460524 1 14 2 4
460464 1 15 4 1
347041 1 15 3 1
460597 1 15 1 3
459229 0 15 7 3
459232 0 15 5 3
460518 1 16 3 4
459804 1 16 2 1
347469 1 16 2 3
347150 1 16 2 1
347038 1 16 5 1
347043 1 16 5 1
347151 0 16 5 1
347466 0 16 5 3
347468 0 16 5 3
459806 0 16 5 1
460463 1 16 5 1
460466 1 16 5 1
460601 1 17 2 1
460602 0 17 5 1
460603 0 17 5 1
347575 1 18 3 1
347124 1 18 3 3
459325 1 18 2 4
346708 1 18 2 1
346705 0 18 5 1
346707 0 18 5 1
346709 0 18 5 1
459230 1 18 5 1
459231 1 18 5 1
346447 1 19 3 0
501792 1 20 2 3
347042 1 20 2 3
346706 1 20 2 1
346450 1 20 5 0
346709 0 20 5 1
346603 0 21 5 3
459407 1 21 3 3
346585 1 21 3 1
385079 1 21 2 3
346604 1 21 2 3
346680 0 21 5 1
346682 0 21 5 1
346683 0 21 5 1
346684 0 21 5 1
385078 0 21 5 3
459403 0 21 5 3
459404 0 21 5 3
459406 0 21 5 3
339049 1 22 3 3
460104 1 22 2 1
339041 1 22 2 3
460128 1 22 1 1
346587 1 22 5 1
346601 1 22 5 3
460103 0 22 5 1
460107 0 22 5 1
460130 0 22 5 1
460131 0 22 5 1
460132 0 22 5 1
347246 1 23 2 1
460621 1 23 1 4
347581 1 23 1 3
339046 1 23 5 3
460955 1 24 3 1
105533 1 24 2 3
346705 1 24 1 1
105531 0 24 5 3
105532 0 24 5 3
105534 0 24 5 3
346085 0 24 5 1
346087 0 24 5 1
346707 0 24 5 1
460953 0 24 5 1
460954 0 24 5 1
460956 0 24 6 1
460957 0 24 5 1
459938 1 25 3 1
460905 1 25 2 3
460074 1 25 2 1
347247 1 25 2 3
346235 1 25 2 3
346084 0 25 5 1
346086 0 25 5 1
346087 0 25 5 1
346234 0 25 5 3
347246 0 25 5 3
347248 0 25 5 3
460073 0 25 5 1
460075 0 25 5 1
460906 0 25 5 3
460856 1 26 3 3
347624 1 26 3 1
346499 1 26 3 1
346635 1 26 2 2
339047 1 26 2 1
346114 1 26 1 1
346085 0 26 5 3
346086 0 26 5 3
346115 0 26 5 1
346116 0 26 5 1
346501 0 26 5 1
459404 0 26 5 0
459407 0 26 5 0
459937 1 26 5 1
459939 1 26 5 1
459941 1 26 5 1
347552 1 27 3 1
461144 1 27 2 1
440981 1 27 2 2
279594 1 27 2 3
347626 1 27 5 1
440979 0 27 5 2
460855 1 27 5 3
460953 0 27 5 1
460955 0 27 5 1
460957 0 27 5 1
459119 1 28 3 1
346062 1 28 3 1
460679 1 28 2 1
346203 1 28 2 0
339047 1 28 5 0
339048 1 28 5 0
339049 1 28 5 0
346061 0 28 5 1
346063 0 28 5 1
346064 0 28 6 1
346065 0 28 5 1
346205 0 28 5 0
346207 0 28 5 0
347554 1 28 5 1
347555 1 28 5 1
459626 1 29 4 1
460962 1 29 3 1
346444 1 29 2 1
346443 0 29 5 1
346446 0 29 5 1
459121 1 29 5 1
460961 0 29 5 1
460964 0 29 5 1
347112 1 30 3 1
97642 1 30 3 3
461143 1 30 2 0
460473 1 30 1 1
97639 0 30 5 3
97640 0 30 5 3
97641 0 30 5 3
346084 0 30 5 3
346085 0 30 5 3
346087 0 30 5 3
347113 0 30 5 1
347114 0 30 5 1
459627 1 30 5 1
459628 1 30 5 1
460469 0 30 5 1
460472 0 30 5 1
346812 1 31 3 1
460314 1 31 2 1
346641 1 31 2 1
346193 1 31 2 1
459709 1 31 1 0
346065 0 31 5 3
346195 0 31 5 1
346196 0 31 5 1
346197 0 31 5 1
346813 0 31 5 1
346815 0 31 5 1
346816 0 31 5 1
460315 0 31 5 1
460316 0 31 5 1
460319 0 31 5 1
460418 0 31 5 1
460475 0 31 5 1
459655 0 32 5 1
346339 0 32 6 1
346206 1 32 3 3
340031 1 32 3 2
459855 1 32 2 1
460417 1 32 1 1
459653 1 32 1 1
340028 0 32 5 2
346814 0 32 5 3
459654 0 32 5 1
459853 0 32 5 1
459856 0 32 5 1
459857 0 32 5 1
459298 0 33 31 0
346469 1 33 3 1
346468 1 33 1 1
346341 0 33 5 1
346338 1 33 5 2
346341 1 33 5 2
346342 1 33 5 2
346467 0 33 5 1
459653 1 33 5 3
459654 1 33 5 3
460415 0 33 5 3
460417 0 33 5 3
347774 1 34 4 3
460317 1 34 3 1
347288 1 34 3 1
346637 1 34 3 1
460680 1 34 2 1
347115 1 34 2 3
346202 1 34 2 3
346468 1 34 5 1
346471 1 34 5 1
347116 0 34 5 3
347290 0 34 5 1
347291 0 34 5 1
347292 0 34 5 1
347293 0 34 5 1
459299 1 34 5 0
460679 0 34 5 1
460681 0 34 5 1
460682 0 34 5 1
459294 1 35 3 2
340674 1 35 2 3
346639 1 35 5 1
347770 1 35 5 3
347771 1 35 5 3
347773 1 35 5 3
460318 1 35 5 1
460319 1 35 5 1
460320 1 35 5 1
38181 1 36 3 3
460367 1 36 2 0
459854 1 36 2 1
460650 1 36 1 1
347640 1 36 1 1
38179 0 36 5 3
346813 0 36 5 3
346815 0 36 5 3
346816 0 36 5 3
347642 0 36 5 1
347643 0 36 5 1
459857 0 36 5 1
459856 0 36 5 3
460368 0 36 5 0
460369 0 36 5 0
460370 0 36 5 0
460652 0 36 5 1
460653 0 36 5 1
460375 1 37 3 1
459456 1 37 3 0
523664 1 37 2 3
460684 1 37 2 1
347317 1 37 2 1
347868 1 37 1 1
346875 0 37 5 3
347318 0 37 6 1
347869 0 37 5 1
460314 0 37 5 1
460315 0 37 5 1
460317 0 37 5 1
460318 0 37 5 1
460319 0 37 5 1
460320 0 37 5 1
460374 0 37 5 1
460376 0 37 6 1
460685 0 37 5 1
460686 0 37 5 1
460687 0 37 5 1
345953 1 38 3 1
508968 1 38 2 2
347776 1 38 2 1
346504 1 38 2 1
346238 1 38 2 1
210815 1 38 2 3
460316 1 38 1 1
210812 0 38 5 3
210813 0 38 5 3
210814 0 38 5 3
346239 0 38 5 1
346241 0 38 5 1
346242 0 38 5 1
346503 0 38 5 1
459458 1 38 5 0
459459 1 38 5 0
508967 0 38 5 2
461054 1 39 3 1
460547 1 39 3 1
460492 1 39 3 0
346930 1 39 3 1
38182 1 39 2 0
345934 1 39 1 1
345935 0 39 5 1
345936 0 39 5 1
345937 0 39 5 1
345938 0 39 5 1
345951 1 39 5 1
345954 1 39 5 1
346931 0 39 5 1
346932 0 39 5 1
347641 0 39 5 3
347642 0 39 5 3
347775 1 39 5 1
346432 1 40 4 1
347773 1 40 3 3
346582 1 40 3 1
460708 1 40 2 1
460086 1 40 2 1
346851 0 40 6 1
346107 1 40 2 1
38178 0 40 5 1
38180 0 40 5 1
346108 0 40 5 1
346110 0 40 5 1
346583 0 40 5 1
346584 0 40 5 1
346850 0 40 5 1
346853 0 40 5 1
347641 0 40 5 1
347643 0 40 5 1
347769 0 40 5 3
460374 0 40 5 3
460493 1 40 5 0
460494 1 40 5 0
460546 1 40 5 1
460548 1 40 5 1
460549 1 40 5 1
460222 1 41 3 2
346820 1 41 3 3
459694 1 41 2 3
459457 1 41 2 1
346606 1 41 2 1
346852 1 41 1 1
346196 1 41 1 3
346193 0 41 5 3
346194 0 41 5 3
346433 1 41 5 1
346605 0 41 5 1
346850 0 41 5 1
346853 0 41 5 1
346854 0 41 5 1
346855 0 41 5 1
460221 0 41 5 2
347591 1 42 4 1
346596 1 42 4 3
461110 0 42 5 1
459972 1 42 3 1
461106 1 42 2 1
461033 0 42 6 0
346851 0 42 5 3
459971 0 42 5 1
461108 0 42 5 1
461109 0 42 5 3
347842 1 43 4 0
460071 1 43 3 3
459966 1 43 3 1
347877 1 43 3 1
460816 1 43 2 1
460486 1 43 2 1
460120 1 43 2 3
346907 0 43 5 0
346910 0 43 5 0
347592 1 43 5 1
347593 1 43 5 1
347875 0 43 5 1
459965 0 43 5 1
459967 0 43 5 1
459968 0 43 5 1
460065 0 43 5 3
460066 0 43 5 3
460070 0 43 5 3
460485 0 43 5 1
460487 0 43 5 1
460488 0 43 5 1
460707 0 43 5 3
460708 0 43 5 3
460709 0 43 5 3
461035 1 43 5 0
461036 1 43 5 0
461035 0 43 5 0
346818 0 44 7 3
460671 1 44 2 3
346819 0 44 5 1
346821 0 44 5 1
347845 1 44 5 0
347846 1 44 5 0
347848 1 44 5 0
460118 1 44 5 3
460669 0 44 5 3
560283 1 45 3 3
345938 1 45 2 3
346419 1 45 1 2
345935 0 45 5 3
345936 0 45 5 3
346581 1 45 5 3
347385 1 46 4 3
146243 1 46 4 2
459340 1 46 2 0
451304 1 46 1 4
346600 1 46 1 2
346820 0 46 5 3
459339 0 46 5 0
459341 0 46 5 0
460119 1 46 5 1
560279 1 46 5 3
560280 1 46 5 3
560281 1 46 5 3
461044 1 47 2 0
459869 1 47 2 1
459809 1 47 2 1
347876 1 47 2 1
346806 1 47 2 1
346040 1 47 2 1
459970 1 47 1 0
436995 1 47 1 3
346583 1 47 1 3
346039 0 47 5 1
346041 0 47 5 1
346042 0 47 5 1
346044 0 47 5 1
346582 0 47 5 3
347382 1 47 5 3
347384 1 47 5 3
347875 0 47 5 1
347877 0 47 5 1
347878 0 47 5 1
347879 0 47 5 1
347880 0 47 5 1
459808 0 47 5 1
459868 0 47 5 1
459872 0 47 5 1
459974 0 47 5 0
461046 0 47 5 0
98193 1 48 2 3
47699 1 48 2 3
98191 0 48 5 3
460536 1 49 3 0
346597 1 49 3 0
181549 1 49 3 1
347770 1 49 2 1
459443 1 49 1 3
346599 0 49 5 0
347769 0 49 5 1
347771 0 49 5 1
347773 0 49 5 1
347774 0 49 5 1
459441 0 49 5 3
459871 1 50 3 3
459173 1 50 3 1
347723 1 50 2 1
47347 1 50 2 3
347845 1 50 1 1
193321 1 50 1 3
111366 1 50 1 3
47345 0 50 6 3
111368 0 50 5 3
193318 0 50 5 3
193319 0 50 5 3
347844 0 50 5 1
347848 0 50 5 1
347849 0 50 5 1
347851 0 50 5 1
459176 0 50 5 1
459869 0 50 5 3
459870 0 50 5 3
460672 1 51 4 0
460537 1 51 4 0
386179 1 51 3 3
347977 1 51 3 4
346417 1 51 2 2
346058 1 51 2 1
459807 1 51 1 0
346643 1 51 1 1
346059 0 51 5 1
346060 0 51 6 1
346414 0 51 5 2
346415 0 51 5 2
346644 0 51 5 1
346645 0 51 5 1
347722 1 51 5 1
347724 1 51 5 1
347725 1 51 5 1
347726 1 51 5 1
459810 0 51 5 0
461045 0 51 5 1
461047 0 51 5 1
461105 1 52 3 4
346285 1 52 3 1
346757 1 52 2 1
346284 0 52 5 1
346286 0 52 5 1
460536 1 52 5 0
460538 1 52 5 0
460673 1 52 5 0
460674 1 52 5 0
461104 0 52 5 4
347123 1 53 3 1
459819 1 53 2 3
362849 1 53 2 3
346787 1 53 2 1
460997 1 53 1 1
217600 0 53 5 3
362847 0 53 5 3
459817 0 53 5 3
459818 0 53 5 3
460998 0 53 5 1
346788 1 54 5 1
182556 1 54 3 3
460509 1 54 1 1
181536 1 54 1 1
181537 0 54 5 1
182552 0 54 5 3
182553 0 54 5 3
182554 0 54 5 3
204696 0 54 5 3
346058 0 54 5 3
346059 0 54 5 3
347122 1 54 5 1
347125 1 54 5 1
460510 0 54 5 1
460511 0 54 5 1
459808 1 55 2 0
385794 1 55 1 4
346786 1 55 5 3
346789 1 55 5 3
459174 0 55 5 3
459810 0 55 5 0
459811 0 55 5 0
459176 1 56 2 3
346964 1 56 1 1
182777 1 56 1 1
182775 0 56 5 1
182776 0 56 5 1
182780 0 56 5 1
257881 1 57 2 3
363568 1 57 1 3
346437 1 57 1 1
257879 0 57 5 3
257880 0 57 5 3
346438 0 57 5 1
346439 0 57 5 1
459175 1 58 3 3
346545 1 58 3 1
346239 1 58 3 1
186077 1 58 2 3
182607 1 58 1 3
346546 0 58 5 1
346547 0 58 5 1
182000 1 59 3 3
385257 1 59 1 3
181998 0 59 5 3
181999 0 59 5 3
385255 0 59 5 3
460515 1 60 3 3
460514 0 60 5 3
346981 1 61 2 1
182648 1 61 2 1
181764 1 61 1 3
112847 0 61 5 3
181761 0 61 5 3
181762 0 61 5 3
181763 0 61 5 3
181765 0 61 5 3
182650 0 61 5 1
182652 0 61 5 1
346982 0 61 5 1
346983 0 61 5 1
346985 0 61 5 1
443059 1 62 3 1
460842 1 62 2 1
182330 1 62 1 1
182329 0 62 5 1
182331 0 62 5 1
182332 0 62 6 1
460845 0 62 5 1
460216 1 63 2 1
306776 1 63 2 3
306774 0 63 5 3
443061 1 63 5 1
443062 1 63 5 1
443063 1 63 5 1
460215 0 63 5 1
460218 0 63 5 1
460304 1 64 3 1
455889 1 64 1 3
460306 0 64 5 1
443559 1 65 3 1
306394 1 65 2 3
182328 0 65 7 1
501353 0 65 5 3
501357 0 65 5 3
442563 1 66 2 1
442564 0 66 5 1
443560 1 66 5 1
459589 1 67 3 3
182502 1 67 3 1
181794 1 67 3 1
460173 1 67 2 3
346172 1 67 2 1
501354 1 67 1 1
182501 0 67 5 1
182503 0 67 5 1
182505 0 67 5 1
346170 0 67 5 1
346171 0 67 5 1
346173 0 67 5 1
460172 0 67 5 3
501353 0 67 5 1
501355 0 67 5 1
501357 0 67 5 1
277269 1 68 3 3
46799 1 68 3 1
443751 1 68 2 1
46801 0 68 5 1
182329 1 68 5 0
182330 1 68 5 0
182331 1 68 5 0
182332 1 68 5 0
277268 0 68 5 3
444062 1 69 4 1
347646 1 69 4 1
443614 1 69 3 1
443328 1 69 3 1
501057 1 69 2 3
443927 1 69 2 1
306574 1 69 2 4
47750 1 69 2 1
47749 0 69 5 1
443331 0 69 5 1
443752 1 69 5 1
443753 1 69 5 1
443926 0 69 5 1
460277 0 69 5 3
460169 1 70 3 3
502690 1 70 2 1
347647 1 70 5 1
444060 1 70 5 1
444061 1 70 5 1
444063 1 70 5 1
444064 1 70 5 1
444065 1 70 5 1
502692 0 70 5 1
502073 1 71 2 1
459588 1 71 2 3
277270 1 71 2 3
183362 0 71 5 4
443755 0 71 5 1
443756 0 71 5 1
443759 0 71 5 1
459587 0 71 5 3
459589 0 71 5 3
502074 0 71 5 1
502887 0 71 5 3
502888 0 71 5 3
502891 0 71 5 3
460307 1 72 1 3
460304 0 72 5 3
182108 1 73 3 3
182105 0 73 5 3
182106 0 73 5 3
182107 0 73 5 3
502121 1 74 3 1
182331 1 74 2 1
4929 1 74 2 2
4930 0 74 5 2
182332 0 74 5 1
182333 0 74 5 1
444060 0 74 5 3
444064 0 74 5 3
502122 0 74 5 1
502123 0 74 5 1
502690 0 74 5 3
502691 0 74 5 3
347449 1 76 2 1
182503 1 76 1 1
182505 0 76 5 1
347450 0 76 5 1
411272 0 77 5 3
346299 1 78 3 3
501015 1 78 2 1
501841 1 79 2 1
347853 1 79 2 0
346004 1 79 2 1
501624 1 79 1 1
347854 0 79 5 0
347855 0 79 5 0
347856 0 79 5 0
347857 0 79 5 0
501626 0 79 5 1
501840 0 79 5 1
501843 0 79 5 1
346005 1 80 5 1
346006 1 80 5 1
460935 1 81 2 3
346300 1 81 2 3
347546 1 81 1 1
346298 0 81 5 3
501842 1 82 2 1
346968 1 83 3 4
502621 1 83 2 1
346008 1 83 2 1
346007 0 83 5 1
346009 0 83 5 1
346967 0 83 5 4
501841 1 83 5 1
502620 0 83 5 1
502622 0 83 5 1
502623 0 83 5 1
347548 1 84 2 3
183154 1 84 2 4
345990 1 84 1 0
347546 0 84 5 3
345994 1 85 3 2
408423 1 85 2 3
345990 0 85 5 2
345993 0 85 5 2
501765 1 86 3 1
346433 1 86 2 3
346431 0 86 5 3
346432 0 86 5 3
346434 0 86 5 3
501768 0 86 5 1
379559 1 87 4 3
501458 1 87 7 1
501195 1 87 3 3
501456 0 87 5 1
501460 0 87 5 1
501461 0 87 5 1
501459 0 88 6 1
345991 1 88 3 1
501457 1 89 5 1
501460 0 89 5 1
501461 0 89 5 1
501462 0 89 5 1
501456 1 89 5 1
501460 1 89 5 1
501461 1 89 5 1
502345 1 90 3 1
90192 1 90 2 3
90191 0 90 5 3
90193 0 90 5 3
501175 1 91 2 1
316436 1 91 2 4
33205 1 91 2 3
464863 1 91 1 3
33204 0 91 5 3
316435 0 91 5 4
464860 0 91 5 3
464861 0 91 5 3
501176 0 91 5 1
502346 1 91 5 1
502347 1 91 5 1
499704 1 92 1 3
499703 0 92 5 3
499705 0 92 5 3
316759 0 93 5 4
501458 0 93 5 3
501462 0 93 5 3
501594 0 93 5 1
501596 0 93 5 1
316437 1 94 2 3
501464 1 95 4 1
500748 1 95 2 1
502533 1 96 2 1
501463 1 96 5 1
501466 1 96 5 1
501467 1 96 5 1
501468 1 96 5 1
502747 1 97 2 1
502014 1 97 2 3
502012 0 97 5 3
502013 0 97 5 3
502531 1 97 5 1
502532 1 97 5 1
500751 1 98 3 3
501601 1 99 3 1
501154 1 99 2 1
500747 1 99 5 3
500748 1 99 5 3
500750 1 99 5 3
501155 0 99 5 1
501156 0 99 5 1
501157 0 99 6 1
501773 0 99 5 2
501585 1 100 3 1
501957 1 100 2 1
501361 1 100 2 1
501587 0 100 5 1
501588 0 100 5 1
501599 1 100 5 1
501602 1 100 5 1
501604 1 100 5 1
501958 0 100 5 1
501959 0 100 5 1
501636 1 101 4 1
502242 1 101 3 1
501467 1 101 2 3
502748 1 101 1 1
501362 1 101 5 1
501363 1 101 5 1
501463 0 101 5 3
501468 0 101 5 3
502244 0 101 5 1
502747 0 101 5 1
502752 0 101 5 1
502753 0 101 5 1
501154 0 102 5 3
501155 0 102 5 3
501637 1 102 6 1
502368 1 103 3 1
501728 1 103 1 1
501083 1 104 3 1
500725 1 104 2 3
501081 0 104 5 1
501082 0 104 5 1
502370 1 104 5 1
502371 1 104 5 1
501756 1 105 3 1
501636 0 105 5 3
501638 0 105 5 3
501757 0 105 5 1
501759 0 105 5 1
501817 1 107 3 1
501816 0 107 5 1
501820 0 107 5 1
502870 1 108 3 1
502869 0 108 5 1
502872 0 108 5 1
502675 1 109 3 1
502521 1 109 3 1
501811 1 109 2 3
501809 0 109 5 3
501810 0 109 5 3
502674 0 109 5 1
502677 0 109 5 1
502678 0 109 5 1
502721 0 109 5 1
502724 1 110 3 3
502207 1 110 3 1
502723 0 110 5 3
502722 1 110 0 1
502208 0 110 5 1
502523 1 110 5 1
502722 0 110 5 1
502725 0 110 5 1
502721 0 110 5 3
502722 0 110 5 3
502725 0 110 5 3
502390 1 112 1 1
501834 1 113 2 1
501682 1 113 2 1
145630 1 113 2 3
145629 0 113 5 3
145631 0 113 5 3
501683 0 113 5 1
501684 0 113 5 1
501835 0 113 5 1
501836 0 113 5 1
501839 0 113 5 1
502207 0 113 5 1
502209 0 113 5 1
501838 1 115 3 3
502725 1 115 1 3
501834 0 115 5 3
501835 0 115 5 3
501836 0 115 5 3
501839 0 115 5 3
502722 0 115 5 3
502723 0 115 5 3
502724 0 115 5 3
501665 1 116 3 1
501427 1 116 3 3
501062 1 116 3 4
501174 1 116 2 1
502810 1 116 1 1
501177 0 116 5 1
501664 0 116 5 1
501666 0 116 8 1
501667 0 116 5 1
502813 0 116 5 1
145624 1 117 2 3
145621 0 117 5 3
145623 0 117 5 3
502586 1 119 3 1
502590 0 119 5 1
502591 0 119 5 1
502592 0 119 5 1
502580 1 120 3 1
502044 1 120 3 3
502812 1 120 2 3
502042 0 120 5 3
502043 0 120 5 3
501667 1 121 1 3
501664 0 121 5 3
501665 0 121 5 3
501668 0 121 5 3
502581 1 121 5 1
502582 1 121 5 1
502583 1 121 5 1
500933 0 123 5 3
500934 0 123 5 3
501218 1 124 3 1
502054 1 125 1 3
460 1 125 1 3
458 0 125 5 3
501220 1 125 5 1
501691 0 125 5 1
502052 0 125 5 3
501690 1 126 3 3
501687 0 126 5 3
501689 0 126 5 3
501691 0 126 5 3
502409 1 127 1 3
502407 0 127 5 3
501051 1 129 2 1
501050 0 129 5 1
501052 0 129 5 1
501053 0 129 5 1
502536 1 130 4 0
501879 1 130 3 2
501532 1 130 3 1
501533 0 130 5 1
501536 0 130 5 1
501880 0 130 5 2
943 1 131 3 1
502408 1 131 2 3
502407 0 131 5 3
502537 1 131 5 0
502539 1 131 5 0
501376 1 132 2 1
501049 1 132 2 0
501374 0 132 5 1
501375 0 132 5 1
501377 0 132 5 1
941 0 133 6 1
502622 1 134 4 1
259 1 134 3 1
942 1 134 5 1
261 0 134 5 1
262 0 134 5 1
263 0 134 5 1
943 1 134 5 1
944 1 134 6 1
943 0 134 5 1
810 1 135 3 1
648 1 135 2 1
646 0 135 5 1
647 0 135 6 1
650 0 135 5 1
811 0 135 5 1
813 0 135 5 1
502623 1 135 5 1
502624 1 135 5 1
501530 1 136 2 2
185 1 137 2 4
183 0 137 5 4
941 0 137 5 3
943 0 137 5 3
945 0 137 5 3
647 1 138 5 0
648 1 138 5 0
649 1 138 5 0
646 0 138 5 1
648 0 138 5 1
649 0 138 5 1
873 1 139 2 3
781 1 141 2 1
106 1 141 2 4
779 0 141 5 1
783 0 141 5 1
1237 1 145 2 1
1238 0 145 5 1
1239 0 145 5 1
962 1 147 3 3
709 1 147 1 1
960 0 147 5 3
961 0 147 5 3
963 0 147 5 3
