156253 3 2 1 0
417367 3 2 3 0
539819 3 2 3 0
23745 4 3 3 0
420321 4 3 4 0
492188 4 3 3 0
547591 4 3 1 0
163399 5 3 3 1
177181 5 4 3 1
315363 5 4 4 1
538364 5 1 3 0
169930 7 4 3 0
417366 7 3 1 0
316713 8 4 3 1
538362 8 3 1 0
83216 9 4 3 0
285438 9 3 1 0
488106 10 2 3 0
547829 10 3 1 0
285437 11 3 1 0
531599 13 3 2 0
487162 14 3 3 0
547835 14 3 1 0
537964 15 1 1 0
538321 15 3 1 0
547228 15 2 1 0
285692 16 3 1 0
538323 16 3 1 0
547169 16 4 3 0
284785 18 3 1 0
284900 18 3 1 0
537965 18 2 3 0
547442 18 4 1 0
547914 18 4 3 0
284717 19 3 3 0
285839 19 3 1 0
547831 19 3 3 1
548165 19 3 4 1
284657 20 3 1 0
285081 20 2 3 1
538489 20 3 1 0
547166 20 3 0 0
284794 21 1 1 1
285083 21 3 1 0
488330 21 3 3 1
284903 22 4 3 0
285078 22 2 1 0
285163 22 3 1 0
285326 22 4 1 0
285585 22 3 1 0
538488 22 3 1 0
546936 22 2 1 0
547798 22 3 1 0
284808 23 1 1 0
285343 23 2 1 0
285414 23 3 1 0
285548 23 3 3 1
433888 23 3 3 0
538368 23 4 1 0
547168 23 2 3 1
547906 23 2 1 0
547957 23 2 1 0
284788 24 2 4 1
285065 24 2 1 0
285478 24 3 1 0
286070 25 2 1 0
547432 25 3 1 0
547905 25 3 1 0
284913 26 3 1 0
285384 26 3 1 0
285758 26 2 3 0
394743 26 2 3 0
538491 26 3 3 0
538509 26 3 1 0
546763 26 2 1 0
546886 26 3 1 0
547967 26 2 3 0
285067 27 2 1 1
285161 27 4 2 0
285469 27 2 4 1
285481 27 2 0 0
285635 27 2 1 0
285715 27 3 1 0
286200 27 4 1 0
383719 27 3 3 1
547345 27 2 1 0
547910 27 1 2 0
285068 28 3 3 0
285227 28 2 2 0
285239 28 3 1 0
285345 28 3 3 0
285952 28 3 1 0
286040 28 2 1 0
405840 28 1 3 0
546585 28 2 0 0
547584 28 3 1 0
547904 28 4 1 0
547987 28 3 0 0
191599 29 3 3 0
284807 29 3 1 0
285260 29 1 1 1
285307 29 3 1 0
285386 29 2 3 0
285756 29 2 1 1
286106 29 1 0 0
135753 30 3 2 1
284862 30 4 1 0
285064 30 3 1 0
285759 30 3 3 0
285859 30 3 1 0
383717 30 2 1 1
460660 30 2 3 0
546885 30 3 3 0
547051 30 3 1 0
547634 30 3 3 0
547721 30 3 1 0
167799 31 3 1 0
218778 31 3 2 0
285140 31 2 1 0
285149 31 3 2 1
285707 31 4 4 0
286117 31 2 3 0
554835 31 3 3 1
284705 32 2 1 0
284971 32 3 0 1
285277 32 3 0 0
285568 32 2 0 0
285712 32 2 1 0
285926 32 3 1 0
383718 32 1 1 1
121990 33 3 3 1
284951 33 3 3 0
285309 33 3 3 1
285354 33 2 3 0
285434 33 4 4 0
285448 33 2 1 0
538724 33 4 1 0
547084 33 4 3 0
547700 33 2 1 0
548238 33 3 1 0
25829 34 3 2 0
203057 34 2 3 1
284735 34 2 1 0
285167 34 3 4 0
285238 34 3 0 0
285455 34 2 1 0
285873 34 2 4 0
286107 34 4 0 0
538005 34 3 1 0
546786 34 2 1 0
547764 34 2 1 0
548043 34 3 1 0
285209 35 2 4 0
285571 35 3 2 0
406671 35 4 3 0
547387 35 2 1 0
548184 35 3 1 1
284974 36 3 1 0
286109 36 4 2 0
538965 36 2 1 0
538966 36 1 1 0
547625 36 3 1 0
547652 36 2 1 0
547996 36 3 1 0
548012 36 2 1 0
548192 36 1 1 0
548239 36 2 1 0
234707 37 3 1 0
284858 37 3 2 0
285376 37 3 1 1
285489 37 4 1 0
286006 37 3 1 0
287503 37 3 3 0
315326 37 3 3 0
537615 37 3 3 0
546970 37 4 1 0
548188 37 1 2 0
219541 38 2 2 0
234708 38 2 1 0
284736 38 4 1 0
284887 38 2 1 0
286240 38 3 1 0
286241 38 1 1 0
537833 38 3 1 0
538529 38 2 1 0
546528 38 3 3 0
547641 38 2 1 0
548039 38 2 1 0
561133 38 3 2 0
45799 39 3 3 0
284730 39 2 1 0
284901 39 2 1 0
284996 39 3 1 0
285242 39 2 3 0
285441 39 3 1 0
285490 39 4 3 0
286114 39 4 1 0
537608 39 3 3 0
538004 39 4 0 1
538663 39 1 1 0
167527 40 4 1 0
284857 40 3 2 0
285257 40 1 3 0
285431 40 3 3 0
285700 40 2 0 0
537603 40 2 1 0
538177 40 3 1 0
547651 40 3 1 0
548186 40 3 1 0
548208 40 3 1 0
218037 41 3 1 0
285774 41 4 1 0
285868 41 3 1 0
316553 41 3 3 1
456213 41 2 3 0
539069 41 3 1 0
546572 41 2 0 0
546973 41 2 3 0
547571 41 2 1 0
31702 42 3 2 0
109218 42 2 3 0
284886 42 3 0 0
285000 42 2 3 0
285144 42 3 1 0
537838 42 3 1 0
537863 42 2 3 0
538662 42 3 1 0
539076 42 2 1 0
539120 42 1 1 0
166531 43 3 3 0
284939 43 2 1 0
285331 43 1 1 0
329562 43 2 3 0
396815 43 4 1 0
442216 43 2 2 0
527354 43 2 3 0
538164 43 3 1 0
546453 43 4 1 0
546734 43 1 1 0
547765 43 4 2 0
548033 43 4 1 0
76094 44 2 3 0
284875 44 2 2 0
285525 44 1 3 0
285537 44 2 1 0
286020 44 3 1 0
396985 44 2 1 0
472220 44 2 3 1
509565 44 3 3 0
537858 44 1 0 0
537976 44 3 3 1
538240 44 3 1 0
538833 44 3 4 0
539083 44 2 1 0
539096 44 2 1 0
548022 44 2 1 0
234919 45 2 0 0
284846 45 2 0 1
284937 45 2 1 0
284953 45 3 2 0
284997 45 3 1 0
285400 45 2 3 1
285523 45 4 1 0
285867 45 3 0 0
285934 45 2 1 0
286086 45 2 1 0
538350 45 3 1 0
546849 45 2 1 0
547407 45 3 3 0
547574 45 2 3 0
547620 45 3 1 0
172847 46 3 3 0
284860 46 2 1 0
285089 46 2 1 0
285181 46 4 1 0
285619 46 3 4 1
285702 46 2 2 0
305509 46 2 2 0
546815 46 4 1 0
548113 46 3 0 0
284713 47 4 1 0
284863 47 2 3 0
285338 47 4 1 0
285786 47 2 2 0
286026 47 3 3 0
303548 47 3 3 0
537860 47 2 3 0
538437 47 3 3 0
538537 47 2 3 0
275494 48 3 3 1
284806 48 2 3 0
284999 48 2 3 0
285463 48 4 1 0
285696 48 3 1 0
285870 48 3 3 0
285993 48 3 1 0
286025 48 4 1 0
286235 48 4 3 0
397078 48 2 1 0
538800 48 4 2 0
547572 48 3 1 1
548044 48 4 1 0
551284 48 3 2 0
32937 49 2 4 0
52811 49 1 3 0
285398 49 3 1 0
285936 49 2 3 0
285937 49 3 3 0
537800 49 3 1 0
537944 49 4 1 0
546848 49 4 1 0
547495 49 3 2 1
547784 49 4 0 0
548115 49 2 3 0
284708 50 2 1 0
284916 50 4 1 0
285684 50 3 1 0
546483 50 4 1 0
547789 50 3 3 1
288924 51 4 3 0
507677 51 2 3 0
538151 51 3 1 0
542033 51 3 2 0
548776 51 5 3 1
284864 52 4 3 0
284965 52 2 1 0
285883 52 3 2 0
537489 52 2 1 0
538545 52 3 3 0
538546 52 3 3 0
538892 52 3 1 0
538893 52 2 1 0
547310 52 2 3 0
285992 53 3 1 0
286022 53 4 3 1
303550 53 3 3 1
504633 53 2 2 1
538028 53 3 1 0
538992 53 3 2 0
546486 53 3 3 0
546730 53 1 2 0
547280 53 3 3 0
284695 54 2 1 0
285877 54 1 1 0
395862 54 2 1 0
538895 54 3 3 0
547204 54 3 3 0
547315 54 2 2 0
537547 55 2 1 0
537959 55 1 1 0
546488 55 4 3 0
252659 56 3 3 1
284247 56 3 3 0
286085 56 3 4 1
291488 56 3 2 1
395853 56 3 4 0
539052 56 3 1 0
547287 56 4 3 0
165350 57 3 3 0
285509 57 3 3 0
395770 57 2 1 0
399350 57 4 3 0
538235 57 4 1 0
538890 57 5 1 0
286225 58 2 2 0
245498 59 3 3 0
285740 59 1 3 1
286229 59 3 4 0
537869 59 4 1 0
538032 59 3 3 0
538474 59 3 1 0
539767 59 4 4 0
547286 59 2 2 1
395771 60 2 3 0
429642 60 2 4 1
538376 60 4 1 0
321269 62 2 3 1
441762 62 2 4 0
538258 62 4 1 0
538481 62 2 3 0
539093 62 4 3 0
539101 63 3 1 1
333885 64 3 3 0
390631 64 3 3 1
523330 64 3 3 0
540575 64 2 3 0
253228 65 3 2 0
539100 65 2 1 0
285882 66 3 3 0
286135 66 4 1 0
441761 66 1 3 0
537958 66 1 1 0
497028 67 3 2 0
539133 67 3 1 0
291487 68 2 1 1
538480 68 3 2 1
285423 69 3 1 0
538732 69 4 1 0
539060 69 3 1 0
452270 70 3 1 0
292834 71 2 1 0
540231 72 2 1 0
285102 74 2 1 0
286218 74 4 1 0
540240 74 3 3 0
540232 76 3 3 0
284691 77 3 1 0
540239 77 4 3 0
285361 82 3 3 0
285608 83 2 1 0
285799 85 1 1 0
452230 98 2 3 0
