220831 1 4 2 3
179002 1 4 2 3
66332 1 4 2 3
66328 0 4 5 3
66329 0 4 5 3
274670 0 4 5 1
274673 0 4 5 1
274674 0 4 5 1
274675 0 4 6 1
274676 0 4 5 1
360624 1 5 1 2
274671 1 5 1 1
179918 1 5 1 3
282809 0 5 5 3
360623 0 5 5 2
226454 1 6 2 3
282808 1 6 0 3
226449 0 6 5 3
226453 0 6 5 3
420749 1 7 3 1
420416 1 7 2 3
115775 0 7 5 1
115777 0 7 5 1
115778 0 7 5 1
274672 0 7 5 3
274674 0 7 5 3
274676 0 7 5 3
420414 0 7 5 3
420415 0 7 5 3
282807 1 8 3 1
448230 1 8 1 3
115777 0 8 5 0
448227 0 8 5 3
448228 0 8 5 3
421520 1 9 3 3
419370 1 11 2 1
419369 0 11 5 1
419371 0 11 5 1
448230 0 12 5 1
117077 1 14 2 0
419367 0 14 5 4
116262 1 15 8 1
420290 1 15 2 1
117078 1 15 5 0
420291 0 15 5 1
116261 1 16 8 1
116263 1 16 5 1
116265 1 16 5 1
419128 1 17 3 1
117257 1 17 3 1
116818 1 17 3 0
116934 0 17 5 0
117256 0 17 5 1
117259 0 17 5 1
117261 0 17 5 1
116260 1 18 5 1
116264 1 18 5 1
116265 1 18 5 1
116820 1 18 5 0
419849 1 19 1 1
419848 0 19 5 1
419850 0 19 5 1
419851 0 19 5 1
419537 1 20 3 1
117100 1 20 3 1
115951 1 20 3 0
419236 1 20 2 3
117260 1 20 2 3
115952 0 20 7 0
117255 0 20 5 3
117258 0 20 5 3
419231 0 20 5 3
419237 0 20 5 3
419296 1 21 4 1
524912 1 21 3 3
419530 1 21 3 1
116035 1 21 1 3
116032 0 21 5 3
116033 0 21 5 3
116034 0 21 5 3
117099 1 21 5 1
117101 1 21 5 1
419531 0 21 5 1
419533 0 21 5 1
419538 1 21 5 1
419539 1 21 5 1
116091 1 22 3 1
115782 1 22 3 1
115781 0 22 5 1
115783 0 22 5 1
115784 0 22 5 1
419297 1 22 5 1
419298 1 22 5 1
419502 1 23 2 1
116260 1 23 1 1
116720 1 23 0 0
116092 1 23 5 1
116093 1 23 5 1
116094 1 23 5 1
116096 1 23 5 1
116262 0 23 5 1
116265 0 23 5 1
419503 0 23 5 1
419504 0 23 5 1
419505 0 23 5 1
420490 0 23 5 1
420491 0 23 5 1
420492 0 23 5 1
419187 1 24 4 1
117233 1 24 4 1
419939 1 24 3 1
419473 1 24 3 1
117149 1 24 2 1
420488 1 24 1 1
419949 1 25 2 1
117234 1 25 5 1
419188 1 25 5 1
419950 0 25 5 1
419233 0 26 5 1
419880 1 26 2 1
419232 1 26 1 1
419231 0 26 5 1
419234 0 26 5 1
419235 0 26 5 1
419237 0 26 5 1
419231 0 26 5 1
419234 0 26 5 1
419881 0 26 5 1
419882 0 26 5 1
419883 0 26 5 1
420563 1 27 3 3
115783 1 27 3 3
420561 0 27 5 3
420754 1 28 2 4
420208 1 28 2 3
419945 1 28 2 3
420753 0 28 5 4
115954 1 29 3 3
419944 1 29 2 3
419297 1 29 2 1
419186 0 29 5 1
419187 0 29 5 1
419299 0 29 5 1
111571 1 30 1 2
115953 1 30 5 3
420480 0 30 5 1
420481 0 30 5 1
420482 0 30 5 1
420623 1 31 2 1
420479 1 31 2 1
420626 0 31 5 1
419122 1 32 3 1
419444 1 32 2 1
419124 0 32 5 1
419126 0 32 5 1
419445 0 32 5 1
420684 1 33 4 1
420809 1 33 2 2
419839 1 33 2 1
419838 0 33 5 1
420806 0 33 5 2
420808 0 33 5 2
424584 1 34 3 1
419875 0 34 7 3
26667 1 34 3 4
419874 0 34 5 1
419876 0 34 5 1
419877 0 34 7 1
419408 1 35 3 3
424586 1 35 5 1
424587 1 35 5 1
424588 1 35 5 1
424589 1 35 5 1
420683 1 36 2 1
420467 1 36 2 1
419216 1 36 2 1
26805 1 36 2 1
26806 0 36 5 1
26807 0 36 5 1
419218 0 36 5 1
419877 0 36 5 3
419875 0 36 5 3
419876 0 36 5 3
420680 0 36 5 1
420681 0 36 5 1
420686 0 36 7 1
424585 1 37 2 1
424354 1 37 2 1
419521 1 37 1 3
419517 0 37 5 3
419519 0 37 5 3
419520 0 37 5 3
424353 0 37 5 1
424355 0 37 5 1
424358 0 37 5 1
424584 0 37 5 1
424589 0 37 5 1
425793 1 38 2 1
420680 0 38 5 3
420681 0 38 5 3
420682 0 38 5 3
420685 0 38 5 3
419542 1 39 2 1
419540 0 39 5 1
419541 0 39 5 1
424588 1 40 3 3
419588 1 40 1 1
381924 0 40 5 3
424584 0 40 5 3
424585 0 40 5 3
424587 0 40 5 3
425204 1 41 2 1
424871 1 42 3 1
420352 1 42 3 1
420350 0 42 5 1
420351 0 42 5 1
443311 1 43 3 2
424879 1 43 1 1
424881 0 43 5 1
424882 0 43 5 1
424883 0 43 8 1
443312 0 43 5 2
424844 1 44 2 1
424846 0 44 5 1
424870 1 45 2 1
424879 1 45 5 3
424880 1 45 5 3
424882 1 45 5 3
424306 1 46 4 1
425278 1 46 3 1
425243 1 46 1 1
425279 0 46 5 1
425280 0 46 5 1
425520 1 47 3 1
425074 1 47 2 3
424872 1 47 1 3
424304 1 47 5 1
424305 1 47 5 1
424308 1 47 5 1
425072 0 47 5 3
425519 0 47 5 1
425522 0 47 5 1
425523 0 47 5 1
425248 1 48 1 3
425246 0 48 5 3
425247 0 48 5 3
425063 1 49 3 1
425060 0 49 5 1
425062 0 49 5 1
420353 1 51 3 3
423804 1 51 2 3
430278 1 51 1 3
420350 0 51 5 3
420352 0 51 5 0
420351 0 51 5 3
423803 0 51 5 3
424334 1 52 3 3
424332 0 52 5 3
424333 0 52 5 3
424821 1 55 2 3
424818 0 55 5 3
424819 0 55 5 3
424820 0 55 5 3
425060 1 57 2 0
424340 1 57 1 1
424339 0 57 5 1
424342 0 57 5 1
425062 0 57 5 0
425066 0 57 5 0
521578 0 58 5 3
425754 1 58 2 1
521579 0 58 5 3
424817 0 58 5 3
424818 0 58 5 3
424821 0 58 5 3
425752 0 58 5 1
425753 0 58 5 1
425755 0 58 5 1
425374 0 59 5 3
425375 0 59 5 3
425377 0 59 5 3
424898 1 60 3 1
424322 1 60 3 1
221631 1 60 3 3
424726 1 60 2 3
221629 0 60 5 3
221630 0 60 5 3
424724 0 60 5 3
424725 0 60 5 3
424728 0 60 5 3
424557 1 61 4 1
424243 1 61 3 2
425057 1 61 1 1
424241 0 61 5 2
424325 1 61 5 1
425059 0 61 5 1
424899 1 62 3 3
425216 1 62 2 3
366567 1 62 1 3
366566 0 62 5 3
424554 1 62 5 1
424555 1 62 5 1
424558 1 62 5 1
424560 1 62 5 1
424897 0 62 5 3
425217 0 62 5 3
424689 0 63 5 1
424690 0 63 5 1
424619 1 64 3 1
491004 1 64 2 2
424687 1 64 1 1
424620 0 64 5 1
424896 0 64 5 1
424900 0 64 5 1
491003 0 64 5 2
491006 0 64 5 2
491007 0 64 5 2
425350 1 65 3 1
424768 1 65 3 2
424323 1 65 3 1
522035 1 65 2 4
425742 1 65 2 1
424319 1 65 2 1
424318 0 65 5 1
424767 0 65 5 2
424770 0 65 5 2
425490 0 65 5 3
425492 0 65 5 3
425743 0 65 5 1
425745 0 65 5 1
425846 1 66 3 1
526063 1 66 2 3
425868 1 66 2 1
424616 1 66 1 3
424325 1 66 5 1
424617 0 66 5 3
424898 0 66 5 0
424899 0 66 5 0
424900 0 66 5 0
425349 1 66 5 1
425352 1 66 5 1
425870 0 66 5 1
526062 0 66 5 3
424259 1 67 2 1
511422 1 67 1 3
424258 0 67 5 1
424261 0 67 5 1
425431 0 67 7 1
425432 0 67 5 1
425845 1 67 5 1
425848 1 67 5 1
511420 0 67 5 3
511421 0 67 5 3
526060 1 68 3 3
424264 1 68 3 3
425053 1 68 2 1
424335 1 68 2 1
425215 1 68 1 1
425124 1 68 1 3
424635 1 68 1 3
424265 0 68 5 3
424336 0 68 5 1
424338 0 68 5 1
424619 0 68 5 1
424621 0 68 5 1
424622 0 68 5 1
424632 0 68 5 3
424634 0 68 5 3
425049 0 68 5 1
425051 0 68 5 1
425054 0 68 5 1
424757 1 69 3 3
425744 1 69 2 3
425741 0 69 5 3
425745 0 69 5 3
425217 1 70 2 3
424753 1 70 5 3
424754 1 70 5 3
424756 1 70 5 3
424758 1 70 5 3
425429 1 70 5 2
425433 1 70 5 2
554136 1 71 2 2
424617 1 71 1 4
424358 1 71 1 3
424356 0 71 5 3
424357 0 71 5 3
424615 0 71 5 4
424616 0 71 5 4
424619 0 71 5 3
424621 0 71 5 3
425237 1 72 3 1
424337 1 72 3 3
425330 1 72 2 3
316287 1 72 1 2
424335 0 72 5 3
424336 0 72 5 3
425050 0 72 5 0
425051 0 72 5 0
425054 0 72 5 0
425234 0 72 5 1
425236 0 72 5 1
425327 0 72 5 3
424794 1 73 3 1
472104 1 73 2 2
424664 0 73 5 1
424666 0 73 5 1
424667 0 73 5 1
554137 1 74 3 2
424551 1 74 3 1
554134 0 74 5 2
554135 0 74 5 2
425334 1 75 4 1
424793 1 75 3 1
424552 1 75 5 1
424795 0 75 5 1
424796 0 75 5 1
425225 1 76 3 1
425155 1 76 3 0
424980 1 76 2 1
424873 1 76 1 3
424870 0 76 5 3
425335 1 76 5 1
425336 1 76 5 1
424934 1 78 3 4
424789 1 78 1 1
424790 0 78 5 1
424791 0 78 5 1
424935 0 78 5 4
425455 1 79 3 1
424468 1 79 3 1
425044 1 79 1 4
424469 0 79 5 1
424472 0 79 5 1
424789 0 79 5 3
425456 0 79 5 1
425457 0 79 5 1
425458 0 79 5 1
487300 1 80 4 3
424470 1 80 3 1
425585 1 80 2 1
425345 1 80 2 0
425583 1 80 1 1
424825 1 80 1 1
424469 0 80 5 1
424471 0 80 5 1
424472 0 80 5 1
425346 0 80 5 0
425347 0 80 5 0
425348 0 80 5 0
425584 0 80 5 1
425586 0 80 5 1
425587 0 80 5 1
424360 1 81 2 3
424980 0 81 5 3
424981 0 81 5 3
487297 1 81 5 3
487298 1 81 5 3
487299 1 81 5 3
425267 1 82 4 1
425395 1 83 3 0
425269 1 83 5 1
425270 1 83 5 1
425396 0 83 5 0
425398 0 83 5 0
425401 1 85 2 1
425735 1 85 1 1
424724 1 85 1 1
425402 0 85 5 1
425404 0 85 5 1
488151 1 86 3 1
424913 1 86 2 1
424916 0 86 5 1
424728 1 87 2 4
424725 0 87 5 4
424726 0 87 5 4
424727 0 87 5 4
488153 1 87 5 1
488663 1 88 4 1
487299 1 88 1 3
424532 1 88 1 0
424533 0 88 5 0
424535 0 88 5 0
487294 0 88 5 3
487296 0 88 5 3
487297 0 88 5 3
488122 1 89 3 1
425473 1 89 3 3
425737 1 89 2 3
425469 0 89 5 3
425471 0 89 5 3
425472 0 89 5 3
425734 0 89 5 3
425735 0 89 5 3
488664 1 89 5 1
425222 1 90 3 1
425050 1 90 2 1
424750 1 90 1 1
424749 0 90 5 1
424751 0 90 5 1
424752 0 90 5 1
425051 0 90 5 1
425053 0 90 5 1
425221 0 90 5 1
425224 0 90 5 1
425225 0 90 5 1
425226 0 90 5 1
425227 0 90 5 1
424580 1 91 3 0
487131 1 92 3 1
424534 1 92 2 3
275112 1 92 2 2
275109 0 92 7 2
275111 0 92 5 2
424533 0 92 5 3
424535 0 92 5 3
487132 0 92 5 1
487135 0 92 5 1
487297 1 93 3 1
487296 0 93 5 1
487298 0 93 5 1
487300 0 93 5 1
487399 1 94 3 3
487396 0 94 5 3
487397 0 94 5 3
487398 0 94 5 3
487336 1 95 2 1
275108 1 95 5 0
487333 0 95 5 1
487334 0 95 5 1
487335 0 95 5 1
487337 0 95 5 1
243476 1 97 3 3
424582 1 97 2 3
243475 0 97 5 3
486924 0 97 5 1
487157 0 97 5 1
488015 0 97 5 1
488016 0 97 5 1
488018 0 97 6 1
486923 1 98 0 1
488612 0 99 7 3
487921 1 99 3 1
488585 1 99 2 3
488586 0 99 5 3
487579 1 100 1 1
487578 0 100 5 1
487580 0 100 5 1
486864 1 101 3 4
488771 1 101 2 1
488615 1 101 2 3
486865 0 101 5 4
488015 1 101 5 3
488016 1 101 5 3
488613 0 101 5 3
488614 0 101 5 3
488770 0 101 5 1
488772 0 101 5 1
488785 1 102 3 1
487166 1 102 3 1
487892 1 102 2 3
487167 0 102 5 1
487890 0 102 5 3
487891 0 102 5 3
487893 0 102 5 3
488786 0 102 5 1
488787 0 102 5 1
488788 0 102 5 1
486886 1 103 3 1
487619 1 103 2 1
487605 1 103 1 1
487606 0 103 5 1
487607 0 103 5 1
487621 0 103 5 1
487622 0 103 5 1
487769 0 103 5 1
487393 1 104 3 1
487768 1 104 2 1
487165 1 104 2 1
488856 1 104 1 1
487392 0 104 5 1
487394 0 104 5 1
488773 1 105 3 3
487672 1 105 2 1
487674 0 105 5 1
487675 0 105 5 1
488770 0 105 5 3
488772 0 105 5 3
488857 1 106 2 4
487181 1 106 2 1
486934 1 106 2 1
486932 0 106 5 1
486935 0 106 5 1
486936 0 106 5 1
487182 0 106 5 1
487184 0 106 5 1
488856 0 106 5 4
488313 1 107 3 1
488311 0 107 5 1
488314 0 107 5 1
488666 0 108 5 3
488170 1 109 2 1
488377 1 109 1 1
487076 1 109 1 1
487075 0 109 5 1
487078 0 109 5 1
487079 0 109 5 1
488504 1 110 3 1
488312 1 110 3 1
488314 0 110 5 1
488505 0 110 6 1
488507 0 110 5 1
488044 1 111 8 1
487828 1 111 2 1
488851 1 111 1 2
487456 1 111 1 1
487455 0 111 5 1
487457 0 111 5 1
487458 0 111 5 1
488229 1 112 2 3
488042 1 112 8 1
488045 1 112 5 1
488227 0 112 5 3
487144 0 113 13 3
487031 1 113 3 1
487927 1 113 2 1
487032 0 113 5 1
487033 0 113 5 1
487035 0 113 5 1
487036 0 113 5 1
487928 0 113 5 1
487929 0 113 5 1
488503 0 113 5 1
488504 0 113 5 1
488508 0 113 5 1
488035 1 114 3 3
487727 1 114 1 1
487046 1 114 1 1
487145 1 114 5 3
487728 0 114 5 1
487730 0 114 5 1
488045 1 114 5 1
488046 1 114 5 1
488047 1 114 5 1
488034 1 115 5 3
487075 1 115 2 1
487037 1 115 2 1
487038 0 115 5 1
487074 0 115 5 1
488033 0 115 5 3
488032 1 115 5 3
488033 1 115 5 3
486950 1 116 2 1
486951 0 116 5 1
486952 0 116 5 1
487149 1 117 3 1
488233 1 117 1 3
281694 0 117 5 3
488232 0 117 5 3
487078 1 118 3 3
487074 0 118 5 3
487076 0 118 5 3
488337 1 120 2 1
488339 0 120 5 1
487260 1 123 2 1
487258 0 123 5 1
487261 0 123 5 1
487151 1 124 2 3
487148 0 124 5 3
487149 0 124 5 3
487809 1 125 3 1
487882 1 127 2 1
486880 1 127 2 1
487512 1 127 1 3
486879 0 127 5 1
486881 0 127 5 1
486883 0 127 5 1
487510 0 127 5 3
487511 0 127 5 3
487513 0 127 5 3
487149 0 130 5 1
487150 0 130 5 1
487804 1 131 2 1
487803 0 131 5 1
487582 1 132 4 0
488522 1 132 3 1
487866 0 132 6 3
487864 0 132 5 3
488520 0 132 5 1
488523 0 132 5 1
488524 0 132 5 1
487865 1 133 2 3
487581 1 133 5 0
487585 1 133 5 0
488143 1 134 3 1
487517 1 134 3 1
487518 0 134 5 1
488145 0 134 5 1
488523 0 136 5 0
488524 0 136 5 0
99831 1 137 3 3
99828 0 137 5 3
99830 0 137 5 3
255738 1 138 3 2
487566 1 138 2 1
255739 0 138 5 2
255740 0 138 5 2
487173 1 139 1 3
487174 0 139 5 3
487173 0 141 5 2
487174 0 141 5 2
486973 1 142 2 1
486972 0 142 5 1
486963 1 145 3 0
486964 0 145 5 0
486965 0 145 5 0
486968 0 145 5 0
486969 0 145 5 0
423676 1 146 2 3
423675 0 146 5 3
423677 0 146 5 3
486965 0 146 5 3
261531 1 149 2 3
486968 0 146 5 3
