317568 1 2 4 3
299738 1 3 3 3
202348 1 3 3 1
194574 1 3 3 3
88376 1 3 3 3
10705 1 3 3 3
10706 0 3 5 3
10707 0 3 5 3
88377 0 3 5 3
194575 0 3 5 3
299739 0 3 5 3
317567 1 3 5 3
321482 1 4 2 3
202349 1 4 5 1
321480 0 4 5 3
321481 0 4 5 3
321483 0 4 5 3
409249 1 5 3 3
129471 1 5 2 3
387025 1 5 1 1
74202 1 5 1 3
409246 0 5 5 3
409247 0 5 5 3
409248 0 5 5 3
134815 1 6 3 3
127317 1 6 3 1
387970 1 6 2 1
350527 1 6 2 3
127316 0 6 5 1
134812 0 6 5 3
230422 0 6 5 3
350525 0 6 5 3
387973 0 6 5 1
127313 1 7 3 3
93453 1 7 2 1
10703 1 7 2 4
93451 0 7 5 1
93454 0 7 5 1
93455 0 7 5 1
387969 0 8 5 3
127314 1 8 5 3
387968 0 8 5 3
127319 1 9 2 1
387971 1 9 5 1
387972 1 9 5 1
127681 1 10 2 1
127318 0 10 5 1
127321 0 10 5 1
127679 0 10 5 1
127682 0 10 5 1
230420 1 11 1 1
230421 0 11 5 1
230422 0 11 5 1
386841 1 13 2 1
410236 1 13 1 3
387727 1 14 3 1
387144 1 14 3 1
127689 1 14 1 1
386842 1 14 5 1
386843 1 14 5 1
387142 0 14 5 1
387143 0 14 5 1
387146 0 14 5 1
387147 0 14 5 1
387728 0 14 5 1
557351 1 15 3 2
557707 1 16 3 1
382119 1 16 3 3
386728 1 16 1 1
386729 0 16 5 1
557705 0 16 5 1
557709 0 16 5 1
557710 0 16 5 1
387175 0 17 7 3
386837 1 17 2 3
127274 1 17 2 1
127275 0 17 5 1
127276 0 17 5 1
127277 0 17 5 1
387171 0 17 5 3
387173 0 17 5 3
410323 0 17 5 3
386834 1 18 5 3
128079 1 19 3 1
558514 1 19 2 1
387174 1 19 2 3
386530 0 19 6 3
128076 0 19 5 1
128080 0 19 5 1
128081 0 19 5 1
387171 0 19 5 3
387173 0 19 5 3
558852 1 20 3 1
386533 1 20 3 3
387667 1 20 2 4
382126 1 20 2 2
19429 1 20 2 3
19426 0 20 5 3
19427 0 20 5 3
382129 0 20 5 2
386531 0 20 5 3
557349 0 20 5 2
557351 0 20 5 2
558853 0 20 5 1
558855 0 20 5 1
128057 0 21 18 4
381761 1 21 3 3
387770 1 21 2 1
387166 1 21 2 3
387162 0 21 6 3
387163 0 21 5 3
387164 0 21 5 3
387165 0 21 5 3
387767 0 21 5 1
387768 0 21 5 1
387769 0 21 5 1
387771 0 21 5 1
387772 0 21 5 1
387773 0 21 5 1
557622 1 22 7 3
387406 1 22 3 1
387848 1 22 2 1
386829 0 22 6 0
386826 0 22 5 1
386831 0 22 5 1
387845 0 22 5 1
387847 0 22 5 1
387849 0 22 5 1
557619 0 22 5 3
557621 0 23 13 3
386525 1 23 3 1
382128 1 23 2 3
382125 0 23 5 3
128077 0 23 6 1
128078 0 23 5 1
128079 0 23 5 1
128080 0 23 5 1
382126 0 23 5 3
382127 0 23 5 3
382129 0 23 5 3
386524 0 23 5 1
386526 0 23 5 1
386528 0 23 5 1
386827 0 23 5 0
386830 0 23 5 0
387405 1 23 5 1
386529 1 24 1 0
128076 0 24 5 1
128079 0 24 5 1
128080 0 24 5 1
386530 0 24 5 0
386532 0 24 5 0
386533 0 24 5 0
387161 0 24 5 1
387163 0 24 5 1
387165 0 24 5 1
557619 1 24 5 3
557620 1 24 5 3
128625 1 25 3 1
128622 0 25 5 1
128627 0 25 5 1
386530 0 25 5 3
386531 0 25 5 3
386533 0 25 5 3
387476 1 26 3 1
387836 0 26 6 4
382251 1 26 2 1
387826 1 26 1 4
382253 0 26 5 1
387478 0 26 5 1
557619 0 26 5 1
387837 1 27 3 4
387771 1 27 2 2
387854 1 27 1 1
387767 0 27 5 2
387768 0 27 5 2
387770 0 27 5 2
387855 0 27 5 1
387856 0 27 5 1
387852 0 28 5 1
557712 1 28 3 4
387917 1 28 3 1
386526 1 28 3 1
128753 1 28 3 1
127110 1 28 1 1
127111 0 28 5 1
127113 0 28 5 1
127115 0 28 5 1
128078 0 28 5 0
128079 0 28 5 0
128080 0 28 5 0
387851 0 28 5 1
387856 0 28 5 1
387919 0 28 5 1
557711 0 28 5 4
386847 1 29 1 3
128751 1 29 6 1
128752 1 29 5 1
128755 1 29 5 1
386525 1 29 5 1
386527 1 29 5 1
386528 1 29 5 1
387853 1 29 5 0
387855 1 29 5 0
387856 1 29 5 0
387846 1 30 3 1
387772 1 30 2 3
387767 0 30 5 3
387768 0 30 5 3
387769 0 30 5 3
387773 0 30 5 3
387845 0 30 5 1
127399 1 31 3 3
382404 1 31 2 3
386497 1 32 3 1
357139 1 32 1 3
128753 0 32 5 1
357138 0 32 5 3
387097 1 33 3 1
387869 1 33 2 1
127852 1 33 2 1
386498 1 33 5 1
386499 1 33 5 1
387096 0 33 5 1
387101 0 33 5 1
387868 0 33 5 1
387870 0 33 5 1
387871 0 33 5 1
387873 1 34 3 0
387092 1 34 3 1
263612 1 34 2 3
263607 0 34 5 3
387090 0 34 5 1
387091 0 34 5 1
387093 0 34 5 1
387094 0 34 5 1
387095 0 34 5 1
438760 1 35 2 1
349336 1 35 2 3
387875 1 35 5 0
387876 1 35 5 0
387877 1 35 5 0
387878 1 35 5 0
438762 0 35 5 1
387089 1 36 3 0
386489 1 36 3 1
386490 0 36 6 1
387091 0 36 5 0
387093 0 36 5 0
387095 0 36 6 0
387869 0 36 5 0
387870 0 36 5 0
387871 0 36 5 0
387872 1 37 3 0
387327 1 37 3 1
263611 1 37 3 3
263608 0 37 5 3
263610 0 37 5 3
263612 0 37 5 3
387324 0 37 5 1
387329 0 37 5 1
127854 1 38 2 1
127852 0 38 5 1
127856 0 38 5 1
438761 1 39 2 1
263607 1 39 2 1
128108 1 39 2 1
387075 1 39 1 1
263604 1 39 1 2
386970 1 39 0 1
128107 0 39 5 1
128109 0 39 5 1
128110 0 39 5 1
263609 0 39 5 1
263610 0 39 5 1
386489 0 39 5 1
386491 0 39 5 1
386492 0 39 5 1
387074 0 39 5 1
387076 0 39 5 1
387077 0 39 5 1
387089 0 39 5 3
387093 0 39 5 3
387094 0 39 5 3
438760 0 39 5 1
127680 1 40 3 1
127679 0 40 5 1
127682 0 40 5 1
440071 1 41 3 1
440072 0 41 5 1
440073 0 41 5 1
439473 1 42 3 1
388144 1 42 3 1
128362 1 42 3 1
388145 0 42 5 1
388146 0 42 5 1
388227 1 43 2 1
387941 1 43 2 1
387070 1 43 2 1
291015 1 43 2 3
264579 1 43 2 1
264578 0 43 5 1
264580 0 43 5 1
387940 0 43 5 1
388140 0 43 5 3
388141 0 43 5 3
388229 0 43 5 1
388230 0 43 5 1
438513 1 44 3 1
264000 1 44 3 1
388071 1 44 2 1
387128 1 44 2 1
127681 0 44 5 1
127682 0 44 5 1
263998 0 44 5 1
263999 0 44 5 1
264002 0 44 5 1
387069 1 44 5 1
387071 1 44 5 1
387072 1 44 5 1
388073 0 44 5 1
438514 0 44 5 1
439472 1 45 3 0
127707 1 45 3 2
388228 0 45 5 3
388229 0 45 5 3
439473 0 45 5 0
439474 0 45 5 0
387790 1 46 2 1
387669 1 46 2 1
387149 1 46 2 1
128607 1 46 2 1
128610 0 46 5 1
387153 0 46 5 1
387670 0 46 5 1
387671 0 46 5 1
387789 0 46 5 1
387131 1 47 3 3
386638 1 47 3 1
264003 1 47 3 3
388687 1 47 2 3
127082 1 47 2 1
128151 1 47 1 1
126978 1 47 1 1
126979 0 47 5 1
127085 0 47 5 1
128148 0 47 5 1
128149 0 47 5 1
263999 0 47 5 3
264000 0 47 5 3
264001 0 47 5 3
264004 0 47 5 3
127080 1 48 3 1
387942 1 48 2 2
386556 1 48 2 3
127085 0 48 5 1
386552 0 48 5 3
386553 0 48 5 3
387070 0 48 5 3
264455 1 49 3 1
127081 1 49 3 1
387791 1 49 2 2
264456 0 49 5 1
387790 0 49 5 2
387614 1 50 2 3
387225 1 50 2 1
127582 1 50 2 1
127579 0 50 5 1
127584 0 50 5 1
387226 0 50 5 1
387227 0 50 5 1
127795 1 51 3 3
139313 1 51 2 3
263625 1 51 1 1
127792 0 51 5 3
127793 0 51 5 3
127796 0 51 5 3
139309 0 51 5 3
139310 0 51 5 3
139311 0 51 5 3
128684 1 52 4 1
388524 1 52 3 1
128584 1 52 3 1
127206 1 52 3 3
128585 0 52 5 1
388523 0 52 5 1
388526 0 52 5 1
264457 1 53 2 3
128335 1 53 2 1
127580 1 53 2 1
127202 1 53 5 3
127203 1 53 5 3
127204 1 53 5 3
127205 1 53 5 3
127579 0 53 5 1
127581 0 53 5 1
127582 0 53 5 1
127584 0 53 5 1
128332 0 53 5 1
128334 0 53 5 1
128337 0 53 5 1
128683 1 53 5 1
128685 1 53 5 1
244659 1 54 3 2
128175 1 54 3 3
127794 1 54 3 1
127652 1 54 3 2
264073 1 54 2 1
136709 1 54 2 2
128142 1 54 2 4
128229 1 54 0 2
127584 0 54 5 1
128172 0 54 5 3
128498 0 54 5 2
128499 0 54 6 2
136710 0 54 5 2
244660 0 54 5 2
244661 0 54 5 2
264454 1 54 5 3
264456 1 54 5 3
387307 1 55 2 3
127780 1 55 1 3
127779 0 55 5 3
127781 0 55 5 3
127792 1 55 5 1
127796 1 55 5 1
387308 0 55 5 3
412431 1 56 3 3
263494 1 56 3 1
387360 1 56 2 4
127202 1 56 5 1
127206 1 56 5 1
263493 0 56 5 1
263495 0 56 5 1
412430 0 56 5 3
127863 1 57 3 3
292666 1 57 2 3
264080 1 57 2 1
128122 1 57 2 1
127390 1 57 2 4
127205 0 57 5 0
127864 0 57 5 3
128124 0 57 5 1
264079 0 57 5 1
264082 0 57 5 1
264083 0 57 5 1
264084 0 57 5 1
264085 0 57 5 1
127706 1 58 3 2
127782 1 58 2 3
127658 1 58 2 3
127653 0 58 5 3
262812 1 59 4 1
263497 1 59 3 3
128682 1 59 1 4
127704 1 59 5 2
430287 1 59 5 3
290776 1 60 3 3
128497 1 60 2 2
128496 0 60 5 2
128498 0 60 5 2
128499 0 60 5 2
262813 1 60 5 1
263494 1 60 5 3
263496 1 60 5 3
290775 0 60 5 3
387258 1 61 2 1
387259 0 61 6 1
387261 0 61 5 1
140995 1 62 2 3
140993 0 62 5 3
140994 0 62 5 3
264084 1 64 2 3
264082 0 64 5 3
387258 0 64 5 1
387260 0 64 5 1
387261 0 64 5 1
387262 0 64 5 1
128094 1 65 2 1
128093 0 65 5 1
128095 0 65 5 1
128096 0 65 5 1
128496 0 65 5 3
128499 0 65 5 3
140987 0 65 5 3
140988 0 65 5 3
140990 0 65 5 3
127980 1 68 3 1
263464 1 68 2 3
127982 0 68 5 1
127983 0 68 5 1
128445 1 69 3 3
386942 1 69 2 1
128444 1 70 5 3
386943 1 70 5 1
386944 1 70 5 1
386945 1 70 5 1
386947 1 70 5 1
262874 1 72 2 3
249010 1 72 2 2
262875 0 72 5 3
386947 0 72 5 1
128582 1 73 3 2
174524 1 73 2 3
128319 1 73 2 1
128235 1 73 2 1
388692 1 73 1 1
127519 1 73 1 1
127522 0 73 5 1
128236 0 73 5 1
128318 0 73 5 1
128320 0 73 5 1
128581 0 73 5 2
128583 0 73 5 2
174522 0 73 5 3
388695 0 73 5 1
128218 1 75 2 1
127379 1 75 1 4
341630 1 76 2 2
127797 1 76 2 1
128220 1 76 5 1
203894 0 77 5 2
128730 1 78 4 1
127843 1 78 3 1
386947 1 78 2 3
386944 0 78 5 3
386945 0 78 5 3
386946 0 78 5 3
227558 1 79 3 3
441252 1 79 2 3
128747 1 79 1 1
128728 1 79 5 1
128729 1 79 5 1
128731 1 79 5 1
128746 0 79 5 1
128748 0 79 5 1
128750 0 79 5 1
441250 0 79 5 3
457069 1 80 2 3
128651 1 80 1 1
128650 0 80 5 1
128652 0 80 5 1
128654 0 80 5 1
457070 0 80 5 3
386479 1 81 3 1
126942 1 81 3 1
127935 1 81 2 3
128539 1 81 1 3
126943 0 81 5 1
127933 0 81 5 3
128535 0 81 5 3
386476 0 81 5 1
386481 0 81 5 1
434260 0 81 5 2
434261 0 81 5 2
126956 1 82 2 1
126955 0 82 5 1
126957 0 82 5 1
127932 0 82 5 1
127934 0 82 5 1
127535 1 83 4 1
128772 1 83 3 1
127953 1 83 2 3
127950 0 83 5 3
279029 1 84 3 3
358693 1 84 2 3
229052 1 84 2 2
127537 1 84 5 1
229051 0 84 5 2
279028 0 84 5 3
358690 0 84 5 3
358692 0 84 5 3
388033 1 85 2 1
126955 0 85 5 3
126956 0 85 5 3
126959 0 85 5 3
387346 1 86 2 1
227559 1 86 2 3
386476 1 86 1 1
171321 1 86 1 3
127113 1 86 1 1
127111 0 86 5 1
127112 0 86 5 1
127115 0 86 5 1
171322 0 86 5 3
386477 0 86 5 1
386478 0 86 5 1
386480 0 86 5 1
387348 0 86 7 1
387351 0 86 5 1
388032 1 86 5 1
388034 1 86 5 1
388036 1 86 5 1
524017 1 87 3 3
387267 1 87 3 1
524022 1 87 2 0
388528 1 87 2 1
388035 1 87 1 3
128777 1 87 1 4
388033 0 87 5 3
388034 0 87 5 3
388036 0 87 5 3
388531 0 87 5 1
524018 0 87 5 3
387801 1 88 2 1
198032 1 88 2 3
187928 1 88 2 3
198031 1 88 1 3
127141 1 88 1 2
127142 0 88 5 2
387265 1 88 5 1
387266 1 88 5 1
387268 1 88 5 1
388711 0 88 5 3
127567 1 89 3 3
387366 1 89 2 1
127565 0 89 5 3
127566 0 89 5 3
387365 0 89 5 1
387368 0 89 5 1
387369 0 89 5 1
387371 0 89 5 1
386873 1 90 4 1
197857 1 90 3 4
127136 1 90 3 0
387347 1 90 2 1
197435 1 90 2 1
127137 0 90 5 0
127138 0 90 5 0
197434 0 90 5 1
197436 0 90 5 1
197856 0 90 5 4
387346 0 90 5 1
387350 0 90 5 1
387351 0 90 5 1
197236 1 91 4 3
198485 1 91 3 1
358688 1 91 1 3
261942 1 91 1 3
198486 0 91 5 1
198488 0 91 5 1
358686 0 91 5 3
358687 0 91 5 3
386874 1 91 5 1
386876 1 91 5 1
387875 1 92 3 1
388515 1 92 2 4
388008 1 92 2 1
197234 1 92 5 3
197235 1 92 5 3
197436 0 92 5 1
358691 0 92 5 1
358692 0 92 5 1
387872 0 92 5 1
387874 0 92 5 1
387876 0 92 5 1
387877 0 92 5 1
388009 0 92 5 1
388010 0 92 5 1
388516 0 92 5 4
388566 1 93 3 1
198724 1 93 3 1
387367 1 93 6 1
386997 1 93 2 0
388707 1 93 1 3
358689 1 93 1 1
198725 0 93 5 1
198727 0 93 5 1
386998 0 93 5 0
386999 0 93 5 0
387000 0 93 5 0
387365 0 93 5 1
387368 0 93 5 1
388564 0 93 5 1
388567 0 93 5 1
388705 0 93 5 3
388706 0 93 5 3
32638 1 94 3 3
475294 1 94 2 3
32642 1 94 2 3
277950 1 94 1 1
199042 1 94 1 1
32641 0 94 5 3
32643 0 94 5 3
197857 0 94 5 3
199044 0 94 5 1
277953 0 94 5 1
387368 1 94 5 1
387370 1 94 5 1
387371 1 94 5 1
475292 0 94 5 3
475295 0 94 5 3
387878 1 95 3 3
388520 1 95 2 3
388392 1 95 1 1
32639 1 95 7 3
198732 0 95 5 2
198734 0 95 5 2
386997 0 95 5 1
386998 0 95 5 1
387001 0 95 5 1
388391 0 95 5 1
388394 0 95 5 1
388519 0 95 5 3
388576 1 96 3 4
198729 1 96 3 3
199043 1 96 2 3
198733 1 96 2 2
197867 1 96 2 1
197235 0 96 5 1
197237 0 96 7 1
197864 0 96 5 1
197866 0 96 5 1
197868 0 96 5 1
197869 0 96 5 1
387872 1 96 5 3
387875 1 96 5 3
387876 1 96 5 3
199127 1 97 2 1
198927 1 97 1 3
32636 0 97 5 3
198725 1 97 5 3
198727 1 97 5 3
198728 1 97 5 3
199129 0 97 5 1
199132 0 97 5 1
387239 1 98 3 1
199423 1 98 2 2
199270 1 98 2 1
126775 1 98 2 2
126772 0 98 5 2
126773 0 98 5 2
126774 0 98 5 2
197865 0 98 5 1
197866 0 98 5 1
198724 0 98 5 1
199269 0 98 5 1
199272 0 98 5 1
387242 0 98 5 1
198065 1 99 3 1
198843 1 99 2 4
198726 1 99 0 1
197236 1 99 5 3
198724 0 99 5 1
388566 0 99 5 3
197425 1 100 4 1
387460 1 100 3 1
199526 1 100 3 1
199137 1 100 3 3
199001 1 100 3 3
199070 1 100 2 4
197668 1 100 2 1
198734 1 100 1 2
197667 0 100 5 1
197669 0 100 5 1
197670 0 100 5 1
197671 0 100 5 1
198732 0 100 5 2
198733 0 100 5 2
199002 0 100 5 3
199134 0 100 5 3
199136 0 100 5 3
387462 0 100 5 1
387463 0 100 5 1
199077 1 101 3 1
199078 0 101 5 1
199079 0 101 5 1
199527 1 101 5 1
277487 1 102 3 3
198093 1 102 3 1
198098 0 102 5 1
198094 0 102 5 1
198095 0 102 5 1
198096 0 102 5 1
198095 0 102 5 3
198096 0 102 5 3
198099 0 102 5 3
198024 1 103 4 1
198199 1 103 2 1
197869 1 103 1 3
197864 0 103 5 3
197866 0 103 5 3
197867 0 103 5 3
198197 0 103 5 1
198198 0 103 5 1
198200 0 103 5 1
198201 0 103 5 1
204535 1 104 4 3
117597 1 104 2 3
198022 1 104 5 1
197870 1 106 3 3
197799 1 106 3 2
197796 1 106 3 1
197302 1 106 2 1
197303 0 106 5 1
197304 0 106 5 1
197794 0 106 5 1
197795 0 106 5 1
197797 0 106 5 1
197798 0 106 5 1
197864 0 106 5 3
197865 0 106 5 3
197866 0 106 5 3
197867 0 106 5 3
119168 1 107 3 3
198099 1 107 1 3
119167 0 107 5 3
198093 0 107 5 3
198094 0 107 5 3
198097 0 107 5 3
198098 0 107 5 3
317611 1 108 3 2
198491 1 108 2 3
197853 1 108 2 1
197649 1 108 2 1
198490 0 108 5 3
198492 0 108 5 3
317612 0 108 5 2
198095 0 109 5 2
198098 0 109 5 2
199543 0 109 5 1
199046 1 110 3 1
198297 1 110 2 1
197795 0 110 5 1
197797 0 110 5 1
197800 0 110 5 1
198026 1 111 3 3
198022 0 111 5 3
198024 0 111 5 3
198025 0 111 5 3
198300 1 111 5 1
199047 1 111 5 1
198128 1 112 3 1
198732 1 112 2 1
198149 1 112 2 2
199122 1 112 1 1
198131 0 112 5 1
198734 0 112 5 1
199299 1 113 2 3
119167 1 113 0 2
199300 0 113 5 3
198182 1 114 2 1
198183 0 114 5 1
199118 1 115 2 2
197508 1 115 2 1
197510 0 115 5 1
197511 0 115 5 1
199117 0 115 5 2
198827 1 116 2 1
198717 1 116 2 1
198129 0 116 6 3
199382 1 116 1 0
198131 0 116 5 1
198718 0 116 5 1
198719 0 116 5 1
198720 0 116 5 1
199381 0 116 5 0
199383 0 116 5 0
199384 0 116 5 0
197450 1 117 3 1
197258 1 117 3 1
197458 1 117 2 4
197443 1 117 2 2
127711 1 117 2 2
198308 1 117 1 3
197449 0 117 5 1
197453 0 117 6 1
198128 0 117 5 3
198306 0 117 5 3
199128 1 118 3 1
197969 1 118 1 3
197259 1 118 5 1
197260 1 118 5 1
197261 1 118 5 1
197966 0 118 5 3
198828 1 119 1 1
163205 1 119 1 3
163203 0 119 7 3
163204 0 119 5 3
198826 0 119 7 1
198827 0 119 5 1
198831 0 119 5 1
199126 1 119 5 1
199127 1 119 5 1
199382 0 119 5 0
199383 0 119 5 0
199385 0 119 5 0
199030 1 120 3 1
199105 1 120 2 1
198830 0 120 6 1
197654 1 120 2 1
197655 0 120 5 1
197657 0 120 5 1
198827 0 120 5 3
198829 0 120 5 3
199032 0 120 5 1
199036 1 121 3 1
197529 1 121 2 4
163204 0 121 5 2
198751 0 121 5 1
198827 0 121 5 1
199381 0 121 5 2
199382 0 121 5 2
199384 0 121 5 2
197968 1 122 2 2
197966 0 122 5 2
197967 0 122 5 2
199037 1 122 5 1
199382 0 122 5 1
199386 0 122 5 1
198690 1 123 2 3
198689 0 123 5 3
198178 1 124 3 1
199106 1 124 2 1
198177 0 124 5 1
198179 0 124 5 1
199108 0 124 5 1
198812 1 125 3 1
130756 1 125 3 3
312733 1 125 1 2
130754 0 125 5 3
198811 0 125 5 1
312734 0 125 5 2
312735 0 125 5 2
198450 1 127 2 3
198451 0 127 5 3
199526 0 127 5 2
199529 0 127 5 2
163175 1 128 3 1
163176 0 128 5 1
198694 1 130 3 1
197712 1 130 2 3
197710 0 130 5 3
197713 0 130 5 3
198696 0 130 5 1
198698 0 130 5 1
199500 1 131 1 1
199499 0 131 5 1
199502 0 131 5 1
199503 0 131 5 1
199558 1 132 2 1
88583 1 132 1 3
199557 0 132 5 1
199559 0 132 5 1
199560 0 132 5 1
199942 1 133 3 2
198693 0 133 7 0
163506 1 133 2 1
198695 0 133 5 1
198696 0 133 5 1
198698 0 133 5 1
199938 0 133 5 2
199941 0 133 5 2
199943 0 133 5 2
197583 1 134 1 1
163507 1 134 5 1
197581 0 134 5 1
197584 0 134 5 1
386072 1 135 3 3
198692 1 135 3 0
386070 0 135 5 3
386071 0 135 5 3
163179 1 136 3 3
198697 1 136 2 2
163175 0 136 5 3
163176 0 136 5 3
198693 0 136 5 2
198695 0 136 5 2
198698 0 136 5 2
199951 0 136 5 3
386068 1 137 3 0
63793 1 137 1 3
63792 0 137 5 3
63794 0 137 6 3
386070 0 137 5 0
150640 1 139 2 2
150641 0 139 5 2
198608 1 140 3 1
163508 1 140 3 3
254983 1 140 1 3
198044 1 140 1 1
63792 0 140 5 3
63793 0 140 5 3
163506 0 140 5 3
163507 0 140 5 3
198043 0 140 5 1
198045 0 140 5 1
198948 0 140 5 1
198951 0 140 5 1
335618 0 140 6 3
335619 0 140 5 3
29893 1 141 3 3
237593 1 141 2 2
198610 1 141 5 1
198611 1 141 5 1
198612 1 141 5 1
237591 0 141 5 2
237592 0 141 5 2
237594 0 141 5 2
197574 1 142 2 1
197424 1 142 1 3
166358 1 142 1 3
166355 0 142 5 3
166356 0 142 5 3
166357 0 142 5 3
197420 0 142 5 3
197421 0 142 5 3
197573 0 142 5 1
197576 0 142 6 1
197291 1 143 3 1
137060 1 143 0 3
197293 0 143 6 1
197294 0 143 5 1
198608 0 143 5 1
198612 0 143 5 1
335617 0 143 5 1
335619 0 143 5 1
335620 0 143 5 1
198945 1 144 3 2
197179 1 144 2 1
165876 1 144 2 3
197176 0 144 5 1
197177 0 144 5 1
197178 0 144 5 1
197180 0 144 5 1
197181 0 144 5 1
197182 0 144 5 1
322427 0 144 5 3
336327 1 145 4 1
199508 1 145 2 1
198944 1 145 5 2
199507 0 145 5 1
199509 0 145 5 1
197291 0 146 5 1
198607 0 146 6 3
336326 1 147 3 1
198609 1 147 2 1
198611 0 147 5 1
198612 0 147 5 1
336324 0 147 5 1
336328 0 147 5 1
336329 0 147 5 1
197725 1 148 2 1
197179 0 148 5 1
197181 0 148 5 1
198048 1 149 4 1
197575 1 149 2 3
197576 0 149 5 3
197724 1 149 5 1
197726 1 149 5 1
336585 1 150 2 1
199071 1 150 1 1
198140 1 150 1 1
198049 1 150 5 1
198051 1 150 5 1
198138 0 150 5 1
198139 0 150 5 1
336588 0 150 5 1
336324 0 151 5 3
335404 1 152 3 0
335800 1 152 2 1
198609 1 152 5 1
198610 1 152 5 1
198611 1 152 5 1
198612 1 152 5 1
335405 0 152 5 0
335407 0 152 5 0
335408 0 152 5 0
335801 0 152 5 1
335802 0 152 5 1
335803 0 152 5 1
198374 1 153 7 3
514061 1 153 2 2
67397 1 153 1 3
336326 0 153 5 1
336327 0 153 5 1
514060 0 153 5 2
514062 0 153 5 2
514063 0 153 5 2
198375 0 154 13 3
335858 1 154 3 1
336045 1 154 2 1
198138 0 154 5 1
198140 0 154 5 1
198141 0 154 5 1
335802 0 154 5 2
336046 0 154 5 1
336047 0 154 7 1
336048 0 154 5 1
335850 1 155 3 1
197927 1 155 3 4
335356 1 155 2 1
336115 1 155 1 1
198371 1 155 5 3
335357 0 155 5 1
335358 0 155 5 1
335849 0 155 5 1
335852 0 155 5 1
336117 0 155 5 1
198174 1 156 3 1
336347 1 156 2 1
335262 1 156 2 1
336744 1 156 1 1
198175 0 156 5 1
335264 0 156 5 1
336044 0 156 5 3
336045 0 156 5 3
336048 0 156 5 3
336348 0 156 5 1
336742 0 156 5 1
336745 0 156 5 1
198173 1 157 4 0
335818 1 157 3 1
336211 1 157 2 1
336132 1 157 2 4
199444 1 157 1 1
199443 0 157 5 1
335819 0 157 5 1
336114 1 158 3 1
336176 1 158 2 2
335263 1 158 2 1
336423 1 158 1 1
198175 1 158 5 0
198176 1 158 5 0
335213 0 158 5 1
335262 0 158 5 1
335264 0 158 5 1
336424 0 158 5 1
335710 1 159 3 3
335945 1 159 2 1
335923 1 159 2 1
335707 0 159 5 3
335708 0 159 5 3
335709 0 159 5 3
335924 0 159 5 1
335925 0 159 5 1
336115 1 159 5 1
336116 1 159 5 1
336117 1 159 5 1
336139 1 160 3 1
335960 1 160 2 1
335946 1 160 5 1
335958 0 160 5 1
335959 0 160 5 1
335962 0 160 5 1
336141 0 160 5 1
336377 1 161 3 1
335692 1 161 3 1
336376 0 161 5 1
336131 1 162 2 4
335764 1 162 2 1
335634 1 162 2 1
335886 1 162 1 1
335635 0 162 5 1
335636 0 162 5 1
335691 1 162 5 1
335693 1 162 5 1
335694 1 162 5 1
335763 0 162 5 1
335766 0 162 5 1
335767 0 162 5 1
335888 0 162 5 1
335889 0 162 5 1
336554 1 163 3 1
336439 1 163 2 1
335523 1 163 2 1
335372 1 163 2 0
336571 1 163 1 3
335373 0 163 5 0
335374 0 163 5 0
335375 0 163 5 0
335885 0 163 5 3
335886 0 163 5 3
335887 0 163 5 3
335889 0 163 5 3
336441 0 163 5 1
336568 0 163 5 3
336569 0 163 5 3
335473 1 164 3 1
335355 1 164 3 1
335338 1 164 3 1
336539 1 164 2 1
336053 1 164 2 1
335341 0 164 5 1
335358 0 164 5 1
335471 0 164 5 1
335474 0 164 5 1
335475 0 164 5 1
336054 0 164 5 1
336057 0 164 5 1
336058 0 164 5 1
336541 0 164 5 1
336552 1 164 5 1
336553 1 164 5 1
336555 1 164 5 1
335993 1 165 4 1
336307 1 165 2 4
336263 1 165 2 1
336264 0 165 5 1
336265 0 165 5 1
336551 1 166 2 1
336237 1 166 2 3
335637 1 166 2 3
335472 1 166 2 1
335638 0 166 5 3
335994 1 166 5 1
336234 0 166 5 3
336552 0 166 5 1
336554 0 166 5 1
336556 0 166 5 1
335226 1 167 3 3
266482 1 167 3 3
336034 1 167 2 1
335958 1 167 2 1
336438 1 167 1 1
266481 0 167 5 3
335372 0 167 5 3
335373 0 167 5 3
335374 0 167 5 3
335376 0 167 5 3
335959 0 167 5 1
335961 0 167 5 1
335962 0 167 5 1
336439 0 167 5 1
335378 1 168 3 1
336502 1 168 2 1
335683 1 168 2 1
336348 1 168 1 1
336055 1 168 1 1
335379 0 168 5 1
335381 0 168 5 1
335687 0 168 5 1
336036 1 168 5 1
336037 1 168 5 1
336053 0 168 5 1
336054 0 168 5 1
336056 0 168 5 1
336057 0 168 5 1
336058 0 168 5 1
336499 0 168 5 1
336504 0 168 5 1
335332 1 169 4 3
335991 1 169 3 3
335842 0 169 7 3
335517 1 169 3 1
336503 1 169 2 3
335362 1 169 2 3
335265 1 169 2 1
335361 0 169 5 3
335471 1 169 5 1
335472 1 169 5 1
335473 1 169 5 1
335475 1 169 5 1
335476 1 169 5 1
335520 0 169 5 1
335841 0 169 5 3
335843 0 169 5 3
336320 0 170 24 3
336214 1 170 3 1
335266 1 170 5 1
335569 1 170 2 1
198557 1 170 1 1
198556 0 170 5 1
335267 1 170 5 1
335268 1 170 5 1
335328 1 170 5 3
335329 1 170 5 3
335330 1 170 5 3
335331 1 170 5 3
335571 0 170 5 1
335572 0 170 5 1
335573 0 170 5 1
335989 1 170 5 3
335992 1 170 6 3
336215 0 170 5 1
336217 0 170 5 1
335227 1 171 3 4
335424 1 171 2 1
301873 1 171 2 3
335194 1 171 1 4
177630 1 171 1 3
177627 0 171 5 3
177628 0 171 5 3
177629 0 171 5 3
217043 0 171 5 3
301874 0 171 5 3
336322 1 171 5 3
335688 0 172 24 3
336079 1 172 3 1
89772 1 172 3 3
77105 1 172 3 2
336745 1 172 2 1
336274 1 172 2 3
336146 1 172 2 1
335305 1 172 2 1
335294 1 172 2 0
336080 0 172 5 1
336145 0 172 5 1
336744 0 172 5 1
336747 0 172 5 1
302626 1 173 4 3
336681 1 173 3 1
335584 1 173 3 1
336011 1 173 1 1
335420 1 173 1 1
335239 1 173 1 1
335241 0 173 5 1
335295 1 173 5 0
335296 1 173 5 0
335422 0 173 5 1
335683 1 173 5 3
335687 1 173 5 3
335991 0 173 5 3
336010 0 173 5 1
336012 0 173 5 1
336013 0 173 5 1
336268 0 173 5 3
336269 0 173 5 3
336271 0 173 5 3
336682 0 173 5 1
336683 0 173 5 1
336684 0 173 5 1
336685 0 173 5 1
335587 1 174 5 1
336742 1 175 2 0
336147 1 175 2 3
335905 1 175 2 0
335436 1 175 2 1
335302 1 175 2 1
335304 0 175 5 1
335307 0 175 5 1
335440 0 175 5 1
335906 0 175 5 0
335907 0 175 5 0
336148 0 175 5 3
336745 1 176 5 0
336747 1 176 5 0
122685 1 177 2 2
122686 0 177 5 2
514985 1 178 2 3
187366 1 179 3 3
336777 1 179 2 4
187368 0 179 5 3
336474 1 180 2 3
418499 1 180 1 2
336475 0 180 5 3
418500 0 180 5 2
377644 1 181 3 4
355630 1 181 3 3
336807 1 181 3 2
355631 0 181 5 3
355632 0 181 5 3
335769 1 184 3 1
377673 1 184 1 3
335997 1 184 1 1
335770 0 184 5 1
335771 0 184 5 1
335772 0 184 5 1
335773 0 184 5 1
377672 0 184 5 3
377643 1 185 2 3
377644 0 185 5 3
34602 1 186 3 3
335457 1 187 3 1
335458 0 187 5 1
377672 1 190 1 3
430287 1 315 5 3
