10705 1 4 6 3 0
14048 0 6 6 3 0
74202 1 2 6 3 0
88376 1 4 6 3 0
93452 0 6 6 1 0
127315 0 6 6 1 0
194574 1 4 6 3 0
197340 0 6 6 3 1
202348 1 4 6 1 0
216501 0 6 6 3 0
299738 1 4 6 3 1
317568 1 5 6 3 0
321482 1 3 6 3 0
350526 0 6 6 3 0
367941 0 6 6 4 1
387025 1 2 6 1 0
423867 0 6 6 3 1
460969 0 6 6 3 0
467013 0 6 6 3 0
489064 0 6 6 3 0
129471 1 3 7 3 1
197341 0 6 8 3 0
216502 0 6 8 3 0
230421 0 6 8 3 1
350527 1 3 8 3 1
387970 1 3 8 1 0
409249 1 4 8 3 1
10703 1 3 9 4 1
93451 0 6 9 0 0
93453 1 3 9 1 0
127317 1 4 9 1 0
127677 0 6 9 1 0
127715 0 6 9 1 0
134815 1 4 9 3 0
203694 0 6 9 1 0
387968 0 6 9 0 0
490648 0 6 9 4 1
127313 1 4 10 3 0
127318 0 6 10 1 0
194573 0 6 10 1 0
230422 0 6 10 3 0
386842 0 6 10 1 0
387143 0 6 10 1 0
409246 0 6 10 1 0
127319 1 3 11 1 0
128795 0 6 11 1 0
387972 0 6 11 3 0
387973 0 6 11 3 0
409244 0 6 11 2 0
127316 1 3 12 1 0
127321 0 6 12 3 0
127681 1 3 12 1 0
203400 0 6 12 1 0
230420 1 2 12 1 0
387969 1 5 12 1 0
128025 0 6 13 4 0
387168 0 6 13 1 1
557826 0 6 13 3 0
230093 0 6 14 1 0
386840 0 6 14 0 0
387142 0 6 14 1 0
409248 0 6 14 3 0
410236 1 2 14 3 0
127689 1 2 15 1 0
386834 0 6 15 1 0
386841 1 3 15 1 0
387013 0 6 15 1 0
388453 0 6 15 1 0
127289 0 6 17 1 0
386728 1 2 17 1 0
387144 1 4 17 1 0
387170 0 6 17 3 0
387727 1 4 17 1 0
387946 0 6 17 1 0
557827 0 6 17 4 0
558690 0 6 17 1 0
127290 0 6 18 3 0
386776 0 6 18 0 0
557351 1 4 18 2 0
127274 1 3 19 1 0
127287 0 6 19 3 0
127322 0 6 19 1 0
382119 1 4 19 3 0
386449 0 6 19 1 0
386531 0 6 19 1 0
386837 1 3 19 3 1
410326 0 6 19 3 0
557707 1 4 19 1 0
387145 0 6 20 2 0
387163 0 6 20 1 0
387175 1 4 20 3 0
387697 0 6 20 1 0
387737 0 6 20 1 0
387945 0 6 20 1 0
386530 1 3 21 1 0
386775 0 6 21 0 0
387174 1 3 21 3 0
557709 0 6 21 3 0
558168 0 6 21 1 1
558514 1 3 21 1 0
19429 1 3 22 3 0
128079 1 4 22 1 0
382126 1 3 22 2 0
387667 1 3 22 4 0
557350 0 6 22 2 1
233703 0 6 23 3 0
386533 1 4 23 3 0
387166 1 3 23 3 0
387770 1 3 23 1 0
557619 0 6 23 1 0
558171 0 6 23 3 0
558852 1 4 23 1 0
381761 1 4 24 3 0
386829 1 3 24 1 0
387508 0 6 24 4 0
387848 1 3 24 1 0
127153 0 6 25 1 0
128077 1 3 25 1 0
382125 1 3 25 1 1
382128 1 3 25 3 0
386529 1 2 25 0 0
387406 1 4 25 1 0
387804 0 6 25 1 0
557622 1 4 25 3 0
165849 0 6 26 3 0
386525 1 4 26 1 0
386763 0 6 26 1 0
386826 1 4 26 0 0
387162 1 3 26 1 0
387769 0 6 26 1 0
558854 0 6 26 1 1
128078 1 4 27 1 0
387161 0 6 27 0 0
387826 1 2 27 4 1
557620 1 2 27 1 0
562954 0 6 27 3 0
128625 1 4 28 1 0
382251 1 3 28 1 0
386532 1 4 28 3 0
387836 1 3 28 3 0
387854 1 2 28 1 0
79301 0 6 29 3 0
127110 1 2 29 1 0
127404 0 6 29 1 0
128055 0 6 29 4 0
128076 1 2 29 0 0
128082 0 6 29 1 0
387476 1 4 29 1 0
387771 1 3 29 2 1
388730 0 6 29 4 0
440012 0 6 29 3 0
127397 0 6 30 1 0
386847 1 2 30 3 0
387837 1 4 30 4 0
387855 1 2 30 1 0
562953 0 6 30 1 0
127552 0 6 31 1 0
128753 1 4 31 1 0
382402 0 6 31 1 0
386526 1 4 31 1 0
387917 1 4 31 1 0
557712 1 4 31 4 0
127255 0 6 32 1 0
386848 0 6 32 3 0
387772 1 3 32 3 0
387852 1 5 32 0 0
387874 0 6 32 1 0
440010 0 6 32 1 0
79300 0 6 33 2 0
128314 0 6 33 1 0
357139 1 2 33 3 0
382404 1 3 33 3 0
387768 0 6 33 1 0
387846 1 4 33 1 0
388628 0 6 33 1 0
127111 0 6 34 1 0
127399 1 4 34 3 0
382401 0 6 34 1 1
387877 0 6 34 2 0
127852 1 3 35 1 0
128751 1 4 35 1 0
386497 1 4 35 1 0
387773 0 6 35 3 0
387869 1 3 35 1 0
128316 0 6 36 3 0
263612 1 3 36 3 0
386611 0 6 36 1 0
386757 0 6 36 3 0
387097 1 4 36 1 1
387849 0 6 36 3 0
128107 0 6 37 1 0
349336 1 3 37 3 0
387092 1 4 37 1 0
387868 1 2 37 0 0
387873 1 4 37 0 0
438760 1 3 37 1 0
388622 0 6 38 1 0
386489 1 4 39 1 1
386970 1 1 39 1 0
387089 1 4 39 0 0
388629 0 6 39 1 0
127854 1 3 40 1 0
263604 1 2 40 2 0
263611 1 4 40 3 0
291014 0 6 40 3 0
387075 1 2 40 1 0
387327 1 4 40 1 0
387872 1 4 40 0 0
388485 0 6 40 3 0
128108 1 3 41 1 0
263607 1 3 41 1 0
386490 1 3 41 1 0
387203 0 6 41 4 0
438761 1 3 41 1 0
128372 0 6 42 1 0
386866 0 6 42 1 1
387090 0 6 42 0 0
387095 1 4 42 3 0
388651 0 6 42 4 0
127680 1 4 43 1 0
127783 0 6 43 1 1
263608 1 3 43 1 0
263609 0 6 43 1 0
388140 0 6 43 1 0
438449 0 6 44 1 0
440071 1 4 44 1 0
128362 1 4 45 1 0
128448 0 6 45 1 0
263999 0 6 45 1 0
264579 1 3 45 1 0
291015 1 3 45 3 0
387070 1 3 45 1 0
387074 1 3 45 1 0
387941 1 3 45 1 0
388142 0 6 45 3 0
388144 1 4 45 1 0
388227 1 3 45 1 0
439473 1 4 45 1 0
127679 1 3 46 1 0
127831 0 6 46 1 0
128375 0 6 46 1 0
387128 1 3 46 1 0
388071 1 3 46 1 0
263734 0 6 47 1 0
264000 1 4 47 1 0
387721 0 6 47 0 0
388080 0 6 47 1 0
388147 0 6 47 0 0
388230 1 3 47 3 0
438513 1 4 47 1 0
538891 0 6 47 3 1
126978 1 2 48 1 0
127707 1 4 48 2 1
128151 1 2 48 1 0
128450 0 6 48 1 0
128607 1 3 48 1 0
387149 1 3 48 1 0
387480 0 6 48 1 0
387669 1 3 48 1 0
387723 0 6 48 1 0
387790 1 3 48 1 0
439472 1 4 48 0 0
127082 1 3 49 1 0
127682 0 6 49 3 0
128451 0 6 49 3 0
264578 0 6 49 0 0
264580 0 6 49 2 0
388687 1 3 49 3 0
127792 0 6 50 1 0
128009 0 6 50 2 1
264003 1 4 50 3 0
264454 0 6 50 1 0
386556 1 3 50 3 1
386638 1 4 50 1 0
387014 0 6 50 3 0
387069 0 6 50 1 0
387071 1 3 50 3 0
387131 1 4 50 3 0
387224 0 6 50 1 0
387942 1 3 50 2 0
127080 1 4 51 1 0
127656 0 6 51 1 0
128098 0 6 51 1 0
387494 0 6 51 0 0
387791 1 3 51 2 0
127081 1 4 52 1 0
127226 0 6 52 4 1
127582 1 3 52 1 0
263625 1 2 52 1 0
264455 1 4 52 1 0
386589 0 6 52 1 0
387225 1 3 52 1 0
387614 1 3 52 3 0
127084 0 6 53 3 1
127683 0 6 53 1 0
127793 0 6 53 1 0
127946 0 6 53 1 0
139313 1 3 53 3 0
264360 0 6 53 1 0
387722 0 6 53 0 0
388005 0 6 53 3 0
388232 0 6 53 4 1
127579 0 6 54 1 0
127651 0 6 54 2 0
127795 1 4 54 3 0
128229 1 1 54 2 0
263444 0 6 54 1 0
386691 0 6 54 1 0
387223 0 6 54 1 0
127206 1 4 55 3 0
127580 1 3 55 1 0
128335 1 3 55 1 0
128584 1 4 55 1 0
262047 0 6 55 3 0
262884 0 6 55 4 1
264457 1 3 55 3 0
388524 1 4 55 1 0
127089 0 6 56 3 1
127581 1 3 56 1 0
127780 1 2 56 3 0
127862 0 6 56 1 0
128142 1 3 56 4 0
128318 0 6 56 1 0
128496 0 6 56 2 0
128684 1 5 56 1 0
136709 1 3 56 2 1
264073 1 3 56 1 0
386537 0 6 56 4 0
387613 0 6 56 2 0
127087 0 6 57 2 0
127204 1 3 57 1 0
127267 0 6 57 3 0
127652 1 4 57 2 0
127686 0 6 57 3 0
127794 1 4 57 1 1
128175 1 4 57 3 0
128587 0 6 57 1 0
221719 0 6 57 4 1
244659 1 4 57 2 0
263495 0 6 57 1 0
387307 1 3 57 3 0
387632 0 6 57 3 0
555349 0 6 57 3 0
127498 0 6 58 1 0
127558 0 6 58 1 0
128585 0 6 58 3 1
250122 0 6 58 3 1
263359 0 6 58 1 0
386733 0 6 58 2 0
387360 1 3 58 4 1
436937 0 6 58 3 0
127202 1 3 59 0 0
127266 0 6 59 2 0
127390 1 3 59 4 0
127583 0 6 59 3 0
127781 0 6 59 3 0
128122 1 3 59 1 0
128180 0 6 59 4 1
128588 0 6 59 1 0
140960 0 6 59 3 0
263494 1 4 59 1 0
263840 0 6 59 1 0
264080 1 3 59 1 0
292666 1 3 59 3 0
386577 0 6 59 3 0
388415 0 6 59 2 0
412431 1 4 59 3 0
127658 1 3 60 3 0
127709 0 6 60 3 1
127782 1 3 60 3 0
127863 1 4 60 3 0
128333 0 6 60 1 0
128499 1 4 60 3 0
128682 1 2 60 4 0
263447 0 6 60 3 0
386827 0 6 60 1 0
127706 1 4 61 2 0
263361 0 6 61 3 0
127203 0 6 62 1 0
128497 1 3 62 2 0
128590 0 6 62 3 0
128680 0 6 62 3 0
244658 0 6 62 2 1
263497 1 4 62 3 0
264083 0 6 62 2 0
387306 0 6 62 1 0
456700 0 6 62 2 0
127864 0 6 63 3 0
262812 1 5 63 1 0
263362 0 6 63 3 0
290776 1 4 63 3 0
387258 1 3 63 1 0
140995 1 3 64 3 0
263493 0 6 64 1 0
264266 0 6 64 3 0
127779 0 6 65 1 0
128296 0 6 66 4 0
128498 0 6 66 3 1
264084 1 3 66 3 0
128094 1 3 67 1 0
264085 0 6 67 3 0
387256 0 6 67 4 1
387259 1 4 67 1 0
387260 0 6 67 1 0
408401 0 6 67 4 0
127610 0 6 68 1 0
140989 0 6 68 3 0
264081 0 6 68 2 0
387263 0 6 68 1 0
387270 0 6 68 3 0
128444 0 6 70 1 0
263464 1 3 70 3 0
127980 1 4 71 1 0
128199 0 6 71 1 0
128547 0 6 71 1 0
386942 1 3 71 1 0
127077 0 6 72 1 0
128445 1 4 72 3 0
128508 0 6 72 1 0
127372 0 6 73 1 0
127611 0 6 73 3 0
128283 0 6 73 1 0
128581 0 6 73 1 0
127519 1 2 74 1 0
128274 0 6 74 1 0
249010 1 3 74 2 1
262874 1 3 74 3 1
386944 1 3 74 1 0
388692 1 2 74 1 0
127522 0 6 75 3 0
128065 0 6 75 1 0
128235 1 3 75 1 0
128319 1 3 75 1 0
174524 1 3 75 3 0
388131 0 6 75 0 0
441014 0 6 75 3 0
477793 0 6 75 3 0
127379 1 2 76 4 1
127798 0 6 76 1 0
128582 1 4 76 2 0
386943 0 6 76 1 0
128218 1 3 77 1 0
128535 0 6 77 1 0
127053 0 6 78 3 0
127797 1 3 78 1 0
128278 0 6 78 1 0
262870 0 6 78 3 0
341630 1 3 78 2 0
127543 0 6 79 1 0
127603 0 6 79 1 0
127775 0 6 79 1 0
128536 0 6 79 1 0
164573 0 6 79 3 1
203893 0 6 79 2 0
249011 0 6 79 2 0
387266 0 6 79 0 0
434261 0 6 79 3 0
127859 0 6 80 1 0
127932 0 6 80 1 0
128309 0 6 80 1 0
128747 1 2 80 1 0
386947 1 3 80 3 1
441021 0 6 80 2 0
127421 0 6 81 1 1
127843 1 4 81 1 0
128651 1 2 81 1 0
128749 0 6 81 3 0
441252 1 3 81 3 0
127112 0 6 82 1 0
127275 0 6 82 1 0
128539 1 2 82 3 1
128730 1 5 82 1 0
164579 0 6 82 3 0
227558 1 4 82 3 0
387268 0 6 82 1 0
457069 1 3 82 3 1
126955 0 6 83 1 0
127935 1 3 83 3 0
128374 0 6 83 1 0
434259 0 6 83 2 0
126942 1 4 84 1 0
126956 1 3 84 1 0
127120 0 6 84 3 0
128416 0 6 84 1 0
197398 0 6 84 1 0
227548 0 6 84 3 0
386479 1 4 84 1 0
387269 0 6 84 3 0
127933 1 4 85 1 1
127953 1 3 85 3 0
198651 0 6 85 1 0
287142 0 6 85 2 0
386481 0 6 85 3 0
524023 0 6 85 2 0
127812 0 6 86 1 0
128772 1 4 86 1 0
197412 0 6 86 1 0
229052 1 3 86 2 0
358693 1 3 86 3 0
387032 0 6 86 3 1
388710 0 6 86 1 0
126957 0 6 87 1 0
127113 1 2 87 1 0
127535 1 5 87 1 0
171321 1 2 87 3 0
279029 1 4 87 3 0
386476 1 2 87 1 0
387794 0 6 87 1 0
388033 1 3 87 1 0
126958 0 6 88 3 0
127137 0 6 88 3 0
128777 1 2 88 4 0
198037 0 6 88 1 0
227559 1 3 88 3 0
272615 0 6 88 3 0
386478 0 6 88 1 0
387346 1 3 88 1 0
388035 1 2 88 3 1
126959 0 6 89 3 0
127141 1 2 89 2 0
127565 0 6 89 1 0
197710 0 6 89 1 0
198031 1 2 89 3 0
388516 0 6 89 4 1
388528 1 3 89 1 0
391896 0 6 89 3 1
524022 1 3 89 0 0
187928 1 3 90 3 0
198032 1 3 90 3 0
199436 0 6 90 3 0
358691 0 6 90 1 0
387031 0 6 90 2 0
387267 1 4 90 1 0
387801 1 3 90 1 0
387876 0 6 90 1 0
388712 0 6 90 3 0
524017 1 4 90 3 0
197235 0 6 91 1 0
197689 0 6 91 1 0
277954 0 6 91 3 0
386998 0 6 91 1 0
387366 1 3 91 1 0
388034 0 6 91 1 0
127567 1 4 92 3 0
197435 1 3 92 1 0
198935 0 6 92 1 0
199020 0 6 92 1 0
261942 1 2 92 3 0
358688 1 2 92 3 0
386582 0 6 92 1 0
387098 0 6 92 1 0
387347 1 3 92 1 0
387348 1 5 92 2 0
127136 1 4 93 0 0
127568 0 6 93 3 0
197857 1 4 93 4 0
358686 0 6 93 2 0
387800 0 6 93 1 0
197434 1 3 94 1 0
198485 1 4 94 1 0
358689 1 2 94 1 0
386873 1 5 94 1 0
387796 0 6 94 3 0
388008 1 3 94 1 0
388515 1 3 94 4 1
388707 1 2 94 3 0
390992 0 6 94 4 0
197236 1 5 95 3 0
197856 0 6 95 3 1
199042 1 2 95 1 0
277950 1 2 95 1 0
386997 1 3 95 0 0
387365 0 6 95 0 0
387367 1 3 95 1 1
387369 1 3 95 1 0
387629 0 6 95 4 1
387875 1 4 95 1 0
32642 1 3 96 3 0
198676 0 6 96 1 0
198724 1 4 96 1 0
386902 0 6 96 2 1
388392 1 2 96 1 0
388566 1 4 96 1 0
475294 1 3 96 3 0
32638 1 4 97 3 0
197234 1 2 97 1 0
197815 0 6 97 1 0
199044 0 6 97 3 0
387000 1 3 97 1 1
387240 0 6 97 1 0
388520 1 3 97 3 1
388705 0 6 97 3 0
197867 1 3 98 1 0
198733 1 3 98 2 0
198927 1 2 98 3 0
199043 1 3 98 3 0
387878 1 4 98 3 0
198726 1 1 99 1 0
198729 1 4 99 3 0
199127 1 3 99 1 0
258071 0 6 99 3 0
386999 0 6 99 1 0
388393 0 6 99 1 1
388576 1 4 99 4 1
32639 1 4 100 3 0
126775 1 3 100 2 0
197864 1 3 100 1 0
197865 0 6 100 1 0
198286 0 6 100 3 0
199270 1 3 100 1 0
199423 1 3 100 2 0
277488 0 6 100 4 1
387368 0 6 100 1 0
388564 0 6 100 0 0
197817 0 6 101 3 0
198085 0 6 101 1 0
198734 1 2 101 2 0
198843 1 3 101 4 0
387239 1 4 101 1 0
388290 0 6 101 4 0
388391 1 3 101 1 0
388395 0 6 101 3 0
388567 0 6 101 3 0
197237 1 5 102 3 0
197668 1 3 102 1 0
198065 1 4 102 1 0
198725 0 6 102 1 0
199070 1 3 102 4 0
199269 0 6 102 1 0
388571 0 6 102 3 1
198098 1 2 103 3 0
199001 1 4 103 3 0
199137 1 4 103 3 1
199399 0 6 103 1 0
199526 1 4 103 1 0
199625 0 6 103 1 0
387460 1 4 103 1 0
197425 1 5 104 1 0
197428 0 6 104 3 0
197667 0 6 104 1 0
197869 1 2 104 3 0
198089 0 6 104 3 0
199077 1 4 104 1 0
249008 0 6 104 3 0
197798 0 6 105 1 0
198093 1 4 105 1 0
198199 1 3 105 1 0
199401 0 6 105 3 0
277487 1 4 105 3 0
388390 0 6 105 0 0
117597 1 3 106 3 0
195528 0 6 106 3 1
199298 0 6 106 1 0
357316 0 6 106 4 0
198024 1 5 107 1 0
198101 0 6 107 0 0
198602 0 6 107 1 0
364560 0 6 107 3 0
197302 1 3 108 1 0
197686 0 6 108 1 0
198099 1 2 108 3 0
204535 1 5 108 3 0
137338 0 6 109 3 0
197598 0 6 109 3 0
197671 0 6 109 3 0
197796 1 4 109 1 0
197799 1 4 109 2 1
197870 1 4 109 3 0
197936 0 6 109 2 0
198490 0 6 109 1 0
198528 0 6 109 1 0
199297 0 6 109 0 0
119168 1 4 110 3 0
197305 0 6 110 3 0
197649 1 3 110 1 0
197853 1 3 110 1 0
198491 1 3 110 3 0
199542 0 6 110 1 0
197800 0 6 111 3 0
198022 0 6 111 1 0
198097 1 3 111 2 0
198595 0 6 111 1 1
198601 0 6 111 1 0
317611 1 4 111 2 0
197794 1 3 112 1 1
198297 1 3 112 1 0
119167 1 1 113 2 0
198132 0 6 113 1 0
198530 0 6 113 3 0
198600 0 6 113 1 0
199046 1 4 113 1 0
199122 1 2 113 1 0
197509 0 6 114 1 0
197718 0 6 114 1 0
198026 1 4 114 3 0
198149 1 3 114 2 0
198732 1 3 114 1 0
199543 0 6 114 3 1
317612 1 3 114 4 1
198027 0 6 115 1 1
198128 1 4 115 1 0
198599 0 6 115 3 0
198658 0 6 115 1 0
199123 0 6 115 2 0
199299 1 3 115 3 0
199383 0 6 115 1 0
197795 0 6 116 1 0
198182 1 3 116 1 0
198306 0 6 116 1 0
198657 0 6 116 1 0
198718 0 6 116 1 0
197508 1 3 117 1 0
197873 0 6 117 4 0
198135 0 6 117 3 0
199118 1 3 117 2 0
199382 1 2 117 0 0
197552 0 6 118 1 0
198129 1 3 118 1 0
198134 0 6 118 3 0
198305 0 6 118 1 0
198308 1 2 118 3 0
198598 0 6 118 3 1
198717 1 3 118 1 0
198827 1 3 118 1 0
127711 1 3 119 2 0
197443 1 3 119 2 0
197458 1 3 119 4 0
197969 1 2 119 3 0
198131 1 3 119 3 1
199141 0 6 119 1 0
163205 1 2 120 3 0
197258 1 4 120 1 0
197348 0 6 120 1 0
197450 1 4 120 1 0
197597 0 6 120 1 0
198184 0 6 120 1 0
198828 1 2 120 1 0
199343 0 6 120 1 0
199381 1 2 120 0 0
4951 0 6 121 3 0
197685 0 6 121 1 0
198687 0 6 121 3 0
199128 1 4 121 1 0
275455 0 6 121 3 0
128845 0 6 122 3 0
197453 1 3 122 1 0
197654 1 3 122 1 0
198652 0 6 122 1 0
198830 1 3 122 3 0
199099 0 6 122 3 0
199105 1 3 122 1 0
199242 0 6 122 0 0
127720 0 6 123 3 0
197529 1 3 123 4 0
198752 0 6 123 1 0
199030 1 4 123 1 0
199385 1 3 123 2 1
199580 0 6 123 1 0
163203 1 4 124 2 1
197249 0 6 124 1 1
197968 1 3 124 2 0
198826 1 4 124 1 0
199036 1 4 124 1 0
197209 0 6 125 1 0
197683 0 6 125 1 0
198690 1 3 125 3 0
198751 0 6 125 1 0
199384 1 4 125 1 1
199422 0 6 125 4 1
199537 0 6 125 1 0
199037 0 6 126 3 0
199106 1 3 126 1 1
199243 0 6 126 1 1
312733 1 2 126 2 0
163202 0 6 127 0 0
198178 1 4 127 1 0
198449 0 6 127 1 0
198688 0 6 127 2 0
199187 0 6 127 1 1
130756 1 4 128 3 0
143816 0 6 128 3 0
198812 1 4 128 1 0
199035 0 6 128 1 0
199527 0 6 128 2 0
198450 1 3 129 3 0
199156 0 6 129 1 0
199538 0 6 129 3 0
197711 0 6 130 1 0
163175 1 4 131 1 0
198296 0 6 131 1 0
198451 0 6 131 3 1
199499 0 6 131 1 0
199943 0 6 131 3 0
319697 0 6 131 3 0
163178 0 6 132 3 0
163279 0 6 132 1 0
197712 1 3 132 3 0
198965 0 6 132 1 0
199500 1 2 132 1 0
199557 0 6 132 1 0
199944 0 6 132 3 1
88583 1 2 133 3 0
198694 1 4 133 1 0
127841 0 6 134 3 1
197669 0 6 134 1 0
199558 1 3 134 1 0
341987 0 6 134 3 1
163506 1 3 135 1 0
197583 1 2 135 1 1
197636 0 6 135 1 0
199498 0 6 135 3 0
200597 0 6 135 3 0
163176 0 6 136 2 0
197545 0 6 136 3 0
198693 1 4 136 1 0
199502 0 6 136 3 1
199942 1 4 136 2 1
199951 0 6 136 3 0
163278 0 6 137 0 0
197638 0 6 137 2 0
199549 0 6 137 0 1
236963 0 6 137 3 0
63793 1 2 138 3 0
163507 0 6 138 3 0
197422 0 6 138 1 0
197944 0 6 138 1 1
198692 1 4 138 0 0
198697 1 3 138 2 0
386072 1 4 138 3 1
163179 1 4 139 3 0
197468 0 6 139 1 0
199952 0 6 139 3 0
237594 0 6 139 2 0
39745 0 6 140 3 0
136806 0 6 140 2 0
197787 0 6 140 4 1
199552 0 6 140 3 0
386068 1 4 140 0 0
150640 1 3 141 2 0
163177 0 6 141 2 0
166357 0 6 141 3 0
198044 1 2 141 1 0
198695 0 6 141 1 0
198727 0 6 141 1 0
198948 0 6 141 1 0
254983 1 2 141 3 0
322430 0 6 141 2 1
335620 0 6 141 3 1
63794 1 3 142 3 1
198950 0 6 142 1 0
198951 0 6 142 3 1
237592 0 6 142 0 0
137060 1 1 143 3 0
163508 1 4 143 3 0
166358 1 2 143 3 1
197424 1 2 143 3 0
198465 0 6 143 1 0
198608 1 4 143 1 0
198947 0 6 143 1 0
199027 0 6 143 1 0
199061 0 6 143 1 0
237593 1 3 143 2 0
254909 0 6 143 3 0
255157 0 6 143 2 1
426649 0 6 143 3 0
29893 1 4 144 3 0
197574 1 3 144 1 0
197301 0 6 145 1 0
198610 1 3 145 1 0
335618 1 3 145 1 0
63792 0 6 146 1 0
165876 1 3 146 3 0
197179 1 3 146 1 0
197291 1 4 146 1 0
197532 0 6 146 1 0
197806 0 6 146 1 0
199067 0 6 146 1 0
237591 0 6 146 0 0
322428 0 6 146 3 0
82902 0 6 147 4 0
197294 0 6 147 3 1
198945 1 4 147 2 0
199508 1 3 147 1 0
335617 0 6 147 1 0
335619 0 6 147 2 0
197576 1 4 148 3 0
197690 0 6 148 1 0
198611 1 2 148 3 0
212236 0 6 148 4 0
197293 1 4 149 1 0
198191 0 6 149 4 0
198609 1 3 149 1 1
336327 1 5 149 1 0
165485 0 6 150 2 0
165877 0 6 150 3 0
197177 1 3 150 1 0
197725 1 3 150 1 0
335270 0 6 150 1 0
336326 1 4 150 1 0
197575 1 3 151 3 0
197929 0 6 151 1 0
198140 1 2 151 1 0
199006 0 6 151 2 0
199068 0 6 151 3 0
199071 1 2 151 1 0
199057 0 6 152 4 0
336585 1 3 152 1 0
197573 0 6 153 1 0
198048 1 5 153 1 0
198607 1 3 153 1 0
199435 0 6 153 1 0
335405 0 6 153 1 0
336173 0 6 153 1 0
67397 1 2 154 3 0
335800 1 3 154 1 0
336325 0 6 154 1 0
336328 1 4 154 3 0
336329 0 6 154 3 0
336697 0 6 154 1 0
197178 0 6 155 1 0
198372 0 6 155 1 0
199069 0 6 155 3 0
335404 1 4 155 0 1
336324 1 3 155 1 1
449346 0 6 155 3 0
514061 1 3 155 2 0
198051 0 6 156 3 0
198139 1 3 156 1 0
198374 1 4 156 3 0
335802 0 6 156 2 0
336045 1 3 156 1 0
336115 1 2 156 1 0
336462 0 6 156 1 0
199058 0 6 157 4 1
335356 1 3 157 1 0
335801 0 6 157 2 0
335858 1 4 157 1 0
336174 0 6 157 3 0
336744 1 2 157 1 0
197927 1 4 158 4 0
199444 1 2 158 1 0
335262 1 3 158 1 0
335381 0 6 158 1 0
335850 1 4 158 1 0
336347 1 3 158 1 0
198138 0 6 159 1 0
198174 1 4 159 1 0
199256 0 6 159 3 0
336047 1 4 159 3 0
336132 1 3 159 4 1
336211 1 3 159 1 0
336423 1 2 159 1 0
198011 0 6 160 1 0
198811 0 6 160 1 0
335212 0 6 160 1 0
335263 1 3 160 1 0
335708 0 6 160 1 0
335818 1 4 160 1 0
336176 1 3 160 2 0
336470 0 6 160 1 0
198173 1 5 161 0 0
335373 0 6 161 1 0
335379 0 6 161 1 0
335923 1 3 161 1 0
335945 1 3 161 1 0
336114 1 4 161 1 0
336464 0 6 161 1 0
335710 1 4 162 3 0
335887 0 6 162 1 0
335926 0 6 162 1 0
335954 0 6 162 1 0
335960 1 3 162 1 0
336005 0 6 162 1 0
336213 0 6 162 3 0
336546 0 6 162 1 0
336553 0 6 162 1 0
197723 0 6 163 1 0
198452 0 6 163 1 0
315690 0 6 163 3 0
335870 0 6 163 1 0
335886 1 2 163 1 0
336134 0 6 163 1 0
336139 1 4 163 1 0
336552 0 6 163 1 0
336780 0 6 163 1 0
335634 1 3 164 1 0
335692 1 4 164 1 0
335764 1 3 164 1 0
335885 0 6 164 1 0
335890 0 6 164 3 0
335891 0 6 164 3 0
336131 1 3 164 4 0
336377 1 4 164 1 1
336540 0 6 164 1 0
336571 1 2 164 3 0
335372 1 3 165 0 0
335523 1 3 165 1 0
335707 0 6 165 1 0
335750 0 6 165 1 0
335840 0 6 165 1 0
335924 0 6 165 1 0
335974 0 6 165 2 0
336040 0 6 165 3 0
336198 0 6 165 1 0
336439 1 3 165 1 0
198556 0 6 166 1 0
335374 0 6 166 2 0
335383 0 6 166 3 0
335959 0 6 166 1 0
336053 1 3 166 1 0
336136 0 6 166 3 0
336234 0 6 166 1 0
336539 1 3 166 1 0
336554 1 4 166 1 0
336670 0 6 166 1 0
198122 0 6 167 1 0
335338 1 4 167 1 0
335355 1 4 167 1 0
335473 1 4 167 1 0
336235 0 6 167 1 0
336263 1 3 167 1 0
336307 1 3 167 4 0
336653 0 6 167 1 0
335472 1 3 168 1 1
335636 0 6 168 3 0
335637 1 3 168 3 0
336032 0 6 168 1 0
336237 1 3 168 3 1
336438 1 2 168 1 0
336445 0 6 168 1 0
336500 0 6 168 1 1
336551 1 3 168 1 0
281013 0 6 169 2 0
335204 0 6 169 1 0
335524 0 6 169 1 0
335766 0 6 169 3 0
335844 0 6 169 3 0
335958 1 3 169 1 0
335993 1 5 169 1 0
336034 1 3 169 1 0
336055 1 2 169 1 0
336145 0 6 169 1 0
336162 0 6 169 1 0
336268 0 6 169 1 1
336348 1 2 169 1 0
336401 0 6 169 3 0
336412 0 6 169 1 0
266482 1 4 170 3 0
335226 1 4 170 3 0
335357 0 6 170 2 0
335375 0 6 170 3 0
335683 1 3 170 1 0
335975 0 6 170 2 0
336054 0 6 170 1 0
336303 0 6 170 1 0
336502 1 3 170 1 0
336785 0 6 170 1 0
198557 1 2 171 1 0
335265 1 3 171 1 0
335295 0 6 171 1 0
335362 1 3 171 3 0
335378 1 4 171 1 0
335474 1 4 171 1 0
335685 0 6 171 1 0
335916 0 6 171 1 0
335961 0 6 171 3 0
335989 0 6 171 1 0
336071 0 6 171 1 0
336097 0 6 171 2 0
336411 0 6 171 1 0
336501 0 6 171 1 0
336503 1 3 171 3 0
177630 1 2 172 3 0
335194 1 2 172 4 0
335230 0 6 172 1 0
335257 0 6 172 2 0
335517 1 4 172 1 0
335569 1 3 172 1 0
335585 0 6 172 1 0
335605 0 6 172 2 0
335834 0 6 172 4 0
335842 1 4 172 3 0
335991 1 4 172 3 0
336300 0 6 172 1 0
336413 0 6 172 1 0
217045 0 6 173 3 1
301873 1 3 173 3 0
335266 1 4 173 1 0
335332 1 5 173 3 1
335424 1 3 173 1 0
335476 0 6 173 3 0
335843 1 3 173 3 0
336214 1 4 173 1 0
336276 0 6 173 1 0
336591 0 6 173 1 0
177628 0 6 174 2 0
198558 0 6 174 3 0
335227 1 4 174 4 0
335239 1 2 174 1 0
335294 1 3 174 0 0
335305 1 3 174 1 0
335420 1 2 174 1 0
335651 0 6 174 3 0
335828 0 6 174 1 0
335962 0 6 174 3 0
336011 1 2 174 1 1
336146 1 3 174 1 0
336270 0 6 174 3 0
336274 1 3 174 3 0
336350 0 6 174 3 0
336592 0 6 174 1 0
336745 1 3 174 1 1
77105 1 4 175 2 0
89772 1 4 175 3 0
193110 0 6 175 3 0
335314 0 6 175 4 0
335788 0 6 175 4 1
335829 0 6 175 1 0
335871 0 6 175 2 0
335907 0 6 175 1 0
335992 1 3 175 3 1
336079 1 4 175 1 0
336295 0 6 175 4 0
336607 0 6 175 1 0
197858 0 6 176 1 1
335297 0 6 176 3 0
335584 1 4 176 1 0
335687 0 6 176 3 1
335906 0 6 176 1 0
336594 0 6 176 3 0
336681 1 4 176 1 0
302626 1 5 177 3 1
335302 1 3 177 1 0
335425 0 6 177 3 1
335436 1 3 177 1 0
335641 0 6 177 3 0
335905 1 3 177 0 0
336147 1 3 177 3 0
336742 1 3 177 0 0
516064 0 6 177 3 0
78491 0 6 178 3 0
335872 0 6 178 2 0
336010 0 6 178 1 0
122685 1 3 179 2 1
197859 0 6 179 3 0
335267 0 6 179 1 0
122686 1 2 180 2 0
335307 0 6 180 3 0
335438 0 6 180 1 0
336518 0 6 180 1 0
514985 1 3 180 3 0
335579 0 6 181 3 0
335909 0 6 181 3 0
336013 0 6 181 3 0
336777 1 3 181 4 0
418499 1 2 181 2 0
187366 1 4 182 3 1
336474 1 3 182 3 0
374529 0 6 182 3 0
336807 1 4 184 2 0
355630 1 4 184 3 0
377644 1 4 184 4 0
187365 0 6 185 1 0
335997 1 2 185 1 0
377673 1 2 185 3 0
45330 0 6 186 3 0
335769 1 4 187 1 0
336649 0 6 187 1 0
377643 1 3 187 3 0
377498 0 6 188 4 0
34602 1 4 189 3 1
228801 0 6 189 2 0
121615 0 6 190 3 0
335457 1 4 190 1 0
335995 0 6 190 3 0
377672 1 2 191 3 0
34603 0 6 192 3 0
