10706 9
10707 9
88377 9
194575 9
299739 9
317567 9
202349 10
321480 10
321481 10
321483 10
409246 11
409247 11
409248 11
127316 12
134812 12
350525 12
387973 12
93451 13
93454 13
93455 13
127314 14
387968 14
387969 14
387971 15
387972 15
127318 16
127321 16
127679 16
127682 16
230421 17
230422 17
386842 20
386843 20
387142 20
387143 20
387146 20
387147 20
387728 20
386729 22
557705 22
557709 22
557710 22
127275 23
127276 23
127277 23
410323 23
386834 24
128081 25
387171 25
387173 25
387175 25
19426 26
19427 26
557349 26
557351 26
558853 26
558855 26
387162 27
387164 27
387767 27
387768 27
387769 27
387771 27
387772 27
387773 27
386826 28
386831 28
387845 28
387847 28
387849 28
382125 29
382126 29
382127 29
382129 29
386524 29
386526 29
386827 29
386829 29
386830 29
387405 29
128076 30
128077 30
386532 30
387161 30
387163 30
387165 30
557620 30
557622 30
128622 31
128627 31
386530 31
386531 31
386533 31
382253 32
387478 32
557619 32
387770 33
387836 33
127111 34
127113 34
127115 34
128078 34
128079 34
128080 34
387851 34
387852 34
387919 34
557711 34
128751 35
128752 35
128755 35
386525 35
386527 35
386528 35
387853 35
387855 35
387856 35
387767 36
387768 36
387769 36
387773 36
387845 36
128753 38
357138 38
386498 39
386499 39
387096 39
387101 39
387868 39
263607 40
387090 40
387875 41
387876 41
387877 41
387878 41
438762 41
386490 42
387091 42
387095 42
387869 42
387870 42
387871 42
263608 43
263612 43
387324 43
387329 43
127852 44
127856 44
128107 45
128109 45
128110 45
263609 45
263610 45
386489 45
386491 45
386492 45
387074 45
387076 45
387077 45
387089 45
387093 45
387094 45
438760 45
127679 46
440072 47
440073 47
388145 48
388146 48
264578 49
264580 49
387940 49
388140 49
388141 49
388230 49
127681 50
127682 50
263998 50
264002 50
387069 50
387071 50
387072 50
388073 50
438514 50
388228 51
388229 51
439473 51
439474 51
128610 52
387153 52
387670 52
387671 52
387789 52
126979 53
128148 53
128149 53
263999 53
264000 53
264001 53
264004 53
127085 54
386552 54
386553 54
387070 54
387790 55
387226 56
387227 56
127793 57
139309 57
139310 57
139311 57
128585 58
388523 58
388526 58
127203 59
127204 59
127579 59
127581 59
127582 59
128332 59
128334 59
128337 59
128683 59
128685 59
127584 60
128172 60
136710 60
244660 60
244661 60
264454 60
264456 60
127779 61
127781 61
127792 61
127796 61
387308 61
127202 62
127206 62
263493 62
263495 62
412430 62
127205 63
127864 63
128124 63
264079 63
264082 63
264083 63
264084 63
264085 63
127653 64
127704 65
430287 65
128498 66
262813 66
263494 66
263496 66
290775 66
387259 67
140993 68
140994 68
264082 70
387258 70
387260 70
387261 70
387262 70
128093 71
128095 71
128096 71
128496 71
128499 71
140987 71
140988 71
140990 71
127982 74
127983 74
128444 76
386943 76
386944 76
386945 76
262875 78
386947 78
127522 79
128236 79
128318 79
128320 79
128581 79
128583 79
174522 79
388695 79
128220 82
203894 83
386944 84
386945 84
386946 84
128728 85
128729 85
128731 85
128746 85
128748 85
128750 85
441250 85
128650 86
128652 86
128654 86
457070 86
126943 87
127933 87
128535 87
386476 87
386481 87
434260 87
434261 87
126957 88
127932 88
127934 88
127950 89
127537 90
229051 90
279028 90
358690 90
358692 90
126955 91
126956 91
126959 91
127111 92
127112 92
127115 92
171322 92
386477 92
386478 92
386480 92
387348 92
388032 92
388033 93
388034 93
388036 93
388531 93
524018 93
127142 94
387265 94
387266 94
387268 94
388711 94
127565 95
127566 95
387369 95
127137 96
127138 96
197434 96
197856 96
387346 96
387350 96
387351 96
198486 97
198488 97
358686 97
358687 97
386874 97
386876 97
197234 98
197436 98
358691 98
358692 98
387874 98
387877 98
388009 98
388010 98
388516 98
386999 99
387000 99
387365 99
388564 99
388567 99
388705 99
388706 99
32641 100
32643 100
197857 100
199044 100
277953 100
387367 100
387368 100
387370 100
387371 100
475292 100
475295 100
32639 101
198734 101
386997 101
386998 101
387001 101
388391 101
388394 101
388519 101
197235 102
197237 102
197864 102
197868 102
197869 102
387872 102
387875 102
387876 102
32636 103
198725 103
198727 103
198728 103
199129 103
199132 103
126772 104
126773 104
126774 104
197865 104
199269 104
199272 104
387242 104
197236 105
198724 105
388566 105
197667 106
197669 106
197670 106
197671 106
198732 106
198733 106
199002 106
199134 106
199136 106
387462 106
387463 106
199078 107
199079 107
199527 107
198095 108
198096 108
198099 108
198197 109
198198 109
198200 109
198201 109
198022 110
197303 112
197304 112
197794 112
197798 112
197864 112
197865 112
197866 112
197867 112
119167 113
198093 113
198094 113
198097 113
198490 114
198492 114
317612 114
198095 115
198098 115
199543 115
197795 116
197797 116
197800 116
198022 117
198024 117
198025 117
198300 117
199047 117
198734 118
199300 119
198183 120
197510 121
197511 121
199117 121
198131 122
198718 122
198719 122
198720 122
197449 123
197453 123
198128 123
198129 123
198306 123
197259 124
197260 124
197261 124
163203 125
198826 125
198831 125
199126 125
199127 125
199383 125
199385 125
197655 126
197657 126
198829 126
199032 126
163204 127
198751 127
198827 127
198830 127
199381 127
199384 127
197966 128
197967 128
199037 128
199382 128
199386 128
198689 129
198177 130
198179 130
199108 130
130754 131
198811 131
312734 131
312735 131
198451 133
199526 133
199529 133
163176 134
197710 136
197713 136
199499 137
199502 137
199503 137
199557 138
199559 138
199560 138
198696 139
199938 139
199941 139
199943 139
163507 140
197581 140
197584 140
386071 141
163175 142
163176 142
198693 142
198695 142
198698 142
199951 142
63794 143
386070 143
150641 145
63792 146
63793 146
163506 146
163507 146
198043 146
198045 146
198948 146
198951 146
335618 146
198610 147
237591 147
237592 147
237594 147
166355 148
166356 148
166357 148
197420 148
197421 148
197573 148
197576 148
197293 149
197294 149
198608 149
335617 149
335619 149
335620 149
197176 150
197177 150
197178 150
197180 150
197182 150
322427 150
198944 151
199507 151
199509 151
197291 152
198607 153
336328 153
336329 153
197179 154
197181 154
197576 155
197724 155
197726 155
198049 156
198051 156
198139 156
336588 156
336324 157
198609 158
198610 158
198611 158
198612 158
335405 158
335407 158
335408 158
335801 158
335803 158
336326 159
336327 159
514060 159
514062 159
514063 159
198138 160
198140 160
198141 160
335802 160
336046 160
336047 160
198371 161
198374 161
335357 161
335358 161
335849 161
335852 161
336044 162
336045 162
336048 162
336348 162
336742 162
336745 162
199443 163
335819 163
198175 164
198176 164
335213 164
335262 164
335264 164
336424 164
335707 165
335708 165
335709 165
335924 165
335925 165
336115 165
336116 165
336117 165
335946 166
335958 166
335959 166
335962 166
336141 166
336376 167
335635 168
335636 168
335691 168
335693 168
335694 168
335763 168
335766 168
335767 168
335888 168
335375 169
335885 169
335886 169
335887 169
335889 169
336441 169
336568 169
336569 169
335341 170
335358 170
335474 170
336541 170
336553 170
336555 170
336264 171
336265 171
335638 172
335994 172
336234 172
336552 172
336554 172
336556 172
266481 173
335372 173
335373 173
335374 173
335376 173
335959 173
335961 173
335962 173
336439 173
335379 174
335381 174
336036 174
336037 174
336053 174
336054 174
336056 174
336057 174
336058 174
336499 174
336504 174
335361 175
335471 175
335472 175
335473 175
335475 175
335476 175
335520 175
335841 175
335843 175
198556 176
335266 176
335267 176
335268 176
335328 176
335329 176
335330 176
335331 176
335571 176
335572 176
335573 176
335989 176
335992 176
336215 176
336217 176
177627 177
177628 177
177629 177
217043 177
301874 177
335842 177
336322 177
336080 178
336145 178
336744 178
335241 179
335295 179
335296 179
335422 179
335683 179
335687 179
335991 179
336010 179
336012 179
336013 179
336268 179
336269 179
336271 179
336682 179
336683 179
336684 179
336685 179
335587 180
335304 181
335307 181
335440 181
335906 181
335907 181
336148 181
336745 182
336747 182
122686 183
187368 185
336475 186
418500 186
355631 187
355632 187
335770 190
335771 190
335772 190
335773 190
377672 190
377644 191
335458 193
430287 321
