12988 0 6 6 2 1
34722 0 6 6 3 0
34858 0 6 6 1 0
147625 1 4 6 3 0
155651 0 6 6 4 1
156528 0 6 6 2 1
228408 0 6 6 3 0
229070 1 3 6 3 0
261085 0 6 6 3 0
277067 1 3 6 4 1
317846 1 3 6 4 0
332366 0 6 6 4 0
332881 0 6 6 1 1
411869 0 6 6 3 0
457051 1 3 6 3 0
478644 1 4 6 1 0
511136 0 6 6 3 0
517124 0 6 6 3 0
538537 0 6 6 1 0
557883 0 6 6 3 0
332880 0 6 8 1 0
333111 1 3 8 1 0
34532 0 6 9 1 0
34698 1 5 9 1 0
179242 1 2 9 2 0
229067 1 3 9 2 0
477537 1 2 9 1 0
478643 1 5 9 1 0
478738 1 4 9 1 0
11985 0 6 10 3 0
33516 1 3 10 1 0
34857 0 6 10 0 0
228409 0 6 10 4 0
277066 0 6 10 4 0
457050 0 6 10 3 0
457860 0 6 10 1 0
477442 1 5 10 1 0
511137 0 6 10 3 1
537636 1 3 10 1 0
1728 1 2 11 2 0
199976 1 3 11 3 0
34701 0 6 12 3 1
34859 0 6 12 1 0
331821 0 6 12 1 0
332995 0 6 12 1 0
333113 0 6 12 3 0
333115 1 4 12 3 0
477443 0 6 12 1 0
477843 0 6 12 1 1
478115 1 3 12 1 0
478739 0 6 12 1 0
478973 1 2 12 1 0
33816 0 6 13 1 1
35280 1 4 13 1 0
179236 0 6 13 1 0
199858 1 4 13 3 0
199971 1 2 13 2 0
333114 1 2 13 3 0
457595 0 6 13 1 0
459693 1 4 13 3 0
33518 1 5 14 3 1
34699 0 6 14 1 0
37662 0 6 14 3 0
178717 1 3 14 1 0
537637 0 6 14 1 0
538609 0 6 14 1 0
178946 0 6 15 1 0
229066 1 4 15 2 0
362712 0 6 15 4 0
458951 0 6 15 1 0
477842 0 6 15 1 0
478968 1 5 15 1 0
480612 0 6 15 3 0
33815 0 6 16 0 0
178947 0 6 16 1 0
199859 0 6 16 3 0
331825 1 2 16 3 0
333242 0 6 16 1 0
477834 1 3 16 0 0
497142 0 6 16 3 0
33514 1 4 17 1 1
35144 0 6 17 1 1
38710 0 6 17 2 0
332239 0 6 17 1 0
537494 0 6 17 1 0
35009 0 6 18 1 0
179379 0 6 18 2 0
332561 1 3 18 1 0
333334 0 6 18 1 0
457596 0 6 18 1 0
459101 0 6 18 1 0
554282 1 3 18 3 0
34802 0 6 19 0 0
129555 0 6 19 3 1
177407 0 6 19 1 0
177744 0 6 19 1 0
314593 0 6 19 3 0
332029 1 3 19 1 0
332157 1 4 19 1 0
333068 0 6 19 3 0
478924 1 4 19 1 1
537768 0 6 19 3 0
178148 0 6 20 1 0
332625 0 6 20 1 0
333308 0 6 20 1 0
457764 1 3 20 1 0
477837 0 6 20 1 0
477839 1 3 20 3 0
537495 1 3 20 2 0
177743 0 6 21 1 0
179202 1 2 21 1 0
331886 0 6 21 1 0
331991 1 3 21 1 0
332922 0 6 21 1 0
332933 0 6 21 1 0
333212 1 3 21 1 0
333286 1 3 21 1 0
398923 0 6 21 3 0
457159 0 6 21 1 0
35010 0 6 22 3 0
92154 0 6 22 3 0
177448 0 6 22 3 0
177942 0 6 22 1 0
178948 0 6 22 1 0
332028 1 4 22 0 0
332563 0 6 22 1 0
398922 1 3 22 1 0
457551 1 4 22 1 0
458468 0 6 22 1 0
537493 1 3 22 1 0
177683 1 4 23 1 0
178823 0 6 23 1 0
179204 0 6 23 3 0
212676 0 6 23 3 0
332039 1 4 23 3 0
332114 1 3 23 1 0
332156 1 3 23 1 0
332256 0 6 23 1 0
332970 0 6 23 1 0
333169 1 3 23 1 0
333277 0 6 23 1 0
333298 0 6 23 1 0
333429 0 6 23 1 0
333532 1 4 23 1 0
33656 1 3 24 1 0
35284 1 4 24 3 0
177468 0 6 24 1 0
178147 0 6 24 1 0
179203 1 4 24 1 0
331870 1 3 24 1 0
332007 0 6 24 1 1
332027 1 3 24 0 0
332756 0 6 24 1 0
332904 1 2 24 1 0
397162 0 6 24 1 0
398803 1 2 24 1 0
457765 1 4 24 1 0
458078 1 3 24 1 0
537497 0 6 24 3 0
538803 0 6 24 1 0
538960 0 6 24 1 0
49299 1 4 25 3 0
178453 1 4 25 1 0
178824 1 4 25 3 1
193131 1 2 25 2 0
212722 1 3 25 4 0
332008 0 6 25 1 0
332363 1 4 25 1 0
332929 0 6 25 3 0
332969 0 6 25 1 0
333307 1 4 25 1 0
333533 0 6 25 1 0
398837 0 6 25 1 0
84142 0 6 26 3 0
178247 1 5 26 1 0
247521 0 6 26 3 0
332259 0 6 26 2 0
332624 0 6 26 0 0
332627 1 3 26 3 0
333432 0 6 26 3 0
457767 0 6 26 3 0
35283 0 6 27 1 0
49296 0 6 27 1 0
331866 1 3 27 1 0
332009 0 6 27 3 0
332117 1 3 27 2 0
332755 1 4 27 1 0
332927 1 4 27 1 0
397161 0 6 27 1 0
398802 0 6 27 1 0
502422 0 6 27 3 0
536635 0 6 27 3 0
49297 1 3 28 1 0
49300 0 6 28 4 1
178454 0 6 28 3 0
229283 1 4 28 2 0
332638 1 3 28 0 0
397367 0 6 28 1 0
397983 0 6 28 1 0
398047 0 6 28 1 0
398807 0 6 28 3 0
398944 0 6 28 1 0
457762 0 6 28 0 0
457766 0 6 28 3 0
458783 0 6 28 1 0
538962 0 6 28 1 0
538964 1 3 28 3 0
35282 0 6 29 1 0
35285 0 6 29 3 1
50080 0 6 29 1 0
254778 0 6 29 3 0
332297 1 4 29 3 0
332537 1 3 29 1 0
332628 0 6 29 0 0
332805 0 6 29 1 1
332905 1 3 29 2 0
381677 0 6 29 2 0
397123 1 4 29 1 0
397336 0 6 29 1 0
398805 0 6 29 1 0
503212 1 4 29 3 0
538968 0 6 29 1 0
48317 0 6 30 1 0
331868 1 4 30 2 0
331869 1 3 30 3 0
332630 1 3 30 1 0
332898 1 4 30 3 0
333433 1 3 30 3 0
397368 1 3 30 2 0
397986 1 3 30 3 0
502421 1 4 30 3 0
537525 0 6 30 1 0
34946 0 6 31 1 0
49979 0 6 31 1 0
332652 0 6 31 1 0
332803 1 3 31 0 0
333480 0 6 31 1 0
382419 1 2 31 4 0
397366 1 4 31 0 0
398046 1 2 31 3 0
458482 0 6 31 1 0
507565 0 6 31 2 0
515821 1 2 31 3 0
32286 0 6 32 2 0
35287 0 6 32 0 0
48560 1 3 32 1 0
49810 1 3 32 1 0
247520 1 2 32 1 0
332110 1 4 32 1 0
332201 1 2 32 1 0
332296 0 6 32 3 0
332412 0 6 32 1 0
332567 0 6 32 1 0
332629 1 3 32 0 0
332633 1 2 32 3 0
332700 0 6 32 1 0
333393 0 6 32 3 0
397987 1 3 32 3 0
398946 0 6 32 3 0
457916 1 3 32 1 0
457952 1 3 32 1 0
458232 0 6 32 4 0
537507 1 4 32 1 0
538240 1 3 32 1 0
538959 0 6 32 0 0
538969 1 2 32 1 0
538973 0 6 32 0 0
34915 1 4 33 1 0
48318 0 6 33 1 0
50043 0 6 33 1 0
245404 0 6 33 2 0
331890 1 3 33 1 0
332699 0 6 33 1 0
333543 1 4 33 4 0
382190 0 6 33 3 0
398050 1 2 33 3 0
398587 1 5 33 0 1
399095 0 6 33 3 0
536634 1 3 33 3 0
537930 1 3 33 1 0
538012 0 6 33 1 0
538974 1 4 33 0 0
33919 0 6 34 2 0
34947 1 3 34 1 0
59531 1 2 34 2 0
63031 0 6 34 3 1
251095 0 6 34 3 0
332411 0 6 34 0 0
332692 0 6 34 1 0
332701 0 6 34 3 1
332828 0 6 34 1 0
333428 0 6 34 0 0
381676 0 6 34 2 0
397934 1 3 34 1 0
398358 1 3 34 4 0
398804 1 3 34 1 0
458861 1 3 34 1 0
537612 0 6 34 1 0
538521 0 6 34 4 1
538594 0 6 34 1 0
538893 1 2 34 1 0
538961 1 3 34 1 0
538972 0 6 34 4 0
48316 1 2 35 0 0
49634 0 6 35 1 0
310787 0 6 35 2 0
332508 1 2 35 2 0
332566 0 6 35 1 0
333366 0 6 35 1 0
364294 1 2 35 2 1
457324 0 6 35 4 0
538898 1 2 35 3 1
538963 1 4 35 1 0
34945 0 6 36 1 0
35099 1 4 36 1 0
50006 0 6 36 1 1
247522 1 3 36 3 0
251099 1 2 36 3 0
332410 0 6 36 0 0
332414 0 6 36 3 0
332507 1 3 36 2 0
332659 1 2 36 1 0
397723 1 3 36 3 1
410948 1 3 36 3 0
457348 0 6 36 1 0
457814 1 4 36 1 0
478344 0 6 36 3 0
537909 1 4 36 1 0
537932 0 6 36 3 0
538245 0 6 36 3 0
538971 0 6 36 3 0
33676 0 6 37 1 0
33807 1 4 37 1 0
34917 0 6 37 3 0
34953 1 2 37 1 0
48562 1 4 37 1 0
248333 1 3 37 1 0
277667 0 6 37 3 0
331707 0 6 37 3 0
332203 0 6 37 1 0
333170 0 6 37 1 1
397452 0 6 37 1 1
426898 1 4 37 3 0
536629 0 6 37 3 0
538244 1 3 37 3 1
538254 0 6 37 1 0
33854 1 4 38 1 1
34948 1 3 38 3 0
48993 0 6 38 1 0
49635 0 6 38 2 1
49940 1 5 38 1 0
63029 1 2 38 1 0
211154 0 6 38 1 0
323810 1 4 38 3 1
331775 1 3 38 1 0
331877 1 4 38 3 0
332204 0 6 38 3 0
332765 1 3 38 2 0
335496 0 6 38 3 0
397928 0 6 38 1 0
439595 0 6 38 3 0
457812 0 6 38 0 0
458185 0 6 38 1 0
458450 1 3 38 1 1
537615 0 6 38 3 1
538074 0 6 38 1 0
538243 0 6 38 2 0
538821 0 6 38 1 0
34842 0 6 39 3 0
34955 1 2 39 3 0
49206 1 2 39 1 0
49817 0 6 39 1 0
119305 0 6 39 3 0
283889 0 6 39 3 0
332660 0 6 39 3 0
333180 0 6 39 3 0
334087 0 6 39 3 0
397497 1 3 39 1 0
538206 1 4 39 1 0
538255 1 3 39 1 0
538535 1 3 39 3 0
538965 0 6 39 3 0
33993 0 6 40 1 0
35330 0 6 40 1 0
48256 1 4 40 1 0
48454 1 3 40 1 0
48787 0 6 40 0 0
49210 0 6 40 3 0
49319 0 6 40 3 0
49636 0 6 40 3 0
104663 0 6 40 2 0
247946 0 6 40 3 0
323808 0 6 40 2 0
329430 1 2 40 2 1
332413 0 6 40 2 0
333365 1 4 40 1 0
389817 0 6 40 3 0
397498 1 3 40 3 0
397937 1 3 40 3 0
422983 0 6 40 2 0
457815 0 6 40 1 0
458448 0 6 40 3 1
537910 0 6 40 3 0
538071 0 6 40 1 0
33677 0 6 41 1 0
34787 1 3 41 1 0
48423 1 3 41 1 0
48626 0 6 41 1 0
48992 0 6 41 0 0
49942 0 6 41 1 0
89923 1 5 41 2 0
323809 0 6 41 3 0
332657 0 6 41 0 0
397724 1 3 41 3 0
537974 0 6 41 1 0
538733 1 4 41 1 0
539053 1 3 41 1 0
33678 1 2 42 1 0
33731 1 3 42 1 0
34843 1 4 42 3 0
35193 1 4 42 1 0
48446 1 3 42 1 0
212035 1 3 42 1 1
332664 0 6 42 1 0
333378 1 4 42 1 0
334086 0 6 42 3 0
457351 0 6 42 2 0
458453 0 6 42 3 0
537780 0 6 42 1 0
538015 0 6 42 1 0
538207 1 4 42 1 0
538247 1 4 42 2 0
538500 0 6 42 1 0
33734 1 4 43 3 0
33947 0 6 43 1 0
34792 0 6 43 3 0
35329 0 6 43 1 0
48685 0 6 43 1 0
48994 1 4 43 1 0
48997 1 3 43 3 0
49209 0 6 43 3 0
49342 1 3 43 1 0
49347 1 3 43 1 0
49818 0 6 43 1 0
49941 1 3 43 1 0
50022 0 6 43 1 0
164640 1 2 43 2 0
212381 1 3 43 1 0
334744 1 3 43 1 0
399292 1 3 43 1 0
457817 0 6 43 3 0
458452 0 6 43 2 0
458459 1 3 43 3 0
459076 0 6 43 1 0
538551 1 4 43 1 0
28081 0 6 44 3 0
33517 0 6 44 3 0
33598 1 2 44 1 0
33735 0 6 44 3 0
34423 0 6 44 3 0
34648 1 4 44 1 0
35239 1 2 44 4 0
35328 1 2 44 0 0
48321 0 6 44 1 0
48379 0 6 44 1 1
48995 0 6 44 1 0
49207 1 4 44 1 0
49333 1 3 44 1 0
49643 1 3 44 3 0
50011 1 4 44 0 1
50020 1 4 44 1 0
81259 1 2 44 3 0
198724 1 3 44 3 0
247944 1 3 44 1 0
333372 0 6 44 1 0
333380 0 6 44 3 0
458447 1 4 44 1 0
538732 1 3 44 0 0
538789 0 6 44 1 0
539002 0 6 44 1 0
539052 1 3 44 1 0
539055 1 3 44 3 0
33560 1 5 45 1 0
34108 0 6 45 1 0
34165 1 4 45 1 0
34789 0 6 45 1 0
34793 1 4 45 4 0
35313 1 4 45 1 0
48381 0 6 45 3 0
48422 0 6 45 1 0
49189 0 6 45 1 0
49336 0 6 45 3 1
49352 0 6 45 2 0
49944 0 6 45 3 0
50034 0 6 45 1 0
50042 0 6 45 4 1
80418 0 6 45 2 1
104662 1 4 45 1 0
212039 0 6 45 3 0
247940 1 2 45 1 0
247943 0 6 45 3 0
286512 0 6 45 3 1
332658 0 6 45 1 0
332666 0 6 45 3 0
333374 0 6 45 3 0
333379 0 6 45 3 0
334739 0 6 45 1 0
538013 1 3 45 1 0
538205 0 6 45 1 0
539104 0 6 45 1 0
33597 0 6 46 1 0
33600 0 6 46 3 0
33875 0 6 46 1 0
34057 1 3 46 1 0
34299 0 6 46 1 0
34728 0 6 46 4 0
34788 1 5 46 1 0
48627 0 6 46 2 0
49184 1 3 46 1 0
49528 0 6 46 1 0
49710 0 6 46 1 0
49963 0 6 46 3 0
57539 1 3 46 3 0
82508 1 4 46 4 1
89922 0 6 46 0 0
104257 1 3 46 1 0
248174 0 6 46 1 0
294244 1 3 46 3 0
458457 1 3 46 2 0
459047 0 6 46 1 0
538394 0 6 46 1 0
540414 0 6 46 3 0
33559 1 4 47 1 0
33740 1 3 47 1 0
33949 0 6 47 1 0
48628 0 6 47 3 0
48715 0 6 47 1 0
49527 0 6 47 0 0
49721 0 6 47 1 0
50021 0 6 47 4 0
50222 0 6 47 1 0
79425 1 4 47 3 0
117685 1 4 47 3 0
212385 1 2 47 3 0
333376 1 4 47 1 0
398152 0 6 47 4 0
431085 0 6 47 2 0
465756 1 4 47 3 0
538019 1 4 47 3 0
538120 0 6 47 1 0
539103 0 6 47 0 0
33905 0 6 48 1 0
33951 0 6 48 3 0
34298 1 3 48 1 0
34785 0 6 48 0 0
35026 0 6 48 3 0
35314 1 4 48 1 0
35331 0 6 48 2 0
49180 0 6 48 3 0
49193 1 3 48 3 1
49208 0 6 48 1 0
49332 1 3 48 1 0
49714 0 6 48 1 0
80630 1 5 48 4 0
81257 0 6 48 0 0
154640 0 6 48 2 1
187216 0 6 48 3 0
212038 0 6 48 2 0
212382 1 4 48 2 0
236708 0 6 48 3 1
247401 0 6 48 1 1
247544 0 6 48 1 0
332641 1 4 48 3 0
486703 1 3 48 3 0
538395 0 6 48 3 0
538734 0 6 48 3 1
538735 1 2 48 3 0
561059 1 4 48 2 0
34357 1 4 49 3 0
35325 0 6 49 1 0
48395 0 6 49 1 0
48713 0 6 49 1 0
49183 1 3 49 1 0
49191 1 4 49 1 0
49530 1 4 49 1 0
49820 0 6 49 3 0
80595 1 3 49 4 0
81256 0 6 49 3 0
82043 1 4 49 3 0
89780 1 4 49 0 0
174716 0 6 49 3 0
247122 0 6 49 3 0
276379 1 3 49 3 0
293634 1 3 49 1 0
333185 1 3 49 1 0
459077 0 6 49 1 0
537634 0 6 49 3 0
538124 1 2 49 3 0
538558 1 3 49 1 0
539895 1 2 49 4 0
33526 1 5 50 1 0
33562 0 6 50 3 0
33742 1 4 50 3 0
34302 0 6 50 3 0
48949 1 2 50 1 0
49146 1 4 50 1 0
49224 0 6 50 1 0
49331 1 2 50 1 0
49531 0 6 50 3 0
49712 1 3 50 1 0
50038 0 6 50 3 1
50226 1 2 50 3 0
92250 1 5 50 3 0
106251 0 6 50 1 0
114074 0 6 50 3 0
212386 0 6 50 3 0
244551 0 6 50 3 0
331891 0 6 50 1 0
538115 1 3 50 1 1
538331 0 6 50 1 0
561056 1 4 50 1 0
33739 1 4 51 1 0
34258 1 2 51 1 0
34276 0 6 51 1 0
35327 1 4 51 3 0
48300 0 6 51 3 0
48394 1 4 51 1 0
48536 0 6 51 1 0
49181 0 6 51 1 0
49186 0 6 51 3 0
49190 0 6 51 1 0
49192 0 6 51 3 0
49964 0 6 51 3 0
209871 0 6 51 3 0
212694 0 6 51 4 1
247771 1 3 51 1 0
248372 0 6 51 1 0
252334 1 2 51 3 0
310719 0 6 51 2 0
436794 1 2 51 2 0
458463 0 6 51 1 0
459046 1 2 51 0 0
493861 1 3 51 3 0
537808 1 3 51 1 1
537952 1 4 51 1 0
563345 1 4 51 1 0
34358 1 3 52 1 0
34528 0 6 52 1 0
34776 0 6 52 2 0
34895 0 6 52 4 0
35315 1 4 52 3 0
48330 1 2 52 1 0
49165 0 6 52 1 0
49215 1 5 52 0 0
50149 0 6 52 1 0
50237 0 6 52 1 0
89779 0 6 52 3 0
110572 0 6 52 3 0
154637 0 6 52 1 0
212376 0 6 52 3 0
247541 1 2 52 3 1
260302 1 5 52 3 1
293635 1 5 52 3 0
333420 1 4 52 1 0
338196 1 3 52 3 0
459078 0 6 52 3 0
537740 1 5 52 1 0
538332 1 2 52 3 0
561054 1 2 52 2 0
9256 1 3 53 2 0
33950 0 6 53 1 0
33955 1 4 53 1 0
34264 1 4 53 1 0
35190 1 3 53 1 1
48297 1 4 53 1 0
48372 0 6 53 1 0
49147 0 6 53 1 0
49176 0 6 53 0 0
49188 1 3 53 1 0
49533 1 4 53 3 0
50150 0 6 53 2 0
50168 0 6 53 0 0
93934 0 6 53 3 0
98267 0 6 53 2 0
126394 0 6 53 2 0
212697 0 6 53 3 0
248936 0 6 53 1 0
310712 0 6 53 1 1
320517 0 6 53 3 0
331975 0 6 53 1 1
333200 1 2 53 1 0
493856 0 6 53 0 0
537502 0 6 53 1 0
537812 0 6 53 3 1
537921 0 6 53 4 1
537955 0 6 53 1 0
538122 1 4 53 1 0
538712 0 6 53 1 0
538749 0 6 53 1 0
538801 0 6 53 1 0
562968 1 4 53 3 0
562971 0 6 53 1 0
563419 0 6 53 1 0
33527 0 6 54 3 0
33528 1 2 54 3 0
34561 1 2 54 2 0
35300 1 3 54 3 0
48714 0 6 54 1 0
49450 0 6 54 0 0
49529 0 6 54 1 0
49677 1 3 54 1 0
50037 1 3 54 3 0
82044 0 6 54 3 0
181655 1 4 54 3 0
187362 1 4 54 3 0
229427 0 6 54 3 0
305466 1 2 54 2 0
324919 0 6 54 2 0
459050 0 6 54 1 0
459079 0 6 54 3 0
518778 0 6 54 3 0
537800 1 4 54 1 0
537810 1 3 54 1 0
538556 1 5 54 0 0
538762 1 4 54 4 1
539145 0 6 54 1 0
562975 0 6 54 3 0
13822 1 4 55 3 0
34275 1 4 55 1 0
34807 0 6 55 1 0
35202 1 3 55 1 0
48304 1 4 55 1 1
48960 0 6 55 1 0
49167 1 2 55 3 0
49187 0 6 55 0 1
49217 0 6 55 1 0
49488 0 6 55 3 0
49872 1 3 55 1 0
50041 0 6 55 4 1
50142 1 4 55 1 0
93392 0 6 55 2 0
98850 0 6 55 3 0
153733 0 6 55 1 0
248376 1 5 55 3 0
248899 0 6 55 1 0
273998 0 6 55 2 1
310718 0 6 55 2 0
341149 0 6 55 3 0
457371 0 6 55 1 0
537674 0 6 55 1 0
537801 1 3 55 1 0
537927 1 5 55 4 0
538647 1 5 55 1 0
561897 0 6 55 1 0
562967 0 6 55 2 0
563423 1 3 55 3 0
33948 0 6 56 1 0
34056 0 6 56 1 0
35189 0 6 56 1 0
48375 1 4 56 1 0
48577 0 6 56 1 0
48730 0 6 56 1 0
48950 1 3 56 1 0
48980 0 6 56 4 1
149961 0 6 56 3 0
228022 1 4 56 3 0
248037 1 3 56 1 0
248468 0 6 56 3 0
265966 0 6 56 3 0
294299 0 6 56 2 0
305467 0 6 56 3 0
331889 1 3 56 1 0
332678 1 3 56 1 0
386506 0 6 56 3 0
493860 1 4 56 1 0
537673 1 4 56 1 0
538007 0 6 56 1 0
538123 0 6 56 2 0
538557 0 6 56 0 0
538802 0 6 56 1 0
538909 0 6 56 1 0
561942 1 4 56 1 0
9265 0 6 57 3 0
11012 0 6 57 2 0
33892 0 6 57 1 0
35191 0 6 57 1 0
35192 0 6 57 3 1
49002 0 6 57 1 0
79233 1 4 57 3 0
93557 0 6 57 2 0
155232 1 2 57 1 0
169749 0 6 57 3 0
247807 1 4 57 1 0
299522 1 4 57 3 0
311352 0 6 57 2 0
458464 0 6 57 1 0
493857 0 6 57 1 0
537505 0 6 57 3 1
537824 1 2 57 1 0
537943 0 6 57 1 0
538156 1 3 57 1 0
539057 0 6 57 1 0
550897 1 3 57 2 0
562974 0 6 57 3 0
9261 0 6 58 1 0
33653 1 3 58 4 0
34806 0 6 58 4 0
48819 1 3 58 1 0
48934 1 5 58 1 0
49451 1 2 58 2 1
49457 1 3 58 1 0
49532 0 6 58 3 0
50036 1 4 58 1 0
92088 1 2 58 3 0
149960 0 6 58 3 0
153395 1 4 58 1 0
211231 0 6 58 4 0
247806 1 4 58 0 0
248900 1 3 58 3 0
309801 1 4 58 1 0
332677 1 2 58 1 0
333201 1 4 58 3 0
333342 1 4 58 1 0
333496 0 6 58 1 0
493859 1 3 58 1 0
537877 1 3 58 1 0
537942 1 2 58 1 0
538432 0 6 58 4 1
538913 1 3 58 3 0
561333 0 6 58 1 0
561941 1 4 58 1 0
563159 0 6 58 1 0
9826 0 6 59 2 0
48371 0 6 59 1 0
49067 1 3 59 1 0
49435 0 6 59 3 0
49564 1 2 59 1 0
57763 1 3 59 2 1
93385 1 4 59 3 0
96945 1 3 59 3 0
98848 1 4 59 1 0
109298 0 6 59 3 0
149117 0 6 59 2 0
228021 0 6 59 3 0
248038 0 6 59 1 0
248039 0 6 59 1 0
248897 0 6 59 1 0
299523 1 3 59 3 0
333497 0 6 59 1 0
537504 1 4 59 2 0
537841 0 6 59 4 1
537875 0 6 59 0 0
538155 0 6 59 1 0
538560 0 6 59 3 0
539040 0 6 59 1 0
545840 1 3 59 2 0
11019 0 6 60 1 0
33953 0 6 60 3 1
35066 0 6 60 1 0
49214 0 6 60 0 0
95188 0 6 60 3 0
109304 1 4 60 3 1
154234 0 6 60 1 0
247808 1 3 60 2 0
247915 1 5 60 1 0
248041 0 6 60 3 0
248175 1 5 60 1 0
248692 0 6 60 1 0
252350 1 2 60 3 0
309802 1 5 60 1 0
359076 0 6 60 3 1
386505 0 6 60 3 0
538158 0 6 60 3 0
538910 1 4 60 3 1
561236 0 6 60 3 0
48813 0 6 61 1 0
48829 1 3 61 1 0
49397 0 6 61 1 0
49718 1 3 61 1 0
49745 0 6 61 1 0
50308 0 6 61 3 0
92087 0 6 61 3 0
95624 1 4 61 3 1
98847 1 2 61 1 0
98854 1 4 61 2 1
247559 0 6 61 1 0
248888 1 3 61 1 0
309800 0 6 61 1 0
332228 0 6 61 1 0
332264 1 4 61 1 0
333348 1 2 61 1 0
386498 0 6 61 1 0
537876 1 3 61 1 0
33606 1 2 62 1 0
48420 0 6 62 3 0
48820 0 6 62 1 0
49200 0 6 62 1 0
81263 1 3 62 2 1
96944 0 6 62 1 0
155231 1 5 62 1 0
310602 0 6 62 1 0
331805 1 2 62 1 0
331854 1 3 62 2 0
332227 0 6 62 1 0
332786 0 6 62 1 0
332992 0 6 62 1 0
457396 0 6 62 3 0
493904 0 6 62 3 0
537756 0 6 62 1 0
537878 0 6 62 3 1
538552 1 3 62 1 0
538870 1 3 62 1 0
539041 1 4 62 3 0
9263 1 3 63 1 0
48474 0 6 63 1 1
48822 1 4 63 3 1
49071 0 6 63 3 0
49072 0 6 63 0 0
49383 0 6 63 1 1
231309 0 6 63 3 0
246984 1 5 63 1 0
248040 0 6 63 3 0
310461 1 3 63 1 0
310599 1 4 63 1 0
331804 0 6 63 1 0
331871 1 3 63 1 0
333324 1 4 63 1 0
333498 1 3 63 1 0
541775 0 6 63 3 0
34929 0 6 64 1 0
35079 0 6 64 1 0
35119 1 3 64 1 0
48830 0 6 64 1 0
49744 0 6 64 1 0
49998 1 3 64 1 0
94830 1 4 64 3 0
95625 1 4 64 3 0
96943 1 5 64 1 0
153648 1 3 64 1 0
219168 0 6 64 3 0
242815 1 2 64 3 0
248217 0 6 64 1 0
248889 1 2 64 3 0
310493 0 6 64 1 0
310600 1 3 64 1 0
310605 1 3 64 3 0
317884 0 6 64 3 0
331807 1 3 64 3 0
332265 1 4 64 3 0
333153 0 6 64 4 0
409615 1 4 64 2 0
431708 0 6 64 3 1
538505 0 6 64 1 0
538608 0 6 64 1 0
538799 0 6 64 1 0
34928 0 6 65 1 0
35030 0 6 65 1 0
35078 1 3 65 0 0
35082 0 6 65 1 0
48431 0 6 65 3 0
49386 1 2 65 1 0
49696 0 6 65 2 0
183443 1 3 65 2 0
246982 1 4 65 1 0
311202 0 6 65 1 0
331806 0 6 65 3 0
331808 0 6 65 3 0
331811 0 6 65 1 0
331872 0 6 65 3 0
333352 0 6 65 3 0
35027 1 4 66 0 0
35122 0 6 66 3 0
48478 1 4 66 3 1
49747 0 6 66 3 0
79164 1 4 66 3 0
95135 0 6 66 3 0
95638 1 3 66 3 0
97840 1 3 66 1 0
153771 0 6 66 1 0
248872 1 4 66 1 0
275954 0 6 66 3 0
311536 1 3 66 1 0
331812 1 3 66 3 0
332221 0 6 66 1 0
332693 1 3 66 3 0
332787 1 3 66 3 0
333005 1 4 66 1 0
333094 1 2 66 4 1
333204 0 6 66 1 0
333350 1 3 66 1 0
333488 0 6 66 1 0
387961 0 6 66 1 1
537663 1 5 66 1 0
538543 1 3 66 1 0
33571 1 4 67 1 0
34160 1 3 67 1 0
34517 0 6 67 1 0
34521 1 3 67 1 0
35080 1 3 67 1 0
49391 1 4 67 1 0
50007 1 3 67 1 0
95631 0 6 67 1 1
230140 0 6 67 3 0
248701 0 6 67 1 0
309921 1 3 67 1 0
310601 1 4 67 1 0
310603 1 3 67 3 0
311201 1 4 67 1 1
311203 0 6 67 1 0
311325 0 6 67 2 0
311479 0 6 67 1 0
331770 1 4 67 4 1
331803 1 3 67 1 0
333008 0 6 67 3 0
333323 1 3 67 0 0
333495 0 6 67 0 0
413750 0 6 67 3 0
493908 0 6 67 1 0
537664 1 3 67 1 0
33515 0 6 68 1 0
34808 0 6 68 1 0
35032 0 6 68 3 0
35033 1 4 68 3 0
35087 0 6 68 1 0
35289 1 4 68 1 0
48302 1 2 68 1 0
48502 1 4 68 3 0
48881 1 3 68 3 0
49393 0 6 68 3 0
49999 0 6 68 1 1
50001 1 3 68 3 0
50700 0 6 68 3 0
52414 0 6 68 3 1
81264 1 3 68 2 0
87627 0 6 68 3 0
93161 0 6 68 3 0
246986 0 6 68 3 0
247862 1 3 68 1 0
248634 0 6 68 1 0
310230 0 6 68 1 0
311538 1 4 68 3 0
332229 0 6 68 1 0
332516 0 6 68 3 0
333123 1 3 68 4 1
333435 1 2 68 1 0
333487 1 3 68 1 0
481020 0 6 68 3 0
493912 0 6 68 3 1
2318 0 6 69 3 0
28093 1 4 69 3 0
34011 0 6 69 1 0
34518 0 6 69 3 0
34930 1 4 69 1 0
35083 0 6 69 3 0
48477 0 6 69 2 0
49387 1 2 69 1 0
49483 0 6 69 1 1
49694 0 6 69 0 0
50010 0 6 69 3 0
95391 0 6 69 1 0
95549 1 3 69 3 1
246983 1 5 69 1 0
248795 0 6 69 1 0
309920 1 2 69 1 0
310127 1 4 69 1 0
310495 1 2 69 1 0
310666 1 3 69 1 0
310824 0 6 69 1 0
310968 0 6 69 1 0
310975 0 6 69 4 1
311204 0 6 69 1 0
311206 0 6 69 3 0
331711 1 3 69 2 0
331732 0 6 69 1 0
331771 0 6 69 2 0
332167 0 6 69 1 0
333489 1 4 69 1 0
538045 1 4 69 1 0
33984 1 3 70 4 0
34102 1 2 70 1 0
34635 0 6 70 1 0
48463 1 3 70 1 0
49390 1 4 70 1 0
49392 1 3 70 3 0
50085 0 6 70 1 1
50701 1 4 70 4 0
73951 1 3 70 3 0
96073 0 6 70 3 0
96871 1 3 70 1 0
183445 0 6 70 2 0
247399 0 6 70 3 0
248703 0 6 70 2 0
310192 0 6 70 1 0
310668 0 6 70 1 0
310778 0 6 70 1 0
311245 0 6 70 1 0
331816 0 6 70 3 0
332206 0 6 70 1 0
332231 0 6 70 3 0
333225 0 6 70 1 0
333436 0 6 70 1 0
538549 0 6 70 3 0
34159 1 3 71 3 1
49378 0 6 71 1 0
50008 0 6 71 1 1
50230 0 6 71 1 0
50698 0 6 71 2 0
87629 0 6 71 4 0
146956 1 4 71 3 1
164816 1 4 71 3 0
231921 1 4 71 4 1
247174 1 3 71 1 0
248013 0 6 71 1 0
309793 0 6 71 1 1
311198 1 3 71 1 0
311433 1 3 71 3 0
311564 0 6 71 1 0
311914 0 6 71 1 0
331776 1 4 71 1 0
333491 0 6 71 3 0
405450 1 4 71 3 0
2124 0 6 72 3 0
34636 0 6 72 1 0
34646 1 3 72 3 0
34959 0 6 72 1 0
48301 1 2 72 0 0
48437 1 2 72 1 0
48438 1 3 72 1 0
48771 0 6 72 3 0
179122 0 6 72 3 0
206595 0 6 72 3 1
247881 0 6 72 1 0
309923 1 3 72 3 0
309995 0 6 72 2 0
310056 0 6 72 1 0
310365 1 2 72 1 0
310740 1 4 72 1 0
311193 0 6 72 2 0
311195 1 2 72 1 0
311322 0 6 72 1 0
331970 0 6 72 3 0
332171 0 6 72 3 0
332226 1 2 72 0 0
333486 1 3 72 4 1
333490 1 5 72 3 0
502117 0 6 72 3 0
34638 0 6 73 3 0
49092 1 4 73 1 0
49099 1 3 73 1 0
164815 0 6 73 1 0
216853 1 3 73 3 0
233911 1 4 73 3 0
248366 0 6 73 1 0
272463 0 6 73 3 0
291534 1 4 73 2 0
309693 0 6 73 4 1
310055 1 3 73 1 0
310494 0 6 73 1 0
310496 1 2 73 3 0
310711 0 6 73 1 0
310779 0 6 73 1 0
311294 1 5 73 1 0
311565 0 6 73 1 0
311833 1 3 73 1 0
332218 0 6 73 1 0
333110 0 6 73 1 0
493911 1 1 73 3 0
494135 0 6 73 1 0
532297 0 6 73 3 0
538048 1 2 73 3 0
562566 0 6 73 3 0
33983 0 6 74 4 0
34009 1 4 74 4 1
34107 1 4 74 3 0
49051 0 6 74 1 0
49091 1 3 74 1 0
49384 1 3 74 1 0
49809 1 4 74 1 0
50086 0 6 74 1 0
136150 0 6 74 3 0
155182 1 4 74 3 0
178926 1 2 74 4 0
309709 1 3 74 1 1
309916 1 2 74 3 0
310253 0 6 74 1 0
310501 0 6 74 1 0
310665 0 6 74 1 1
310670 0 6 74 3 0
310875 0 6 74 1 0
311478 1 3 74 3 0
311752 1 3 74 1 0
323883 0 6 74 3 0
327156 0 6 74 3 0
332168 0 6 74 1 0
332230 1 3 74 3 0
332571 1 2 74 1 1
33799 0 6 75 1 0
34100 1 2 75 1 0
48481 0 6 75 0 0
49379 1 2 75 1 0
49812 1 3 75 3 0
50192 0 6 75 1 1
310745 0 6 75 1 0
310982 1 3 75 2 0
311244 0 6 75 1 0
311293 0 6 75 0 1
311835 0 6 75 3 0
36676 0 6 76 3 0
48484 0 6 76 1 0
48777 1 2 76 1 0
49090 1 3 76 1 0
49098 0 6 76 1 0
49381 1 3 76 3 0
155180 0 6 76 1 0
247276 0 6 76 2 0
310053 1 3 76 3 0
310057 1 4 76 3 0
310232 1 3 76 3 0
310287 1 3 76 1 0
332159 0 6 76 3 0
332820 1 3 76 1 0
333046 1 2 76 3 0
493913 0 6 76 3 0
531591 0 6 76 3 0
33575 0 6 77 1 0
33630 1 4 77 1 0
33707 1 3 77 1 0
48440 1 3 77 3 0
48483 0 6 77 1 0
49085 1 5 77 1 0
49094 0 6 77 3 1
49195 0 6 77 0 0
49883 0 6 77 1 0
50190 0 6 77 1 0
54281 1 4 77 3 1
95896 0 6 77 3 0
136101 0 6 77 3 0
247993 0 6 77 1 0
309683 1 4 77 1 0
309852 0 6 77 1 0
310466 1 2 77 1 0
310503 1 3 77 3 0
310660 0 6 77 1 0
310667 1 2 77 1 0
310699 1 5 77 4 0
310874 1 4 77 1 0
311196 0 6 77 1 0
311751 1 4 77 0 1
311834 0 6 77 1 0
311837 0 6 77 3 1
332088 1 3 77 3 0
333043 0 6 77 0 0
494134 1 3 77 1 0
34961 1 4 78 3 0
35142 1 3 78 1 0
48442 1 2 78 4 0
49881 0 6 78 1 0
49992 0 6 78 1 0
52916 1 2 78 3 0
175366 0 6 78 3 0
219502 0 6 78 3 0
309708 0 6 78 1 0
309947 1 5 78 3 0
310286 0 6 78 1 0
310527 0 6 78 3 0
310878 0 6 78 3 0
311243 0 6 78 1 0
311326 0 6 78 3 0
311567 1 4 78 3 1
333045 0 6 78 3 0
494042 0 6 78 1 0
494131 0 6 78 0 0
33732 1 2 79 1 0
34582 1 2 79 1 1
35172 0 6 79 1 0
48604 0 6 79 1 0
49089 0 6 79 3 0
49900 0 6 79 3 0
76344 1 3 79 3 0
219962 1 2 79 3 0
310233 0 6 79 3 0
310429 1 3 79 4 0
310836 1 2 79 1 0
311603 0 6 79 1 0
332572 0 6 79 3 1
332822 0 6 79 3 0
332958 0 6 79 1 0
390517 1 3 79 3 0
493794 0 6 79 1 0
34958 0 6 80 0 0
42905 0 6 80 2 0
48441 1 2 80 3 0
48776 1 3 80 1 0
50070 0 6 80 1 0
50243 1 4 80 4 0
127978 0 6 80 2 0
155850 1 3 80 3 1
309685 0 6 80 1 0
310052 1 3 80 1 0
310589 0 6 80 2 0
310661 0 6 80 1 0
310879 0 6 80 1 0
311018 0 6 80 1 0
311086 1 4 80 1 0
333044 1 4 80 1 0
475723 0 6 80 3 0
493981 0 6 80 1 0
33733 0 6 81 2 0
34824 1 3 81 3 1
49678 0 6 81 1 0
49934 1 5 81 2 0
81538 0 6 81 2 0
112640 0 6 81 3 0
115253 1 4 81 3 0
127983 1 4 81 1 0
154889 0 6 81 1 0
309687 0 6 81 3 0
309688 1 2 81 3 0
310148 0 6 81 2 0
310279 1 2 81 1 0
310662 1 2 81 3 0
310673 1 3 81 3 0
310744 1 3 81 1 0
311088 1 4 81 3 0
332087 0 6 81 2 0
332960 1 4 81 3 1
493909 0 6 81 1 0
7753 1 2 82 3 0
34477 0 6 82 1 0
35143 0 6 82 1 0
36801 1 4 82 1 0
48482 1 3 82 1 0
48491 1 4 82 1 0
49148 0 6 82 1 0
49827 0 6 82 1 0
127984 0 6 82 1 0
248433 1 2 82 1 0
310484 0 6 82 1 0
310835 1 3 82 1 0
311194 0 6 82 1 0
311704 1 3 82 1 0
332581 0 6 82 1 0
493795 0 6 82 1 0
34041 0 6 83 3 1
48033 0 6 83 3 0
49182 0 6 83 1 0
49358 0 6 83 1 0
49604 0 6 83 1 0
49830 0 6 83 3 0
49862 1 3 83 1 0
50241 0 6 83 3 0
52914 1 3 83 1 0
55895 0 6 83 3 0
218947 0 6 83 1 0
219792 1 3 83 3 0
309876 0 6 83 2 0
310272 0 6 83 1 0
311324 0 6 83 1 0
311681 0 6 83 1 0
311775 1 2 83 2 0
493799 0 6 83 2 0
33999 0 6 84 1 0
48778 0 6 84 3 0
49568 1 4 84 1 0
49933 0 6 84 1 0
50077 1 2 84 1 0
134653 0 6 84 3 0
154493 1 4 84 1 0
154805 1 4 84 1 0
209582 0 6 84 3 0
247490 0 6 84 1 0
309704 0 6 84 1 0
310085 1 3 84 1 0
310485 0 6 84 1 0
310747 0 6 84 3 0
310834 1 4 84 0 0
332224 0 6 84 1 0
332963 1 3 84 3 1
493818 0 6 84 1 0
493902 1 4 84 2 1
494225 0 6 84 3 0
35532 0 6 85 1 0
48399 0 6 85 3 0
49154 0 6 85 1 0
49567 1 3 85 0 0
117938 0 6 85 3 0
146539 0 6 85 3 0
218956 0 6 85 4 0
248894 1 2 85 1 0
308111 1 2 85 3 0
309887 0 6 85 1 0
310838 0 6 85 2 1
311039 0 6 85 1 1
311046 0 6 85 1 1
311068 0 6 85 4 1
311139 0 6 85 3 1
311432 0 6 85 1 0
311855 0 6 85 1 0
332494 1 3 85 1 0
332577 0 6 85 3 0
34478 1 4 86 2 0
48458 0 6 86 4 0
49357 1 3 86 1 0
49398 0 6 86 1 0
50239 0 6 86 2 0
247492 0 6 86 3 1
247930 1 2 86 2 0
309712 1 4 86 1 0
310199 0 6 86 1 0
310482 0 6 86 4 1
310663 1 3 86 3 0
310839 0 6 86 3 1
311702 1 5 86 0 0
332146 1 2 86 1 0
332584 0 6 86 2 0
494184 1 3 86 1 0
33899 1 3 87 1 0
34000 0 6 87 2 0
34483 0 6 87 3 1
49364 0 6 87 1 0
49569 1 5 87 1 0
49570 1 3 87 1 0
49787 0 6 87 1 0
51765 0 6 87 3 0
154494 0 6 87 3 1
154804 1 3 87 1 0
218680 1 4 87 3 1
247495 0 6 87 1 0
248435 0 6 87 3 0
309757 1 3 87 1 0
310849 0 6 87 3 0
311703 0 6 87 1 0
311705 0 6 87 3 0
331853 0 6 87 1 0
333382 0 6 87 1 0
352693 0 6 87 3 0
428096 0 6 87 3 0
480487 1 4 87 3 0
493552 0 6 87 3 0
493815 0 6 87 1 0
493867 0 6 87 1 0
48455 0 6 88 1 0
49935 1 4 88 3 0
50100 1 2 88 1 0
247235 0 6 88 1 0
248434 0 6 88 1 0
307752 0 6 88 2 0
310103 1 3 88 2 0
310219 0 6 88 1 0
310593 0 6 88 4 0
493798 1 3 88 3 0
49359 0 6 89 3 0
49371 1 3 89 1 0
49574 0 6 89 4 0
248794 0 6 89 1 0
262572 1 2 89 2 0
308116 0 6 89 2 0
310516 0 6 89 1 0
310850 0 6 89 3 0
310865 1 3 89 1 0
310939 1 4 89 3 0
311013 1 4 89 1 0
311311 0 6 89 1 1
311929 0 6 89 1 0
332496 1 4 89 3 0
332991 1 4 89 1 0
333174 0 6 89 1 0
333383 1 5 89 1 0
493295 0 6 89 1 0
493819 0 6 89 3 0
48404 0 6 90 3 0
49399 1 3 90 3 0
49605 0 6 90 1 0
247497 1 3 90 3 0
248436 0 6 90 3 0
248654 0 6 90 1 0
310794 0 6 90 4 0
331967 1 4 90 0 0
333013 0 6 90 1 0
493883 0 6 90 1 0
35531 1 3 91 1 0
48779 1 4 91 3 0
49606 0 6 91 1 0
49689 1 3 91 1 0
49832 1 4 91 1 0
49840 0 6 91 1 0
247189 0 6 91 4 1
247237 1 4 91 3 0
262573 1 3 91 3 0
309219 0 6 91 3 0
310680 0 6 91 1 1
310852 1 2 91 1 1
310866 0 6 91 3 0
311048 0 6 91 3 0
311061 0 6 91 3 0
311221 1 3 91 1 0
311310 0 6 91 0 0
311529 1 3 91 1 0
333384 0 6 91 2 1
352691 1 3 91 2 1
218678 0 6 92 2 0
247504 1 3 92 1 0
310257 1 2 92 1 0
310386 1 3 92 1 0
311922 0 6 92 2 0
311930 0 6 92 2 0
331855 1 2 92 3 0
386371 0 6 92 3 0
48521 1 3 93 1 1
49608 0 6 93 3 0
49922 1 3 93 1 0
247234 0 6 93 1 0
309872 1 3 93 2 0
309970 0 6 93 1 0
310378 1 3 93 1 0
310612 0 6 93 1 0
311313 0 6 93 3 0
311928 1 2 93 1 0
332289 1 5 93 1 0
333012 0 6 93 1 0
333385 1 3 93 3 0
511261 1 4 93 3 0
36757 0 6 94 1 0
49688 0 6 94 1 0
49784 0 6 94 1 0
247539 1 3 94 1 0
310519 0 6 94 3 1
311931 1 3 94 3 0
352692 1 3 94 3 0
36755 1 5 95 0 1
49783 0 6 95 1 0
247453 0 6 95 1 0
310095 0 6 95 1 0
310853 1 3 95 1 0
310955 0 6 95 4 0
311058 0 6 95 0 0
331969 0 6 95 2 0
331972 0 6 95 3 0
36926 0 6 96 2 0
48608 0 6 96 1 0
49785 1 4 96 3 0
200040 1 3 96 3 0
310298 1 4 96 1 0
310322 1 4 96 1 0
310901 0 6 96 1 0
311780 1 4 96 1 0
382855 0 6 96 3 0
398278 0 6 96 2 0
36664 1 4 97 0 0
49560 1 4 97 1 1
49610 0 6 97 1 0
247001 0 6 97 1 0
247197 1 4 97 1 0
311059 0 6 97 1 0
332495 0 6 97 1 0
463791 0 6 97 3 0
24588 1 4 98 3 0
36540 1 3 98 1 0
36756 0 6 98 1 0
247711 1 3 98 1 0
310302 0 6 98 3 0
310854 0 6 98 3 0
311260 1 3 98 1 0
49789 0 6 99 3 0
247562 0 6 99 1 0
310094 0 6 99 1 0
310562 0 6 99 3 1
311060 0 6 99 2 0
311382 1 3 99 1 0
311778 1 2 99 0 0
331978 1 4 99 3 0
35556 0 6 100 3 0
49155 0 6 100 1 0
50118 1 4 100 3 1
127118 0 6 100 3 0
247004 1 2 100 3 0
254495 1 2 100 1 0
311262 1 2 100 3 1
311724 0 6 100 1 0
331973 0 6 100 3 0
332453 0 6 100 1 0
22914 1 2 101 3 0
35882 1 4 101 1 0
36666 0 6 101 1 0
248306 0 6 101 1 0
255603 0 6 101 3 0
309968 0 6 101 1 0
310998 1 2 101 4 1
311779 0 6 101 1 0
329746 0 6 101 2 0
248059 0 6 102 1 0
310748 0 6 102 1 0
311258 0 6 102 0 0
311346 0 6 102 1 0
333462 1 3 102 3 0
49082 0 6 103 3 0
248250 1 3 103 1 0
248305 0 6 103 1 0
254473 0 6 103 3 0
310254 0 6 103 1 0
310301 1 2 103 3 0
413683 0 6 103 3 0
35883 1 2 104 1 0
130189 1 4 104 3 0
247167 1 2 104 1 1
247656 1 5 104 1 0
310296 0 6 104 0 0
311347 0 6 104 2 1
311896 1 3 104 4 1
93411 1 3 105 3 0
247128 0 6 105 3 0
247240 1 4 105 1 0
248058 0 6 105 0 0
248350 0 6 105 1 0
310163 1 4 105 4 1
396039 0 6 105 3 0
35881 1 3 106 1 0
247169 0 6 106 3 0
248383 0 6 106 1 0
248636 0 6 106 1 0
310694 1 4 106 1 1
311345 0 6 106 0 0
333461 1 3 106 2 0
35885 0 6 107 2 0
247268 1 3 107 1 0
310325 0 6 107 0 0
93409 1 4 108 3 0
310297 1 3 108 1 0
323496 0 6 108 3 0
51473 1 3 109 3 0
248398 1 3 109 1 0
310700 1 4 109 4 1
35880 1 2 110 0 0
51475 0 6 110 2 1
127837 0 6 110 3 1
248637 0 6 110 3 0
248914 1 2 110 1 0
247689 0 6 111 1 0
248520 1 3 111 1 0
310692 0 6 111 0 0
247171 1 4 112 2 0
308930 1 3 112 2 1
310655 1 3 112 0 0
310693 1 4 112 1 1
248681 1 4 114 1 0
247925 1 4 115 1 0
248496 1 2 115 1 0
248868 1 5 115 1 0
310696 0 6 115 3 0
248680 0 6 117 1 0
248401 0 6 118 3 0
248495 1 3 118 1 0
248497 0 6 118 1 0
248498 0 6 119 3 0
