313061 0 2 18 4
451137 1 2 4 1
376202 1 2 4 2
252671 1 3 3 3
252668 0 3 5 3
252669 0 3 5 3
252670 0 3 5 3
376203 1 3 5 2
451138 1 3 5 1
222932 1 4 3 1
459233 1 4 2 4
387689 1 4 2 4
189712 1 4 2 4
114826 1 4 2 0
189711 0 4 5 4
459234 0 4 5 4
223274 1 5 1 1
49186 1 5 1 3
49185 0 5 5 3
114828 1 5 5 0
114829 1 5 5 0
223275 0 5 5 1
210361 1 6 3 3
439270 1 6 2 3
223493 1 7 2 1
114053 1 7 2 0
223494 0 7 5 1
223496 0 7 5 1
431279 1 8 2 3
201031 1 8 2 3
431277 0 8 5 3
115025 1 10 2 4
222644 1 11 1 1
201030 1 12 2 3
222152 1 12 1 3
201031 0 12 5 3
222149 0 12 5 3
3435 1 14 3 3
479742 1 14 2 1
114070 1 14 2 1
3434 0 14 5 3
3436 0 14 5 3
479744 0 14 5 1
222151 1 15 2 3
222149 0 15 5 3
222152 0 15 5 3
222678 1 18 3 3
221513 1 18 3 1
223583 1 18 2 1
221514 1 18 2 1
221515 0 18 5 1
221517 0 18 5 1
222675 0 18 5 3
222676 0 18 5 3
223584 0 18 5 1
223586 0 18 5 1
223587 0 18 5 1
221669 1 19 3 1
222959 1 19 2 1
221515 1 19 5 1
221516 1 19 5 1
221670 0 19 5 1
222010 1 20 3 1
221730 1 20 3 1
157217 1 20 3 3
223393 1 20 2 1
223392 0 20 5 1
223396 0 20 5 1
222596 1 21 3 3
115061 1 21 2 3
223032 1 21 1 3
115058 0 21 5 3
115059 0 21 5 3
115060 0 21 5 3
221728 1 21 5 1
221732 1 21 5 1
222011 1 21 5 1
222012 1 21 5 1
222015 1 21 5 1
223029 0 21 5 3
223030 0 21 5 3
223031 0 21 5 3
222420 1 22 4 1
222960 1 22 3 1
222646 1 22 3 1
222629 1 22 3 3
44655 1 22 3 3
222591 1 22 5 3
222592 1 22 5 3
222593 1 22 5 3
222595 1 22 5 3
222627 0 22 5 3
222644 0 22 5 1
222648 0 22 5 1
222649 0 22 5 1
222828 0 22 5 3
222958 0 22 5 1
222962 0 22 5 1
222737 1 23 3 1
222444 1 23 2 1
222392 1 23 2 3
222078 1 23 2 1
221689 1 23 2 3
221686 0 23 5 3
221687 0 23 5 3
221688 0 23 5 3
222077 0 23 5 1
222079 0 23 5 1
222080 0 23 5 1
222393 0 23 5 3
222422 1 23 5 1
222445 0 23 5 1
222447 0 23 5 1
222448 0 23 5 1
222736 0 23 5 1
222738 0 23 5 1
223088 1 24 2 0
223021 1 25 2 1
223504 1 25 1 1
223090 1 25 5 0
223312 1 26 4 1
222093 1 26 3 0
222597 1 26 2 1
222011 1 26 2 1
136422 1 26 2 3
222009 0 26 5 1
222012 0 26 5 1
222014 0 26 5 1
222015 0 26 5 1
222094 0 26 5 0
223022 1 26 5 1
223023 1 26 5 1
223025 1 26 5 1
222595 1 27 3 3
221699 1 27 3 0
137139 1 27 3 4
350387 1 27 2 3
333002 1 27 2 4
222741 1 27 1 4
137138 0 27 5 4
222591 0 27 5 3
222594 0 27 5 3
222596 0 27 5 3
223313 1 27 5 1
333003 0 27 5 4
136417 1 28 2 4
221703 1 28 5 0
391778 1 29 2 3
136712 0 29 5 2
136714 0 29 5 2
136716 0 29 5 2
391777 0 29 5 3
222836 1 31 4 1
137909 1 31 3 4
136751 1 31 3 1
221599 1 31 1 4
222774 1 32 3 0
223501 0 32 6 1
136753 1 32 5 1
136754 1 32 5 1
222775 0 32 5 0
222777 0 32 5 0
222837 1 32 5 1
223497 0 32 5 3
223498 0 32 5 3
223499 0 32 5 3
221808 1 33 3 1
221809 0 33 5 1
221810 0 33 5 1
221811 0 33 5 1
223497 0 33 5 1
223498 0 33 5 1
223500 0 33 5 1
222593 1 34 2 1
222591 0 34 5 1
222592 0 34 5 1
222594 0 34 5 1
222596 0 34 5 1
137789 1 36 3 3
222833 1 36 2 1
137786 0 36 5 3
137787 0 36 5 3
222777 1 37 1 3
136752 1 37 1 1
136751 0 37 5 1
136753 0 37 5 1
222774 0 37 5 3
222835 1 37 5 1
222836 1 37 5 1
222837 1 37 5 1
222838 1 37 5 1
136749 1 38 3 3
222867 1 38 2 1
222850 1 38 1 1
222833 0 38 5 1
222836 0 38 5 1
222837 0 38 5 1
222838 0 38 5 1
222847 0 38 5 1
222848 0 38 5 1
222849 0 38 5 1
222834 1 39 0 1
222804 1 40 2 3
222801 0 40 5 3
222802 0 40 5 3
222803 0 40 5 3
222748 1 41 3 1
185577 1 41 3 2
221861 1 42 3 1
146880 1 42 3 2
222122 1 42 2 1
222123 0 42 5 1
222124 0 42 5 1
222125 0 42 5 1
222747 1 42 6 1
222749 1 42 5 1
222869 1 43 2 3
222808 1 43 2 1
221763 1 43 2 1
221762 0 43 5 1
221765 0 43 5 1
221766 0 43 5 1
221862 1 43 5 1
221863 1 43 5 1
221864 1 43 5 1
221865 1 43 5 1
221866 1 43 5 1
222810 0 43 5 1
222867 0 43 5 3
221778 1 44 3 1
351708 1 44 2 3
221776 0 44 5 1
221777 0 44 5 1
221780 0 44 5 1
351709 0 44 5 3
222123 0 45 5 3
222125 0 45 5 3
222748 0 45 5 1
222749 0 45 5 1
351214 1 46 2 1
302538 1 46 2 3
223120 1 46 2 1
222517 1 46 2 3
222515 0 46 5 3
222518 0 46 5 3
223121 0 46 5 1
302540 0 46 5 3
351213 0 46 5 1
351686 1 48 2 1
223122 1 48 2 3
223119 0 48 5 3
351688 0 48 5 1
351216 1 49 3 2
351215 1 49 3 2
351192 1 49 3 1
350324 1 49 2 1
350575 1 49 1 1
350578 0 49 5 1
351193 0 49 5 1
351194 0 49 5 1
351195 0 49 5 1
351213 0 49 5 2
351214 0 49 5 2
528690 1 50 2 2
351669 1 50 2 1
351125 1 50 2 1
350579 1 50 2 3
350325 1 50 5 1
350327 1 50 5 1
350578 0 50 5 3
350580 0 50 5 3
351668 0 50 7 1
351670 0 50 5 1
350279 1 51 1 1
350280 0 51 5 1
350281 0 51 5 1
350982 1 52 4 1
351588 1 53 3 1
351268 1 53 1 1
350983 1 53 5 1
350984 1 53 5 1
350985 1 53 5 1
350986 1 53 5 1
350987 1 53 5 1
351269 0 53 5 1
413147 1 54 3 3
152962 1 54 2 2
350801 1 54 1 1
351586 1 54 5 1
351589 1 54 5 1
413148 0 54 5 3
351129 1 55 4 1
350471 0 55 7 3
62233 1 55 3 3
471419 1 55 2 2
350472 1 55 2 1
351790 1 55 1 3
70635 0 55 5 4
350473 0 55 5 1
350470 0 55 5 1
350473 0 55 5 1
350474 0 55 5 1
351788 0 55 5 3
351791 0 55 5 3
471418 0 55 5 2
471420 0 55 5 2
350803 1 56 3 3
221740 1 56 3 1
351587 1 56 2 1
351087 1 56 2 1
350778 1 56 2 1
74829 0 56 5 2
221739 0 56 5 1
221741 0 56 5 1
221742 0 56 5 1
221743 0 56 5 1
221744 0 56 5 1
351090 0 56 5 1
351132 1 56 5 1
351133 1 56 7 1
351588 0 56 5 1
351589 0 56 5 1
351590 0 56 5 1
351469 1 57 3 1
350339 1 57 3 1
134083 1 57 3 3
351045 1 57 2 1
74828 1 57 2 2
351127 1 57 1 3
134082 0 57 5 3
350340 0 57 5 1
350341 0 57 5 1
350342 0 57 5 1
350470 0 57 5 3
350800 1 57 5 3
351046 0 57 5 1
350804 1 58 2 3
522372 1 59 3 3
351801 1 59 3 2
351176 1 59 3 1
350331 1 59 3 1
350207 1 59 2 1
350206 0 59 5 1
350208 0 59 5 1
350209 0 59 5 1
350332 0 59 5 1
351129 1 59 5 3
351130 1 59 5 3
351131 1 59 5 3
351132 1 59 5 3
351798 0 59 5 2
351799 0 59 5 2
351802 0 59 5 2
352954 1 60 4 3
351512 1 60 2 4
351595 1 60 1 1
70641 1 60 1 3
62234 1 60 1 3
70637 0 60 5 3
70638 0 60 5 3
351174 1 60 5 1
351175 1 60 5 1
351177 1 60 5 1
351178 1 60 5 1
351180 1 60 5 1
351593 0 60 5 1
351594 0 60 5 1
351597 0 60 5 1
368852 1 61 3 3
350571 1 61 3 0
351634 1 61 2 0
351092 1 61 2 1
70109 1 61 2 3
70107 0 61 5 3
70108 0 61 5 3
350341 0 61 5 3
350572 0 61 5 0
351093 0 61 5 1
368853 0 61 5 3
350702 1 62 3 1
350330 0 62 5 3
350331 0 62 5 3
350901 1 63 4 2
350768 0 63 5 1
221745 1 63 3 3
351432 1 63 2 1
70639 1 63 2 1
350769 1 63 1 1
350272 1 63 1 1
70637 0 63 5 1
70638 0 63 5 1
70640 0 63 5 1
350271 0 63 5 1
350700 1 63 5 1
350701 1 63 5 1
350703 1 63 5 1
350704 1 63 5 1
350767 0 63 5 1
350770 0 63 5 1
350767 0 63 5 1
351068 0 63 5 1
351435 0 63 5 1
351436 0 63 5 1
351800 0 63 5 3
351801 0 63 5 3
351803 0 63 5 3
351035 1 64 4 1
424702 1 64 3 1
351446 1 64 3 3
351256 0 64 7 2
350853 1 64 2 1
350255 1 64 2 1
329332 1 64 2 3
70658 1 64 1 3
350257 0 64 5 1
350855 0 64 6 1
351259 0 64 5 1
351635 0 64 5 3
351636 0 64 5 3
424701 0 64 5 1
70646 1 65 3 1
408695 1 65 2 2
350432 1 65 2 3
350247 1 65 1 1
70637 0 65 5 1
70638 0 65 5 1
70639 0 65 5 1
70642 0 65 5 1
350249 0 65 5 1
350427 0 65 5 3
350428 0 65 5 3
350429 0 65 5 3
350431 0 65 5 3
351034 1 65 5 1
351037 1 65 5 1
351432 1 65 5 3
351433 1 65 5 3
351435 1 65 5 3
351415 1 66 1 1
351184 1 66 1 1
350773 1 66 1 1
70639 0 66 5 1
70641 0 66 5 1
70642 0 66 5 1
70643 1 66 5 1
70644 1 66 5 1
350771 0 66 5 1
350772 0 66 5 1
350774 0 66 5 1
350775 0 66 5 1
350776 0 66 5 1
351183 0 66 5 1
351185 0 66 5 1
351257 0 66 5 2
351416 0 66 5 1
351417 0 66 5 1
351852 1 67 3 1
351438 1 67 2 1
351434 1 67 2 1
350161 1 67 2 1
351821 1 67 1 1
350428 0 67 5 0
350430 0 67 5 0
350794 0 67 5 1
350798 0 67 5 1
350799 0 67 5 1
350852 0 67 5 3
350853 0 67 5 3
350854 0 67 5 3
351437 0 67 5 1
351440 0 67 5 1
351822 0 67 6 1
351823 0 67 5 1
351824 0 67 5 1
351825 0 67 5 1
351851 0 67 5 1
351853 0 67 5 1
351855 0 67 5 1
350276 0 68 24 3
70429 1 68 3 1
351201 1 68 2 1
351799 1 68 1 1
70087 1 68 1 1
70088 0 68 5 1
70430 0 68 5 1
350160 1 68 5 1
350768 1 68 5 3
351202 0 68 5 1
351203 0 68 5 1
351204 0 68 5 1
351798 0 68 5 1
351800 0 68 5 1
351803 0 68 5 1
350560 1 69 3 1
351487 1 69 2 3
351159 1 69 2 1
293124 1 69 2 3
70578 1 69 2 1
70424 1 69 2 1
351063 1 69 1 1
70421 0 69 5 1
70422 0 69 5 1
70425 0 69 5 1
70426 0 69 5 1
70577 0 69 5 1
70581 0 69 5 1
293125 0 69 5 3
350275 1 69 5 3
351061 0 69 5 1
351065 0 69 5 1
351155 0 69 5 1
351156 0 69 5 1
351158 0 69 5 1
351819 0 69 5 1
351821 0 69 5 1
351824 0 69 5 1
351825 0 69 5 1
350649 1 70 4 3
351409 1 70 3 1
71345 0 70 7 3
71023 1 70 3 1
70871 1 70 3 1
350813 1 70 2 1
350646 1 70 6 3
350539 1 70 2 1
71262 1 70 2 3
71259 0 70 5 3
71260 0 70 5 3
71261 0 70 5 3
350541 0 70 5 1
350542 0 70 5 1
350561 1 70 5 1
350562 1 70 5 1
350647 0 70 5 1
350814 0 70 5 1
350815 0 70 5 1
351135 1 71 3 1
70723 1 71 3 4
70428 1 71 3 1
70645 1 71 2 1
70154 1 71 2 1
351780 1 71 1 3
70683 1 71 1 4
70153 0 71 5 1
70156 0 71 5 1
70157 0 71 5 1
70643 0 71 5 1
70646 0 71 5 1
70648 0 71 5 1
70684 0 71 5 4
71022 1 71 5 1
71024 1 71 5 1
71025 1 71 5 1
71343 1 71 5 1
71346 1 71 5 1
350648 1 71 7 3
351134 0 71 5 1
351137 0 71 5 1
351821 1 71 5 0
351824 1 71 5 0
351825 1 71 5 0
351820 0 71 5 3
351821 0 71 5 3
351825 0 71 5 3
71253 0 72 13 3
350578 1 72 3 1
350464 1 72 3 1
71347 1 72 3 3
533081 1 72 2 3
70526 1 72 2 1
70367 1 72 2 1
351378 1 72 1 1
70423 0 72 5 1
70425 0 72 5 1
70429 1 72 5 1
71343 0 72 5 3
71344 0 72 5 3
350465 0 72 5 1
350467 0 72 5 1
351377 0 72 5 1
351380 0 72 5 1
351381 0 72 5 1
351012 1 73 4 1
408939 1 73 3 3
350257 1 73 3 3
71042 1 73 3 2
368967 1 73 2 3
351177 1 73 2 1
293130 1 73 2 1
25759 1 73 2 3
351692 1 73 1 1
70369 1 73 5 1
70370 1 73 5 1
71040 0 73 5 2
71041 0 73 5 2
71254 1 73 5 3
293132 0 73 5 1
293133 0 73 5 1
350254 0 73 5 3
350255 0 73 5 3
350258 0 73 5 3
350579 1 73 5 1
350580 1 73 5 1
351175 0 73 5 1
351179 0 73 5 1
351380 0 73 5 3
351696 0 73 5 1
368966 0 73 5 3
408937 0 73 5 3
408938 0 73 5 3
408941 0 73 5 3
70431 1 74 3 1
351383 1 74 2 1
70489 1 74 1 3
70428 0 74 5 1
70430 0 74 5 1
70432 0 74 5 1
351384 0 74 5 1
351385 0 74 5 1
69827 1 75 2 3
70647 1 75 1 3
69828 0 75 5 3
70643 0 75 5 3
70644 0 75 5 3
70645 0 75 5 3
70646 0 75 5 3
70648 0 75 5 3
355404 0 75 5 2
517921 1 76 3 3
361179 1 76 3 3
320073 1 76 3 3
408940 1 76 2 3
247936 1 76 2 3
350357 1 76 1 3
307138 1 76 1 3
247935 0 76 5 3
320071 0 76 5 3
408937 0 76 5 3
408939 0 76 5 3
517922 1 77 5 3
355406 1 78 3 2
351716 1 78 2 1
71299 1 78 2 0
70488 1 78 2 3
70478 1 78 2 2
351829 1 78 1 3
70368 1 78 1 1
70370 0 78 5 1
70476 0 78 5 2
71300 0 78 5 0
71301 0 78 5 0
351714 0 78 5 1
351718 0 78 5 1
351720 0 78 5 1
351827 0 78 5 3
355404 0 78 5 2
355405 0 78 5 2
350359 1 79 2 1
160137 1 79 2 3
70728 1 79 2 0
70729 0 79 5 0
70730 0 79 5 0
70731 0 79 5 0
350362 0 79 5 1
351734 1 80 3 0
350531 1 80 2 3
71060 1 80 2 4
69831 1 80 1 3
350528 0 80 5 3
351736 0 80 5 0
351737 0 80 5 0
238008 1 81 3 3
492957 1 81 2 3
351454 1 81 2 1
350935 1 81 2 3
350347 1 81 2 2
292571 0 81 5 2
350933 0 81 5 3
350936 0 81 5 3
351453 0 81 5 1
70479 1 82 2 3
292573 1 82 1 2
70477 0 82 5 3
70480 0 82 5 3
238009 1 82 5 3
291974 1 83 2 1
292030 1 83 1 4
291975 0 83 5 1
291977 0 83 5 1
351719 1 84 2 3
292574 1 84 2 2
292031 1 84 2 4
292030 0 84 5 4
292572 0 84 5 2
292575 0 84 5 2
351715 0 84 5 3
351718 0 84 5 3
351245 1 85 2 2
351244 0 85 5 2
461774 1 86 2 3
561161 1 86 1 3
461770 0 86 5 3
461771 0 86 5 3
461772 0 86 5 3
461773 0 86 5 3
561159 0 86 5 3
561160 0 86 5 3
355533 1 87 3 1
292033 0 87 5 3
355534 1 88 5 1
355535 1 89 3 3
159567 1 90 2 2
226686 1 91 2 3
354460 1 91 1 1
226685 0 91 5 3
354459 0 91 5 1
354462 0 91 5 1
355167 0 91 5 1
355168 0 91 5 1
355171 0 91 5 1
138659 1 94 2 3
138654 0 94 5 3
138656 0 94 5 3
138657 0 94 5 3
138658 0 94 5 3
355848 1 96 3 1
355600 1 96 3 1
355681 1 96 1 1
119496 1 96 1 3
355684 0 96 5 1
355849 0 96 5 1
355788 1 97 2 1
355602 1 97 5 1
355790 0 97 5 1
355791 0 97 6 1
355415 1 98 3 1
462668 1 99 2 2
355870 1 99 2 1
354595 1 99 1 1
354594 0 99 5 1
354596 0 99 5 1
356058 1 100 3 1
355873 1 100 3 3
355789 1 100 3 1
355490 1 100 2 1
194809 1 100 1 3
355492 0 100 5 1
355871 0 100 5 3
356061 0 100 5 1
354648 1 101 1 1
355788 1 101 5 1
355790 1 101 5 1
355413 1 102 4 0
354977 1 102 3 3
354868 1 102 3 1
353727 1 102 2 1
354344 1 102 1 3
353726 0 102 5 1
353728 0 102 5 1
353729 0 102 5 1
354343 0 102 5 3
354867 0 102 5 1
354870 0 102 5 1
355425 1 103 3 1
194811 1 103 3 4
355940 1 103 2 1
355351 1 103 2 1
355087 1 103 2 2
354769 1 103 2 1
194812 0 103 5 4
354768 0 103 5 1
354770 0 103 5 1
355350 0 103 5 1
355353 0 103 5 1
355414 1 103 5 0
355416 1 103 5 0
355417 1 103 5 0
355942 0 103 5 1
355944 0 103 5 1
511994 1 104 3 3
356234 1 104 3 1
354722 1 104 2 1
353582 1 104 2 1
354263 1 104 1 1
353583 0 104 5 1
354262 0 104 5 1
354724 0 104 5 1
356233 0 104 5 1
356235 0 104 5 1
356237 0 104 5 1
356238 0 104 5 1
511995 0 104 5 3
354265 1 105 4 3
355479 1 105 2 1
355480 0 105 5 1
355092 1 106 2 3
354262 1 106 5 3
354263 1 106 5 3
355090 0 106 5 3
355588 1 107 3 2
354447 1 107 3 1
254288 1 107 3 3
354417 1 107 2 1
138941 1 107 2 3
138938 0 107 5 3
138940 0 107 5 3
254286 0 107 5 3
254287 0 107 5 3
254289 0 107 5 3
354449 0 107 5 1
356081 1 108 3 1
354957 1 108 2 1
354539 1 108 2 4
349742 1 108 2 3
354416 1 108 5 1
354956 0 108 5 1
354959 0 108 5 1
356083 0 108 5 1
354419 0 109 7 1
355519 1 109 3 0
354002 1 109 3 3
356034 1 109 2 1
355171 1 109 2 3
354190 1 109 2 3
353964 1 109 2 1
356065 1 109 1 3
355822 1 109 1 0
353963 0 109 5 1
353965 0 109 5 1
353966 0 109 5 1
354189 0 109 5 3
355167 0 109 5 3
355168 0 109 5 3
355170 0 109 6 3
355521 0 109 5 0
355823 0 109 5 0
355824 0 109 5 0
356036 0 109 5 1
354960 1 110 2 3
354422 1 110 5 0
354423 1 110 5 0
354424 1 110 5 0
355715 1 111 3 1
354994 1 111 2 1
354989 1 111 2 1
353639 1 111 2 0
253663 1 111 2 2
353641 0 111 5 0
353643 0 111 5 0
354422 0 111 5 1
354990 0 111 5 1
354991 0 111 5 1
354995 0 111 5 1
453771 1 112 4 3
354852 1 112 3 1
354795 1 112 3 1
354100 1 112 3 4
355762 1 112 2 1
355704 1 112 2 1
355547 1 112 2 3
354329 1 112 2 1
354099 0 112 5 4
354328 0 112 8 1
354331 0 112 5 1
354853 0 112 5 1
354854 0 112 5 1
354855 0 112 5 1
355169 0 112 5 2
355171 0 112 5 2
355548 0 112 5 3
355703 0 112 5 1
355705 0 112 6 1
355713 1 112 5 1
355714 1 112 5 1
355717 1 112 5 1
426358 1 113 3 3
356035 1 113 2 2
354198 1 113 2 3
219591 1 113 2 3
354195 0 113 5 3
354196 0 113 5 3
354197 0 113 5 3
354794 1 113 5 1
354796 1 113 5 1
355764 1 113 5 1
356036 0 113 5 2
453767 1 113 5 3
453770 1 113 5 3
356007 1 114 4 1
353640 1 114 3 1
356082 1 114 2 3
354406 1 114 2 0
255924 1 114 2 1
96199 1 114 2 3
96200 0 114 5 3
219588 1 114 5 3
219589 1 114 5 3
219592 1 114 5 3
255925 0 114 5 1
255926 0 114 5 1
255928 0 114 5 1
354329 1 114 5 0
354407 0 114 5 0
354409 0 114 5 0
354410 0 114 5 0
356081 0 114 5 3
355605 1 115 3 1
354327 1 115 3 0
354147 1 115 3 1
245701 1 115 3 3
381822 1 115 2 3
59115 1 115 2 3
354950 1 115 1 1
354444 1 115 1 1
59114 0 115 5 3
353643 0 115 5 1
355706 0 115 5 2
355707 0 115 5 2
355958 0 115 5 1
356003 1 115 5 1
356005 1 115 5 1
356006 1 115 5 1
356008 1 115 5 1
355537 1 116 3 1
354995 1 116 2 3
355957 1 116 1 1
354328 1 116 5 0
354993 0 116 5 3
354994 0 116 5 3
355538 0 116 5 1
355540 0 116 5 1
355691 1 117 3 0
245078 1 117 3 3
512282 1 117 2 3
354408 1 117 2 1
354406 0 117 5 1
354407 0 117 5 1
354409 0 117 5 1
354410 0 117 5 1
355692 0 117 5 0
512279 0 117 5 3
512280 0 117 5 3
512283 0 117 5 3
14475 1 118 2 3
356036 1 118 1 3
245079 1 118 5 3
356035 0 118 5 3
356321 1 119 2 4
354804 1 119 2 2
356001 1 119 1 3
353641 0 119 5 3
353644 0 119 5 3
354805 0 119 5 2
354420 1 120 3 1
355693 1 120 2 2
354693 1 120 2 1
354209 1 120 2 1
277766 1 120 2 1
355501 1 120 1 1
277770 0 120 5 1
354692 0 120 5 1
354694 0 120 5 1
355500 0 120 5 1
356005 1 120 5 1
356006 1 120 5 1
356007 1 120 5 1
356008 1 120 5 1
356320 0 121 13 4
354393 1 121 3 1
354413 1 121 2 1
353662 1 121 2 1
338839 1 121 2 2
354416 1 121 1 1
353660 0 121 5 1
353661 0 121 5 1
353665 0 121 5 1
354419 1 121 5 1
354421 1 121 5 1
354423 1 121 5 1
354425 1 121 5 1
276478 1 122 3 1
245077 1 122 3 2
356268 1 122 2 4
276149 1 122 2 1
256410 1 122 2 2
355197 1 122 1 1
245075 0 122 5 2
245076 0 122 5 2
245079 0 122 5 2
276479 0 122 5 1
276481 0 122 5 1
354145 0 122 5 1
354395 1 122 5 1
355195 0 122 5 1
355196 0 122 5 1
356267 0 122 5 4
355011 1 123 4 1
356159 0 123 5 3
355020 1 123 3 3
59336 1 123 3 2
356161 1 123 2 3
355712 1 123 2 1
59335 0 123 5 2
59337 0 123 5 2
276148 1 123 5 1
276151 1 123 5 1
355713 0 123 5 1
355717 0 123 5 1
356158 0 123 5 1
356160 0 123 5 1
356160 0 123 5 3
277168 1 124 3 1
354208 1 124 2 0
276160 1 124 2 3
276158 0 124 5 3
276159 0 124 5 3
276161 0 124 5 3
277167 0 124 5 1
277170 0 124 5 1
354210 0 124 5 3
355010 1 124 5 1
355012 1 124 5 1
355013 1 124 5 1
102959 1 125 3 3
355460 1 125 2 1
355407 1 125 2 1
354211 1 125 1 3
102958 0 125 5 3
354209 1 125 5 0
355459 0 125 5 1
355462 0 125 5 1
355463 0 125 5 1
276733 1 126 3 1
277821 1 126 2 3
276736 0 126 5 1
277818 0 126 5 3
355458 0 126 5 1
355463 0 126 5 1
355464 0 126 5 1
354067 1 127 3 1
276610 1 127 3 1
354068 0 127 5 1
276609 1 128 5 1
276611 1 128 5 1
276738 1 129 3 1
276726 1 129 3 1
355019 1 129 2 3
277417 1 129 2 1
276739 0 129 5 1
276740 0 129 5 1
355016 0 129 5 3
355017 0 129 5 3
277108 1 130 2 1
276845 1 130 2 3
276737 1 130 2 1
276728 1 130 5 1
276729 1 130 5 1
276843 0 130 5 3
276844 0 130 5 3
277105 0 130 5 1
277106 0 130 5 1
277107 0 130 5 1
355018 1 131 3 1
276652 0 131 5 1
355017 0 131 5 1
355019 0 131 5 1
277613 1 132 3 1
353712 1 132 2 3
277927 0 132 6 1
276650 1 132 1 1
277928 0 132 5 1
277929 0 132 5 1
353710 0 132 5 3
353713 0 132 6 3
276914 1 133 3 1
356040 1 133 2 3
277926 1 133 2 1
356037 0 133 5 3
354479 1 134 3 1
277989 0 134 5 1
276818 1 134 3 2
375439 1 134 2 3
277987 1 134 2 1
276819 0 134 5 2
276821 0 134 5 2
276912 1 134 5 1
276915 1 134 5 1
276916 1 134 5 1
277990 0 134 5 1
277991 0 134 5 1
354477 0 134 5 1
354480 0 134 5 1
276256 1 135 2 1
276257 0 135 5 1
276258 0 135 5 1
276260 0 135 5 1
277951 1 136 4 1
356207 1 136 3 3
277532 1 136 2 4
276306 1 136 2 1
276908 0 136 5 1
276910 0 136 5 1
277533 0 136 5 4
353709 1 136 5 3
356205 0 136 5 3
356206 0 136 5 3
276253 1 137 3 1
353719 1 137 2 3
277988 1 137 2 1
355564 1 137 1 3
276255 0 137 5 1
277950 1 137 5 1
277952 1 137 5 1
277989 0 137 5 1
277991 0 137 5 1
353716 0 137 5 3
375799 1 138 2 3
277987 0 138 5 3
278001 1 139 3 1
277672 1 139 3 3
276319 1 139 3 3
376127 1 139 2 3
276259 1 139 2 1
276256 0 139 5 1
276258 0 139 5 1
276260 0 139 5 1
276316 0 139 5 3
276318 0 139 5 3
278003 0 139 5 1
278004 0 139 5 1
278005 0 139 5 1
277209 1 140 3 0
249838 1 140 2 3
375810 1 140 1 2
249836 0 140 5 3
277210 0 140 5 0
277211 0 140 5 0
277671 1 140 5 3
375811 0 140 5 2
277935 1 141 3 1
276655 1 141 3 1
355886 1 141 2 3
276905 1 141 2 4
276465 1 141 2 1
276466 0 141 5 1
276906 0 141 5 4
277934 0 141 5 1
277936 0 141 5 1
277863 1 142 3 1
277842 1 142 2 1
276386 0 142 5 3
276388 0 142 5 3
276654 1 142 5 1
276726 0 142 5 1
276729 0 142 5 1
277841 0 142 5 1
277844 0 142 5 1
276454 1 143 3 1
276444 1 143 3 4
203211 1 143 3 1
319723 1 144 3 3
276693 1 144 3 1
278006 1 144 2 3
276835 1 144 2 4
203212 1 144 5 1
203213 1 144 5 1
276692 0 144 5 1
276953 0 144 5 1
278001 0 144 5 3
278002 0 144 5 3
278003 0 144 5 3
278004 0 144 5 3
278005 0 144 5 3
319722 0 144 5 3
375809 1 145 2 2
277858 1 145 2 3
276545 1 145 2 1
276899 1 145 1 3
276544 0 145 5 1
276546 0 145 5 1
277857 0 145 5 3
375812 0 145 5 2
277362 1 146 2 1
277140 1 146 2 3
277360 0 146 5 1
277361 0 146 5 1
271955 0 147 7 3
277611 1 147 2 3
276789 1 147 2 1
276305 1 147 2 1
276306 0 147 5 1
276307 0 147 5 1
277142 1 148 3 0
277468 1 148 1 1
277138 0 148 5 1
277139 0 148 5 3
277140 0 148 5 3
278029 1 149 3 1
277607 1 149 3 1
276872 1 149 3 3
276240 1 149 3 1
277137 1 149 2 1
277057 1 149 2 1
277056 0 149 5 1
277058 0 149 5 1
277059 0 149 5 1
277143 1 149 5 0
277144 1 149 5 0
278030 0 149 5 1
278031 0 149 5 1
278032 0 149 5 1
277085 1 150 4 1
276311 1 150 3 1
277767 1 150 2 1
276515 1 150 2 2
276455 1 150 2 1
203212 1 150 2 1
276241 1 150 5 1
276243 1 150 5 1
276312 0 150 5 1
276514 0 150 5 2
277608 1 150 5 1
277609 1 150 5 1
277610 1 150 5 1
277768 0 150 5 1
277769 0 150 5 1
277166 1 151 3 3
12554 1 151 2 3
12551 0 151 5 3
203211 1 151 5 1
276497 0 151 5 3
276499 0 151 5 3
276500 0 151 5 3
277084 1 151 5 1
277162 0 151 5 3
277163 0 151 5 3
277164 0 151 5 3
277868 1 152 3 3
276502 1 152 1 3
277458 1 153 3 1
276369 1 153 3 1
276965 1 153 2 2
276964 0 153 5 2
276966 0 153 5 2
277457 0 153 5 1
277460 0 153 5 1
277867 1 153 5 3
277869 1 153 5 3
276025 1 154 3 3
277866 1 154 2 0
266985 1 154 1 2
11334 0 154 5 3
266983 0 154 5 2
277608 0 154 5 3
277867 0 154 5 0
277869 0 154 5 0
277431 1 155 4 1
277028 1 155 2 3
277013 1 155 2 1
277012 0 155 5 1
277014 0 155 5 1
277786 1 156 3 1
277852 1 156 2 1
276748 1 156 2 4
276381 1 156 2 1
276228 1 156 1 4
277432 1 156 5 1
277433 1 156 5 1
277787 0 156 5 1
277788 0 156 5 1
521601 1 157 3 3
276498 1 157 2 1
276509 1 157 1 1
11113 1 158 3 3
277750 1 158 2 1
277163 1 158 1 1
277165 0 158 5 1
277751 0 158 5 1
11331 1 159 3 1
424424 1 159 2 2
277384 1 159 2 1
277385 0 159 5 1
277386 0 159 5 1
277387 0 159 5 1
277388 0 159 5 1
277336 1 160 2 1
11332 1 160 5 1
11333 1 160 5 1
11334 1 160 5 1
276497 0 160 5 0
276499 0 160 5 0
276500 0 160 5 0
276501 0 160 5 0
277338 0 160 5 1
462580 1 161 3 3
49191 1 161 3 4
276418 1 162 3 1
78011 1 162 3 3
277423 1 162 1 1
78010 0 162 5 3
277424 0 162 5 1
277785 0 162 5 3
277788 0 162 5 3
425506 1 163 1 3
276417 1 163 5 1
276420 1 163 5 1
277467 1 165 3 3
277106 1 165 3 1
425504 1 165 2 3
510120 1 165 1 2
425502 0 165 5 3
276421 1 166 2 3
277105 1 166 5 1
277110 1 166 5 1
496890 1 167 3 2
64278 1 167 3 3
276433 1 167 1 1
64276 0 167 5 3
64277 0 167 5 3
276434 0 167 5 1
496889 0 167 5 2
496891 0 167 5 2
496892 0 167 5 2
242247 1 168 2 3
242244 0 168 5 3
242246 0 168 5 3
276666 1 173 3 3
276663 0 173 5 3
276664 0 173 5 3
276665 0 173 5 3
277595 1 176 4 1
277596 1 177 5 1
277597 1 177 5 1
276873 1 184 3 0
276806 1 184 2 3
277596 1 185 3 1
276874 1 185 5 0
277593 1 186 5 1
277598 1 186 5 1
276163 1 192 3 2
276164 0 192 5 2
276169 1 195 2 3
276165 0 195 5 3
276167 0 195 5 3
227268 1 199 2 3
227267 1 200 4 1
227269 1 201 5 1
277016 1 203 2 2
277019 0 203 5 2
277019 1 211 0 3
277017 0 210 5 3
