376202 2 1 2 1
451137 2 1 1 0
252671 3 2 3 0
114826 4 3 0 0
189712 4 3 4 0
222932 4 2 1 0
387689 4 3 4 0
459233 4 3 4 1
49186 5 4 3 0
223274 5 4 1 0
210361 6 2 3 0
439270 6 3 3 0
114053 7 3 0 0
223493 7 3 1 0
201031 8 3 3 1
431279 8 3 3 0
115025 10 3 4 1
222644 11 4 1 0
201030 12 3 3 0
222152 12 4 3 0
3435 14 2 3 0
114070 14 3 1 0
479742 14 3 1 0
222151 15 3 3 0
221513 18 2 1 0
221514 18 3 1 1
222678 18 2 3 0
223583 18 3 1 0
221669 19 2 1 0
222959 19 3 1 0
157217 20 2 3 0
221730 20 2 1 0
222010 20 2 1 0
223393 20 3 1 0
115061 21 3 3 0
222596 21 2 3 0
223032 21 4 3 0
44655 22 2 3 0
222420 22 1 1 0
222629 22 2 3 0
222646 22 2 1 0
222960 22 2 1 0
221689 23 3 3 0
222078 23 3 1 0
222392 23 3 3 0
222444 23 3 1 0
222737 23 2 1 0
223088 24 3 0 0
223021 25 3 1 0
223504 25 4 1 0
136422 26 3 3 0
222011 26 3 1 0
222093 26 2 0 0
222597 26 3 1 0
223312 26 1 1 0
137139 27 2 4 1
221699 27 2 0 0
222595 27 2 3 0
222741 27 4 4 0
333002 27 3 4 0
350387 27 3 3 0
136417 28 3 4 0
391778 29 3 3 0
136751 31 2 1 0
137909 31 2 4 1
221599 31 4 4 0
222836 31 1 1 0
222774 32 2 0 0
223501 32 3 3 0
221808 33 2 1 0
223499 33 2 1 0
222593 34 3 1 0
137789 36 2 3 0
222833 36 3 1 0
136752 37 4 1 0
222777 37 4 3 0
136749 38 2 3 0
222850 38 4 1 0
222867 38 3 1 0
222834 39 5 1 0
222804 40 3 3 0
185577 41 2 2 0
222748 41 2 1 0
146880 42 2 2 0
221861 42 2 1 0
222122 42 3 1 0
221763 43 3 1 0
222808 43 3 1 0
222869 43 3 3 0
221778 44 2 1 0
351708 44 3 3 0
222747 45 2 1 0
222517 46 3 3 0
223120 46 3 1 0
302538 46 3 3 0
351214 46 3 1 0
223122 48 3 3 0
351686 48 3 1 0
350324 49 3 1 0
350575 49 4 1 0
351192 49 2 1 0
351215 49 2 2 0
351216 49 2 2 1
350579 50 3 3 0
351125 50 3 1 0
351669 50 3 1 0
528690 50 3 2 0
350279 51 4 1 0
350982 52 1 1 0
351668 52 2 1 0
351268 53 4 1 0
351588 53 2 1 0
152962 54 3 2 0
350801 54 4 1 0
413147 54 2 3 0
62233 55 2 3 0
350471 55 2 1 0
350472 55 3 1 0
351129 55 1 1 0
351790 55 4 3 0
471419 55 3 2 0
221740 56 2 1 1
350778 56 3 1 0
350803 56 2 3 0
351087 56 3 1 0
351587 56 3 1 0
74828 57 3 2 0
134083 57 2 3 0
221742 57 2 1 0
350339 57 2 1 0
350474 57 3 3 0
351045 57 3 1 0
351127 57 4 3 0
351469 57 2 1 0
350804 58 3 3 0
351133 58 2 3 0
350207 59 3 1 0
350331 59 2 1 0
351176 59 2 1 1
351801 59 2 2 0
522372 59 2 3 0
62234 60 4 3 0
70641 60 4 3 0
351512 60 3 4 0
351595 60 4 1 0
352954 60 1 3 0
70109 61 3 3 0
350342 61 2 3 0
350571 61 2 0 0
351092 61 3 1 0
351634 61 3 0 0
368852 61 2 3 0
350702 62 2 1 0
70639 63 3 1 0
221745 63 2 3 0
350272 63 4 1 0
350768 63 2 1 0
350769 63 4 1 0
350901 63 1 2 0
351432 63 3 1 0
351802 63 4 3 1
70658 64 4 3 0
329332 64 3 3 0
350255 64 3 1 0
350853 64 3 1 0
351035 64 1 1 0
351256 64 2 1 0
351436 64 2 3 0
351446 64 2 3 0
424702 64 2 1 0
70640 65 3 1 0
70646 65 2 1 0
350247 65 4 1 0
350432 65 3 3 0
408695 65 3 2 0
70638 66 4 1 0
350773 66 4 1 0
351184 66 4 1 0
351415 66 4 1 0
350161 67 3 1 0
350427 67 4 0 1
350770 67 3 3 0
350855 67 2 3 1
351434 67 3 1 0
351438 67 3 1 0
351821 67 4 1 0
351852 67 2 1 0
70087 68 4 1 0
70429 68 2 1 0
351201 68 3 1 0
351799 68 4 1 0
70424 69 3 1 0
70578 69 3 1 0
293124 69 3 3 0
350560 69 2 1 0
351063 69 4 1 0
351159 69 3 1 0
351487 69 3 3 0
70871 70 2 1 0
71023 70 2 1 0
71262 70 3 3 1
71345 70 2 1 0
350539 70 3 1 0
350646 70 3 1 0
350649 70 1 3 0
350813 70 3 1 0
351409 70 2 1 0
351819 70 2 0 0
351822 70 3 1 1
70154 71 3 1 0
70428 71 2 1 0
70645 71 3 1 0
70683 71 4 4 1
70723 71 2 4 0
351135 71 2 1 1
351780 71 4 3 0
351824 71 3 3 0
70367 72 3 1 0
70422 72 4 1 0
70526 72 3 1 0
71347 72 2 3 0
350464 72 2 1 0
350578 72 2 1 0
351378 72 4 1 0
533081 72 3 3 0
25759 73 3 3 0
71042 73 2 2 0
293130 73 3 1 0
350257 73 2 3 1
351012 73 1 1 0
351177 73 3 1 0
351381 73 2 3 0
351692 73 4 1 0
368967 73 3 3 0
408939 73 2 3 1
70431 74 2 1 0
70489 74 4 3 1
351383 74 3 1 0
69827 75 3 3 0
70647 75 4 3 1
247936 76 3 3 0
307138 76 4 3 0
320073 76 2 3 0
350357 76 4 3 0
361179 76 2 3 1
408940 76 3 3 0
517921 76 2 3 0
70368 78 4 1 0
70478 78 3 2 0
70488 78 3 3 0
71299 78 3 0 0
351716 78 3 1 0
351829 78 4 3 1
355406 78 2 2 0
70728 79 3 0 0
160137 79 3 3 0
350359 79 3 1 0
69831 80 4 3 0
71060 80 3 4 0
350531 80 3 3 0
351734 80 2 0 0
238008 81 2 3 0
350347 81 3 2 0
350935 81 3 3 0
351454 81 3 1 0
492957 81 3 3 0
70479 82 3 3 0
292573 82 4 2 1
291974 83 3 1 0
292030 83 4 4 1
292031 84 3 4 1
292574 84 3 2 0
351719 84 3 3 0
351245 85 3 2 1
461774 86 3 3 0
561161 86 4 3 0
355533 87 2 1 0
355535 89 2 3 1
159567 90 3 2 0
226686 91 3 3 0
354460 91 4 1 0
138659 94 3 3 0
119496 96 4 3 0
355600 96 2 1 0
355681 96 4 1 0
355848 96 2 1 0
355788 97 3 1 0
355415 98 2 1 0
354595 99 4 1 0
355870 99 3 1 0
462668 99 3 2 0
194809 100 4 3 0
355490 100 3 1 0
355789 100 2 1 0
355791 100 3 3 0
355873 100 2 3 0
356058 100 2 1 0
354648 101 4 1 0
353727 102 3 1 0
354344 102 4 3 0
354868 102 2 1 0
354977 102 2 3 0
355413 102 1 0 0
194811 103 2 4 1
354769 103 3 1 0
355087 103 3 2 0
355351 103 3 1 0
355425 103 2 1 0
355940 103 3 1 0
353582 104 3 1 0
354263 104 4 1 0
354722 104 3 1 0
356234 104 2 1 0
511994 104 2 3 0
354265 105 1 3 0
355479 105 3 1 0
355092 106 3 3 0
138941 107 3 3 0
254288 107 2 3 0
354417 107 3 1 0
354447 107 2 1 0
355588 107 2 2 0
349742 108 3 3 0
354539 108 3 4 0
354957 108 3 1 0
356081 108 2 1 0
353964 109 3 1 0
354002 109 2 3 0
354190 109 3 3 0
354419 109 1 0 0
355171 109 3 3 0
355519 109 2 0 0
355822 109 4 0 0
356034 109 3 1 0
356065 109 4 3 0
354960 110 3 3 0
253663 111 3 2 0
353639 111 3 0 0
354989 111 3 1 0
354994 111 3 1 0
355715 111 2 1 0
354100 112 2 4 0
354329 112 3 1 0
354795 112 2 1 0
354852 112 2 1 0
355170 112 2 2 0
355547 112 3 3 0
355704 112 3 1 0
355762 112 3 1 0
453771 112 1 3 0
219591 113 3 3 0
354198 113 3 3 0
354328 113 1 0 0
356035 113 3 2 0
426358 113 2 3 0
96199 114 3 3 0
255924 114 3 1 0
353640 114 2 1 0
354406 114 3 0 0
356007 114 1 1 0
356082 114 3 3 0
59115 115 3 3 0
245701 115 2 3 0
353641 115 4 1 0
354147 115 2 1 0
354327 115 2 0 0
354444 115 4 1 0
354950 115 4 1 0
355605 115 2 1 0
355705 115 3 2 0
381822 115 3 3 0
354995 116 3 3 0
355537 116 2 1 0
355957 116 4 1 0
245078 117 2 3 0
354408 117 3 1 0
355691 117 2 0 0
512282 117 3 3 0
14475 118 3 3 0
356036 118 4 3 1
353643 119 2 3 0
354804 119 3 2 0
356001 119 4 3 0
356003 119 3 1 0
356321 119 3 4 1
277766 120 3 1 0
354209 120 3 1 0
354420 120 2 1 0
354693 120 3 1 0
355501 120 4 1 0
355693 120 3 2 0
338839 121 3 2 1
353662 121 3 1 0
354393 121 2 1 0
354413 121 3 1 1
354416 121 4 1 0
245077 122 2 2 0
256410 122 3 2 0
276149 122 3 1 0
276478 122 2 1 0
355197 122 4 1 1
356268 122 3 4 1
59336 123 2 2 0
355011 123 1 1 0
355020 123 2 3 1
355712 123 3 1 0
356159 123 2 1 0
356161 123 3 3 0
276160 124 3 3 0
277168 124 2 1 0
354208 124 3 0 0
102959 125 2 3 0
354211 125 4 3 0
355407 125 3 1 0
355460 125 3 1 0
276733 126 2 1 0
277821 126 3 3 0
276610 127 2 1 0
354067 127 2 1 0
355462 127 4 1 0
276726 129 2 1 0
276738 129 2 1 0
277417 129 3 1 0
355019 129 3 3 0
276737 130 3 1 0
276845 130 3 3 0
277108 130 3 1 1
355018 131 2 1 0
276650 132 4 1 0
277613 132 2 1 0
277927 132 3 1 0
353712 132 3 3 0
276914 133 2 1 0
277926 133 3 1 0
356040 133 3 3 0
276818 134 2 2 0
277987 134 3 1 0
277989 134 2 1 0
354479 134 2 1 0
375439 134 3 3 0
276256 135 3 1 0
353713 135 2 3 0
276306 136 3 1 0
277532 136 3 4 0
277951 136 1 1 0
356207 136 2 3 0
276253 137 2 1 0
277988 137 3 1 0
353719 137 3 3 0
355564 137 4 3 0
277991 138 4 3 0
375799 138 3 3 1
276259 139 3 1 0
276319 139 2 3 0
277672 139 2 3 1
278001 139 2 1 0
376127 139 3 3 0
249838 140 3 3 1
277209 140 2 0 0
375810 140 4 2 0
276465 141 3 1 0
276655 141 2 1 0
276905 141 3 4 1
277935 141 2 1 0
355886 141 3 3 0
277842 142 3 1 0
277863 142 2 1 0
203211 143 2 1 0
276444 143 2 4 0
276454 143 2 1 1
276693 144 2 1 0
276835 144 3 4 0
278006 144 3 3 1
319723 144 2 3 0
276545 145 3 1 0
276899 145 4 3 0
277858 145 3 3 0
375809 145 3 2 0
277140 146 3 3 1
277362 146 3 1 0
271955 147 2 2 0
276305 147 3 1 0
276789 147 3 1 0
277611 147 3 3 0
277142 148 2 0 1
277468 148 4 1 0
276240 149 2 1 0
276872 149 2 3 0
277057 149 3 1 0
277137 149 3 1 0
277607 149 2 1 0
278029 149 2 1 0
203212 150 3 1 0
276311 150 2 1 0
276455 150 3 1 0
276515 150 3 2 0
277085 150 1 1 0
277767 150 3 1 0
12554 151 3 3 0
277166 151 2 3 0
276502 152 4 3 0
277868 152 2 3 0
276369 153 2 1 0
276965 153 3 2 0
277458 153 2 1 0
266985 154 4 2 0
276025 154 2 3 0
277610 154 2 3 0
277866 154 3 0 0
277013 155 3 1 0
277028 155 3 3 0
277431 155 1 1 0
276228 156 4 4 0
276381 156 3 1 0
276748 156 3 4 0
277786 156 2 1 0
277852 156 3 1 0
276498 157 3 1 0
276509 157 4 1 0
521601 157 2 3 0
11113 158 2 3 0
277163 158 4 1 0
277750 158 3 1 0
11331 159 2 1 0
277384 159 3 1 0
424424 159 3 2 0
277336 160 3 1 0
49191 161 2 4 1
462580 161 2 3 0
78011 162 2 3 0
276418 162 2 1 0
277423 162 4 1 0
425506 163 4 3 0
277106 165 2 1 0
277467 165 2 3 0
425504 165 3 3 0
510120 165 4 2 1
276421 166 3 3 0
64278 167 2 3 0
276433 167 4 1 0
496890 167 2 2 1
242247 168 3 3 0
276666 173 2 3 0
277595 176 1 1 0
276806 184 3 3 0
276873 184 2 0 0
277596 185 2 1 0
276163 192 2 2 1
276169 195 3 3 0
227268 199 3 3 0
227267 200 1 1 0
277016 203 3 2 0
277019 211 5 3 0
