243138 0 3 3 3
243139 0 3 3 3
344762 0 3 3 3
244406 0 4 3 1
291619 0 4 3 1
291621 0 4 3 1
334391 0 4 3 2
538176 0 5 3 2
35009 0 6 3 1
244263 0 6 3 3
291615 0 6 3 4
291616 0 6 3 4
292524 0 6 3 1
292528 0 6 3 1
292530 0 6 3 1
300200 0 6 3 2
548892 0 8 3 3
300199 0 9 3 0
300200 0 9 3 0
116542 1 10 3 3
34140 0 11 3 1
291680 0 11 3 1
290797 1 12 3 1
34336 0 13 3 3
140838 0 14 3 3
34334 0 15 3 3
34335 0 15 3 3
117983 0 15 3 3
497164 0 15 3 3
497166 0 15 3 3
116124 0 16 3 3
117584 0 17 3 1
291678 0 17 3 1
291682 0 17 3 1
292408 0 17 3 1
35282 0 18 3 3
35286 0 18 3 3
140839 0 18 3 1
140840 0 18 3 1
292302 0 18 3 1
32588 0 19 3 3
32590 0 19 3 3
115843 0 19 3 1
498359 0 19 3 3
116691 0 21 3 1
291678 0 21 3 3
35288 0 22 3 3
117580 0 22 3 3
117585 0 22 3 3
292748 0 22 3 1
460436 0 22 3 3
271829 0 24 3 2
291914 0 24 3 3
116267 1 26 3 1
293014 0 27 3 3
290371 0 28 3 1
290372 0 28 3 1
290374 0 28 3 1
290377 0 28 3 1
549925 0 28 3 3
35892 0 29 3 2
117464 0 30 3 1
117465 0 30 3 1
460424 1 30 3 3
460425 1 30 3 3
460427 1 30 3 3
290375 0 31 3 1
290376 0 31 3 1
292126 0 31 3 1
292936 0 31 3 3
52681 0 32 3 3
291053 0 32 3 3
549923 0 32 3 4
292125 0 33 3 0
292127 0 33 3 0
292345 0 33 3 1
460424 1 33 3 3
460426 1 33 3 3
460427 1 33 3 3
19033 0 34 3 4
290975 0 35 3 3
293009 0 35 3 0
290707 1 36 3 0
290708 1 36 3 0
292295 0 36 3 1
293016 0 38 3 1
292780 0 39 3 1
291048 0 40 3 1
291055 0 40 3 1
291241 0 40 3 3
291242 0 40 3 3
291244 0 40 3 3
4110 0 41 3 1
4111 0 41 3 1
4698 0 42 3 1
4701 0 42 3 1
291293 1 42 3 2
291296 1 42 3 2
292780 0 42 3 0
4111 0 43 3 3
4114 0 43 3 3
4488 0 43 3 1
291834 0 43 3 1
292836 0 43 3 3
292378 1 44 3 1
292417 1 44 3 1
292421 1 44 3 1
292832 1 44 3 1
194298 1 45 3 2
291392 0 45 3 1
291986 0 45 3 1
291990 0 45 3 1
292379 1 45 3 1
290480 0 46 3 1
291986 0 46 3 3
291987 0 46 3 3
293206 1 46 3 1
355347 0 46 3 3
360770 0 46 3 3
3898 0 47 3 3
3901 0 47 3 3
4236 0 47 3 3
4237 0 47 3 3
4239 0 47 3 3
291320 0 47 3 1
291322 0 47 3 1
291323 0 47 3 1
5165 1 49 3 2
61377 1 49 3 1
292417 0 49 3 1
5118 0 50 3 1
5121 0 50 3 1
5122 0 50 3 1
448830 0 50 3 3
4734 0 51 3 0
5163 0 51 3 3
61553 0 51 3 3
61558 0 51 3 3
62199 0 51 3 4
62289 0 51 3 3
62691 0 51 3 3
291757 1 51 3 1
291758 1 51 3 1
291945 0 51 3 3
291946 0 51 3 3
4500 1 52 3 1
61246 1 52 3 1
61559 0 52 3 3
291323 0 52 3 3
292208 0 52 3 3
292209 0 52 3 3
292210 0 52 3 3
292859 0 52 3 1
362134 0 52 3 4
5060 1 53 3 3
291204 0 53 3 1
291615 0 53 3 3
291617 0 53 3 3
292420 0 53 3 3
292421 0 53 3 3
292633 0 53 3 3
292870 0 53 3 1
347521 1 53 3 3
360769 1 53 3 1
360771 0 53 3 4
360772 0 53 3 4
360773 0 53 3 4
4197 0 54 3 1
292358 0 54 3 1
292361 0 54 3 1
293117 0 54 3 2
290892 0 55 3 1
291202 1 55 3 0
291204 1 55 3 0
346702 0 55 3 4
4194 0 56 3 3
4195 0 56 3 3
4196 0 56 3 3
4197 0 56 3 3
4199 0 56 3 3
61245 0 56 3 1
62053 1 56 3 1
62054 1 56 3 1
62058 1 56 3 1
291012 0 56 3 1
374380 0 56 3 2
61790 0 57 3 1
290675 0 57 3 3
290676 0 57 3 3
291082 1 57 3 3
291202 0 57 3 0
291203 0 57 3 0
328882 0 57 3 3
328883 0 57 3 3
328885 0 57 3 3
403496 0 57 3 2
403498 0 57 3 2
4197 0 58 3 1
20417 1 58 3 3
290508 0 58 3 4
291012 0 58 3 1
292627 0 58 3 2
292629 0 58 3 2
292631 0 58 3 2
292733 0 58 3 1
292736 0 58 3 1
292857 0 58 3 3
292858 0 58 3 3
347523 1 58 3 3
361647 1 58 3 1
361649 1 58 3 1
290890 0 59 3 1
290891 0 59 3 1
290892 0 59 3 1
290893 0 59 3 1
293216 0 59 3 1
305630 0 59 3 3
4156 0 60 3 0
5179 0 60 3 1
5181 0 60 3 1
5179 1 60 3 3
21841 0 60 3 3
62066 0 60 3 3
62068 0 60 3 3
237289 0 60 3 3
360705 0 60 3 2
4666 0 61 3 1
238254 0 61 3 3
290693 0 61 3 1
291001 0 61 3 2
292110 0 61 3 1
300043 0 61 3 4
5031 1 62 3 1
290608 0 62 3 1
290609 0 62 3 1
292528 0 62 3 1
292529 0 62 3 1
293113 0 62 3 1
340370 0 62 3 2
340371 0 62 3 2
451389 0 62 3 2
4155 0 63 3 1
4758 0 63 3 1
4759 0 63 3 1
4760 0 63 3 1
255486 0 63 3 2
291565 1 63 3 0
291566 1 63 3 0
291567 1 63 3 0
292621 0 63 3 3
361649 0 63 3 1
361650 0 63 3 1
5173 0 64 3 1
61024 0 64 3 3
300251 0 64 3 1
62067 0 65 3 3
62069 0 65 3 3
291088 0 65 3 1
291091 0 65 3 1
300919 0 65 3 1
300920 0 65 3 1
85711 1 66 3 3
290595 0 66 3 3
290597 0 66 3 3
292456 1 66 3 1
300443 0 66 3 1
300480 0 66 3 1
346228 0 66 3 3
346229 0 66 3 3
492311 0 66 3 3
4107 0 67 3 2
62795 0 67 3 1
62798 0 67 3 1
62799 0 67 3 1
290585 0 67 3 3
292529 1 67 3 1
292962 0 67 3 4
62627 0 68 3 1
62630 0 68 3 1
291864 1 68 3 1
291867 1 68 3 1
292591 0 68 3 1
292621 0 68 3 1
292676 0 68 3 3
481433 0 68 3 3
63010 1 69 3 1
63013 1 69 3 1
63014 0 69 3 1
290351 0 69 3 1
290352 0 69 3 1
291626 0 69 3 1
291628 0 69 3 1
291630 0 69 3 1
300481 0 69 3 1
300484 0 69 3 1
4756 1 70 3 1
5166 0 70 3 3
5167 0 70 3 3
290360 0 70 3 1
292963 1 70 3 4
375757 0 70 3 1
376311 0 70 3 1
376312 0 70 3 1
492310 0 70 3 0
492312 0 70 3 0
5010 0 71 3 1
61578 0 71 3 1
61580 0 71 3 1
62284 0 71 3 1
62806 0 71 3 3
290415 0 71 3 3
292278 0 71 3 3
292279 0 71 3 3
316335 1 71 3 3
316336 1 71 3 3
442952 0 71 3 3
4109 0 72 3 2
5065 1 72 3 3
5460 0 72 3 3
62580 0 72 3 1
62582 0 72 3 1
291627 1 72 3 1
292160 1 72 3 1
360358 0 72 3 3
360361 0 72 3 3
360581 0 72 3 0
360583 0 72 3 0
4276 1 73 3 4
4752 0 73 3 1
8081 0 73 3 3
48393 0 73 3 3
48394 0 73 3 3
178246 0 73 3 3
291476 1 73 3 3
291645 1 73 3 1
291647 1 73 3 1
292737 0 73 3 3
5009 0 74 3 3
63139 0 74 3 1
63140 0 74 3 1
291153 0 74 3 1
291942 0 74 3 1
291944 0 74 3 1
360581 0 74 3 1
360582 0 74 3 1
360584 0 74 3 1
62492 1 75 3 1
62495 1 75 3 1
62859 0 75 3 1
62861 0 75 3 1
63138 0 75 3 3
290351 0 75 3 3
290700 0 75 3 1
381276 0 75 3 3
491767 0 75 3 1
491770 0 75 3 1
48392 1 76 3 1
48394 1 76 3 1
48395 1 76 3 1
48396 1 76 3 1
59884 1 76 3 3
62860 0 76 3 1
452463 0 76 3 3
4436 0 77 3 1
291064 0 77 3 2
291068 0 77 3 2
291063 0 77 3 2
291065 0 77 3 2
291067 0 77 3 2
292169 1 77 3 1
292174 1 77 3 1
376309 0 77 3 3
61628 0 78 3 3
62152 0 78 3 1
62153 0 78 3 1
63058 0 78 3 1
63138 0 78 3 1
291943 0 78 3 3
62306 1 79 3 1
62310 1 79 3 1
62490 0 79 3 3
62493 0 79 3 3
292302 0 79 3 1
300123 0 79 3 3
361472 0 79 3 1
500533 0 79 3 2
3807 0 80 3 1
103866 0 80 3 3
103868 0 80 3 3
132241 0 80 3 2
293002 0 80 3 3
4944 0 81 3 1
4951 0 81 3 1
4953 0 81 3 1
61616 0 81 3 3
61617 0 81 3 3
292304 0 81 3 0
292306 0 81 3 0
375156 0 81 3 3
3894 0 82 3 1
3897 0 82 3 1
4532 0 82 3 1
4945 0 82 3 3
4946 0 82 3 3
62644 1 82 3 1
96668 0 82 3 3
292299 0 82 3 3
360140 0 82 3 0
360143 0 82 3 0
376274 0 82 3 1
376886 0 82 3 2
3786 1 83 3 1
4576 1 83 3 1
132238 0 83 3 3
132242 0 83 3 3
132476 0 83 3 3
348107 0 83 3 2
488167 0 83 3 1
4440 0 85 3 1
4528 0 85 3 1
4529 0 85 3 1
5217 0 85 3 1
5219 0 85 3 1
61573 0 85 3 3
61574 0 85 3 3
62253 1 85 3 4
96668 0 85 3 1
96669 0 85 3 1
264645 0 85 3 3
264646 0 85 3 3
488169 1 85 3 1
499787 1 85 3 1
499788 1 85 3 1
499790 1 85 3 1
4532 0 86 3 3
4531 0 86 3 3
4533 0 86 3 3
31629 0 86 3 2
31630 0 86 3 2
5195 0 87 3 4
61794 0 87 3 1
97887 0 87 3 3
97890 0 87 3 3
5447 0 88 3 3
210553 0 88 3 2
376272 0 88 3 3
376274 0 88 3 3
4859 0 89 3 1
61949 0 89 3 3
62642 0 89 3 2
62643 0 89 3 2
114569 0 89 3 3
360140 1 89 3 3
360141 1 89 3 3
5219 0 90 3 1
3803 0 91 3 3
61357 0 91 3 4
277426 0 92 3 3
98413 0 93 3 1
339869 0 93 3 3
339870 0 93 3 3
102932 1 94 3 3
4204 0 95 3 0
31632 0 95 3 0
4204 1 96 3 1
4993 0 96 3 1
4995 0 96 3 1
176007 1 96 3 2
176009 1 96 3 2
4991 0 97 3 3
4993 0 97 3 3
61469 0 97 3 1
98458 0 97 3 0
98461 0 97 3 0
26070 0 98 3 2
61159 0 98 3 1
61161 0 98 3 1
98310 1 98 3 1
98314 1 98 3 1
4011 1 99 3 0
4260 1 100 3 0
4261 1 100 3 0
4262 1 100 3 0
332917 0 100 3 1
4993 0 101 3 1
4995 0 101 3 1
4010 0 102 3 0
4011 0 102 3 0
98461 0 102 3 2
375478 0 102 3 4
63052 1 103 3 1
332912 0 103 3 1
382681 0 103 3 3
382682 0 103 3 3
3731 0 104 3 1
73328 0 105 3 3
73330 0 105 3 3
331987 0 106 3 1
332119 0 106 3 1
332121 0 106 3 1
4809 0 108 3 3
73323 0 108 3 4
331976 0 108 3 1
331978 0 108 3 1
4274 0 109 3 1
4020 1 111 3 1
59430 0 111 3 2
5396 0 113 3 3
4540 0 116 3 0
4541 0 116 3 0
4077 1 117 3 1
4082 1 117 3 1
332003 0 118 3 1
5085 0 120 3 1
376902 1 342 3 4
