109952 1 2 4 1
414589 1 3 3 3
344763 1 3 3 3
243140 1 3 3 3
243138 0 3 3 3
243139 0 3 3 3
344762 0 3 3 3
300201 1 4 3 2
334392 1 4 2 2
322788 1 4 2 3
291620 1 4 2 1
244403 1 4 2 1
244406 0 4 3 1
291619 0 4 3 1
291621 0 4 3 1
334391 0 4 3 2
116756 1 5 3 3
538175 1 5 1 2
460981 1 5 1 1
538176 0 5 3 2
300199 1 6 3 2
244265 1 6 3 3
322794 1 6 2 3
291618 1 6 2 4
243139 1 6 2 3
35008 1 6 2 1
292527 1 6 1 1
35009 0 6 3 1
244263 0 6 3 3
291615 0 6 3 4
291616 0 6 3 4
292524 0 6 3 1
292528 0 6 3 1
292530 0 6 3 1
300200 0 6 3 2
244404 1 7 1 1
116881 1 7 1 1
321534 1 8 4 4
35011 1 8 3 3
34334 1 8 3 1
548893 1 8 2 3
548892 0 8 3 3
300197 1 9 3 0
116543 1 9 3 3
115940 1 9 3 3
300199 0 9 3 0
300200 0 9 3 0
262390 1 10 2 3
116542 1 10 3 3
291679 1 11 3 1
290795 1 11 3 1
34138 1 11 3 1
445804 1 11 2 3
34140 0 11 3 1
291680 0 11 3 1
116539 1 12 3 1
115966 1 12 2 3
32126 1 12 2 2
115767 1 12 1 3
290797 1 12 3 1
34338 1 13 2 3
34336 0 13 3 3
290383 1 14 2 3
140839 1 14 2 3
234248 1 14 1 3
140838 0 14 3 3
497165 1 15 2 3
33709 1 15 2 4
117984 1 15 1 3
34337 1 15 1 3
34334 0 15 3 3
34335 0 15 3 3
117983 0 15 3 3
497164 0 15 3 3
497166 0 15 3 3
34647 1 16 4 1
116123 1 16 2 3
116124 0 16 3 3
292406 1 17 3 1
117581 1 17 2 1
291681 1 17 1 1
117584 0 17 3 1
291678 0 17 3 1
291682 0 17 3 1
292408 0 17 3 1
291913 1 18 4 1
292300 1 18 3 1
35287 1 18 3 3
140838 1 18 2 1
35282 0 18 3 3
35286 0 18 3 3
140839 0 18 3 1
140840 0 18 3 1
292302 0 18 3 1
115844 1 19 3 1
32591 1 19 3 3
496755 1 19 2 3
498360 1 19 1 3
32588 0 19 3 3
32590 0 19 3 3
115843 0 19 3 1
498359 0 19 3 3
116690 1 21 3 1
497050 1 21 2 4
496995 1 21 2 4
291683 1 21 2 3
244249 1 21 1 4
116691 0 21 3 1
291678 0 21 3 3
292747 1 22 3 1
460437 1 22 2 3
117584 1 22 2 3
35291 1 22 2 3
35290 1 22 2 3
34681 1 22 2 1
35288 0 22 3 3
117580 0 22 3 3
117585 0 22 3 3
292748 0 22 3 1
460436 0 22 3 3
480080 1 23 2 4
271833 1 24 3 2
291915 1 24 2 3
271829 0 24 3 2
291914 0 24 3 3
116265 1 25 2 1
34679 1 26 2 1
116267 1 26 3 1
293017 1 27 1 3
293014 0 27 3 3
549926 1 28 3 3
290373 1 28 3 1
290371 0 28 3 1
290372 0 28 3 1
290374 0 28 3 1
290377 0 28 3 1
549925 0 28 3 3
460426 1 29 4 3
19789 1 29 3 3
35891 1 29 1 2
35892 0 29 3 2
117463 1 30 3 1
117464 0 30 3 1
117465 0 30 3 1
460424 1 30 3 3
460425 1 30 3 3
460427 1 30 3 3
292937 1 31 3 3
292127 1 31 2 1
290372 1 31 1 1
290375 0 31 3 1
290376 0 31 3 1
292126 0 31 3 1
292936 0 31 3 3
460428 1 32 3 3
291055 1 32 3 3
52684 1 32 3 3
549924 1 32 2 4
52681 0 32 3 3
291053 0 32 3 3
549923 0 32 3 4
292343 1 33 2 1
292125 0 33 3 0
292127 0 33 3 0
292345 0 33 3 1
460424 1 33 3 3
460426 1 33 3 3
460427 1 33 3 3
522037 1 34 2 2
459382 1 34 1 4
4874 1 34 1 1
19033 0 34 3 4
290706 1 35 4 0
293008 1 35 3 0
290974 1 35 2 3
290509 1 35 1 1
290975 0 35 3 3
293009 0 35 3 0
292292 1 36 1 1
292125 1 36 1 0
290707 1 36 3 0
290708 1 36 3 0
292295 0 36 3 1
229795 1 38 4 3
291487 1 38 3 4
293014 1 38 1 1
293016 0 38 3 1
292779 1 39 2 1
292780 0 39 3 1
292833 1 40 4 1
291243 1 40 3 3
291046 1 40 2 1
291052 1 40 1 1
291048 0 40 3 1
291055 0 40 3 1
291241 0 40 3 3
291242 0 40 3 3
291244 0 40 3 3
292446 1 41 3 2
291294 1 41 2 2
4112 1 41 2 1
4110 0 41 3 1
4111 0 41 3 1
360786 1 42 3 2
229796 1 42 3 3
292835 1 42 2 1
292777 1 42 2 0
110027 1 42 2 3
4699 1 42 2 1
291095 1 42 1 3
62672 1 42 1 3
4698 0 42 3 1
4701 0 42 3 1
291293 1 42 3 2
291296 1 42 3 2
292780 0 42 3 0
292377 1 43 3 1
291836 1 43 3 1
4487 1 43 3 1
292830 1 43 2 1
292419 1 43 2 1
4617 1 43 2 1
4113 1 43 2 3
291392 1 43 1 1
4111 0 43 3 3
4114 0 43 3 3
4488 0 43 3 1
291834 0 43 3 1
292836 0 43 3 3
360787 1 44 4 2
292376 1 44 3 1
194299 1 44 3 2
4236 1 44 3 1
152149 1 44 2 3
292378 1 44 3 1
292417 1 44 3 1
292421 1 44 3 1
292832 1 44 3 1
293204 1 45 4 1
291391 1 45 2 1
291987 1 45 1 1
194298 1 45 3 2
291392 0 45 3 1
291986 0 45 3 1
291990 0 45 4 1
292379 1 45 3 1
290477 1 46 3 1
360772 1 46 2 3
355349 1 46 2 3
339467 1 46 2 3
292891 1 46 2 1
290480 0 46 3 1
291986 0 46 3 3
291987 0 46 3 3
293206 1 46 3 1
355347 0 46 3 3
360770 0 46 3 3
291321 1 47 2 1
290292 1 47 2 2
4238 1 47 2 3
3900 1 47 2 3
3898 0 47 3 3
3901 0 47 3 3
4236 0 47 3 3
4237 0 47 3 3
4239 0 47 3 3
291320 0 47 3 1
291322 0 47 3 1
291323 0 47 3 1
61375 1 48 4 1
290983 1 48 3 1
5164 1 48 3 2
292858 1 48 1 1
14728 1 48 1 3
4862 1 48 1 1
292421 1 49 3 1
4863 1 49 3 2
291403 1 49 2 2
5165 1 49 3 2
61377 1 49 3 1
292417 0 49 3 1
448831 1 50 3 3
293117 1 50 3 1
291756 1 50 3 1
291712 1 50 3 1
3869 1 50 2 1
5120 1 50 1 1
5118 0 50 3 1
5121 0 50 3 1
5122 0 50 3 1
448830 0 50 3 3
61244 1 51 3 1
291947 1 51 2 3
291601 1 51 2 3
290984 1 51 2 3
62692 1 51 2 3
62290 1 51 2 3
62200 1 51 2 4
61557 1 51 2 3
4733 1 51 2 0
4499 1 51 2 1
4734 0 51 3 0
5163 0 51 3 3
61553 0 51 3 3
61558 0 51 3 3
62199 0 51 3 4
62289 0 51 3 3
62691 0 51 3 3
291757 1 51 3 1
291758 1 51 3 1
291945 0 51 3 3
291946 0 51 3 3
550500 1 52 3 3
347522 1 52 3 3
290483 1 52 3 1
61560 1 52 3 3
5059 1 52 3 3
360770 1 52 2 1
292857 1 52 2 1
292211 1 52 2 3
362135 1 52 1 4
291322 1 52 1 3
4500 1 52 3 1
61246 1 52 3 1
61559 0 52 3 3
291323 0 52 3 3
292208 0 52 3 3
292209 0 52 3 3
292210 0 52 3 3
292859 0 52 3 1
362134 0 52 3 4
292869 1 53 3 1
292042 1 53 3 3
291616 1 53 3 3
62054 1 53 3 1
4738 1 53 3 3
362028 1 53 2 1
292632 1 53 2 3
292423 1 53 2 3
291735 1 53 2 1
291202 1 53 2 1
360774 1 53 1 4
5060 1 53 3 3
291204 0 53 3 1
291615 0 53 3 3
291617 0 53 3 3
292420 0 53 3 3
292421 0 53 3 3
292633 0 53 3 3
292870 0 53 3 1
347521 1 53 3 3
360769 1 53 3 1
360771 0 53 3 4
360772 0 53 3 4
360773 0 53 3 4
291201 1 54 3 0
176921 1 54 3 3
62205 1 54 3 1
4942 1 54 3 3
293118 1 54 2 2
292359 1 54 2 1
4195 1 54 2 1
4197 0 54 3 1
292358 0 54 3 1
292361 0 54 3 1
293117 0 54 3 2
62055 1 55 3 1
346701 1 55 2 4
339739 1 55 2 3
290890 1 55 2 1
61241 1 55 1 4
290892 0 55 3 1
291202 1 55 3 0
291204 1 55 3 0
346702 0 55 3 4
291010 1 56 3 1
3975 1 56 3 3
374379 1 56 2 2
291085 1 56 2 3
61243 1 56 2 1
4198 1 56 1 3
4194 0 56 3 3
4195 0 56 3 3
4196 0 56 3 3
4197 0 56 3 3
4199 0 56 3 3
61245 0 56 3 1
62053 1 56 3 1
62054 1 56 3 1
62058 1 56 3 1
291012 0 56 3 1
374380 0 56 3 2
361646 1 57 4 1
362613 1 57 3 1
347521 1 57 3 3
292728 1 57 3 3
291200 1 57 3 0
290677 1 57 3 3
403497 1 57 2 2
305920 1 57 2 3
291082 1 57 3 3
61792 1 57 2 1
20416 1 57 2 3
328886 1 57 1 3
61790 0 57 3 1
290675 0 57 3 3
290676 0 57 3 3
291202 0 57 3 0
291203 0 57 3 0
328882 0 57 3 3
328883 0 57 3 3
328885 0 57 3 3
403496 0 57 3 2
403498 0 57 3 2
360358 1 58 3 1
292630 1 58 3 2
291011 1 58 3 1
292734 1 58 2 1
290507 1 58 2 4
61246 1 58 2 3
292859 1 58 1 3
4197 0 58 3 1
20417 1 58 4 3
290508 0 58 3 4
291012 0 58 3 1
292627 0 58 3 2
292629 0 58 3 2
292631 0 58 3 2
292733 0 58 3 1
292736 0 58 3 1
292857 0 58 3 3
292858 0 58 3 3
347523 1 58 3 3
361647 1 58 3 1
361649 1 58 3 1
451387 1 59 3 2
293215 1 59 3 1
290354 1 59 3 3
62662 1 59 3 1
5180 1 59 3 3
305629 1 59 2 3
253884 1 59 1 3
290890 0 59 3 1
290891 0 59 3 1
290892 0 59 3 1
290893 0 59 3 1
293216 0 59 3 1
305630 0 59 3 3
21840 1 60 3 3
360704 1 60 2 2
237291 1 60 2 3
62069 1 60 2 3
4075 1 60 2 3
5178 1 60 1 1
4151 1 60 1 0
4156 0 60 3 0
5179 0 60 3 1
5181 0 60 3 1
5179 1 60 3 3
21841 0 60 3 3
62066 0 60 3 3
62068 0 60 3 3
237289 0 60 3 3
360705 0 60 3 2
300045 1 61 3 4
238253 1 61 3 3
5028 1 61 3 1
292108 1 61 2 1
290691 1 61 2 1
4664 1 61 2 1
292622 1 61 1 3
291002 1 61 1 2
4666 0 61 3 1
238254 0 61 3 3
290693 0 61 3 1
291001 0 61 3 2
292110 0 61 3 1
300043 0 61 3 4
291563 0 62 8 0
340372 1 62 3 2
290607 1 62 3 1
290293 1 62 3 1
61449 1 62 3 1
451386 1 62 2 2
293112 1 62 2 1
292526 1 62 2 1
291006 1 62 2 2
290887 1 62 2 3
62627 1 62 2 1
5031 1 62 3 1
290608 0 62 3 1
290609 0 62 3 1
292528 0 62 3 1
292529 0 62 3 1
293113 0 62 3 1
340370 0 62 3 2
340371 0 62 3 2
451389 0 62 3 2
292623 1 63 3 3
5065 1 63 3 1
4757 1 63 3 1
291199 1 63 2 2
4152 1 63 2 1
361647 1 63 1 1
4354 1 63 1 1
4155 0 63 3 1
4758 0 63 3 1
4759 0 63 3 1
4760 0 63 3 1
255486 0 63 3 2
291565 1 63 3 0
291566 1 63 3 0
291567 1 63 3 0
292621 0 63 3 3
361649 0 63 3 1
361650 0 63 3 1
235787 1 64 3 3
61025 1 64 2 3
300249 1 64 1 1
238080 1 64 1 2
5174 1 64 1 1
5173 0 64 3 1
61024 0 64 3 3
300251 0 64 3 1
300918 1 65 3 1
293161 1 65 3 3
292454 1 65 3 1
290366 1 65 2 4
85710 1 65 2 3
482538 1 65 1 3
291090 1 65 1 1
62068 1 65 1 3
62067 0 65 3 3
62069 0 65 3 3
291088 0 65 3 1
291091 0 65 3 1
300919 0 65 3 1
300920 0 65 3 1
360341 1 66 3 1
346231 1 66 3 3
300482 1 66 3 1
292525 1 66 3 1
492312 1 66 2 3
340371 1 66 2 2
300440 1 66 2 1
290598 1 66 1 3
85711 1 66 3 3
290595 0 66 3 3
290597 0 66 3 3
292456 1 66 3 1
300443 0 66 3 1
300480 0 66 3 1
346228 0 66 3 3
346229 0 66 3 3
492311 0 66 3 3
291866 1 67 4 1
393043 1 67 3 3
292963 1 67 3 4
220224 1 67 3 3
62797 1 67 3 1
290586 1 67 2 3
62083 1 67 2 3
4109 1 67 2 2
4107 0 67 3 2
62795 0 67 3 1
62798 0 67 3 1
62799 0 67 3 1
290585 0 67 3 3
292529 1 67 3 1
292962 0 67 3 4
481435 1 68 3 3
299009 1 68 3 1
292679 1 68 3 3
63012 1 68 3 1
292670 1 68 2 1
62628 1 68 2 1
61024 1 68 2 3
292620 1 68 1 1
62627 0 68 3 1
62630 0 68 3 1
291864 1 68 3 1
291867 1 68 3 1
292591 0 68 3 1
292621 0 68 3 1
292676 0 68 3 3
481433 0 68 3 3
291627 1 69 3 1
290350 1 69 3 1
4758 1 69 3 1
300480 1 69 2 1
63013 1 69 3 1
5290 1 69 2 1
63010 1 69 3 1
63014 0 69 3 1
290351 0 69 3 1
290352 0 69 3 1
291626 0 69 3 1
291628 0 69 3 1
291630 0 69 3 1
300481 0 69 3 1
300484 0 69 3 1
316338 1 70 3 3
290358 1 70 3 1
61224 1 70 3 2
492307 1 70 2 0
375756 1 70 2 1
292475 1 70 2 1
376310 1 70 1 1
5168 1 70 1 3
4756 1 70 3 1
5166 0 70 3 3
5167 0 70 3 3
290360 0 70 3 1
292963 1 70 3 4
375757 0 70 3 1
376311 0 70 3 1
376312 0 70 3 1
492310 0 70 3 0
492312 0 70 3 0
292161 1 71 4 1
429418 1 71 3 3
291629 1 71 3 1
290414 1 71 3 3
5067 1 71 3 3
442953 1 71 2 3
376923 1 71 2 1
292280 1 71 2 3
261734 1 71 2 2
5009 1 71 2 1
62807 1 71 1 3
62285 1 71 1 1
5010 0 71 3 1
61578 0 71 3 1
61580 0 71 3 1
62284 0 71 3 1
62806 0 71 3 3
290415 0 71 3 3
292278 0 71 3 3
292279 0 71 3 3
316335 1 71 3 3
316336 1 71 3 3
442952 0 71 3 3
291478 0 72 13 3
4277 0 72 13 4
62581 1 72 3 1
5462 1 72 3 3
360578 1 72 2 0
360360 1 72 2 3
300536 1 72 2 1
292219 1 72 2 1
291646 1 72 2 1
4108 1 72 2 2
4109 0 72 3 2
5065 1 72 3 3
5460 0 72 3 3
62580 0 72 3 1
62582 0 72 3 1
291627 1 72 3 1
292160 1 72 3 1
360358 0 72 3 3
360361 0 72 3 3
360581 0 72 3 0
360583 0 72 3 0
306812 1 73 3 3
48395 1 73 3 3
292738 1 73 2 3
178245 1 73 2 3
8080 1 73 2 3
4750 1 73 2 1
4276 1 73 3 4
4752 0 73 3 1
8081 0 73 3 3
48393 0 73 3 3
48394 0 73 3 3
178246 0 73 3 3
291476 1 73 3 3
291645 1 73 3 1
291647 1 73 3 1
292737 0 73 3 3
62490 1 74 4 1
492309 1 74 3 1
299326 1 74 3 3
293002 1 74 3 3
291150 1 74 3 1
360580 1 74 2 1
291648 1 74 2 3
63138 0 74 4 3
62491 1 74 2 1
61232 1 74 2 3
5010 1 74 2 3
291943 1 74 1 1
271617 1 74 1 3
5009 0 74 3 3
63139 0 74 3 1
63140 0 74 3 1
291153 0 74 3 1
291942 0 74 3 1
291944 0 74 3 1
360581 0 74 3 1
360582 0 74 3 1
360584 0 74 3 1
491768 1 75 3 1
444065 1 75 3 2
291631 1 75 3 3
290979 1 75 3 1
290699 1 75 3 1
61624 1 75 3 1
59883 1 75 3 3
5457 1 75 3 4
418324 1 75 2 3
381277 1 75 2 3
290352 1 75 2 3
62860 0 75 4 1
4791 1 75 2 3
491767 0 75 3 1
63141 1 75 1 3
3734 1 75 1 3
62492 1 75 3 1
62495 1 75 3 1
62859 0 75 4 1
62861 0 75 3 1
290351 0 75 3 3
290700 0 75 3 1
381276 0 75 3 3
491770 0 75 3 1
291635 1 76 4 2
375344 1 76 3 1
452465 1 76 2 3
449569 1 76 2 2
292172 1 76 2 1
291559 1 76 1 4
239231 1 76 1 3
48392 1 76 3 1
48394 1 76 3 1
48395 1 76 3 1
48396 1 76 3 1
59884 1 76 3 3
452463 0 76 3 3
376311 1 77 3 3
361787 1 77 3 1
291942 1 77 3 0
3703 1 77 3 1
291108 1 77 2 1
291066 1 77 2 2
291065 0 77 3 2
5097 1 77 2 1
500533 1 77 1 3
306811 1 77 1 3
4433 1 77 1 1
4436 0 77 3 1
291064 0 77 3 2
291068 0 77 3 2
291063 0 77 3 2
291067 0 77 3 2
292169 1 77 3 1
292174 1 77 3 1
376309 0 77 3 3
499788 1 78 3 1
360595 1 78 3 3
291944 1 78 3 3
63137 1 78 3 1
62305 1 78 3 1
61943 1 78 3 4
63057 1 78 2 1
61630 1 78 2 3
4707 1 78 2 3
62988 1 78 1 3
62151 1 78 1 1
5013 1 78 1 3
61628 0 78 3 3
62152 0 78 3 1
62153 0 78 3 1
63058 0 78 3 1
63138 0 78 3 1
291943 0 78 3 3
361467 1 79 3 1
293143 1 79 3 4
62950 1 79 3 3
61573 1 79 3 1
500532 1 79 2 2
376884 1 79 2 1
300124 1 79 2 3
292299 1 79 2 1
62495 1 79 2 3
8882 1 79 2 3
361473 1 79 1 1
290967 1 79 1 1
290443 1 79 1 1
62306 1 79 3 1
62310 1 79 3 1
62490 0 79 3 3
62493 0 79 3 3
292302 0 79 3 1
300123 0 79 3 3
361472 0 79 3 1
500533 0 79 3 2
361811 0 80 18 4
61856 1 80 3 4
4960 1 80 3 1
353235 1 80 2 2
103867 1 80 2 3
4436 1 80 2 3
3809 1 80 2 1
446615 1 80 1 2
293001 1 80 1 3
132240 1 80 1 2
3807 0 80 3 1
103866 0 80 3 3
103868 0 80 3 3
132241 0 80 3 2
293002 0 80 3 3
62614 1 81 4 3
462391 1 81 3 3
375157 1 81 3 3
291647 1 81 3 3
62643 1 81 3 1
61615 1 81 3 3
60906 1 81 3 4
4946 0 81 4 3
4448 1 81 3 1
292303 1 81 2 0
5253 1 81 2 1
4950 1 81 2 1
4944 0 81 3 1
4951 0 81 3 1
4953 0 81 3 1
61616 0 81 3 3
61617 0 81 3 3
292304 0 81 3 0
292306 0 81 3 0
375156 0 81 3 3
96666 1 82 4 0
3784 1 82 4 1
376275 1 82 3 1
292301 1 82 3 3
4948 1 82 3 3
4573 1 82 3 1
360139 1 82 2 0
4531 1 82 2 1
3893 1 82 2 1
96670 1 82 1 3
74429 1 82 1 3
3746 1 82 1 1
3894 0 82 3 1
3897 0 82 3 1
4532 0 82 3 1
4945 0 82 3 3
62644 1 82 3 1
96668 0 82 3 3
292299 0 82 3 3
360140 0 82 3 0
360143 0 82 3 0
376274 0 82 3 1
376886 0 82 3 2
5306 1 83 4 2
132477 1 83 3 3
132241 1 83 3 3
22306 1 83 3 3
4533 1 83 3 1
488168 1 83 2 1
348108 1 83 2 2
305586 1 83 2 3
291296 1 83 2 3
291110 1 83 2 3
124171 1 83 2 3
233793 1 83 1 3
3786 1 83 3 1
4576 1 83 3 1
132238 0 83 3 3
132242 0 83 3 3
132476 0 83 3 3
348107 0 83 3 2
488167 0 83 3 1
62252 0 84 13 4
499789 1 84 3 1
488170 1 84 2 1
290857 1 84 2 1
61154 1 84 2 4
4660 1 84 1 2
487222 1 85 3 3
96667 1 85 3 1
5216 1 85 3 1
264647 1 85 2 3
183563 1 85 2 3
5238 1 85 2 3
4527 1 85 2 1
4439 1 85 2 1
61575 1 85 1 3
4440 0 85 3 1
4528 0 85 3 1
4529 0 85 3 1
5217 0 85 3 1
5219 0 85 3 1
61573 0 85 3 3
61574 0 85 3 3
62253 1 85 3 4
96668 0 85 3 1
96669 0 85 3 1
264645 0 85 3 3
264646 0 85 3 3
488169 1 85 3 1
499787 1 85 3 1
499788 1 85 3 1
499790 1 85 3 1
499783 1 86 4 1
340970 1 86 3 3
31632 1 86 3 2
4534 1 86 2 3
4535 1 86 1 3
4076 1 86 1 4
4532 0 86 3 3
4531 0 86 3 3
4533 0 86 3 3
31629 0 86 3 2
31630 0 86 3 2
335574 1 87 3 3
523915 1 87 2 3
97889 1 87 2 3
61793 1 87 2 1
4947 1 87 2 3
3792 1 87 2 1
5194 1 87 1 4
5195 0 87 3 4
61794 0 87 3 1
97887 0 87 3 3
97890 0 87 3 3
319880 1 88 3 3
99128 1 88 3 3
58508 1 88 3 2
37897 1 88 3 3
5446 1 88 3 3
4185 1 88 3 1
488167 1 88 2 1
360143 1 88 2 3
210552 1 88 2 2
4807 1 88 2 1
376276 1 88 1 3
5447 0 88 3 3
210553 0 88 3 2
376272 0 88 3 3
376274 0 88 3 3
114568 1 89 3 3
61952 1 89 2 3
4858 1 89 2 1
62644 1 89 1 2
4859 0 89 3 1
61949 0 89 3 3
62642 0 89 3 2
62643 0 89 3 2
114569 0 89 3 3
360140 1 89 3 3
360141 1 89 3 3
488428 1 90 3 4
102847 1 90 3 2
499784 1 90 2 1
5217 1 90 1 1
4650 1 90 1 4
5219 0 90 3 1
518375 1 91 3 2
61465 1 91 3 1
4993 1 91 3 1
555169 1 91 2 4
551909 1 91 2 3
61795 1 91 2 3
61356 1 91 2 4
4631 1 91 2 1
3806 1 91 2 3
339638 1 91 1 3
3803 0 91 3 3
61357 0 91 3 4
556661 1 92 3 3
277427 1 92 2 3
4449 1 92 2 1
498796 1 92 1 3
291976 1 92 1 3
277426 0 92 3 3
102933 0 93 13 3
339871 1 93 2 3
114570 1 93 2 4
98412 1 93 2 1
63192 1 93 2 1
98413 0 93 3 1
339869 0 93 3 3
339870 0 93 3 3
102335 1 94 4 3
61335 1 94 4 1
31505 1 94 3 4
102932 1 94 3 3
4202 1 95 3 1
277424 1 95 2 3
176008 1 95 2 2
102219 1 95 2 2
31629 1 95 1 0
4201 1 95 1 0
4204 0 95 3 0
31632 0 95 3 0
74374 1 96 3 2
4991 0 96 4 3
4204 1 96 3 1
4993 0 96 3 1
4995 0 96 4 1
176007 1 96 3 2
176009 1 96 3 2
4200 1 97 4 0
353447 1 97 2 2
98457 1 97 2 0
98311 1 97 2 1
61467 1 97 1 1
4993 0 97 3 3
61469 0 97 3 1
98458 0 97 3 0
98461 0 97 3 0
61160 1 98 3 1
26072 1 98 3 2
4009 1 98 3 0
26070 0 98 3 2
61159 0 98 3 1
61161 0 98 3 1
98310 1 98 3 1
98314 1 98 3 1
4259 1 99 4 0
4011 1 99 3 0
332916 1 100 2 1
4972 1 100 1 3
4260 1 100 3 0
4261 1 100 3 0
4262 1 100 3 0
332917 0 100 3 1
331968 1 101 3 1
61135 1 101 2 1
4994 1 101 2 1
4993 0 101 3 1
4995 0 101 3 1
63050 1 102 4 1
4008 1 102 3 0
375479 1 102 2 4
98460 1 102 2 2
318722 1 102 1 4
4010 0 102 3 0
4011 0 102 3 0
98461 0 102 3 2
375478 0 102 3 4
382683 1 103 3 3
332911 1 103 1 1
63052 1 103 3 1
332912 0 103 3 1
382681 0 103 3 3
382682 0 103 3 3
3732 1 104 2 1
3731 0 104 3 1
474220 1 105 2 3
73329 1 105 2 3
73328 0 105 3 3
73330 0 105 3 3
332118 1 106 3 1
331985 1 106 2 1
331987 0 106 3 1
332119 0 106 3 1
332121 0 106 3 1
331975 1 108 3 1
73322 1 108 3 4
3702 1 108 2 1
4811 1 108 1 3
3697 1 108 1 1
4809 0 108 3 3
73323 0 108 3 4
331976 0 108 3 1
331978 0 108 3 1
332117 1 109 3 0
4271 1 109 2 1
4274 0 109 3 1
4021 1 110 4 1
4123 1 110 3 1
332158 1 111 4 0
59432 1 111 2 2
4020 1 111 3 1
59430 0 111 3 2
332188 1 112 2 1
5397 1 113 2 3
5396 0 113 3 3
4078 1 116 2 1
4537 1 116 1 0
4540 0 116 3 0
4541 0 116 3 0
4446 1 117 1 3
4077 1 117 3 1
4082 1 117 3 1
332002 1 118 3 1
332003 0 118 3 1
5082 1 120 2 1
5085 0 120 3 1
5085 1 124 2 3
376902 1 342 3 4
