228250 8
319750 8
360871 8
360873 8
530503 8
475491 9
290408 11
292545 12
292547 12
292549 12
227935 13
227937 13
290398 14
290403 14
290404 14
85416 15
85419 15
290560 16
290561 16
292544 16
292545 16
292546 16
292547 16
292550 16
293019 16
290400 17
292335 17
292519 17
292962 17
17738 19
85568 19
290399 19
290401 19
290403 19
293070 19
290557 21
290559 21
291315 21
291318 21
84745 22
85566 22
292074 22
293039 22
293040 22
84488 23
85780 23
172612 23
292813 23
292814 23
84540 24
84543 24
84669 24
84673 24
84674 24
85383 24
291100 24
478101 24
84554 25
84943 25
85701 25
85703 25
85841 25
292509 25
293037 25
16436 26
16437 26
85704 26
199867 26
292749 26
290738 27
292816 27
292817 27
84892 28
159258 28
159259 28
382314 28
382315 28
382897 28
382899 28
85157 29
164784 29
290740 29
416569 29
416570 29
85437 30
85440 30
86279 30
86280 30
223710 31
223712 31
318448 31
85067 33
85551 33
85553 33
85554 33
208139 33
85158 34
85160 34
85859 35
84495 36
84497 36
84498 36
291780 36
200833 37
84696 38
84697 38
85478 38
84450 39
84934 39
84447 40
84452 40
85480 41
219503 41
273914 41
273916 41
273917 41
201785 42
84455 43
84458 43
84562 43
85479 43
85482 43
84457 46
85061 47
84435 53
85740 63
