317568 2 1 3 0
10705 3 2 3 0
88376 3 2 3 0
194574 3 2 3 0
202348 3 2 1 0
299738 3 2 3 1
74202 4 3 3 0
321482 4 3 3 0
129471 5 3 3 1
387025 5 4 1 0
409249 5 2 3 1
127317 6 2 1 0
134815 6 2 3 0
230421 6 3 3 1
350527 6 3 3 1
387970 6 3 1 0
10703 7 3 4 1
93453 7 3 1 0
387630 8 2 0 0
396103 8 2 2 0
128338 9 3 1 0
93454 10 2 3 0
128077 10 1 1 0
128061 11 3 1 1
388080 11 3 1 0
388381 11 2 1 0
99544 12 3 4 0
128094 12 3 1 0
203177 12 3 1 0
387309 12 3 4 0
127528 13 2 1 0
386926 13 2 2 0
387091 13 2 1 0
101093 14 3 1 0
127776 14 4 1 0
128753 14 3 1 0
386603 14 3 1 0
127008 15 2 1 0
127679 15 2 1 0
128373 15 2 1 1
287048 15 4 3 1
386581 15 1 1 0
127082 16 3 1 0
127680 16 1 1 0
386599 16 2 0 0
387402 16 3 1 0
388167 16 3 1 0
388351 16 3 3 0
127010 17 2 1 0
127655 17 2 1 0
127782 17 2 3 0
386863 17 3 3 0
127084 18 2 3 1
386531 18 1 1 0
386706 18 2 2 1
386942 18 2 1 0
387535 18 3 3 0
388211 18 3 1 0
126919 19 3 4 0
127012 19 3 3 0
127081 19 3 1 0
127085 19 1 3 0
127617 19 3 1 1
127616 20 2 1 0
127618 20 2 2 1
127851 20 2 3 1
128267 20 4 1 0
333415 20 3 3 1
387484 20 2 1 0
127619 21 1 2 0
127621 21 2 3 0
127682 21 4 3 0
127780 21 2 3 0
127849 21 3 1 0
386951 21 1 0 0
388358 21 3 1 0
128746 22 2 0 0
387142 22 4 1 0
127080 23 2 1 0
386954 23 4 1 0
387081 23 2 1 1
127020 24 3 3 0
127546 24 3 1 0
128750 24 2 3 0
10673 25 3 3 0
127547 25 2 1 0
128080 26 4 3 0
386449 26 2 1 0
387082 26 2 1 0
127274 27 4 1 0
128166 28 2 3 0
386444 29 4 3 0
387151 29 2 1 0
388348 29 3 3 0
386955 31 4 2 0
387153 31 3 3 0
387537 31 2 1 0
388737 32 3 1 0
468930 32 2 3 0
269622 33 2 3 0
465997 33 1 3 0
387540 35 2 3 0
387074 36 3 1 0
378303 37 3 3 0
269620 39 4 3 0
388438 39 2 3 0
8507 41 3 3 0
269617 42 3 1 0
269616 43 2 0 0
8509 50 1 3 0
8510 57 2 3 0
