10705 1 4 6 3 0
14048 0 6 6 3 0
74202 1 3 6 3 0
88376 1 4 6 3 0
93452 0 6 6 1 0
127315 0 6 6 1 0
194574 1 4 6 3 0
197340 0 6 6 3 1
202348 1 4 6 1 0
216501 0 6 6 3 0
299738 1 4 6 3 1
317568 1 5 6 3 0
321482 1 3 6 3 0
350526 0 6 6 3 0
367941 0 6 6 4 1
387025 1 2 6 1 0
423867 0 6 6 3 1
460969 0 6 6 3 0
467013 0 6 6 3 0
489064 0 6 6 3 0
129471 1 3 7 3 1
197341 0 6 8 3 0
216502 0 6 8 3 0
230421 1 3 8 3 1
350527 1 3 8 3 1
387970 1 3 8 1 0
409249 1 4 8 3 1
10703 1 3 9 4 1
93451 0 6 9 0 0
93453 1 3 9 1 0
127317 1 4 9 1 0
127677 0 6 9 1 0
127715 0 6 9 1 0
134815 1 4 9 3 0
203694 0 6 9 1 0
387968 0 6 9 0 0
490648 0 6 9 4 1
127318 0 6 10 1 0
386842 0 6 10 1 0
387143 0 6 10 1 0
387969 0 6 10 1 0
409251 0 6 10 3 0
101096 0 6 11 3 1
127111 0 6 11 1 0
127565 0 6 11 1 0
128338 1 3 11 1 0
387488 0 6 11 1 0
387630 1 4 11 0 0
388079 0 6 11 0 0
396103 1 4 11 2 0
128340 0 6 12 3 1
93454 1 4 13 3 0
127009 0 6 13 1 0
128061 1 3 13 1 1
128341 0 6 13 3 1
128463 0 6 13 1 1
386841 0 6 13 1 0
386861 0 6 13 1 0
387654 0 6 13 1 0
388080 1 3 13 1 0
99544 1 3 14 4 0
99989 0 6 14 3 0
127319 0 6 14 1 0
127320 0 6 14 3 0
128077 1 5 14 1 0
128094 1 3 14 1 0
203177 1 3 14 1 0
387309 1 3 14 4 0
388381 1 4 14 1 0
388453 0 6 14 1 0
127112 0 6 15 1 0
127776 1 2 15 1 0
128465 0 6 15 3 0
387971 0 6 15 1 0
388081 0 6 15 1 0
388082 0 6 15 3 0
101093 1 3 16 1 0
127316 0 6 16 1 0
127528 1 4 16 1 0
128622 0 6 16 1 0
128753 1 3 16 1 0
287048 1 2 16 3 1
386603 1 3 16 1 0
386926 1 4 16 2 0
387091 1 4 16 1 0
386584 0 6 17 3 0
387103 0 6 17 1 0
387263 0 6 17 1 0
387972 0 6 17 3 0
127008 1 4 18 1 0
127082 1 3 18 1 0
127679 1 4 18 1 0
127801 0 6 18 4 0
128373 1 4 18 1 1
386601 0 6 18 2 0
386606 0 6 18 3 0
386701 0 6 18 2 0
387402 1 3 18 1 0
388167 1 3 18 1 0
388351 1 3 18 3 0
388666 0 6 18 1 0
128181 0 6 19 1 0
386581 1 5 19 1 0
386599 1 4 19 0 0
386863 1 3 19 3 0
387092 0 6 19 1 0
387485 0 6 19 1 0
387993 0 6 19 1 0
388346 0 6 19 1 0
127010 1 4 20 1 0
127655 1 4 20 1 0
127680 1 5 20 1 0
127681 0 6 20 1 0
127782 1 4 20 3 0
128372 0 6 20 1 0
387535 1 3 20 3 0
388211 1 3 20 1 0
126919 1 3 21 4 0
127012 1 3 21 3 0
127081 1 3 21 1 0
127083 0 6 21 3 0
127084 1 4 21 3 1
127147 0 6 21 4 1
127617 1 3 21 1 1
127674 0 6 21 1 0
127835 0 6 21 1 0
127847 0 6 21 1 0
128267 1 2 21 1 0
128436 0 6 21 1 0
128569 0 6 21 1 0
128747 0 6 21 1 0
386706 1 4 21 2 1
386942 1 4 21 1 0
126992 0 6 22 3 0
127019 0 6 22 3 0
127682 1 2 22 3 0
128270 0 6 22 3 0
333415 1 3 22 3 1
386531 1 5 22 1 0
387090 0 6 22 0 0
387480 0 6 22 1 0
387669 0 6 22 1 0
388171 0 6 22 3 0
127085 1 5 23 3 0
127616 1 4 23 1 0
127618 1 4 23 2 1
127673 0 6 23 1 0
127849 1 3 23 1 0
127851 1 4 23 3 1
127852 0 6 23 1 0
128079 0 6 23 1 0
128183 0 6 23 3 0
386598 0 6 23 0 0
387142 1 2 23 1 0
387484 1 4 23 1 0
388358 1 3 23 1 0
127481 0 6 24 4 0
127620 0 6 24 3 0
127621 1 4 24 3 0
127780 1 4 24 3 0
128182 0 6 24 1 0
386943 0 6 24 1 0
386954 1 2 24 1 0
387093 0 6 24 1 0
388256 0 6 24 1 0
388562 0 6 24 3 0
127571 0 6 25 3 0
127619 1 5 25 2 0
128184 0 6 25 3 0
128746 1 4 25 0 0
128769 0 6 25 1 0
386951 1 5 25 0 0
388366 0 6 25 1 0
127020 1 3 26 3 0
127080 1 4 26 1 0
127546 1 3 26 1 0
127622 0 6 26 3 0
128076 0 6 26 0 0
128785 0 6 26 3 0
386952 0 6 26 0 0
387081 1 4 26 1 1
387138 0 6 26 4 0
10673 1 3 27 3 0
127755 0 6 27 3 1
128080 1 2 27 3 0
128315 0 6 27 1 0
128750 1 4 27 3 0
386956 0 6 27 3 0
387129 0 6 27 1 0
10671 0 6 28 2 0
127274 1 2 28 1 0
127547 1 4 28 1 0
209540 0 6 28 2 0
388347 0 6 28 1 0
128103 0 6 29 1 0
386449 1 4 29 1 0
387082 1 4 29 1 0
382710 0 6 30 2 0
386444 1 2 30 3 0
10895 0 6 31 3 0
128166 1 4 31 3 0
387148 0 6 31 1 0
388348 1 3 31 3 0
127756 0 6 32 3 0
164174 0 6 32 3 1
386955 1 2 32 2 0
387127 0 6 32 1 1
387151 1 4 32 1 0
388692 0 6 32 1 0
522773 0 6 32 3 0
387153 1 3 33 3 0
387152 0 6 34 3 0
387537 1 4 34 1 0
388737 1 3 34 1 0
388087 0 6 35 3 0
468930 1 4 35 3 0
269622 1 4 36 3 0
387149 0 6 37 1 0
465997 1 5 37 3 0
468931 0 6 37 3 0
269619 0 6 38 3 0
387074 1 3 38 1 0
387540 1 4 38 3 0
378303 1 3 39 3 0
388738 0 6 39 2 0
465996 0 6 39 3 1
269620 1 2 40 3 0
388439 0 6 40 3 0
267882 0 6 41 3 0
386451 0 6 41 3 0
388438 1 4 42 3 0
8507 1 3 43 3 0
379089 0 6 43 3 0
269617 1 3 44 1 0
388739 0 6 44 2 0
267897 0 6 46 1 0
269616 1 4 46 0 0
8506 0 6 47 3 0
267899 0 6 48 3 0
8505 0 6 50 1 0
269618 0 6 50 2 0
8504 0 6 52 0 0
8509 1 5 54 3 0
8510 1 4 60 3 0
