233713 3 2 3 1
559326 3 2 0 0
18354 4 3 3 0
214792 4 3 1 0
281898 4 3 1 0
318361 4 3 1 0
433029 4 3 4 1
49054 5 4 3 0
100586 5 4 1 0
100589 6 3 3 0
84750 7 3 4 0
317986 7 2 1 0
229296 8 3 1 0
356119 8 4 2 0
227886 10 2 1 0
229955 14 3 1 0
468127 14 3 2 1
228510 16 2 1 0
228518 18 2 1 0
229308 18 4 1 0
331915 18 3 3 0
229007 21 3 3 0
229502 21 2 3 0
228515 22 3 1 0
228672 22 4 1 0
227873 23 2 1 0
228760 23 3 1 0
228871 23 2 1 0
229986 23 2 1 0
229855 24 2 1 0
491516 24 1 1 0
491597 24 3 1 0
228673 25 4 3 0
228977 25 2 1 0
491115 25 1 1 0
228205 27 3 1 0
228803 27 4 1 0
229221 27 4 1 0
229984 27 2 1 0
491517 27 3 3 0
228400 28 2 1 0
491116 28 2 2 0
227986 29 3 1 0
229699 29 3 1 0
229902 29 3 3 0
492715 29 4 1 0
186604 30 1 3 1
229910 30 3 2 0
228825 31 3 1 0
229054 31 3 1 0
229501 31 3 3 0
229670 31 3 1 0
228443 33 2 1 0
228508 33 4 4 1
228816 33 2 3 0
229388 33 2 1 0
492119 34 3 1 0
229871 35 4 3 0
228444 36 3 3 0
228815 36 2 3 0
229387 36 2 1 0
229225 37 3 3 1
492602 38 3 1 0
492600 39 2 0 0
229857 40 3 3 0
493047 40 1 1 0
491712 41 3 3 0
492599 41 2 0 0
492752 41 2 1 0
492765 41 3 1 0
265340 42 3 2 0
491751 42 4 4 0
492135 42 3 3 0
93607 43 2 3 0
266366 43 2 3 1
492120 43 4 1 0
538772 43 2 3 0
228445 44 3 3 0
228865 44 3 1 0
342064 44 2 3 0
491976 44 3 1 0
228227 45 3 1 0
492764 45 3 1 0
492801 45 3 3 0
532154 45 2 3 1
228626 46 1 1 0
266362 46 2 0 0
491345 46 1 1 0
172569 47 3 3 0
229203 47 4 3 0
491542 47 3 1 0
492940 47 2 1 0
512069 47 2 2 0
474286 48 3 4 0
479577 48 2 3 0
228199 49 3 1 0
491544 49 1 3 1
555352 49 3 3 0
228202 50 2 3 0
229354 50 3 1 0
229792 50 3 1 0
266365 50 3 1 0
491376 50 2 3 0
492220 50 2 1 0
479573 51 2 3 1
154506 52 2 3 0
227916 52 3 1 0
228228 52 2 1 0
229795 52 2 3 1
266340 52 2 1 0
561392 52 3 3 0
228715 53 2 1 0
289259 53 3 3 0
414300 53 4 2 0
461447 53 4 3 0
79626 54 4 3 0
265111 54 3 1 0
267165 54 3 1 0
484167 54 2 3 0
561389 54 2 2 0
229567 55 4 0 0
235306 55 4 3 0
265345 55 3 1 0
266750 55 2 1 0
464820 55 3 2 0
500214 55 2 3 0
561391 55 2 3 0
229569 56 2 1 0
229676 56 3 1 0
293017 56 2 2 1
461442 56 3 3 0
176799 57 3 3 0
229700 57 2 3 0
265346 57 3 1 0
492753 57 2 1 0
228973 58 3 1 0
265617 58 4 1 0
266086 58 3 1 0
266675 58 3 3 0
266723 58 3 2 1
267242 58 4 1 0
267241 59 3 1 0
267244 59 2 2 0
491208 59 2 1 0
266084 60 2 0 0
266085 60 4 1 0
267043 60 3 2 0
544858 60 3 3 0
228402 61 2 1 0
265278 61 2 1 0
492800 61 4 1 0
147781 62 2 3 0
228648 62 1 1 0
229130 62 3 1 0
229808 62 4 1 0
265414 62 2 3 1
266083 62 3 0 0
266618 62 4 3 1
293018 62 2 3 0
413041 62 4 2 0
416903 62 2 3 0
493172 62 4 3 0
543227 62 3 3 0
97943 63 3 3 1
267243 63 2 3 0
273604 63 2 3 0
491411 63 2 1 0
491525 63 2 4 1
493168 63 2 0 0
229810 64 3 1 0
229974 64 3 3 0
265415 64 2 3 0
265884 64 3 1 0
266087 64 5 1 0
266380 64 4 1 0
270393 64 1 3 1
544859 64 3 3 0
228111 65 3 1 0
229991 65 3 1 0
265175 65 2 1 0
266674 65 4 3 0
413042 65 2 2 0
491410 65 2 1 0
515847 65 3 3 1
547303 65 3 3 0
227943 66 2 1 0
229978 66 3 1 0
265279 66 3 1 0
492793 66 3 1 0
148254 67 3 1 0
190346 67 2 3 0
229813 67 4 4 0
265896 67 2 1 0
266653 67 3 0 0
493014 67 3 0 0
496363 67 3 3 0
188039 68 4 3 0
228991 68 1 4 1
229807 68 3 1 0
266369 68 3 1 0
266463 68 3 1 0
148655 69 3 1 0
229135 69 2 0 0
229385 69 4 3 0
265724 69 4 1 0
215167 70 3 3 0
229798 70 2 3 0
148619 71 2 1 0
227944 71 4 1 1
229812 71 3 3 0
265516 71 1 1 0
265753 71 2 1 0
493015 71 3 1 0
227948 72 4 1 0
228143 72 2 1 0
229880 72 2 1 0
265108 72 3 1 0
266389 72 4 1 0
266622 72 3 1 0
266644 72 2 2 0
266949 72 3 1 0
267089 72 4 1 0
267224 72 3 3 1
547290 72 2 0 0
547300 72 4 1 0
148094 73 2 3 0
148541 73 3 1 0
229588 73 3 4 1
229590 73 4 1 0
265518 73 2 1 0
265578 73 4 1 0
265729 73 2 3 1
266260 73 3 1 0
267065 73 2 1 0
267300 73 2 1 0
147694 74 3 3 0
228285 74 3 1 0
228762 74 3 1 0
229150 74 2 3 1
265504 74 3 4 1
265577 74 3 1 0
265616 74 2 1 0
265897 74 4 3 1
266630 74 2 1 1
266725 74 2 1 0
148095 75 3 3 0
190342 75 2 1 0
228932 75 2 3 0
265587 75 4 3 0
265654 75 2 1 1
266391 75 2 3 0
266909 75 3 1 0
147204 76 2 1 0
148452 76 3 3 0
229650 76 2 4 1
265497 76 3 0 0
265499 76 2 2 1
265754 76 2 1 0
265756 76 3 3 0
266023 76 2 3 0
266951 76 3 3 0
91447 77 2 3 0
113031 77 3 3 0
189858 77 4 3 1
228649 77 4 1 1
265648 77 3 3 1
92117 78 4 3 0
148539 78 3 1 0
191004 78 3 4 1
191389 78 4 1 1
265736 78 4 2 0
265931 78 2 1 0
148033 79 2 3 0
189856 79 2 1 0
265142 79 1 1 0
265194 79 3 1 0
265646 79 2 1 0
265661 79 4 2 0
269592 79 2 3 0
343424 79 4 2 0
113028 80 2 1 0
113030 80 2 2 0
235094 80 4 3 0
265285 80 3 2 0
265760 80 4 1 0
265948 80 3 1 0
266178 80 3 2 0
112851 81 2 1 0
242023 81 4 3 0
265927 81 1 1 0
265932 81 3 1 0
267030 81 3 1 0
300750 81 3 2 0
148444 82 1 0 0
197238 82 3 1 0
265192 82 2 1 0
265609 82 3 0 0
266979 82 3 3 0
343425 82 2 3 0
148029 83 2 1 0
148779 83 3 1 0
190468 83 3 1 0
265825 83 3 1 0
266309 83 3 3 0
266681 83 3 0 0
56938 84 2 4 1
266405 84 3 3 0
266667 84 2 1 0
266772 84 3 0 0
189807 85 4 4 1
191123 85 2 1 0
265926 85 3 1 0
266572 85 2 3 0
148027 86 3 0 0
148780 86 3 1 0
197240 86 3 3 0
265120 86 2 0 0
265193 86 3 1 0
266078 86 3 1 0
266411 86 4 2 0
266860 86 4 1 1
297247 86 2 3 0
148045 87 3 1 1
148917 87 2 3 1
223418 87 3 3 1
241979 87 3 1 0
265188 87 3 2 0
266308 87 4 3 0
266549 87 2 1 0
266612 87 3 1 0
266822 87 4 1 0
266914 87 2 3 0
350363 87 3 3 0
2065 88 3 3 1
148696 88 3 1 0
198963 88 3 1 0
265186 88 4 3 0
265204 88 3 1 0
265232 88 2 1 0
265823 88 3 1 0
266334 88 3 0 0
266537 88 3 1 0
266773 88 2 1 0
2953 89 2 3 0
131147 89 3 2 0
145533 89 4 3 0
148038 89 2 0 0
148212 89 2 0 0
148217 89 3 3 0
148238 89 2 1 0
266519 89 2 1 0
266615 89 3 3 0
266811 89 3 2 0
411001 89 4 2 0
2578 90 3 3 0
242188 90 2 1 0
265258 90 3 3 0
265949 90 3 1 0
266737 90 2 0 0
266904 90 2 3 0
267356 90 3 1 0
280805 90 3 3 1
405223 90 2 3 0
148047 91 3 3 0
199121 91 2 1 0
206377 91 4 3 1
263231 91 2 3 0
266150 91 2 1 0
266613 91 2 1 0
266666 91 2 1 0
266818 91 3 3 0
266957 91 3 4 0
272068 91 3 3 0
113351 92 3 1 1
144730 92 2 3 0
147928 92 3 0 0
148792 92 3 3 0
197650 92 2 1 0
198199 92 3 1 0
266005 92 2 1 1
266166 92 2 1 0
266555 92 3 1 0
266643 92 4 4 0
266900 92 2 0 0
266905 92 2 3 1
299434 92 3 2 0
198627 93 2 3 0
199506 93 3 1 0
199515 93 4 1 0
241287 93 2 1 0
242163 93 2 1 0
266140 93 3 3 0
266539 93 2 3 0
266669 93 3 3 1
266836 93 2 1 0
405222 93 2 0 1
111542 94 2 1 0
147243 94 3 4 0
198966 94 4 3 0
241326 94 3 1 0
266040 94 2 2 0
281497 94 3 3 0
360534 94 1 2 0
2398 95 3 4 0
111586 95 2 1 0
122852 95 3 3 0
197669 95 2 1 0
265335 95 3 4 1
265649 95 3 3 0
266006 95 2 1 0
266139 95 3 3 0
266513 95 4 1 0
148799 96 4 4 1
199122 96 4 1 0
231799 96 2 3 0
241966 96 3 1 0
265867 96 3 3 0
266566 96 4 4 0
266993 96 3 1 0
266996 96 1 1 0
281498 96 3 3 0
111614 97 2 1 0
199191 97 4 1 0
242630 97 2 3 0
242762 97 3 1 0
265184 97 3 1 0
266515 97 4 1 0
266903 97 3 1 0
266930 97 4 1 0
267084 97 3 0 0
111523 98 2 1 0
111541 98 2 1 0
112358 98 1 1 0
113353 98 4 3 0
241998 98 4 1 0
265234 98 3 2 1
266792 98 4 2 0
360533 98 2 1 0
445634 98 3 3 0
3174 99 3 4 0
111539 99 4 1 0
147162 99 4 3 0
198479 99 3 2 0
198622 99 4 0 0
265393 99 2 1 0
266398 99 3 3 0
266541 99 2 2 0
75690 100 3 3 0
111390 100 3 1 0
112353 100 4 4 0
112357 100 1 1 0
198837 100 2 3 0
241973 100 2 1 0
241992 100 2 1 0
241996 100 3 1 0
242004 100 3 1 0
242605 100 2 1 0
246159 100 4 3 1
266357 100 3 1 0
266503 100 3 3 0
392950 100 1 1 0
392951 100 3 3 1
458993 100 2 3 0
542647 100 3 3 0
111526 101 3 3 0
111543 101 3 1 0
112852 101 3 1 0
113352 101 2 3 0
114269 101 2 3 0
198136 101 3 3 0
241467 101 2 1 0
241656 101 2 1 0
267419 101 3 3 0
282786 101 4 1 0
13664 102 2 2 0
52666 102 3 2 0
111540 102 3 1 0
113330 102 2 3 0
242445 102 3 3 0
242524 102 2 1 0
242529 102 4 1 0
242593 102 3 3 0
266542 102 3 3 0
281633 102 2 1 0
282521 102 3 1 0
112830 103 4 2 1
112864 103 2 1 0
113100 103 2 4 0
241205 103 2 3 0
241985 103 3 3 1
392952 103 2 3 0
52668 104 2 3 0
113331 104 2 1 0
198135 104 2 2 0
241373 104 2 1 0
266009 104 2 3 1
266213 104 4 1 0
266218 104 4 1 0
267332 104 2 1 0
281404 104 2 1 0
282785 104 2 1 0
286557 104 3 3 0
112594 105 1 3 0
113273 105 3 1 0
113320 105 3 1 0
236314 105 2 3 0
241999 105 4 3 0
242293 105 2 1 0
242802 105 3 1 0
266011 105 4 4 1
281548 105 2 1 0
391094 105 4 3 0
82397 106 4 2 0
93393 106 3 2 1
111449 106 2 1 0
111525 106 3 1 0
111639 106 4 3 0
112718 106 3 1 0
241469 106 2 3 1
241822 106 3 1 0
242197 106 4 1 0
281632 106 2 1 0
282736 106 3 4 0
392948 106 4 0 0
88916 107 3 2 0
146677 107 2 2 0
198258 107 4 1 0
198260 107 2 1 0
241320 107 2 1 0
241781 107 2 1 0
242198 107 3 3 0
242801 107 3 1 0
267292 107 3 1 0
281634 107 4 3 0
484281 107 2 2 0
53642 108 4 3 0
105688 108 2 3 0
112144 108 2 1 0
112242 108 4 1 0
241110 108 3 1 0
241237 108 2 3 0
241257 108 2 3 1
242398 108 3 3 0
242525 108 2 3 1
242953 108 3 3 0
265628 108 2 1 0
282392 108 2 0 0
111710 109 3 3 0
111906 109 4 1 0
112619 109 3 1 0
241024 109 2 3 0
244385 109 3 3 0
267305 109 3 1 0
111857 110 4 1 0
112159 110 2 3 0
197810 110 4 1 0
241523 110 4 1 0
242509 110 2 1 0
247976 110 2 3 0
421118 110 2 3 0
112248 111 2 1 1
112586 111 1 1 0
112766 111 2 1 0
191087 111 3 2 0
198954 111 3 1 0
242296 111 2 3 0
244381 111 3 3 0
265478 111 2 3 0
267293 111 2 1 0
111434 112 3 1 0
111508 112 3 3 1
111860 112 3 4 0
112244 112 2 3 1
197645 112 3 1 0
242223 112 2 3 0
242890 112 3 3 1
266141 112 2 0 0
281815 112 2 1 0
57693 113 3 3 0
111435 113 3 3 0
112238 113 2 2 0
112977 113 2 0 0
113436 113 4 1 0
198952 113 2 0 0
198953 113 3 1 0
242399 113 4 3 1
265570 113 3 3 0
265627 113 4 1 0
282940 113 3 3 0
447930 113 2 3 0
112043 114 2 4 0
113108 114 2 3 0
113112 114 4 1 0
113451 114 3 3 1
197334 114 2 1 0
198671 114 1 1 0
199192 114 3 1 0
265675 114 3 0 0
265680 114 2 3 0
285458 114 2 3 0
330056 114 3 4 0
33526 115 3 2 0
111506 115 3 1 1
111549 115 3 1 0
112234 115 3 1 0
112240 115 3 1 0
112587 115 2 2 0
112978 115 2 1 0
113267 115 4 1 0
113269 115 2 1 0
113485 115 1 1 0
198559 115 3 1 0
199154 115 2 1 0
199594 115 3 1 0
241672 115 3 1 0
241686 115 3 1 0
265634 115 3 4 1
267196 115 3 4 0
282672 115 2 2 0
330051 115 3 1 0
356178 115 2 1 0
478578 115 3 3 1
79397 116 3 2 0
111500 116 2 1 0
112585 116 3 0 0
125921 116 2 3 0
186551 116 3 2 0
197698 116 3 1 0
242483 116 1 4 1
242935 116 3 3 0
242995 116 3 3 1
265671 116 1 1 0
266124 116 2 3 0
266142 116 2 1 0
355865 116 2 1 0
426798 116 4 3 0
111802 117 3 3 0
111985 117 2 1 0
112945 117 2 1 0
113148 117 3 3 0
113193 117 3 1 0
113405 117 3 3 1
199194 117 3 3 0
241527 117 4 1 0
241746 117 1 1 0
242795 117 3 4 0
258562 117 1 3 0
355866 117 2 1 0
111478 118 3 3 0
111509 118 3 3 0
111911 118 3 3 0
112383 118 2 0 0
113402 118 2 1 0
199199 118 3 1 0
242992 118 3 1 0
281988 118 3 1 0
447928 118 3 1 0
111997 119 4 1 0
112331 119 2 2 1
112343 119 3 1 0
112368 119 2 4 0
113318 119 3 4 0
128487 119 2 2 0
198561 119 3 3 0
199288 119 3 1 0
241473 119 2 1 0
242972 119 2 2 0
256264 119 4 1 0
291862 119 3 3 0
330052 119 4 2 0
79297 120 3 3 0
116432 120 2 3 0
186550 120 2 0 0
198368 120 3 2 0
241694 120 3 3 0
241860 120 3 3 0
281492 120 2 1 0
281532 120 2 1 0
282145 120 4 1 0
309481 120 3 3 0
327211 120 3 3 0
435294 120 3 3 0
112260 121 3 4 0
113179 121 3 1 0
125920 121 3 1 0
241877 121 3 1 0
242471 121 3 1 0
256830 121 3 1 0
281673 121 3 1 0
330474 121 3 3 0
331584 121 1 3 1
354340 121 4 1 0
355931 121 4 1 0
426799 121 4 3 0
125014 122 2 1 0
168178 122 3 2 0
186884 122 2 3 0
197909 122 3 1 0
197912 122 2 1 0
198562 122 2 3 0
199290 122 2 3 0
265673 122 4 3 0
281790 122 2 3 1
282146 122 3 1 0
282897 122 2 4 0
80080 123 3 3 0
112272 123 2 2 0
198670 123 2 1 0
198672 123 4 3 0
206623 123 2 1 0
241178 123 4 1 0
255674 123 2 3 1
281429 123 3 1 0
281534 123 3 3 1
281638 123 2 1 0
282323 123 1 1 0
282999 123 3 1 0
283008 123 2 1 0
355868 123 3 3 0
487284 123 1 4 0
533814 123 4 3 0
551936 123 3 3 0
111418 124 1 1 0
111419 124 3 1 0
112271 124 2 2 0
112348 124 3 3 0
113175 124 2 3 1
130305 124 2 2 0
138105 124 3 3 0
197899 124 3 1 0
281527 124 3 1 0
330043 124 3 1 0
112302 125 4 1 0
112534 125 3 3 0
142864 125 2 3 0
168181 125 2 3 1
198574 125 2 4 1
242469 125 3 0 0
281533 125 3 3 0
281765 125 2 3 0
281953 125 2 1 0
307895 125 4 3 0
354346 125 3 2 0
354489 125 4 1 0
112975 126 3 2 0
168179 126 3 2 0
168180 126 2 3 0
197901 126 2 1 1
241544 126 2 1 0
255673 126 3 3 1
256275 126 2 1 0
283001 126 3 3 0
309347 126 2 2 0
354349 126 2 1 0
403640 126 2 3 0
112194 127 2 1 0
113431 127 2 1 0
167113 127 2 1 0
197604 127 3 1 0
257484 127 2 0 0
271699 127 3 3 1
283003 127 4 4 1
80815 128 3 1 0
112528 128 2 1 0
112751 128 4 1 0
113459 128 3 1 0
142863 128 3 1 0
198143 128 3 1 0
212809 128 4 3 1
354344 128 2 0 0
111839 129 2 1 0
185739 129 4 4 1
237210 129 3 3 0
256534 129 4 1 0
112974 130 3 1 0
167103 130 3 1 1
197605 130 3 2 0
241545 130 3 1 0
248531 130 2 3 1
257863 130 3 1 0
281829 130 3 4 0
282144 130 2 1 0
111841 131 2 3 0
256345 131 2 1 1
271568 131 3 0 0
282310 131 2 4 1
353767 131 4 3 0
112389 132 3 1 0
198348 132 3 1 0
242424 132 4 1 0
248528 132 2 0 1
256711 132 4 1 0
282484 132 2 1 0
347377 132 3 2 0
112527 133 2 1 0
112937 133 4 3 0
197610 133 4 1 0
198142 133 2 1 0
199272 133 2 1 0
205802 133 2 3 0
212810 133 4 3 0
241109 133 3 1 0
256826 133 4 3 0
281387 133 4 1 0
380187 133 4 3 0
111396 134 4 1 0
111968 134 2 3 0
112388 134 3 1 0
113329 134 2 1 0
271152 134 3 0 0
283043 134 2 1 0
111398 135 3 2 0
112550 135 1 1 0
197383 135 3 1 0
197908 135 4 1 0
199429 135 2 1 0
256710 135 3 1 0
256758 135 2 1 1
256775 135 3 0 0
267284 135 4 3 0
270973 135 4 0 0
281385 135 2 1 0
281506 135 4 1 0
281763 135 2 1 0
281902 135 4 1 0
415803 135 4 3 1
111395 136 3 1 0
111546 136 4 4 1
111722 136 2 1 0
111743 136 3 1 0
112547 136 3 1 0
142860 136 4 3 0
198231 136 2 1 0
248041 136 2 3 0
248042 136 3 3 0
281507 136 3 1 1
281704 136 3 1 0
281854 136 2 3 0
80255 137 4 3 0
111966 137 3 1 0
112551 137 3 1 0
112834 137 2 1 1
113291 137 2 1 0
167574 137 2 1 0
198350 137 3 3 0
241111 137 3 3 0
256709 137 2 1 0
271880 137 2 0 0
278466 137 4 3 0
281919 137 2 1 0
111744 138 2 3 0
112953 138 3 1 0
113489 138 2 1 0
166893 138 3 2 0
167139 138 3 1 0
198121 138 1 1 0
199433 138 2 0 0
256821 138 3 1 0
271153 138 3 3 0
111954 139 4 1 0
112936 139 4 1 0
167573 139 3 4 0
167878 139 2 1 0
270972 139 2 0 0
271422 139 3 3 1
281521 139 3 1 0
369222 139 3 3 0
111400 140 4 3 0
112837 140 2 1 0
166890 140 3 0 0
198233 140 2 2 0
199346 140 4 1 0
282065 140 3 3 0
282620 140 3 3 0
293249 140 3 2 0
427722 140 3 3 0
112340 141 3 3 0
198828 141 4 3 0
207054 141 3 3 0
256708 141 3 3 0
281520 141 3 1 0
282075 141 2 1 0
282201 141 3 1 1
282359 141 2 1 0
282794 141 2 4 1
111742 142 4 1 0
112767 142 3 1 0
112778 142 2 3 0
159028 142 2 3 0
166690 142 3 3 1
199349 142 3 3 0
281743 142 2 1 0
281979 142 3 1 0
46610 143 3 3 0
166737 143 4 3 0
198409 143 3 0 0
199434 143 3 3 0
254910 143 3 3 0
282342 143 4 1 0
111611 144 4 1 0
166784 144 3 3 0
199316 144 4 1 0
280576 144 3 3 0
281522 144 3 1 1
281601 144 3 1 0
282618 144 3 0 1
383674 144 1 3 0
41485 145 2 3 1
53014 145 2 3 0
111705 145 3 1 0
111956 145 4 3 0
112399 145 4 1 0
266429 145 1 3 0
281978 145 3 0 0
167463 146 4 1 0
168121 146 3 3 1
258107 146 3 3 1
281866 146 1 1 0
281867 146 3 1 0
282640 146 2 3 0
283000 146 4 1 0
320234 146 4 3 0
460682 146 4 3 0
562152 146 2 2 0
111967 147 1 1 1
112317 147 3 3 0
199318 147 3 3 0
280574 147 3 1 0
282361 147 3 3 0
282995 147 2 1 0
481920 147 2 3 0
4222 148 3 2 0
228870 148 2 3 0
236210 148 3 2 1
281523 148 4 2 0
282128 148 3 1 0
258100 149 3 3 0
258104 149 3 1 0
282259 149 3 1 1
282669 149 3 1 1
420987 149 3 3 1
460681 149 3 3 0
235961 150 2 3 0
301388 150 3 2 0
361397 150 3 3 0
167838 151 2 1 1
178104 151 2 3 0
256117 151 2 1 0
440049 151 2 3 0
478611 151 3 3 0
167818 152 4 1 0
168020 152 2 1 0
282957 152 4 2 1
433293 152 3 3 1
483797 152 2 3 0
168231 153 4 1 0
420988 153 3 3 0
167743 154 2 1 0
282671 154 4 1 0
282722 154 1 1 0
282953 154 3 0 1
167839 155 3 1 0
282360 155 3 1 0
168023 156 2 3 0
299127 156 2 3 0
146509 157 2 2 0
167666 157 1 3 0
167938 157 5 1 0
282956 158 3 1 0
342241 158 4 3 0
167939 159 2 1 0
257439 159 3 3 0
257805 160 4 1 0
356467 160 3 3 0
96864 161 3 1 0
97606 161 2 1 1
103688 161 2 3 0
131316 161 2 3 0
166709 161 2 3 0
256114 161 2 3 0
256885 161 3 1 0
257399 161 4 1 0
96865 162 2 1 0
97814 162 3 1 0
166710 162 1 4 0
96773 163 3 1 0
167808 163 2 1 0
256882 163 3 0 0
96863 164 2 0 0
96866 164 2 1 0
97991 164 2 1 0
98974 164 3 1 0
256624 164 2 1 1
257821 164 3 3 1
97319 165 3 1 0
98243 165 2 1 0
168039 165 3 1 0
167649 166 4 1 0
167889 166 2 1 0
96868 167 2 3 0
97323 167 2 2 0
98522 167 2 1 0
166708 167 4 3 0
167652 167 2 3 0
168041 167 2 3 0
256883 167 3 0 0
59524 168 2 3 0
97164 168 2 1 1
97295 168 1 3 0
97938 168 3 1 0
98038 168 3 4 1
98305 168 2 0 0
98308 168 3 1 1
98311 168 3 1 0
145876 168 4 3 0
167241 168 3 1 0
258046 168 3 1 0
97156 169 3 4 0
98244 169 3 3 0
98585 169 3 3 0
257816 169 3 1 0
97845 170 2 1 0
98306 170 3 0 0
98845 170 2 1 0
136641 170 2 0 0
473252 170 3 3 0
96565 171 3 3 0
96762 171 3 1 0
97173 171 3 1 0
97296 171 2 3 0
97312 171 3 4 1
97586 171 2 1 0
97775 171 2 1 0
98572 171 2 1 0
98615 171 3 1 0
145873 171 3 1 0
145874 171 4 1 1
256371 171 3 1 0
334994 171 4 3 0
97088 172 3 1 0
97324 172 4 3 0
98203 172 3 3 1
98496 172 3 1 0
98567 172 4 3 0
98602 172 3 1 0
98752 172 4 3 0
167195 172 3 4 0
168224 172 4 3 0
210558 172 3 3 0
50748 173 3 3 0
97321 173 1 1 1
97980 173 2 1 0
98310 173 4 3 0
98491 173 1 1 0
99104 173 3 1 0
166518 173 3 4 0
258045 173 2 1 0
96614 174 3 1 0
96785 174 2 1 0
97322 174 1 1 0
98748 174 3 1 0
140405 174 1 3 0
145584 174 2 3 0
167640 174 3 3 0
250653 174 3 3 0
335272 174 3 2 0
96575 175 2 1 0
96620 175 3 3 0
97043 175 2 1 0
97087 175 2 1 0
97363 175 2 1 0
97557 175 2 1 1
98309 175 3 3 1
98565 175 4 0 0
98784 175 3 3 0
99357 175 3 1 0
97083 176 2 1 0
97090 176 2 3 0
97170 176 4 1 0
97350 176 2 1 0
97978 176 2 0 0
98086 176 4 1 0
98139 176 2 1 0
98297 176 3 1 0
98386 176 2 3 0
98493 176 3 1 0
99169 176 4 3 0
167204 176 3 2 0
304053 176 2 1 0
96879 177 2 1 0
97429 177 3 1 0
97539 177 3 1 0
98294 177 2 4 0
167646 177 3 1 0
72239 178 3 3 0
98075 178 2 1 1
98330 178 2 1 0
99138 178 2 1 0
99229 178 3 1 0
99306 178 3 1 0
99360 178 2 1 0
166631 178 2 3 0
335282 178 3 3 0
97045 179 2 3 0
97556 179 3 1 0
98490 179 3 1 0
98655 179 1 1 1
255960 179 4 1 0
257881 179 2 1 1
97081 180 3 1 0
97546 180 2 2 0
97738 180 2 1 0
98270 180 3 0 0
98296 180 2 1 0
99235 180 3 1 0
273001 180 3 3 0
96577 181 2 3 0
96914 181 2 1 0
97084 181 2 3 0
97161 181 3 1 1
97360 181 3 1 0
98122 181 2 1 1
98196 181 3 3 0
98366 181 3 3 0
99303 181 3 1 0
99358 181 3 3 0
149466 181 3 3 0
255963 181 2 3 0
97198 182 3 1 0
97543 182 2 0 0
98186 182 4 2 0
492976 182 3 3 1
97810 183 2 1 0
167645 183 4 3 0
256421 183 3 1 0
256975 183 2 1 0
3039 184 3 3 0
97544 184 2 1 0
97834 184 3 1 0
98049 184 3 1 0
98074 184 3 1 0
98183 184 3 3 0
98429 184 2 0 0
98804 184 3 3 0
99048 184 3 3 0
99274 184 4 0 0
255962 184 3 3 0
96742 185 3 4 0
98756 185 3 4 0
99145 185 4 1 0
99175 185 2 0 0
153464 185 3 4 1
3033 186 4 4 1
96845 186 1 1 0
97101 186 3 3 0
97545 186 2 2 0
97568 186 2 2 0
98632 186 3 3 0
98950 186 2 0 0
99005 186 2 1 0
442259 186 2 3 0
97742 187 3 3 1
98259 187 3 3 1
99237 187 2 1 0
256976 187 3 1 0
257453 187 3 1 0
96996 188 2 1 0
97146 188 3 0 1
97813 188 3 3 1
98041 188 3 1 0
98116 188 3 1 0
37303 189 2 3 1
98043 189 4 3 0
98439 189 3 3 0
98487 189 2 3 0
99006 189 1 1 0
299218 189 2 3 0
498584 189 3 3 1
97148 190 3 1 1
97532 190 4 1 0
98991 190 3 3 0
256973 190 3 0 1
257871 190 2 1 0
84921 191 2 2 1
97772 191 3 3 0
98637 191 2 1 0
98639 191 4 3 0
98329 192 3 1 0
98379 192 3 1 0
99088 192 3 1 0
187177 192 3 3 0
256525 192 3 3 0
98568 193 4 1 0
99007 193 3 3 0
254592 193 4 3 1
256972 193 2 0 0
265143 193 2 3 0
453247 193 3 3 0
97438 194 2 1 0
98626 194 2 1 0
99091 194 3 3 0
167672 194 1 3 0
256767 194 2 1 0
454831 194 2 3 0
56390 195 4 3 0
90315 195 3 4 0
443818 195 4 3 0
98289 196 1 1 0
98553 196 3 1 0
111987 196 3 3 0
256522 196 3 1 0
491818 196 3 3 0
501294 196 1 1 0
528259 196 2 3 0
229138 197 3 3 0
97441 198 3 3 0
98794 198 4 1 0
229137 198 2 3 0
258144 198 2 1 0
501293 198 3 4 0
189303 199 2 3 0
229134 199 3 0 0
257343 199 2 1 0
257911 199 4 1 0
258021 199 3 0 0
185390 200 3 3 0
501296 200 2 3 0
98291 201 2 3 0
98610 201 2 1 0
256432 201 3 1 0
257161 201 2 1 0
257790 201 2 3 0
468718 201 3 3 0
256113 202 3 1 0
98406 203 2 1 0
256657 203 3 4 0
60066 204 2 1 0
257290 204 3 1 0
256435 206 4 1 0
256505 206 3 3 0
58611 207 3 1 0
112046 207 1 0 0
256761 207 2 3 0
258272 207 3 1 0
59659 208 3 1 0
111983 208 4 0 1
256252 208 3 3 0
256656 208 4 4 1
257109 208 2 1 0
258270 208 3 0 0
59764 209 2 3 0
195962 209 3 3 0
256966 209 2 0 0
58610 210 2 1 0
59141 210 2 1 0
256503 210 3 1 0
257810 210 3 3 0
258071 210 3 3 0
315219 210 2 3 0
437779 210 3 3 0
111548 211 2 1 0
357250 211 2 3 0
256321 212 3 4 0
256317 213 4 3 0
256705 213 2 3 0
258047 213 2 1 0
258271 213 4 1 0
58613 214 2 3 0
60550 214 3 1 1
257813 214 3 3 0
257140 215 2 3 0
257539 215 2 1 0
257141 216 3 0 0
257411 216 3 1 0
58995 217 4 1 0
547850 217 2 1 0
256108 218 2 1 0
256319 218 4 3 0
256564 218 2 1 0
256969 218 2 1 1
547117 218 4 1 0
58994 219 4 1 0
547852 219 3 3 0
547998 219 2 1 0
548131 219 4 1 1
60648 220 1 1 0
256079 220 2 4 1
256437 220 2 1 0
256574 220 3 3 0
258253 220 2 3 0
419474 220 2 3 0
23498 221 2 3 0
256879 221 2 1 0
257113 221 2 1 0
314333 221 3 3 1
547118 221 3 1 0
547857 221 2 1 0
548016 221 2 1 0
548191 221 3 1 0
58997 222 3 3 1
59569 222 3 3 0
59948 222 2 4 0
60002 222 3 1 1
60033 222 3 1 0
257356 222 3 1 0
419473 222 2 3 0
59849 223 3 3 0
60645 223 2 1 0
107180 223 4 2 0
256509 223 2 1 0
256566 223 3 3 1
256664 223 2 1 0
257442 223 4 1 0
257667 223 2 1 0
257758 223 4 1 0
59848 224 3 1 0
60275 224 4 2 0
257288 224 4 3 1
59722 225 3 1 0
60294 225 2 4 0
257909 225 3 3 1
314330 225 3 1 0
546900 225 2 1 0
548034 225 3 1 0
58944 226 3 1 0
58966 226 3 1 0
256508 226 4 1 0
256910 226 2 3 1
257444 226 2 2 0
547063 226 2 1 0
548037 226 2 2 1
548038 226 3 3 0
32196 227 3 2 0
58672 227 3 3 0
60032 227 3 1 1
107045 227 5 3 0
256510 227 3 3 0
257262 227 4 1 0
370712 227 3 3 0
548036 227 3 1 0
59086 228 2 1 0
59717 228 3 3 0
60293 228 2 3 1
256700 228 1 1 0
370711 228 2 1 1
59078 229 3 1 0
60287 229 4 2 0
72705 229 2 3 0
256296 229 3 1 0
257359 229 4 3 0
258328 229 2 1 0
547062 229 3 1 0
59080 230 2 1 0
254035 230 2 2 0
256159 230 3 1 0
256161 230 4 3 0
256512 230 3 3 0
257023 230 3 2 0
267862 230 3 3 0
58567 231 4 1 1
59432 231 3 1 1
256911 231 3 3 1
258150 231 3 1 0
547523 231 3 1 0
58565 232 2 3 0
59352 232 4 1 0
60532 232 3 1 0
88420 232 4 3 0
59122 233 3 1 0
59346 233 2 4 0
59836 233 2 0 0
60266 233 2 1 0
60342 233 1 1 0
256701 233 4 3 0
319361 233 3 3 0
460693 233 1 2 0
59701 234 4 1 0
256019 234 1 1 0
256297 234 4 1 0
256300 234 3 3 0
258151 234 4 3 0
258326 234 4 1 0
272967 234 2 3 0
547582 234 1 1 0
59351 235 3 1 0
60092 235 3 1 0
258327 235 4 1 0
60605 236 3 1 0
196951 236 2 1 0
247252 236 2 3 1
256304 236 2 3 0
256905 236 4 2 0
37999 237 3 3 0
59350 237 3 4 0
257919 237 3 3 0
371652 237 3 0 0
371654 237 5 1 0
451271 237 4 3 0
526139 237 4 3 0
59768 238 2 1 0
60285 238 1 1 0
369814 239 4 1 0
548167 239 4 1 0
59766 240 2 0 0
59776 240 2 1 0
258118 240 3 1 0
259342 240 3 3 0
369708 240 2 0 0
450409 240 2 1 0
451272 240 3 3 0
516557 240 2 2 0
59700 241 4 1 0
256570 241 3 0 0
399292 241 3 4 1
369088 242 2 3 0
59260 243 3 3 0
59702 243 2 3 0
60296 243 4 1 0
257692 243 3 1 0
370175 243 2 2 0
370336 243 2 0 0
59258 244 1 1 0
60037 244 3 1 0
60695 244 4 1 0
60696 244 2 3 0
60699 244 2 1 0
60790 244 2 1 0
257135 244 2 4 1
257190 244 2 1 0
59519 245 2 1 0
60514 245 2 1 0
257560 245 3 3 0
369064 245 1 1 0
403566 245 4 3 0
58557 246 3 2 0
452671 246 2 3 0
59537 247 2 1 0
60038 247 4 3 0
256294 247 2 3 0
257569 247 2 3 0
369089 247 4 4 1
369239 247 3 3 0
369904 247 3 4 1
370060 247 2 1 0
59769 248 2 2 1
351675 248 3 3 0
370553 248 2 3 0
59461 249 4 4 1
59829 249 4 1 0
59830 249 3 3 0
60570 249 3 1 0
232590 249 2 2 0
257561 249 3 3 0
369256 249 4 1 0
58786 250 2 0 0
348715 250 3 3 1
59805 252 4 4 0
59456 253 4 4 0
59827 253 3 2 0
60390 253 3 4 0
100411 253 2 4 0
369453 253 3 1 0
370491 253 3 1 0
60571 254 2 3 0
128246 254 3 3 0
369455 254 2 1 0
522891 254 3 3 0
370061 256 4 2 0
370347 256 2 1 0
370493 256 3 3 0
369426 257 4 1 0
61358 258 3 1 0
348884 258 1 0 0
370063 258 1 3 0
58882 259 3 1 0
61357 259 3 1 0
369841 259 1 1 0
369947 259 2 3 0
370165 259 3 1 0
59516 260 2 3 0
61524 261 2 1 0
62118 261 3 1 0
62642 261 4 1 0
370940 261 2 1 0
62837 262 3 1 0
370193 262 2 0 0
370681 262 2 1 0
370114 263 3 3 0
62893 264 3 1 0
369737 264 3 3 0
370703 264 4 1 0
61758 265 3 1 0
62840 265 2 3 0
370099 265 4 3 0
370197 265 3 2 0
61525 266 2 3 0
370127 266 2 1 0
370349 266 3 3 0
370942 266 4 1 0
61195 267 2 1 0
62847 267 4 1 0
369450 267 2 3 0
370064 267 3 2 0
370683 267 3 2 0
61144 268 2 1 0
61328 268 3 3 0
60950 269 3 1 0
61331 269 1 1 0
369760 269 4 1 0
370490 269 3 0 0
61196 270 3 3 0
61468 270 3 1 0
62644 270 3 3 0
369052 270 2 1 0
370500 270 3 3 0
370939 270 3 1 0
61019 271 2 2 0
61983 271 4 1 0
370123 271 3 0 0
370233 271 2 1 0
61394 272 2 1 0
61722 272 3 4 1
62770 272 3 1 0
370194 272 3 0 0
370632 272 1 1 0
30207 273 2 2 0
60949 273 3 1 0
61069 273 3 1 0
62769 273 2 1 0
88906 273 3 2 0
369761 273 3 1 0
30208 274 4 4 0
61012 274 3 2 0
62114 274 3 3 1
370631 274 1 1 0
370943 274 3 3 0
470112 274 4 3 0
61436 275 2 3 0
370971 275 3 2 0
30555 276 3 1 0
61000 276 2 3 0
10063 277 3 3 0
61254 277 2 1 0
61540 277 3 1 0
62213 277 4 1 0
62833 277 2 1 0
88907 277 3 2 0
252018 277 3 0 0
30205 278 3 0 0
61461 278 2 1 0
61639 278 3 1 0
62098 278 3 1 0
252962 278 3 1 0
369125 278 3 2 0
30554 279 4 1 0
61116 279 2 1 0
61182 279 2 1 0
61815 279 2 1 0
62479 279 2 1 0
63058 279 2 3 0
63093 279 4 1 0
63100 279 3 4 0
63212 279 3 3 0
232974 279 4 2 0
253102 279 2 4 1
60999 280 3 3 1
61114 280 2 3 0
61542 280 2 3 0
370124 280 3 3 0
398817 280 3 3 0
62187 281 4 1 0
62647 281 2 4 0
370704 281 3 1 0
435546 281 3 2 0
61118 282 2 1 0
61158 282 1 1 1
63000 282 2 1 0
253070 282 4 1 0
61660 283 2 4 1
61934 283 4 4 1
252851 283 2 4 0
315475 283 2 2 0
397708 283 3 1 0
454208 283 3 3 0
30823 284 3 1 0
31602 284 3 3 0
82251 284 3 2 0
252693 284 3 3 0
61120 285 4 3 0
61590 285 4 1 0
62392 285 4 3 1
253207 285 2 1 0
30307 286 3 1 1
397707 286 2 1 0
491576 286 2 3 0
251972 287 3 1 0
556419 287 2 3 0
62388 288 2 1 0
63090 288 2 3 0
126290 288 4 3 0
252688 288 3 1 0
397268 288 2 1 0
30999 289 4 1 0
31033 289 2 1 0
380755 289 2 0 0
313419 290 2 3 0
380921 290 2 0 0
399456 290 2 1 0
397267 291 3 1 0
17025 292 3 3 1
31175 292 2 1 0
380757 292 3 3 0
393452 292 4 3 0
17024 293 2 3 1
31000 293 2 1 0
380916 293 2 1 0
30275 294 4 1 0
30587 295 2 1 0
491574 295 2 1 0
29997 296 2 1 0
252700 296 3 1 0
491426 296 1 1 0
30896 298 3 3 0
249993 298 3 3 0
252689 298 1 1 0
252704 298 3 3 0
380917 298 3 3 0
380918 298 3 3 1
30893 299 3 1 0
29930 300 2 3 0
30978 300 3 1 1
132715 300 3 2 0
236869 300 3 3 0
379443 300 2 1 0
431301 300 3 2 0
31010 301 2 1 0
251343 301 3 1 0
251632 301 2 1 0
30740 302 2 1 0
215804 302 3 2 0
249989 302 3 3 0
252938 302 2 1 0
331072 302 3 2 0
30977 303 2 1 0
252272 303 2 1 0
253470 303 3 1 0
379640 303 2 1 0
30382 304 3 1 0
30812 304 3 4 1
30288 305 2 1 1
30373 305 2 4 0
32743 305 4 3 0
233606 305 3 2 0
251280 305 2 1 0
253085 305 2 1 0
379362 305 4 1 0
379852 305 2 1 0
492786 305 1 1 0
30427 306 2 1 0
32673 306 2 3 0
32744 306 3 3 0
379483 306 2 3 1
30892 307 3 3 0
251737 307 3 1 0
379858 307 2 1 0
30872 308 2 3 0
134841 308 3 3 0
193106 308 3 3 0
251283 308 4 3 0
252523 308 2 1 0
253226 308 3 1 0
325901 308 3 3 0
492730 308 2 1 0
30811 309 4 3 0
31625 309 4 3 0
134837 309 1 0 0
251325 309 3 3 1
252274 309 3 3 0
379490 309 4 3 0
473952 309 3 3 1
30426 310 3 1 0
30656 310 2 1 0
135258 310 3 3 0
379822 310 2 1 0
379859 310 4 1 0
379861 310 3 1 0
492729 310 2 1 0
193103 311 2 0 1
251355 311 2 4 1
251657 311 4 1 0
251886 311 2 1 0
379767 311 3 1 0
379848 311 4 3 0
474123 311 3 1 0
492174 311 3 1 1
30401 312 4 1 0
252536 312 3 1 0
253227 312 3 1 0
391994 312 3 4 0
444136 312 3 3 0
492732 312 3 3 0
30400 313 3 1 0
31220 313 3 3 1
239845 313 3 2 1
252524 313 2 3 0
252528 313 2 1 0
264247 313 4 3 1
296909 313 4 3 0
380678 313 1 3 0
391984 313 2 2 0
537290 313 3 3 0
18182 314 3 3 0
30006 314 3 3 1
251773 314 2 1 0
253198 314 1 1 0
350989 314 2 4 0
379636 314 3 1 0
379768 314 2 1 0
380255 314 2 3 0
392293 314 4 3 0
492738 314 2 4 1
29996 315 4 0 0
171383 315 3 3 0
212354 315 3 3 0
248863 315 3 3 1
264251 315 2 3 1
269121 315 3 3 0
30004 316 3 1 0
30689 316 3 1 0
78627 316 3 3 1
252646 316 2 1 0
253506 316 3 4 1
359984 316 2 3 0
379792 316 2 0 0
380485 316 2 3 0
460715 316 2 3 0
252535 317 3 1 0
253204 317 3 1 0
339665 317 3 2 0
379258 317 3 3 0
379363 317 1 1 0
379791 317 2 0 0
380515 317 2 2 0
490026 317 2 3 1
19258 318 3 2 0
30007 318 2 1 0
251778 318 4 3 0
380627 318 3 1 0
464137 318 3 3 0
251939 319 3 1 0
252049 319 3 1 0
252073 319 2 2 0
252561 319 3 1 0
253203 319 3 1 0
298874 319 3 3 0
379765 319 3 1 0
379771 319 2 3 0
380497 319 2 1 0
30002 320 4 3 0
77873 320 3 3 0
248864 320 4 3 0
379219 320 3 1 0
379709 320 4 1 0
379752 320 4 1 0
380229 320 3 1 0
395175 320 3 3 0
251352 321 2 1 0
251596 321 2 1 1
252457 321 3 1 0
260457 321 4 3 0
332991 321 3 3 0
379170 321 2 1 0
379751 321 2 0 0
379769 321 3 2 0
379770 321 3 3 0
522278 321 4 2 0
30180 322 3 1 1
118130 322 3 1 0
379540 322 2 0 0
379648 322 3 1 0
379754 322 3 2 0
380582 322 3 1 0
454411 322 2 3 0
40436 323 2 1 0
253457 323 3 1 0
290889 323 3 3 0
379650 323 2 2 0
379793 323 4 1 0
379821 323 4 1 0
380457 323 4 1 0
393340 323 2 1 0
522275 323 1 0 0
117654 324 3 1 0
252585 324 3 1 0
252826 324 4 1 0
253185 324 2 1 0
298880 324 3 3 0
379979 324 2 3 0
562693 324 3 3 0
118129 325 3 1 0
251480 325 2 1 0
379706 325 4 0 0
379766 325 3 1 0
393341 325 2 1 0
201251 326 3 2 0
251580 326 2 1 0
253192 326 3 3 0
253459 326 3 3 0
384740 326 4 3 0
393255 326 3 1 0
522638 326 3 2 0
205126 327 4 3 0
244642 327 3 2 0
248855 327 2 3 0
251565 327 2 1 0
252133 327 3 1 0
253136 327 3 1 0
255492 327 2 3 0
260060 327 3 4 1
298879 327 3 1 0
380115 327 3 3 0
380420 327 3 3 1
380580 327 2 1 0
393343 327 3 3 0
393924 327 3 2 0
521282 327 3 4 1
205123 328 3 1 0
251514 328 2 1 0
251943 328 3 1 0
252755 328 1 1 0
253199 328 3 3 0
290725 328 3 3 0
380111 328 2 1 0
380972 328 3 2 1
451392 328 4 2 0
471765 328 3 3 0
40437 329 4 2 0
90606 329 4 3 0
118295 329 3 1 0
222155 329 4 3 0
251488 329 3 1 0
251503 329 2 1 0
251856 329 2 1 0
252132 329 3 1 0
252997 329 4 1 0
253193 329 2 1 0
205120 330 2 3 0
251273 330 3 1 0
251481 330 1 1 0
251577 330 2 1 0
251591 330 3 1 0
253190 330 2 1 1
253240 330 4 1 0
312661 330 2 2 0
380109 330 2 0 0
380640 330 3 1 0
394010 330 4 1 0
222152 331 3 1 0
251512 331 2 1 0
251781 331 3 1 0
252299 331 3 1 0
253241 331 4 1 0
389914 331 2 3 0
393254 331 4 1 0
394249 331 2 1 0
491587 331 2 3 0
118168 332 2 1 0
252100 332 3 1 0
252259 332 3 3 0
252392 332 4 1 0
252952 332 3 1 0
253011 332 2 3 0
253195 332 2 3 0
380113 332 2 1 0
380707 332 4 1 0
394009 332 2 1 0
394461 332 3 1 0
395003 332 3 1 0
471766 332 4 3 0
550556 332 2 3 0
161063 333 4 3 0
223781 333 2 3 0
251587 333 3 1 0
251764 333 3 1 0
252643 333 3 2 1
253191 333 3 3 0
253238 333 4 1 0
380479 333 3 1 0
118498 334 2 1 0
119405 334 1 1 0
119426 334 4 1 1
119428 334 2 3 1
222153 334 2 1 0
251321 334 2 1 0
251892 334 4 1 1
253186 334 2 1 0
253194 334 4 1 0
380349 334 2 3 0
390972 334 2 4 0
394395 334 3 1 0
118165 335 2 1 0
118496 335 2 3 0
222151 335 3 1 0
245902 335 2 2 0
248972 335 4 1 0
251755 335 2 1 0
251893 335 1 1 0
252088 335 4 1 0
252855 335 4 3 0
380114 335 3 3 0
380447 335 2 1 0
395074 335 3 1 0
501996 335 3 3 0
117995 336 4 1 0
118443 336 3 0 0
245480 336 1 4 0
253196 336 2 3 1
342973 336 2 3 0
381046 336 1 1 0
7750 337 3 3 1
118167 337 2 1 0
118178 337 2 1 0
118393 337 2 1 0
118519 337 3 1 0
119339 337 3 1 0
119427 337 3 2 0
161068 337 3 3 0
248971 337 3 1 0
251544 337 3 2 0
251894 337 2 1 1
252954 337 2 3 0
372120 337 3 3 0
393625 337 3 1 0
393761 337 4 1 0
407080 337 3 3 0
504155 337 3 3 0
117994 338 2 1 0
118179 338 2 1 0
118815 338 3 4 0
119180 338 3 1 0
119242 338 2 3 0
119512 338 3 4 1
119596 338 2 1 0
141345 338 2 3 0
222347 338 3 1 0
251887 338 4 2 0
252060 338 3 1 0
253235 338 4 1 0
380348 338 3 3 0
393626 338 2 3 1
394826 338 3 1 0
395117 338 3 1 0
463432 338 2 3 0
7749 339 2 3 0
117748 339 2 1 0
118149 339 3 1 0
118723 339 2 1 0
118873 339 2 1 0
119575 339 2 1 0
121114 339 3 2 0
393990 339 3 1 0
395094 339 3 1 0
61655 340 2 3 0
117906 340 2 1 0
117999 340 2 3 0
118372 340 1 1 0
118449 340 2 4 0
118511 340 2 0 0
118598 340 3 1 0
119595 340 3 1 0
222345 340 3 1 0
251339 340 4 1 0
251578 340 3 2 0
253526 340 2 1 0
380083 340 4 1 0
394479 340 2 1 0
438303 340 3 3 0
491586 340 3 1 0
8505 341 3 3 0
80694 341 3 3 0
87095 341 3 3 0
118157 341 3 1 0
118518 341 3 1 0
118521 341 3 3 0
127731 341 2 2 0
245479 341 3 3 0
247562 341 3 1 0
248363 341 2 3 0
251520 341 2 1 0
251553 341 4 1 0
251884 341 3 0 0
253171 341 2 1 0
379454 341 4 1 0
379600 341 4 1 0
379695 341 2 1 0
380212 341 3 1 1
380482 341 3 3 0
380993 341 3 3 1
394231 341 3 1 0
394556 341 3 1 0
117886 342 3 1 0
118373 342 2 1 0
118619 342 2 2 0
222346 342 2 1 0
223101 342 3 1 0
237413 342 3 3 0
247587 342 4 1 0
248375 342 2 3 0
248961 342 2 1 0
379749 342 3 1 0
383889 342 2 2 0
393521 342 3 1 0
393623 342 3 0 0
80689 343 4 1 0
118245 343 4 1 0
118248 343 2 1 0
118870 343 3 0 0
119167 343 3 1 1
222349 343 2 3 1
379656 343 2 1 0
380513 343 2 1 0
380772 343 2 1 0
380995 343 2 1 0
393843 343 4 1 0
394739 343 2 1 0
118172 344 3 4 0
118431 344 3 4 1
119178 344 2 1 0
247022 344 3 1 1
257345 344 2 3 0
118265 345 4 1 0
118502 345 4 4 0
118806 345 4 3 1
119277 345 3 4 1
127728 345 3 2 1
223307 345 3 1 0
380272 345 3 1 0
380476 345 3 2 0
393630 345 2 1 0
393846 345 2 1 0
393910 345 4 1 0
395209 345 3 1 0
73772 346 4 3 1
118214 346 2 1 0
118523 346 3 0 0
118617 346 4 1 0
119210 346 2 0 0
119269 346 2 0 0
148196 346 3 3 0
221628 346 2 3 0
247358 346 4 1 0
247961 346 2 3 0
393189 346 3 1 0
393599 346 2 1 0
393627 346 3 0 0
393680 346 2 1 0
393911 346 4 3 0
395067 346 2 1 1
501281 346 2 3 0
7757 347 3 3 0
84362 347 3 2 0
118307 347 2 0 0
118547 347 4 1 0
119042 347 3 1 0
119218 347 2 3 0
149534 347 2 3 0
379895 347 4 3 0
380119 347 3 1 0
380896 347 3 1 0
393783 347 2 1 1
395069 347 3 3 0
447289 347 2 3 0
67731 348 4 3 0
84048 348 2 2 0
117950 348 2 1 0
119212 348 3 1 0
223570 348 3 2 0
235371 348 2 3 0
247357 348 1 0 0
248877 348 3 1 0
379420 348 2 1 0
393618 348 3 1 0
393628 348 3 1 0
394696 348 2 1 0
394807 348 4 3 0
501437 348 2 3 0
11618 349 2 0 0
67729 349 2 1 0
118059 349 3 3 0
118546 349 3 1 0
118620 349 3 3 0
119561 349 2 3 0
223577 349 2 3 1
248154 349 3 1 0
248370 349 2 1 0
248495 349 3 1 0
248525 349 2 1 0
325859 349 3 2 0
380474 349 3 0 0
394730 349 3 1 0
520435 349 3 3 1
8013 350 2 1 1
118215 350 2 1 0
118466 350 2 3 0
118545 350 3 1 0
118647 350 4 1 0
118778 350 4 4 1
118863 350 4 1 0
119066 350 3 4 1
253174 350 2 4 0
379893 350 3 1 0
380665 350 2 1 0
394144 350 3 1 0
394442 350 4 1 0
394810 350 2 1 0
111847 351 3 3 1
117965 351 2 1 0
118015 351 3 4 0
118031 351 2 1 0
118673 351 4 4 0
119358 351 2 3 0
122858 351 4 3 0
247567 351 3 3 0
248439 351 2 1 0
248925 351 2 1 0
380120 351 3 2 0
380191 351 4 1 0
393219 351 2 3 0
393786 351 2 1 0
393787 351 3 1 0
394578 351 2 1 0
394732 351 3 1 0
394907 351 3 1 0
117659 352 4 1 0
117949 352 3 1 0
118114 352 3 1 0
118597 352 3 1 0
118927 352 3 1 0
119289 352 3 1 0
157786 352 2 3 0
247279 352 2 4 0
247290 352 2 1 0
247291 352 4 1 0
248518 352 2 1 0
380121 352 4 3 0
393598 352 2 1 0
394240 352 3 1 0
6901 353 3 2 0
8378 353 3 1 1
63108 353 4 4 1
119219 353 1 3 0
119568 353 2 1 0
122409 353 1 3 1
223576 353 3 3 0
247960 353 4 3 0
248722 353 2 1 0
280666 353 3 2 1
393246 353 3 1 0
394443 353 3 1 0
394731 353 3 1 0
452775 353 3 3 0
501543 353 1 2 0
561244 353 2 3 1
7814 354 3 1 0
66083 354 3 3 0
117636 354 3 0 0
117966 354 3 1 0
117982 354 2 0 0
118931 354 2 0 0
149688 354 2 4 0
247292 354 2 1 0
248118 354 3 1 0
248198 354 4 1 0
248436 354 3 1 0
248662 354 2 4 1
248665 354 2 3 1
393946 354 2 1 0
394809 354 2 1 0
36735 355 3 3 0
118231 355 3 4 0
248437 355 2 1 0
379315 355 2 1 0
380315 355 3 2 0
380516 355 4 1 0
394426 355 3 1 0
394504 355 3 1 0
394998 355 4 1 0
395101 355 4 1 1
483474 355 2 3 0
117759 356 4 1 0
117911 356 4 0 0
117969 356 3 1 0
117978 356 2 0 0
118300 356 3 3 0
119570 356 2 3 0
149687 356 2 4 0
230831 356 1 3 0
248534 356 3 3 0
248845 356 4 1 0
379461 356 2 1 0
394041 356 3 1 1
394510 356 3 4 1
395022 356 3 1 0
7812 357 3 0 0
8452 357 2 1 0
20819 357 2 3 0
117970 357 2 3 0
118034 357 3 0 0
118426 357 4 4 1
118915 357 1 1 0
247107 357 3 1 0
248059 357 3 3 0
248450 357 3 1 0
248764 357 3 4 0
379801 357 2 1 0
380500 357 3 3 1
393218 357 3 1 0
393547 357 1 1 0
394333 357 1 1 0
394417 357 2 1 0
394772 357 3 1 0
395236 357 3 1 0
117967 358 2 3 0
118917 358 4 1 0
247523 358 4 1 0
247827 358 4 3 0
248203 358 3 1 0
248353 358 3 4 1
248438 358 3 1 0
248774 358 3 3 0
335824 358 2 3 0
379473 358 4 1 0
380357 358 1 3 0
380517 358 2 3 0
380761 358 2 1 0
393948 358 4 3 0
507171 358 3 3 0
8900 359 3 1 0
118380 359 4 0 0
247983 359 3 1 0
373184 359 4 3 0
379312 359 3 2 0
380359 359 3 1 0
380764 359 3 3 0
394053 359 3 1 0
395237 359 3 3 0
117700 360 2 1 0
118177 360 2 0 0
149681 360 2 1 0
149960 360 1 0 0
151598 360 3 3 0
247982 360 2 0 0
248236 360 3 1 0
248519 360 2 1 0
373183 360 4 3 0
394108 360 3 3 0
395000 360 4 2 1
417913 360 2 3 0
431208 360 3 3 0
119088 361 4 1 0
119585 361 2 1 0
246992 361 4 1 0
247595 361 2 3 0
248206 361 3 3 0
248393 361 2 3 0
380562 361 2 1 0
394767 361 4 1 0
394931 361 3 1 0
394996 361 2 0 0
395238 361 2 3 0
417914 361 4 3 0
459874 361 4 2 1
507170 361 4 2 0
248772 362 3 1 1
248773 362 2 3 0
380721 362 4 3 0
393472 362 2 1 0
394011 362 3 1 0
394242 362 3 3 0
417912 362 1 1 0
436501 362 2 3 0
539705 362 3 3 0
7864 363 3 1 0
8898 363 3 3 0
8903 363 3 4 1
118538 363 3 0 0
119498 363 3 1 0
149528 363 3 1 0
150096 363 2 1 1
247594 363 1 2 0
248122 363 4 3 0
248215 363 4 4 0
302858 363 3 3 1
380683 363 2 3 0
380830 363 3 2 0
394163 363 4 1 0
394276 363 3 3 0
118537 364 2 4 1
118539 364 2 1 0
149530 364 2 1 0
248522 364 3 4 1
379564 364 2 0 0
380070 364 3 2 0
393268 364 3 1 0
394472 364 2 3 1
394768 364 3 3 0
466600 364 3 3 0
