5882 0 6 6 3 1
49186 1 2 6 3 0
114826 1 3 6 0 0
133738 0 6 6 3 0
189712 1 3 6 4 0
223274 1 2 6 1 0
252671 1 4 6 3 0
290155 0 6 6 3 0
342984 0 6 6 3 0
376202 1 5 6 2 1
387689 1 3 6 4 0
419736 0 6 6 4 0
431278 0 6 6 3 1
439280 0 6 6 3 0
451137 1 5 6 1 0
458382 0 6 6 1 0
459233 1 3 6 4 1
473573 0 6 6 4 1
492557 0 6 6 3 0
222932 1 4 7 1 0
223044 0 6 7 1 0
431277 0 6 7 1 1
113510 0 6 8 0 0
223275 0 6 8 3 0
439270 1 3 8 3 0
458381 0 6 8 1 0
114053 1 3 9 0 0
210361 1 4 9 3 0
222645 0 6 9 1 1
223493 1 3 9 1 0
49184 0 6 10 0 0
201031 1 3 10 3 1
223273 0 6 10 1 0
223531 0 6 10 1 0
402058 0 6 10 2 0
431279 1 3 10 3 0
222933 0 6 11 1 1
223494 0 6 11 1 0
439936 0 6 11 4 1
458385 0 6 11 2 0
517849 0 6 11 3 0
49183 1 3 12 0 0
115025 1 3 12 4 1
222295 0 6 12 1 0
222646 0 6 12 1 0
457558 1 3 12 1 0
49289 1 3 13 3 0
114056 0 6 13 1 0
221507 0 6 13 3 1
223532 1 3 13 1 0
50149 0 6 14 4 1
195103 0 6 14 2 0
246461 0 6 14 3 0
328787 1 4 14 3 1
439937 1 3 14 4 1
451471 0 6 14 3 0
506619 0 6 14 3 0
113945 1 2 15 1 0
222928 0 6 15 1 0
223505 0 6 15 3 0
458387 0 6 15 3 0
49185 1 4 16 3 0
221740 1 4 16 1 1
222649 1 3 17 3 0
418918 0 6 17 3 0
439874 0 6 17 3 0
457557 0 6 17 1 0
222000 0 6 18 2 0
222094 0 6 18 1 0
223504 1 4 18 1 0
457564 0 6 19 3 1
222930 1 4 20 3 0
166454 1 4 21 3 1
221526 0 6 21 1 0
222304 0 6 21 3 0
457868 0 6 21 3 0
223558 1 4 22 3 1
223583 0 6 23 1 0
458658 0 6 23 3 0
166453 1 3 25 3 0
