156255 0 3 3 1
417364 0 3 3 3
446787 0 3 3 3
492189 0 4 3 3
547592 0 4 3 1
12263 0 5 3 3
12265 0 5 3 3
538362 1 6 3 3
169927 0 7 3 3
169928 0 7 3 3
417367 0 7 3 1
300201 0 8 3 3
316712 0 8 3 3
11813 0 10 3 2
419020 0 10 3 1
331924 0 11 3 4
548185 1 11 3 1
548187 1 11 3 1
548188 1 11 3 1
546434 0 14 3 1
546435 0 14 3 1
548184 0 14 3 3
548186 0 14 3 3
547331 0 15 3 1
300195 0 17 3 3
546433 0 17 3 0
546670 0 18 3 1
546672 0 18 3 1
546673 0 18 3 1
547903 0 18 3 1
548225 0 18 3 1
548227 0 18 3 1
298746 1 21 3 3
298747 1 21 3 3
546533 0 21 3 1
548042 0 21 3 1
548043 0 21 3 1
548047 0 21 3 1
299297 1 22 3 1
299298 1 22 3 1
418310 0 22 3 1
546909 0 22 3 2
298748 0 23 3 1
298750 0 23 3 1
547052 0 23 3 1
418339 0 24 3 3
546803 1 25 3 1
547904 1 25 3 1
547906 1 25 3 1
547908 1 25 3 1
547903 0 25 3 3
547906 0 25 3 3
547776 0 26 3 1
425831 1 27 3 3
547784 1 29 3 1
547790 1 29 3 1
257295 1 31 3 3
547772 1 31 3 0
547773 1 31 3 0
256539 0 34 3 1
547771 0 34 3 3
