156253 3 2 1 0
417367 3 2 3 0
446788 3 2 3 0
539819 3 2 3 0
23745 4 3 3 0
420321 4 3 4 0
492188 4 3 3 0
547591 4 3 1 0
12264 5 4 3 0
163399 5 3 3 1
177181 5 4 3 1
315363 5 4 4 1
538364 5 1 3 0
169930 7 4 3 0
417366 7 3 1 0
547672 7 2 4 1
300202 8 2 3 0
316713 8 4 3 1
83216 9 4 3 0
11812 10 2 2 0
419019 10 3 1 0
548186 10 2 1 0
300198 11 2 3 0
331925 11 3 4 0
402351 12 4 3 0
419021 13 3 3 0
513008 13 4 3 0
546420 14 3 1 0
546432 14 3 1 1
548189 14 3 3 0
301014 15 2 1 0
418731 15 4 1 0
547330 15 2 1 0
331152 16 4 3 0
548081 16 2 3 0
300197 17 3 3 1
546431 17 3 0 0
418949 18 2 1 0
546671 18 3 1 0
547906 18 2 1 0
548226 18 2 1 1
418950 19 2 1 1
546670 19 2 1 1
298750 20 3 3 0
299296 21 2 1 0
546532 21 3 1 0
547575 21 1 3 0
548044 21 2 1 0
60110 22 3 2 1
256297 22 1 4 1
418309 22 3 1 0
546910 22 3 2 0
298747 23 3 1 0
418953 23 3 3 0
547051 23 4 1 0
418340 24 2 3 0
546801 24 2 1 0
547905 24 2 1 0
547908 25 4 3 0
425832 26 1 3 0
547775 26 3 1 0
418942 27 3 4 1
547786 28 3 1 1
257294 30 1 3 0
522175 30 4 2 0
547768 30 3 0 0
257292 31 4 2 0
547785 33 3 1 0
256537 34 4 1 0
547772 34 2 3 0
