109952 2 1 1 0
243140 3 2 3 0
344763 3 2 3 0
414589 3 2 3 0
244403 4 3 1 0
291620 4 3 1 0
300201 4 2 2 0
322788 4 3 3 0
334392 4 3 2 0
116756 5 2 3 0
460981 5 4 1 0
538175 5 4 2 0
35008 6 3 1 1
243139 6 3 3 0
244265 6 2 3 0
291618 6 3 4 0
292527 6 4 1 0
300199 6 2 2 1
322794 6 3 3 0
116881 7 4 1 0
244404 7 4 1 0
34334 8 2 1 0
35011 8 2 3 0
321534 8 1 4 0
548893 8 3 3 0
115940 9 2 3 0
116543 9 2 3 0
300197 9 2 0 0
262390 10 3 3 0
34138 11 2 1 0
290795 11 2 1 1
291679 11 2 1 0
445804 11 3 3 0
32126 12 3 2 1
115767 12 4 3 0
115966 12 3 3 0
116539 12 2 1 0
34338 13 3 3 1
140839 14 3 3 0
234248 14 4 3 0
290383 14 3 3 0
33709 15 3 4 0
34337 15 4 3 0
117984 15 4 3 0
497165 15 3 3 0
34647 16 1 1 1
116123 16 3 3 0
117581 17 3 1 0
291681 17 4 1 0
292406 17 2 1 0
35287 18 2 3 0
140838 18 3 1 0
291913 18 1 1 0
292300 18 2 1 0
32591 19 2 3 0
115844 19 2 1 0
496755 19 3 3 0
498360 19 4 3 0
116690 21 2 1 0
244249 21 4 4 0
291683 21 3 3 0
496995 21 3 4 1
497050 21 3 4 0
34681 22 3 1 0
35290 22 3 3 0
35291 22 3 3 1
117584 22 3 3 0
292747 22 2 1 0
460437 22 3 3 0
480080 23 3 4 1
271833 24 2 2 1
291915 24 3 3 1
116265 25 3 1 0
34679 26 3 1 1
293017 27 4 3 0
290373 28 2 1 0
549926 28 2 3 0
19789 29 2 3 0
35891 29 4 2 0
460426 29 1 3 0
117463 30 2 1 0
290372 31 4 1 1
292127 31 3 1 0
292937 31 2 3 0
52684 32 2 3 0
291055 32 2 3 0
460428 32 2 3 0
549924 32 3 4 0
292126 33 3 0 0
292343 33 3 1 0
4874 34 4 1 0
459382 34 4 4 1
522037 34 3 2 0
290509 35 4 1 0
290706 35 1 0 0
290974 35 3 3 0
293008 35 2 0 0
292125 36 4 0 0
292292 36 4 1 0
229795 38 1 3 0
291487 38 2 4 0
293014 38 4 1 0
292779 39 3 1 0
291046 40 3 1 0
291052 40 4 1 0
291243 40 2 3 1
292833 40 1 1 0
4112 41 3 1 0
291294 41 3 2 1
292446 41 2 2 0
4699 42 3 1 0
62672 42 4 3 1
110027 42 3 3 0
229796 42 2 3 0
291095 42 4 3 0
292777 42 3 0 1
292835 42 3 1 0
360786 42 2 2 0
4113 43 3 3 1
4487 43 2 1 0
4617 43 3 1 0
291392 43 4 1 0
291836 43 2 1 0
292377 43 2 1 0
292419 43 3 1 0
292830 43 3 1 0
4236 44 2 1 0
152149 44 3 3 0
194299 44 2 2 1
292376 44 2 1 1
360787 44 1 2 0
291391 45 3 1 0
291987 45 4 1 0
293204 45 1 1 0
290477 46 2 1 0
291990 46 3 3 0
292891 46 3 1 0
339467 46 3 3 0
355349 46 3 3 0
360772 46 3 3 0
3900 47 3 3 0
4238 47 3 3 0
290292 47 3 2 0
291321 47 3 1 0
4862 48 4 1 0
5164 48 2 2 0
14728 48 4 3 0
61375 48 1 1 0
290983 48 2 1 0
292858 48 4 1 0
4863 49 2 2 0
291403 49 3 2 1
292421 49 2 1 0
3869 50 3 1 0
5120 50 4 1 0
291712 50 2 1 0
291756 50 2 1 0
293117 50 2 1 0
448831 50 2 3 0
4499 51 3 1 0
4733 51 3 0 0
61244 51 2 1 0
61557 51 3 3 0
62200 51 3 4 0
62290 51 3 3 1
62692 51 3 3 1
290984 51 3 3 0
291601 51 3 3 0
291947 51 3 3 0
5059 52 2 3 0
61560 52 2 3 0
290483 52 2 1 0
291322 52 4 3 0
292211 52 3 3 0
292857 52 3 1 1
347522 52 2 3 0
360770 52 3 1 0
362135 52 4 4 1
550500 52 2 3 0
4738 53 2 3 1
61559 53 4 3 1
62054 53 2 1 0
291202 53 3 1 0
291616 53 2 3 0
291735 53 3 1 0
292042 53 2 3 0
292423 53 3 3 0
292632 53 3 3 0
292869 53 2 1 0
360774 53 4 4 0
362028 53 3 1 1
4195 54 3 1 0
4942 54 2 3 0
62205 54 2 1 0
176921 54 2 3 1
291201 54 2 0 0
292359 54 3 1 0
293118 54 3 2 1
61241 55 4 4 0
62055 55 2 1 0
290890 55 3 1 0
339739 55 3 3 0
346701 55 3 4 0
3975 56 2 3 0
4198 56 4 3 0
61243 56 3 1 0
291010 56 2 1 0
291085 56 3 3 0
374379 56 3 2 0
20416 57 3 3 0
61792 57 3 1 0
290677 57 2 3 0
291082 57 3 1 0
291200 57 2 0 0
292728 57 2 3 0
305920 57 3 3 0
328886 57 4 3 0
347521 57 2 3 0
361646 57 1 1 0
362613 57 2 1 0
403497 57 3 2 0
4196 58 3 1 0
61246 58 3 3 0
290507 58 3 4 0
291011 58 2 1 0
292630 58 2 2 0
292734 58 3 1 0
292859 58 4 3 0
360358 58 2 1 0
5180 59 2 3 1
20417 59 3 3 0
62662 59 2 1 0
253884 59 4 3 1
290354 59 2 3 0
293215 59 2 1 0
305629 59 3 3 1
451387 59 2 2 0
4075 60 3 3 0
4151 60 4 0 0
5178 60 4 1 0
21840 60 2 3 0
62069 60 3 3 0
237291 60 3 3 0
360704 60 3 2 0
4664 61 3 1 0
5028 61 2 1 0
238253 61 2 3 1
290691 61 3 1 0
291002 61 4 2 0
292108 61 3 1 0
292622 61 4 3 0
300045 61 2 4 0
61449 62 2 1 0
62627 62 3 1 0
290293 62 2 1 0
290607 62 2 1 1
290887 62 3 3 0
291006 62 3 2 1
292526 62 3 1 0
293112 62 3 1 0
340372 62 2 2 0
451386 62 3 2 0
4152 63 3 1 1
4354 63 4 1 0
4757 63 2 1 0
5065 63 2 1 0
291199 63 3 2 1
292623 63 2 3 0
361647 63 4 1 0
5174 64 4 1 0
61025 64 3 3 1
235787 64 2 3 0
238080 64 4 2 0
300249 64 4 1 0
62068 65 4 3 0
85710 65 3 3 0
290366 65 3 4 0
291090 65 4 1 0
292454 65 2 1 0
293161 65 2 3 0
300918 65 2 1 0
482538 65 4 3 0
4625 66 2 1 0
5176 66 2 3 0
61885 66 2 1 0
290598 66 4 3 0
292524 66 2 0 1
300440 66 3 1 0
340371 66 3 2 0
492312 66 3 3 0
3808 67 3 1 0
3809 67 2 1 0
4156 67 3 3 0
290407 67 2 3 0
291940 67 2 1 0
62797 68 3 1 0
273131 68 2 2 1
291092 68 2 3 0
292964 68 2 3 0
300919 68 2 1 0
255137 69 2 3 1
291584 69 1 1 0
292804 69 3 3 0
299919 69 2 1 0
3807 70 3 1 0
5017 70 2 1 0
5352 70 3 4 1
62810 70 3 1 0
290593 70 4 1 0
292897 70 4 2 0
492307 70 2 0 0
62801 71 2 1 0
62804 71 2 1 0
290478 71 2 1 0
300088 71 2 1 0
3980 72 3 3 0
5188 72 2 1 0
5507 72 3 4 0
61884 72 2 0 0
61887 72 3 3 0
291797 72 3 1 1
301156 72 3 1 0
5506 73 3 4 0
62420 73 4 1 0
291937 73 2 1 0
292803 73 3 3 0
300296 73 3 3 0
390454 73 3 3 0
5016 74 4 1 1
62490 74 2 1 0
274185 74 4 3 0
291023 74 2 1 0
291583 74 3 1 0
493039 74 3 3 0
61335 75 3 1 0
62497 75 1 3 0
62551 75 3 1 0
274176 75 2 3 0
290781 75 3 3 0
291665 75 2 1 0
292813 75 3 1 0
300244 75 2 1 0
300302 75 2 1 1
423452 75 3 3 0
3811 76 3 3 0
3979 76 2 1 0
62806 76 4 3 0
273929 76 2 4 1
89890 77 3 2 0
4994 78 3 1 0
62381 78 2 1 0
62803 78 4 3 0
291522 78 3 1 0
291814 78 3 1 0
299496 78 3 3 0
522665 78 2 3 0
4992 79 1 1 0
63187 79 2 1 0
63192 79 3 1 0
291506 79 3 1 0
298672 79 2 1 1
377135 79 3 2 0
427463 79 2 3 0
62580 80 2 1 0
63194 80 3 3 0
291922 80 2 1 0
300914 80 4 1 0
63184 81 3 3 0
300298 81 3 3 0
300660 81 3 0 0
3742 82 3 1 0
5190 82 4 3 0
61483 82 4 1 0
61577 82 2 1 0
61994 82 2 1 0
63186 82 2 0 0
290948 82 4 1 0
291020 82 3 1 0
298899 82 3 3 0
62323 83 2 1 0
62456 83 3 1 0
62501 83 4 1 0
63188 83 5 1 0
63195 83 2 3 0
293221 83 3 1 1
299885 83 2 1 0
300680 83 3 4 0
484333 83 3 4 1
554190 83 3 3 1
61688 84 2 1 0
62587 84 1 1 0
62959 84 2 1 0
290619 84 3 3 0
300301 84 3 3 0
62454 85 2 1 0
62581 85 3 1 0
298926 85 4 0 0
300645 85 4 0 0
484343 85 3 3 0
61976 86 4 4 0
62524 86 4 1 0
62584 86 2 3 0
290611 86 3 1 0
291019 86 4 0 0
292315 86 3 1 0
292393 86 4 3 1
292795 86 2 1 0
298943 86 2 0 0
300780 86 2 0 0
553762 86 2 1 0
4034 87 4 1 0
4205 87 2 1 0
61578 87 2 1 0
61579 87 4 1 0
62453 87 4 0 0
286664 87 3 3 0
291875 87 3 1 0
292793 87 2 1 0
5025 88 3 4 0
61082 88 3 1 0
61084 88 4 3 0
61450 88 2 1 0
269842 88 1 2 0
290615 88 3 1 0
301206 88 2 3 0
495679 88 2 2 0
555433 88 3 1 1
61445 89 2 0 0
62814 89 3 1 0
291374 89 4 2 0
495677 89 3 3 1
61444 90 1 0 0
61787 90 3 1 0
62346 90 2 1 0
62509 90 3 1 0
290392 90 3 1 0
300662 90 3 3 0
495803 90 3 4 1
555136 90 2 1 0
60886 91 2 1 0
60907 91 2 1 0
61083 91 2 3 1
291375 91 2 2 0
301034 91 3 4 0
61923 92 3 4 0
62308 92 3 2 0
62526 92 3 3 0
62745 92 2 0 0
290692 92 4 1 0
291586 92 2 1 0
293170 92 4 3 0
293172 92 3 1 0
328765 92 3 2 0
61057 93 4 1 0
61191 93 3 1 1
62348 93 4 3 0
62349 93 2 3 0
63000 93 2 1 0
292046 93 3 1 0
521155 93 4 3 0
61080 94 1 0 0
62330 94 2 4 1
290809 94 4 1 0
291587 94 2 3 0
292213 94 2 1 1
293175 94 2 3 1
60888 95 3 1 0
62531 95 3 1 0
62576 95 2 1 0
62736 95 2 1 0
62796 95 3 1 0
62840 95 3 0 0
291094 95 3 4 1
408477 95 4 3 0
528899 95 2 3 0
61195 96 2 3 0
61960 96 3 4 0
62990 96 3 3 0
63001 96 3 3 0
63196 96 1 1 0
105288 96 2 3 0
61451 97 3 3 0
61602 97 3 3 0
290418 97 4 1 0
290749 97 2 1 0
296482 97 4 0 0
309575 97 3 3 0
415632 97 3 3 0
527744 97 2 3 0
62997 98 3 3 0
290417 98 3 1 0
291091 98 3 3 0
291468 98 2 3 0
293174 98 3 3 0
295255 98 1 1 0
61705 99 2 1 0
62685 99 4 4 0
105284 99 2 0 0
244117 99 2 2 1
290979 99 3 1 0
291866 99 3 1 0
291868 99 3 3 1
48746 100 3 3 1
61125 100 2 0 0
63156 100 4 3 0
291428 100 3 1 0
60889 101 2 2 0
290755 101 3 1 0
292628 101 3 1 0
291232 102 3 1 0
295215 102 2 1 0
62213 103 4 1 0
292606 103 4 1 0
61437 104 3 4 1
63163 105 2 3 0
291101 105 2 1 0
296491 105 4 2 0
342052 105 3 3 0
23309 106 3 1 0
169483 106 3 3 0
271405 106 3 3 1
291670 106 3 3 0
295216 106 2 1 0
291671 107 3 3 0
291631 108 3 3 0
29215 109 4 3 0
291159 109 2 0 0
291259 111 3 1 0
525163 111 3 3 0
264266 112 3 3 0
270951 112 3 1 1
291630 112 3 3 0
472500 112 3 2 0
271549 113 1 1 0
290806 113 4 3 0
316164 113 3 2 0
271798 114 2 3 1
292253 114 3 3 1
290307 115 2 0 0
271781 116 3 1 0
291627 116 3 1 0
316163 116 2 2 0
270355 118 2 1 0
271797 118 2 1 0
292156 118 2 0 0
271785 119 3 1 0
271535 121 2 1 0
272501 123 2 3 0
