25140 0 6 6 3 0
34336 0 6 6 1 0
60623 0 6 6 4 0
109952 1 5 6 1 0
111648 0 6 6 2 0
116754 0 6 6 1 0
185401 0 6 6 2 0
227975 0 6 6 3 0
243140 1 4 6 3 0
244403 1 3 6 1 0
291620 1 3 6 1 0
322788 1 3 6 3 0
334392 1 3 6 2 0
344763 1 4 6 3 0
414589 1 4 6 3 0
431229 0 6 6 3 0
442048 0 6 6 3 0
460981 1 2 6 1 0
482424 0 6 6 3 0
538175 1 2 6 2 0
292527 1 2 7 1 0
300201 1 4 7 2 0
35008 1 3 8 1 1
90411 0 6 8 2 0
116756 1 4 8 3 0
116881 1 2 8 1 0
243139 1 3 8 3 0
244404 1 2 8 1 0
291618 1 3 8 4 0
322794 1 3 8 3 0
414584 0 6 8 3 0
424383 0 6 8 3 0
548933 0 6 8 2 0
115941 0 6 9 4 1
244265 1 4 9 3 0
244406 0 6 9 3 0
300199 1 4 9 2 1
333009 0 6 9 3 0
134613 0 6 10 2 0
290876 0 6 10 1 0
291070 0 6 10 2 0
414585 0 6 10 4 0
482423 0 6 10 3 0
548893 1 3 10 3 0
34334 1 4 11 1 0
35011 1 4 11 3 0
109953 0 6 11 1 0
290873 0 6 11 1 0
418692 0 6 11 3 0
115940 1 4 12 3 0
116543 1 4 12 3 0
117573 0 6 12 1 0
244453 0 6 12 1 0
262390 1 3 12 3 0
300197 1 4 12 0 0
321534 1 5 12 4 0
115767 1 2 13 3 0
445804 1 3 13 3 0
548884 0 6 13 4 0
32126 1 3 14 2 1
34138 1 4 14 1 0
115966 1 3 14 3 0
290795 1 4 14 1 1
291679 1 4 14 1 0
459366 0 6 14 2 0
508396 0 6 14 2 0
34338 1 3 15 3 1
116539 1 4 15 1 0
120883 0 6 15 4 0
234248 1 2 15 3 0
244452 0 6 15 1 0
337686 0 6 15 3 1
481478 0 6 15 1 0
497162 0 6 15 3 1
34141 0 6 16 3 0
34337 1 2 16 3 0
117984 1 2 16 3 0
140839 1 3 16 3 0
290383 1 3 16 3 0
290872 0 6 16 1 0
33709 1 3 17 4 0
34135 0 6 17 3 0
35289 0 6 17 1 0
115627 0 6 17 1 0
116541 0 6 17 1 0
116542 0 6 17 2 0
290793 0 6 17 2 0
291226 0 6 17 1 0
291798 0 6 17 1 0
497165 1 3 17 3 0
116123 1 3 18 3 0
290874 0 6 18 3 0
291681 1 2 18 1 0
460436 0 6 18 2 1
35285 0 6 19 1 0
117581 1 3 19 1 0
244455 0 6 19 3 0
481482 0 6 19 3 1
497051 0 6 19 4 1
34647 1 5 20 1 1
140838 1 3 20 1 0
291503 0 6 20 1 1
292406 1 4 20 1 0
498360 1 2 20 3 0
501160 0 6 20 3 0
35284 0 6 21 1 0
35287 1 4 21 3 0
116924 0 6 21 1 0
292300 1 4 21 1 0
496755 1 3 21 3 0
497164 0 6 21 1 0
32591 1 4 22 3 0
34639 0 6 22 1 0
34651 0 6 22 3 0
115844 1 4 22 1 0
116688 0 6 22 3 0
244249 1 2 22 4 0
290875 0 6 22 3 1
291913 1 5 22 1 0
292684 0 6 22 3 0
115628 0 6 23 1 0
117460 0 6 23 1 0
290992 0 6 23 4 1
291683 1 3 23 3 0
481476 0 6 23 0 0
496995 1 3 23 4 1
497050 1 3 23 4 0
34681 1 3 24 1 0
35290 1 3 24 3 0
35291 1 3 24 3 1
115842 0 6 24 1 0
116690 1 4 24 1 0
117583 0 6 24 1 1
117584 1 3 24 3 0
140837 0 6 24 1 0
291912 0 6 24 1 0
291914 0 6 24 3 0
460437 1 3 24 3 0
117348 0 6 25 3 0
291018 0 6 25 3 0
292747 1 4 25 1 0
480080 1 3 25 4 1
290991 0 6 26 3 0
291915 1 3 26 3 1
116265 1 3 27 1 0
116691 0 6 27 1 0
117580 0 6 27 1 0
271833 1 4 27 2 1
34679 1 3 28 1 1
115708 0 6 28 3 1
116443 0 6 28 3 0
293017 1 2 28 3 0
293068 0 6 28 1 0
361002 0 6 28 2 1
4875 0 6 29 3 0
117410 0 6 29 1 0
117423 0 6 29 1 0
290374 0 6 29 1 0
460438 0 6 29 3 0
4866 0 6 30 2 1
19788 0 6 30 3 0
35891 1 2 30 2 0
293066 0 6 30 3 0
116692 0 6 31 1 0
290373 1 4 31 1 0
293015 0 6 31 1 0
549926 1 4 31 3 0
4865 0 6 32 2 0
19789 1 4 32 3 0
290372 1 2 32 1 1
290377 0 6 32 3 0
293069 0 6 32 2 0
19786 0 6 33 2 1
117463 1 4 33 1 0
292127 1 3 33 1 0
460426 1 5 33 3 0
18745 0 6 34 3 0
270528 0 6 34 3 1
290973 0 6 34 1 0
292933 0 6 34 1 0
292937 1 4 34 3 0
549924 1 3 34 4 0
549928 0 6 34 3 0
4874 1 2 35 1 0
19032 0 6 35 4 1
20056 0 6 35 3 0
52684 1 4 35 3 0
290454 0 6 35 3 0
291055 1 4 35 3 0
292126 1 3 35 0 0
292343 1 3 35 1 0
459382 1 2 35 4 1
460428 1 4 35 3 0
217352 0 6 36 3 1
290509 1 2 36 1 0
291299 0 6 36 1 0
293013 0 6 36 0 0
522037 1 3 36 2 0
290974 1 3 37 3 0
291051 0 6 37 0 0
291258 0 6 37 1 0
292125 1 2 37 0 0
292292 1 2 37 1 0
4581 0 6 38 4 0
292335 0 6 38 0 0
293008 1 4 38 0 0
556566 0 6 38 2 0
290706 1 5 39 0 0
291053 0 6 39 1 0
291300 0 6 39 3 0
292778 0 6 39 1 0
293014 1 2 39 1 0
556565 0 6 39 2 0
3910 0 6 40 1 0
4616 0 6 40 1 0
290504 0 6 40 1 0
291242 0 6 40 1 0
292294 0 6 40 3 0
292888 0 6 40 4 0
315884 0 6 40 2 0
549931 0 6 40 1 0
3911 0 6 41 1 0
5003 0 6 41 1 0
291052 1 2 41 1 0
291487 1 4 41 4 0
292779 1 3 41 1 0
293009 0 6 41 3 0
229795 1 5 42 3 0
290707 0 6 42 3 0
291046 1 3 42 1 0
291652 0 6 42 1 0
4112 1 3 43 1 0
4749 0 6 43 1 0
62672 1 2 43 3 1
202919 0 6 43 2 0
291095 1 2 43 3 0
291243 1 4 43 3 1
291294 1 3 43 2 1
292008 0 6 43 1 0
292834 0 6 43 1 0
4699 1 3 44 1 0
110027 1 3 44 3 0
291371 0 6 44 2 1
291392 1 2 44 1 0
291564 0 6 44 1 0
291649 0 6 44 1 0
291693 0 6 44 3 0
292446 1 4 44 2 0
292777 1 3 44 0 1
292833 1 5 44 1 0
292835 1 3 44 1 0
4113 1 3 45 3 1
4617 1 3 45 1 0
4753 0 6 45 0 0
229794 0 6 45 3 0
229796 1 4 45 3 0
292002 0 6 45 1 0
292419 1 3 45 1 0
292780 0 6 45 3 0
292830 1 3 45 1 0
293057 0 6 45 3 1
360786 1 4 45 2 0
4487 1 4 46 1 0
62671 0 6 46 1 0
152149 1 3 46 3 0
291836 1 4 46 1 0
291987 1 2 46 1 0
292377 1 4 46 1 0
292837 0 6 46 3 0
4236 1 4 47 1 0
194299 1 4 47 2 1
290291 0 6 47 3 0
291391 1 3 47 1 0
291706 0 6 47 1 0
291816 0 6 47 2 0
292009 0 6 47 1 0
292376 1 4 47 1 1
4110 0 6 48 0 0
4366 0 6 48 1 0
4700 0 6 48 3 0
62197 0 6 48 1 0
291395 0 6 48 1 0
291603 0 6 48 1 0
291990 1 3 48 3 0
292420 0 6 48 1 0
292891 1 3 48 1 0
339467 1 3 48 3 0
355349 1 3 48 3 0
360772 1 3 48 3 0
360787 1 5 48 2 0
3900 1 3 49 3 0
4238 1 3 49 3 0
4407 0 6 49 2 0
4734 0 6 49 1 0
4862 1 2 49 1 0
14728 1 2 49 3 0
290292 1 3 49 2 0
290477 1 4 49 1 0
291321 1 3 49 1 0
291988 0 6 49 1 0
292858 1 2 49 1 0
293204 1 5 49 1 0
4744 0 6 50 1 0
5267 0 6 50 3 0
62284 0 6 50 1 0
92668 0 6 50 2 0
291709 0 6 50 3 0
4251 0 6 51 3 0
5119 0 6 51 1 0
5120 1 2 51 1 0
5164 1 4 51 2 0
61553 0 6 51 1 0
290513 0 6 51 1 0
290983 1 4 51 1 0
291403 1 3 51 2 1
292212 0 6 51 3 0
292860 0 6 51 3 0
293212 0 6 51 1 0
3869 1 3 52 1 0
4311 0 6 52 1 0
4490 0 6 52 3 1
4863 1 4 52 2 0
61006 0 6 52 3 0
61375 1 5 52 1 0
61552 0 6 52 1 0
290479 0 6 52 3 0
292421 1 4 52 1 0
292549 0 6 52 1 0
360769 0 6 52 1 0
360771 0 6 52 1 0
3898 0 6 53 2 0
4154 0 6 53 1 0
4499 1 3 53 1 0
4733 1 3 53 0 0
5165 0 6 53 3 0
61557 1 3 53 3 0
62200 1 3 53 4 0
62290 1 3 53 3 1
62692 1 3 53 3 1
158716 0 6 53 3 0
290476 0 6 53 1 0
290480 0 6 53 3 0
290984 1 3 53 3 0
291322 1 2 53 3 0
291601 1 3 53 3 0
291708 0 6 53 3 0
291712 1 4 53 1 0
291756 1 4 53 1 0
291947 1 3 53 3 0
292422 0 6 53 3 0
293117 1 4 53 1 0
360652 0 6 53 4 1
362135 1 2 53 4 1
448831 1 4 53 3 0
61244 1 4 54 1 0
61559 1 2 54 3 1
290981 0 6 54 3 1
291615 0 6 54 1 0
292211 1 3 54 3 0
292857 1 3 54 1 1
360768 0 6 54 3 0
360770 1 3 54 1 0
360774 1 2 54 4 0
4148 0 6 55 0 0
4312 0 6 55 3 0
4940 0 6 55 1 0
5059 1 4 55 3 0
61555 0 6 55 2 0
61558 0 6 55 3 0
61560 1 4 55 3 0
290483 1 4 55 1 0
291083 0 6 55 1 0
291202 1 3 55 1 0
291735 1 3 55 1 0
292423 1 3 55 3 0
292632 1 3 55 3 0
347522 1 4 55 3 0
362028 1 3 55 1 1
467598 0 6 55 3 0
550500 1 4 55 3 0
4195 1 3 56 1 0
4668 0 6 56 1 0
4738 1 4 56 3 1
61241 1 2 56 4 0
61245 0 6 56 1 0
62054 1 4 56 1 0
63160 0 6 56 1 0
291616 1 4 56 3 0
292042 1 4 56 3 0
292359 1 3 56 1 0
292869 1 4 56 1 0
293118 1 3 56 2 1
293203 0 6 56 1 0
328885 0 6 56 3 0
4198 1 2 57 3 0
4942 1 4 57 3 0
5074 0 6 57 4 1
60103 0 6 57 2 0
61554 0 6 57 1 0
62205 1 4 57 1 0
62291 0 6 57 3 0
176921 1 4 57 3 1
290675 0 6 57 1 0
290890 1 3 57 1 0
291201 1 4 57 0 0
292621 0 6 57 1 0
339739 1 3 57 3 0
346701 1 3 57 4 0
360775 0 6 57 1 0
451389 0 6 57 3 1
61243 1 3 58 1 0
62055 1 4 58 1 0
63161 0 6 58 1 0
291085 1 3 58 3 0
291946 0 6 58 1 0
292109 0 6 58 1 0
328886 1 2 58 3 0
362133 0 6 58 3 0
374379 1 3 58 2 0
3975 1 4 59 3 0
4669 0 6 59 1 0
4737 0 6 59 3 0
20416 1 3 59 3 0
61792 1 3 59 1 0
62053 0 6 59 1 0
291010 1 4 59 1 0
291082 1 3 59 1 0
291733 0 6 59 0 0
292627 0 6 59 0 0
292859 1 2 59 3 0
305920 1 3 59 3 0
346702 0 6 59 4 1
360773 0 6 59 3 0
362447 0 6 59 3 0
362612 0 6 59 1 0
403497 1 3 59 2 0
4153 0 6 60 1 0
4194 0 6 60 0 1
4196 1 3 60 1 0
4199 0 6 60 3 0
4421 0 6 60 1 0
5179 0 6 60 1 0
50857 0 6 60 3 0
61246 1 3 60 3 0
63193 0 6 60 1 0
253884 1 2 60 3 1
290507 1 3 60 4 0
290677 1 4 60 3 0
291200 1 4 60 0 0
292728 1 4 60 3 0
292734 1 3 60 1 0
292979 0 6 60 1 0
347521 1 4 60 3 0
362613 1 4 60 1 0
4151 1 2 61 0 0
5178 1 2 61 1 0
20417 1 3 61 3 0
62067 0 6 61 1 0
62915 0 6 61 1 1
290889 0 6 61 1 0
290891 0 6 61 1 0
291011 1 4 61 1 0
291880 0 6 61 1 0
292630 1 4 61 2 0
305629 1 3 61 3 1
360358 1 4 61 1 0
361646 1 5 61 1 0
3976 0 6 62 3 0
4075 1 3 62 3 0
5180 1 4 62 3 1
61016 0 6 62 2 0
62069 1 3 62 3 0
62662 1 4 62 1 0
237291 1 3 62 3 0
290354 1 4 62 3 0
290594 0 6 62 1 1
291002 1 2 62 2 0
291089 0 6 62 1 0
292622 1 2 62 3 0
293215 1 4 62 1 0
360704 1 3 62 2 0
374380 0 6 62 2 0
451387 1 4 62 2 0
4664 1 3 63 1 0
4776 0 6 63 4 1
21840 1 4 63 3 0
59837 0 6 63 2 1
290691 1 3 63 1 0
291879 0 6 63 1 0
292096 0 6 63 1 0
292108 1 3 63 1 0
292157 0 6 63 0 0
292404 0 6 63 4 1
292552 0 6 63 3 0
292558 0 6 63 1 0
360894 0 6 63 4 0
4354 1 2 64 1 0
5028 1 4 64 1 0
62627 1 3 64 1 0
238253 1 4 64 3 1
290887 1 3 64 3 0
291006 1 3 64 2 1
292526 1 3 64 1 0
292589 0 6 64 1 0
292687 0 6 64 1 0
293112 1 3 64 1 0
300045 1 4 64 4 0
360356 0 6 64 0 0
361647 1 2 64 1 0
375165 0 6 64 3 0
451386 1 3 64 2 0
4152 1 3 65 1 1
5174 1 2 65 1 0
61018 0 6 65 2 0
61149 0 6 65 1 0
61449 1 4 65 1 0
62103 0 6 65 1 0
238080 1 2 65 2 0
254446 0 6 65 4 0
255487 0 6 65 2 0
290293 1 4 65 1 0
290607 1 4 65 1 1
291199 1 3 65 2 1
292491 0 6 65 1 1
292913 0 6 65 4 0
300249 1 2 65 1 0
340372 1 4 65 2 0
375162 0 6 65 1 0
4356 0 6 66 3 0
4757 1 4 66 1 0
5065 1 4 66 1 0
60933 0 6 66 1 1
61025 1 3 66 3 1
62068 1 2 66 3 0
80750 0 6 66 3 0
290364 0 6 66 2 0
290808 0 6 66 1 0
290892 0 6 66 3 0
291005 0 6 66 0 0
291090 1 2 66 1 0
292623 1 4 66 3 0
292672 0 6 66 1 0
482538 1 2 66 3 0
5166 0 6 67 1 0
32722 0 6 67 3 0
61497 0 6 67 1 0
62084 0 6 67 4 0
85710 1 3 67 3 0
235787 1 4 67 3 0
290294 0 6 67 1 0
290366 1 3 67 4 0
290598 1 2 67 3 0
290608 0 6 67 3 0
291936 0 6 67 1 0
292493 0 6 67 2 1
292966 0 6 67 4 0
3977 0 6 68 1 0
4754 0 6 68 2 0
4756 0 6 68 1 0
61019 0 6 68 3 0
63011 0 6 68 1 0
291008 0 6 68 3 0
292454 1 4 68 1 0
292624 0 6 68 4 1
292675 0 6 68 3 0
293161 1 4 68 3 0
300440 1 3 68 1 0
300918 1 4 68 1 0
340371 1 3 68 2 0
492312 1 3 68 3 0
3703 0 6 69 1 0
3808 1 3 69 1 0
4156 1 3 69 3 0
4625 1 4 69 1 0
5173 0 6 69 1 1
5176 1 4 69 3 0
5187 0 6 69 1 0
12037 0 6 69 3 0
61885 1 4 69 1 0
255486 0 6 69 2 0
291492 0 6 69 1 0
291986 0 6 69 1 0
292524 1 4 69 0 1
3809 1 4 70 1 0
62422 0 6 70 1 0
62460 0 6 70 1 0
62703 0 6 70 1 0
62797 1 3 70 1 0
290407 1 4 70 3 0
291938 0 6 70 3 0
291940 1 4 70 1 0
292676 0 6 70 0 0
292812 0 6 70 1 0
292905 0 6 70 1 0
300293 0 6 70 1 0
3701 0 6 71 4 1
4758 0 6 71 1 0
273131 1 4 71 2 1
290593 1 2 71 1 0
290810 0 6 71 3 0
291092 1 4 71 3 0
292688 0 6 71 1 0
292804 1 3 71 3 0
292897 1 2 71 2 0
292964 1 4 71 3 0
300919 1 4 71 1 0
3807 1 3 72 1 0
5352 1 3 72 4 1
33521 0 6 72 3 0
62011 0 6 72 2 0
62691 0 6 72 3 0
62810 1 3 72 1 0
255137 1 4 72 3 1
290836 0 6 72 1 0
292243 0 6 72 3 0
299919 1 4 72 1 0
300777 0 6 72 1 0
533742 0 6 72 3 0
3810 0 6 73 3 0
5017 1 4 73 1 0
5094 0 6 73 4 0
61644 0 6 73 1 0
63010 0 6 73 1 0
290349 0 6 73 0 0
291584 1 5 73 1 0
492307 1 4 73 0 0
3980 1 3 74 3 0
5507 1 3 74 4 0
61887 1 3 74 3 0
62020 0 6 74 3 0
62405 0 6 74 1 0
62420 1 2 74 1 0
62421 0 6 74 1 0
62464 0 6 74 1 0
62801 1 4 74 1 0
62804 1 4 74 1 0
85821 0 6 74 3 0
290478 1 4 74 1 0
291797 1 3 74 1 1
291935 0 6 74 1 0
292811 0 6 74 0 0
300088 1 4 74 1 0
301156 1 3 74 1 0
493038 0 6 74 0 0
5016 1 2 75 1 1
5188 1 4 75 1 0
5506 1 3 75 4 0
61884 1 4 75 0 0
62903 0 6 75 1 0
274185 1 2 75 3 0
290838 0 6 75 3 1
292803 1 3 75 3 0
300296 1 3 75 3 0
390454 1 3 75 3 0
4278 0 6 76 1 0
235410 0 6 76 3 0
290328 0 6 76 3 1
290666 0 6 76 1 1
291583 1 3 76 1 0
291937 1 4 76 1 0
292902 0 6 76 1 0
300086 0 6 76 0 0
300090 0 6 76 1 0
493039 1 3 76 3 0
5015 0 6 77 1 0
61335 1 3 77 1 0
62490 1 4 77 1 0
62551 1 3 77 1 0
62806 1 2 77 3 0
290781 1 3 77 3 0
291023 1 4 77 1 0
292813 1 3 77 1 0
300190 0 6 77 1 0
301157 0 6 77 1 0
423452 1 3 77 3 0
455145 0 6 77 2 0
3811 1 3 78 3 0
5189 0 6 78 1 0
61482 0 6 78 1 0
62770 0 6 78 1 0
62805 0 6 78 1 0
74171 0 6 78 2 0
274176 1 4 78 3 0
291665 1 4 78 1 0
299290 0 6 78 0 1
300244 1 4 78 1 0
300302 1 4 78 1 1
300915 0 6 78 1 0
484555 0 6 78 2 0
3979 1 4 79 1 0
62497 1 5 79 3 0
62803 1 2 79 3 0
89890 1 3 79 2 0
272222 0 6 79 3 0
273929 1 4 79 4 1
290665 0 6 79 1 0
292799 0 6 79 4 1
293235 0 6 79 1 0
299494 0 6 79 1 0
300297 0 6 79 2 0
423451 0 6 79 3 0
484554 0 6 79 2 0
4994 1 3 80 1 0
62493 0 6 80 1 0
62800 0 6 80 0 0
290670 0 6 80 3 0
291522 1 3 80 1 0
291527 0 6 80 2 0
291814 1 3 80 1 0
292816 0 6 80 1 0
299496 1 3 80 3 0
300335 0 6 80 1 0
318764 0 6 80 2 0
483477 0 6 80 3 0
4347 0 6 81 3 1
62381 1 4 81 1 0
62772 0 6 81 3 0
63192 1 3 81 1 0
291506 1 3 81 1 0
292324 0 6 81 1 0
292398 0 6 81 1 0
292807 0 6 81 1 0
300914 1 2 81 1 0
377135 1 3 81 2 0
522665 1 4 81 3 0
4840 0 6 82 1 0
62613 0 6 82 1 0
63187 1 4 82 1 0
63194 1 3 82 3 0
291523 0 6 82 3 0
291815 0 6 82 1 0
292814 0 6 82 3 0
298672 1 4 82 1 1
300243 0 6 82 0 0
423450 0 6 82 3 0
427463 1 4 82 3 0
484246 0 6 82 1 0
4992 1 5 83 1 0
4993 0 6 83 1 0
5190 1 2 83 3 0
61483 1 2 83 1 0
62580 1 4 83 1 0
63184 1 3 83 3 0
63188 1 1 83 1 0
74907 0 6 83 2 0
89892 0 6 83 3 0
290948 1 2 83 1 0
291922 1 4 83 1 0
299701 0 6 83 1 0
299870 0 6 83 3 0
300298 1 3 83 3 0
300660 1 3 83 0 0
3742 1 3 84 1 0
4176 0 6 84 1 0
4802 0 6 84 1 0
62501 1 2 84 1 0
62532 0 6 84 1 0
291020 1 3 84 1 0
298899 1 3 84 3 0
300245 0 6 84 3 1
423012 0 6 84 2 0
61577 1 4 85 1 0
61972 0 6 85 1 0
61994 1 4 85 1 0
62456 1 3 85 1 0
63186 1 4 85 0 0
113401 0 6 85 3 0
290610 0 6 85 1 0
290951 0 6 85 0 1
291920 0 6 85 1 0
293221 1 3 85 1 1
300304 0 6 85 3 1
300680 1 3 85 4 0
484333 1 3 85 4 1
554190 1 3 85 3 1
62104 0 6 86 1 0
62323 1 4 86 1 0
63185 0 6 86 0 0
63195 1 4 86 3 0
290619 1 3 86 3 0
291924 0 6 86 3 0
298926 1 2 86 0 0
298959 0 6 86 1 0
299885 1 4 86 1 0
300301 1 3 86 3 0
300645 1 2 86 0 0
495678 0 6 86 3 0
4304 0 6 87 4 0
61688 1 4 87 1 0
61976 1 2 87 4 0
62524 1 2 87 1 0
62581 1 3 87 1 0
62582 0 6 87 1 0
62959 1 4 87 1 0
291019 1 2 87 0 0
292393 1 2 87 3 1
300661 0 6 87 1 0
484343 1 3 87 3 0
554186 0 6 87 1 0
4034 1 2 88 1 0
4807 0 6 88 1 0
61579 1 2 88 1 0
62001 0 6 88 1 0
62305 0 6 88 1 0
62453 1 2 88 0 0
62454 1 4 88 1 0
62587 1 5 88 1 0
290611 1 3 88 1 0
292315 1 3 88 1 0
293222 0 6 88 1 0
61084 1 2 89 3 0
61238 0 6 89 1 0
61973 0 6 89 1 1
62584 1 4 89 3 0
286664 1 3 89 3 0
291875 1 3 89 1 0
292007 0 6 89 1 0
292795 1 4 89 1 0
298943 1 4 89 0 0
300780 1 4 89 0 0
423017 0 6 89 3 0
495520 0 6 89 4 1
553762 1 4 89 1 0
4205 1 4 90 1 0
4976 0 6 90 2 0
5025 1 3 90 4 0
61082 1 3 90 1 0
61578 1 4 90 1 0
62101 0 6 90 1 0
63020 0 6 90 1 0
290615 1 3 90 1 0
291374 1 2 90 2 0
292793 1 4 90 1 0
299887 0 6 90 3 0
555433 1 3 90 1 1
61450 1 4 91 1 0
62814 1 3 91 1 0
153228 0 6 91 3 0
290856 0 6 91 3 0
301206 1 4 91 3 0
495677 1 3 91 3 1
495679 1 4 91 2 0
60963 0 6 92 1 0
61056 0 6 92 1 0
61374 0 6 92 1 0
61445 1 4 92 0 0
61787 1 3 92 1 0
62002 0 6 92 1 0
62306 0 6 92 1 0
62509 1 3 92 1 0
269842 1 5 92 2 0
290392 1 3 92 1 0
290435 0 6 92 3 0
292223 0 6 92 1 0
300662 1 3 92 3 0
495803 1 3 92 4 1
4975 0 6 93 2 0
61448 0 6 93 0 0
61570 0 6 93 1 0
62346 1 4 93 1 0
62522 0 6 93 0 0
62689 0 6 93 1 0
62986 0 6 93 1 0
290692 1 2 93 1 0
291746 0 6 93 1 0
291874 0 6 93 1 1
292177 0 6 93 3 0
293170 1 2 93 3 0
301034 1 3 93 4 0
555136 1 4 93 1 0
60886 1 4 94 1 0
60907 1 4 94 1 0
61057 1 2 94 1 0
61083 1 4 94 3 1
61328 0 6 94 1 0
61400 0 6 94 3 0
61444 1 5 94 0 0
61452 0 6 94 3 1
61923 1 3 94 4 0
62308 1 3 94 2 0
62348 1 2 94 3 0
62526 1 3 94 3 0
62686 0 6 94 1 0
291375 1 4 94 2 0
293172 1 3 94 1 0
296486 0 6 94 3 0
328765 1 3 94 2 0
521155 1 2 94 3 0
554172 0 6 94 4 0
60908 0 6 95 1 0
61191 1 3 95 1 1
61419 0 6 95 0 0
62745 1 4 95 0 0
62852 0 6 95 1 0
62988 0 6 95 3 0
63057 0 6 95 1 0
245626 0 6 95 3 0
290581 0 6 95 2 0
290771 0 6 95 1 0
290809 1 2 95 1 0
291586 1 4 95 1 0
292011 0 6 95 3 0
292046 1 3 95 1 0
292054 0 6 95 1 0
292182 0 6 95 3 0
293169 0 6 95 4 0
293173 0 6 95 2 0
37240 0 6 96 2 0
62144 0 6 96 1 0
62349 1 4 96 3 0
62527 0 6 96 3 0
63000 1 4 96 1 0
63095 0 6 96 3 0
290393 0 6 96 3 0
290693 0 6 96 3 1
290885 0 6 96 1 0
291865 0 6 96 1 0
408477 1 2 96 3 0
521154 0 6 96 0 0
60888 1 3 97 1 0
62330 1 4 97 4 1
62523 0 6 97 1 0
62531 1 3 97 1 0
62796 1 3 97 1 0
62840 1 3 97 0 0
62901 0 6 97 0 0
120728 0 6 97 3 0
226953 0 6 97 3 0
291094 1 3 97 4 1
291240 0 6 97 4 0
291467 0 6 97 1 0
291587 1 4 97 3 0
292194 0 6 97 1 0
292213 1 4 97 1 1
293175 1 4 97 3 1
300470 0 6 97 3 0
60887 0 6 98 1 0
60903 0 6 98 1 0
60909 0 6 98 3 0
61080 1 5 98 0 0
61960 1 3 98 4 0
62576 1 4 98 1 0
62736 1 4 98 1 0
62780 0 6 98 1 0
62990 1 3 98 3 0
63001 1 3 98 3 0
221411 0 6 98 3 0
290418 1 2 98 1 0
296482 1 2 98 0 0
528899 1 4 98 3 0
61195 1 4 99 3 0
61451 1 3 99 3 0
61602 1 3 99 3 0
62577 0 6 99 1 0
105288 1 4 99 3 0
271411 0 6 99 3 0
292058 0 6 99 3 0
309575 1 3 99 3 0
407894 0 6 99 3 0
415632 1 3 99 3 0
519107 0 6 99 3 0
60885 0 6 100 0 0
60900 0 6 100 3 0
61081 0 6 100 1 0
61376 0 6 100 1 0
62579 0 6 100 3 0
62607 0 6 100 1 0
62685 1 2 100 4 0
62997 1 3 100 3 0
62999 0 6 100 1 0
63002 0 6 100 3 1
63196 1 5 100 1 0
106271 0 6 100 1 0
271401 0 6 100 1 0
290417 1 3 100 1 0
290749 1 4 100 1 0
290811 0 6 100 3 0
290926 0 6 100 4 0
291091 1 3 100 3 0
292262 0 6 100 1 1
293174 1 3 100 3 0
527744 1 4 100 3 0
60938 0 6 101 1 0
62111 0 6 101 1 0
62413 0 6 101 1 0
62575 0 6 101 0 0
63150 0 6 101 1 0
63156 1 2 101 3 0
101814 0 6 101 3 1
120735 0 6 101 2 0
290886 0 6 101 1 0
290979 1 3 101 1 0
291468 1 4 101 3 0
291866 1 3 101 1 0
291868 1 3 101 3 1
296485 0 6 101 1 0
48746 1 3 102 3 1
61705 1 4 102 1 0
105284 1 4 102 0 0
244117 1 4 102 2 1
291428 1 3 102 1 0
295255 1 5 102 1 0
32840 0 6 103 3 1
61125 1 4 103 0 0
62525 0 6 103 1 1
290301 0 6 103 1 0
290755 1 3 103 1 0
291554 0 6 103 1 0
292628 1 3 103 1 0
292666 0 6 103 1 0
292985 0 6 103 1 0
296372 0 6 103 1 0
296481 0 6 103 3 1
23310 0 6 104 3 0
60889 1 4 104 2 0
60939 0 6 104 1 0
61472 0 6 104 1 0
62213 1 2 104 1 0
271407 0 6 104 3 0
291232 1 3 104 1 0
292606 1 2 104 1 0
530861 0 6 104 3 0
34185 0 6 105 2 0
105285 0 6 105 3 0
117983 0 6 105 3 0
290419 0 6 105 3 0
290877 0 6 105 1 0
290980 0 6 105 3 0
291626 0 6 105 1 0
295215 1 4 105 1 0
295257 0 6 105 3 0
60941 0 6 106 3 0
61437 1 3 106 4 1
291429 0 6 106 1 0
291669 0 6 106 1 0
292903 0 6 106 1 0
295256 0 6 106 3 0
296491 1 2 106 2 0
61880 0 6 107 4 1
291660 0 6 107 1 0
342052 1 3 107 3 0
23309 1 3 108 1 0
63163 1 4 108 3 0
169483 1 3 108 3 0
271405 1 3 108 3 1
291101 1 4 108 1 0
291628 0 6 108 1 0
291670 1 3 108 3 0
291671 1 3 109 3 0
292607 0 6 109 1 0
295216 1 4 109 1 0
29215 1 2 110 3 0
34183 0 6 110 3 0
34184 0 6 110 2 0
271402 0 6 110 1 0
275154 0 6 110 3 0
290878 0 6 110 3 0
291631 1 3 110 3 0
22510 0 6 111 3 0
63117 0 6 111 3 0
290803 0 6 111 1 0
292480 0 6 111 1 0
313325 0 6 111 3 0
271793 0 6 112 3 0
291159 1 4 112 0 0
291662 0 6 112 3 0
291809 0 6 112 1 0
367812 0 6 112 3 0
23311 0 6 113 3 0
290804 0 6 113 1 0
291259 1 3 113 1 0
525163 1 3 113 3 0
264266 1 3 114 3 0
270951 1 3 114 1 1
290806 1 2 114 3 0
291630 1 3 114 3 0
291810 0 6 114 3 0
472500 1 3 114 2 0
271796 0 6 115 1 0
291158 0 6 115 0 0
291160 0 6 115 1 0
316164 1 3 115 2 0
292253 1 3 116 3 1
292904 0 6 116 1 0
270959 0 6 117 1 0
271549 1 5 117 1 0
271798 1 4 117 3 1
252666 0 6 118 3 0
271534 0 6 118 1 0
271781 1 3 118 1 0
290307 1 4 118 0 0
290725 0 6 118 3 0
291627 1 3 118 1 0
292471 0 6 118 3 0
292851 0 6 118 0 0
271548 0 6 119 1 0
271795 0 6 119 0 0
316163 1 4 119 2 0
270391 0 6 120 3 0
292852 0 6 120 1 0
270355 1 4 121 1 0
271785 1 3 121 1 0
271797 1 4 121 1 0
292156 1 4 121 0 0
292251 0 6 121 1 0
270585 0 6 122 1 0
271782 0 6 122 1 0
514060 0 6 122 3 0
271535 1 4 124 1 0
271557 0 6 124 3 0
269844 0 6 125 3 0
271551 0 6 125 3 1
271799 0 6 125 3 1
272501 1 4 126 3 0
271695 0 6 128 3 0
