24656 0 6 6 4 0
64554 1 3 6 3 0
65406 0 6 6 1 0
85250 0 6 6 3 0
94179 0 6 6 3 0
147642 0 6 6 3 1
215741 1 3 6 3 0
228248 1 3 6 0 0
232932 0 6 6 3 0
274808 1 4 6 0 0
292547 0 6 6 1 0
296025 0 6 6 2 0
297368 0 6 6 3 0
319748 1 3 6 0 0
360872 1 3 6 3 0
435455 0 6 6 1 0
448799 0 6 6 2 1
475493 1 2 6 3 0
530501 1 3 6 0 0
534187 0 6 6 3 0
93402 0 6 7 3 1
232930 0 6 7 1 0
292213 0 6 7 1 0
78422 1 4 8 3 0
227935 0 6 8 0 0
290406 1 2 8 1 0
429858 0 6 8 2 0
291009 0 6 9 1 0
292546 0 6 9 1 0
435523 1 5 9 1 0
65409 0 6 10 3 0
274810 0 6 10 3 0
289324 0 6 10 3 0
290505 0 6 10 1 0
292550 1 3 10 3 0
293019 0 6 10 1 0
429860 0 6 10 3 1
474802 0 6 10 3 0
85247 0 6 11 4 0
227934 1 3 11 0 0
290401 1 4 12 1 0
292548 1 3 12 1 0
435456 0 6 12 1 0
491675 1 4 12 3 0
17738 0 6 13 3 1
85415 1 3 13 1 0
205495 1 3 13 2 1
290404 1 4 13 3 1
290408 0 6 13 3 0
292058 1 4 13 1 0
292335 0 6 13 1 0
292517 0 6 13 1 0
293070 0 6 13 1 0
292330 1 4 14 0 0
292549 1 3 14 3 0
292723 1 5 14 3 0
85417 0 6 15 1 0
290563 1 4 15 1 0
291039 0 6 15 1 0
292073 1 2 15 1 0
292491 0 6 15 1 0
292516 1 3 15 1 0
292545 1 4 15 1 0
430993 0 6 15 3 0
290402 1 4 16 2 1
290665 0 6 16 1 0
290930 1 4 16 1 0
292333 1 4 16 1 0
292714 0 6 16 1 1
292963 1 4 16 2 0
84943 0 6 17 1 0
85418 1 2 17 3 0
85566 1 3 17 1 0
290399 1 3 17 1 0
290400 0 6 17 1 0
290561 0 6 17 0 0
291315 1 2 17 1 0
291527 0 6 17 1 0
293205 1 4 17 1 0
17736 1 5 18 1 0
85544 0 6 18 1 0
290398 1 4 18 0 0
290556 1 2 18 2 0
292172 0 6 18 1 0
292509 1 4 18 1 0
292518 0 6 18 3 0
293071 1 4 18 3 0
293158 0 6 18 1 1
85313 0 6 19 1 0
85701 1 2 19 1 0
85712 0 6 19 1 0
85817 1 3 19 1 0
290316 1 3 19 1 0
290410 1 3 19 4 0
291103 0 6 19 3 0
292717 0 6 19 3 0
292747 1 4 19 1 0
293098 0 6 19 1 0
478103 0 6 19 2 0
70313 0 6 20 3 0
84486 1 2 20 1 0
84672 1 3 20 1 0
84744 1 3 20 1 0
84818 1 4 20 1 1
85568 1 3 20 3 0
85579 0 6 20 1 0
165080 1 2 20 3 0
291041 0 6 20 3 0
291271 0 6 20 1 1
291316 0 6 20 1 0
292072 1 3 20 1 0
292177 0 6 20 1 0
292252 0 6 20 1 0
292334 1 4 20 1 0
292756 0 6 20 0 0
292792 1 4 20 1 0
382315 1 3 20 3 0
449934 1 4 20 3 0
17737 0 6 21 1 0
84968 1 5 21 1 0
85888 1 2 21 1 0
290565 0 6 21 3 0
290984 0 6 21 3 0
291273 0 6 21 2 1
291382 0 6 21 4 1
292826 1 4 21 1 0
292857 0 6 21 1 0
293038 1 4 21 1 0
478100 1 3 21 3 0
478105 0 6 21 3 0
84541 1 4 22 0 0
84671 1 3 22 1 0
84946 1 4 22 3 0
85380 1 3 22 1 0
85413 1 3 22 3 0
85416 1 4 22 1 0
85545 1 4 22 3 0
85779 1 4 22 2 0
85805 0 6 22 1 0
85816 1 4 22 1 0
172615 1 4 22 3 0
266720 0 6 22 3 0
290409 1 4 22 3 0
291101 1 3 22 2 1
292812 1 4 22 1 0
292858 0 6 22 1 0
305575 0 6 22 3 0
343524 1 4 22 3 0
422441 0 6 22 3 0
31039 0 6 23 2 0
84551 1 3 23 1 0
84710 0 6 23 1 0
84849 0 6 23 1 0
84944 1 3 23 1 0
85106 0 6 23 1 0
85197 0 6 23 3 0
85585 1 4 23 1 0
85702 1 3 23 1 0
85711 0 6 23 1 0
85815 0 6 23 1 0
85838 1 3 23 1 0
126405 0 6 23 3 1
287154 0 6 23 3 0
290325 0 6 23 4 0
291100 0 6 23 2 0
291274 0 6 23 2 0
292512 1 3 23 3 0
292748 1 2 23 1 0
292758 0 6 23 3 0
292859 0 6 23 1 1
293039 1 3 23 2 0
382314 1 3 23 3 0
409074 0 6 23 3 0
415567 0 6 23 2 0
17735 1 4 24 0 0
21119 0 6 24 2 0
84406 1 4 24 1 0
84670 0 6 24 1 0
84673 0 6 24 3 0
84782 1 3 24 1 0
85026 0 6 24 0 0
85490 0 6 24 4 0
85704 1 2 24 3 0
85749 0 6 24 1 0
85852 1 5 24 1 0
85866 0 6 24 1 0
85911 1 3 24 1 0
85930 0 6 24 1 0
101815 0 6 24 3 0
272278 1 3 24 3 0
290482 1 4 24 1 0
290562 0 6 24 1 0
290902 1 2 24 1 0
305574 1 3 24 2 0
364382 0 6 24 3 0
417285 0 6 24 3 0
84560 1 4 25 1 0
84967 1 4 25 0 0
85149 0 6 25 2 0
85284 0 6 25 1 0
85299 0 6 25 1 0
85349 1 3 25 1 0
85578 0 6 25 0 0
85603 0 6 25 1 0
124947 1 4 25 3 0
290448 0 6 25 1 1
290570 1 3 25 3 0
291270 1 3 25 0 0
292813 0 6 25 1 0
292825 0 6 25 1 0
293106 0 6 25 3 0
382707 1 3 25 4 0
415566 0 6 25 1 0
25594 1 3 26 2 0
40022 0 6 26 3 0
84661 1 3 26 1 0
84713 1 4 26 3 0
84932 1 3 26 1 0
85040 0 6 26 1 0
85068 1 3 26 1 0
85071 0 6 26 1 0
85378 0 6 26 0 0
85379 0 6 26 1 0
85381 1 4 26 1 0
85383 1 3 26 3 0
85839 0 6 26 1 0
290821 0 6 26 1 0
292359 0 6 26 2 0
292816 0 6 26 3 1
293144 0 6 26 0 0
431067 1 3 26 3 0
433785 1 3 26 3 0
84405 1 4 27 1 0
84407 0 6 27 3 1
84563 1 3 27 3 0
84828 0 6 27 0 0
84881 1 3 27 1 0
84945 0 6 27 2 0
85083 0 6 27 3 0
85193 0 6 27 1 0
85703 1 3 27 3 0
85855 1 3 27 0 0
85872 0 6 27 4 1
290451 0 6 27 3 0
377896 1 3 27 3 0
381519 1 2 27 3 0
415575 0 6 27 3 1
431240 0 6 27 3 0
538895 1 3 27 3 0
7676 0 6 28 2 1
21127 1 3 28 4 0
31054 0 6 28 3 0
84393 1 3 28 2 0
84450 1 5 28 1 0
84543 0 6 28 2 0
84635 0 6 28 3 0
84674 0 6 28 3 0
85064 0 6 28 3 0
85324 1 4 28 1 0
85348 0 6 28 1 0
85531 1 3 28 1 0
85787 1 4 28 3 0
85797 1 4 28 0 0
85840 1 3 28 1 0
93340 1 3 28 3 0
247090 1 3 28 3 1
290444 1 4 28 0 0
292348 0 6 28 1 0
292800 1 2 28 1 1
292817 0 6 28 3 0
346351 0 6 28 3 0
461647 1 3 28 3 1
84392 1 3 29 2 0
84561 1 4 29 1 0
84817 1 4 29 3 1
85041 0 6 29 1 0
85057 0 6 29 4 1
85329 0 6 29 4 1
85350 0 6 29 2 0
85489 0 6 29 3 0
85587 0 6 29 2 0
85606 0 6 29 3 1
247089 0 6 29 3 0
290447 0 6 29 3 0
290450 0 6 29 3 0
381514 1 4 29 0 0
48920 1 4 30 1 1
66557 0 6 30 2 0
84408 1 4 30 3 0
84933 1 3 30 3 0
85141 0 6 30 1 0
85485 1 3 30 2 0
85530 1 3 30 1 0
85618 0 6 30 1 0
85743 0 6 30 1 0
85812 0 6 30 1 0
85841 0 6 30 1 0
85920 0 6 30 3 0
205021 0 6 30 2 0
247098 1 2 30 4 1
292345 0 6 30 0 0
292799 1 4 30 0 0
381509 1 5 30 2 1
73210 0 6 31 3 0
84858 0 6 31 1 0
84880 0 6 31 1 0
84882 0 6 31 3 0
84955 1 3 31 3 0
84974 1 3 31 1 0
85166 1 3 31 1 0
85196 0 6 31 3 0
85323 1 2 31 1 0
85533 0 6 31 3 0
111297 0 6 31 3 0
160854 0 6 31 1 0
279984 1 3 31 3 0
291523 0 6 31 1 0
292815 0 6 31 1 0
304954 0 6 31 2 0
381431 0 6 31 3 1
381515 0 6 31 1 1
381823 0 6 31 2 0
430532 1 3 31 3 0
461646 0 6 31 3 0
477131 0 6 31 3 0
84649 1 3 32 4 1
84827 0 6 32 0 0
85062 1 3 32 1 0
85195 1 4 32 3 0
85842 0 6 32 1 0
85844 1 3 32 3 0
115538 0 6 32 3 0
247096 1 3 32 3 0
247097 0 6 32 3 0
270361 1 4 32 3 0
290445 0 6 32 1 1
382568 1 3 32 1 0
59686 1 3 33 3 0
72956 1 4 33 4 0
73203 0 6 33 1 0
84511 0 6 33 1 0
84951 1 2 33 3 0
85044 1 3 33 1 0
85123 0 6 33 3 0
85168 0 6 33 3 0
85325 0 6 33 3 0
85446 1 3 33 1 0
85813 1 4 33 3 0
147629 0 6 33 2 0
161250 0 6 33 2 0
290446 1 3 33 3 0
291200 0 6 33 1 0
381453 0 6 33 1 0
417629 1 4 33 3 0
48923 1 2 34 3 0
72955 1 4 34 3 0
84859 0 6 34 3 0
84977 0 6 34 1 0
85045 0 6 34 1 0
85203 1 5 34 1 0
85645 0 6 34 3 0
85741 1 4 34 1 0
97456 1 2 34 3 0
160853 0 6 34 1 0
197100 0 6 34 2 0
270357 0 6 34 1 0
290632 0 6 34 1 0
292814 0 6 34 1 0
362918 0 6 34 3 0
525067 0 6 34 2 0
84692 1 4 35 1 0
84973 1 4 35 3 0
85425 0 6 35 1 1
85649 1 4 35 1 0
85744 1 3 35 2 1
85876 1 3 35 1 0
160855 0 6 35 3 1
217630 1 3 35 3 1
248206 1 4 35 3 0
249672 1 2 35 3 0
290702 1 4 35 1 0
350056 0 6 35 3 0
381948 0 6 35 1 0
382694 1 3 35 1 0
462470 1 4 35 4 1
84512 0 6 36 1 0
85201 0 6 36 1 0
85204 0 6 36 1 0
85230 0 6 36 1 0
85747 0 6 36 1 1
247092 1 3 36 1 0
248202 1 3 36 1 0
250862 0 6 36 2 1
290911 1 3 36 1 0
291397 0 6 36 1 0
292001 0 6 36 1 0
309481 1 2 36 2 0
382204 0 6 36 4 1
382570 0 6 36 3 0
81489 1 4 37 3 0
85444 1 3 37 1 0
85740 1 2 37 1 0
85803 0 6 37 1 0
248203 1 5 37 1 0
248389 1 2 37 1 0
270358 0 6 37 1 0
290386 1 4 37 1 0
290716 1 4 37 1 0
292995 1 4 37 1 0
381615 0 6 37 1 1
382713 1 3 37 1 0
20793 0 6 38 3 0
73205 1 3 38 1 0
84504 0 6 38 1 0
84960 1 2 38 1 0
85124 0 6 38 3 0
85319 0 6 38 1 0
85650 0 6 38 1 0
97464 0 6 38 1 0
122094 1 3 38 2 0
173830 1 2 38 2 0
221770 1 3 38 2 0
247091 0 6 38 0 0
247792 1 3 38 1 0
248235 0 6 38 1 0
270528 0 6 38 1 0
290701 0 6 38 1 0
293075 0 6 38 1 1
382449 1 2 38 4 0
382530 1 4 38 1 1
484905 0 6 38 3 0
32494 0 6 39 3 0
48924 0 6 39 4 0
85494 1 4 39 1 0
85546 1 2 39 1 0
85652 1 2 39 3 1
85802 0 6 39 1 0
247351 0 6 39 1 0
247473 1 2 39 1 0
248205 1 5 39 3 0
248742 0 6 39 1 0
270359 1 2 39 1 0
291434 0 6 39 1 0
309479 1 4 39 0 0
326778 1 3 39 3 0
382427 1 5 39 1 0
85858 0 6 40 1 0
247659 1 4 40 1 0
248213 0 6 40 1 0
270351 0 6 40 3 0
290962 1 3 40 1 1
292766 1 4 40 1 0
352018 1 4 40 3 0
381951 1 3 40 1 0
382529 1 4 40 1 0
382531 1 3 40 3 0
84518 0 6 41 2 0
85478 0 6 41 1 0
85651 0 6 41 3 0
98224 0 6 41 1 0
226461 0 6 41 3 0
247368 1 3 41 3 0
248214 0 6 41 2 0
248234 0 6 41 1 0
270360 0 6 41 3 1
271870 1 4 41 1 0
290737 1 4 41 1 0
291398 0 6 41 1 0
376418 0 6 41 3 0
381255 0 6 41 3 0
84395 0 6 42 1 0
85061 0 6 42 1 0
85155 0 6 42 1 0
112877 0 6 42 3 0
247015 0 6 42 1 0
247188 0 6 42 1 0
247252 1 3 42 1 0
247510 0 6 42 1 0
247791 0 6 42 0 0
248174 1 2 42 1 0
248237 1 4 42 3 0
248777 1 3 42 1 0
291832 1 3 42 1 0
309370 0 6 42 0 0
376417 1 3 42 1 0
382422 0 6 42 1 0
84460 1 2 43 1 0
85481 1 4 43 3 0
85859 1 3 43 1 0
98222 0 6 43 3 0
98226 0 6 43 3 1
99178 1 3 43 1 0
200163 0 6 43 3 0
247215 0 6 43 1 0
247384 0 6 43 4 1
247645 0 6 43 1 0
247660 1 3 43 1 0
247661 1 3 43 3 0
248028 1 2 43 1 0
248051 1 4 43 1 0
248232 0 6 43 0 0
271168 1 3 43 3 0
282188 0 6 43 2 0
283976 1 4 43 3 0
291347 0 6 43 1 0
292274 1 2 43 1 0
309372 0 6 43 2 0
326776 1 3 43 1 0
85116 1 4 44 3 0
85156 1 3 44 1 1
85271 0 6 44 4 0
85806 0 6 44 3 1
97465 0 6 44 3 1
248416 0 6 44 1 0
248743 1 2 44 3 0
248946 0 6 44 1 0
269928 1 3 44 1 0
271287 0 6 44 1 1
271865 1 3 44 3 0
277230 1 3 44 3 0
290474 0 6 44 1 0
290960 0 6 44 0 0
292215 0 6 44 1 1
292242 0 6 44 1 0
294965 0 6 44 3 0
308069 0 6 44 2 0
376304 0 6 44 1 0
382421 0 6 44 0 0
84461 0 6 45 1 0
84547 1 3 45 1 0
85861 0 6 45 3 0
118214 0 6 45 2 0
247209 0 6 45 0 0
247253 0 6 45 1 0
247472 0 6 45 1 0
248175 1 3 45 3 0
248208 1 3 45 1 0
248561 1 2 45 0 0
248774 1 4 45 1 0
248813 0 6 45 1 0
290738 1 4 45 1 0
290741 1 3 45 3 0
291831 1 2 45 1 0
292718 0 6 45 1 0
293198 1 3 45 1 0
309545 1 3 45 0 0
345930 1 2 45 3 0
85108 1 2 46 1 0
85804 0 6 46 1 0
97425 1 3 46 3 0
112878 0 6 46 3 0
118634 0 6 46 3 0
247217 0 6 46 3 0
247644 0 6 46 1 0
248192 0 6 46 1 0
248294 1 4 46 0 0
248446 1 3 46 1 0
248483 0 6 46 1 0
271495 0 6 46 1 0
277229 0 6 46 3 0
277523 1 3 46 3 0
291833 1 4 46 3 0
308070 0 6 46 3 1
309152 0 6 46 0 0
382423 0 6 46 2 0
475083 1 2 46 3 0
475549 1 3 46 3 0
78803 0 6 47 3 0
84535 1 4 47 1 0
84546 1 4 47 1 0
84552 0 6 47 1 0
85184 1 5 47 1 0
85192 0 6 47 4 1
97463 0 6 47 1 0
247102 0 6 47 3 0
247189 1 2 47 1 0
247256 1 3 47 3 1
248027 0 6 47 1 0
248147 0 6 47 2 0
248193 1 3 47 3 1
248945 0 6 47 0 0
270246 0 6 47 1 0
271869 0 6 47 0 0
277357 0 6 47 3 1
290964 0 6 47 3 0
292216 1 4 47 3 1
309546 0 6 47 1 0
326268 0 6 47 1 0
84468 0 6 48 1 1
85162 1 3 48 3 0
100953 0 6 48 3 0
247272 1 3 48 4 0
247897 0 6 48 3 0
248162 1 3 48 1 0
248173 1 2 48 0 0
248751 1 3 48 3 0
248948 1 2 48 3 0
248961 1 3 48 1 0
257619 1 3 48 2 0
269934 1 2 48 4 1
271434 0 6 48 1 0
277225 0 6 48 3 0
282190 0 6 48 2 0
290318 1 4 48 1 0
291091 0 6 48 1 0
294960 1 3 48 3 0
309547 1 5 48 2 0
376386 0 6 48 1 0
493242 1 3 48 3 0
520300 0 6 48 3 0
248191 0 6 49 0 0
248683 0 6 49 1 0
271289 0 6 49 2 0
271494 0 6 49 1 0
290961 0 6 49 1 0
309151 0 6 49 0 0
309335 1 3 49 1 0
326779 0 6 49 3 0
493241 0 6 49 1 0
84495 1 3 50 1 0
84537 1 4 50 3 0
84549 0 6 50 3 1
84553 1 4 50 3 0
84850 0 6 50 1 0
85273 0 6 50 3 0
247139 0 6 50 1 1
247533 0 6 50 4 0
248091 1 3 50 1 0
248160 0 6 50 0 0
248560 0 6 50 0 0
257618 0 6 50 2 0
270244 0 6 50 1 0
271794 0 6 50 1 1
291715 0 6 50 3 0
308854 0 6 50 4 1
326231 0 6 50 1 0
385223 0 6 50 3 0
474274 0 6 50 4 1
47090 1 3 51 2 1
162616 0 6 51 3 1
174175 1 3 51 3 0
185571 1 2 51 3 1
248752 1 4 51 3 0
271313 1 5 51 1 0
271868 0 6 51 0 0
291834 0 6 51 3 0
292103 1 3 51 1 0
307741 1 2 51 1 0
308683 1 3 51 1 0
309153 1 4 51 1 0
326229 0 6 51 1 0
493243 0 6 51 3 0
493958 1 3 51 4 0
84500 0 6 52 1 1
85558 0 6 52 1 0
247182 0 6 52 1 0
247190 0 6 52 3 1
248164 1 2 52 3 0
271171 1 3 52 1 0
271288 0 6 52 1 1
282740 0 6 52 3 0
307509 0 6 52 1 0
308807 1 4 52 1 0
326635 1 4 52 1 0
326896 1 3 52 1 0
84499 1 4 53 3 0
85300 0 6 53 1 0
308275 1 4 53 4 0
308772 0 6 53 1 0
308870 0 6 53 1 0
326938 0 6 53 1 0
327199 1 3 53 1 0
84948 0 6 54 1 0
85129 1 2 54 1 0
85535 1 3 54 4 1
248563 0 6 54 3 1
248750 0 6 54 1 0
270929 0 6 54 3 1
271172 0 6 54 1 1
271922 1 3 54 3 0
290519 0 6 54 1 0
307795 1 3 54 1 0
308593 1 3 54 1 0
309155 0 6 54 3 1
309660 0 6 54 1 1
327634 0 6 54 1 0
376389 1 2 54 2 0
385228 1 5 54 1 0
418734 1 3 54 3 1
85130 1 3 55 1 0
85501 0 6 55 1 0
175389 1 3 55 3 0
206430 0 6 55 3 0
270537 1 3 55 1 0
271316 1 2 55 3 0
308380 1 4 55 3 0
308682 1 4 55 1 0
308808 1 2 55 1 0
326116 1 3 55 1 0
326442 0 6 55 1 0
327397 1 2 55 2 0
384829 1 3 55 4 0
386791 0 6 55 2 0
437668 1 3 55 3 1
477952 1 4 55 3 1
84473 0 6 56 1 0
84496 1 3 56 1 0
247259 1 3 56 0 0
248421 1 3 56 1 0
248557 1 2 56 2 0
248562 0 6 56 2 0
270194 0 6 56 1 0
270565 1 4 56 1 0
270926 1 4 56 1 1
271839 1 3 56 1 0
290517 0 6 56 4 0
290518 0 6 56 1 0
307587 0 6 56 1 1
307723 0 6 56 1 0
307731 1 2 56 3 0
307738 1 2 56 0 0
307784 0 6 56 1 0
307797 1 3 56 3 0
307909 1 3 56 1 1
307953 1 3 56 1 0
308592 0 6 56 1 0
308812 0 6 56 3 0
309203 1 4 56 1 0
309635 1 3 56 1 0
325872 1 3 56 3 0
326637 0 6 56 1 0
326892 0 6 56 1 0
327609 1 2 56 1 0
377082 1 2 56 3 1
418686 0 6 56 2 0
85051 1 2 57 3 0
85132 1 3 57 3 0
85912 0 6 57 1 0
169353 1 4 57 3 0
199542 0 6 57 3 0
247186 1 3 57 2 0
261852 1 4 57 2 0
271317 0 6 57 3 0
307722 1 3 57 1 0
307922 0 6 57 1 0
307924 0 6 57 1 0
308810 0 6 57 2 0
326035 1 2 57 1 0
326454 1 2 57 1 0
326636 1 3 57 1 0
327727 0 6 57 1 0
331826 0 6 57 3 0
427030 1 3 57 3 1
84777 1 4 58 1 0
85824 0 6 58 1 0
175391 1 4 58 0 0
271173 0 6 58 1 0
271312 0 6 58 2 0
307740 0 6 58 1 0
307755 1 3 58 1 0
307778 0 6 58 1 0
307796 0 6 58 1 0
308427 1 4 58 1 0
308641 0 6 58 1 0
309022 0 6 58 1 0
327726 1 4 58 1 0
327781 1 4 58 1 0
437669 1 3 58 3 0
85048 1 3 59 2 0
85598 1 2 59 1 0
85921 0 6 59 1 0
154767 1 4 59 2 0
248702 1 3 59 4 0
270566 1 3 59 3 0
270841 0 6 59 1 0
270856 0 6 59 1 0
290522 1 3 59 4 1
307733 0 6 59 3 0
307899 1 4 59 1 0
307912 1 4 59 3 1
309186 0 6 59 1 0
309306 1 5 59 1 0
325979 1 3 59 1 1
326443 0 6 59 1 0
326525 0 6 59 1 0
326639 1 2 59 3 0
326738 1 3 59 1 0
326777 1 3 59 1 0
326807 0 6 59 1 0
327385 1 3 59 3 1
331823 0 6 59 0 0
386789 0 6 59 1 0
436965 0 6 59 4 1
3140 0 6 60 3 0
84502 0 6 60 3 0
85178 1 3 60 1 0
85569 1 2 60 4 1
154807 1 3 60 3 0
161930 0 6 60 3 0
175392 0 6 60 0 0
247297 0 6 60 2 0
248425 0 6 60 3 0
271831 1 4 60 1 0
274133 1 3 60 3 0
306569 0 6 60 3 0
307270 0 6 60 3 0
307744 1 4 60 0 0
307880 1 3 60 1 0
307898 0 6 60 1 0
307908 1 3 60 1 0
307927 1 3 60 2 0
307936 1 3 60 1 0
307955 1 2 60 3 0
308474 0 6 60 1 0
308681 1 3 60 1 0
309031 0 6 60 4 1
309204 0 6 60 1 0
326347 1 4 60 1 0
326440 1 5 60 1 0
326571 1 4 60 2 0
326824 0 6 60 1 0
327724 1 2 60 0 0
327847 1 4 60 1 0
388693 0 6 60 1 1
84779 1 3 61 1 0
84780 1 4 61 3 0
85176 1 2 61 1 0
175393 1 3 61 2 0
189197 0 6 61 2 0
247298 1 2 61 3 0
247417 0 6 61 3 1
269967 1 4 61 1 0
270460 0 6 61 1 0
270835 0 6 61 3 0
307628 0 6 61 4 1
308428 1 2 61 1 0
308429 0 6 61 3 0
308918 0 6 61 3 0
325978 0 6 61 1 1
325980 0 6 61 1 0
326133 0 6 61 0 0
326511 1 3 61 4 0
326638 1 3 61 3 0
326673 0 6 61 3 1
326735 0 6 61 1 0
326785 1 3 61 3 0
327178 0 6 61 4 0
327725 1 4 61 1 0
327729 1 3 61 3 0
337861 1 4 61 2 1
356632 0 6 61 3 0
358455 0 6 61 3 0
386718 0 6 61 1 0
418685 0 6 61 2 0
445369 0 6 61 3 0
450307 0 6 61 3 1
34654 1 4 62 3 1
84691 1 2 62 1 0
85225 1 3 62 1 1
122649 1 2 62 3 0
212420 0 6 62 3 1
247467 0 6 62 3 0
270229 1 3 62 1 0
270842 0 6 62 3 0
283637 0 6 62 3 0
307497 0 6 62 1 0
307724 0 6 62 1 0
307754 1 4 62 1 0
308649 0 6 62 1 0
308914 1 4 62 1 0
309055 1 4 62 3 0
325981 1 4 62 3 0
326038 1 3 62 3 1
326441 1 4 62 1 0
326736 1 3 62 1 1
327533 0 6 62 1 0
327849 1 2 62 3 0
386717 0 6 62 1 0
387214 1 2 62 4 0
85046 0 6 63 3 0
85227 0 6 63 3 0
188253 0 6 63 4 0
212625 0 6 63 2 0
269867 1 3 63 1 0
270746 0 6 63 1 0
290523 1 3 63 4 1
305397 0 6 63 2 0
306566 1 2 63 1 0
307579 0 6 63 0 0
308758 1 3 63 1 1
308916 1 3 63 3 1
309010 0 6 63 4 0
309598 1 4 63 3 0
325052 0 6 63 2 0
325989 0 6 63 3 0
326349 0 6 63 2 1
326362 1 4 63 3 0
326737 1 4 63 1 0
326740 0 6 63 3 0
326750 0 6 63 3 0
326899 0 6 63 1 0
327386 1 5 63 4 0
327883 0 6 63 3 1
424627 1 4 63 3 0
496194 1 3 63 3 0
524664 0 6 63 3 0
84980 0 6 64 1 0
85167 0 6 64 1 0
85426 0 6 64 1 0
130621 1 3 64 3 1
174036 1 3 64 2 0
269970 0 6 64 3 0
270084 1 5 64 1 0
270230 1 2 64 1 0
270463 1 5 64 4 0
307496 0 6 64 1 0
307881 1 2 64 3 0
307911 1 3 64 3 0
308133 0 6 64 4 1
308258 0 6 64 1 0
308473 0 6 64 1 0
308906 0 6 64 1 0
309059 0 6 64 3 1
309618 0 6 64 1 0
309657 1 3 64 1 1
326289 1 4 64 1 1
326351 1 3 64 3 0
327119 1 4 64 1 0
327663 1 5 64 1 0
389002 1 4 64 2 0
37839 0 6 65 3 0
53061 0 6 65 3 0
85042 0 6 65 3 0
85236 1 4 65 3 0
85536 0 6 65 1 1
224847 0 6 65 3 0
239043 0 6 65 3 0
247295 1 3 65 1 0
247418 1 3 65 3 1
270567 0 6 65 3 0
271722 1 4 65 1 0
307626 0 6 65 1 0
308476 1 4 65 3 0
308692 0 6 65 1 0
308915 0 6 65 1 0
325995 0 6 65 1 0
326369 1 4 65 1 1
326567 0 6 65 1 0
326742 1 4 65 2 0
327051 1 2 65 1 0
327758 0 6 65 4 1
85001 0 6 66 1 0
212510 0 6 66 2 1
248970 0 6 66 3 0
254707 1 4 66 3 0
270745 1 3 66 0 0
271009 0 6 66 1 1
305190 0 6 66 0 0
307488 1 3 66 1 0
307758 0 6 66 3 0
308481 0 6 66 3 0
309654 0 6 66 0 0
311258 0 6 66 2 0
326034 1 3 66 1 0
326671 0 6 66 1 0
326734 0 6 66 0 0
326739 0 6 66 3 1
327248 1 3 66 3 0
327347 1 3 66 1 0
327633 0 6 66 1 0
327662 0 6 66 0 0
327722 0 6 66 3 0
327862 0 6 66 1 1
495393 1 2 66 3 0
59444 1 3 67 3 0
85157 1 3 67 1 1
122639 0 6 67 3 0
122645 1 2 67 3 0
271163 0 6 67 1 0
271723 0 6 67 1 0
307478 1 3 67 1 0
307512 0 6 67 1 0
307634 1 3 67 1 1
309129 1 4 67 1 0
325921 1 3 67 4 0
326037 1 3 67 2 0
326288 1 3 67 1 0
326291 0 6 67 3 0
326354 1 3 67 4 0
326731 0 6 67 1 0
327532 0 6 67 1 0
386719 1 2 67 2 0
34653 1 3 68 3 1
84455 1 4 68 1 0
85133 0 6 68 1 0
122643 1 3 68 1 0
246991 0 6 68 3 0
254550 1 4 68 4 1
271673 1 4 68 4 0
294308 0 6 68 3 1
305396 0 6 68 1 0
305565 0 6 68 3 0
307479 1 4 68 1 0
307498 0 6 68 3 0
307583 0 6 68 1 0
309653 0 6 68 0 0
309656 1 3 68 1 0
309659 0 6 68 3 1
325997 1 3 68 1 0
84558 0 6 69 3 0
270195 1 3 69 1 1
271002 1 4 69 3 0
271164 0 6 69 1 0
271604 1 3 69 1 0
307748 1 3 69 1 0
308693 0 6 69 2 0
308697 1 3 69 1 0
308904 0 6 69 1 0
309488 1 4 69 1 0
326119 0 6 69 1 0
326368 1 3 69 1 0
327531 1 5 69 0 0
351180 0 6 69 3 0
524563 0 6 69 3 0
59445 0 6 70 3 0
66060 0 6 70 3 0
84716 1 3 70 1 0
85134 0 6 70 3 0
85159 0 6 70 3 0
122641 0 6 70 1 0
269969 0 6 70 3 0
270240 0 6 70 1 0
270250 0 6 70 0 0
270652 1 3 70 1 0
271724 0 6 70 3 1
271851 0 6 70 1 0
271856 0 6 70 1 0
305395 0 6 70 1 0
307176 0 6 70 0 0
307777 1 4 70 1 0
308721 1 4 70 1 0
308913 1 2 70 1 0
309135 0 6 70 1 0
309658 0 6 70 3 0
326670 1 2 70 1 0
327664 0 6 70 1 1
327805 1 2 70 1 0
328005 1 2 70 1 0
547145 0 6 70 2 0
84453 0 6 71 1 0
122640 1 2 71 0 0
122644 1 3 71 2 0
246992 0 6 71 3 0
271165 1 4 71 1 0
271853 1 4 71 3 0
278194 0 6 71 3 0
305564 1 4 71 3 0
305808 1 2 71 2 0
306352 1 2 71 1 0
307476 1 3 71 1 0
307985 1 2 71 1 0
308696 1 3 71 0 1
309324 1 2 71 1 1
309655 1 4 71 1 0
326280 1 3 71 1 0
326290 0 6 71 3 0
408044 0 6 71 2 0
495390 0 6 71 1 0
122646 0 6 72 3 1
270251 1 3 72 1 0
271387 0 6 72 1 0
271602 1 3 72 1 0
271603 1 2 72 1 0
271916 1 3 72 4 1
305398 0 6 72 2 0
307581 1 3 72 1 0
307582 0 6 72 1 0
308417 1 3 72 4 0
309137 1 4 72 1 0
309409 1 2 72 1 0
309487 0 6 72 1 0
309489 0 6 72 3 0
326105 1 2 72 1 0
326937 1 2 72 1 0
327683 1 2 72 4 0
327875 0 6 72 1 0
328004 1 4 72 1 0
523646 1 2 72 3 0
526056 1 4 72 3 1
85550 0 6 73 1 0
122642 0 6 73 1 0
235858 1 4 73 3 0
270199 0 6 73 1 0
270261 1 4 73 1 0
271667 0 6 73 1 0
305473 1 5 73 1 0
307781 1 4 73 3 0
308699 0 6 73 1 0
308718 0 6 73 0 0
308905 0 6 73 1 0
309417 0 6 73 1 0
325885 1 2 73 1 0
326282 0 6 73 3 0
326463 0 6 73 1 0
326733 1 2 73 3 0
327806 0 6 73 1 0
406668 0 6 73 3 0
57983 0 6 74 2 1
122032 1 3 74 1 1
122633 1 3 74 1 0
123973 1 3 74 3 0
270239 1 3 74 1 0
270653 0 6 74 1 0
270879 1 2 74 1 0
271170 0 6 74 1 0
271917 1 3 74 1 0
306923 0 6 74 0 1
307386 1 4 74 4 1
308021 1 2 74 1 0
308719 1 5 74 0 0
309131 1 3 74 3 0
309134 1 4 74 0 0
309325 0 6 74 3 0
309671 1 2 74 1 0
315587 1 3 74 3 0
325840 1 4 74 1 0
326941 0 6 74 1 0
327535 1 3 74 3 0
327814 0 6 74 4 0
84454 0 6 75 1 0
270083 0 6 75 1 0
270262 0 6 75 2 0
271034 0 6 75 1 0
271162 0 6 75 0 0
271166 0 6 75 3 0
306402 1 4 75 1 0
307648 1 4 75 2 0
307779 1 2 75 1 0
307851 0 6 75 3 0
307855 0 6 75 4 0
308023 0 6 75 3 0
308702 0 6 75 3 0
308723 0 6 75 3 0
308908 0 6 75 3 0
309026 1 2 75 0 1
309136 0 6 75 1 0
315588 1 2 75 4 0
326741 1 3 75 1 0
327019 1 3 75 1 0
327243 0 6 75 1 0
327801 0 6 75 1 0
122722 1 4 76 1 0
122819 0 6 76 1 0
269914 1 4 76 3 0
270253 1 3 76 3 1
270264 1 4 76 1 0
270464 1 4 76 1 0
270469 1 5 76 1 1
271175 0 6 76 3 1
271857 1 3 76 3 0
305240 1 3 76 3 0
305392 0 6 76 2 0
305399 0 6 76 3 0
306351 0 6 76 1 0
307547 1 3 76 1 0
307780 0 6 76 2 0
307923 0 6 76 1 0
309410 1 3 76 1 0
324145 1 4 76 3 1
325883 0 6 76 0 0
326281 0 6 76 2 0
326320 0 6 76 1 0
326577 0 6 76 1 0
327369 1 3 76 1 0
327565 1 2 76 1 0
327800 1 3 76 0 0
85554 0 6 77 3 0
122637 1 3 77 3 0
271978 0 6 77 1 0
305360 0 6 77 3 0
308475 1 3 77 2 0
309029 0 6 77 3 1
309113 1 4 77 0 0
309411 0 6 77 3 0
309421 1 3 77 1 0
309667 0 6 77 0 0
325842 0 6 77 3 0
326696 1 2 77 1 0
326945 0 6 77 1 0
327239 1 2 77 0 0
84456 1 4 78 2 0
84814 0 6 78 1 0
117668 0 6 78 3 0
194901 1 3 78 3 0
269959 0 6 78 1 0
271297 1 3 78 1 1
271523 1 2 78 2 1
271996 1 3 78 1 0
306405 1 2 78 3 0
306466 0 6 78 1 0
307238 0 6 78 2 0
308698 1 3 78 1 0
309025 0 6 78 4 0
309119 0 6 78 3 1
309420 0 6 78 1 0
309669 1 3 78 2 1
327180 1 3 78 1 0
327488 0 6 78 3 0
84436 1 4 79 1 0
85305 1 4 79 1 0
185009 1 3 79 2 0
234485 0 6 79 4 1
270085 0 6 79 1 1
270088 0 6 79 3 0
270252 1 4 79 2 0
270472 0 6 79 3 0
270945 0 6 79 1 0
271480 1 3 79 1 0
271979 0 6 79 1 0
271983 0 6 79 1 0
307545 1 4 79 1 0
307921 0 6 79 1 0
308395 0 6 79 0 0
308657 0 6 79 1 0
309164 1 3 79 1 0
309338 1 3 79 1 1
309428 1 2 79 1 0
326606 1 4 79 1 0
326803 1 3 79 4 0
327216 1 4 79 1 0
327561 0 6 79 0 0
84458 1 4 80 3 0
85306 0 6 80 1 0
121419 0 6 80 1 0
223335 0 6 80 3 1
270013 0 6 80 3 0
270265 0 6 80 1 0
271174 1 3 80 3 1
271295 0 6 80 0 0
271300 0 6 80 3 0
271974 1 4 80 1 0
271981 1 4 80 3 0
271984 0 6 80 1 0
301743 0 6 80 3 0
308690 0 6 80 0 0
308720 0 6 80 1 0
308785 0 6 80 4 0
309408 1 3 80 1 1
309603 0 6 80 1 0
325813 0 6 80 1 0
326946 1 5 80 2 0
326947 1 3 80 3 0
327224 1 4 80 1 0
327240 0 6 80 0 0
327472 0 6 80 1 0
327891 0 6 80 1 0
368107 0 6 80 3 0
85731 1 4 81 4 0
241194 0 6 81 3 0
271213 0 6 81 1 0
271451 0 6 81 1 0
271631 0 6 81 1 1
271966 1 4 81 0 0
307608 0 6 81 1 0
307858 1 3 81 3 0
307986 0 6 81 3 0
308419 1 3 81 4 0
309114 0 6 81 1 0
327218 0 6 81 1 0
327486 1 4 81 1 0
327819 1 3 81 2 0
81863 1 3 82 3 0
85308 1 3 82 3 0
191225 1 2 82 3 0
236559 0 6 82 3 0
270354 0 6 82 1 0
270970 1 3 82 3 0
271296 0 6 82 1 0
271298 1 3 82 1 0
271985 0 6 82 3 0
305988 1 3 82 3 0
307230 1 3 82 0 0
307546 1 4 82 1 0
308508 1 3 82 1 1
308526 1 4 82 2 0
308919 1 4 82 1 0
309108 0 6 82 1 0
309668 1 5 82 1 0
326096 1 4 82 0 0
326127 0 6 82 1 0
326230 0 6 82 1 0
326655 0 6 82 0 0
326695 1 2 82 1 0
327174 0 6 82 0 0
327244 1 4 82 3 0
327892 1 3 82 1 0
368106 1 2 82 3 0
483031 0 6 82 3 0
527186 1 3 82 3 0
121418 1 3 83 1 0
270086 0 6 83 2 0
270671 0 6 83 3 0
271479 1 2 83 1 0
271971 1 3 83 1 0
271980 1 2 83 1 0
305354 0 6 83 1 0
307987 1 4 83 3 0
308483 0 6 83 1 0
309339 1 3 83 1 0
309340 0 6 83 3 0
309415 0 6 83 3 0
309670 1 3 83 2 0
326948 1 2 83 3 0
327220 1 3 83 3 0
327314 1 4 83 2 0
327489 0 6 83 3 0
327834 1 4 83 1 0
327974 1 3 83 1 0
368109 1 2 83 3 0
373720 0 6 83 3 1
138490 0 6 84 3 0
248048 1 4 84 3 0
269815 0 6 84 4 0
270932 0 6 84 1 0
270966 0 6 84 1 0
270977 0 6 84 1 0
271049 0 6 84 4 0
271452 1 3 84 3 1
271620 0 6 84 0 0
271888 0 6 84 1 0
271968 1 3 84 2 0
271997 1 4 84 1 0
307607 0 6 84 0 0
307673 1 4 84 1 0
308269 1 4 84 1 0
308749 0 6 84 1 0
326233 1 5 84 3 0
326239 1 3 84 1 0
326804 1 3 84 4 0
327217 0 6 84 1 0
327219 0 6 84 3 0
327515 1 3 84 0 1
327821 0 6 84 3 1
483046 1 3 84 4 1
270238 1 3 85 1 0
271454 1 4 85 0 0
307604 1 3 85 1 0
307871 0 6 85 4 0
308423 0 6 85 3 0
326613 0 6 85 1 0
326760 1 4 85 4 0
327071 0 6 85 1 0
327796 1 4 85 1 0
194854 1 3 86 2 0
248049 0 6 86 3 0
270385 1 2 86 0 0
271410 1 4 86 0 0
271481 1 4 86 3 0
296626 0 6 86 3 0
306911 1 3 86 3 0
307675 0 6 86 3 0
307713 0 6 86 3 0
308507 0 6 86 1 0
308920 1 3 86 3 0
324484 1 4 86 2 0
326388 1 3 86 2 1
326401 1 3 86 1 1
373719 1 4 86 3 1
505695 1 4 86 3 0
119261 0 6 87 3 0
161811 0 6 87 3 0
270478 1 3 87 1 0
270618 0 6 87 1 0
270670 1 2 87 2 0
271414 1 4 87 3 1
309593 1 2 87 1 0
324483 1 2 87 1 0
326614 0 6 87 3 0
327054 0 6 87 3 0
484330 0 6 87 3 1
134888 0 6 88 3 0
197672 0 6 88 3 0
271455 0 6 88 1 1
271969 0 6 88 3 0
307389 1 3 88 1 0
308536 1 2 88 1 0
323446 0 6 88 3 0
326697 0 6 88 3 0
326891 0 6 88 0 0
327518 1 4 88 3 0
327648 1 3 88 1 0
382540 1 3 88 3 0
111933 0 6 89 2 0
211876 0 6 89 2 0
271408 0 6 89 3 0
271411 1 3 89 0 0
271621 1 3 89 0 0
271624 1 4 89 3 0
296622 1 3 89 3 0
307886 0 6 89 1 0
308527 0 6 89 3 0
326215 0 6 89 1 0
367948 0 6 89 3 0
270234 1 3 90 1 0
270592 0 6 90 3 0
270616 0 6 90 0 0
270934 0 6 90 3 0
271412 0 6 90 1 0
307888 1 3 90 1 0
308088 0 6 90 1 0
326404 1 3 90 3 0
326585 0 6 90 3 0
326664 1 4 90 3 0
327647 0 6 90 0 0
327711 1 3 90 1 0
270386 0 6 91 3 0
270479 0 6 91 1 0
270481 0 6 91 3 1
271143 0 6 91 1 0
271407 0 6 91 1 0
286475 0 6 91 3 0
307890 0 6 91 3 0
382536 1 3 91 1 0
270480 0 6 92 3 0
270927 0 6 92 3 1
271144 0 6 92 1 0
271147 1 4 92 3 0
271413 1 4 92 2 1
307430 0 6 92 1 1
307875 1 3 92 3 0
319273 0 6 92 3 1
320879 0 6 92 3 1
324487 0 6 92 3 0
325741 1 2 92 4 0
325807 0 6 92 1 0
326129 0 6 92 1 0
327650 1 4 92 1 0
482384 1 2 92 3 1
134895 0 6 93 3 0
270617 0 6 93 1 0
270622 0 6 93 1 0
270805 0 6 93 1 0
271570 0 6 93 1 0
307390 1 3 93 4 0
308385 1 4 93 1 0
309382 1 3 93 1 0
326612 0 6 93 1 0
326792 0 6 93 3 0
327712 1 3 93 1 0
482095 1 3 93 4 0
482385 0 6 93 1 0
134891 0 6 94 3 0
270620 0 6 94 3 0
307889 1 2 94 3 0
308439 0 6 94 1 0
309380 0 6 94 1 0
326097 1 3 94 0 0
326622 0 6 94 1 0
326913 1 5 94 1 0
327087 1 3 94 1 0
327644 1 3 94 1 0
403094 0 6 94 3 0
541391 0 6 94 2 0
270488 0 6 95 3 1
271275 0 6 95 1 0
307612 0 6 95 1 0
307872 1 4 95 1 0
326130 0 6 95 1 0
327646 0 6 95 3 0
354663 1 2 95 2 0
270045 0 6 96 3 0
271405 0 6 96 2 0
271693 1 4 96 1 0
309216 0 6 96 1 0
325744 0 6 96 4 1
327086 1 4 96 1 0
327592 0 6 96 1 0
270623 0 6 97 3 0
308975 1 3 97 1 0
309217 0 6 97 1 0
326128 1 3 97 1 0
481067 1 4 97 1 0
481295 0 6 97 1 0
482469 1 3 97 1 1
227054 0 6 98 3 0
307874 1 3 98 1 0
325961 1 4 98 1 0
326098 1 4 98 3 0
326309 0 6 98 1 0
327037 1 2 98 1 0
354660 0 6 98 2 0
481297 1 4 98 3 0
132785 1 3 99 3 0
226132 0 6 99 0 0
227053 0 6 99 1 0
227056 1 3 99 4 1
308864 0 6 99 1 0
309218 0 6 99 3 0
309381 1 4 99 1 0
324351 0 6 99 4 1
325743 0 6 99 4 0
354662 1 4 99 1 0
175705 1 2 100 3 0
226139 0 6 100 1 0
309176 0 6 100 1 0
309205 1 4 100 1 0
309345 0 6 100 1 0
325960 0 6 100 0 0
326126 1 2 100 0 1
326144 1 3 100 3 1
326927 1 3 100 1 0
429918 0 6 100 2 1
175704 1 4 101 3 1
227211 1 2 101 3 0
270487 0 6 101 3 0
308018 0 6 101 1 0
309180 1 3 101 4 1
309248 1 4 101 0 0
327593 0 6 101 3 0
412830 0 6 101 4 1
429919 1 3 101 3 0
481205 1 3 101 4 0
481301 1 4 101 3 1
482468 0 6 101 2 1
482638 1 3 101 1 0
225953 0 6 102 0 0
307940 1 3 102 1 0
308774 0 6 102 1 0
309146 0 6 102 1 0
309206 1 4 102 3 0
326436 0 6 102 1 0
327920 0 6 102 1 0
37209 1 2 103 3 0
226140 0 6 103 3 1
227051 0 6 103 1 0
227055 0 6 103 3 0
308881 0 6 103 3 0
308988 1 2 103 1 0
309145 0 6 103 1 0
311016 0 6 103 3 0
325886 1 4 103 2 0
325963 0 6 103 3 0
326310 0 6 103 1 0
327039 0 6 103 3 0
327409 1 4 103 1 0
327919 1 2 103 1 0
226019 0 6 104 1 0
308472 1 3 104 1 0
308863 0 6 104 1 0
309252 0 6 104 3 0
326145 0 6 104 3 0
326242 0 6 104 1 0
327416 1 2 104 1 0
327921 0 6 104 3 0
308879 1 3 105 1 0
308882 0 6 105 3 0
308989 1 2 105 3 1
309221 0 6 105 2 0
309247 1 3 105 0 0
326132 1 3 105 3 0
327456 0 6 105 1 0
549542 1 2 105 3 0
226136 0 6 106 2 0
226700 1 4 106 1 0
226917 1 3 106 1 0
227058 0 6 106 1 0
308057 0 6 106 1 0
308559 1 2 106 3 0
325876 0 6 106 1 0
326162 0 6 106 1 0
326518 0 6 106 1 0
327410 1 3 106 1 0
227278 1 4 107 1 0
308843 0 6 107 1 0
309250 1 2 107 1 0
325966 1 3 107 1 0
326437 0 6 107 1 0
327056 1 3 107 1 0
327483 1 3 107 4 1
327918 1 3 107 1 0
225884 0 6 108 1 0
226963 1 3 108 4 0
227717 1 4 108 1 0
308208 0 6 108 1 0
308477 0 6 108 3 0
309087 0 6 108 1 0
309269 1 3 108 1 0
310219 0 6 108 3 0
322638 1 4 108 4 0
325891 0 6 108 1 0
326238 1 3 108 1 0
327419 0 6 108 3 0
327455 1 2 108 1 0
56438 1 3 109 3 0
225981 0 6 109 1 0
227471 0 6 109 1 1
326057 1 4 109 1 0
326875 0 6 109 1 0
326940 0 6 109 1 0
327316 0 6 109 3 0
327408 1 4 109 4 1
226137 0 6 110 3 0
226167 1 3 110 1 0
226479 1 4 110 1 0
227294 1 2 110 1 0
227472 0 6 110 1 0
227514 0 6 110 1 0
307984 0 6 110 1 0
308990 0 6 110 3 0
309492 1 3 110 1 0
319590 0 6 110 3 0
326109 1 4 110 1 0
326417 1 3 110 1 0
327045 0 6 110 1 1
56439 0 6 111 3 0
225919 1 2 111 1 0
226508 1 2 111 1 0
226916 1 3 111 1 0
227277 1 3 111 0 0
227821 0 6 111 1 0
307704 0 6 111 1 1
308569 1 2 111 1 0
325986 0 6 111 1 0
326180 0 6 111 1 0
327359 1 2 111 3 0
327411 0 6 111 3 0
511435 0 6 111 2 1
225885 0 6 112 3 0
226165 0 6 112 1 0
227475 1 4 112 3 0
227478 1 5 112 3 0
309491 1 2 112 0 1
326113 0 6 112 3 0
326243 1 3 112 3 0
326416 0 6 112 1 0
326418 1 4 112 1 0
326420 0 6 112 3 0
326593 1 2 112 1 0
326595 1 3 112 1 0
327047 0 6 112 3 1
327837 1 2 112 3 0
189641 1 4 113 3 1
225886 0 6 113 3 0
226481 0 6 113 3 0
226509 1 3 113 1 0
226724 1 3 113 1 1
226894 1 4 113 3 0
309493 0 6 113 1 0
326108 1 4 113 1 1
326419 1 4 113 3 0
326591 0 6 113 0 0
326597 1 2 113 3 0
327108 1 4 113 1 0
56437 0 6 114 3 0
138293 1 2 114 3 0
210928 1 2 114 3 0
225918 0 6 114 0 0
226507 1 4 114 1 0
227292 0 6 114 1 0
227295 0 6 114 1 0
227296 0 6 114 3 0
227515 1 3 114 1 0
292166 1 3 114 2 0
307703 0 6 114 1 0
308567 1 4 114 0 0
309291 0 6 114 3 0
309495 0 6 114 3 0
325778 1 3 114 1 0
326110 1 2 114 1 0
326112 1 3 114 3 0
225883 1 2 115 1 0
226374 1 3 115 4 1
226510 0 6 115 3 1
226511 1 3 115 3 0
226919 0 6 115 3 1
308674 1 4 115 1 0
325780 0 6 115 3 0
55461 0 6 116 4 0
210926 0 6 116 3 0
225844 1 3 116 1 0
225921 0 6 116 3 0
225966 0 6 116 1 0
226513 0 6 116 3 0
226518 1 4 116 0 0
226828 0 6 116 1 0
227847 0 6 116 1 0
308846 0 6 116 3 0
308855 1 3 116 3 0
380395 0 6 116 3 0
227162 1 3 117 1 0
227550 1 3 117 2 0
227794 1 3 117 0 0
326592 0 6 117 1 0
327373 1 4 117 2 0
350410 1 4 117 3 0
225777 0 6 118 1 0
225833 0 6 118 1 0
226353 0 6 118 1 0
226486 0 6 118 1 0
226661 0 6 118 0 1
226802 0 6 118 1 0
226901 1 2 118 1 1
227136 0 6 118 1 0
227373 0 6 118 1 0
227405 1 3 118 1 0
308845 0 6 118 3 0
309494 1 3 118 2 0
326754 0 6 118 1 0
395559 1 4 118 2 0
500525 0 6 118 3 0
56436 0 6 119 3 0
225920 1 3 119 1 0
226087 0 6 119 3 0
226111 0 6 119 1 0
226485 0 6 119 1 0
227391 1 3 119 1 0
227516 1 4 119 3 0
227846 0 6 119 1 0
35699 0 6 120 3 1
225780 0 6 120 3 0
226231 1 2 120 1 0
226232 0 6 120 1 0
226370 0 6 120 1 0
226520 1 3 120 3 0
226660 0 6 120 0 0
227427 1 5 120 1 0
227442 0 6 120 1 0
227510 1 3 120 4 0
227517 0 6 120 3 0
227549 0 6 120 2 0
327093 0 6 120 1 0
327372 1 4 120 0 0
226324 0 6 121 1 0
227116 1 3 121 3 0
227266 1 4 121 0 0
227298 0 6 121 1 0
234345 1 2 121 3 0
307593 0 6 121 3 0
36234 1 3 122 3 0
210005 1 3 122 2 0
225728 0 6 122 3 0
225834 1 3 122 1 0
225959 1 4 122 1 0
226106 1 4 122 1 0
226256 0 6 122 1 1
226632 1 3 122 3 1
226662 0 6 122 3 0
227059 0 6 122 1 0
227168 0 6 122 1 0
227269 0 6 122 2 1
227312 1 4 122 1 0
227400 0 6 122 0 0
227406 1 3 122 1 0
227544 0 6 122 1 0
227639 1 4 122 1 0
227649 0 6 122 1 0
326367 0 6 122 0 0
225826 1 4 123 1 0
226008 1 3 123 1 0
226098 0 6 123 3 0
227304 1 4 123 1 0
227394 0 6 123 3 0
227557 0 6 123 1 0
227805 1 4 123 1 0
227844 0 6 123 4 0
225917 0 6 124 0 0
226321 1 5 124 1 0
226800 1 3 124 1 0
227169 0 6 124 1 1
227430 1 4 124 3 0
227447 0 6 124 1 0
273146 0 6 124 2 0
36232 0 6 125 1 0
225958 0 6 125 0 0
226302 0 6 125 1 0
226320 0 6 125 1 0
227554 0 6 125 2 0
233312 0 6 125 2 0
327092 0 6 125 1 0
225181 0 6 126 2 0
225831 0 6 126 0 0
225961 0 6 126 2 1
227299 1 2 126 1 0
227555 0 6 126 0 0
35920 1 4 127 1 0
226303 1 3 127 3 0
226325 0 6 127 1 0
226636 0 6 127 1 0
226798 0 6 127 1 0
227545 1 3 127 2 0
35921 1 2 128 3 0
36245 0 6 128 1 0
226736 0 6 128 1 0
227410 1 4 128 1 0
227456 1 4 128 1 0
326485 0 6 128 1 0
36252 1 3 129 4 1
225969 1 4 129 1 0
226085 1 2 129 3 0
226801 1 5 129 1 0
227120 1 4 129 1 0
227457 1 4 129 1 0
227531 0 6 129 3 0
1382 0 6 130 2 0
36244 0 6 130 1 0
192588 0 6 130 2 0
225983 1 3 130 1 0
226280 0 6 130 1 1
227553 1 4 130 3 0
81650 1 4 131 3 0
97144 0 6 131 3 0
210433 1 3 131 3 0
226638 0 6 131 3 0
227454 0 6 131 4 1
227455 1 3 131 1 0
327091 1 3 131 1 0
226884 1 3 132 1 0
227000 1 4 132 1 0
227177 0 6 132 1 0
227452 0 6 132 3 0
227626 0 6 132 1 0
227663 1 2 132 1 0
226647 1 3 133 3 0
227628 0 6 133 3 0
326490 0 6 133 3 0
327090 0 6 133 0 0
1380 1 3 134 3 0
35892 1 4 134 1 0
81651 0 6 134 3 0
225982 1 4 134 1 0
226274 1 2 134 3 0
226639 0 6 134 3 0
227573 1 2 134 1 0
227630 1 3 134 3 0
35711 0 6 135 3 0
225784 0 6 135 1 0
35891 0 6 136 1 0
36809 1 3 136 3 0
187129 1 4 136 2 0
226582 0 6 136 1 0
227757 0 6 136 1 0
327095 0 6 136 3 0
36032 0 6 137 1 0
160516 0 6 137 3 0
225787 1 3 137 3 0
225985 0 6 137 3 0
226559 1 3 137 3 0
226885 0 6 137 1 0
227002 1 3 137 3 0
19 1 2 138 4 1
197 1 3 138 3 0
1060 0 6 138 3 0
86437 0 6 138 3 0
180278 1 2 138 3 0
302965 1 3 138 3 0
473356 0 6 138 3 0
24 0 6 139 3 0
37106 0 6 139 1 0
227759 1 3 139 3 0
36618 1 2 140 1 0
87003 0 6 140 3 1
180907 1 2 140 1 1
227754 0 6 140 0 0
227767 0 6 140 1 0
340492 0 6 140 3 1
35846 0 6 141 1 0
82782 0 6 141 2 0
180911 1 3 141 1 0
345078 0 6 141 3 1
473357 1 3 141 3 0
36309 0 6 142 1 0
37107 0 6 142 3 0
180035 0 6 142 3 0
227001 1 4 142 3 0
36841 0 6 143 1 1
37103 1 3 143 3 0
37110 1 4 143 4 0
85801 0 6 143 3 0
227755 0 6 143 1 0
379233 1 3 143 3 1
403267 0 6 143 2 0
86996 0 6 144 0 0
226341 1 4 144 1 0
243444 0 6 144 3 0
340491 0 6 144 1 0
35845 1 4 145 2 0
35847 1 5 145 1 1
36617 1 3 145 1 0
37094 1 3 145 1 0
37105 1 3 145 1 0
180032 0 6 145 1 0
180906 1 4 145 1 0
340107 0 6 145 1 0
35810 0 6 146 1 0
36703 1 4 146 1 0
37206 1 3 146 1 0
85798 0 6 146 1 0
93526 0 6 146 3 0
181354 0 6 146 1 0
339187 0 6 146 1 0
511595 0 6 146 3 0
339376 0 6 147 1 0
340399 1 4 147 1 0
36840 0 6 148 1 0
37402 0 6 148 1 0
45392 0 6 148 3 0
339186 1 3 148 1 0
340748 1 2 148 1 0
35569 0 6 149 1 0
37096 1 4 149 3 0
37097 1 5 149 4 1
37230 1 3 149 1 0
226343 1 3 149 3 0
340183 1 4 149 1 0
339167 0 6 150 1 0
339189 1 4 150 3 0
339467 1 2 150 1 0
340108 0 6 150 1 0
340751 0 6 150 3 1
93530 1 3 151 4 0
339469 1 4 151 3 1
511596 0 6 151 3 0
180471 1 4 152 1 0
332202 1 4 152 3 0
340543 0 6 152 1 0
35480 0 6 153 1 0
36090 0 6 153 3 0
36671 1 3 153 1 0
181473 0 6 153 1 0
332198 1 4 153 3 1
339732 0 6 153 3 0
340184 0 6 153 3 0
156431 0 6 154 4 0
339468 0 6 154 1 0
181475 1 3 155 2 0
181476 0 6 155 3 0
203162 0 6 155 3 0
340544 1 3 155 3 0
35481 0 6 156 3 1
35559 0 6 156 1 0
35585 0 6 156 1 0
179450 0 6 156 1 0
339185 0 6 156 1 0
340006 1 3 156 1 0
340640 0 6 156 4 0
156427 0 6 157 1 0
180473 0 6 157 3 0
181471 1 2 157 0 0
181477 1 4 157 3 0
339474 1 2 157 1 1
14182 0 6 158 3 1
35995 0 6 158 3 0
36102 0 6 158 3 0
36710 0 6 158 1 1
181474 1 4 158 1 0
339065 0 6 158 1 0
35587 0 6 159 3 0
121987 0 6 159 2 1
156428 0 6 159 1 0
179650 1 4 159 3 0
36100 0 6 160 1 0
36333 1 3 160 1 0
179535 1 3 160 1 0
340410 0 6 160 1 0
35564 0 6 161 3 0
36694 0 6 161 1 0
37154 0 6 161 1 0
181479 0 6 161 3 0
340380 0 6 161 1 1
35923 1 4 162 1 0
36534 1 3 162 1 0
36566 1 4 162 1 0
36803 0 6 162 1 0
37220 0 6 162 4 0
134853 0 6 162 3 0
157542 0 6 162 1 0
181472 1 4 162 1 0
35519 1 3 163 1 0
36098 0 6 163 1 0
36315 0 6 163 1 0
36635 1 3 163 1 0
37158 1 4 163 1 0
157545 0 6 163 1 0
195342 1 4 163 2 0
340412 1 4 163 1 0
340414 0 6 163 3 0
35437 0 6 164 1 0
35455 1 5 164 1 0
35492 0 6 164 1 0
36334 0 6 164 1 0
37136 1 2 164 1 0
37289 1 3 164 1 0
121986 1 3 164 2 0
35599 0 6 165 1 0
35607 1 2 165 4 0
35930 1 3 165 1 0
36164 0 6 165 1 0
36195 0 6 165 1 0
36336 1 4 165 3 0
36567 1 2 165 1 0
36568 1 3 165 1 0
37152 1 4 165 0 0
37157 0 6 165 3 0
37205 0 6 165 3 0
37284 1 3 165 1 0
37333 0 6 165 1 0
37428 0 6 165 1 0
340308 1 4 165 1 0
340379 1 3 165 1 0
340413 1 4 165 1 0
35347 0 6 166 3 0
35376 1 2 166 1 0
35457 1 4 166 1 0
35922 1 4 166 1 0
35924 0 6 166 1 0
35931 0 6 166 1 0
36543 0 6 166 1 0
36695 1 3 166 1 0
36707 1 5 166 4 0
36724 1 4 166 1 0
37337 0 6 166 1 0
340600 1 5 166 1 0
35528 0 6 167 1 0
35598 1 4 167 1 0
35962 1 4 167 1 0
36197 1 3 167 3 0
36262 1 4 167 1 0
37153 0 6 167 1 0
37155 0 6 167 3 0
37290 0 6 167 3 0
37291 0 6 167 3 0
37338 0 6 167 3 1
122559 1 4 167 4 0
340309 0 6 167 1 0
340381 0 6 167 3 0
35784 1 4 168 1 0
35864 1 4 168 1 0
35928 1 5 168 0 0
36007 0 6 168 1 0
36063 1 4 168 1 0
36546 0 6 168 3 0
36572 0 6 168 3 0
36999 1 3 168 1 0
37191 0 6 168 1 0
37430 0 6 168 3 0
155786 1 2 168 1 0
294373 1 3 168 3 0
339557 1 3 168 1 0
35523 1 4 169 1 0
35632 1 3 169 1 0
35933 0 6 169 3 0
36545 0 6 169 3 0
36943 1 4 169 1 0
37058 0 6 169 4 0
37408 0 6 169 1 0
155781 0 6 169 1 0
157550 1 4 169 3 0
339678 1 4 169 1 0
35746 0 6 170 3 0
35861 0 6 170 2 0
35926 0 6 170 3 0
35927 0 6 170 3 0
35963 0 6 170 1 0
35964 0 6 170 3 0
36004 1 4 170 0 0
36328 1 2 170 3 0
36704 1 3 170 1 0
37335 0 6 170 3 0
340310 1 3 170 3 0
35797 1 4 171 1 0
35818 0 6 171 3 0
35965 1 3 171 3 0
36099 1 3 171 1 0
36386 1 3 171 1 0
36581 0 6 171 1 0
37005 0 6 171 1 0
339559 1 4 171 3 1
340553 0 6 171 1 0
499058 0 6 171 3 0
35377 0 6 172 3 1
36238 0 6 172 1 0
37189 0 6 172 1 0
99391 1 3 172 3 0
126512 1 4 172 3 1
155782 1 3 172 1 1
156505 0 6 172 1 0
268925 0 6 172 3 0
330974 0 6 172 3 0
339682 0 6 172 3 0
35865 0 6 173 3 0
36125 1 3 173 2 0
36544 1 5 173 1 0
37057 0 6 173 4 0
37216 1 3 173 1 0
37411 0 6 173 3 1
155785 1 3 173 1 0
339556 0 6 173 0 0
35978 0 6 174 3 1
36101 1 3 174 3 0
79332 1 4 174 3 0
155783 0 6 174 3 0
156652 0 6 174 1 0
36012 1 3 175 1 1
36388 1 3 175 1 0
36439 0 6 175 4 1
36595 1 4 175 1 0
37409 0 6 175 2 0
156126 0 6 175 1 0
157260 0 6 175 1 0
231271 0 6 175 3 0
36130 0 6 176 1 0
37000 1 4 176 1 0
156127 0 6 176 1 0
156568 0 6 176 1 0
187468 0 6 176 3 0
36440 0 6 177 4 1
37101 1 2 177 1 0
37123 0 6 177 1 0
37215 1 3 177 1 0
155867 0 6 177 3 0
156571 0 6 177 1 0
157259 1 4 177 1 0
231272 1 4 177 4 0
35499 1 3 178 4 0
36219 0 6 178 1 0
36594 0 6 178 0 0
37126 1 3 178 1 0
155847 0 6 178 1 1
156340 0 6 178 1 0
339555 0 6 178 0 0
35472 1 2 179 1 0
35950 0 6 179 1 0
36013 0 6 179 3 0
37419 1 3 179 3 0
156252 0 6 179 1 0
156458 1 2 179 1 0
156677 0 6 179 1 0
156808 0 6 179 1 0
157315 0 6 179 1 0
157316 1 5 179 1 0
157370 0 6 179 1 1
187467 0 6 179 3 0
36460 1 3 180 1 0
36752 0 6 180 1 0
37121 0 6 180 3 0
156128 0 6 180 3 0
156132 0 6 180 3 0
156432 0 6 180 4 0
156569 0 6 180 3 0
157053 1 3 180 3 0
157217 1 3 180 1 0
157559 0 6 180 1 0
35888 0 6 181 1 0
36018 1 4 181 4 0
37217 1 4 181 3 0
155835 1 2 181 1 0
156318 0 6 181 1 0
156501 1 3 181 1 0
156535 0 6 181 1 0
181899 0 6 181 2 0
21224 1 4 182 3 1
36427 1 3 182 4 0
36711 0 6 182 1 0
155685 0 6 182 1 0
156007 1 3 182 1 0
156015 1 4 182 3 0
156208 0 6 182 1 0
156316 1 5 182 0 0
156323 1 4 182 1 0
187465 0 6 182 1 0
339788 0 6 182 0 0
36896 0 6 183 1 0
156317 1 3 183 1 0
156678 0 6 183 1 0
157012 1 4 183 1 0
157031 0 6 183 1 0
157220 1 3 183 3 0
157221 1 4 183 3 0
157271 0 6 183 1 1
157371 0 6 183 1 0
157563 0 6 183 1 1
155834 1 2 184 1 0
156131 1 4 184 3 0
156256 0 6 184 1 0
156313 1 2 184 1 0
156848 0 6 184 1 1
157013 1 3 184 1 0
157276 0 6 184 1 0
157317 1 3 184 3 0
157321 0 6 184 3 0
157335 0 6 184 1 0
157375 0 6 184 1 0
157381 0 6 184 1 0
157452 0 6 184 4 0
188864 1 2 184 1 0
155837 0 6 185 3 0
156289 0 6 185 1 0
156322 0 6 185 1 0
156500 1 3 185 1 0
156849 1 3 185 1 0
156981 0 6 185 1 0
187463 0 6 185 0 0
187599 1 4 185 1 0
188862 0 6 185 0 0
553657 1 4 185 3 0
35878 1 3 186 1 0
156259 0 6 186 1 0
156379 1 3 186 1 0
157010 1 3 186 0 0
157437 0 6 186 1 0
157534 0 6 186 1 1
187672 0 6 186 1 0
187955 0 6 186 1 0
188895 1 3 186 1 0
195850 1 3 186 3 0
36019 1 4 187 4 0
156056 1 2 187 1 0
156260 1 4 187 1 0
156380 0 6 187 1 0
156382 0 6 187 3 0
156774 1 3 187 1 0
157105 1 4 187 1 0
157344 0 6 187 1 0
157413 1 3 187 1 0
157483 1 3 187 1 0
157564 0 6 187 1 0
187598 1 5 187 1 0
187601 0 6 187 1 0
189194 1 3 187 1 0
155866 0 6 188 1 0
155898 1 4 188 1 0
156386 0 6 188 1 0
156495 1 4 188 1 0
156927 1 3 188 1 0
156947 0 6 188 1 0
157018 1 5 188 3 0
157056 0 6 188 4 0
157107 1 4 188 1 0
157438 1 4 188 2 0
157441 1 3 188 1 0
157554 1 4 188 1 0
187464 1 3 188 1 0
187606 1 3 188 3 0
188829 0 6 188 1 0
188854 1 3 188 3 0
188855 0 6 188 0 0
188889 0 6 188 1 0
189187 1 3 188 3 1
384769 1 3 188 2 0
155788 0 6 189 1 0
156179 1 4 189 1 0
156258 0 6 189 3 0
156261 1 2 189 3 0
156290 0 6 189 1 0
156584 0 6 189 1 0
157028 1 4 189 1 0
157386 0 6 189 1 0
157439 0 6 189 3 0
157567 0 6 189 3 1
181439 1 3 189 3 0
188270 0 6 189 1 0
188850 0 6 189 1 0
23586 1 2 190 3 0
155723 1 3 190 3 0
155754 0 6 190 2 0
155812 1 2 190 4 1
156169 1 4 190 1 0
156324 1 3 190 1 0
156502 0 6 190 1 1
156517 1 5 190 1 0
157024 0 6 190 1 0
157161 1 4 190 1 1
157183 0 6 190 1 0
157446 1 2 190 4 0
157484 1 2 190 3 0
157566 0 6 190 3 0
187441 0 6 190 1 0
187600 1 3 190 1 0
187784 1 4 190 4 0
187957 0 6 190 1 0
188036 0 6 190 1 1
188307 0 6 190 1 0
188354 0 6 190 1 0
188485 0 6 190 1 0
188830 0 6 190 1 0
20816 0 6 191 3 0
37949 1 3 191 2 0
155828 0 6 191 1 0
156008 1 3 191 1 0
156381 1 3 191 3 0
156444 1 3 191 1 0
156516 0 6 191 1 0
156560 0 6 191 1 0
156577 0 6 191 4 1
156583 1 2 191 1 0
156821 0 6 191 1 0
156837 0 6 191 1 0
157017 0 6 191 3 0
157106 0 6 191 1 0
157487 0 6 191 1 0
187475 1 3 191 3 0
187521 0 6 191 1 0
188284 0 6 191 1 0
188851 1 3 191 2 1
188856 0 6 191 1 0
155863 1 2 192 0 0
155865 1 3 192 1 0
156075 0 6 192 1 0
156151 1 4 192 1 0
156249 0 6 192 3 0
156341 1 4 192 1 0
156389 0 6 192 3 0
156496 1 4 192 3 0
156663 0 6 192 1 0
156697 0 6 192 1 0
156758 1 4 192 1 0
156965 0 6 192 1 0
157350 0 6 192 1 0
157583 0 6 192 1 0
188291 0 6 192 1 0
188404 1 4 192 4 1
188852 0 6 192 2 0
188938 1 4 192 4 1
189220 0 6 192 1 0
292848 0 6 192 2 0
86058 0 6 193 3 0
155829 1 3 193 2 0
156168 0 6 193 0 0
156550 0 6 193 1 1
156574 0 6 193 1 0
156604 1 4 193 1 1
156777 1 4 193 2 0
156982 0 6 193 1 0
156998 0 6 193 1 0
157095 1 3 193 1 0
157167 0 6 193 1 0
157198 0 6 193 1 0
157346 0 6 193 3 0
157597 1 4 193 2 1
187929 0 6 193 1 0
188748 0 6 193 1 0
188857 1 3 193 1 0
189059 0 6 193 1 0
189114 0 6 193 1 0
290287 0 6 193 3 0
155749 0 6 194 1 0
155853 1 1 194 1 0
156299 1 3 194 1 0
156603 1 4 194 1 0
156716 0 6 194 1 1
156759 1 2 194 1 0
156810 0 6 194 3 0
156938 1 3 194 1 0
157302 1 3 194 1 0
157503 1 2 194 1 0
157569 0 6 194 1 0
157592 0 6 194 1 0
188055 1 4 194 1 0
188517 0 6 194 4 0
188828 1 4 194 3 0
188868 0 6 194 1 0
189099 0 6 194 1 0
189232 0 6 194 3 0
21112 0 6 195 4 0
156115 1 4 195 1 1
156171 1 4 195 2 0
156309 1 4 195 1 0
156576 0 6 195 3 0
156607 1 3 195 3 1
156669 1 4 195 1 0
157001 0 6 195 3 0
157058 1 3 195 4 0
157591 1 3 195 1 0
187449 0 6 195 1 0
187602 0 6 195 3 0
188131 1 3 195 3 0
188293 0 6 195 1 0
188365 0 6 195 1 0
188885 0 6 195 3 0
189009 0 6 195 1 0
189057 1 4 195 1 0
189235 0 6 195 4 0
451717 0 6 195 3 0
542837 0 6 195 2 0
86057 1 4 196 3 1
103210 1 4 196 3 0
155748 1 4 196 0 0
155864 0 6 196 0 1
155972 1 2 196 1 0
156060 1 4 196 2 1
156284 0 6 196 1 0
156287 1 3 196 2 0
156293 0 6 196 1 0
156343 1 3 196 3 0
156424 1 4 196 1 0
156941 0 6 196 1 0
157061 0 6 196 1 1
157203 0 6 196 3 0
157336 0 6 196 1 0
157349 1 2 196 1 0
157402 0 6 196 1 0
165618 0 6 196 3 0
188568 1 5 196 1 0
188692 1 4 196 1 0
188699 1 3 196 1 0
188922 0 6 196 4 0
482447 0 6 196 3 0
155733 0 6 197 1 0
155751 0 6 197 2 0
155816 0 6 197 4 1
155985 0 6 197 1 0
156023 1 3 197 1 0
156122 1 2 197 3 0
156388 1 4 197 2 1
156513 1 3 197 4 0
156595 1 4 197 3 0
156605 0 6 197 1 0
156975 0 6 197 1 0
156999 0 6 197 1 0
157354 1 3 197 3 0
157462 1 3 197 1 0
157590 0 6 197 1 0
157599 0 6 197 0 0
165619 1 2 197 3 0
182396 0 6 197 3 1
188212 0 6 197 1 0
188407 0 6 197 1 0
188808 0 6 197 1 0
189166 0 6 197 1 0
431163 1 3 197 3 0
542838 0 6 197 3 0
2470 0 6 198 3 0
103212 0 6 198 2 0
155719 0 6 198 1 0
155750 0 6 198 1 0
155752 1 3 198 3 0
155974 0 6 198 1 0
156113 0 6 198 1 0
156114 0 6 198 1 0
156172 1 2 198 1 1
156196 1 4 198 1 0
156300 1 3 198 3 0
156361 1 2 198 1 0
156408 0 6 198 1 0
156718 1 4 198 2 1
156721 1 4 198 3 1
156940 1 3 198 1 0
156943 1 4 198 3 0
156978 0 6 198 3 0
157057 1 3 198 4 0
157322 1 3 198 1 0
157337 1 2 198 1 0
157345 1 3 198 3 1
157530 1 4 198 1 0
186320 0 6 198 3 0
187631 1 3 198 4 0
188384 1 3 198 1 0
188612 1 3 198 1 0
189042 1 3 198 1 0
189122 1 2 198 1 0
447538 1 3 198 3 1
155815 1 3 199 3 0
155842 0 6 199 3 0
156269 0 6 199 1 0
156297 1 3 199 0 0
156362 0 6 199 1 0
157511 0 6 199 3 0
188418 1 3 199 4 1
188836 0 6 199 1 0
189008 1 2 199 1 0
189191 1 4 199 1 0
228782 0 6 199 3 1
431160 1 3 199 1 0
451718 0 6 199 3 1
80161 1 3 200 2 0
103211 0 6 200 3 0
103214 0 6 200 3 0
103964 1 3 200 1 0
133202 0 6 200 2 0
153731 1 4 200 2 0
155674 0 6 200 1 0
155789 0 6 200 1 0
156026 0 6 200 3 0
156073 1 4 200 3 0
156116 1 3 200 3 0
156394 0 6 200 4 1
156425 1 4 200 3 1
156426 1 3 200 4 1
156674 0 6 200 3 0
156717 0 6 200 1 0
156719 1 4 200 2 0
156944 1 3 200 1 0
157135 0 6 200 1 1
157431 0 6 200 1 0
157600 0 6 200 1 0
157601 1 2 200 1 0
187942 0 6 200 1 0
188208 1 3 200 1 0
188294 1 3 200 3 0
188544 1 3 200 1 0
188615 1 3 200 3 0
188835 1 4 200 3 0
188986 1 3 200 3 0
189041 1 4 200 1 1
189101 0 6 200 2 0
189120 1 3 200 0 0
231588 1 2 200 4 0
327506 1 4 200 3 1
328552 0 6 200 3 0
427317 0 6 200 2 0
481573 0 6 200 2 0
68132 0 6 201 3 0
96986 1 3 201 2 0
155670 1 4 201 1 0
155712 0 6 201 1 0
155942 0 6 201 1 0
156214 0 6 201 1 0
156224 1 3 201 1 0
156363 1 3 201 1 0
156416 1 3 201 1 0
156630 0 6 201 1 0
156654 1 2 201 1 0
156671 0 6 201 2 0
157142 0 6 201 1 0
157268 0 6 201 1 0
157353 1 3 201 3 0
157497 0 6 201 1 0
187717 0 6 201 1 0
187878 1 2 201 1 0
188041 1 4 201 1 0
188174 1 2 201 1 0
188203 0 6 201 1 0
188250 0 6 201 1 0
188460 0 6 201 3 0
326770 0 6 201 3 0
430807 1 3 201 1 0
103213 1 2 202 3 0
103965 1 4 202 2 0
155695 0 6 202 1 0
155747 1 4 202 3 1
155817 1 4 202 4 0
156035 1 3 202 4 0
156108 1 2 202 1 0
156283 0 6 202 0 0
156863 1 5 202 1 0
156912 0 6 202 1 0
156992 1 3 202 1 0
157323 1 3 202 1 0
157343 0 6 202 1 0
157593 0 6 202 3 0
157602 0 6 202 3 0
174805 0 6 202 3 0
187373 0 6 202 4 0
187684 0 6 202 1 0
187716 1 3 202 1 0
188213 0 6 202 2 0
188383 0 6 202 1 0
188613 1 3 202 2 0
188620 0 6 202 3 0
189121 0 6 202 1 0
189123 0 6 202 2 0
189238 0 6 202 1 0
430625 0 6 202 1 0
102143 0 6 203 1 0
103346 1 4 203 1 0
155690 0 6 203 2 0
155818 0 6 203 4 1
155889 1 3 203 3 1
156080 1 3 203 3 0
156364 0 6 203 1 0
156655 1 3 203 3 0
156670 1 2 203 2 0
156796 1 2 203 1 0
156859 0 6 203 4 0
156895 0 6 203 1 0
157069 0 6 203 1 0
157141 0 6 203 1 0
157325 0 6 203 3 0
161360 0 6 203 3 0
187708 0 6 203 1 0
187719 1 4 203 1 0
188040 1 2 203 0 0
188207 1 4 203 0 0
188359 1 4 203 1 0
188385 0 6 203 3 0
427318 1 3 203 2 0
430675 0 6 203 4 1
431161 0 6 203 1 0
80167 1 2 204 3 0
99789 1 2 204 3 0
99896 0 6 204 3 0
155454 0 6 204 3 1
155671 0 6 204 1 0
155892 0 6 204 1 0
156112 0 6 204 0 0
156125 0 6 204 4 0
156194 0 6 204 3 0
156781 1 3 204 3 0
156806 0 6 204 3 1
157134 0 6 204 0 1
157313 1 3 204 1 0
157342 1 3 204 1 0
157423 1 4 204 1 0
157430 1 3 204 1 0
187685 0 6 204 3 1
188039 1 3 204 0 1
188044 0 6 204 3 1
188204 0 6 204 2 0
188210 1 3 204 3 0
277681 0 6 204 2 1
297706 0 6 204 2 0
430062 1 4 204 1 0
8710 0 6 205 2 0
102267 0 6 205 1 1
103215 1 3 205 3 0
103345 1 4 205 4 0
155732 0 6 205 0 0
155888 0 6 205 3 0
156152 1 2 205 1 0
156215 1 3 205 1 0
156285 0 6 205 1 0
156813 0 6 205 1 0
157068 0 6 205 1 0
157136 1 3 205 1 0
157488 1 2 205 1 0
185216 0 6 205 3 1
187722 1 2 205 3 0
187727 1 3 205 1 0
187941 1 5 205 1 1
188211 0 6 205 3 0
188441 0 6 205 3 0
188542 0 6 205 0 0
188614 0 6 205 3 0
189200 1 3 205 1 0
339465 1 3 205 2 0
352699 0 6 205 2 0
430772 1 3 205 1 0
430806 1 3 205 0 0
446869 1 3 205 3 0
481571 0 6 205 0 0
24753 0 6 206 3 0
155927 1 4 206 4 0
155955 1 4 206 4 0
156012 1 3 206 1 0
156106 1 4 206 0 0
156632 0 6 206 1 0
157137 1 4 206 3 0
157193 1 3 206 1 0
157571 1 2 206 1 0
167065 0 6 206 3 0
187370 1 3 206 1 0
188175 1 2 206 2 0
188209 1 3 206 1 0
188358 1 3 206 1 0
188501 0 6 206 0 0
188543 0 6 206 1 0
188576 0 6 206 1 0
188589 0 6 206 4 0
188837 1 3 206 1 0
189028 1 4 206 4 1
189083 0 6 206 1 0
189100 0 6 206 2 0
189213 1 4 206 3 1
189239 1 4 206 2 1
430166 0 6 206 3 0
431490 1 4 206 1 0
446868 0 6 206 3 1
19785 0 6 207 3 0
22545 1 4 207 3 0
103351 1 4 207 1 0
155987 0 6 207 4 0
156355 0 6 207 1 1
156642 0 6 207 1 0
156913 0 6 207 1 0
157541 1 3 207 3 0
162998 0 6 207 3 0
167067 0 6 207 3 0
184583 0 6 207 3 0
187757 1 3 207 3 0
187902 1 4 207 1 0
188502 0 6 207 1 0
188825 1 2 207 4 0
189178 0 6 207 1 0
189237 1 3 207 0 0
303825 0 6 207 3 0
388056 0 6 207 3 0
427316 1 4 207 0 0
430624 0 6 207 1 0
430765 1 4 207 1 0
431123 0 6 207 1 1
18694 1 4 208 3 0
62335 1 3 208 3 0
102148 1 5 208 3 1
155920 1 4 208 3 0
155992 1 2 208 4 1
156540 0 6 208 3 0
156629 0 6 208 0 1
156797 1 5 208 1 0
156904 1 4 208 0 0
157155 0 6 208 1 0
157190 0 6 208 4 0
157425 0 6 208 3 0
157460 1 3 208 4 1
185736 0 6 208 3 0
187779 1 3 208 1 0
187862 1 4 208 1 0
188369 0 6 208 3 0
188562 1 3 208 1 0
189082 0 6 208 1 0
189179 1 3 208 1 0
297709 1 2 208 3 0
303507 0 6 208 3 0
310290 0 6 208 3 0
339471 0 6 208 4 0
339472 1 4 208 4 1
430063 0 6 208 3 0
430773 1 4 208 1 0
431492 0 6 208 3 1
431511 0 6 208 1 1
17771 1 3 209 2 1
67822 0 6 209 2 0
103352 1 3 209 1 0
104696 1 4 209 3 0
122775 1 3 209 3 0
155672 1 4 209 3 0
155943 0 6 209 1 0
156000 0 6 209 1 0
156111 1 3 209 3 0
156216 0 6 209 3 0
156339 0 6 209 3 0
156619 0 6 209 4 0
156918 1 3 209 3 0
187578 0 6 209 1 0
187793 0 6 209 1 0
188622 1 4 209 1 0
188648 0 6 209 1 0
189259 1 4 209 1 0
265564 0 6 209 3 0
295512 1 3 209 3 0
296931 1 3 209 2 0
297708 1 2 209 3 1
303614 0 6 209 2 0
303822 0 6 209 1 0
306700 0 6 209 2 0
319569 1 3 209 2 0
338858 0 6 209 4 0
388057 1 3 209 3 1
416056 0 6 209 3 0
429759 1 3 209 3 0
430324 1 2 209 1 0
430330 1 2 209 1 0
431158 1 5 209 1 0
431609 1 3 209 3 0
449550 0 6 209 2 0
9994 1 3 210 3 0
106068 0 6 210 3 1
155899 1 4 210 3 0
156014 0 6 210 3 0
156298 0 6 210 1 0
157172 1 4 210 1 0
157197 1 4 210 3 0
160424 0 6 210 3 0
187488 1 2 210 3 0
187788 1 3 210 3 0
187940 0 6 210 0 0
188476 0 6 210 3 1
188839 0 6 210 3 0
188840 1 2 210 3 0
189261 1 3 210 3 1
297657 0 6 210 4 1
430084 0 6 210 1 0
430118 0 6 210 1 0
430321 0 6 210 3 0
430666 0 6 210 1 0
431621 0 6 210 1 0
481572 0 6 210 1 0
19782 1 4 211 0 0
59661 0 6 211 3 0
156294 0 6 211 2 0
157195 1 4 211 1 0
157288 1 2 211 2 1
187845 0 6 211 4 1
188033 0 6 211 1 0
188280 1 3 211 1 0
188295 0 6 211 3 0
188325 0 6 211 1 0
188436 1 3 211 3 0
188800 0 6 211 1 0
188962 0 6 211 1 0
297713 0 6 211 2 0
319574 0 6 211 3 0
321474 1 3 211 3 0
430311 1 4 211 1 0
430408 1 4 211 1 0
431029 0 6 211 1 0
431106 0 6 211 1 0
431471 0 6 211 1 0
431491 1 3 211 3 0
431620 0 6 211 1 0
437110 1 2 211 3 0
473175 0 6 211 3 1
100119 0 6 212 3 0
102299 0 6 212 1 0
103054 1 2 212 1 0
126517 0 6 212 2 0
149876 0 6 212 3 0
156795 1 2 212 1 0
157458 0 6 212 3 0
187398 1 3 212 4 1
187853 0 6 212 4 0
188282 0 6 212 3 0
188313 0 6 212 3 0
188326 1 4 212 1 0
188560 1 4 212 0 0
188624 0 6 212 3 0
188977 0 6 212 3 0
189097 1 4 212 4 1
189242 1 3 212 3 0
272677 1 2 212 3 0
297710 0 6 212 0 0
310399 0 6 212 3 0
312885 1 3 212 4 0
321470 1 5 212 1 0
333172 1 3 212 3 0
335035 0 6 212 3 0
393109 1 3 212 2 0
429780 0 6 212 4 0
430083 0 6 212 1 0
430234 1 2 212 1 0
430331 1 3 212 1 0
430355 0 6 212 1 1
430494 1 2 212 1 0
431140 1 2 212 1 0
17768 1 3 213 1 0
103354 1 4 213 3 1
125375 0 6 213 3 1
155887 0 6 213 0 0
156617 0 6 213 3 0
157243 1 3 213 1 0
187580 0 6 213 1 0
188561 1 2 213 1 0
188621 1 5 213 1 0
297815 0 6 213 0 0
303615 0 6 213 2 0
303617 0 6 213 4 0
312884 1 4 213 3 0
321473 1 3 213 3 0
429947 1 4 213 1 0
430169 0 6 213 1 0
430270 0 6 213 1 0
430326 1 2 213 3 0
430332 0 6 213 3 0
430810 0 6 213 1 0
431498 0 6 213 1 0
431517 1 2 213 1 0
19783 0 6 214 1 0
19803 1 2 214 0 0
103635 1 4 214 1 0
128470 1 3 214 3 0
155947 1 4 214 1 0
156910 0 6 214 1 0
157027 1 4 214 1 0
188564 0 6 214 2 0
188696 1 3 214 4 1
189129 0 6 214 4 1
297715 0 6 214 3 0
404430 1 3 214 3 1
430409 1 3 214 1 1
430557 1 2 214 1 0
430823 0 6 214 3 0
430905 1 2 214 1 0
431139 1 4 214 1 0
431499 0 6 214 1 0
482488 1 2 214 1 1
17732 1 2 215 1 0
17769 0 6 215 1 0
19784 0 6 215 2 0
19805 1 4 215 1 0
125376 1 3 215 3 0
155944 1 4 215 3 0
155948 0 6 215 1 0
157368 1 4 215 3 0
160428 1 4 215 0 0
187553 1 3 215 1 0
188650 1 3 215 3 0
225078 0 6 215 3 0
430247 1 4 215 3 0
430322 0 6 215 4 0
430471 1 3 215 1 0
430667 1 2 215 1 0
430962 0 6 215 2 0
431084 1 4 215 1 0
431096 1 2 215 4 1
484377 1 3 215 2 0
96596 1 4 216 3 0
102451 0 6 216 1 0
103419 1 2 216 3 0
153878 1 3 216 3 1
156640 1 4 216 3 1
297516 0 6 216 4 0
297711 0 6 216 1 0
303329 1 3 216 2 0
305879 1 4 216 3 0
390250 1 3 216 3 1
429945 0 6 216 0 0
429959 0 6 216 1 0
430019 1 3 216 1 0
430085 1 4 216 1 0
430233 1 4 216 1 0
430329 0 6 216 0 0
430466 1 3 216 1 0
430472 0 6 216 3 0
430952 0 6 216 1 0
431177 1 3 216 1 0
431544 0 6 216 1 0
532667 1 3 216 3 0
17766 0 6 217 0 0
18112 0 6 217 1 0
18991 0 6 217 1 0
19376 1 3 217 1 0
19696 0 6 217 3 0
19806 1 4 217 1 0
19809 0 6 217 3 0
103620 1 5 217 1 0
125379 0 6 217 3 0
150491 1 4 217 4 0
156868 0 6 217 1 0
188281 1 2 217 3 1
188923 0 6 217 1 0
297224 0 6 217 4 1
297981 0 6 217 0 0
303739 1 4 217 3 0
305881 0 6 217 3 0
393110 1 3 217 3 0
430016 0 6 217 0 0
430090 1 4 217 1 1
430211 0 6 217 1 0
430487 0 6 217 1 0
430580 1 2 217 1 0
430811 0 6 217 1 0
430906 1 5 217 1 0
430953 0 6 217 3 0
431179 0 6 217 3 0
431262 0 6 217 1 0
482709 0 6 217 1 0
95793 0 6 218 3 0
125374 0 6 218 1 0
188809 1 3 218 1 0
298077 0 6 218 1 0
330194 1 3 218 3 0
333168 0 6 218 1 0
430021 0 6 218 3 1
430399 1 5 218 1 0
430423 1 3 218 1 0
430505 0 6 218 1 0
430766 1 3 218 1 0
431086 0 6 218 3 1
431111 0 6 218 1 0
431181 0 6 218 1 0
431516 1 2 218 1 0
431541 0 6 218 3 0
431614 1 3 218 1 0
431679 1 3 218 1 0
18110 1 2 219 1 0
18542 1 2 219 1 0
18781 0 6 219 1 0
18957 1 5 219 1 0
103623 0 6 219 3 0
156869 0 6 219 1 1
188279 1 3 219 1 0
188551 1 3 219 1 0
308193 1 3 219 2 0
338826 0 6 219 3 0
430017 1 4 219 0 0
430156 0 6 219 1 0
430237 1 5 219 1 0
430483 0 6 219 1 0
431083 0 6 219 1 0
431087 0 6 219 3 0
431317 1 3 219 0 1
431547 1 3 219 1 0
431555 0 6 219 0 0
482241 0 6 219 1 0
18003 0 6 220 1 0
18410 1 5 220 1 0
18782 0 6 220 1 0
18786 1 3 220 3 0
19012 1 3 220 1 0
19393 1 4 220 1 0
19646 0 6 220 1 0
19808 0 6 220 2 0
124912 0 6 220 1 0
156102 1 4 220 1 0
188900 1 3 220 1 1
297982 1 4 220 1 1
303320 1 2 220 3 0
429848 1 2 220 1 0
430012 1 4 220 1 0
430018 0 6 220 1 0
430098 1 4 220 1 0
430216 0 6 220 1 0
430338 0 6 220 1 0
430414 0 6 220 1 0
430506 0 6 220 1 0
430507 1 3 220 3 0
430668 1 2 220 3 1
430771 0 6 220 3 0
17880 0 6 221 1 0
18771 1 2 221 2 0
18845 1 2 221 1 1
19276 0 6 221 1 0
19557 1 2 221 1 0
32774 0 6 221 2 0
96595 1 4 221 1 0
124915 1 2 221 3 0
125373 1 3 221 0 0
188534 0 6 221 1 0
297685 0 6 221 1 0
308195 0 6 221 3 0
332444 1 3 221 3 0
338828 1 4 221 1 0
374633 0 6 221 3 0
430020 0 6 221 3 0
430344 0 6 221 1 0
430358 1 4 221 0 0
430421 1 3 221 0 0
430467 1 3 221 1 0
431176 1 3 221 4 0
431199 1 4 221 1 0
431556 1 4 221 0 0
482591 0 6 221 1 0
18783 0 6 222 1 0
19125 0 6 222 1 0
19811 0 6 222 3 0
19818 0 6 222 1 0
19912 0 6 222 1 0
19985 1 3 222 1 0
107016 1 2 222 3 0
157254 0 6 222 1 0
193033 0 6 222 3 0
330698 0 6 222 1 0
337165 1 4 222 3 0
430258 0 6 222 4 0
430398 0 6 222 0 0
430417 0 6 222 3 0
430428 0 6 222 1 0
430741 1 4 222 2 0
430768 1 3 222 3 0
430769 0 6 222 3 0
430789 0 6 222 3 0
430951 0 6 222 1 0
431545 1 3 222 3 0
5512 0 6 223 3 0
17912 1 3 223 1 0
18150 1 3 223 4 1
18784 1 4 223 1 1
19004 0 6 223 1 0
19804 1 3 223 0 0
124911 1 2 223 0 0
188553 1 3 223 1 0
297697 1 3 223 4 0
298602 0 6 223 3 1
308194 0 6 223 3 0
330256 1 4 223 4 0
331006 0 6 223 1 0
333161 0 6 223 1 0
430236 1 2 223 1 0
430341 0 6 223 3 0
430345 0 6 223 3 1
430764 1 3 223 1 0
430886 1 2 223 2 0
482590 0 6 223 0 0
482593 1 5 223 1 0
551607 1 2 223 3 0
17875 0 6 224 1 0
18365 0 6 224 1 0
18370 0 6 224 1 0
18488 1 4 224 3 0
18544 1 2 224 2 0
18995 1 3 224 4 1
19556 0 6 224 1 0
19739 1 2 224 1 0
19740 0 6 224 1 0
20006 1 3 224 1 0
98533 0 6 224 3 0
124914 0 6 224 1 0
126598 1 4 224 4 0
132436 0 6 224 3 0
156089 0 6 224 4 0
156871 1 3 224 3 0
187563 1 3 224 1 0
187624 0 6 224 1 0
338827 1 5 224 0 0
338935 0 6 224 3 1
339501 0 6 224 1 0
430492 0 6 224 4 1
430885 0 6 224 3 0
431557 1 3 224 1 0
431559 1 3 224 3 0
18200 0 6 225 1 0
18774 0 6 225 1 0
18949 1 5 225 1 0
19205 1 3 225 1 0
25941 1 3 225 2 0
111165 1 4 225 2 0
124913 0 6 225 1 0
124919 0 6 225 4 0
155677 0 6 225 3 0
157253 1 2 225 0 0
187626 1 3 225 3 0
189156 0 6 225 1 0
330696 1 2 225 1 0
330707 0 6 225 3 0
333319 0 6 225 1 0
430422 0 6 225 0 0
430550 0 6 225 4 1
430774 1 4 225 3 0
430954 0 6 225 3 0
431483 1 3 225 4 1
431548 0 6 225 2 0
431558 0 6 225 1 0
431565 1 4 225 1 0
431603 0 6 225 1 1
481139 0 6 225 1 0
551608 1 3 225 3 0
558061 0 6 225 3 0
17785 0 6 226 1 0
17913 0 6 226 1 0
18156 0 6 226 1 0
18364 1 4 226 1 0
18834 1 5 226 2 0
19013 1 4 226 1 0
19039 0 6 226 4 0
19819 0 6 226 1 0
19984 1 3 226 1 0
25939 0 6 226 1 0
38031 0 6 226 3 0
87990 0 6 226 2 0
124958 0 6 226 1 0
126599 0 6 226 4 1
157303 0 6 226 1 0
187909 0 6 226 1 0
256405 0 6 226 3 1
331001 1 2 226 1 0
339412 1 2 226 1 0
340622 0 6 226 1 0
430229 1 3 226 1 0
430251 1 3 226 3 1
430665 1 4 226 4 0
430800 1 3 226 3 0
431546 0 6 226 3 0
482592 1 5 226 1 0
558062 0 6 226 3 0
17878 1 2 227 0 0
17971 1 5 227 2 0
18155 0 6 227 1 0
18167 0 6 227 1 0
18549 0 6 227 4 1
19055 1 4 227 4 0
19191 0 6 227 1 1
19820 0 6 227 1 0
38032 0 6 227 3 0
91156 1 4 227 3 1
157408 1 4 227 1 0
188552 1 4 227 1 0
189095 0 6 227 1 0
331015 0 6 227 1 0
332441 0 6 227 1 0
333162 1 3 227 3 1
340131 0 6 227 1 0
430742 1 2 227 3 0
430852 1 3 227 1 0
431200 1 5 227 1 0
431576 0 6 227 2 0
18117 1 2 228 1 0
18151 0 6 228 4 0
18162 1 4 228 3 0
18193 0 6 228 3 0
18637 1 4 228 1 0
19051 0 6 228 3 0
125420 1 4 228 1 0
125912 1 5 228 0 0
126362 0 6 228 1 0
189002 1 4 228 1 0
290513 0 6 228 3 1
330892 1 2 228 1 0
339411 1 4 228 0 0
339414 0 6 228 3 0
423086 0 6 228 3 0
430227 1 2 228 0 0
430238 0 6 228 3 0
501610 0 6 228 3 0
17782 0 6 229 1 0
17970 0 6 229 0 1
18334 0 6 229 1 0
18638 0 6 229 1 0
18703 1 3 229 4 0
19245 0 6 229 1 0
19822 0 6 229 3 0
19850 0 6 229 1 1
56616 0 6 229 3 1
77852 0 6 229 2 0
96694 1 4 229 1 0
125909 0 6 229 1 0
126774 1 4 229 1 0
157410 1 4 229 3 0
187974 0 6 229 1 0
188238 0 6 229 1 0
329906 0 6 229 1 0
330113 1 3 229 1 0
331068 1 2 229 1 0
331368 1 4 229 1 0
331503 1 2 229 3 0
338884 0 6 229 1 0
340113 1 2 229 1 0
340423 1 3 229 1 0
430799 0 6 229 3 0
430809 0 6 229 3 1
430853 1 3 229 1 0
462893 1 4 229 3 0
17783 1 2 230 1 0
17911 0 6 230 1 0
18154 1 4 230 0 0
18431 1 3 230 1 0
18941 0 6 230 3 0
18956 0 6 230 1 0
19584 1 4 230 1 0
25766 0 6 230 1 0
125419 1 2 230 0 0
126504 1 3 230 1 0
187559 0 6 230 3 0
188065 1 4 230 1 0
188805 0 6 230 4 1
330328 0 6 230 1 0
331002 1 3 230 3 0
331069 0 6 230 1 0
339415 0 6 230 1 0
418263 0 6 230 2 0
553105 0 6 230 3 0
17882 1 4 231 2 0
17969 1 2 231 0 0
18004 1 3 231 1 0
18335 0 6 231 3 0
18360 0 6 231 1 0
18725 1 3 231 3 1
19721 1 4 231 1 0
25936 0 6 231 2 0
82119 0 6 231 3 0
87989 0 6 231 3 0
91155 0 6 231 3 0
125418 1 4 231 0 0
125422 0 6 231 3 0
125629 1 4 231 1 0
187918 1 3 231 3 0
279693 0 6 231 3 0
330074 0 6 231 1 0
331259 0 6 231 1 1
332445 0 6 231 3 0
339458 1 3 231 1 0
340630 1 3 231 1 1
430801 1 4 231 3 0
431282 1 3 231 3 0
431328 0 6 231 3 0
501606 0 6 231 0 0
17784 0 6 232 1 0
17874 0 6 232 1 0
18161 1 3 232 3 0
18640 0 6 232 3 0
18948 1 3 232 1 0
19463 0 6 232 1 0
19607 0 6 232 1 0
19619 0 6 232 1 0
19849 0 6 232 0 0
26137 1 3 232 4 0
26251 1 3 232 4 1
96695 0 6 232 3 0
125401 1 2 232 1 0
125417 0 6 232 3 0
126007 1 4 232 1 0
310185 0 6 232 3 1
331261 0 6 232 1 0
332410 0 6 232 1 0
339208 0 6 232 1 0
340018 1 4 232 1 0
462892 0 6 232 3 0
18015 1 5 233 1 0
18363 0 6 233 3 0
18434 1 4 233 3 1
18493 0 6 233 4 0
18583 0 6 233 1 1
18799 0 6 233 1 0
18951 1 4 233 3 1
19102 0 6 233 4 0
19140 0 6 233 1 0
19340 0 6 233 1 0
19460 0 6 233 4 0
19770 1 2 233 0 1
19807 1 4 233 1 0
19821 0 6 233 3 0
105466 1 3 233 3 0
125108 1 4 233 1 0
125907 1 3 233 0 0
126148 0 6 233 1 0
188066 1 3 233 3 0
329873 1 3 233 1 0
330114 1 4 233 1 0
330459 1 3 233 1 0
331067 0 6 233 1 0
331263 1 3 233 3 0
332956 1 4 233 1 0
340019 1 3 233 2 0
367338 0 6 233 4 1
380915 1 3 233 2 0
430854 0 6 233 3 0
561016 0 6 233 3 0
17866 0 6 234 3 0
17972 1 3 234 3 0
19006 0 6 234 1 0
19082 0 6 234 1 0
19433 1 3 234 1 0
19624 1 4 234 1 0
20020 0 6 234 1 0
67851 1 4 234 3 0
82114 1 3 234 1 0
125494 1 4 234 4 1
233161 1 2 234 3 0
330578 0 6 234 1 0
330746 0 6 234 3 0
331066 0 6 234 1 0
331118 0 6 234 4 0
331260 0 6 234 1 0
331265 1 4 234 1 0
338883 0 6 234 1 0
339537 0 6 234 1 0
340020 0 6 234 3 0
340068 0 6 234 4 0
17773 1 3 235 1 0
18723 0 6 235 0 0
19342 0 6 235 3 0
19771 0 6 235 2 0
23550 0 6 235 3 0
25558 0 6 235 1 0
42536 1 3 235 3 1
124971 1 4 235 1 0
126006 0 6 235 1 0
126054 0 6 235 1 0
227665 0 6 235 3 0
330453 1 2 235 1 0
340021 0 6 235 3 0
544758 0 6 235 3 0
17916 0 6 236 4 0
17949 1 3 236 3 0
18006 1 2 236 1 0
18010 1 4 236 0 0
18246 0 6 236 1 0
18269 1 3 236 0 0
18634 0 6 236 1 0
18682 1 3 236 1 0
18748 0 6 236 1 0
19080 1 3 236 0 0
19623 0 6 236 1 0
19998 0 6 236 0 0
93211 0 6 236 3 0
124891 0 6 236 1 0
124984 1 3 236 1 1
125109 1 3 236 1 0
125913 0 6 236 1 0
187917 1 2 236 1 0
329874 1 3 236 3 0
330387 1 2 236 1 0
331947 1 3 236 1 1
339676 1 3 236 3 0
17759 1 3 237 3 0
17778 0 6 237 3 0
18008 0 6 237 3 1
18659 0 6 237 3 1
18661 1 3 237 4 0
19083 1 3 237 3 0
19087 0 6 237 3 0
19181 1 3 237 1 0
19339 1 3 237 1 0
19464 0 6 237 1 0
19466 0 6 237 3 0
19625 0 6 237 3 0
82116 1 4 237 3 1
82279 1 3 237 1 0
126059 1 2 237 2 0
126067 1 2 237 1 0
126202 0 6 237 1 0
307361 1 3 237 3 0
329862 0 6 237 1 0
330740 1 3 237 1 0
331190 1 4 237 1 0
331266 1 3 237 1 0
339207 1 3 237 1 0
477464 1 3 237 3 0
14492 0 6 238 4 1
17774 0 6 238 1 0
19079 1 3 238 0 1
19141 0 6 238 1 0
19286 0 6 238 4 0
19953 0 6 238 3 0
20019 1 4 238 0 0
82112 1 2 238 1 1
82123 1 4 238 4 0
139045 0 6 238 3 0
330515 0 6 238 2 0
331588 1 3 238 1 0
332415 1 3 238 4 1
332557 0 6 238 1 0
477459 1 2 238 1 0
18144 1 3 239 1 0
18152 1 3 239 1 1
18744 0 6 239 1 0
19182 1 2 239 3 0
19881 0 6 239 1 0
61535 1 3 239 3 0
81784 0 6 239 3 0
124861 0 6 239 1 0
125112 0 6 239 3 0
125823 1 3 239 1 0
126055 0 6 239 2 1
330402 1 5 239 1 0
331185 0 6 239 1 0
331264 0 6 239 1 0
331510 1 4 239 0 0
331665 1 4 239 1 0
563159 0 6 239 3 0
17858 1 5 240 0 0
18270 0 6 240 0 0
18665 1 4 240 3 0
18742 1 4 240 1 0
18866 0 6 240 1 0
19291 0 6 240 4 0
19582 0 6 240 3 0
19691 0 6 240 1 0
20012 1 4 240 1 0
54051 0 6 240 2 0
81431 0 6 240 1 0
82113 0 6 240 1 0
117031 1 3 240 3 0
124862 0 6 240 3 0
124973 1 2 240 3 0
126001 1 4 240 2 0
126321 0 6 240 1 0
329864 0 6 240 1 0
331117 0 6 240 4 0
331226 0 6 240 1 0
331633 0 6 240 1 0
332337 1 4 240 1 0
340339 0 6 240 1 0
520190 1 3 240 3 0
17843 1 4 241 4 1
18326 1 4 241 3 0
18492 1 4 241 4 0
19438 1 3 241 1 0
19462 0 6 241 0 0
19618 1 2 241 1 0
19679 1 2 241 3 0
19997 1 3 241 3 0
20025 0 6 241 1 0
126136 0 6 241 1 0
160016 1 4 241 3 0
329879 0 6 241 1 0
330006 0 6 241 1 1
330094 0 6 241 1 0
330129 0 6 241 1 0
331183 0 6 241 1 0
331529 1 2 241 1 0
333357 0 6 241 1 0
379513 0 6 241 3 0
415612 0 6 241 3 0
476147 0 6 241 3 0
17497 0 6 242 3 0
82101 0 6 242 1 0
82111 0 6 242 1 0
125107 1 3 242 1 0
156311 1 3 242 3 0
330582 0 6 242 3 0
331227 0 6 242 1 0
332336 0 6 242 1 0
332338 1 4 242 1 0
333395 1 3 242 1 0
337007 1 3 242 3 0
340340 0 6 242 2 1
17441 1 3 243 3 1
18149 0 6 243 3 1
18490 1 4 243 4 1
18724 1 3 243 1 0
18745 1 4 243 1 0
18750 0 6 243 2 0
18865 1 4 243 1 0
18894 0 6 243 1 0
19701 1 3 243 3 1
19793 1 3 243 3 0
27805 1 2 243 3 0
124976 0 6 243 3 0
125613 0 6 243 1 0
126140 0 6 243 3 0
126182 0 6 243 3 1
126275 1 4 243 1 0
126560 0 6 243 1 0
156304 1 2 243 3 0
157491 1 3 243 4 0
295749 1 2 243 1 0
325063 0 6 243 3 0
330399 1 2 243 0 0
330400 0 6 243 0 0
331057 0 6 243 3 0
331184 1 5 243 1 0
332164 0 6 243 1 0
333365 1 2 243 3 0
477460 1 4 243 1 1
18177 0 6 244 1 0
19566 1 2 244 1 0
20022 1 4 244 2 0
81428 0 6 244 1 0
82096 1 4 244 1 0
82200 0 6 244 1 0
82519 1 4 244 1 0
125043 1 3 244 1 0
125110 0 6 244 1 0
125939 0 6 244 1 0
126679 0 6 244 1 0
295750 1 2 244 1 0
302540 0 6 244 3 1
330398 1 4 244 0 0
331187 1 2 244 3 0
331228 1 4 244 2 0
331477 0 6 244 2 0
331636 0 6 244 3 0
332068 0 6 244 1 0
332340 1 2 244 3 0
332787 1 4 244 1 0
333397 0 6 244 2 0
333429 0 6 244 1 1
340337 0 6 244 1 0
415611 0 6 244 1 0
499576 1 3 244 3 0
537701 1 4 244 3 0
17834 1 3 245 4 0
17920 1 3 245 4 0
18749 1 3 245 1 0
18825 0 6 245 2 0
18990 1 2 245 1 0
19575 0 6 245 1 0
81673 0 6 245 1 0
81783 1 3 245 3 0
82105 1 2 245 3 1
82106 1 3 245 0 0
82457 1 3 245 3 0
126134 1 4 245 0 0
126317 0 6 245 1 0
126320 0 6 245 0 0
269810 1 4 245 2 0
329982 0 6 245 3 0
331229 1 4 245 2 0
331666 0 6 245 2 0
331760 0 6 245 1 1
332788 0 6 245 2 0
333415 0 6 245 1 0
405045 1 3 245 3 0
415788 0 6 245 1 0
18802 0 6 246 2 0
18842 1 4 246 4 0
19349 0 6 246 3 0
19877 1 3 246 1 0
65654 0 6 246 3 0
81319 0 6 246 1 0
82109 1 4 246 3 0
125615 1 3 246 3 0
125721 1 3 246 1 0
126528 0 6 246 1 0
330097 0 6 246 4 0
331156 1 3 246 1 0
332945 1 3 246 1 0
333134 0 6 246 3 0
333164 0 6 246 1 0
333413 1 3 246 3 0
415617 0 6 246 3 0
417014 0 6 246 1 0
478791 0 6 246 1 0
537702 0 6 246 3 0
18018 1 4 247 4 0
19702 1 2 247 2 0
48354 1 3 247 4 0
81959 1 4 247 1 0
82103 0 6 247 1 0
82107 0 6 247 0 0
82110 0 6 247 3 0
82478 1 4 247 1 0
82516 1 3 247 4 1
82518 1 3 247 0 0
91791 1 4 247 2 0
120489 1 3 247 3 0
125045 0 6 247 1 1
125055 0 6 247 2 1
125612 0 6 247 1 0
126211 0 6 247 1 0
126274 1 4 247 1 0
156302 1 3 247 0 0
240875 0 6 247 3 0
295748 0 6 247 1 0
296374 0 6 247 1 0
332069 0 6 247 1 0
332071 1 4 247 3 1
332525 1 5 247 1 0
333417 0 6 247 1 0
417016 1 4 247 2 1
7198 0 6 248 3 0
16608 1 2 248 2 1
18867 0 6 248 3 1
19106 1 4 248 1 0
19879 0 6 248 3 0
27654 0 6 248 3 0
81430 1 3 248 1 1
81947 0 6 248 1 0
82382 0 6 248 3 0
125975 1 3 248 1 0
126005 0 6 248 1 0
126139 1 2 248 3 0
295745 1 3 248 1 0
330401 0 6 248 1 0
333480 1 4 248 1 0
416090 1 3 248 1 0
416979 1 4 248 1 0
478009 0 6 248 1 0
478789 0 6 248 0 0
18175 1 3 249 0 0
19465 0 6 249 1 0
61450 0 6 249 3 0
81320 1 2 249 3 0
81321 0 6 249 3 1
82108 1 2 249 1 0
121097 1 3 249 3 0
125581 0 6 249 3 0
125974 1 3 249 1 0
126138 1 4 249 1 0
126324 1 4 249 0 0
295440 1 5 249 1 0
295929 0 6 249 1 1
296375 0 6 249 1 0
332948 1 4 249 3 0
405050 0 6 249 3 0
415834 1 2 249 1 1
18857 1 2 250 1 0
18974 0 6 250 3 0
19024 0 6 250 1 0
19114 1 3 250 1 0
21474 1 3 250 2 0
81217 0 6 250 1 0
81382 0 6 250 1 0
81674 0 6 250 1 0
120488 0 6 250 3 0
126210 0 6 250 1 1
126239 0 6 250 1 0
126617 0 6 250 3 0
296372 0 6 250 0 1
331307 0 6 250 3 1
332070 1 4 250 2 0
332315 1 4 250 1 0
332951 0 6 250 0 0
333025 0 6 250 3 0
405048 1 4 250 0 0
415856 0 6 250 4 1
542591 1 2 250 3 0
19424 0 6 251 4 1
81619 1 3 251 1 0
81926 0 6 251 1 0
82389 1 3 251 3 0
125347 1 2 251 1 1
125724 1 4 251 3 0
126212 1 3 251 1 0
126527 1 2 251 1 0
169394 1 3 251 3 0
296453 1 3 251 1 0
296673 0 6 251 1 0
405049 0 6 251 0 0
416530 1 3 251 1 0
416725 1 3 251 1 0
416981 1 3 251 3 0
430144 0 6 251 3 1
470105 1 4 251 3 0
478754 1 5 251 0 0
537700 0 6 251 1 0
18098 1 3 252 3 0
81056 0 6 252 1 0
81317 1 3 252 0 0
81426 1 4 252 3 0
81432 1 3 252 3 0
81887 1 3 252 1 0
82031 0 6 252 2 0
125580 1 4 252 1 1
126035 0 6 252 1 0
295442 0 6 252 1 0
295784 0 6 252 1 0
296376 0 6 252 2 0
332947 0 6 252 3 0
358777 1 2 252 3 0
417004 1 3 252 1 0
18812 1 2 253 1 0
22347 0 6 253 3 0
35459 0 6 253 3 0
67197 0 6 253 3 0
81084 1 4 253 0 0
81938 0 6 253 1 0
82069 1 3 253 1 0
82275 0 6 253 1 0
126209 0 6 253 4 1
126242 0 6 253 3 0
295298 0 6 253 1 0
295441 1 2 253 1 1
295443 1 4 253 1 0
296582 1 4 253 1 0
332371 1 2 253 1 0
416830 0 6 253 3 0
416980 0 6 253 1 1
17789 0 6 254 3 0
18961 0 6 254 1 0
19965 1 3 254 1 0
81635 1 2 254 1 0
81889 1 2 254 3 1
81939 1 3 254 1 0
82030 0 6 254 1 0
82086 1 4 254 1 0
125317 1 3 254 1 0
125722 0 6 254 1 1
126235 0 6 254 3 0
126613 0 6 254 1 0
169399 0 6 254 2 1
229660 0 6 254 3 0
296336 1 2 254 1 0
296377 0 6 254 3 0
296748 0 6 254 1 0
298025 1 4 254 4 0
332424 0 6 254 1 0
332946 0 6 254 1 0
415840 1 3 254 3 0
416864 1 2 254 1 0
417006 0 6 254 1 0
468473 1 3 254 4 0
470104 0 6 254 1 0
18728 0 6 255 2 0
82141 0 6 255 1 0
82166 0 6 255 1 0
82613 0 6 255 1 0
82646 1 4 255 1 0
124840 0 6 255 1 0
125831 0 6 255 1 0
125884 0 6 255 1 0
126218 0 6 255 3 0
126530 1 4 255 3 1
126675 1 2 255 3 0
295167 1 4 255 1 0
295221 0 6 255 3 1
295263 0 6 255 1 0
295339 0 6 255 1 0
296175 1 3 255 1 0
319655 1 4 255 3 0
332423 0 6 255 1 0
332944 1 4 255 0 0
416168 1 3 255 1 0
469512 0 6 255 3 1
554455 1 4 255 3 0
18099 1 3 256 3 0
18231 0 6 256 1 0
35506 0 6 256 3 0
55129 1 3 256 3 0
81385 0 6 256 3 0
81500 1 3 256 1 1
81720 1 5 256 1 0
81892 1 3 256 3 0
82217 0 6 256 1 0
82277 0 6 256 3 0
124889 0 6 256 1 0
125170 0 6 256 1 0
125323 0 6 256 4 0
126567 0 6 256 1 0
127375 0 6 256 3 0
295445 0 6 256 3 0
295623 1 3 256 1 0
295779 0 6 256 4 1
295783 1 4 256 0 0
295788 0 6 256 3 0
296378 0 6 256 3 0
319654 1 4 256 3 0
332374 0 6 256 1 0
338450 1 2 256 3 0
415864 1 2 256 1 0
416866 1 4 256 3 1
416869 1 3 256 1 0
417007 1 4 256 3 0
18738 1 5 257 1 0
18963 1 3 257 1 0
22345 1 5 257 1 0
22348 0 6 257 3 0
58750 0 6 257 3 0
81017 0 6 257 1 0
81149 1 4 257 1 0
81949 0 6 257 1 0
82033 1 3 257 3 1
82068 1 3 257 1 0
82420 1 4 257 1 1
82598 1 4 257 3 0
125857 1 3 257 1 0
125988 1 4 257 1 0
126216 1 3 257 2 0
126533 0 6 257 3 0
126620 1 4 257 2 0
126660 1 4 257 1 0
295439 1 3 257 2 0
295624 1 3 257 3 0
296167 0 6 257 1 0
332376 1 3 257 3 0
359144 1 2 257 4 1
416358 1 4 257 1 0
18813 1 3 258 3 0
20002 0 6 258 1 0
22344 1 2 258 1 0
73663 1 4 258 3 0
81373 1 3 258 1 0
82273 0 6 258 0 0
123071 0 6 258 2 0
126178 1 5 258 1 0
126574 0 6 258 3 0
126638 1 4 258 1 0
295256 1 3 258 0 0
295348 0 6 258 1 0
332375 1 3 258 3 0
332377 0 6 258 3 0
333031 0 6 258 0 0
338400 1 3 258 3 0
416870 1 3 258 1 0
416871 1 4 258 3 0
416901 0 6 258 1 0
18230 1 3 259 1 0
18962 0 6 259 1 0
81499 0 6 259 1 1
81638 1 4 259 1 0
81664 0 6 259 1 0
81726 0 6 259 1 0
81951 0 6 259 3 0
82216 0 6 259 0 0
82269 1 4 259 1 0
82276 1 4 259 2 0
82612 1 4 259 0 0
82617 0 6 259 4 0
124894 1 2 259 3 0
125602 0 6 259 1 0
125877 1 4 259 1 0
126415 0 6 259 1 0
126637 0 6 259 1 0
295352 0 6 259 1 0
362142 1 3 259 3 0
415950 0 6 259 2 0
417072 1 3 259 1 0
24859 1 3 260 3 0
81034 1 3 260 2 0
81148 1 2 260 1 0
81150 1 3 260 1 0
81383 0 6 260 2 0
82255 0 6 260 1 0
82272 1 3 260 3 0
82281 0 6 260 3 0
82289 1 4 260 1 0
82591 0 6 260 0 0
125103 1 4 260 1 0
125270 1 4 260 1 0
125272 1 2 260 1 0
125597 1 4 260 1 0
125732 0 6 260 1 0
125762 0 6 260 2 0
126085 0 6 260 1 0
129790 0 6 260 3 0
200263 1 3 260 2 0
295268 0 6 260 1 0
295420 0 6 260 1 0
332372 0 6 260 1 0
416355 0 6 260 3 0
416360 1 4 260 3 0
554451 0 6 260 0 0
18229 1 4 261 1 0
73668 0 6 261 3 0
81666 0 6 261 1 0
82029 0 6 261 0 0
82055 0 6 261 1 0
125436 1 4 261 1 0
125814 0 6 261 3 0
125990 1 3 261 3 0
126180 1 3 261 3 1
126592 0 6 261 4 0
126636 0 6 261 0 0
126661 1 3 261 3 0
127828 1 2 261 2 0
231080 0 6 261 3 0
295350 0 6 261 1 0
295414 1 4 261 3 0
295421 0 6 261 1 0
295566 1 2 261 1 0
295625 1 3 261 3 0
296563 0 6 261 1 0
415889 0 6 261 1 0
416957 0 6 261 4 1
537743 0 6 261 3 0
60694 1 2 262 4 0
80988 0 6 262 1 0
81192 0 6 262 1 0
81375 1 2 262 3 1
81668 0 6 262 2 0
125152 0 6 262 0 0
125300 1 3 262 1 0
126537 1 3 262 1 0
274461 1 2 262 3 0
295422 1 3 262 1 0
296168 1 2 262 3 0
296578 1 1 262 1 0
332373 1 4 262 1 0
348739 1 2 262 2 0
17845 1 3 263 1 0
20367 0 6 263 1 0
81172 1 4 263 1 1
81177 1 3 263 1 0
81265 1 5 263 1 0
82125 0 6 263 1 0
82223 1 4 263 1 0
82231 0 6 263 0 0
126536 0 6 263 1 0
126640 1 2 263 3 0
174422 1 3 263 3 0
295349 0 6 263 1 0
295423 0 6 263 3 0
295636 0 6 263 1 0
415872 1 2 263 1 0
416354 0 6 263 1 0
416359 1 2 263 3 0
417073 0 6 263 1 0
19200 1 3 264 1 0
19572 0 6 264 1 0
80991 1 4 264 4 0
81035 0 6 264 3 0
81413 0 6 264 1 0
82271 0 6 264 3 1
82562 1 3 264 3 0
82586 1 4 264 0 0
125293 1 3 264 0 0
125758 0 6 264 3 0
126639 1 4 264 3 0
295269 1 4 264 1 0
295354 1 3 264 3 0
295635 0 6 264 1 0
296006 0 6 264 4 1
296482 0 6 264 1 0
296565 0 6 264 3 0
339106 1 3 264 3 0
362141 1 3 264 1 0
416906 0 6 264 4 1
537742 0 6 264 0 0
18233 1 3 265 3 0
81121 1 3 265 1 0
81824 0 6 265 1 0
125275 0 6 265 3 0
125298 0 6 265 1 0
125301 0 6 265 3 0
126535 1 3 265 0 0
126566 1 2 265 1 0
149557 0 6 265 3 0
165030 0 6 265 3 0
231079 1 4 265 3 0
296169 1 2 265 3 1
296177 0 6 265 3 0
359798 0 6 265 3 1
362143 0 6 265 3 0
390223 0 6 265 3 0
416357 1 2 265 1 0
417761 0 6 265 3 0
17848 1 4 266 1 1
17896 1 3 266 1 0
21559 1 2 266 1 0
125358 0 6 266 0 0
125491 0 6 266 1 0
126092 1 4 266 1 0
126219 1 4 266 4 0
128964 1 3 266 2 0
165520 1 4 266 3 0
295419 0 6 266 0 0
296093 1 3 266 4 0
296268 1 4 266 1 0
296624 0 6 266 1 0
296736 0 6 266 3 0
415871 0 6 266 3 0
416144 0 6 266 1 0
416858 0 6 266 1 0
554456 1 4 266 3 0
19889 0 6 267 1 0
81174 1 4 267 3 0
81175 0 6 267 3 0
81665 0 6 267 1 0
125274 1 5 267 3 0
125691 0 6 267 3 0
126091 0 6 267 1 0
126595 1 3 267 3 0
296483 0 6 267 3 0
348740 0 6 267 2 0
416905 0 6 267 4 0
19221 0 6 268 1 0
81662 1 4 268 3 0
82587 1 4 268 1 0
112781 0 6 268 3 0
125492 0 6 268 3 0
149556 1 3 268 3 0
295262 1 3 268 1 0
295315 0 6 268 1 0
296229 1 4 268 1 0
359924 1 3 268 1 0
362140 0 6 268 1 0
415865 0 6 268 2 0
415874 1 2 268 3 0
417087 1 3 268 1 0
535821 1 3 268 3 0
554458 0 6 268 2 0
79052 0 6 269 2 0
81275 1 3 269 1 0
82417 1 3 269 1 0
125434 1 3 269 1 1
125487 0 6 269 1 0
125490 0 6 269 1 0
125678 0 6 269 1 0
125744 0 6 269 1 0
126080 0 6 269 1 0
126594 0 6 269 3 0
130636 0 6 269 3 0
165519 1 4 269 3 0
230494 0 6 269 4 0
295572 0 6 269 1 0
295637 0 6 269 1 0
296304 0 6 269 1 0
359926 0 6 269 3 0
362379 0 6 269 3 0
472728 0 6 269 3 1
552136 1 3 269 3 0
17762 0 6 270 1 0
18732 0 6 270 1 0
117880 1 3 270 3 0
125817 1 3 270 1 1
125864 1 3 270 0 0
126568 1 2 270 1 0
130904 0 6 270 3 0
295781 1 3 270 4 0
295973 0 6 270 1 0
416238 0 6 270 1 0
416316 0 6 270 1 0
20569 0 6 271 1 0
67578 0 6 271 3 0
81277 1 4 271 3 0
81670 1 4 271 3 0
125410 1 4 271 1 0
125438 1 2 271 3 0
125488 1 5 271 1 0
125684 1 2 271 1 0
126666 0 6 271 1 0
149555 1 4 271 3 0
267255 1 4 271 2 0
293331 0 6 271 3 0
295424 0 6 271 3 1
296390 1 4 271 1 0
359933 1 4 271 3 0
360087 1 3 271 3 0
415873 1 4 271 3 0
416314 1 4 271 1 0
19512 0 6 272 1 0
19891 0 6 272 3 0
66776 1 3 272 3 0
81276 0 6 272 2 0
81839 0 6 272 1 0
82551 0 6 272 3 1
112778 0 6 272 0 0
125688 1 5 272 3 1
125866 0 6 272 1 0
126244 1 3 272 1 0
126564 1 4 272 0 0
126792 0 6 272 1 0
130519 0 6 272 3 0
150238 1 4 272 3 0
223540 0 6 272 3 1
240446 1 4 272 3 1
295055 1 3 272 1 0
295318 1 4 272 3 0
295319 1 3 272 3 0
295682 1 4 272 1 0
295871 0 6 272 1 0
296484 0 6 272 3 1
359923 0 6 272 1 0
416146 0 6 272 1 0
417283 1 3 272 1 1
20571 0 6 273 3 0
59863 1 4 273 3 0
81719 0 6 273 1 0
82589 1 2 273 2 0
124943 1 4 273 1 0
125053 1 2 273 3 0
125746 1 3 273 3 0
125888 0 6 273 1 0
199023 1 2 273 4 0
295923 1 2 273 1 0
350495 1 3 273 2 1
18708 1 4 274 1 0
18734 1 4 274 2 0
19513 0 6 274 3 0
50168 0 6 274 3 0
67579 1 4 274 3 1
81249 1 2 274 1 0
124944 0 6 274 1 0
125493 1 5 274 3 0
125714 1 4 274 3 0
125943 0 6 274 1 0
126197 1 3 274 1 0
126619 0 6 274 0 0
296071 1 4 274 1 0
296301 1 3 274 1 0
416239 0 6 274 1 0
416280 1 3 274 1 0
416315 0 6 274 1 0
417284 0 6 274 1 0
417286 1 3 274 3 0
17763 0 6 275 1 0
18121 0 6 275 3 0
68717 0 6 275 2 0
81718 0 6 275 1 0
112782 1 3 275 3 0
125208 0 6 275 1 0
125437 0 6 275 3 0
126611 1 3 275 3 1
126791 1 2 275 1 0
275569 0 6 275 2 0
293328 1 4 275 1 0
295392 0 6 275 1 0
296096 0 6 275 2 0
496861 1 3 275 3 0
32795 1 3 276 3 1
50156 0 6 276 3 0
50162 0 6 276 0 0
50167 1 3 276 3 0
68718 1 4 276 3 0
81278 0 6 276 4 0
81669 0 6 276 3 1
112410 0 6 276 0 0
112770 1 4 276 0 0
124946 0 6 276 3 0
125125 1 2 276 1 0
125189 1 3 276 4 1
125563 0 6 276 1 0
125867 0 6 276 1 0
126468 1 4 276 1 0
138175 1 4 276 3 0
199022 0 6 276 4 1
233860 1 4 276 3 0
295446 1 3 276 1 0
295589 1 2 276 1 0
296094 1 3 276 0 0
416125 0 6 276 4 1
416243 0 6 276 3 0
416681 1 4 276 1 0
50169 1 3 277 2 0
71354 0 6 277 3 0
78020 0 6 277 3 0
81251 0 6 277 1 0
81838 0 6 277 0 0
125514 0 6 277 4 0
125865 0 6 277 0 1
125893 1 4 277 4 1
126198 0 6 277 1 1
126476 1 4 277 1 0
138173 0 6 277 1 0
295189 0 6 277 1 0
295588 1 4 277 1 0
295872 0 6 277 3 0
295993 0 6 277 1 0
296192 0 6 277 1 0
390219 1 4 277 3 0
415718 1 3 277 1 0
469574 1 3 277 3 0
81257 1 3 278 3 0
81840 0 6 278 1 0
81876 0 6 278 3 0
82045 1 4 278 1 0
112627 1 4 278 0 0
126205 0 6 278 3 0
138171 1 3 278 3 0
240443 1 4 278 1 0
295053 0 6 278 0 1
296346 0 6 278 1 0
296551 1 3 278 1 0
296581 1 4 278 1 0
296747 1 5 278 1 0
330672 1 2 278 3 0
357133 0 6 278 3 0
416032 1 5 278 1 0
416240 0 6 278 1 0
455016 0 6 278 3 0
12756 0 6 279 3 0
14486 0 6 279 3 0
39935 1 3 279 3 0
49857 1 3 279 3 0
50158 0 6 279 4 1
82590 0 6 279 3 1
111703 1 4 279 3 0
126204 1 3 279 1 0
126610 0 6 279 3 0
240623 0 6 279 1 0
295740 1 3 279 1 0
317696 0 6 279 3 0
415771 1 2 279 4 0
416978 0 6 279 1 0
457030 0 6 279 3 0
32792 1 3 280 1 0
32794 0 6 280 3 1
49781 0 6 280 0 0
81842 0 6 280 3 0
82050 0 6 280 4 1
82397 0 6 280 1 0
125333 1 2 280 1 0
125701 1 3 280 2 0
126475 0 6 280 1 0
240142 1 3 280 1 0
240757 0 6 280 1 0
295333 1 3 280 1 0
295447 0 6 280 1 1
295812 0 6 280 4 0
295856 0 6 280 1 0
295909 1 4 280 0 0
295994 0 6 280 1 0
296095 0 6 280 1 0
296492 1 2 280 1 0
296584 1 2 280 3 1
296749 0 6 280 1 0
416124 0 6 280 3 0
416682 1 3 280 3 0
447960 0 6 280 3 0
82047 0 6 281 3 0
82396 0 6 281 0 0
112628 0 6 281 2 0
125258 1 4 281 1 0
126192 0 6 281 3 0
138113 1 3 281 2 0
178366 0 6 281 3 1
239220 0 6 281 1 0
239889 1 3 281 1 0
295393 0 6 281 1 0
295741 1 4 281 3 0
296340 0 6 281 3 0
296583 1 4 281 3 0
416820 0 6 281 4 1
474553 0 6 281 3 0
11321 0 6 282 3 0
82132 1 2 282 3 0
105827 1 4 282 2 0
125264 1 2 282 4 1
126191 1 3 282 3 0
138170 0 6 282 2 0
239887 0 6 282 1 0
295057 0 6 282 3 0
295260 1 4 282 4 0
295914 1 4 282 3 0
296086 0 6 282 1 0
296343 0 6 282 3 0
415719 0 6 282 1 0
416962 0 6 282 1 0
419221 1 2 282 3 0
12755 0 6 283 1 1
125334 1 3 283 1 0
214218 1 2 283 3 0
239780 0 6 283 1 0
239886 0 6 283 0 0
239891 1 3 283 3 0
239892 0 6 283 1 0
240756 0 6 283 1 0
262574 1 2 283 2 0
295192 1 4 283 3 0
295334 1 3 283 3 0
296814 1 3 283 3 1
323705 0 6 283 3 0
390220 0 6 283 3 0
415722 1 4 283 3 0
416819 1 3 283 3 1
14491 1 4 284 3 0
48845 0 6 284 3 0
81877 1 4 284 3 0
82124 1 3 284 1 0
125256 0 6 284 1 0
126189 1 3 284 2 0
216730 1 2 284 3 0
223880 1 2 284 2 0
239322 1 4 284 1 0
239707 0 6 284 3 1
239772 0 6 284 1 0
239888 1 3 284 1 0
240673 0 6 284 1 0
295742 1 3 284 3 0
295912 0 6 284 1 0
295922 0 6 284 1 0
296342 0 6 284 1 0
296491 0 6 284 1 0
296493 0 6 284 1 0
296495 1 3 284 3 0
416680 1 3 284 1 0
416961 0 6 284 0 0
105830 0 6 285 1 0
125259 0 6 285 2 0
177994 0 6 285 3 0
182675 1 3 285 2 0
217528 1 4 285 2 0
239778 1 4 285 1 0
295261 0 6 285 4 0
295375 0 6 285 3 0
296339 1 3 285 1 0
296696 0 6 285 1 1
317694 1 2 285 2 0
415757 1 3 285 1 0
415913 0 6 285 1 0
416123 1 4 285 3 0
12212 1 2 286 1 0
82189 0 6 286 1 0
111137 0 6 286 3 0
126188 1 3 286 2 1
239177 1 2 286 1 0
239579 0 6 286 2 0
239667 0 6 286 3 0
239822 0 6 286 1 0
239895 0 6 286 3 0
240758 0 6 286 2 0
295864 0 6 286 4 1
295911 0 6 286 1 0
296018 0 6 286 1 0
415604 1 3 286 1 0
415721 0 6 286 1 0
416934 0 6 286 1 0
416963 1 2 286 1 0
125257 0 6 287 1 0
239776 0 6 287 3 0
239777 0 6 287 1 0
239833 1 3 287 1 0
239883 1 4 287 1 0
240079 1 2 287 1 0
240412 1 4 287 1 0
296494 1 4 287 3 0
325734 0 6 287 3 1
415662 1 4 287 1 0
416488 1 3 287 1 0
417081 1 2 287 1 0
70753 0 6 288 3 1
126196 1 2 288 3 0
205641 0 6 288 3 1
239821 0 6 288 0 0
240155 1 2 288 1 0
240795 0 6 288 1 0
296783 1 4 288 1 0
415550 1 4 288 4 0
415756 0 6 288 1 0
415814 0 6 288 1 0
416366 1 2 288 1 0
416489 0 6 288 1 0
416572 0 6 288 1 0
416604 1 3 288 1 0
416937 0 6 288 3 0
14490 1 2 289 3 0
29393 1 2 289 2 0
99595 1 3 289 3 0
125260 0 6 289 3 0
126190 0 6 289 2 1
239137 1 2 289 1 0
239782 0 6 289 3 0
239784 1 3 289 3 0
239865 0 6 289 1 0
240153 0 6 289 0 0
240413 1 2 289 1 0
240521 1 3 289 1 0
295519 1 3 289 4 1
296020 1 3 289 3 0
296695 1 2 289 1 0
408560 1 4 289 3 0
415720 1 4 289 1 0
415758 0 6 289 1 0
415760 1 4 289 3 0
416449 0 6 289 1 0
416744 0 6 289 1 0
82530 1 4 290 1 0
105912 0 6 290 1 0
125262 0 6 290 3 1
239688 0 6 290 1 0
240018 0 6 290 1 0
240656 0 6 290 1 0
240774 1 3 290 1 0
240796 1 4 290 2 0
415661 0 6 290 0 0
415708 1 4 290 1 0
415813 1 4 290 1 0
416098 0 6 290 1 0
416273 1 3 290 1 0
416274 0 6 290 1 0
416367 1 5 290 1 0
416892 0 6 290 1 1
416974 1 3 290 1 0
423232 0 6 290 3 0
11200 1 3 291 1 0
29394 1 2 291 3 0
104306 1 4 291 1 0
126131 1 4 291 1 0
239191 0 6 291 1 0
239687 0 6 291 1 0
239721 1 3 291 1 0
240657 0 6 291 1 0
277724 0 6 291 3 0
295664 1 4 291 3 0
295862 0 6 291 3 0
296023 0 6 291 4 0
366854 1 3 291 2 0
415676 0 6 291 1 1
415812 0 6 291 0 0
416219 1 3 291 1 0
416573 1 4 291 3 0
416662 1 4 291 1 0
417089 1 3 291 1 0
417117 0 6 291 1 0
29391 1 2 292 2 0
239624 1 3 292 2 0
239689 1 4 292 1 0
239690 0 6 292 2 0
240007 0 6 292 1 0
240081 1 3 292 1 0
240149 0 6 292 1 0
240190 0 6 292 1 0
240519 1 3 292 1 0
240658 0 6 292 3 0
415663 1 4 292 3 0
415707 1 2 292 1 0
416497 1 4 292 4 0
416949 1 3 292 1 0
423237 0 6 292 3 0
11804 0 6 293 1 0
99693 1 3 293 2 0
125268 1 4 293 2 0
125747 0 6 293 1 0
126130 1 4 293 1 0
222904 0 6 293 4 1
239208 0 6 293 3 0
239866 1 4 293 3 0
239926 1 5 293 0 0
240080 1 2 293 1 0
240358 1 3 293 3 0
240414 1 3 293 1 0
240416 1 3 293 3 0
240655 0 6 293 0 0
296017 1 4 293 1 0
414183 0 6 293 2 0
415816 1 3 293 3 1
416198 0 6 293 1 0
416602 1 3 293 4 0
29395 1 3 294 3 0
82533 0 6 294 3 0
124895 0 6 294 4 0
124951 0 6 294 1 0
239258 0 6 294 1 0
240006 0 6 294 1 0
240520 1 4 294 1 0
276990 0 6 294 4 1
295490 1 3 294 1 0
295852 1 4 294 3 0
415650 0 6 294 1 0
416065 0 6 294 0 0
416101 1 3 294 1 1
416275 1 3 294 3 0
416431 1 3 294 4 0
416696 0 6 294 1 0
416716 0 6 294 1 0
416749 1 3 294 1 0
417074 1 2 294 4 1
8237 1 3 295 3 0
11559 0 6 295 3 1
104305 0 6 295 0 0
106340 1 3 295 1 0
124855 0 6 295 1 0
125222 1 4 295 1 0
239161 1 4 295 3 0
239189 0 6 295 1 0
239190 1 4 295 1 0
239722 0 6 295 1 0
239724 0 6 295 3 0
240005 0 6 295 1 0
240302 1 4 295 1 0
240681 1 4 295 1 0
295287 0 6 295 1 0
415677 0 6 295 1 1
416418 0 6 295 3 0
125387 0 6 296 1 1
155824 0 6 296 3 0
238849 0 6 296 3 1
239087 0 6 296 1 1
239339 1 2 296 1 0
239462 1 4 296 2 0
240014 0 6 296 3 0
240846 0 6 296 1 0
295491 1 4 296 1 0
296019 1 4 296 2 0
415909 0 6 296 1 0
416327 0 6 296 3 1
416753 0 6 296 3 0
416860 1 3 296 3 0
106172 0 6 297 3 0
106180 0 6 297 1 0
124857 1 2 297 3 0
125389 1 4 297 1 0
239192 0 6 297 3 0
239230 1 3 297 1 0
239293 1 4 297 4 0
239723 1 4 297 1 0
239906 1 3 297 1 0
240518 1 4 297 1 0
240522 0 6 297 3 0
240659 0 6 297 3 0
240740 0 6 297 1 0
269543 0 6 297 2 0
11364 0 6 298 1 0
106339 0 6 298 1 0
124887 0 6 298 3 0
125388 1 4 298 1 0
155891 0 6 298 4 1
240015 1 4 298 3 0
240303 0 6 298 3 0
240572 0 6 298 1 0
240637 0 6 298 1 0
242427 1 3 298 3 0
415649 0 6 298 0 0
416746 0 6 298 3 1
416748 1 5 298 0 0
11560 0 6 299 3 0
104520 1 2 299 3 0
240011 0 6 299 1 0
240639 0 6 299 2 0
295112 1 3 299 3 1
295428 0 6 299 1 0
415678 0 6 299 1 1
527155 1 3 299 3 1
8238 1 4 300 3 0
104519 1 4 300 1 0
125447 1 3 300 1 0
239799 1 2 300 1 0
239951 1 2 300 4 1
242429 0 6 300 3 0
281381 0 6 300 4 0
401894 1 3 300 3 0
532335 1 4 300 3 0
11619 1 4 301 1 0
124854 0 6 301 1 0
126641 0 6 301 3 0
239728 0 6 301 1 0
239932 0 6 301 1 0
240108 0 6 301 1 0
240665 0 6 301 3 0
281382 1 3 301 4 1
295108 1 3 301 2 0
11365 1 3 302 1 0
65075 0 6 302 3 0
104320 0 6 302 1 0
106342 0 6 302 3 0
125445 1 4 302 3 0
125980 1 3 302 3 0
126488 1 4 302 1 0
239595 1 3 302 1 0
240739 0 6 302 0 0
341860 0 6 302 3 0
33264 1 3 303 3 0
75573 1 3 303 3 1
239539 1 4 303 1 0
240012 0 6 303 2 0
240721 0 6 303 1 0
11620 0 6 304 3 0
11957 1 3 304 1 0
86271 0 6 304 2 0
104319 0 6 304 1 0
106114 1 4 304 1 0
139662 0 6 304 2 0
239596 1 4 304 1 0
240235 0 6 304 1 0
240244 1 2 304 1 0
534899 1 4 304 3 0
75574 1 4 305 3 0
104316 1 4 305 1 0
125976 0 6 305 3 0
232702 0 6 305 3 0
238940 1 3 305 1 0
239315 0 6 305 1 0
239773 1 3 305 1 0
282679 1 3 305 4 1
312255 0 6 305 2 0
11621 1 3 306 3 0
75571 0 6 306 0 0
104322 0 6 306 3 0
104403 1 4 306 1 0
126039 1 3 306 1 0
238948 0 6 306 1 0
239538 0 6 306 0 0
239588 0 6 306 1 0
239598 1 3 306 2 0
239600 0 6 306 3 0
240208 1 4 306 1 0
240586 1 3 306 1 0
240823 0 6 306 0 0
307572 1 4 306 3 0
11617 1 3 307 1 0
33635 0 6 307 3 0
104793 1 4 307 1 0
106115 1 2 307 3 0
146836 0 6 307 3 1
176080 1 4 307 3 0
238950 1 3 307 3 0
239918 1 5 307 1 0
240239 1 3 307 1 0
240361 1 3 307 1 0
435096 1 2 307 3 0
11785 0 6 308 1 0
12336 0 6 308 1 1
104452 0 6 308 1 1
125800 1 3 308 1 0
195161 0 6 308 3 0
239199 1 4 308 1 0
240247 0 6 308 3 0
282677 0 6 308 2 0
104323 0 6 309 3 0
104880 1 3 309 1 0
239176 0 6 309 1 0
239233 1 5 309 1 1
240209 0 6 309 1 0
240240 1 3 309 3 1
240371 1 3 309 1 0
240728 1 4 309 3 0
282683 0 6 309 3 0
467764 1 3 309 3 0
514311 0 6 309 3 0
11781 0 6 310 3 0
12599 1 5 310 1 0
238947 1 3 310 1 1
239489 0 6 310 1 0
530713 1 3 310 3 0
12332 0 6 311 0 0
12335 0 6 311 1 0
104795 0 6 311 3 0
239248 0 6 311 1 0
239936 1 4 311 1 0
11551 1 2 312 3 0
11588 1 5 312 4 1
11978 0 6 312 1 1
87542 1 3 312 3 1
106082 0 6 312 1 0
230388 1 3 312 3 1
239203 1 4 312 3 1
239235 0 6 312 3 0
239435 0 6 312 4 0
240374 1 4 312 1 0
3459 1 3 313 3 1
11928 0 6 313 1 0
11943 1 5 313 3 0
104313 0 6 313 3 0
125801 1 4 313 1 0
239937 0 6 313 1 0
240373 0 6 313 1 0
467763 0 6 313 3 0
11671 1 3 314 1 0
11782 0 6 314 4 0
239433 0 6 314 3 0
239704 0 6 314 1 0
11360 1 3 315 4 0
239939 1 4 315 3 1
467756 0 6 315 3 0
12333 0 6 316 1 0
87545 0 6 316 1 0
106083 1 4 316 2 1
230387 0 6 316 3 0
11672 1 4 317 1 0
12061 1 4 317 1 0
12334 0 6 317 1 1
240357 0 6 317 4 0
240375 1 3 317 3 1
350726 1 4 317 3 0
417173 0 6 317 3 0
473267 0 6 317 3 0
12628 1 4 318 1 0
11597 0 6 319 3 0
12060 1 2 319 1 0
11460 1 4 320 1 0
11710 1 3 320 1 0
467656 0 6 320 3 1
11339 1 3 321 1 0
88433 1 3 321 3 0
232361 1 3 321 4 1
302797 1 3 321 3 1
11459 1 4 322 1 0
12063 1 3 322 3 1
12338 0 6 322 3 0
12562 1 3 322 1 0
409385 1 4 322 3 0
541053 1 4 322 3 0
11053 0 6 323 4 1
11216 1 4 323 1 0
11728 1 3 323 1 0
11814 0 6 323 1 1
12002 1 3 323 1 0
114069 0 6 323 2 0
467012 0 6 323 4 0
11706 1 4 324 2 0
12156 1 4 324 1 0
12309 1 4 324 1 0
291967 1 3 324 3 0
406089 1 4 324 3 0
457938 0 6 324 3 0
477339 1 4 324 3 1
11730 1 4 325 3 0
11813 1 4 325 1 0
12001 1 3 325 1 0
88431 1 3 325 2 0
114068 1 2 325 2 0
408814 0 6 325 4 0
11729 1 4 326 1 0
11816 0 6 326 3 0
12151 1 3 326 1 0
328270 1 3 326 3 0
553979 0 6 326 3 0
11395 1 5 327 2 0
12308 1 4 327 1 0
12809 1 3 327 1 0
88432 0 6 327 3 0
286772 0 6 327 2 1
362669 1 4 327 3 0
138812 0 6 328 3 0
362670 1 3 328 4 1
468260 0 6 328 4 1
553976 1 5 328 1 0
560308 1 3 328 3 1
11432 1 4 329 1 0
11698 0 6 329 1 0
11727 1 4 329 0 0
12470 0 6 329 1 0
114074 1 4 329 3 0
306664 0 6 329 3 0
11433 0 6 330 3 0
11692 0 6 330 1 0
397184 0 6 330 3 0
560305 0 6 330 0 0
12808 0 6 331 1 0
93440 0 6 331 3 0
97253 1 4 331 3 0
286773 0 6 331 3 1
553977 0 6 331 1 0
560309 0 6 331 3 0
398897 1 3 332 4 0
11691 0 6 333 1 0
11690 0 6 334 0 0
12088 1 3 334 1 0
383429 1 3 334 3 0
12804 0 6 336 1 0
12807 1 3 336 1 0
11238 0 6 337 1 0
11968 0 6 337 1 0
11927 0 6 338 1 0
12798 1 4 338 1 0
12203 0 6 339 1 0
12802 0 6 339 0 0
12803 0 6 339 0 0
11971 1 3 340 3 0
12359 0 6 340 1 0
12695 0 6 340 1 0
12849 1 3 340 1 0
118676 1 3 341 3 0
11923 0 6 342 3 0
12549 0 6 342 1 0
12796 1 3 343 0 0
118675 0 6 343 3 1
12393 0 6 345 0 0
118674 0 6 345 2 0
466691 1 3 347 2 0
12395 0 6 350 3 0
411533 0 6 351 3 0
411522 0 6 354 3 0
