228250 0 4 3 0
319750 0 4 3 0
360871 0 4 3 3
360873 0 4 3 3
530503 0 4 3 0
475491 0 5 3 3
290408 0 7 3 1
292545 0 8 3 3
292546 0 8 3 3
292547 0 8 3 3
292549 0 8 3 3
227935 0 9 3 0
227937 0 9 3 0
290398 1 10 3 1
290399 1 10 3 1
290403 1 10 3 1
290404 1 10 3 1
290399 0 10 3 3
290403 0 10 3 3
85416 0 11 3 1
85419 0 11 3 1
292546 1 11 3 1
292550 1 11 3 1
290560 0 12 3 1
290561 0 12 3 1
292544 0 12 3 1
292546 0 12 3 1
292550 0 12 3 1
292545 0 12 3 3
292547 0 12 3 3
293019 1 12 3 3
290399 0 13 3 2
290400 0 13 3 2
290401 0 13 3 2
292335 0 13 3 1
292519 0 13 3 1
292962 0 13 3 2
17738 1 15 3 1
85568 0 15 3 1
290399 0 15 3 0
290403 0 15 3 0
290401 0 15 3 1
293070 0 15 3 3
291318 0 16 3 1
290557 0 17 3 2
290559 0 17 3 2
291315 0 17 3 1
291318 0 17 3 1
84669 0 18 3 1
84670 0 18 3 1
84673 0 18 3 1
84674 0 18 3 1
84742 0 18 3 1
84967 1 18 3 1
85700 0 18 3 1
85704 0 18 3 1
293037 0 18 3 1
293039 0 18 3 1
382313 0 18 3 3
84487 0 19 3 1
84488 0 19 3 1
85544 0 19 3 3
85778 0 19 3 2
85815 0 19 3 1
85818 0 19 3 1
172611 0 19 3 3
172612 0 19 3 3
292814 0 19 3 1
292816 0 19 3 1
343525 0 19 3 3
84540 1 20 3 0
84543 1 20 3 0
84674 0 20 3 1
85381 0 20 3 1
85383 0 20 3 1
85414 0 20 3 3
85415 1 20 3 1
85417 1 20 3 1
85418 1 20 3 1
84552 0 21 3 1
84946 0 21 3 1
85584 1 21 3 1
85703 0 21 3 1
85840 0 21 3 1
85842 0 21 3 1
85854 1 21 3 1
292509 0 21 3 3
293038 0 21 3 2
293040 0 21 3 2
84563 0 22 3 1
84783 0 22 3 1
84968 0 22 3 0
85913 0 22 3 1
85914 0 22 3 1
290480 1 22 3 1
290481 1 22 3 1
290483 1 22 3 1
290484 1 22 3 1
292747 0 22 3 1
84710 0 23 3 3
84712 0 23 3 3
85700 0 23 3 3
85702 0 23 3 3
85703 0 23 3 3
291272 0 23 3 0
291273 0 23 3 0
291275 0 23 3 0
84406 0 24 3 1
84407 0 24 3 1
84662 0 24 3 1
85378 1 24 3 1
85379 0 24 3 3
85380 0 24 3 3
431066 0 24 3 3
25591 1 25 3 2
25593 1 25 3 2
84448 1 25 3 1
84560 0 25 3 3
84561 0 25 3 3
84562 0 25 3 3
84880 0 25 3 1
84882 0 25 3 1
85325 0 25 3 1
85700 0 25 3 3
85702 0 25 3 3
377897 0 25 3 3
84392 0 26 3 2
84563 0 26 3 1
85801 1 26 3 0
85842 0 26 3 1
93339 0 26 3 3
381517 0 26 3 0
292799 0 27 3 1
48919 1 28 3 1
48922 1 28 3 1
48923 1 28 3 1
85483 0 28 3 2
85486 0 28 3 2
85533 0 28 3 1
292800 1 28 3 0
292801 1 28 3 0
84977 0 29 3 1
84978 0 29 3 1
85167 0 29 3 1
85193 0 29 3 3
85194 0 29 3 3
247097 0 29 3 4
270359 0 29 3 3
72955 0 30 3 4
84648 0 30 3 4
85063 0 30 3 1
85324 0 30 3 1
85325 0 30 3 1
85326 0 30 3 1
85812 0 30 3 3
417628 0 30 3 3
85202 1 31 3 1
85205 1 31 3 1
85206 1 31 3 1
85444 0 31 3 1
85447 0 31 3 1
85740 0 31 3 1
290444 0 31 3 3
84952 0 32 3 3
48921 0 33 3 3
85650 1 33 3 1
85739 0 33 3 2
85742 0 33 3 2
85878 0 33 3 1
217631 0 33 3 3
248202 1 33 3 3
248204 1 33 3 3
382697 0 33 3 1
248206 0 34 3 1
248204 1 34 3 1
248206 1 34 3 1
249670 0 34 3 3
249671 0 34 3 3
290387 0 34 3 1
290910 0 34 3 1
290913 0 34 3 1
292996 0 34 3 1
292997 0 34 3 1
85446 0 35 3 1
382712 0 35 3 1
73207 0 36 3 1
247794 0 36 3 1
247795 0 36 3 1
248203 1 36 3 3
173828 0 37 3 2
173829 0 37 3 2
247661 0 37 3 1
247662 0 37 3 1
309481 1 37 3 0
309482 1 37 3 0
352019 0 37 3 3
382448 0 37 3 4
382530 0 37 3 1
382531 0 37 3 1
85479 0 38 3 1
85480 0 38 3 1
85547 0 38 3 1
85650 0 38 3 3
270361 0 38 3 1
271869 0 38 3 1
290741 0 38 3 1
382530 0 38 3 3
248232 0 39 3 3
248234 0 39 3 3
248235 0 39 3 3
290963 1 39 3 1
290964 1 39 3 1
247254 0 40 3 1
291833 0 40 3 1
376415 0 40 3 1
376416 0 40 3 1
376418 0 40 3 1
85860 0 41 3 1
99176 0 41 3 1
99177 0 41 3 1
247659 0 41 3 1
247661 0 41 3 1
247659 0 41 3 3
271169 0 41 3 3
326778 0 41 3 1
85117 1 42 3 3
248027 0 42 3 1
269929 0 42 3 1
269930 0 42 3 1
269934 0 42 3 1
277228 0 42 3 3
277229 0 42 3 3
290739 0 42 3 1
292275 0 42 3 1
290740 0 43 3 3
309546 0 43 3 0
309547 0 43 3 0
84538 0 44 3 1
84547 0 44 3 1
97426 0 44 3 3
248174 1 44 3 3
248445 0 44 3 1
248449 0 44 3 1
291830 0 44 3 1
475547 0 44 3 3
475548 0 44 3 3
290319 0 45 3 1
292213 1 45 3 3
292215 1 45 3 3
247190 0 46 3 1
247191 0 46 3 1
248749 0 46 3 3
257617 0 46 3 2
257618 0 46 3 2
493239 0 46 3 3
84547 1 47 3 3
84551 0 47 3 3
248160 1 47 3 1
248174 0 47 3 0
248175 0 47 3 0
248960 1 47 3 1
269929 0 47 3 4
269932 0 47 3 4
309334 0 47 3 1
309336 0 47 3 1
84496 0 48 3 1
248749 0 48 3 3
248750 0 48 3 3
174174 0 49 3 3
292105 0 49 3 1
292106 0 49 3 1
308809 0 49 3 1
308811 0 49 3 1
308812 0 49 3 1
308813 0 49 3 1
309152 1 49 3 1
309155 1 49 3 1
326636 0 49 3 1
326637 0 49 3 1
326638 0 49 3 1
326639 0 49 3 1
84495 0 50 3 3
84497 0 50 3 3
185568 0 50 3 3
271174 0 50 3 1
271175 0 50 3 1
307743 0 50 3 1
308685 1 50 3 1
326897 0 50 3 1
326898 0 50 3 1
327198 0 51 3 1
385230 1 51 3 1
308591 0 52 3 1
308595 0 52 3 1
477951 0 52 3 3
175386 0 53 3 3
270539 0 53 3 1
270925 0 53 3 1
326117 0 53 3 1
326120 0 53 3 1
376387 0 53 3 2
376390 0 53 3 2
437669 0 53 3 3
247260 0 54 3 0
248422 0 54 3 1
248423 0 54 3 1
248424 0 54 3 1
261853 0 54 3 2
270566 1 54 3 1
270567 1 54 3 1
271314 0 54 3 3
271840 0 54 3 1
271841 0 54 3 1
307795 0 54 3 3
307911 0 54 3 1
307954 0 54 3 1
307955 0 54 3 1
308813 0 54 3 1
309637 0 54 3 1
85130 0 55 3 3
175392 0 55 3 0
248558 0 55 3 2
307739 0 55 3 0
327610 0 55 3 1
327783 0 55 3 1
327785 0 55 3 1
427027 0 55 3 3
427029 0 55 3 3
85050 0 56 3 3
307757 0 56 3 1
307909 0 56 3 3
307911 0 56 3 3
308428 1 56 3 1
309308 1 56 3 1
326034 0 56 3 1
326038 0 56 3 1
270565 0 57 3 3
271833 0 57 3 1
290523 0 57 3 4
325981 0 57 3 1
326442 1 57 3 1
326443 1 57 3 1
326444 1 57 3 1
326570 0 57 3 2
326735 0 57 3 1
84777 0 58 3 3
154808 0 58 3 3
274134 0 58 3 3
307910 0 58 3 1
307911 0 58 3 1
307912 0 58 3 1
307926 0 58 3 2
307935 0 58 3 1
308682 0 58 3 1
308684 0 58 3 1
326346 1 58 3 1
326350 1 58 3 1
327726 0 58 3 1
327729 0 58 3 1
337862 0 58 3 2
34653 0 59 3 3
84780 0 59 3 1
308915 0 59 3 1
325979 0 59 3 3
326440 0 59 3 1
326443 0 59 3 1
326636 0 59 3 3
326786 0 59 3 3
327726 0 59 3 0
327725 0 59 3 3
85175 0 60 3 1
85178 0 60 3 1
85179 0 60 3 1
85223 0 60 3 1
85226 0 60 3 1
85228 0 60 3 1
247294 0 60 3 3
270230 0 60 3 1
307758 1 60 3 1
326034 0 60 3 3
326734 0 60 3 1
326735 0 60 3 1
326739 0 60 3 1
326740 0 60 3 1
326734 0 60 3 1
326736 0 60 3 1
122647 0 61 3 3
270086 1 61 3 1
270087 1 61 3 1
270462 1 61 3 4
308757 0 61 3 1
308914 0 61 3 3
326288 0 61 3 1
326734 0 61 3 3
326735 0 61 3 3
326737 0 61 3 3
327120 0 61 3 1
327665 1 61 3 1
496193 0 61 3 3
130622 0 62 3 3
174035 0 62 3 2
290522 1 62 3 4
306568 0 62 3 1
306569 0 62 3 1
306570 0 62 3 1
307910 0 62 3 3
308474 0 62 3 3
308477 0 62 3 3
309654 0 62 3 1
309655 0 62 3 1
309658 0 62 3 1
326349 0 62 3 3
326741 0 62 3 2
247416 0 63 3 3
270229 0 63 3 1
271725 1 63 3 1
247296 1 64 3 1
247297 1 64 3 1
254706 1 64 3 3
270747 0 64 3 0
309128 0 64 3 1
326038 0 64 3 1
59443 0 65 3 3
84453 0 65 3 1
84454 0 65 3 1
85156 0 65 3 1
85158 0 65 3 1
85160 0 65 3 1
307481 0 65 3 1
326034 0 65 3 2
326035 0 65 3 2
326039 0 65 3 2
386716 0 65 3 2
495390 0 65 3 3
495392 0 65 3 3
122642 0 66 3 3
122643 0 66 3 3
307479 1 66 3 1
309490 0 66 3 1
309658 0 66 3 1
325998 0 66 3 1
327532 1 66 3 0
270194 0 67 3 1
271603 0 67 3 1
271605 0 67 3 1
308698 0 67 3 1
308720 0 67 3 1
327853 1 67 3 4
84718 0 68 3 1
309653 0 68 3 1
309654 0 68 3 1
309659 0 68 3 1
122643 0 69 3 2
122646 0 69 3 2
271161 1 69 3 1
307475 0 69 3 1
308697 0 69 3 0
308700 0 69 3 0
308702 0 69 3 0
308915 0 69 3 1
309140 0 69 3 1
326669 0 69 3 1
326672 0 69 3 1
326673 0 69 3 1
328004 0 69 3 1
122642 0 70 3 0
122643 0 70 3 0
122644 0 70 3 0
122645 0 70 3 0
122646 0 70 3 0
235857 0 70 3 3
270260 0 70 3 1
305472 1 70 3 1
305475 1 70 3 1
305807 0 70 3 2
305809 0 70 3 2
306354 0 70 3 1
307580 0 70 3 1
307777 0 70 3 3
307778 0 70 3 3
307779 0 70 3 3
307780 0 70 3 3
307986 0 70 3 1
308418 0 70 3 4
309325 0 70 3 1
309488 0 70 3 1
526054 1 70 3 3
271602 0 71 3 1
271605 0 71 3 1
307385 0 71 3 4
308718 1 71 3 0
308720 1 71 3 0
309139 0 71 3 0
309140 0 71 3 0
309412 0 71 3 1
325841 0 71 3 1
325842 0 71 3 1
326103 0 71 3 1
326104 0 71 3 1
122033 0 72 3 1
122034 0 72 3 1
122635 0 72 3 1
122637 0 72 3 1
270242 0 72 3 1
306403 0 72 3 1
309128 0 72 3 3
315588 0 72 3 3
326730 0 72 3 3
326732 0 72 3 3
122723 0 73 3 1
122725 0 73 3 1
270470 1 73 3 1
270471 1 73 3 1
270472 1 73 3 1
270881 0 73 3 1
308022 0 73 3 1
309672 0 73 3 1
324143 0 73 3 3
326742 0 73 3 1
326743 0 73 3 1
326744 0 73 3 1
327018 0 73 3 1
269910 1 74 3 3
269915 1 74 3 3
270252 0 74 3 3
271855 0 74 3 3
305241 0 74 3 3
307549 0 74 3 1
307780 0 74 3 1
307782 0 74 3 1
309027 0 74 3 0
309030 0 74 3 0
315587 0 74 3 4
84457 0 75 3 2
122635 0 75 3 3
308473 0 75 3 2
84437 0 76 3 1
84438 0 76 3 1
85307 0 76 3 1
194902 0 76 3 3
271299 0 76 3 1
271998 0 76 3 1
307546 0 76 3 1
307547 0 76 3 1
308697 0 76 3 1
308701 0 76 3 1
326607 0 76 3 1
326608 0 76 3 1
327217 0 76 3 1
327218 0 76 3 1
327219 0 76 3 1
327220 0 76 3 1
327240 0 76 3 0
327243 0 76 3 0
84457 0 77 3 3
185007 0 77 3 2
271978 0 77 3 3
309163 0 77 3 1
309166 0 77 3 1
309339 0 77 3 1
309340 0 77 3 1
326945 1 77 3 2
326948 1 77 3 2
327181 1 77 3 1
271170 0 78 3 3
271171 0 78 3 3
271173 0 78 3 3
271969 0 78 3 0
271976 1 78 3 1
309412 0 78 3 1
326946 0 78 3 3
327487 0 78 3 1
327489 0 78 3 1
307547 0 79 3 1
307548 0 79 3 1
307549 0 79 3 1
327242 0 79 3 3
327816 0 79 3 2
81861 0 80 3 3
85305 0 80 3 3
270966 0 80 3 3
270968 0 80 3 3
271301 0 80 3 1
305989 0 80 3 3
307984 0 80 3 3
307985 0 80 3 3
308507 0 80 3 1
308510 0 80 3 1
327835 0 80 3 1
327891 0 80 3 1
327894 0 80 3 1
527185 0 80 3 3
121419 0 81 3 1
271970 0 81 3 1
271996 0 81 3 1
271998 0 81 3 1
309667 0 81 3 2
326230 1 81 3 3
326231 1 81 3 3
326232 1 81 3 3
326696 0 81 3 1
327312 1 81 3 2
327976 0 81 3 1
368107 0 81 3 3
271456 0 82 3 0
271969 0 82 3 2
326759 0 82 3 4
326946 0 82 3 3
327215 1 82 3 3
327216 1 82 3 3
327517 0 82 3 0
327798 0 82 3 1
505694 0 83 3 3
271413 1 84 3 0
271414 1 84 3 0
271411 0 84 3 3
326390 1 85 3 2
270671 0 86 3 2
309594 0 86 3 1
309595 0 86 3 1
309596 0 86 3 1
324482 0 86 3 1
324485 0 86 3 1
327649 0 86 3 1
327652 0 86 3 1
382536 0 86 3 3
382537 0 86 3 3
382538 0 86 3 3
271410 0 87 3 0
271412 0 87 3 0
271413 0 87 3 0
271414 0 87 3 0
271624 0 87 3 0
296620 0 87 3 3
296623 0 87 3 3
326665 0 87 3 3
307887 0 88 3 1
326400 0 88 3 3
326403 0 88 3 3
327710 0 88 3 1
327713 0 88 3 1
270235 1 89 3 1
271142 0 89 3 3
271143 0 89 3 3
271145 0 89 3 3
382537 0 89 3 1
308386 1 91 3 1
309383 0 91 3 1
309384 0 91 3 1
326911 1 91 3 1
482383 0 91 3 3
307875 1 93 3 1
481069 0 94 3 1
481070 0 94 3 1
308976 0 95 3 1
481296 0 95 3 3
482470 0 95 3 1
309382 0 96 3 1
309383 0 96 3 1
326130 1 96 3 1
354663 0 96 3 1
354664 0 96 3 1
132784 0 97 3 3
227052 0 97 3 4
327039 0 97 3 1
327040 0 97 3 1
309203 1 98 3 1
175705 1 99 3 3
309176 0 99 3 4
309205 0 99 3 3
326129 0 99 3 0
326130 0 99 3 0
326132 0 99 3 0
429918 0 99 3 3
482641 0 99 3 1
227053 0 100 3 1
227054 0 100 3 1
227055 0 100 3 1
307942 0 100 3 1
325884 0 100 3 2
327918 0 102 3 1
226701 0 103 3 1
308474 1 103 3 1
308475 1 103 3 1
308476 1 103 3 1
308477 1 103 3 1
308882 0 103 3 1
326128 0 103 3 3
326130 0 103 3 3
326131 0 103 3 3
308986 0 104 3 3
309248 1 104 3 0
309252 1 104 3 0
327412 0 104 3 1
549541 0 104 3 3
325967 0 105 3 1
327057 0 105 3 1
327920 0 105 3 1
226964 0 106 3 4
309247 0 106 3 1
309248 0 106 3 1
309251 0 106 3 1
309270 0 106 3 1
326059 0 106 3 1
326060 0 106 3 1
326061 0 106 3 1
326239 0 106 3 1
326240 0 106 3 1
326241 0 106 3 1
327407 0 106 3 4
309493 0 108 3 1
326420 0 108 3 1
226919 0 109 3 1
308571 0 110 3 1
326112 0 110 3 1
326113 0 110 3 1
326417 1 110 3 1
326420 1 110 3 1
326416 0 110 3 3
326420 0 110 3 3
327358 0 110 3 3
226507 0 111 3 1
226508 0 111 3 1
226513 0 111 3 1
226725 0 111 3 1
308569 0 111 3 0
309494 0 111 3 0
326596 0 111 3 1
326597 0 111 3 1
327834 0 111 3 3
327835 0 111 3 3
327836 0 111 3 3
227514 0 112 3 1
227517 0 112 3 1
292165 0 112 3 2
308672 0 112 3 1
308676 0 112 3 1
308677 0 112 3 1
326111 0 112 3 3
326591 0 112 3 3
326593 0 112 3 3
226507 0 113 3 3
226508 0 113 3 3
227292 0 113 3 3
227294 0 113 3 3
326109 0 113 3 1
225886 0 114 3 1
226517 1 114 3 0
227163 0 115 3 1
227795 0 115 3 0
227406 0 116 3 1
309491 0 116 3 2
309495 0 116 3 2
225917 0 117 3 1
225918 0 117 3 1
225921 0 117 3 1
225922 0 117 3 1
226902 0 117 3 1
227390 0 117 3 1
227429 1 117 3 1
225729 1 118 3 1
226517 0 118 3 3
327374 1 118 3 0
225827 0 120 3 1
225833 0 120 3 1
226633 0 120 3 3
226661 0 120 3 3
227405 0 120 3 1
227408 0 120 3 1
227640 1 120 3 1
227808 0 120 3 1
226010 1 122 3 1
227298 0 125 3 1
227544 0 125 3 2
226303 1 126 3 3
226799 1 126 3 1
226800 1 126 3 1
227121 0 126 3 1
227123 0 126 3 1
227456 0 126 3 1
227459 0 126 3 1
225970 1 127 3 1
225971 1 127 3 1
225972 1 127 3 1
225981 0 128 3 1
225982 0 128 3 1
225985 0 128 3 1
210432 0 129 3 3
227456 0 129 3 1
227457 0 129 3 1
227458 0 129 3 1
226886 0 130 3 1
225983 0 131 3 1
327093 0 131 3 0
35893 1 132 3 1
35894 1 132 3 1
226273 0 133 3 3
225784 0 135 3 3
225786 0 135 3 3
227000 0 135 3 3
302963 0 136 3 3
86899 1 137 3 3
36617 0 139 3 1
180909 0 139 3 1
227000 0 139 3 3
473355 0 139 3 3
37109 0 140 3 4
37101 0 141 3 3
226342 0 141 3 1
226343 0 141 3 1
379230 0 141 3 3
379231 0 141 3 3
35844 0 142 3 2
35846 1 142 3 1
180907 1 143 3 1
36706 1 144 3 1
37209 1 145 3 1
37094 0 146 3 3
37233 0 147 3 1
339185 1 147 3 1
340184 1 147 3 1
340751 0 147 3 1
332199 0 150 3 3
332201 1 150 3 3
181472 0 153 3 2
181473 0 153 3 2
340543 0 153 3 3
181472 0 154 3 3
181475 0 154 3 3
181476 0 154 3 3
339188 0 154 3 1
181471 0 155 3 1
181473 0 155 3 1
179649 0 156 3 3
181474 0 156 3 0
339475 0 156 3 1
36335 0 158 3 1
35924 0 159 3 1
35925 0 159 3 1
36567 0 159 3 1
181471 0 159 3 1
36532 0 160 3 1
36537 0 160 3 1
340410 0 160 3 1
340411 0 160 3 1
35456 1 161 3 1
35459 1 161 3 1
35518 0 161 3 1
37160 1 161 3 1
36634 1 162 3 1
37291 0 162 3 1
340411 0 162 3 1
340414 0 162 3 1
340415 0 162 3 1
35931 0 163 3 1
35933 0 163 3 1
36705 1 163 3 4
36723 0 163 3 1
36725 0 163 3 1
36726 0 163 3 1
35923 1 164 3 1
35927 1 164 3 1
36263 0 164 3 1
36569 0 164 3 1
36693 0 164 3 1
35600 1 165 3 1
35931 1 165 3 0
37000 0 165 3 1
35526 0 166 3 1
35633 0 166 3 1
36064 1 166 3 1
36196 1 166 3 3
339682 0 166 3 1
339556 1 167 3 1
36707 0 168 3 1
339556 0 168 3 3
35964 0 169 3 3
36101 0 169 3 1
126508 0 169 3 3
36545 1 170 3 1
155783 0 170 3 1
36126 0 171 3 2
37217 0 171 3 1
37218 0 171 3 1
79331 0 171 3 3
155787 0 171 3 1
36010 0 173 3 1
36014 0 173 3 1
37001 0 173 3 1
157260 0 174 3 1
36218 0 175 3 1
37213 0 175 3 1
37218 0 175 3 1
37102 0 176 3 1
37104 0 176 3 1
157318 1 176 3 1
35471 0 178 3 1
35474 0 178 3 1
35475 0 178 3 1
35477 0 178 3 1
35502 1 178 3 4
37215 0 178 3 3
37216 0 178 3 3
156459 0 178 3 1
157219 0 178 3 1
157220 0 178 3 1
21222 0 179 3 3
156321 1 179 3 0
155834 0 180 3 1
155836 0 180 3 1
156011 0 180 3 1
156322 1 180 3 1
156325 1 180 3 1
156326 1 180 3 1
157011 0 180 3 1
157015 0 180 3 1
157220 0 180 3 3
156133 0 181 3 3
156319 0 181 3 1
156320 0 181 3 1
156321 0 181 3 1
157217 0 181 3 3
157218 0 181 3 3
157219 0 181 3 3
157011 0 182 3 1
187598 0 182 3 1
187603 0 182 3 1
553656 0 182 3 3
156315 0 183 3 1
156501 0 183 3 1
156504 0 183 3 1
156851 0 183 3 1
188862 0 183 3 1
188863 0 183 3 1
35880 0 184 3 1
156259 0 184 3 1
156261 0 184 3 1
156262 0 184 3 1
157011 0 184 3 0
188894 0 184 3 1
188897 0 184 3 1
155897 0 185 3 1
155900 0 185 3 1
156777 0 185 3 1
156779 0 185 3 1
157109 1 185 3 1
157108 0 185 3 1
157416 0 185 3 1
157437 0 185 3 2
157482 0 185 3 1
157484 0 185 3 1
157553 0 185 3 1
157555 0 185 3 1
156928 0 186 3 1
156931 0 186 3 1
157029 0 186 3 1
157444 0 186 3 1
187465 0 186 3 1
187466 0 186 3 1
187467 0 186 3 1
187468 0 186 3 1
188849 0 186 3 3
188850 0 186 3 3
156170 0 187 3 1
156181 1 187 3 1
156322 0 188 3 1
156326 0 188 3 1
187602 0 188 3 1
187783 1 188 3 4
23585 0 189 3 3
37947 0 189 3 2
37948 0 189 3 2
37950 0 189 3 2
156007 0 189 3 1
156342 0 189 3 1
156382 0 189 3 3
156445 0 189 3 1
157483 0 189 3 3
187474 0 189 3 3
188849 0 189 3 2
188852 0 189 3 2
155863 0 190 3 1
155866 0 190 3 1
156584 0 190 3 1
156586 0 190 3 1
156774 0 190 3 2
156776 0 190 3 2
156779 0 190 3 2
188939 1 190 3 4
155865 0 191 3 0
155868 0 191 3 0
188057 0 191 3 1
188827 0 191 3 3
188858 0 191 3 1
156297 0 192 3 1
156311 0 192 3 1
155749 0 193 3 0
155751 0 193 3 0
155753 0 193 3 0
155854 0 193 3 1
156062 0 193 3 2
156112 1 193 3 1
156170 1 193 3 2
156604 0 193 3 3
156672 1 193 3 1
156761 0 193 3 1
157057 0 193 3 4
157502 0 193 3 1
157504 0 193 3 1
157505 0 193 3 1
188130 0 193 3 3
188570 1 193 3 1
188572 1 193 3 1
188573 1 193 3 1
103208 1 194 3 3
156283 0 194 3 2
156342 0 194 3 3
188694 1 194 3 1
155974 0 195 3 1
155975 0 195 3 1
155976 0 195 3 1
156197 0 195 3 1
156198 0 195 3 1
156385 1 195 3 2
156386 1 195 3 2
156511 0 195 3 4
156940 0 195 3 3
157353 0 195 3 3
157531 0 195 3 1
157533 0 195 3 1
155748 0 196 3 3
155749 0 196 3 3
155751 0 196 3 3
155753 0 196 3 3
156297 0 196 3 3
156298 0 196 3 3
156938 0 196 3 1
157323 0 196 3 1
157344 0 196 3 3
188383 0 196 3 1
188385 0 196 3 1
188386 0 196 3 1
188613 0 196 3 1
188614 0 196 3 1
447537 0 196 3 3
155817 0 197 3 3
156174 0 197 3 1
156365 0 197 3 1
157336 0 197 3 1
189043 0 197 3 1
189045 0 197 3 1
189123 0 197 3 1
189124 0 197 3 1
327507 0 197 3 3
431159 0 197 3 1
431162 0 197 3 1
80163 0 198 3 2
103208 0 198 3 3
156113 0 198 3 3
156117 0 198 3 3
156424 0 198 3 4
188040 0 198 3 1
188044 0 198 3 1
188290 0 198 3 3
188292 0 198 3 3
188612 0 198 3 3
188987 0 198 3 3
189005 0 198 3 1
189009 0 198 3 1
189010 0 198 3 1
189121 0 198 3 0
189123 0 198 3 0
189124 0 198 3 0
96984 0 199 3 2
96985 0 199 3 2
156361 0 199 3 1
156417 0 199 3 1
156418 0 199 3 1
156864 1 199 3 1
157603 0 199 3 1
430808 0 199 3 1
157325 0 200 3 1
157324 0 200 3 3
187720 0 200 3 1
187722 0 200 3 1
187718 0 200 3 1
188176 0 200 3 1
188208 0 200 3 0
188209 0 200 3 0
188211 0 200 3 0
188360 0 200 3 1
188361 0 200 3 1
103212 0 201 3 3
103214 0 201 3 3
103349 1 201 3 1
156079 0 201 3 3
157143 0 201 3 1
157144 0 201 3 1
427315 0 201 3 2
156669 0 202 3 2
156797 0 202 3 1
156799 0 202 3 1
157344 0 202 3 1
157422 1 202 3 1
157432 0 202 3 1
187944 1 202 3 1
188040 0 202 3 0
188042 0 202 3 0
188044 0 202 3 0
188207 0 202 3 3
80164 0 203 3 3
155926 0 203 3 4
156108 0 203 3 0
156109 0 203 3 0
156110 0 203 3 0
156216 0 203 3 1
157135 0 203 3 1
157137 0 203 3 1
157134 0 203 3 3
339461 0 203 3 2
339464 0 203 3 2
430774 0 203 3 1
431492 0 203 3 1
446868 0 203 3 3
103350 0 204 3 1
103354 0 204 3 1
156013 0 204 3 1
157490 0 204 3 1
187371 0 204 3 1
187372 0 204 3 1
187716 0 204 3 3
187718 0 204 3 3
187720 0 204 3 3
187901 0 204 3 1
188210 0 204 3 1
188360 0 204 3 1
188840 0 204 3 1
427315 0 204 3 0
430767 0 204 3 1
155919 0 205 3 3
155921 0 205 3 3
188172 0 205 3 2
430772 0 205 3 1
430774 0 205 3 1
62333 0 206 3 3
104697 0 206 3 3
188563 0 206 3 1
188623 0 206 3 1
188824 0 206 3 4
189258 0 206 3 1
103350 0 207 3 1
103353 0 207 3 1
155898 0 207 3 3
156913 0 207 3 3
156915 0 207 3 3
157171 0 207 3 1
296932 0 207 3 2
388056 0 207 3 3
431606 0 207 3 3
157193 0 208 3 1
157194 0 208 3 1
297709 0 208 3 3
430313 0 208 3 1
187483 0 209 3 3
187487 0 209 3 3
188281 0 209 3 1
188282 0 209 3 1
188437 0 209 3 3
188564 0 209 3 0
188566 0 209 3 0
321473 1 209 3 1
431489 0 209 3 3
59658 0 210 3 3
103353 0 210 3 3
188623 1 210 3 1
188624 1 210 3 1
189243 0 210 3 3
333168 0 210 3 3
333170 0 210 3 3
430329 0 210 3 1
430330 0 210 3 1
437109 0 210 3 3
17766 0 211 3 1
17767 0 211 3 1
17769 0 211 3 1
17771 0 211 3 1
103055 0 211 3 1
156796 0 211 3 1
272678 0 211 3 3
430239 0 211 3 1
430495 0 211 3 1
430497 0 211 3 1
431140 0 211 3 1
431142 0 211 3 1
128469 0 212 3 3
188560 0 212 3 1
188695 0 212 3 4
404429 0 212 3 3
404431 0 212 3 3
431518 0 212 3 1
19804 0 213 3 0
19805 0 213 3 0
19809 0 213 3 0
19804 1 213 3 1
19808 1 213 3 1
96593 0 213 3 3
125375 0 213 3 3
160429 1 213 3 0
188647 0 213 3 3
430083 0 213 3 1
430084 0 213 3 1
430236 0 213 3 1
430239 0 213 3 1
430473 0 213 3 1
430559 0 213 3 1
430907 0 213 3 1
482490 0 213 3 1
482491 0 213 3 1
103619 1 214 3 1
103622 1 214 3 1
303330 0 214 3 2
390247 0 214 3 3
390248 0 214 3 3
430017 0 214 3 1
430020 0 214 3 1
430467 0 214 3 1
430469 0 214 3 1
430666 0 214 3 1
430669 0 214 3 1
430905 1 214 3 1
430907 1 214 3 1
431097 0 214 3 4
19379 0 215 3 1
160429 1 215 3 3
430401 1 215 3 1
430402 1 215 3 1
18956 1 216 3 1
188282 0 216 3 3
430018 0 216 3 0
430020 0 216 3 0
430234 1 216 3 1
430578 0 216 3 1
430767 0 216 3 1
430768 0 216 3 1
430769 0 216 3 1
431681 0 216 3 1
18409 1 217 3 1
188281 0 217 3 1
188282 0 217 3 1
297981 0 217 3 1
297984 0 217 3 1
308194 0 217 3 2
308195 0 217 3 2
430340 0 217 3 1
431318 0 217 3 0
431319 0 217 3 0
431515 0 217 3 1
431517 0 217 3 1
18114 0 218 3 1
18541 0 218 3 1
18543 0 218 3 1
18546 0 218 3 1
18784 0 218 3 3
18785 0 218 3 3
188899 0 218 3 1
188901 0 218 3 1
338827 0 218 3 1
430100 1 218 3 1
431201 0 218 3 1
303316 0 219 3 3
303317 0 219 3 3
332441 0 219 3 3
332442 0 219 3 3
429849 0 219 3 1
430422 0 219 3 0
430466 0 219 3 1
430469 0 219 3 1
430669 0 219 3 3
431174 0 219 3 4
431557 1 219 3 0
431558 1 219 3 0
431560 1 219 3 0
18783 0 220 3 1
19556 0 220 3 1
19987 0 220 3 1
430764 0 220 3 3
430769 0 220 3 3
482591 1 220 3 1
482595 1 220 3 1
17913 0 221 3 1
17914 0 221 3 1
19805 0 221 3 0
19806 0 221 3 0
19809 0 221 3 0
107015 0 221 3 3
107017 0 221 3 3
188552 0 221 3 1
188554 0 221 3 1
188555 0 221 3 1
338828 1 221 3 0
338829 1 221 3 0
111162 0 222 3 2
111163 0 222 3 2
156869 0 222 3 3
430233 0 222 3 1
430769 1 222 3 1
431555 0 222 3 1
431556 0 222 3 1
431559 0 222 3 1
431564 0 222 3 1
431566 0 222 3 1
431568 0 222 3 1
431570 1 222 3 3
431572 1 222 3 3
551608 0 222 3 3
18365 0 223 3 1
18367 0 223 3 1
18369 0 223 3 1
18540 0 223 3 2
18541 0 223 3 2
18545 0 223 3 2
19014 0 223 3 1
19207 0 223 3 1
19208 0 223 3 1
19209 0 223 3 1
19740 0 223 3 1
19743 0 223 3 1
430772 1 223 3 3
430775 1 223 3 3
482593 1 223 3 1
551606 0 223 3 3
91155 0 224 3 3
157407 0 224 3 1
157409 0 224 3 1
157412 0 224 3 1
330699 0 224 3 1
330700 0 224 3 1
430228 0 224 3 1
430231 0 224 3 1
430248 0 224 3 3
431199 1 224 3 1
18638 0 225 3 1
125914 1 225 3 0
188551 1 225 3 1
331002 0 225 3 1
333161 0 225 3 3
333163 0 225 3 3
339412 0 225 3 0
339414 0 225 3 0
430853 0 225 3 1
17879 0 226 3 0
17881 0 226 3 0
126772 0 226 3 1
430740 0 226 3 3
462891 0 226 3 3
18157 0 227 3 0
18704 0 227 3 4
96695 1 227 3 1
157408 1 227 3 3
157411 1 227 3 3
188064 0 227 3 1
330114 0 227 3 1
331369 1 227 3 1
430231 0 227 3 0
430852 0 227 3 1
430854 0 227 3 1
125422 0 228 3 0
125423 0 228 3 0
125632 0 228 3 1
331000 0 228 3 3
331066 0 228 3 1
331067 0 228 3 1
338885 0 228 3 1
19724 1 229 3 1
125420 0 229 3 0
125423 0 229 3 0
126008 0 229 3 1
187919 0 229 3 3
339457 0 229 3 1
339456 1 229 3 3
339460 1 229 3 3
340017 0 229 3 1
340631 0 229 3 1
430799 1 229 3 3
17971 0 230 3 0
17972 0 230 3 0
18017 1 230 3 1
18431 0 230 3 3
18432 0 230 3 3
18433 0 230 3 3
18950 0 230 3 1
26136 0 230 3 4
19805 1 231 3 1
19809 1 231 3 1
125908 0 231 3 0
188065 0 231 3 3
329871 0 231 3 1
329874 0 231 3 1
330460 0 231 3 1
330461 0 231 3 1
330462 0 231 3 1
331259 0 231 3 3
331266 0 231 3 1
331268 0 231 3 1
340018 0 231 3 2
340021 0 231 3 2
380914 0 231 3 2
19437 0 232 3 1
82115 0 232 3 1
124973 0 232 3 1
124974 0 232 3 1
233157 0 233 3 3
18012 1 234 3 0
18014 1 234 3 0
18270 0 234 3 0
18271 0 234 3 0
19081 0 234 3 0
19084 0 234 3 0
82112 0 234 3 3
82113 0 234 3 3
125108 0 234 3 1
125110 0 234 3 1
125112 0 234 3 1
329872 0 234 3 3
329875 0 234 3 3
17760 0 235 3 3
18003 0 235 3 1
18008 0 235 3 1
19084 0 235 3 3
19182 0 235 3 1
82280 0 235 3 1
82281 0 235 3 1
187918 0 235 3 1
307362 0 235 3 3
331193 1 235 3 1
331264 0 235 3 1
339675 1 235 3 3
19080 0 236 3 0
19081 0 236 3 0
126066 0 236 3 1
330398 1 236 3 1
330399 1 236 3 1
330404 1 236 3 1
17860 1 237 3 0
18145 0 237 3 1
82111 0 237 3 1
82114 0 237 3 1
20013 1 238 3 1
20014 1 238 3 1
117029 0 238 3 3
19994 0 239 3 3
19995 0 239 3 3
332339 0 239 3 1
18864 0 240 3 1
18868 0 240 3 1
19621 0 240 3 1
125110 0 240 3 1
126276 0 240 3 1
126277 0 240 3 1
331182 1 240 3 1
331187 1 240 3 1
331530 0 240 3 1
477459 0 240 3 1
17439 0 241 3 3
18744 1 241 3 1
82518 0 241 3 1
82521 0 241 3 1
126138 0 241 3 3
126139 0 241 3 3
332788 0 241 3 1
125046 0 242 3 1
295748 0 242 3 1
295751 0 242 3 1
330399 1 242 3 0
330402 1 242 3 0
330403 1 242 3 0
330398 0 242 3 0
330400 0 242 3 0
330402 0 242 3 0
330403 0 242 3 0
331226 0 242 3 2
18748 0 243 3 1
19568 0 243 3 1
82110 0 243 3 0
126137 1 243 3 0
295748 0 243 3 1
295749 0 243 3 1
331184 0 243 3 3
332338 0 243 3 3
19879 0 244 3 1
82104 0 244 3 3
91788 0 244 3 2
91790 0 244 3 2
91792 0 244 3 2
125614 0 244 3 3
125724 0 244 3 1
126276 0 244 3 1
126277 0 244 3 1
126278 0 244 3 1
332070 0 244 3 3
332072 0 244 3 3
332944 0 244 3 1
332946 0 244 3 1
332948 0 244 3 1
332949 0 244 3 1
417013 0 244 3 2
417014 0 244 3 2
19105 0 245 3 1
19107 0 245 3 1
82515 0 245 3 4
156304 0 245 3 0
156305 0 245 3 0
333479 0 245 3 1
333483 0 245 3 1
416981 0 245 3 1
19704 0 246 3 2
81319 0 246 3 3
81320 0 246 3 3
81429 0 246 3 1
81431 0 246 3 1
81432 0 246 3 1
125974 0 246 3 1
125976 0 246 3 1
295445 1 246 3 1
416091 0 246 3 1
18176 0 247 3 0
121096 0 247 3 3
126137 1 247 3 1
126135 0 247 3 3
126137 0 247 3 3
126140 0 247 3 3
332068 0 247 3 2
332069 0 247 3 2
19117 0 248 3 1
81317 0 248 3 3
81318 0 248 3 3
82107 0 248 3 1
415837 0 248 3 1
478757 1 248 3 0
478759 1 248 3 0
126210 0 249 3 1
126214 0 249 3 1
169393 0 249 3 3
296454 0 249 3 1
296455 0 249 3 1
416532 0 249 3 1
416980 0 249 3 3
81320 0 250 3 0
81888 0 250 3 1
126528 0 250 3 1
126529 0 250 3 1
417005 0 250 3 1
82068 0 251 3 1
82085 0 251 3 1
82087 0 251 3 1
295441 1 251 3 1
295444 1 251 3 1
18813 0 252 3 1
19964 0 252 3 1
19966 0 252 3 1
19967 0 252 3 1
82648 0 252 3 1
125318 0 252 3 1
126529 0 252 3 3
295442 0 252 3 1
295445 0 252 3 1
319654 0 252 3 3
332372 0 252 3 1
332375 0 252 3 1
332376 0 252 3 1
332945 0 252 3 0
332946 0 252 3 0
332947 0 252 3 0
332948 0 252 3 0
554451 0 252 3 3
554452 0 252 3 3
554453 0 252 3 3
81638 0 253 3 1
81721 1 253 3 1
81887 0 253 3 3
81888 0 253 3 3
295166 1 253 3 1
295785 0 253 3 0
296176 0 253 3 1
296177 0 253 3 1
296335 0 253 3 1
296338 0 253 3 1
319651 0 253 3 3
319653 0 253 3 3
416170 0 253 3 1
416862 0 253 3 1
416865 0 253 3 1
416863 0 253 3 3
417005 0 253 3 3
417008 0 253 3 3
18097 0 254 3 3
18737 1 254 3 1
22346 1 254 3 1
22348 1 254 3 1
55128 0 254 3 3
81152 0 254 3 1
81503 0 254 3 1
81890 0 254 3 3
81891 0 254 3 3
125990 0 254 3 1
126618 0 254 3 2
126621 0 254 3 2
126657 0 254 3 1
126662 0 254 3 1
295625 0 254 3 1
416357 0 254 3 1
416871 0 254 3 1
82070 0 255 3 1
82071 0 255 3 1
126179 1 255 3 1
126215 0 255 3 2
126637 0 255 3 1
126640 0 255 3 1
415865 0 255 3 1
416869 0 255 3 3
416872 0 255 3 3
18814 0 256 3 3
81637 0 256 3 1
82271 0 256 3 1
82272 0 256 3 1
295257 0 256 3 0
332372 0 256 3 3
359143 0 256 3 4
22346 0 257 3 1
82277 1 257 3 2
125104 0 257 3 1
362140 0 257 3 3
18231 1 258 3 1
18232 1 258 3 1
81032 0 258 3 2
81149 0 258 3 1
82269 0 258 3 3
82270 0 258 3 3
82271 0 258 3 3
82288 1 258 3 1
82291 1 258 3 1
125435 0 258 3 1
125438 0 258 3 1
125439 0 258 3 1
18230 1 259 3 1
18232 1 259 3 1
18233 1 259 3 1
81149 0 259 3 1
125275 0 259 3 1
125989 0 259 3 3
295624 0 259 3 3
81180 0 260 3 1
81267 1 260 3 1
126535 0 260 3 1
126536 0 260 3 1
126538 0 260 3 1
332372 1 260 3 1
332376 1 260 3 1
82224 1 261 3 1
126637 0 261 3 3
174421 0 261 3 3
296167 0 261 3 3
348740 0 261 3 2
348741 0 261 3 2
82561 0 262 3 3
82587 1 262 3 0
82589 1 262 3 0
126637 0 262 3 3
231077 0 262 3 3
295348 0 262 3 3
295352 0 262 3 3
339104 0 262 3 3
416360 0 262 3 3
18230 0 263 3 3
18231 0 263 3 3
81120 0 263 3 1
81122 0 263 3 1
126095 0 263 3 1
17897 0 264 3 1
81172 0 264 3 3
126567 0 264 3 1
126568 0 264 3 1
554452 1 264 3 3
21560 0 265 3 1
359925 0 266 3 1
359926 0 266 3 1
81274 0 267 3 1
125487 0 267 3 1
125491 0 267 3 1
295634 0 267 3 1
295638 0 267 3 1
81664 0 268 3 3
81665 0 268 3 3
81668 0 268 3 3
81669 0 268 3 3
117879 0 268 3 3
125052 1 268 3 4
125489 1 268 3 1
125865 0 268 3 0
125869 0 268 3 0
415872 0 268 3 3
416315 0 268 3 1
416318 0 268 3 1
81274 1 269 3 3
81275 1 269 3 3
126564 0 269 3 1
240442 0 269 3 3
295315 0 269 3 3
295316 0 269 3 3
295681 0 269 3 1
124944 0 270 3 1
124945 0 270 3 1
125435 0 270 3 3
125437 0 270 3 3
125683 0 270 3 1
295054 0 270 3 1
295056 0 270 3 1
295057 0 270 3 1
417284 0 270 3 1
417286 0 270 3 1
18709 0 271 3 1
18733 0 271 3 2
67578 0 271 3 3
68718 0 272 3 2
82587 0 272 3 2
126198 0 272 3 1
126200 0 272 3 1
199022 0 272 3 4
295924 0 272 3 1
295926 0 272 3 1
416281 0 272 3 1
416283 0 272 3 1
81251 0 273 3 1
138174 0 273 3 3
293329 1 273 3 1
293331 1 273 3 1
32792 0 274 3 3
32794 0 274 3 3
50165 0 274 3 3
50168 0 274 3 3
112771 1 274 3 0
112772 1 274 3 0
112773 1 274 3 0
125190 0 274 3 4
126467 1 274 3 1
126471 1 274 3 1
126478 0 274 3 1
126793 0 274 3 1
126795 0 274 3 1
295448 0 274 3 1
295589 0 274 3 1
295592 0 274 3 1
125128 0 275 3 1
240442 0 275 3 1
240444 0 275 3 1
240446 0 275 3 1
295588 0 275 3 1
295592 0 275 3 1
296584 0 275 3 1
296749 1 275 3 1
296751 1 275 3 1
415720 0 275 3 1
416033 1 275 3 1
416034 1 275 3 1
81256 0 276 3 3
112628 1 276 3 0
138169 0 276 3 3
330669 0 277 3 3
32795 0 278 3 1
126202 1 278 3 1
295910 1 278 3 0
295913 1 278 3 0
296584 0 278 3 3
125256 1 279 3 1
125259 1 279 3 1
125262 1 279 3 1
126190 0 280 3 3
239886 1 280 3 1
239890 1 280 3 1
295193 0 280 3 3
415719 0 280 3 3
415721 0 280 3 3
81874 0 281 3 3
81875 0 281 3 3
125333 0 281 3 1
125336 0 281 3 1
239324 0 281 3 1
239886 0 281 3 3
239887 0 281 3 3
239888 0 281 3 3
419219 0 281 3 3
82127 0 282 3 1
126188 0 282 3 2
126190 0 282 3 2
239887 0 282 3 1
239890 0 282 3 1
239891 0 282 3 1
296491 0 282 3 3
223881 0 283 3 2
317695 0 283 3 2
415754 0 283 3 1
415755 0 283 3 1
415758 0 283 3 1
126189 0 284 3 2
126191 0 284 3 2
126192 0 284 3 2
239885 0 284 3 1
240414 0 284 3 1
296492 0 284 3 3
296493 0 284 3 3
296495 0 284 3 3
415661 0 284 3 1
415663 0 284 3 1
239174 0 285 3 1
239837 0 285 3 1
416490 0 285 3 1
416961 0 285 3 1
416965 0 285 3 1
126194 0 286 3 3
408557 0 286 3 3
408558 0 286 3 3
415718 0 286 3 1
415723 0 286 3 1
416488 0 286 3 1
416607 0 286 3 1
416608 0 286 3 1
240156 0 287 3 1
240797 0 287 3 2
82531 1 288 3 1
239138 0 288 3 1
239140 0 288 3 1
240414 0 288 3 1
240416 0 288 3 1
295661 0 288 3 3
296698 0 288 3 1
415707 1 288 3 1
416275 0 288 3 1
416976 0 288 3 1
104305 1 289 3 1
104307 1 289 3 1
104308 1 289 3 1
126130 1 289 3 1
239725 0 289 3 1
240776 1 289 3 1
416218 0 289 3 1
416220 0 289 3 1
416493 0 289 3 4
416494 0 289 3 4
416664 1 289 3 1
29389 0 290 3 3
29390 0 290 3 3
29392 0 290 3 3
125265 0 290 3 2
125266 0 290 3 2
239626 0 290 3 2
239867 0 290 3 3
240518 0 290 3 1
415661 1 290 3 3
416950 0 290 3 1
29389 0 291 3 2
29395 0 291 3 2
99694 0 291 3 2
126131 1 291 3 1
222902 0 291 3 4
222903 0 291 3 4
240083 1 291 3 1
240412 0 291 3 1
240415 0 291 3 1
240412 0 291 3 3
240415 0 291 3 3
415812 0 291 3 3
29390 0 292 3 3
29391 0 292 3 3
239192 0 292 3 1
239193 0 292 3 1
240083 0 292 3 1
240300 0 292 3 1
240303 0 292 3 1
240518 1 292 3 1
240521 1 292 3 1
295488 0 292 3 1
295492 0 292 3 1
416273 0 292 3 3
416276 0 292 3 3
416432 0 292 3 4
416748 0 292 3 1
416751 0 292 3 1
416753 0 292 3 1
8236 0 293 3 3
106339 0 293 3 1
106341 0 293 3 1
295489 0 293 3 1
296018 0 293 3 2
239461 1 294 3 2
416861 0 294 3 3
125387 1 295 3 1
125391 1 295 3 1
239232 0 295 3 1
240519 1 295 3 1
240521 1 295 3 1
240522 1 295 3 1
125387 1 296 3 1
125391 1 296 3 1
239907 1 296 3 1
242426 0 296 3 3
532334 0 297 3 3
11616 0 298 3 1
11618 0 298 3 1
125446 0 298 3 1
125448 0 298 3 1
527154 1 298 3 3
239800 0 299 3 1
281381 0 299 3 4
295109 0 299 3 2
11366 0 300 3 1
11368 0 300 3 1
125979 0 300 3 3
239540 0 300 3 1
84546 1 303 3 3
84547 1 303 3 3
104315 1 303 3 1
104318 1 303 3 1
104404 0 303 3 1
104406 0 303 3 1
240211 0 303 3 1
240246 0 303 3 1
240247 0 303 3 1
240248 0 303 3 1
307570 0 303 3 3
11616 0 304 3 3
11620 0 304 3 3
176079 0 304 3 3
239917 1 304 3 1
239919 1 304 3 1
11619 0 305 3 1
104792 1 305 3 1
104794 1 305 3 1
238947 0 305 3 3
240242 0 305 3 1
240360 0 305 3 1
240362 0 305 3 1
240363 0 305 3 1
240587 1 305 3 1
125802 0 306 3 1
125804 0 306 3 1
239201 1 306 3 1
239202 1 306 3 1
435095 0 306 3 3
12600 1 307 3 1
240372 0 307 3 1
282680 0 307 3 3
238949 0 308 3 1
239938 0 308 3 1
239939 0 308 3 1
530714 0 308 3 3
239199 0 309 3 3
11941 1 310 3 3
87543 0 310 3 3
230389 0 310 3 3
125800 1 311 3 1
11674 0 312 3 1
239937 0 312 3 3
106081 0 313 3 2
106084 0 313 3 2
11673 1 315 3 1
12630 0 315 3 1
240374 0 315 3 3
11458 0 317 3 1
11459 0 317 3 1
11709 0 318 3 1
12062 0 318 3 1
12063 0 318 3 1
88432 0 319 3 3
409382 0 319 3 3
409384 0 319 3 3
11218 0 320 3 1
11460 1 320 3 1
11461 1 320 3 1
11462 1 320 3 1
12060 0 320 3 3
541050 1 320 3 3
11707 0 321 3 2
12310 0 321 3 1
477336 0 321 3 3
11729 0 322 3 3
11731 0 322 3 3
11814 0 322 3 1
11816 0 322 3 1
11730 0 323 3 1
12150 0 324 3 1
12153 0 324 3 1
12310 0 324 3 1
114066 0 324 3 2
328271 0 324 3 3
12808 0 325 3 1
12810 0 325 3 1
12811 0 325 3 1
553977 1 325 3 1
560305 0 326 3 3
560307 0 326 3 3
11731 1 327 3 0
12809 0 334 3 1
12811 0 334 3 1
12799 0 335 3 1
11969 1 339 3 3
11970 1 339 3 3
118674 0 339 3 3
12797 0 341 3 0
12799 0 341 3 0
