147623 7
147626 7
478643 7
478645 7
277066 8
457048 8
34701 10
333113 10
478644 10
478646 10
477443 11
477444 11
33515 12
477548 13
537678 13
537679 13
537681 13
34858 14
333428 14
333430 14
333433 14
550299 14
263974 15
263977 15
478738 15
478741 15
34409 16
34410 16
34597 16
331820 16
34965 17
263972 17
263975 17
263976 17
333161 17
333175 17
333179 17
331821 18
332241 18
332571 18
332572 18
332700 18
333174 18
333178 18
537682 18
263978 20
331775 20
333177 20
8873 21
8877 21
34785 21
34790 21
333381 21
333386 21
263858 22
263859 22
332698 22
332700 22
333376 22
333378 22
333379 22
331776 23
331777 23
393978 23
74158 24
333130 24
403316 24
332121 25
332802 25
333380 25
263982 26
263984 26
333384 26
263855 27
551758 28
263862 29
263990 29
264912 29
333383 29
333386 29
74535 30
263381 30
263382 30
263385 30
264180 30
264181 30
212246 31
212247 31
212249 31
261419 31
333278 31
341890 31
523646 31
33869 32
264401 32
307127 32
370246 32
341888 33
551752 33
551753 33
34672 34
34908 34
34909 34
264506 34
333429 34
542708 34
542709 34
542710 34
212246 35
258865 35
34411 36
260631 36
264721 36
332008 36
332193 36
35284 37
35285 37
74129 37
262967 37
262969 37
263022 37
543025 37
550770 37
34287 38
34289 38
73688 38
73824 38
73826 38
264628 38
264716 38
264719 38
453577 38
33742 39
33743 39
73306 39
74630 39
74631 39
74633 39
259280 39
264999 39
265004 39
34833 40
34834 40
34836 40
34945 40
34946 40
74812 40
74814 40
258863 40
332007 40
332009 40
74816 41
74817 41
263420 41
263423 41
263424 41
332618 41
544167 41
73566 42
73567 42
73568 42
73570 42
74973 42
74974 42
543373 42
543375 42
543377 42
73690 43
263493 43
34815 44
263020 44
263783 44
263785 44
542771 44
542774 44
35192 45
263380 45
263381 45
263385 45
264140 45
264142 45
76815 46
262966 46
263491 46
263494 46
32058 47
33559 47
263828 47
263832 47
53101 48
53102 48
73430 48
73432 48
73439 48
263793 48
263794 48
263798 48
263997 48
263998 48
263999 48
264340 48
264342 48
264345 48
543141 48
543143 48
543145 48
98833 49
263718 49
263721 49
264825 49
543683 49
74030 50
74032 50
263483 50
263484 50
264226 50
264441 50
264443 50
29668 51
264343 51
264344 51
73491 52
264710 52
387847 52
544182 52
544183 52
264232 53
510134 53
560226 53
262890 54
263832 54
264826 54
264827 54
264828 54
263044 55
263045 55
426770 55
263811 56
263812 56
263793 57
552128 58
552131 58
263231 59
264977 59
264978 59
263864 60
263866 60
560233 60
359680 61
359681 61
359683 61
438 62
560232 63
441 64
263804 65
263784 69
263786 69
264056 69
264058 69
560546 69
8334 70
559111 70
732 71
445734 72
559014 74
138890 75
559009 81
559011 81
433326 83
433327 83
433330 89
433038 92
387386 93
387388 93
433135 93
433048 94
433041 95
432760 98
432761 98
432764 98
433551 108
253321 113
432824 115
432825 115
556963 116
493280 117
433679 123
362698 124
362699 124
150897 127
322337 130
362702 130
362703 130
432640 130
364023 134
364025 134
364027 134
432640 134
95243 135
95244 135
95246 135
431776 136
362953 137
362954 137
412182 139
364314 143
364316 143
411182 143
411183 143
411184 143
411185 143
95278 144
74378 145
336665 145
95049 146
95051 146
410683 146
410686 146
96015 147
96296 147
411481 147
411482 147
96050 148
96051 148
96053 148
363269 149
95567 150
252250 150
364333 150
95215 151
95216 151
95219 151
95388 151
96295 151
364381 151
411479 151
411482 151
412850 151
94963 152
94964 152
95717 152
95871 152
95873 152
96016 152
96049 152
96051 152
96054 152
73586 153
95218 153
95306 153
96053 153
96465 153
96467 153
95941 154
96166 154
364808 154
364811 154
95270 155
95471 155
96013 155
96014 155
96015 155
95216 156
95925 156
96276 157
96278 157
96481 157
96486 157
96491 157
246578 157
411480 157
411481 157
411482 157
411483 157
411485 157
95392 158
95631 158
95634 158
96429 158
96477 158
96479 158
96480 158
95304 159
95399 159
95799 159
95937 159
182228 159
182229 159
246575 159
95393 160
95397 160
95398 160
96449 160
96498 160
96501 160
245182 160
245185 160
20336 161
95395 161
95629 161
95632 161
182384 161
182385 161
182388 161
94808 162
95511 162
165102 162
165105 162
246577 162
94950 163
95764 163
96031 163
96500 163
245286 163
245287 163
245288 163
245289 163
246578 163
246624 163
246625 163
364809 163
364811 163
25363 164
94374 164
94375 164
95512 164
95513 164
95515 164
95683 164
95687 164
95963 164
95964 164
95969 164
290553 164
290556 164
94379 165
244992 165
244993 165
353487 165
353488 165
25364 166
95704 166
95706 166
95367 167
95661 167
95663 167
95688 167
95689 167
293206 167
548890 167
95284 168
95285 168
95355 168
95685 168
95746 168
95748 168
96284 168
96285 168
290993 168
290994 168
89786 169
89789 169
95065 169
95687 170
20416 171
20417 171
69389 171
291296 171
291297 171
291298 171
94997 172
94998 172
96421 172
96422 172
96423 172
293150 172
458895 172
96386 173
96387 173
94927 174
94928 174
96095 174
96209 174
96210 174
290758 174
291926 174
291930 174
291931 174
95737 176
290865 176
291927 176
5125 177
5126 177
5128 177
95773 177
95774 177
95813 177
96309 177
96310 177
96311 177
291288 177
93549 178
93552 178
95019 178
96216 178
96218 178
96249 178
93733 179
93736 179
290910 179
93732 180
93734 180
95024 180
95025 180
96313 180
96310 181
5125 182
95567 182
96312 182
93553 183
291245 183
292656 183
94480 184
94525 184
94527 184
96377 184
290744 184
291338 185
292183 185
519937 185
95715 186
93072 187
290415 187
290861 187
94525 188
94526 188
292319 188
95187 189
242675 189
94867 190
135905 190
135906 190
92937 191
92938 191
92941 191
93486 191
93487 191
93490 191
94699 191
94702 191
290975 191
291643 191
291942 191
292180 191
292181 191
292183 191
291198 192
291199 192
292319 192
292320 192
93437 194
148958 194
148961 194
148963 194
290343 195
5006 196
5008 196
91382 196
291641 196
5083 197
93724 197
93726 197
93381 198
94097 198
94098 198
290339 198
290340 198
290342 198
290344 198
149232 199
291677 199
292811 199
292812 199
292814 199
24789 201
27148 201
27150 201
27154 201
88770 201
290766 201
94096 203
67244 204
67247 204
27148 207
27151 207
93178 208
93180 209
93183 209
94524 209
94413 211
93182 212
93779 213
93231 215
92958 216
93781 216
336981 216
92957 219
8474 223
8475 223
94076 223
94079 223
9119 224
9124 224
94731 224
8254 225
7934 226
7907 227
8207 228
9120 228
9122 228
7906 229
8629 229
93253 230
94502 230
8822 231
94588 233
94589 233
94591 233
92965 234
92969 234
8371 235
8408 235
8567 235
8405 237
143805 237
143806 237
7480 238
7732 239
7733 239
7856 239
7858 239
8368 239
8369 239
8406 240
8407 240
9030 240
299180 240
299182 240
7482 241
7854 241
135594 241
92964 242
7855 243
93493 243
547794 243
547795 243
547799 243
7977 244
8218 244
8219 244
7933 245
8217 246
290997 246
8491 248
8493 248
8192 249
7795 250
343470 250
9185 251
7869 256
8249 259
393118 260
550809 264
550810 264
550811 265
8172 267
550808 270
550809 270
550812 270
7625 271
8919 271
7447 275
550806 275
550811 275
551173 279
551196 281
551197 281
550247 282
551685 283
551169 284
556043 286
