66328 0 4 5 3
66329 0 4 5 3
274674 0 4 5 1
282809 0 5 5 3
226453 0 6 5 3
115778 0 7 5 1
274670 0 7 5 3
274673 0 7 5 3
420750 0 7 5 1
448229 0 8 5 3
115776 0 10 5 3
117368 0 11 5 1
117363 1 12 5 0
117366 1 12 5 0
449477 0 14 5 1
116480 0 18 5 1
449004 0 19 5 1
116477 0 22 5 1
116480 0 22 5 1
116476 0 23 5 1
448971 1 23 5 1
449354 1 23 5 1
449357 1 23 5 1
116928 1 24 5 1
448256 0 24 5 1
448259 0 24 5 1
449353 0 25 5 3
449697 0 25 5 1
449698 0 25 5 1
116758 0 26 5 1
116760 0 26 5 1
116761 0 26 5 1
116979 0 26 5 1
449336 0 26 5 2
449731 0 26 5 1
116480 0 27 5 3
448179 0 27 5 1
448180 0 27 5 1
448182 0 27 5 1
448971 1 27 5 1
116757 0 28 5 1
116760 0 28 5 1
448934 1 29 5 1
116515 0 30 5 1
116517 0 30 5 1
116806 0 30 5 4
448439 0 30 5 3
448440 0 30 5 3
448757 1 30 5 1
448758 1 30 5 1
448256 1 31 5 1
448258 1 31 5 1
448313 1 31 5 1
448316 1 31 5 1
448404 0 31 5 3
449114 0 31 5 1
449115 0 31 5 1
449939 0 32 5 1
449940 0 32 5 1
449941 0 32 5 1
448443 0 33 5 1
404861 0 34 5 3
448309 1 34 5 1
448310 1 34 5 1
449931 1 34 5 1
116260 0 35 5 1
116261 0 35 5 1
116265 0 35 5 1
267103 0 35 5 1
267104 0 35 5 1
117571 0 38 5 4
338705 0 39 5 3
338707 0 39 5 3
448974 0 39 5 1
448975 0 39 5 1
448977 0 39 5 1
116146 0 40 5 3
117164 0 40 5 1
267101 0 40 5 1
267104 0 40 5 1
337439 0 40 5 1
337442 0 40 5 1
337443 0 40 5 1
267103 1 41 5 3
117128 0 42 5 1
427931 1 42 5 2
427934 1 42 5 2
117235 0 43 5 1
117584 0 43 5 1
117588 0 43 5 1
337062 0 43 5 1
448603 0 43 5 1
448604 0 43 5 1
448976 0 43 5 0
448977 0 43 5 0
117173 0 44 5 2
337216 0 44 5 0
448166 0 44 5 3
448168 0 44 5 3
116371 0 45 5 1
116373 0 45 5 1
117234 0 45 5 3
117236 0 45 5 3
117237 0 45 5 3
117585 0 45 5 0
117588 0 45 5 0
448674 0 45 5 1
117522 0 46 5 1
117523 0 46 5 1
429644 0 46 5 3
116352 0 47 5 1
116353 0 47 5 1
117232 0 47 5 3
117233 0 47 5 3
117235 0 47 5 3
338803 0 47 5 1
428952 0 47 5 1
448354 0 47 5 1
448355 0 47 5 1
116791 0 48 5 3
116794 0 48 5 3
337341 0 48 5 0
115765 0 49 5 3
429136 1 49 5 1
448262 0 49 5 3
338417 0 50 5 3
338419 0 50 5 3
409466 1 50 5 3
428895 1 50 5 1
428896 1 50 5 1
428898 1 50 5 1
429134 0 50 5 3
429135 0 50 5 3
429226 1 50 5 1
429227 1 50 5 1
429230 1 50 5 1
429231 1 50 5 1
448353 0 50 5 1
448355 0 50 5 1
337103 0 51 5 3
409466 0 51 5 3
409467 0 51 5 3
429255 0 51 5 1
429723 0 51 5 1
429724 0 51 5 1
338105 0 52 5 1
338802 0 52 5 3
428497 0 52 5 1
428498 0 52 5 1
295941 0 53 5 3
312518 0 53 5 3
336941 0 53 5 1
338694 1 53 5 1
428895 0 53 5 3
428897 0 53 5 3
428898 0 53 5 3
429137 0 53 5 4
429219 0 53 5 1
483055 0 53 5 1
483058 0 53 5 1
116171 0 54 5 1
116175 0 54 5 1
295965 0 54 5 3
296149 1 55 5 3
429228 0 55 5 1
429230 0 55 5 1
429231 0 55 5 1
51838 0 56 5 3
428498 0 56 5 1
428499 0 56 5 1
483521 0 56 5 1
483523 0 56 5 1
483524 0 56 5 1
337547 0 57 5 1
380623 0 57 5 0
449654 1 57 5 1
449658 1 57 5 1
484627 0 57 5 1
484628 0 57 5 1
448276 0 59 5 1
448278 0 59 5 1
449655 0 59 5 1
449657 0 59 5 1
449658 0 59 5 1
405037 0 60 5 3
449645 1 60 5 1
449647 1 60 5 1
449648 1 60 5 1
449651 1 60 5 1
449737 0 60 5 2
484097 1 60 5 1
380619 0 62 5 1
429226 0 62 5 1
429229 0 62 5 1
429231 0 62 5 1
449168 0 62 5 1
449170 0 62 5 1
449171 0 62 5 1
337568 0 63 5 1
337569 0 63 5 1
337571 0 63 5 1
337574 0 63 5 1
483968 1 63 5 3
483969 1 63 5 3
483970 0 63 5 3
337978 0 64 5 3
337979 0 64 5 3
337983 0 64 5 3
338203 0 64 5 1
338204 0 64 5 1
338343 0 64 5 1
448276 0 64 5 0
448278 0 64 5 0
448427 0 64 5 1
483968 0 64 5 1
483970 0 64 5 1
405035 0 65 5 1
405038 0 65 5 1
405039 0 65 5 1
405040 0 65 5 1
449367 0 65 5 3
277074 0 66 5 3
277075 0 66 5 3
277076 0 66 5 3
405040 0 66 5 1
429227 0 66 5 3
338502 0 67 5 1
483953 0 67 5 3
483954 0 67 5 3
448271 0 68 5 0
449969 0 68 5 1
449971 0 68 5 1
273979 1 69 5 2
273981 1 69 5 2
337979 1 69 5 0
337982 1 69 5 0
338430 0 69 5 1
338564 0 69 5 1
449296 0 69 5 0
449297 0 69 5 0
337508 0 70 5 1
405033 0 71 5 2
405034 0 71 5 2
449449 0 71 5 3
134353 0 72 5 3
337273 1 72 5 1
337979 0 72 5 3
337980 0 72 5 3
337984 0 72 5 3
338480 0 72 5 1
57153 0 73 5 3
117192 0 74 5 1
117195 0 74 5 1
337826 0 74 5 1
337827 0 74 5 1
337828 0 74 5 1
337830 0 74 5 1
405209 1 74 5 1
405213 1 74 5 1
483548 0 74 5 2
488671 1 74 5 3
488672 1 74 5 3
82648 0 75 5 0
82650 0 75 5 0
338190 0 75 5 3
338569 0 75 5 1
449267 1 75 5 1
338096 0 76 5 1
338099 0 76 5 1
379505 0 76 5 3
379507 0 76 5 3
117192 0 77 5 3
117193 0 77 5 3
338519 0 77 5 1
338521 0 77 5 1
406012 0 77 5 1
406431 0 77 5 1
406432 0 77 5 1
447587 0 77 5 1
338433 0 78 5 1
338519 0 78 5 3
338517 0 78 5 3
406201 0 78 5 1
406204 0 78 5 1
449271 1 78 5 1
116680 0 79 5 1
404936 0 79 5 1
116678 0 80 5 1
338622 1 80 5 3
405604 0 80 5 1
405981 0 80 5 3
405982 0 80 5 3
406200 0 80 5 3
406202 0 80 5 3
447143 1 80 5 1
406748 0 81 5 1
338535 0 82 5 1
404966 0 82 5 2
405981 0 82 5 1
405984 0 82 5 1
406703 0 82 5 1
406707 0 82 5 1
338332 0 83 5 1
338334 0 83 5 1
405644 0 84 5 1
405646 0 84 5 1
405647 0 84 5 1
406697 0 84 5 1
407897 0 84 5 3
338529 0 85 5 1
124644 0 86 5 3
405526 0 86 5 1
405838 0 86 5 1
406703 0 87 5 3
337261 0 88 5 1
337264 0 88 5 1
405642 0 88 5 1
405646 0 88 5 1
405647 0 88 5 1
406263 0 88 5 1
406266 0 88 5 1
338535 0 89 5 1
406034 1 89 5 1
406035 1 89 5 1
405836 0 90 5 3
117455 0 91 5 1
117457 0 91 5 1
405099 1 91 5 1
405101 1 91 5 1
117461 1 92 5 0
405204 0 92 5 2
405206 0 92 5 2
405486 0 92 5 1
405490 0 92 5 1
406262 0 92 5 1
337034 0 93 5 1
117456 0 94 5 1
117457 0 94 5 1
337635 0 94 5 1
405613 0 94 5 1
116094 0 95 5 3
405952 0 95 5 1
405954 0 95 5 1
406766 0 95 5 4
406780 0 95 5 1
550714 0 95 5 3
336897 1 96 5 1
336900 1 96 5 1
337796 0 96 5 3
338027 0 96 5 1
338028 0 96 5 1
405086 0 96 5 1
406670 0 96 5 1
551103 0 96 5 3
116022 0 97 5 2
116024 0 97 5 2
116346 0 97 5 1
336924 0 97 5 1
406578 0 97 5 1
337033 0 98 5 2
337037 0 98 5 2
337991 0 98 5 1
337993 0 98 5 1
405613 0 98 5 1
336909 0 99 5 1
336920 0 99 5 1
336924 0 99 5 1
336925 0 99 5 1
338392 0 99 5 1
405601 0 99 5 1
405604 0 99 5 1
405776 1 99 5 1
405779 1 99 5 1
337990 0 100 5 2
337993 0 100 5 2
406510 0 100 5 1
103971 0 101 5 3
337464 0 101 5 4
406576 0 101 5 1
551104 0 101 5 1
116716 0 102 5 1
117458 0 102 5 1
117459 0 102 5 1
336921 1 102 5 1
336922 1 102 5 1
336926 1 102 5 1
336924 0 102 5 3
338389 1 102 5 3
338390 1 102 5 3
406513 0 102 5 1
117243 0 103 5 1
117244 0 103 5 1
15820 0 104 5 3
406432 0 104 5 1
117458 0 105 5 2
117460 0 105 5 2
117463 0 105 5 2
337170 0 105 5 1
337171 0 105 5 1
15821 0 106 5 1
15822 0 106 5 1
15824 0 106 5 1
15825 0 106 5 1
336920 0 106 5 3
336923 0 106 5 3
336926 0 106 5 3
338729 0 106 5 3
337990 0 107 5 3
404933 0 107 5 1
404934 0 107 5 1
120716 0 109 5 3
337772 0 109 5 4
405002 0 109 5 1
404931 0 110 5 3
404932 0 110 5 3
120754 0 112 5 3
404919 0 112 5 1
405000 0 113 5 3
405241 0 113 5 0
405238 0 113 5 1
405510 1 114 5 0
405511 1 114 5 0
405512 1 114 5 0
405513 1 114 5 0
405807 0 114 5 1
209137 1 118 5 3
209136 0 119 5 3
209137 0 119 5 3
64368 0 120 5 3
64369 0 120 5 3
406137 0 120 5 1
406140 0 120 5 1
406141 0 120 5 1
64370 0 123 5 0
405939 0 123 5 3
405940 0 123 5 3
106712 1 124 5 1
106716 1 124 5 1
106714 0 126 5 1
106716 0 126 5 1
