401858 1 3 5 4
333188 1 4 5 0
333189 1 4 5 0
142272 0 6 5 1
453650 0 6 5 3
453652 0 6 5 3
430724 0 7 5 1
213791 0 9 5 3
397827 0 10 5 3
431119 0 10 5 1
431120 0 10 5 1
213789 0 12 5 2
213790 0 12 5 2
397814 0 13 5 1
454017 0 13 5 1
472356 1 14 5 2
143219 1 15 5 1
143224 1 15 5 1
397828 0 15 5 1
397830 0 15 5 1
397832 0 15 5 1
399681 0 15 5 3
454015 0 15 5 2
454018 0 15 5 2
454019 0 15 5 2
139676 0 17 5 3
139677 0 17 5 3
399534 1 17 5 1
399536 1 17 5 1
454019 0 17 5 3
399185 1 18 5 1
454016 0 18 5 3
454018 0 18 5 3
397832 0 19 5 0
452671 0 20 5 3
397521 0 21 5 1
397812 0 21 5 1
453948 0 21 5 4
454292 0 23 5 1
454293 0 23 5 1
454297 0 23 5 1
454295 1 24 5 1
454296 1 24 5 1
398913 1 25 5 1
454296 0 25 5 1
454754 1 25 5 1
454294 1 26 5 3
454949 0 26 5 1
453991 0 27 5 1
454390 0 27 5 1
454391 0 27 5 1
454393 0 27 5 1
454394 0 27 5 1
454704 0 27 5 3
454753 1 27 5 1
397131 0 28 5 1
454393 0 28 5 1
398397 1 29 5 1
399663 0 30 5 1
454909 0 30 5 1
42762 0 31 5 2
398043 0 31 5 1
398293 0 31 5 1
398617 0 32 5 1
398618 0 32 5 1
398620 0 32 5 1
398621 0 32 5 1
453619 0 32 5 3
453620 0 32 5 3
454837 0 32 5 0
454838 0 32 5 0
454839 0 32 5 0
454848 1 32 5 1
383966 0 33 5 3
397160 0 33 5 1
397224 0 33 5 1
454254 0 33 5 1
454255 0 33 5 1
454258 0 33 5 1
454259 0 33 5 1
398756 0 34 5 1
398956 1 34 5 1
398961 1 34 5 1
452908 1 34 5 1
453265 0 34 5 1
453266 0 34 5 1
453663 0 34 5 1
453998 0 34 5 0
454103 0 34 5 1
452733 0 35 5 1
452735 0 35 5 1
454908 0 35 5 1
398729 0 36 5 1
453988 0 36 5 3
397343 0 38 5 1
452893 0 38 5 1
452908 0 38 5 1
398687 0 39 5 1
453112 0 40 5 1
397205 0 41 5 1
397209 0 41 5 1
398400 0 41 5 1
398401 0 41 5 1
453961 0 41 5 2
399232 0 42 5 1
399233 0 42 5 1
453524 0 42 5 1
112062 0 43 5 3
454328 0 43 5 0
454690 0 43 5 1
454692 0 43 5 1
398805 0 44 5 1
398806 0 44 5 1
397175 0 45 5 2
398592 0 45 5 1
398595 0 45 5 1
398597 0 45 5 1
399230 0 45 5 3
399233 0 45 5 3
399569 0 45 5 1
399570 0 45 5 1
103720 1 46 5 3
397177 0 46 5 1
397485 1 46 5 1
181404 0 47 5 3
398869 0 47 5 1
399549 0 47 5 1
397319 0 48 5 1
397322 0 48 5 1
398608 0 48 5 1
398804 0 49 5 1
398807 0 49 5 1
59874 1 50 5 0
397203 0 50 5 3
397206 0 50 5 3
397209 0 50 5 3
397508 1 50 5 1
399169 0 50 5 1
452905 0 50 5 1
453796 0 50 5 1
398308 0 51 5 2
398832 0 51 5 1
398835 0 51 5 1
453799 0 51 5 1
453800 0 51 5 1
453856 0 51 5 1
453858 0 51 5 1
397426 0 52 5 1
397427 0 52 5 1
398074 0 52 5 1
453448 0 52 5 3
453452 0 52 5 3
453854 0 53 5 1
453855 0 53 5 1
453858 0 53 5 1
453853 0 53 5 3
453858 0 53 5 3
3005 1 54 5 3
3007 1 54 5 3
398331 0 55 5 1
398627 1 55 5 1
398833 1 55 5 1
398835 1 55 5 1
398959 0 55 5 1
398960 0 55 5 1
398999 0 55 5 3
398143 0 56 5 1
453705 0 56 5 1
397426 1 57 5 1
397855 0 57 5 0
397852 0 57 5 1
397945 0 57 5 1
398336 1 57 5 0
453138 0 57 5 1
397943 0 58 5 1
397944 0 58 5 1
398030 0 58 5 1
398049 0 58 5 1
398329 0 58 5 3
398332 0 58 5 3
398961 1 58 5 1
453639 1 58 5 1
453641 1 58 5 1
3004 1 59 5 1
3005 1 59 5 1
3007 1 59 5 1
397526 0 59 5 3
398194 1 59 5 3
398197 1 59 5 3
399640 0 59 5 0
453448 0 59 5 4
453707 1 59 5 1
453798 0 59 5 0
453857 0 59 5 2
3007 1 60 5 0
397575 0 60 5 1
397857 1 60 5 1
398210 0 60 5 1
398211 0 60 5 1
453641 0 60 5 3
397195 0 61 5 0
397614 1 61 5 1
398226 0 61 5 1
398296 0 61 5 1
452736 0 61 5 1
238644 0 62 5 2
288405 0 62 5 3
397191 0 62 5 2
397192 0 62 5 2
397193 0 62 5 2
397194 0 62 5 2
397744 0 62 5 0
397746 0 62 5 0
398347 0 62 5 1
398348 0 62 5 1
398843 1 62 5 1
398960 1 62 5 1
399024 1 62 5 1
452587 0 62 5 1
452589 0 62 5 1
67591 0 63 5 2
397121 0 63 5 0
397402 0 63 5 3
398499 0 63 5 1
399657 0 63 5 1
399658 0 63 5 1
399659 0 63 5 1
453099 0 63 5 3
493033 0 63 5 3
397178 0 64 5 0
397473 0 64 5 1
397811 0 64 5 3
398431 0 64 5 1
398432 0 64 5 1
398499 0 64 5 1
399517 0 64 5 4
399518 0 64 5 4
452712 0 64 5 1
452714 0 64 5 1
452715 0 64 5 1
34846 1 65 5 4
397331 0 65 5 3
397333 0 65 5 3
397575 0 65 5 0
398298 0 65 5 3
399656 0 65 5 3
399657 0 65 5 3
67589 1 66 5 3
398569 0 66 5 1
398570 0 66 5 1
398573 0 66 5 1
452661 0 66 5 1
452662 0 66 5 1
1815 1 67 5 2
398114 1 67 5 3
399500 0 67 5 3
399518 0 67 5 3
399519 0 67 5 3
398612 0 68 5 1
452780 0 68 5 1
454661 0 68 5 1
454667 0 68 5 1
398280 0 69 5 1
452661 0 69 5 1
452663 0 69 5 1
399499 0 70 5 3
397854 0 71 5 3
454666 0 71 5 1
26621 0 72 5 3
453008 0 72 5 1
453010 0 72 5 1
454378 0 72 5 1
529177 0 73 5 1
210949 0 74 5 1
210951 0 74 5 1
399582 0 74 5 0
399584 0 74 5 0
453454 0 74 5 1
452778 0 75 5 0
452779 0 75 5 0
452780 0 75 5 0
483454 0 75 5 1
483456 0 75 5 1
210508 0 76 5 1
210509 0 76 5 1
397850 1 76 5 0
454463 1 76 5 1
454464 1 76 5 1
484729 0 76 5 0
529174 0 76 5 1
484471 0 77 5 0
210948 0 78 5 1
210952 0 78 5 1
483449 0 78 5 4
484475 0 78 5 3
484478 0 78 5 3
210387 0 79 5 1
527269 0 79 5 1
527270 0 79 5 1
30982 0 80 5 3
210555 1 80 5 1
210556 1 80 5 1
209784 0 81 5 1
483241 0 81 5 1
483244 0 81 5 1
484475 0 81 5 3
484479 0 81 5 3
528561 0 81 5 1
528563 0 81 5 1
27716 0 82 5 3
210419 1 82 5 1
483182 0 82 5 0
483184 0 82 5 0
483847 0 82 5 0
209742 1 83 5 1
209743 1 83 5 1
209932 1 83 5 1
209935 1 83 5 1
210469 0 83 5 1
483016 0 83 5 1
483020 0 83 5 1
209816 0 84 5 1
209926 0 84 5 1
209930 0 84 5 1
210387 0 84 5 3
483240 0 84 5 1
483244 0 84 5 1
484475 0 84 5 1
484476 0 84 5 1
27316 0 85 5 1
209933 0 85 5 1
209934 0 85 5 1
209935 0 85 5 1
452983 0 85 5 0
452984 0 85 5 0
483179 0 85 5 1
483180 0 85 5 1
483183 0 85 5 1
483180 0 85 5 1
483181 0 85 5 1
484476 0 85 5 1
484480 0 85 5 1
210604 0 86 5 1
482952 0 86 5 1
482954 0 86 5 1
482955 0 86 5 1
529112 0 86 5 1
209716 0 87 5 1
209717 0 87 5 1
27184 0 88 5 3
27307 0 88 5 1
27308 0 88 5 1
209790 0 88 5 1
209792 0 88 5 1
454049 0 88 5 0
483240 1 88 5 1
483242 1 88 5 1
483243 1 88 5 1
209951 1 89 5 1
287908 0 89 5 1
496760 0 89 5 0
496761 0 89 5 0
496763 0 89 5 0
210672 0 90 5 1
210681 0 90 5 0
244682 0 90 5 1
244683 0 90 5 1
345200 0 90 5 3
427748 0 90 5 3
427750 0 90 5 3
7582 0 91 5 2
210472 0 91 5 0
210473 0 91 5 0
210474 0 91 5 0
210820 0 91 5 1
496762 0 91 5 3
26967 1 92 5 1
209788 0 92 5 1
209792 0 92 5 1
209874 0 92 5 1
286323 0 92 5 3
286325 0 92 5 3
484225 1 92 5 3
209516 0 93 5 1
209518 0 93 5 1
209520 0 93 5 1
210262 1 93 5 1
210281 0 93 5 1
210285 0 93 5 1
211078 1 93 5 1
211079 1 93 5 1
211060 0 94 5 1
454050 0 94 5 0
527355 0 94 5 3
527356 0 94 5 3
209771 0 95 5 1
209773 0 95 5 1
210225 0 95 5 0
211117 0 95 5 1
153004 0 96 5 2
209652 0 96 5 1
210182 0 96 5 1
210455 0 96 5 3
209515 0 97 5 3
209516 0 97 5 3
209517 0 97 5 3
209520 0 97 5 3
209916 0 97 5 2
210512 1 97 5 0
210517 1 97 5 0
243872 0 97 5 1
209531 0 98 5 3
209534 0 98 5 3
209743 0 98 5 1
210800 0 98 5 2
210801 0 98 5 2
210820 0 98 5 3
209650 0 99 5 3
210275 0 99 5 0
210276 0 99 5 3
210668 0 99 5 3
210669 0 99 5 3
210671 0 99 5 3
210708 1 99 5 0
210709 1 99 5 0
210796 0 99 5 3
210798 0 99 5 3
288209 0 99 5 3
443935 0 99 5 3
443936 0 99 5 3
209506 0 100 5 3
209763 0 100 5 1
210035 0 100 5 3
210037 0 100 5 3
210152 1 100 5 1
210182 0 100 5 2
244209 0 100 5 2
209786 0 101 5 4
210183 0 101 5 3
210184 0 101 5 3
210469 0 101 5 1
210512 1 101 5 2
210513 1 101 5 2
210514 1 101 5 2
210515 1 101 5 2
244211 0 101 5 0
152023 0 102 5 3
210910 0 102 5 1
244224 0 102 5 1
210279 0 103 5 2
210464 1 104 5 1
210465 1 104 5 1
210469 1 104 5 1
287578 1 104 5 1
287579 1 104 5 1
288003 0 104 5 1
288002 1 104 5 1
210554 0 105 5 0
210556 0 105 5 0
256821 0 105 5 2
287285 0 105 5 1
211014 1 106 5 1
357711 0 107 5 4
381460 0 107 5 3
209687 0 108 5 3
209981 0 108 5 1
210184 1 108 5 1
210185 1 108 5 1
286971 0 108 5 2
207711 0 109 5 4
209847 0 109 5 1
209851 0 109 5 1
209984 0 109 5 3
256819 0 109 5 0
287285 1 109 5 1
244781 0 110 5 3
287278 0 110 5 2
287281 0 110 5 2
287285 0 110 5 1
107582 0 111 5 3
287668 0 111 5 1
287669 0 111 5 1
288088 0 111 5 3
288089 0 111 5 3
209852 0 114 5 3
244961 0 114 5 1
114862 0 115 5 3
210143 0 115 5 3
210144 0 115 5 3
243854 0 115 5 3
244236 0 115 5 3
255247 0 115 5 2
255250 0 115 5 2
209545 1 116 5 1
209548 1 116 5 1
168109 0 117 5 3
286418 1 117 5 0
287211 1 118 5 1
287212 1 118 5 1
286371 0 119 5 0
286374 0 119 5 0
286375 0 119 5 0
286373 0 119 5 3
286374 0 119 5 3
286433 1 122 5 1
37273 0 123 5 2
258097 1 127 5 0
34846 1 321 5 4
