243138 9
243139 9
344762 9
244406 10
291619 10
291621 10
334391 10
538176 11
244263 12
291615 12
291616 12
292524 12
292528 12
292530 12
300200 12
34337 14
35009 14
548891 14
115941 15
300199 15
445805 17
32127 18
34139 20
115744 20
417749 21
417752 21
243063 24
420744 24
420747 24
417728 30
417730 30
417734 30
419050 30
243142 35
243144 35
243145 35
544399 39
417588 40
417589 40
543698 42
543702 42
544393 42
544396 42
544397 42
543810 43
543812 43
54886 45
544071 45
544069 47
544169 47
543920 48
543921 48
54881 50
54882 50
543354 50
97184 51
255447 52
255449 52
54877 53
54878 53
54879 53
97415 55
125378 58
