24656 0 6 6 4 0
64554 1 3 6 3 0
65406 0 6 6 1 0
85250 0 6 6 3 0
94179 0 6 6 3 0
147642 0 6 6 3 1
215741 1 3 6 3 0
228248 1 3 6 0 0
232932 0 6 6 3 0
274808 1 4 6 0 0
292547 0 6 6 1 0
296025 0 6 6 2 0
297368 0 6 6 3 0
319748 1 3 6 0 0
360872 1 3 6 3 0
435455 0 6 6 1 0
448799 0 6 6 2 1
475493 1 2 6 3 0
530501 1 3 6 0 0
534187 0 6 6 3 0
93402 0 6 7 3 1
232930 0 6 7 1 0
292213 0 6 7 1 0
78422 1 4 8 3 0
227935 0 6 8 0 0
290406 1 2 8 1 0
429858 0 6 8 2 0
291009 0 6 9 1 0
292546 0 6 9 1 0
435523 1 5 9 1 0
65409 0 6 10 3 0
274810 0 6 10 3 0
289324 0 6 10 3 0
290505 0 6 10 1 0
292550 1 3 10 3 0
293019 0 6 10 1 0
429860 0 6 10 3 1
474802 0 6 10 3 0
85247 0 6 11 4 0
227934 1 3 11 0 0
290401 1 4 12 1 0
292548 1 3 12 1 0
435456 0 6 12 1 0
491675 1 4 12 3 0
17738 0 6 13 3 1
85415 1 3 13 1 0
205495 1 3 13 2 1
290404 1 4 13 3 1
290408 0 6 13 3 0
292058 1 4 13 1 0
292335 0 6 13 1 0
292517 0 6 13 1 0
293070 0 6 13 1 0
292330 1 4 14 0 0
292549 1 3 14 3 0
292723 1 5 14 3 0
85417 0 6 15 1 0
290563 1 4 15 1 0
291039 0 6 15 1 0
292060 1 4 15 3 0
292073 1 2 15 1 0
292491 0 6 15 1 0
292518 1 3 15 3 0
431003 0 6 15 4 1
434099 0 6 15 3 1
435528 0 6 15 3 1
491669 1 3 15 2 0
85416 0 6 16 1 0
290402 1 4 16 2 1
290403 0 6 16 2 0
290407 1 4 16 3 0
290562 0 6 16 1 0
292626 1 3 16 1 0
293073 1 2 16 4 0
84696 0 6 17 1 0
84870 1 5 17 1 0
290398 1 4 17 0 0
291902 1 3 17 1 0
292331 0 6 17 2 0
292333 1 4 17 1 0
292516 0 6 17 1 0
292544 0 6 17 1 0
324621 1 3 17 3 0
291628 1 3 18 1 0
292332 1 4 18 0 0
434100 0 6 18 4 0
84444 0 6 19 1 0
84576 1 3 19 3 0
84699 1 2 19 3 1
290399 0 6 19 1 0
290433 1 3 19 1 0
290561 0 6 19 0 0
290616 1 3 19 4 0
291630 0 6 19 3 0
292071 0 6 19 1 0
292382 1 4 19 1 0
292519 1 3 19 3 0
292569 0 6 19 1 0
292970 0 6 19 3 1
293141 0 6 19 1 0
84871 0 6 20 2 0
85068 0 6 20 1 0
85921 0 6 20 1 0
290400 1 3 20 1 0
291295 1 3 20 1 0
292184 1 3 20 1 0
292492 0 6 20 1 0
292612 0 6 20 1 0
292629 0 6 20 3 0
491668 1 4 20 2 0
72045 0 6 21 4 1
84653 0 6 21 1 1
85852 1 4 21 1 0
271958 1 3 21 3 0
280148 0 6 21 3 0
291995 1 3 21 1 0
293118 1 3 21 1 0
324619 1 2 21 1 0
84561 1 3 22 1 0
290283 1 3 22 1 0
290300 0 6 22 1 0
291271 1 3 22 1 1
292336 1 3 22 3 0
292384 1 3 22 3 0
292570 0 6 22 1 0
293187 0 6 22 1 0
389521 0 6 22 4 0
72044 0 6 23 3 0
84872 0 6 23 2 0
107873 0 6 23 3 0
290295 1 4 23 3 0
290474 0 6 23 1 0
290558 0 6 23 3 0
290591 0 6 23 1 0
290995 1 3 23 1 0
292067 0 6 23 1 0
292217 0 6 23 0 0
292381 0 6 23 1 0
292575 0 6 23 4 0
505116 0 6 23 3 0
85058 0 6 24 1 0
85521 0 6 24 1 0
85912 0 6 24 1 0
271951 0 6 24 0 0
290409 1 2 24 3 0
290457 1 5 24 1 0
290463 0 6 24 3 0
290481 0 6 24 1 0
290637 0 6 24 0 0
291289 0 6 24 1 0
291296 1 3 24 3 1
291301 0 6 24 1 0
291518 0 6 24 1 0
292292 0 6 24 3 0
292380 0 6 24 0 0
292480 1 3 24 1 1
293117 1 3 24 1 0
293120 0 6 24 1 0
497980 0 6 24 3 0
34577 0 6 25 3 0
72910 1 3 25 1 0
85033 0 6 25 3 1
85348 0 6 25 1 0
85478 1 4 25 1 0
85888 1 4 25 1 0
287010 1 2 25 2 0
290378 1 3 25 1 0
290473 1 3 25 1 0
290486 0 6 25 3 0
290525 0 6 25 1 0
290578 0 6 25 1 0
290837 1 3 25 1 0
291207 0 6 25 1 0
292488 0 6 25 1 0
292653 1 3 25 4 0
293119 0 6 25 1 0
542464 0 6 25 3 0
552217 0 6 25 3 0
71538 0 6 26 1 0
85482 1 3 26 3 0
85702 1 3 26 1 0
85804 1 3 26 1 0
271950 0 6 26 0 0
290299 0 6 26 3 0
290460 1 3 26 4 0
291000 0 6 26 4 0
291290 0 6 26 1 0
292090 1 3 26 1 0
292383 0 6 26 3 0
292634 1 3 26 3 0
293044 0 6 26 4 1
72675 0 6 27 1 0
84477 0 6 27 4 0
84664 0 6 27 1 0
84669 1 4 27 1 0
84734 1 3 27 1 0
85125 0 6 27 4 1
167470 1 4 27 3 0
290302 1 3 27 3 0
290581 0 6 27 3 0
290601 1 3 27 4 1
290639 1 2 27 2 1
290999 0 6 27 3 0
291210 1 4 27 3 0
291435 1 2 27 1 0
291832 1 3 27 1 0
292207 0 6 27 1 0
292567 0 6 27 1 0
293122 0 6 27 3 1
482125 0 6 27 3 0
503433 0 6 27 3 1
72912 1 4 28 3 0
73127 1 2 28 1 0
84672 0 6 28 1 0
84818 0 6 28 1 1
84992 0 6 28 1 0
85216 0 6 28 1 0
85264 0 6 28 1 0
85299 0 6 28 1 0
85548 0 6 28 3 0
85839 0 6 28 1 0
167471 1 3 28 3 1
176663 0 6 28 3 0
287011 0 6 28 2 0
290528 0 6 28 3 0
290703 0 6 28 1 0
290817 1 3 28 1 0
291831 1 3 28 1 0
291833 0 6 28 3 0
292334 0 6 28 1 0
292592 0 6 28 1 0
402041 0 6 28 2 0
32787 0 6 29 3 0
72909 0 6 29 1 0
85059 1 3 29 1 0
85479 0 6 29 2 0
85700 0 6 29 0 0
85805 0 6 29 1 0
290462 0 6 29 1 0
290485 0 6 29 3 0
290527 1 4 29 3 1
290700 0 6 29 4 0
290732 1 3 29 1 0
291205 0 6 29 0 0
291878 0 6 29 3 0
292068 0 6 29 1 0
292439 0 6 29 1 0
292654 1 3 29 4 0
292812 0 6 29 1 0
293026 1 4 29 1 0
431906 1 4 29 3 1
504051 1 4 29 1 1
552861 1 3 29 3 1
52367 0 6 30 3 0
84530 0 6 30 4 0
84658 0 6 30 2 1
84674 1 1 30 3 0
85055 0 6 30 3 0
85164 0 6 30 1 0
85220 0 6 30 3 0
85283 1 5 30 4 1
85481 1 3 30 3 0
85701 0 6 30 1 0
85712 0 6 30 1 0
85803 1 2 30 1 0
290296 1 2 30 1 0
290476 0 6 30 3 0
290570 1 4 30 3 0
290638 1 3 30 0 0
290731 0 6 30 1 0
291117 0 6 30 1 0
291292 1 3 30 3 0
291432 0 6 30 2 0
291437 1 4 30 1 0
292337 1 4 30 3 0
324328 0 6 30 3 0
73785 1 4 31 2 0
77989 1 3 31 3 1
84461 1 4 31 1 0
84733 0 6 31 1 0
85030 1 3 31 0 0
85218 0 6 31 2 0
85703 0 6 31 3 0
85802 0 6 31 1 0
85909 1 2 31 1 0
105395 0 6 31 3 0
176660 0 6 31 1 0
290316 0 6 31 1 0
290456 1 3 31 1 0
290579 0 6 31 1 0
290818 1 3 31 2 0
290836 0 6 31 1 0
291467 0 6 31 1 0
291651 0 6 31 1 0
292209 0 6 31 1 0
292633 1 3 31 1 0
292635 0 6 31 3 0
292816 1 5 31 3 1
293193 0 6 31 4 1
298879 1 3 31 2 0
503006 0 6 31 1 0
71450 0 6 32 4 1
73786 0 6 32 2 0
84666 0 6 32 3 0
84671 1 3 32 1 0
84709 1 4 32 1 0
84736 1 3 32 3 1
84888 0 6 32 0 0
85203 0 6 32 1 0
85279 1 4 32 3 0
158589 0 6 32 2 0
290405 1 3 32 1 0
290453 0 6 32 1 0
290726 0 6 32 1 0
291119 0 6 32 3 0
291180 0 6 32 1 0
291291 0 6 32 3 0
291434 1 4 32 1 0
291436 0 6 32 1 0
291494 0 6 32 1 0
292584 1 3 32 4 1
292649 1 4 32 1 0
292780 1 5 32 1 0
292875 1 4 32 3 0
372692 0 6 32 3 0
503007 0 6 32 3 0
503181 1 3 32 1 0
552852 1 3 32 3 0
552855 0 6 32 3 0
72911 0 6 33 3 0
73128 0 6 33 1 0
84448 0 6 33 1 0
84450 0 6 33 1 0
84456 0 6 33 2 0
84708 1 3 33 2 0
84710 0 6 33 1 0
85550 0 6 33 1 0
290298 1 3 33 1 0
290524 1 4 33 1 0
290556 1 2 33 2 0
290711 0 6 33 1 0
290778 1 4 33 1 0
290898 1 3 33 2 0
290906 0 6 33 1 0
291120 1 3 33 3 0
291179 0 6 33 1 0
292069 1 3 33 3 0
292249 1 2 33 1 1
292270 0 6 33 1 0
292385 0 6 33 1 0
292580 1 4 33 1 1
292591 0 6 33 1 0
292660 0 6 33 3 0
292826 0 6 33 1 0
292995 1 2 33 1 0
401716 0 6 33 2 0
552860 1 3 33 3 0
13822 0 6 34 3 0
56755 0 6 34 3 0
84455 0 6 34 1 0
84462 0 6 34 1 0
84648 0 6 34 4 0
84716 0 6 34 1 0
85547 1 2 34 2 0
85657 0 6 34 1 0
85799 0 6 34 1 0
85910 1 3 34 3 0
100614 0 6 34 2 0
167468 0 6 34 1 0
291035 1 3 34 1 0
291495 0 6 34 1 0
291499 0 6 34 3 0
291613 1 3 34 1 0
291708 1 5 34 1 0
291718 0 6 34 1 0
292123 1 3 34 1 0
292322 1 3 34 3 0
292541 0 6 34 1 0
292657 0 6 34 1 0
292805 1 3 34 3 0
292873 0 6 34 1 0
431903 1 4 34 1 0
468358 1 2 34 2 0
489217 1 5 34 3 0
503465 1 3 34 1 0
3672 1 5 35 3 1
52368 0 6 35 3 0
71595 1 3 35 4 1
72454 0 6 35 1 0
77988 1 4 35 3 0
84457 1 3 35 3 0
84850 0 6 35 1 0
84865 0 6 35 1 0
84887 0 6 35 0 0
85209 0 6 35 1 0
85324 0 6 35 1 0
85552 0 6 35 3 0
85711 0 6 35 1 0
85737 0 6 35 3 0
85738 1 3 35 4 1
85817 0 6 35 1 0
158591 1 2 35 3 0
229096 1 3 35 3 0
290452 1 4 35 1 0
290666 0 6 35 1 0
290948 1 4 35 1 0
291056 1 3 35 1 0
291183 0 6 35 3 0
291457 0 6 35 1 0
291760 0 6 35 1 0
291789 1 4 35 1 0
291822 1 2 35 4 1
292036 0 6 35 1 0
292281 0 6 35 1 0
292366 0 6 35 1 0
292464 1 4 35 1 0
292582 1 2 35 3 0
292650 1 3 35 1 0
292652 1 4 35 3 0
292840 1 4 35 1 0
292874 1 3 35 1 0
293018 0 6 35 1 0
324379 0 6 35 2 0
432511 0 6 35 1 0
480898 0 6 35 3 0
502329 0 6 35 2 0
503081 1 4 35 1 0
504303 0 6 35 1 0
504882 1 2 35 1 0
552856 0 6 35 3 0
552858 1 5 35 1 0
84602 1 5 36 0 0
84744 1 2 36 1 0
85658 0 6 36 3 1
85797 0 6 36 0 0
85928 0 6 36 3 0
158586 1 4 36 0 0
167480 1 3 36 1 1
169872 1 4 36 3 0
177228 1 3 36 1 0
290297 0 6 36 1 0
290526 1 4 36 3 0
290763 0 6 36 1 0
290838 0 6 36 1 0
290841 1 3 36 3 0
290905 0 6 36 0 0
291181 1 2 36 1 0
291249 1 3 36 3 0
291527 0 6 36 1 0
291764 1 3 36 3 0
292242 0 6 36 1 0
292328 0 6 36 2 1
292593 0 6 36 2 0
292683 1 3 36 1 0
292814 0 6 36 1 0
292946 0 6 36 1 0
292986 1 3 36 1 0
334467 0 6 36 3 1
456610 0 6 36 3 0
480833 1 4 36 2 0
503157 0 6 36 1 1
503180 1 2 36 1 0
503461 1 3 36 0 0
504073 1 2 36 1 0
504197 0 6 36 1 0
56759 1 3 37 3 0
61229 1 2 37 3 0
84463 0 6 37 3 0
84890 1 4 37 3 0
85448 1 3 37 3 0
137594 0 6 37 3 0
223244 0 6 37 3 0
290557 0 6 37 2 0
291037 0 6 37 3 0
291248 0 6 37 1 0
291618 0 6 37 1 0
291758 1 3 37 0 0
291759 0 6 37 1 0
292243 1 3 37 1 1
292424 0 6 37 1 0
292500 0 6 37 1 0
292595 0 6 37 3 0
292782 1 4 37 3 0
323442 1 2 37 3 0
503083 1 4 37 2 0
503084 1 3 37 3 0
503506 0 6 37 1 0
504604 0 6 37 1 0
504617 0 6 37 1 0
505086 1 3 37 1 0
71580 0 6 38 3 0
73130 0 6 38 3 0
84449 1 2 38 1 0
84453 0 6 38 1 0
84460 0 6 38 1 0
84488 1 3 38 3 1
84616 1 2 38 1 0
84680 1 3 38 1 0
84875 0 6 38 3 0
84885 0 6 38 3 0
85354 0 6 38 3 0
85801 0 6 38 3 0
158588 0 6 38 1 0
176326 1 4 38 1 0
177225 0 6 38 0 0
290381 1 2 38 4 0
290432 1 3 38 0 0
290461 1 3 38 0 0
290761 0 6 38 1 0
290795 1 4 38 1 0
290835 0 6 38 1 0
290894 1 3 38 1 0
290927 0 6 38 1 0
291496 0 6 38 1 0
291511 1 5 38 1 0
291563 0 6 38 3 0
291711 1 4 38 1 1
291762 0 6 38 3 0
292403 0 6 38 3 0
292616 1 3 38 1 0
292947 1 2 38 1 0
292949 1 2 38 3 0
292987 1 3 38 3 0
293069 0 6 38 1 0
293145 0 6 38 1 0
334464 0 6 38 1 0
412102 0 6 38 3 0
431773 0 6 38 1 0
432165 1 4 38 1 0
468357 1 3 38 2 0
503251 1 3 38 1 0
503559 0 6 38 3 0
504105 1 3 38 1 0
504603 0 6 38 0 0
504733 0 6 38 1 0
552859 0 6 38 1 0
52378 0 6 39 1 0
71579 1 3 39 3 1
84454 0 6 39 1 0
84458 1 3 39 3 0
84551 1 4 39 1 0
84712 0 6 39 2 0
84727 0 6 39 1 0
84746 0 6 39 3 0
85088 1 4 39 1 0
85133 0 6 39 1 0
85207 0 6 39 0 0
85395 1 5 39 3 0
85742 1 3 39 1 0
167597 0 6 39 1 0
176328 1 4 39 3 0
177226 1 4 39 0 0
228689 0 6 39 3 0
290317 0 6 39 3 0
290377 1 5 39 1 0
290569 1 3 39 1 0
290762 1 5 39 1 0
290926 1 3 39 1 0
291268 0 6 39 3 0
291595 0 6 39 1 0
291615 0 6 39 3 0
292037 0 6 39 3 0
292246 1 3 39 3 0
292501 0 6 39 1 1
292692 1 3 39 1 0
292876 1 2 39 3 1
292883 1 2 39 4 0
292996 0 6 39 1 0
331863 1 3 39 3 0
432334 0 6 39 1 0
432567 1 4 39 1 0
433465 0 6 39 1 0
503870 1 4 39 4 0
504616 0 6 39 1 1
504713 0 6 39 1 0
505019 0 6 39 1 0
58179 0 6 40 4 1
84470 1 3 40 3 0
85089 1 5 40 1 1
85679 1 4 40 1 0
85816 1 2 40 1 0
100611 0 6 40 0 0
137592 1 3 40 3 0
167476 1 2 40 1 0
176372 0 6 40 3 0
177231 1 3 40 3 1
290534 1 3 40 1 0
290796 0 6 40 1 1
291008 0 6 40 4 0
291583 0 6 40 1 0
291712 1 3 40 1 0
291763 1 4 40 3 0
291791 1 4 40 3 0
292035 1 3 40 0 0
292188 1 3 40 1 0
292238 1 3 40 0 0
292406 1 4 40 1 0
292410 1 3 40 1 0
292502 0 6 40 1 0
292581 0 6 40 1 0
292682 0 6 40 1 0
292792 0 6 40 1 0
292923 1 2 40 1 0
292999 0 6 40 3 1
434685 0 6 40 2 0
452569 0 6 40 3 0
502960 0 6 40 1 0
503085 0 6 40 3 0
503086 0 6 40 1 1
503665 0 6 40 1 0
503804 0 6 40 1 0
504202 1 4 40 1 0
504864 0 6 40 1 0
504951 0 6 40 1 0
552224 1 3 40 1 0
552456 0 6 40 1 0
553511 1 3 40 1 0
56756 1 2 41 1 0
84452 0 6 41 3 1
84743 1 2 41 1 0
85066 1 3 41 3 0
85444 1 4 41 1 0
85603 0 6 41 1 0
85732 0 6 41 4 0
85739 0 6 41 0 0
85740 0 6 41 1 0
85758 1 2 41 4 0
85898 0 6 41 4 1
167600 0 6 41 3 0
176325 0 6 41 1 0
177015 0 6 41 1 0
290380 1 3 41 3 0
290454 0 6 41 3 1
290764 0 6 41 3 1
290798 0 6 41 3 0
291493 1 4 41 4 0
291506 0 6 41 1 0
291669 1 3 41 1 0
291761 1 2 41 2 0
292212 1 4 41 4 1
292219 0 6 41 2 0
292244 0 6 41 1 0
292247 1 3 41 3 0
292377 0 6 41 1 0
292594 0 6 41 3 1
292948 0 6 41 2 0
293080 1 3 41 1 0
339170 0 6 41 3 0
417913 0 6 41 2 0
432166 0 6 41 1 0
433135 0 6 41 1 0
503445 1 5 41 1 0
503638 0 6 41 1 0
503983 0 6 41 4 0
504072 0 6 41 0 0
504314 1 2 41 1 0
504676 1 4 41 1 0
504714 1 2 41 1 0
504735 0 6 41 3 0
504753 1 3 41 4 1
504887 0 6 41 1 0
552454 0 6 41 0 0
552977 1 4 41 1 0
553327 0 6 41 1 0
34369 0 6 42 2 0
52395 0 6 42 3 0
84451 0 6 42 3 0
84487 1 4 42 3 0
85072 1 3 42 1 0
85085 0 6 42 2 0
85091 0 6 42 3 1
85800 0 6 42 3 0
167474 0 6 42 1 0
176366 1 4 42 2 0
176433 0 6 42 1 0
290710 1 4 42 1 0
290797 1 4 42 1 0
290936 1 4 42 3 1
291143 1 3 42 1 0
291245 0 6 42 1 0
292747 0 6 42 1 0
293142 1 3 42 3 0
305951 1 3 42 3 0
431974 1 2 42 3 0
432448 0 6 42 1 0
432566 0 6 42 1 0
433584 0 6 42 3 0
502961 1 2 42 2 0
504182 1 3 42 1 0
504200 1 2 42 3 0
504614 0 6 42 1 0
504953 0 6 42 3 0
505020 0 6 42 3 0
505187 0 6 42 4 1
552979 0 6 42 3 1
553255 1 3 42 1 0
53158 1 2 43 1 0
84435 1 4 43 1 1
84681 1 3 43 3 0
85433 1 4 43 1 0
97409 1 4 43 2 0
101828 0 6 43 3 0
143330 0 6 43 3 0
176324 0 6 43 1 0
290714 1 2 43 3 0
291001 0 6 43 1 0
291132 1 4 43 1 1
291302 0 6 43 1 0
291501 0 6 43 4 0
291707 1 4 43 1 0
292183 0 6 43 1 0
292240 0 6 43 3 0
292241 0 6 43 1 0
292248 0 6 43 3 0
292378 0 6 43 1 0
292408 0 6 43 3 0
292681 1 3 43 1 0
292801 1 4 43 1 0
292997 0 6 43 3 0
432577 1 4 43 1 0
435035 1 5 43 3 0
503578 1 2 43 1 1
503886 1 3 43 1 0
504205 1 2 43 3 0
504313 1 3 43 1 0
504315 0 6 43 1 0
504466 0 6 43 1 0
504523 0 6 43 1 0
504690 0 6 43 1 0
504717 1 2 43 3 1
504908 1 3 43 1 0
504950 1 4 43 0 0
552457 0 6 43 3 0
552760 0 6 43 1 0
553326 1 3 43 1 0
37091 0 6 44 3 0
85143 0 6 44 3 0
85450 0 6 44 3 0
85596 1 2 44 4 1
85785 1 5 44 1 0
177017 0 6 44 1 0
177019 1 4 44 3 0
216718 1 4 44 3 0
224625 1 2 44 3 0
290455 0 6 44 3 0
291091 1 3 44 1 0
291131 0 6 44 0 0
291211 0 6 44 1 0
291246 0 6 44 3 0
291303 0 6 44 1 0
292495 0 6 44 2 0
432968 1 2 44 3 0
503444 1 3 44 0 0
503582 0 6 44 3 0
503624 0 6 44 1 0
503664 0 6 44 1 0
504201 1 5 44 1 0
504378 0 6 44 1 0
504591 1 3 44 0 0
504597 1 3 44 1 0
504632 0 6 44 2 0
504734 0 6 44 3 0
504807 1 3 44 1 0
505074 0 6 44 1 1
552538 0 6 44 1 0
552693 0 6 44 1 0
552995 0 6 44 1 0
553502 1 3 44 1 0
37493 0 6 45 2 0
85071 0 6 45 1 0
85743 0 6 45 1 0
176436 0 6 45 1 0
176930 1 4 45 4 0
177047 0 6 45 4 0
199531 1 3 45 3 0
221458 1 3 45 3 0
232579 0 6 45 3 0
250025 1 2 45 3 1
290941 1 3 45 0 0
291212 0 6 45 1 0
291539 1 4 45 1 0
291627 1 5 45 1 0
292196 0 6 45 1 0
292489 0 6 45 1 0
292924 1 4 45 1 0
367511 1 3 45 1 0
432188 0 6 45 1 0
432576 0 6 45 1 0
433093 0 6 45 3 0
502987 0 6 45 1 0
503161 0 6 45 1 0
503281 1 2 45 2 0
503662 0 6 45 0 1
503767 1 5 45 1 0
503997 1 4 45 1 0
504158 1 4 45 1 0
504185 0 6 45 1 0
504312 1 3 45 0 0
504592 1 5 45 0 0
504678 1 2 45 3 0
505183 0 6 45 1 0
539841 1 4 45 3 0
552489 0 6 45 2 0
53162 1 3 46 3 1
84436 1 3 46 1 0
84633 1 2 46 3 0
84936 1 3 46 1 0
85087 0 6 46 4 1
85434 1 4 46 3 0
85530 0 6 46 1 0
85583 1 5 46 0 0
85744 1 4 46 2 1
85856 0 6 46 1 0
101588 1 4 46 0 0
133722 1 3 46 3 1
151151 1 4 46 4 0
176174 0 6 46 1 0
176509 1 2 46 4 1
176934 0 6 46 3 0
177011 1 4 46 0 0
290386 1 3 46 1 0
291145 0 6 46 3 0
291424 0 6 46 1 0
291492 1 5 46 3 0
291706 1 4 46 0 0
292680 0 6 46 1 0
293017 0 6 46 0 0
307184 1 3 46 3 0
432954 0 6 46 1 0
433582 1 2 46 1 0
433762 1 4 46 4 0
502979 1 5 46 1 0
503364 0 6 46 1 0
503628 1 3 46 3 0
503731 1 4 46 1 0
504194 1 3 46 1 0
504382 0 6 46 3 0
504392 0 6 46 1 0
504465 0 6 46 1 0
504705 0 6 46 1 0
552990 0 6 46 3 0
54201 0 6 47 1 0
70725 0 6 47 3 0
84464 1 4 47 3 0
85445 0 6 47 1 0
175669 0 6 47 1 0
176432 0 6 47 1 0
273537 0 6 47 3 1
290752 0 6 47 1 0
290968 0 6 47 3 0
291133 1 3 47 1 0
291206 1 3 47 1 0
292490 0 6 47 3 0
292497 1 4 47 3 1
292799 0 6 47 0 0
292925 0 6 47 2 0
293138 1 3 47 4 1
305949 1 4 47 2 0
432196 0 6 47 3 1
433763 1 3 47 2 0
482807 1 3 47 2 0
502988 1 3 47 3 0
503129 1 4 47 1 0
503184 1 4 47 0 0
503361 0 6 47 4 0
503556 1 3 47 1 0
503769 1 2 47 3 0
503813 1 4 47 1 0
503851 0 6 47 1 0
503906 1 3 47 1 0
504615 0 6 47 1 0
504808 0 6 47 1 0
504949 1 4 47 0 0
549054 0 6 47 3 0
552202 1 3 47 2 0
552996 0 6 47 3 0
553717 1 4 47 3 0
53159 0 6 48 1 0
54202 0 6 48 1 0
54317 1 4 48 1 0
84459 0 6 48 1 0
85155 0 6 48 1 0
85649 1 3 48 1 0
151157 1 3 48 0 0
176441 0 6 48 2 0
176940 0 6 48 1 0
290390 0 6 48 4 0
290538 0 6 48 0 0
292945 0 6 48 3 0
293206 0 6 48 1 0
307181 0 6 48 1 0
432957 1 4 48 3 0
433094 0 6 48 3 0
502957 0 6 48 2 0
503282 1 3 48 2 0
503288 0 6 48 1 0
503626 0 6 48 1 0
503766 0 6 48 1 0
503850 1 2 48 1 0
503995 1 2 48 1 0
504159 0 6 48 2 0
504534 1 3 48 3 0
504599 0 6 48 3 0
84900 1 4 49 4 0
84986 1 3 49 1 1
85181 0 6 49 4 1
85587 0 6 49 2 0
101587 0 6 49 0 0
151711 0 6 49 1 0
176063 1 2 49 3 0
199527 0 6 49 4 0
253055 1 5 49 3 0
292269 1 4 49 4 0
292800 1 3 49 1 1
368548 1 3 49 1 0
368670 0 6 49 1 0
432187 1 2 49 1 0
433477 0 6 49 1 0
433583 0 6 49 3 0
475254 1 3 49 2 0
487534 1 2 49 3 0
496994 1 4 49 2 0
502950 0 6 49 1 0
502995 1 2 49 3 0
503060 0 6 49 4 1
503109 1 2 49 1 0
503185 1 5 49 1 0
503580 0 6 49 3 0
503615 1 4 49 0 0
503907 0 6 49 1 0
504100 1 3 49 1 0
504192 1 3 49 1 0
504308 1 5 49 1 0
504677 0 6 49 3 0
552699 1 3 49 3 0
552992 1 4 49 0 0
12574 1 3 50 2 1
84437 0 6 50 3 0
84974 1 3 50 1 0
85156 0 6 50 1 1
85157 0 6 50 1 1
85212 0 6 50 4 0
85902 0 6 50 3 0
166579 1 4 50 3 0
176362 1 3 50 1 0
177128 0 6 50 1 0
186083 0 6 50 3 0
234694 1 3 50 3 0
250020 1 4 50 4 1
290533 0 6 50 1 0
290540 1 3 50 3 0
291208 1 3 50 1 0
291409 1 3 50 4 0
292802 0 6 50 3 0
293021 1 3 50 3 0
293211 1 2 50 4 0
305593 0 6 50 3 0
368386 1 3 50 1 0
431898 0 6 50 1 0
432953 0 6 50 1 0
456866 0 6 50 3 0
502951 0 6 50 2 0
503008 1 4 50 3 0
503131 1 4 50 1 0
503507 0 6 50 1 0
503991 1 4 50 1 1
504183 0 6 50 1 0
504193 1 3 50 1 0
504195 0 6 50 3 1
504351 0 6 50 4 1
504921 1 3 50 1 0
523576 0 6 50 3 0
552691 1 4 50 0 1
32315 1 4 51 3 0
33508 0 6 51 4 0
54315 1 3 51 0 0
85159 0 6 51 3 0
85162 1 5 51 3 0
85650 0 6 51 1 0
99653 0 6 51 0 0
177012 1 3 51 1 0
292103 0 6 51 1 0
293131 1 2 51 1 0
368671 0 6 51 2 0
412062 0 6 51 3 0
431857 0 6 51 1 0
432217 1 3 51 3 0
432230 0 6 51 1 0
432955 0 6 51 1 0
456863 0 6 51 1 0
487532 1 4 51 2 0
496991 1 3 51 2 0
502983 0 6 51 1 0
503134 1 2 51 3 0
503787 0 6 51 1 0
503814 0 6 51 1 0
504381 0 6 51 2 0
84532 0 6 52 1 0
84980 1 2 52 1 0
85228 0 6 52 4 1
133721 1 4 52 2 0
150953 0 6 52 0 0
176941 1 4 52 2 0
240137 0 6 52 2 0
292416 1 3 52 1 0
292772 1 4 52 4 0
293051 0 6 52 1 0
293104 1 2 52 1 0
305592 0 6 52 1 0
368554 1 4 52 1 0
368673 1 3 52 3 0
431856 1 5 52 1 0
456862 0 6 52 1 0
496996 1 3 52 3 1
503123 0 6 52 1 0
503128 1 5 52 1 0
503561 1 4 52 2 0
503616 1 4 52 1 0
503618 0 6 52 3 0
503623 1 2 52 0 0
503996 0 6 52 1 0
504064 1 3 52 1 1
504101 1 2 52 1 0
504115 1 3 52 1 0
504190 1 4 52 3 0
504309 0 6 52 1 0
504503 1 4 52 1 1
523880 0 6 52 3 0
552204 0 6 52 3 0
553697 0 6 52 4 0
32314 1 4 53 2 0
54318 1 4 53 2 0
68649 0 6 53 3 0
84496 0 6 53 1 0
84661 0 6 53 1 0
85840 1 3 53 1 0
101708 0 6 53 2 0
112517 0 6 53 3 0
152295 0 6 53 3 0
176156 0 6 53 1 0
176440 1 4 53 2 0
176749 0 6 53 1 0
177014 1 4 53 2 0
177136 0 6 53 3 1
291466 0 6 53 1 0
293684 1 4 53 3 0
305623 1 2 53 1 0
368385 0 6 53 1 0
421134 1 2 53 2 0
432233 0 6 53 3 0
433719 0 6 53 1 0
475257 1 5 53 3 0
487529 0 6 53 3 0
502956 1 3 53 2 0
503133 1 3 53 3 1
503496 0 6 53 1 0
503579 1 4 53 1 0
503788 0 6 53 1 0
503843 0 6 53 3 0
504212 0 6 53 1 0
504956 0 6 53 1 0
552796 1 2 53 3 0
554320 0 6 53 3 0
13872 0 6 54 3 1
84535 1 3 54 1 0
84552 0 6 54 1 0
84711 1 3 54 1 0
85170 0 6 54 1 0
85844 1 3 54 3 0
107210 0 6 54 3 0
151538 1 3 54 1 0
171918 1 4 54 4 0
177129 1 2 54 1 0
234693 0 6 54 3 0
243473 1 2 54 3 0
291652 1 3 54 1 0
291741 0 6 54 1 0
292412 0 6 54 3 0
292419 0 6 54 3 0
293103 0 6 54 1 0
431900 1 3 54 3 0
432327 0 6 54 1 0
456629 1 4 54 3 0
488292 1 4 54 3 0
502992 1 3 54 1 0
503495 0 6 54 1 0
503515 0 6 54 1 0
503620 0 6 54 1 0
503668 0 6 54 0 0
503797 1 3 54 1 0
503954 1 3 54 3 0
504032 1 5 54 1 0
504533 1 3 54 3 1
504593 0 6 54 1 0
504919 0 6 54 3 1
504923 1 4 54 2 0
544338 1 3 54 3 0
84581 1 4 55 3 1
85842 0 6 55 1 0
99656 0 6 55 3 1
107209 1 3 55 3 0
151193 1 3 55 1 0
151867 1 3 55 1 0
177108 0 6 55 1 0
177313 0 6 55 4 0
291170 0 6 55 1 0
291740 1 3 55 0 1
292177 0 6 55 1 0
368381 0 6 55 1 0
383984 1 5 55 2 0
456312 0 6 55 1 0
498056 1 3 55 2 1
498168 0 6 55 3 1
503130 0 6 55 1 0
503672 1 4 55 1 0
504594 1 4 55 3 0
505223 0 6 55 3 0
533546 0 6 55 2 0
9606 0 6 56 3 0
43013 1 4 56 3 0
69042 1 3 56 3 0
69283 0 6 56 3 1
84546 1 4 56 1 0
85160 0 6 56 3 0
85226 0 6 56 3 0
85349 0 6 56 1 0
99649 0 6 56 2 0
150954 0 6 56 1 0
151637 0 6 56 1 0
177133 1 5 56 1 0
255233 0 6 56 2 0
291941 1 3 56 1 0
306567 1 2 56 1 1
431860 0 6 56 3 0
432231 0 6 56 3 0
432232 1 3 56 3 0
432328 0 6 56 1 0
475256 1 4 56 3 0
498166 0 6 56 1 0
503132 0 6 56 2 0
503292 1 4 56 1 0
503510 1 3 56 1 0
503518 0 6 56 3 0
503760 0 6 56 1 0
504117 1 3 56 3 0
504359 1 2 56 1 0
504930 0 6 56 1 0
508247 0 6 56 3 0
555399 1 4 56 4 1
14485 1 4 57 3 0
84728 1 4 57 1 1
84873 1 2 57 1 0
84985 0 6 57 1 0
85838 1 2 57 1 0
85841 1 4 57 1 0
85885 0 6 57 1 0
152369 1 3 57 1 0
176661 1 4 57 1 0
177013 1 4 57 2 0
291257 1 4 57 1 0
291544 0 6 57 1 0
372111 0 6 57 4 1
455197 1 3 57 4 0
455485 1 5 57 1 0
455988 0 6 57 1 0
480647 1 3 57 2 0
503759 0 6 57 0 0
504960 0 6 57 1 0
536599 1 4 57 3 0
546476 1 2 57 3 0
551913 1 3 57 3 0
13871 1 3 58 1 1
68358 1 3 58 3 0
84498 0 6 58 3 0
84549 0 6 58 3 1
84632 0 6 58 2 0
151014 0 6 58 1 0
152076 0 6 58 1 0
152254 1 3 58 1 0
157963 0 6 58 2 0
176748 0 6 58 0 0
255231 0 6 58 0 0
291354 1 3 58 1 0
305231 1 3 58 1 1
305769 1 3 58 1 0
306044 0 6 58 4 1
327550 0 6 58 3 0
367283 1 3 58 1 0
368316 1 4 58 1 0
454122 0 6 58 3 0
487528 1 3 58 3 0
497923 1 3 58 1 0
498165 0 6 58 1 0
498167 0 6 58 3 0
503514 1 3 58 1 0
503521 1 3 58 1 0
503674 1 2 58 3 0
503798 0 6 58 3 0
504325 1 3 58 3 0
504363 0 6 58 3 0
504436 1 4 58 3 0
504922 0 6 58 2 1
552788 1 3 58 4 1
69282 1 3 59 3 0
84629 1 3 59 3 0
151167 1 4 59 1 0
173949 1 3 59 3 0
177132 0 6 59 1 0
291353 0 6 59 1 0
306433 0 6 59 1 0
367284 0 6 59 2 1
367333 1 3 59 1 0
456102 1 3 59 1 0
456362 0 6 59 1 0
501407 1 2 59 3 0
504366 1 3 59 3 0
504931 1 3 59 1 0
536598 1 4 59 3 0
39067 0 6 60 2 0
43009 1 3 60 1 0
84499 0 6 60 3 0
85502 1 2 60 1 0
149273 1 3 60 3 0
152253 1 4 60 0 0
176617 1 4 60 3 0
291256 1 3 60 0 0
291259 0 6 60 1 0
291739 0 6 60 0 0
291943 1 3 60 3 0
292476 0 6 60 1 0
303546 0 6 60 2 0
305768 1 4 60 0 1
306615 0 6 60 1 0
367153 1 4 60 1 0
368539 1 3 60 1 0
368550 0 6 60 1 0
377819 0 6 60 3 0
378902 1 4 60 3 0
456777 1 3 60 1 0
487526 0 6 60 3 0
496701 0 6 60 1 0
498164 1 3 60 0 0
503293 1 4 60 1 0
503511 0 6 60 1 0
549802 1 3 60 2 0
552639 1 5 60 3 0
4285 0 6 61 3 0
84544 1 5 61 2 1
85272 0 6 61 1 0
85501 0 6 61 1 0
99650 1 4 61 2 0
175835 0 6 61 3 0
291355 0 6 61 1 1
306589 1 2 61 1 0
307225 1 3 61 1 0
455990 1 2 61 3 0
456100 1 4 61 1 0
492643 0 6 61 3 0
503357 0 6 61 1 1
503545 1 5 61 1 0
536596 0 6 61 1 0
551921 1 4 61 1 0
553270 0 6 61 3 0
13428 0 6 62 1 0
71371 1 2 62 3 1
106375 0 6 62 3 0
151573 1 3 62 1 0
152183 1 4 62 0 0
291263 1 4 62 1 0
291357 0 6 62 3 0
291901 0 6 62 1 0
298078 0 6 62 3 0
305582 1 4 62 4 1
305765 0 6 62 1 0
306249 0 6 62 1 0
306432 1 2 62 1 0
306458 0 6 62 1 0
368295 0 6 62 1 0
415849 0 6 62 3 0
439035 1 3 62 2 0
443783 0 6 62 3 0
455305 1 4 62 1 0
456091 0 6 62 2 0
456364 1 3 62 1 0
504920 0 6 62 0 0
553634 0 6 62 1 0
43012 0 6 63 3 0
84756 1 3 63 4 1
85235 0 6 63 1 0
85503 0 6 63 3 0
150828 1 4 63 1 0
150839 0 6 63 4 0
150984 1 3 63 1 0
291913 0 6 63 0 0
305789 1 3 63 1 0
307208 0 6 63 1 0
368748 0 6 63 1 0
406743 0 6 63 2 0
455612 1 3 63 1 0
455829 0 6 63 3 0
456103 1 3 63 3 0
456104 1 3 63 3 0
456338 0 6 63 1 0
496981 1 4 63 1 0
500767 0 6 63 4 0
503232 0 6 63 1 0
503546 0 6 63 1 1
42533 1 3 64 1 0
84495 0 6 64 1 0
85379 0 6 64 1 0
96308 0 6 64 3 0
99651 0 6 64 2 0
152438 0 6 64 1 0
290708 0 6 64 1 0
290872 1 3 64 1 0
292641 0 6 64 1 0
305207 0 6 64 1 0
306321 1 2 64 1 0
307089 1 4 64 1 0
307227 0 6 64 3 0
358655 0 6 64 2 0
367155 1 4 64 3 0
368294 1 4 64 1 0
368400 0 6 64 1 0
455232 0 6 64 2 0
455828 0 6 64 2 0
456099 1 4 64 0 0
456365 1 3 64 2 0
496700 0 6 64 0 0
503516 0 6 64 1 0
503547 0 6 64 2 0
503548 1 3 64 3 0
548415 0 6 64 2 0
551920 1 2 64 1 0
35125 1 4 65 3 0
68266 1 4 65 3 0
85544 1 3 65 1 0
85551 0 6 65 1 0
113025 1 4 65 3 0
210247 1 4 65 3 1
272707 1 4 65 3 1
291258 1 4 65 1 0
291900 0 6 65 0 0
292643 1 2 65 3 0
298081 0 6 65 4 0
305732 1 3 65 3 0
305788 1 4 65 1 0
306085 0 6 65 1 0
306591 0 6 65 3 0
306918 0 6 65 1 0
307016 0 6 65 4 1
307087 0 6 65 0 0
307215 1 4 65 3 0
367467 0 6 65 1 0
368549 1 3 65 1 0
368784 1 3 65 1 0
416422 1 3 65 3 0
458582 0 6 65 2 0
503230 0 6 65 1 0
503294 1 4 65 3 0
504283 0 6 65 4 0
21336 0 6 66 3 0
68264 1 3 66 1 0
85554 0 6 66 3 0
85876 1 4 66 1 0
152251 0 6 66 2 0
152440 1 4 66 1 0
152881 1 3 66 1 0
233085 0 6 66 2 0
290592 0 6 66 1 0
291261 0 6 66 3 0
297689 0 6 66 3 1
298079 1 4 66 3 0
305783 0 6 66 3 1
305792 0 6 66 3 0
305978 1 3 66 4 1
306478 1 4 66 1 0
306616 0 6 66 1 0
307088 0 6 66 1 1
307157 0 6 66 1 0
367466 1 3 66 1 0
367820 0 6 66 1 0
368537 0 6 66 1 0
368538 1 5 66 1 0
440095 0 6 66 1 0
456363 0 6 66 1 0
496702 0 6 66 2 0
496811 0 6 66 0 0
496982 1 3 66 3 0
501993 0 6 66 4 0
552498 0 6 66 1 0
69207 0 6 67 1 0
84697 1 4 67 1 0
85234 0 6 67 1 0
290712 1 3 67 3 0
291930 1 3 67 0 0
292295 0 6 67 4 0
305164 1 3 67 4 0
305364 0 6 67 3 0
305612 0 6 67 1 0
305787 1 3 67 1 0
305790 0 6 67 1 0
306220 1 3 67 1 0
306479 1 3 67 1 0
367470 0 6 67 0 0
368541 1 4 67 3 0
368543 1 3 67 3 1
368778 0 6 67 1 0
368786 0 6 67 1 0
455258 1 3 67 3 0
459807 1 3 67 3 0
502913 1 3 67 1 0
503231 0 6 67 1 0
536597 0 6 67 1 0
35126 1 2 68 3 0
85380 0 6 68 1 0
119929 1 3 68 3 0
149589 0 6 68 3 0
305973 0 6 68 3 0
306087 0 6 68 3 0
306168 0 6 68 1 0
368296 1 3 68 3 0
368474 1 2 68 1 0
368994 0 6 68 1 0
503167 1 3 68 1 0
503538 1 3 68 3 0
68913 0 6 69 3 1
85368 1 3 69 2 0
132254 0 6 69 3 0
150829 1 2 69 2 0
306166 0 6 69 1 0
306175 0 6 69 1 0
306235 0 6 69 1 0
306319 0 6 69 1 0
306468 0 6 69 1 0
307323 0 6 69 1 0
308804 1 3 69 3 0
367836 1 4 69 1 0
368498 0 6 69 1 0
368785 1 4 69 1 0
368852 1 2 69 1 0
368926 1 4 69 1 0
440096 1 4 69 1 0
496519 1 3 69 0 0
551919 1 4 69 0 0
552499 0 6 69 1 0
68267 1 3 70 4 0
69208 1 2 70 2 0
69337 1 3 70 1 0
84693 1 3 70 3 0
85381 1 2 70 1 0
121012 0 6 70 3 0
151852 0 6 70 1 0
152880 1 4 70 1 0
290593 0 6 70 3 0
290706 0 6 70 2 0
305167 1 4 70 1 0
305791 0 6 70 3 0
306164 1 4 70 3 0
306410 0 6 70 3 0
306791 0 6 70 1 0
307091 0 6 70 2 0
368587 1 4 70 1 0
368758 0 6 70 1 0
392662 1 4 70 3 0
468217 1 2 70 2 0
496686 0 6 70 0 0
547070 0 6 70 3 0
68262 0 6 71 1 0
68478 1 4 71 1 0
69213 1 4 71 3 1
69216 1 3 71 3 0
69339 1 3 71 3 1
84670 1 2 71 1 0
85067 1 4 71 1 1
152882 0 6 71 3 0
291904 1 4 71 2 1
301251 1 3 71 2 0
305170 0 6 71 2 0
305177 1 3 71 1 0
305532 1 3 71 1 0
305869 1 3 71 4 0
306790 1 2 71 1 0
306792 0 6 71 3 0
367243 0 6 71 1 0
367971 1 2 71 4 1
368297 1 4 71 3 0
368499 1 5 71 2 0
368760 1 4 71 3 0
368779 1 2 71 2 0
439126 1 5 71 1 0
503535 0 6 71 1 0
551914 0 6 71 3 0
552643 1 3 71 1 0
35506 1 2 72 3 0
66346 1 3 72 3 0
69388 1 3 72 1 0
84519 1 2 72 3 0
84668 0 6 72 4 1
84691 1 3 72 1 0
132249 1 4 72 3 0
151851 1 4 72 1 0
153022 1 4 72 1 0
215843 1 5 72 2 0
267652 1 4 72 3 0
305924 0 6 72 1 0
367398 0 6 72 1 0
367475 1 3 72 1 0
367633 0 6 72 1 0
367837 1 2 72 2 0
367838 1 4 72 3 0
368761 1 3 72 3 0
368840 1 2 72 1 0
504083 0 6 72 1 0
552229 0 6 72 4 0
553378 1 3 72 1 0
44270 0 6 73 3 1
67256 0 6 73 4 0
68872 0 6 73 1 0
85378 1 3 73 0 0
132253 1 4 73 3 0
151291 0 6 73 1 0
151854 0 6 73 3 0
215838 1 2 73 3 0
305173 0 6 73 4 0
305909 0 6 73 1 0
306090 1 3 73 2 0
307190 1 4 73 1 0
367580 1 4 73 1 0
368627 1 3 73 1 0
439125 0 6 73 1 0
449617 1 3 73 3 0
503234 1 4 73 3 0
69131 1 2 74 1 0
84692 0 6 74 1 0
96350 1 3 74 3 0
111879 1 4 74 3 0
127905 1 4 74 3 1
129547 1 4 74 3 0
151853 0 6 74 3 1
291905 0 6 74 3 0
305103 0 6 74 1 0
305180 0 6 74 3 0
305763 1 2 74 4 1
306167 0 6 74 1 0
306470 1 4 74 3 0
307294 1 3 74 3 0
347028 1 4 74 3 0
367399 1 3 74 1 0
367406 0 6 74 3 0
367638 1 3 74 2 0
367839 0 6 74 3 0
372831 1 4 74 3 0
380007 1 4 74 3 0
496687 1 4 74 1 0
504085 0 6 74 3 1
509936 0 6 74 3 0
552029 0 6 74 1 0
552502 1 3 74 3 1
67930 1 4 75 1 0
68864 0 6 75 2 0
173531 0 6 75 3 0
267646 1 2 75 1 0
291906 0 6 75 3 0
306553 0 6 75 1 0
306603 0 6 75 1 0
307092 1 3 75 3 0
307191 1 3 75 1 0
368337 1 2 75 1 0
368986 1 4 75 1 0
497460 0 6 75 1 0
504480 0 6 75 1 0
552644 1 2 75 2 0
68038 0 6 76 1 0
84902 1 4 76 0 0
85724 1 4 76 0 0
96351 1 3 76 4 0
305485 0 6 76 1 0
305487 1 4 76 1 0
305908 0 6 76 1 0
305925 0 6 76 3 0
306471 0 6 76 3 0
306597 0 6 76 1 0
367390 0 6 76 2 1
367581 0 6 76 3 1
367812 0 6 76 1 0
367817 1 4 76 1 0
368618 0 6 76 3 0
368841 0 6 76 3 0
368944 1 2 76 1 0
453680 1 4 76 3 0
503542 0 6 76 1 0
504086 0 6 76 3 0
552228 0 6 76 3 0
67933 0 6 77 3 0
86287 0 6 77 3 0
136073 0 6 77 2 0
214515 0 6 77 2 1
305334 1 3 77 4 0
305489 1 3 77 1 0
305762 0 6 77 4 1
306179 1 3 77 3 0
307192 0 6 77 1 0
307291 0 6 77 4 0
311886 1 3 77 2 0
343818 0 6 77 3 0
367396 0 6 77 0 0
367999 0 6 77 1 0
368628 1 2 77 3 0
439235 1 4 77 1 0
456274 0 6 77 1 0
496481 0 6 77 3 0
553182 1 3 77 1 0
67263 0 6 78 4 0
68443 1 4 78 1 0
69134 0 6 78 0 0
232101 1 2 78 3 1
305105 1 3 78 4 1
305321 1 3 78 1 0
305647 1 3 78 1 0
305805 1 3 78 3 0
306469 0 6 78 1 0
307189 1 5 78 0 0
367878 0 6 78 1 0
367998 1 5 78 1 0
439234 1 3 78 1 0
449818 1 2 78 4 0
456277 1 3 78 3 0
503541 1 4 78 1 0
267644 0 6 79 1 0
305812 1 3 79 1 0
306602 1 2 79 1 0
307188 0 6 79 0 0
308900 0 6 79 1 1
309337 0 6 79 3 0
333367 0 6 79 2 0
367358 0 6 79 1 0
367818 1 3 79 3 0
368184 1 5 79 1 0
439997 0 6 79 1 0
456275 1 4 79 1 0
497455 0 6 79 3 1
504477 1 2 79 1 0
553282 1 4 79 4 1
305102 1 4 80 1 0
305488 1 3 80 1 0
305815 1 3 80 1 0
306550 0 6 80 4 0
309185 0 6 80 3 0
367236 1 4 80 1 0
367337 0 6 80 4 1
367582 0 6 80 3 0
439722 1 3 80 1 0
503631 1 2 80 1 0
504368 1 3 80 1 0
555447 1 3 80 3 0
68040 0 6 81 3 1
253240 1 4 81 3 0
305480 0 6 81 1 0
306134 0 6 81 1 0
307061 1 4 81 1 0
307118 0 6 81 1 0
368185 1 2 81 1 0
439568 0 6 81 3 0
450953 1 3 81 3 0
455882 1 5 81 1 0
456276 1 3 81 3 0
503034 0 6 81 1 0
503540 0 6 81 0 0
503887 0 6 81 1 0
553184 0 6 81 3 1
68037 0 6 82 1 0
69313 1 4 82 1 0
305803 1 5 82 1 0
307173 0 6 82 1 0
307259 0 6 82 1 0
367534 1 2 82 3 0
367875 0 6 82 3 0
367877 1 2 82 1 0
439996 1 2 82 1 0
440004 0 6 82 3 0
455003 0 6 82 3 0
492597 1 3 82 3 0
502934 0 6 82 1 0
553281 1 2 82 1 0
68035 0 6 83 1 0
176986 1 4 83 3 0
305483 0 6 83 3 0
307651 0 6 83 1 0
367819 1 4 83 3 0
439998 1 2 83 3 0
449821 0 6 83 1 0
449828 1 2 83 1 0
455759 1 3 83 1 0
503864 0 6 83 1 0
504025 1 2 83 1 0
504262 1 3 83 4 0
504373 1 4 83 4 0
68796 1 4 84 3 0
69392 0 6 84 1 0
305540 0 6 84 3 0
305616 1 3 84 3 0
305718 0 6 84 1 0
305813 1 3 84 1 1
306001 0 6 84 1 0
333368 1 3 84 2 0
367884 0 6 84 2 0
403733 0 6 84 3 1
503634 1 3 84 3 0
503823 0 6 84 1 0
552494 0 6 84 4 0
69494 1 3 85 1 0
270559 1 3 85 3 0
305160 0 6 85 1 0
306604 0 6 85 3 0
307062 0 6 85 3 1
367239 0 6 85 3 0
503539 1 2 85 3 1
503543 0 6 85 2 0
503549 0 6 85 3 0
504026 1 3 85 3 0
504709 1 3 85 1 0
69502 0 6 86 1 0
72214 0 6 86 2 0
174488 0 6 86 3 0
187988 1 3 86 3 0
305377 0 6 86 1 0
305720 0 6 86 3 0
306749 0 6 86 1 0
448935 0 6 86 1 0
504016 1 4 86 1 0
504711 1 3 86 3 0
505057 1 2 86 1 0
505155 1 3 86 1 0
543318 1 4 86 3 0
68041 0 6 87 3 0
68698 0 6 87 3 1
69393 1 2 87 1 0
306012 0 6 87 1 0
325489 0 6 87 2 0
367237 0 6 87 1 0
367813 0 6 87 1 0
439160 0 6 87 1 0
455758 1 4 87 1 1
455885 0 6 87 1 0
469742 0 6 87 2 0
493488 1 3 87 3 0
503345 1 3 87 1 0
503862 1 4 87 0 0
504015 0 6 87 1 0
504018 1 3 87 3 0
504454 0 6 87 1 0
504916 0 6 87 4 1
176049 0 6 88 3 1
199817 1 3 88 3 0
223045 0 6 88 3 0
306294 0 6 88 1 0
307653 1 3 88 3 0
367282 1 5 88 1 0
393279 0 6 88 3 0
449958 0 6 88 1 0
455760 0 6 88 3 0
455884 0 6 88 1 0
503450 0 6 88 1 0
504531 0 6 88 1 0
504718 0 6 88 2 0
505154 1 2 88 1 0
10919 1 4 89 3 0
68918 1 2 89 1 0
69503 1 3 89 1 0
187989 1 5 89 3 0
305162 1 4 89 3 1
306403 0 6 89 1 0
306605 1 3 89 3 0
448174 1 4 89 3 0
450621 1 4 89 3 0
493486 0 6 89 2 0
503043 0 6 89 1 0
504006 0 6 89 4 0
13733 1 3 90 3 0
68630 0 6 90 1 0
204874 0 6 90 2 0
306402 1 4 90 1 0
306677 1 3 90 1 0
307654 1 3 90 3 0
367468 0 6 90 3 0
367811 0 6 90 0 0
440002 1 5 90 1 0
494271 0 6 90 3 0
503725 0 6 90 1 0
503873 0 6 90 1 0
504019 1 3 90 3 0
504455 0 6 90 3 0
504521 0 6 90 3 1
305857 1 5 91 1 0
306477 0 6 91 4 1
393653 1 4 91 4 0
503881 0 6 91 1 0
504732 0 6 91 1 0
504785 1 2 91 1 0
23074 1 4 92 3 0
67793 1 2 92 1 0
68292 0 6 92 1 0
68553 1 3 92 1 0
68631 0 6 92 3 0
267872 0 6 92 3 0
306404 1 3 92 3 0
325488 0 6 92 2 0
439159 1 4 92 1 0
503659 0 6 92 3 1
504456 0 6 92 3 0
505157 1 3 92 3 0
529090 0 6 92 2 0
67921 0 6 93 2 0
68894 1 4 93 1 0
305820 1 3 93 3 0
305856 1 3 93 1 0
306612 1 2 93 1 0
306678 0 6 93 1 0
306844 1 4 93 1 0
367821 1 4 93 3 0
368561 0 6 93 3 0
494267 0 6 93 3 1
503923 1 3 93 1 0
504712 0 6 93 0 0
68552 0 6 94 0 0
272288 1 4 94 3 0
306850 1 4 94 1 0
493490 1 4 94 2 1
496706 1 3 94 3 0
503880 0 6 94 1 0
504586 0 6 94 1 0
504715 1 3 94 1 0
504716 1 3 94 2 0
504764 1 4 94 1 0
541339 0 6 94 3 1
23072 1 4 95 2 0
68291 1 3 95 1 1
68294 0 6 95 3 0
68625 0 6 95 1 0
68897 1 4 95 0 0
272287 1 4 95 3 0
305528 1 3 95 1 0
305858 1 2 95 1 0
434628 1 4 95 3 0
503087 0 6 95 1 0
503300 1 5 95 2 0
503836 0 6 95 1 0
503875 1 4 95 3 0
503924 0 6 95 2 0
504696 1 2 95 0 0
505077 1 3 95 3 0
68554 1 3 96 3 0
69474 1 2 96 1 0
277380 0 6 96 3 0
305785 0 6 96 3 0
306819 1 4 96 4 0
364217 1 4 96 4 0
503644 1 5 96 1 0
504084 0 6 96 1 1
68151 0 6 97 1 0
68290 1 4 97 0 0
68293 1 4 97 2 0
68899 1 4 97 1 0
69441 1 2 97 1 0
254756 1 4 97 3 0
277379 1 3 97 2 0
305859 1 5 97 3 0
307353 0 6 97 1 0
503884 1 3 97 3 1
504080 1 2 97 3 0
504707 1 4 97 3 0
67630 0 6 98 3 0
68898 1 3 98 1 0
69040 0 6 98 1 0
69270 0 6 98 1 0
503650 1 3 98 2 0
503807 1 3 98 1 0
504585 1 3 98 1 0
52582 0 6 99 3 0
295271 1 3 99 3 0
305849 1 3 99 4 0
305860 1 2 99 3 0
493867 1 3 99 3 0
503808 0 6 99 1 0
504081 0 6 99 3 0
68127 1 4 100 3 0
68548 1 3 100 1 0
69482 1 3 100 3 0
305140 0 6 100 1 0
490074 0 6 100 3 1
503297 0 6 100 0 0
503478 0 6 100 1 0
503648 1 3 100 0 0
503651 0 6 100 3 0
503835 0 6 100 0 0
504079 0 6 100 3 1
504587 1 4 100 3 0
67923 0 6 101 3 0
69039 0 6 101 1 1
69135 1 3 101 1 0
215912 1 5 101 3 0
280901 1 3 101 3 0
305145 1 2 101 4 1
494215 0 6 101 0 0
503105 1 3 101 3 0
503809 0 6 101 3 0
503838 1 3 101 1 0
67959 1 3 102 1 0
69477 1 4 102 0 0
139681 0 6 102 3 0
305139 1 3 102 1 0
431721 1 4 102 3 1
437298 1 3 102 3 0
494218 1 3 102 3 0
503467 0 6 102 1 0
503477 0 6 102 1 0
68230 0 6 103 1 0
68547 0 6 103 0 0
169338 1 4 103 3 0
280902 1 4 103 3 0
490073 1 3 103 3 0
493868 1 4 103 2 0
503649 1 3 103 1 0
503840 1 3 103 3 0
8864 1 4 104 2 0
69480 1 3 104 2 0
503468 0 6 104 3 0
504078 1 3 104 0 0
504387 0 6 104 1 0
68209 1 3 105 1 0
68863 0 6 105 4 0
69038 1 4 105 1 1
69092 1 2 105 1 0
69483 0 6 105 3 0
477516 0 6 105 3 0
490076 0 6 105 4 1
494214 0 6 105 0 0
503098 1 3 105 3 0
67962 0 6 106 3 0
68493 0 6 106 1 0
68773 0 6 106 4 0
69478 1 2 106 0 0
472198 1 2 106 3 0
529390 1 3 106 3 0
69119 1 3 107 1 0
139682 1 4 107 3 1
429207 1 3 107 4 0
48224 1 3 108 3 0
68489 0 6 108 1 1
69454 1 4 108 1 0
138321 0 6 108 4 0
68211 1 3 109 3 0
69291 0 6 109 3 0
460675 1 2 109 2 0
478362 0 6 109 2 0
505049 1 3 109 4 0
529389 1 4 109 2 1
226778 0 6 110 3 0
67607 0 6 111 1 0
69456 1 3 111 3 1
399295 1 3 111 3 0
68206 0 6 112 3 0
69391 1 2 113 3 0
460678 1 3 113 3 1
69387 1 4 115 1 0
133833 0 6 115 3 0
545644 1 4 115 3 1
133825 1 3 117 3 1
545640 1 4 118 3 1
103000 1 3 119 3 0
545211 0 6 120 3 0
103005 1 4 121 3 0
463134 0 6 124 3 0
