147623 0 3 5 3
147626 0 3 5 3
478643 0 3 5 1
478645 0 3 5 1
277066 0 4 5 4
457048 0 4 5 3
34701 1 6 5 1
333113 0 6 5 1
478644 1 6 5 1
478646 1 6 5 1
477443 1 7 5 1
477444 1 7 5 1
33515 0 8 5 1
537682 0 9 5 1
34698 0 10 5 3
34701 0 10 5 3
34858 0 10 5 3
34533 0 11 5 3
263973 0 11 5 2
478741 0 11 5 1
34412 1 12 5 1
34595 0 12 5 1
331823 0 12 5 1
331825 0 12 5 1
478140 0 12 5 0
333429 0 13 5 1
333430 0 13 5 1
333433 0 13 5 1
333429 0 13 5 3
539016 0 13 5 3
34409 1 16 5 1
332487 0 16 5 3
333443 0 16 5 3
333444 0 16 5 3
332677 0 17 5 1
516463 1 17 5 3
332484 0 18 5 2
332487 0 18 5 2
332539 1 19 5 1
34790 0 20 5 1
34785 1 21 5 1
34786 1 21 5 1
34789 1 21 5 1
34868 0 21 5 1
331746 0 21 5 1
332922 0 21 5 1
332921 0 21 5 3
333435 0 22 5 3
389843 0 23 5 2
34437 0 25 5 1
333484 0 25 5 1
35330 0 28 5 1
323983 0 29 5 3
34104 0 30 5 1
34552 1 30 5 1
34835 0 30 5 1
34836 0 30 5 1
35329 0 30 5 1
285454 0 30 5 3
34789 0 31 5 3
35331 0 31 5 3
34742 0 32 5 1
35015 0 32 5 0
35016 0 32 5 0
331880 0 32 5 1
331881 0 32 5 3
33694 0 33 5 1
34832 1 33 5 1
34835 1 33 5 1
34655 0 34 5 3
33734 0 36 5 1
34376 0 37 5 1
35297 0 37 5 1
35299 0 37 5 1
35014 0 40 5 3
35016 0 40 5 3
505511 0 49 5 3
35078 1 53 5 1
35081 1 53 5 1
35082 1 53 5 1
35083 1 53 5 1
35084 1 53 5 1
505510 0 53 5 3
34045 0 54 5 1
34046 0 54 5 1
33871 0 55 5 1
169126 0 55 5 3
34937 0 57 5 1
34938 0 57 5 1
20955 0 58 5 2
34569 0 58 5 1
34808 0 58 5 3
33585 0 59 5 1
33587 0 59 5 1
33588 0 59 5 1
33589 0 59 5 1
270057 0 59 5 1
34637 0 60 5 1
34747 1 60 5 1
83670 0 60 5 2
94141 0 60 5 3
142185 0 60 5 3
34833 0 61 5 1
34929 1 61 5 1
34931 1 61 5 1
34932 1 61 5 1
34045 0 62 5 1
34716 0 62 5 2
83460 0 62 5 3
142185 0 62 5 1
34166 0 64 5 1
34352 1 65 5 1
34353 1 65 5 1
34685 0 65 5 2
34688 0 65 5 2
33593 0 66 5 2
34716 0 66 5 3
34718 0 66 5 3
34753 1 66 5 3
33939 0 67 5 3
33631 0 68 5 1
33632 0 68 5 1
34350 0 68 5 3
34739 0 68 5 1
35202 0 69 5 1
33591 0 70 5 3
34453 0 72 5 3
105301 0 72 5 2
35203 0 73 5 3
35204 0 73 5 3
35205 0 73 5 3
30708 0 75 5 2
34879 0 77 5 3
34953 0 77 5 3
34954 0 77 5 3
34955 0 78 5 3
30325 0 84 5 2
377977 0 89 5 3
