66328 8
66329 8
274673 8
274675 8
274676 8
179919 9
282805 9
282809 9
226449 10
226450 10
226451 10
226452 10
274670 11
274671 11
274672 11
274674 11
448227 12
282805 13
282807 13
282808 13
420414 14
419675 15
419678 15
117233 16
419565 18
419676 18
420187 18
420188 18
420191 18
117046 19
117047 19
117233 20
117234 20
117235 20
117236 20
117237 20
420609 22
420607 23
420608 23
420610 23
419964 24
419965 24
419966 24
419968 24
420425 25
420477 25
116476 26
116478 26
116480 26
419410 27
419412 27
420475 28
420478 28
420425 29
420426 29
420427 29
420428 29
420430 29
116125 30
420662 31
420873 31
420874 31
420875 31
116395 32
116758 32
420872 32
116361 33
116362 33
419646 33
419923 33
115707 34
117224 36
117225 36
117227 36
117228 36
465831 36
115706 37
115709 37
115710 37
116364 37
116366 37
116673 37
116459 38
116759 38
470025 41
470026 41
116757 42
116760 42
268429 42
268430 42
268431 42
15659 43
286045 43
418905 43
418906 43
19553 44
19556 44
116446 45
116448 45
15658 46
17935 46
17937 46
17939 46
17940 46
17941 46
417599 47
18153 48
18156 48
18159 48
18251 48
132298 48
132299 48
132300 48
418600 48
418905 48
116371 50
116373 50
418602 50
418604 50
419451 50
419453 50
17835 51
18145 51
116647 51
116648 51
162195 51
162196 51
418258 51
418260 51
418336 51
418337 51
418493 51
419844 51
417484 52
417485 52
19049 53
417845 53
18564 54
18566 54
18683 54
116089 54
116090 54
316069 54
417398 54
417399 54
417400 54
418434 54
418436 54
18082 55
18083 55
18085 55
18679 55
18680 55
18682 55
18684 55
417416 55
417417 55
417419 55
418720 55
16149 56
18253 56
18255 56
417597 56
418432 56
418433 56
418435 56
420706 56
420707 56
420708 56
20074 57
100027 57
100030 57
18739 58
18740 58
18856 58
19012 58
19015 58
116091 58
117255 58
417679 58
540912 58
540913 58
18147 59
18148 59
18150 59
19745 59
417592 59
417593 59
417844 59
418719 59
19301 60
116092 60
418951 60
17410 61
17411 61
17412 61
18618 61
18619 61
18860 61
18861 61
117094 61
117124 61
117125 61
117126 61
117128 61
117600 61
117602 61
417676 61
417677 61
417680 61
417681 61
418866 61
418867 61
551342 61
99726 62
117188 62
418660 62
540910 62
540911 62
540914 62
18149 63
419618 63
419619 63
419620 63
18920 64
19375 64
101582 64
101584 64
101585 64
418757 64
418759 64
418760 64
418761 64
418988 64
16528 65
19081 65
19084 65
19085 65
116358 65
418933 65
17876 66
17877 66
116903 66
117188 66
117189 66
117191 66
418899 66
116094 67
116095 67
116096 67
16529 68
16530 68
16531 68
18082 68
18730 68
18732 68
18735 68
45638 68
45639 68
45640 68
45641 68
58331 68
100423 68
100424 68
100425 68
100870 68
100873 68
152720 68
272606 68
418494 68
418495 68
18079 69
18080 69
18083 69
18084 69
19082 69
19083 69
19086 69
19375 69
35876 69
272735 69
19374 70
19376 70
19985 70
19986 70
19987 70
19988 70
19989 70
117188 70
117190 70
417807 70
417808 70
417809 70
18207 71
18210 71
19383 71
19384 71
19760 71
100691 71
100693 71
417665 71
417667 71
417669 71
18518 72
19382 72
19781 72
19783 72
19784 72
19785 72
19832 72
19953 72
19954 72
19955 72
83960 72
83961 72
83962 72
116640 72
313587 72
35874 73
35875 73
35876 73
35877 73
36229 73
36230 73
36231 73
99609 73
417619 73
417620 73
418723 73
418724 73
418725 73
418726 73
418727 73
418934 73
418936 73
419445 73
419446 73
19179 74
19180 74
19282 74
19706 74
19707 74
19711 74
100364 74
100365 74
101338 74
101846 74
101847 74
152430 74
277499 74
277501 74
19559 75
19560 75
37411 75
37413 75
101138 75
101141 75
101142 75
101143 75
150840 75
218347 75
218348 75
417663 75
419444 75
419447 75
19297 76
19298 76
19300 76
99605 76
99606 76
99607 76
99608 76
100145 76
313588 76
313589 76
417336 76
417337 76
417664 76
417665 76
417668 76
417720 76
417722 76
417723 76
540915 76
540917 76
418369 77
418370 77
418371 77
101340 78
101341 78
101342 78
101641 78
417991 78
418403 78
99479 79
99481 79
99482 79
100144 79
100146 79
100147 79
417666 79
417667 79
417669 79
417693 79
417696 79
287257 80
287258 80
417469 80
418725 80
418726 80
419028 80
419033 80
500996 80
500997 80
19553 81
19554 81
99575 81
418817 81
101139 82
101140 82
417695 82
417697 82
500995 82
500998 82
500999 82
19560 83
19561 83
100871 83
287254 83
417683 83
100206 84
100555 84
100556 84
100557 84
287847 84
287848 84
418033 84
418160 84
418415 84
418416 84
418419 84
418534 84
501741 84
502167 84
99777 85
288068 85
288070 85
418536 85
418537 85
418538 85
418539 85
59282 86
99490 86
99492 86
99857 86
99858 86
99859 86
100869 86
100870 86
100872 86
417097 86
417098 86
19607 87
19609 87
100352 87
101265 87
485577 87
101337 88
100232 89
100234 89
288254 89
288257 89
401120 89
18366 90
101168 90
101169 90
106252 90
286915 90
18370 91
100876 91
101131 91
287290 91
287292 91
288256 91
288258 91
85966 92
99423 92
99425 92
100869 92
100872 92
100874 92
100875 92
100936 92
100988 92
286458 92
286459 92
286638 92
286639 92
286641 92
286642 92
286644 92
99979 93
286404 93
287071 93
287072 93
288254 93
288255 93
18367 94
18369 94
99606 94
99607 94
99608 94
99609 94
101519 94
101523 94
273586 94
273587 94
287939 94
287940 94
100919 95
100920 95
101564 95
101718 95
101719 95
286914 95
287636 95
287688 95
287689 95
288092 95
288094 95
101040 96
101336 96
101612 96
101819 96
212394 96
212395 96
286632 96
286633 96
286641 96
287539 96
287540 96
287541 96
101066 97
101067 97
101068 97
101520 97
101521 97
101522 97
101524 97
101849 97
101851 97
101852 97
287467 97
288159 97
91057 98
99384 98
99385 98
101227 98
101228 98
101229 98
101747 98
101748 98
101750 98
101751 98
211512 98
211513 98
212240 98
212244 98
212396 98
212397 98
212398 98
100554 99
100557 99
100592 99
100593 99
101284 99
101285 99
101287 99
101288 99
101569 99
287340 99
287345 99
19721 100
99524 100
99826 100
99827 100
100161 100
100163 100
100164 100
101212 100
101610 100
101611 100
101613 100
128427 100
278101 100
278102 100
287433 100
287437 100
288057 100
100882 101
100883 101
100886 101
100909 101
100910 101
101064 101
101065 101
101689 101
101691 101
309990 101
404472 101
18368 102
19089 102
19090 102
19092 102
99780 102
100878 102
101155 102
101568 102
101794 102
101799 102
155749 102
286453 102
286961 102
286988 102
286989 102
287057 102
287060 102
17891 103
18956 103
74850 103
74851 103
99515 103
99516 103
99626 103
99628 103
99823 103
100592 103
100594 103
101209 103
101210 103
101211 103
101796 103
101797 103
145639 103
211292 103
211293 103
515483 103
18463 104
18477 104
100093 104
100094 104
101356 104
287414 104
99601 105
101100 105
212390 105
212391 105
288145 105
288147 105
539136 105
539137 105
99523 106
99824 106
17892 107
18479 107
18480 107
100065 107
100068 107
100615 107
100616 107
100618 107
101118 107
101689 107
286369 107
287162 107
287163 107
287410 107
287411 107
287413 107
551490 107
551492 107
99701 108
99702 108
100268 108
101787 108
101791 108
288191 108
44603 109
44604 109
44605 109
101247 109
101248 109
101250 109
101383 109
101384 109
101733 109
286372 109
286373 109
287156 109
287158 109
287160 109
19245 110
19246 110
19247 110
100153 110
100157 110
100394 110
100395 110
100397 110
101114 110
101117 110
286352 110
286355 110
286368 110
99409 111
99412 111
99414 111
99697 111
99698 111
99882 111
99883 111
100987 111
101416 111
101748 111
101749 111
286661 111
286663 111
287959 111
287968 111
288188 111
99502 112
100550 112
100552 112
100666 112
101115 112
101116 112
181113 112
286387 112
286391 112
286477 112
287319 112
287320 112
541860 112
44603 113
44607 113
44608 113
78190 113
78191 113
100050 113
100051 113
100988 113
99413 114
99415 114
100119 114
286563 114
286721 114
286722 114
286723 114
286810 114
286812 114
287058 114
18052 115
38799 115
38804 115
44602 115
44604 115
99462 115
99463 115
99510 115
100116 115
100553 115
101794 115
101795 115
101797 115
101798 115
103136 115
181114 115
286439 115
286441 115
287965 115
287966 115
287967 115
100052 116
100662 116
100663 116
101528 116
101532 116
101550 116
101552 116
101553 116
286476 116
286479 116
286584 116
359962 116
360683 116
360686 116
286562 117
38793 118
38796 118
38800 118
38801 118
38802 118
101414 118
101415 118
101416 118
101417 118
101530 118
101531 118
101800 118
286664 118
286668 118
287886 118
287889 118
287891 118
361063 118
361066 118
45395 119
45397 119
45399 119
101529 119
101533 119
286811 119
286812 119
286813 119
288197 119
289245 119
18551 120
100259 120
100370 120
287809 120
287810 120
287811 120
287812 120
287885 120
287890 120
99461 121
99462 121
100687 121
100688 121
101517 121
101552 121
101553 121
287009 121
287010 121
287179 121
287180 121
287965 121
287966 121
101729 122
101731 122
286935 122
45302 123
45303 123
286894 123
287889 123
325248 125
325251 125
45301 126
286304 126
286895 126
286896 126
286897 126
81821 127
287807 127
287808 127
287811 127
287812 127
287887 127
287888 127
287891 127
288014 127
100836 128
286629 128
287520 128
287524 128
287525 128
100462 129
100764 129
100765 129
286306 129
286307 129
99458 130
99460 130
100430 130
286248 130
286432 130
287030 130
287506 130
286429 131
286430 131
286431 131
286799 131
286801 131
286802 131
100835 132
100837 132
100933 132
287440 132
287698 132
286531 133
287028 133
287029 133
100430 134
100432 134
100434 134
100435 134
287246 134
287248 134
100437 135
286763 135
286764 135
286766 135
287872 135
287191 136
287441 136
287698 136
287699 136
99436 137
99437 137
99438 137
99565 137
99566 137
99568 137
286248 138
286428 138
286829 140
286831 140
286830 142
287256 142
286518 144
286516 147
286520 147
286521 147
287408 147
287409 147
286518 153
286521 153
288178 154
288179 154
286520 156
286517 158
286518 158
288243 160
288032 162
286444 170
286446 170
286447 170
286546 172
286547 172
286548 172
378254 172
286438 179
89736 183
89737 183
286436 185
286437 185
