24656 0 6 6 4 0
64554 1 3 6 3 0
65406 0 6 6 1 0
85250 0 6 6 3 0
94179 0 6 6 3 0
147642 0 6 6 3 1
215741 1 3 6 3 0
228248 1 3 6 0 0
232932 0 6 6 3 0
274808 1 4 6 0 0
292547 0 6 6 1 0
296025 0 6 6 2 0
297368 0 6 6 3 0
319748 1 3 6 0 0
360872 1 3 6 3 0
435455 0 6 6 1 0
448799 0 6 6 2 1
475493 1 2 6 3 0
530501 1 3 6 0 0
534187 0 6 6 3 0
93402 0 6 7 3 1
232930 0 6 7 1 0
292213 0 6 7 1 0
78422 1 4 8 3 0
227935 0 6 8 0 0
290406 1 2 8 1 0
429858 0 6 8 2 0
291009 0 6 9 1 0
292546 0 6 9 1 0
435523 1 5 9 1 0
65409 0 6 10 3 0
274810 0 6 10 3 0
289324 0 6 10 3 0
290505 0 6 10 1 0
292550 1 3 10 3 0
293019 0 6 10 1 0
429860 0 6 10 3 1
474802 0 6 10 3 0
85247 0 6 11 4 0
227934 1 3 11 0 0
232929 0 6 12 1 0
290401 1 4 12 1 0
85423 1 3 13 3 0
290399 0 6 13 1 0
292714 1 4 13 1 1
334666 0 6 13 3 0
355310 1 3 13 3 0
290386 0 6 14 1 0
290411 1 4 14 1 0
291785 0 6 14 1 1
291837 1 2 14 1 0
292548 0 6 14 1 0
290647 1 5 15 1 0
291553 1 3 15 3 0
355307 0 6 15 0 0
84910 0 6 16 3 0
290387 0 6 16 1 0
290393 1 3 16 4 0
290398 1 5 16 0 0
290400 1 4 16 1 0
291733 1 3 16 1 0
292464 0 6 16 1 0
292713 1 3 16 1 0
355308 0 6 16 1 0
85419 1 2 17 3 0
290403 1 3 17 2 0
290404 1 2 17 3 1
291839 0 6 17 2 0
84905 0 6 18 3 0
290382 1 3 18 0 0
290409 1 4 19 3 0
292075 0 6 19 4 0
35552 1 3 20 3 1
248271 1 3 20 2 0
291841 0 6 20 3 0
290737 1 3 21 1 0
353601 1 3 21 1 0
355311 0 6 21 3 0
355315 0 6 21 0 0
355316 0 6 22 1 0
291518 1 3 23 1 0
354093 0 6 23 1 0
149685 0 6 24 3 0
248273 1 2 24 3 0
290383 1 3 24 1 1
323768 1 4 24 3 0
290738 0 6 25 1 0
290739 0 6 25 1 0
290741 1 4 25 3 0
291517 0 6 25 0 0
291524 1 3 25 3 0
354567 1 2 25 1 0
355393 0 6 25 1 0
356092 1 3 25 1 0
319682 0 6 26 3 0
353644 1 4 26 1 0
354568 0 6 26 2 0
354779 0 6 26 3 0
355095 1 4 26 1 0
356093 1 4 26 3 0
290675 0 6 27 0 0
290889 0 6 27 1 0
291520 0 6 27 1 0
291706 0 6 27 0 0
318844 1 4 27 4 0
354564 0 6 27 4 0
355575 0 6 27 1 0
290377 0 6 28 1 0
291709 1 2 28 3 0
292139 1 3 28 4 0
354375 0 6 28 4 1
355440 0 6 28 1 0
46024 0 6 29 3 0
290910 0 6 29 0 0
291522 1 4 29 3 0
344122 0 6 29 3 0
354566 1 4 29 1 0
355097 0 6 29 3 0
356011 1 3 29 1 0
359153 0 6 29 3 0
290911 0 6 30 1 0
291710 1 2 30 3 0
292706 1 2 30 4 1
353647 0 6 30 3 0
354384 0 6 30 1 0
355576 1 4 30 3 1
46021 1 3 31 1 0
291708 1 3 31 1 0
291712 1 3 31 1 0
291719 1 3 31 3 0
292170 0 6 31 1 0
353686 1 4 31 1 0
354943 0 6 31 1 0
355776 1 3 31 0 0
411082 1 3 31 3 0
291456 0 6 32 0 0
292318 0 6 32 3 0
355206 0 6 32 1 0
355836 0 6 32 3 0
356252 0 6 32 1 0
292813 0 6 33 1 0
353688 1 3 33 1 0
356012 1 3 33 3 0
411085 1 2 33 4 0
291991 1 3 34 3 0
310922 0 6 34 3 1
353687 0 6 34 1 0
354023 1 3 34 1 0
355801 1 2 34 4 1
356004 1 3 34 3 0
356013 0 6 34 3 0
356254 1 3 34 1 0
356256 0 6 34 3 0
46022 1 3 35 1 0
46315 0 6 35 1 0
46663 1 3 35 1 0
97599 1 4 35 3 0
290518 0 6 35 1 0
291711 1 3 35 1 1
291720 0 6 35 3 0
292410 0 6 35 1 0
293095 1 4 35 4 1
353964 1 4 35 3 1
355775 0 6 35 0 0
356105 1 4 35 1 0
449540 0 6 35 3 0
35648 0 6 36 3 1
290637 1 3 36 0 0
291717 0 6 36 1 0
353695 1 2 36 4 0
353812 1 3 36 1 0
355111 1 3 36 1 0
356010 0 6 36 1 0
356250 1 4 36 2 0
46665 1 4 37 3 0
47741 1 3 37 1 0
291714 1 3 37 3 0
306916 0 6 37 3 0
353665 0 6 37 1 0
354424 0 6 37 1 0
355835 1 5 37 3 0
355848 0 6 37 1 0
356173 1 3 37 2 0
356255 1 3 37 3 0
46662 0 6 38 1 1
46941 0 6 38 1 0
47136 0 6 38 1 0
47742 0 6 38 1 0
97749 0 6 38 3 0
104163 1 4 38 3 0
239132 1 4 38 2 0
290520 0 6 38 2 0
292815 0 6 38 1 0
353689 0 6 38 3 0
353694 1 3 38 4 0
354529 0 6 38 2 0
355432 1 4 38 1 0
356083 1 5 38 3 0
356171 1 3 38 1 0
411084 1 4 38 3 1
449539 0 6 38 3 0
46062 1 3 39 1 0
292407 0 6 39 1 1
292411 0 6 39 3 0
292413 0 6 39 1 0
292814 0 6 39 1 0
353808 0 6 39 3 0
355849 0 6 39 1 0
46661 0 6 40 0 1
47495 0 6 40 1 0
47743 0 6 40 1 0
59303 0 6 40 3 0
290519 1 3 40 1 0
290563 1 4 40 1 0
292675 0 6 40 4 1
324506 1 4 40 3 0
353814 0 6 40 3 0
355053 0 6 40 1 0
47740 0 6 41 0 0
142707 0 6 41 3 1
290638 0 6 41 0 0
292406 0 6 41 1 0
354236 0 6 41 1 0
354871 0 6 41 1 0
355055 0 6 41 3 0
355246 1 3 41 1 0
355691 0 6 41 1 0
356175 1 2 41 2 0
356271 1 3 41 1 0
395927 0 6 41 2 0
353760 1 4 42 1 0
354353 1 3 42 1 0
354869 0 6 42 3 0
355850 0 6 42 2 1
46063 1 3 43 3 0
48173 1 2 43 1 0
119815 1 3 43 3 0
290561 0 6 43 0 0
292385 0 6 43 1 0
293082 1 2 43 2 0
355247 1 3 43 3 0
355420 1 3 43 1 0
376620 0 6 43 3 0
449537 0 6 43 1 0
481739 0 6 43 2 0
4426 1 4 44 3 0
47089 1 2 44 1 0
47449 0 6 44 1 0
173509 0 6 44 3 0
292044 1 4 44 1 0
292090 1 3 44 1 0
292527 1 3 44 1 0
313403 0 6 44 3 0
354705 0 6 44 1 1
354872 0 6 44 3 0
355899 0 6 44 1 0
46020 1 4 45 1 0
290564 1 2 45 2 0
290716 1 4 45 1 0
292409 1 3 45 3 0
292471 1 4 45 1 0
353942 1 3 45 1 0
354515 1 3 45 3 0
354870 0 6 45 0 0
354942 0 6 45 1 0
355054 1 3 45 1 0
355148 1 2 45 1 0
355423 0 6 45 3 0
46316 0 6 46 1 0
47254 0 6 46 1 0
290569 1 3 46 1 0
291347 1 2 46 1 0
292092 1 2 46 3 1
355493 0 6 46 1 0
376619 1 3 46 3 0
4427 1 3 47 4 0
46549 0 6 47 1 0
46684 1 3 47 1 0
47036 0 6 47 4 0
47447 1 3 47 1 0
47450 0 6 47 3 0
47451 0 6 47 3 1
272947 0 6 47 3 0
290721 1 2 47 3 0
292476 0 6 47 1 0
353559 1 2 47 1 0
354326 1 4 47 1 0
354355 1 3 47 3 0
354464 1 3 47 1 0
354950 0 6 47 2 0
355150 0 6 47 3 0
355223 1 4 47 1 0
355248 0 6 47 3 0
355419 0 6 47 1 0
46071 0 6 48 1 0
46737 1 4 48 1 0
46875 1 5 48 1 0
46877 1 3 48 1 1
47059 1 5 48 1 0
47748 0 6 48 1 0
290578 0 6 48 1 0
291091 0 6 48 1 0
291827 0 6 48 3 0
292261 1 3 48 3 0
292473 0 6 48 3 0
330116 0 6 48 2 0
354250 1 4 48 1 0
354704 1 4 48 1 0
355045 1 2 48 1 0
46010 0 6 49 1 0
46901 1 3 49 1 0
47091 0 6 49 3 0
73599 0 6 49 3 0
258971 1 3 49 3 1
290562 1 3 49 1 0
290571 1 2 49 3 0
290697 1 3 49 1 0
292468 0 6 49 2 0
292477 1 3 49 3 0
341191 1 2 49 3 1
353574 0 6 49 1 0
353602 0 6 49 2 0
353802 1 3 49 1 0
354020 0 6 49 2 0
354811 1 3 49 1 0
355619 1 3 49 1 0
46163 1 2 50 1 0
46236 0 6 50 1 0
46496 1 2 50 1 0
48086 0 6 50 1 0
290643 0 6 50 2 0
290717 0 6 50 3 0
291035 1 3 50 1 0
291343 1 2 50 1 1
292472 1 2 50 3 0
292480 0 6 50 1 1
315941 0 6 50 3 0
353591 1 4 50 1 1
353700 1 4 50 1 0
353722 0 6 50 1 0
353884 1 4 50 1 0
353929 0 6 50 3 0
354075 0 6 50 1 0
354252 0 6 50 2 0
355009 0 6 50 1 0
355389 0 6 50 1 0
355615 0 6 50 1 0
356075 1 4 50 1 0
46043 1 2 51 1 0
46073 1 4 51 3 0
46238 0 6 51 2 0
46331 0 6 51 1 0
46626 1 4 51 1 0
46732 0 6 51 4 0
46751 0 6 51 1 0
46786 1 4 51 1 0
47060 0 6 51 1 0
47292 0 6 51 1 0
47446 0 6 51 0 0
47751 0 6 51 1 0
117517 1 4 51 3 0
205600 1 5 51 2 0
291207 0 6 51 1 0
291354 1 3 51 1 0
291914 1 4 51 1 0
292258 1 2 51 4 1
292902 1 4 51 2 0
293198 0 6 51 1 0
353759 0 6 51 4 1
354216 1 3 51 1 1
354253 1 3 51 3 0
354354 1 3 51 3 0
354617 1 3 51 1 1
354810 0 6 51 1 0
354878 0 6 51 2 0
354965 0 6 51 1 1
355390 1 3 51 1 0
46048 1 4 52 3 0
46165 0 6 52 1 0
46630 0 6 52 3 0
46738 1 3 52 1 0
46983 0 6 52 1 0
47275 1 3 52 1 0
80849 0 6 52 3 0
107857 1 3 52 3 0
142455 1 3 52 3 0
290725 0 6 52 4 0
290788 1 4 52 1 0
291345 1 2 52 3 0
292626 0 6 52 1 0
292986 1 3 52 1 0
353782 1 3 52 2 0
353926 0 6 52 1 0
354073 1 2 52 0 0
354571 0 6 52 1 0
354812 1 3 52 3 1
355012 0 6 52 3 0
355872 1 4 52 1 0
355935 1 4 52 1 0
356165 0 6 52 1 0
45887 0 6 53 1 0
46008 0 6 53 1 0
46157 1 4 53 4 1
46164 1 3 53 1 0
46171 1 4 53 1 0
46466 1 3 53 1 0
46547 0 6 53 1 0
46782 0 6 53 2 0
46935 0 6 53 1 0
47702 1 4 53 3 0
47749 0 6 53 1 0
121966 0 6 53 3 0
142456 1 4 53 3 1
166707 1 3 53 3 0
290318 0 6 53 1 0
291030 0 6 53 1 0
291917 0 6 53 1 0
292474 1 3 53 1 0
292683 0 6 53 1 0
292715 0 6 53 1 0
292789 0 6 53 4 0
292792 1 4 53 1 0
353589 0 6 53 0 0
353699 1 2 53 1 0
353885 0 6 53 1 0
353907 1 4 53 1 0
354018 1 3 53 1 0
354249 1 3 53 1 0
355153 0 6 53 1 1
355361 0 6 53 3 0
356317 0 6 53 4 1
432548 0 6 53 3 0
444067 1 3 53 3 0
46049 1 3 54 3 0
46074 0 6 54 3 1
46222 1 2 54 1 0
46235 1 5 54 0 0
46625 0 6 54 0 0
46736 1 2 54 0 0
46979 1 3 54 1 0
47069 0 6 54 1 0
47314 0 6 54 1 0
47752 1 4 54 1 1
80848 0 6 54 3 0
94539 0 6 54 2 0
269957 1 4 54 3 0
290724 1 2 54 4 0
290872 1 4 54 1 0
291208 1 2 54 1 0
291291 1 2 54 3 0
291396 1 3 54 2 0
292274 1 3 54 1 0
292628 0 6 54 3 0
292747 1 4 54 1 0
353887 0 6 54 3 0
354218 0 6 54 3 1
354619 0 6 54 1 0
354813 1 3 54 3 0
355007 1 3 54 1 0
355536 0 6 54 1 0
355936 1 3 54 1 0
355937 1 4 54 1 0
356149 1 4 54 1 0
356185 0 6 54 1 0
430616 0 6 54 3 0
464088 1 3 54 3 0
542606 0 6 54 3 0
19518 0 6 55 3 0
45921 0 6 55 1 0
46017 1 3 55 4 1
46389 0 6 55 0 0
46468 1 5 55 1 0
46548 0 6 55 1 1
46818 1 2 55 1 0
46936 1 4 55 1 0
46980 0 6 55 1 0
47037 1 3 55 1 0
47576 0 6 55 1 0
47750 0 6 55 3 0
47779 1 4 55 1 0
47794 0 6 55 1 0
48217 1 4 55 1 0
259981 1 2 55 2 0
291125 0 6 55 1 0
291271 1 4 55 1 1
291292 0 6 55 3 0
291504 0 6 55 3 0
291984 1 3 55 1 0
292627 0 6 55 1 0
292680 1 3 55 1 0
292985 0 6 55 1 0
353566 0 6 55 0 0
353886 1 3 55 2 0
354022 0 6 55 3 0
354214 1 5 55 0 0
354215 1 4 55 1 0
354352 0 6 55 1 0
354618 1 4 55 1 0
354659 0 6 55 2 0
354731 0 6 55 1 0
354966 1 4 55 3 0
355380 1 3 55 1 0
355445 1 3 55 1 0
355622 1 4 55 3 0
355781 0 6 55 1 0
355799 1 2 55 1 0
46000 0 6 56 1 0
46981 1 4 56 3 0
47007 0 6 56 1 1
47374 0 6 56 1 0
47695 1 4 56 1 0
47753 0 6 56 1 0
47760 1 4 56 1 0
47965 1 3 56 1 0
48200 1 4 56 1 0
85295 0 6 56 2 1
142452 1 3 56 3 1
194521 1 2 56 2 0
290873 0 6 56 1 0
291117 0 6 56 1 0
291205 0 6 56 0 0
291355 1 4 56 1 1
292178 0 6 56 1 0
292630 0 6 56 3 0
293045 1 3 56 4 0
312780 0 6 56 3 0
353623 1 3 56 4 0
354178 1 2 56 1 0
354217 1 3 56 3 0
354224 1 2 56 1 0
354351 1 5 56 0 0
354503 1 4 56 1 1
355533 0 6 56 1 0
355673 0 6 56 1 0
355780 0 6 56 1 0
355800 1 3 56 3 0
356151 0 6 56 3 0
381481 0 6 56 3 0
435151 1 5 56 3 0
453241 1 4 56 3 0
19519 0 6 57 3 0
45897 1 4 57 1 0
46162 0 6 57 3 0
46168 1 3 57 0 0
46169 1 3 57 1 0
46170 0 6 57 1 0
46332 0 6 57 3 1
46378 0 6 57 3 1
46393 1 2 57 2 0
46462 1 3 57 1 0
46470 1 4 57 3 0
46503 0 6 57 1 0
46623 1 3 57 1 0
46740 0 6 57 2 0
46817 1 2 57 0 0
47199 1 3 57 3 0
47326 1 3 57 1 0
47346 1 3 57 1 0
47372 0 6 57 0 0
47427 1 3 57 1 0
47436 1 4 57 1 0
47503 0 6 57 4 1
47715 0 6 57 1 0
48035 0 6 57 1 0
259979 1 4 57 0 0
290879 0 6 57 1 0
291122 0 6 57 4 1
291511 0 6 57 1 0
292624 1 4 57 0 1
292776 1 4 57 1 0
293226 0 6 57 2 1
353633 1 2 57 3 0
353952 0 6 57 1 0
354017 0 6 57 1 0
354029 1 2 57 4 0
354117 1 3 57 1 0
354197 1 3 57 1 0
354621 0 6 57 3 0
355011 0 6 57 2 0
355444 0 6 57 1 0
356283 0 6 57 1 0
444072 0 6 57 3 0
473074 1 4 57 2 0
1290 0 6 58 3 0
20917 0 6 58 3 0
46059 0 6 58 1 0
46072 0 6 58 1 0
46089 1 2 58 1 0
46225 1 5 58 3 0
46253 1 2 58 1 0
46261 0 6 58 1 0
46381 1 3 58 1 0
46646 1 2 58 1 0
46766 0 6 58 1 0
46848 0 6 58 1 0
46930 0 6 58 1 0
46984 0 6 58 3 0
47063 0 6 58 0 0
47103 1 3 58 1 0
47545 1 4 58 1 0
47679 1 3 58 1 0
47754 0 6 58 3 0
47780 0 6 58 3 0
47968 0 6 58 3 0
48041 0 6 58 3 0
98732 1 3 58 3 1
291175 1 3 58 1 0
291180 1 2 58 1 0
291580 0 6 58 3 0
292102 1 3 58 3 0
292796 0 6 58 3 0
341537 1 2 58 3 0
353612 0 6 58 1 0
353668 0 6 58 1 0
353702 0 6 58 3 0
354339 1 2 58 1 0
354755 0 6 58 1 0
355005 0 6 58 4 0
355023 0 6 58 1 0
355196 1 3 58 1 0
355443 0 6 58 1 0
355541 1 2 58 0 0
355933 0 6 58 1 0
355939 0 6 58 3 1
434107 1 3 58 3 0
435150 1 2 58 3 0
1288 0 6 59 0 1
45896 0 6 59 1 0
45937 0 6 59 1 0
45994 1 3 59 1 0
46231 1 3 59 1 0
46252 1 4 59 1 0
46272 0 6 59 1 0
46291 0 6 59 1 0
46461 0 6 59 1 0
46559 0 6 59 0 0
46820 0 6 59 2 0
47000 1 4 59 2 0
47102 1 5 59 1 0
47349 1 3 59 1 1
47373 0 6 59 1 0
47431 0 6 59 1 1
47583 1 3 59 1 1
47761 1 3 59 1 0
47858 0 6 59 4 0
47874 0 6 59 1 0
48172 0 6 59 1 0
48201 1 3 59 1 0
166708 1 3 59 3 0
202456 0 6 59 3 0
238957 0 6 59 3 0
259973 0 6 59 1 0
291114 1 4 59 1 0
291126 1 3 59 1 0
291263 1 4 59 1 0
291435 0 6 59 1 0
291494 0 6 59 1 0
291578 0 6 59 1 0
291982 0 6 59 1 0
291985 0 6 59 3 0
292718 1 3 59 1 0
292790 0 6 59 4 1
337274 1 3 59 3 0
353590 0 6 59 0 0
353631 0 6 59 1 0
353954 0 6 59 2 0
354225 0 6 59 3 0
354243 1 3 59 1 0
355538 0 6 59 3 0
355783 0 6 59 1 0
356148 1 3 59 0 0
356153 1 4 59 1 0
356282 0 6 59 0 0
455753 0 6 59 3 0
551003 1 2 59 3 0
1289 1 4 60 1 0
37838 0 6 60 3 0
46079 0 6 60 3 0
46376 0 6 60 1 0
46380 0 6 60 1 0
46383 1 4 60 1 0
46587 1 3 60 1 0
46905 0 6 60 1 0
47145 1 4 60 1 0
47333 0 6 60 1 0
47375 1 4 60 2 0
47416 0 6 60 1 0
47429 1 5 60 3 0
47491 1 3 60 1 0
47500 0 6 60 2 0
47698 1 2 60 3 0
47969 0 6 60 3 0
48088 1 3 60 1 0
48122 0 6 60 1 0
48169 1 4 60 1 0
48171 0 6 60 1 0
290484 0 6 60 1 0
290883 1 3 60 3 0
291118 1 3 60 1 0
291503 0 6 60 1 1
291505 0 6 60 3 0
353628 0 6 60 0 0
353698 0 6 60 3 1
353962 1 3 60 1 0
354675 1 3 60 1 0
354917 1 2 60 1 0
355535 1 3 60 1 0
355782 0 6 60 1 0
356675 1 4 60 2 0
528038 0 6 60 3 0
528797 0 6 60 2 0
46375 1 5 61 4 0
46456 0 6 61 4 0
47347 1 3 61 1 0
47352 0 6 61 3 0
47876 0 6 61 1 0
139329 0 6 61 3 1
291116 0 6 61 3 1
291183 1 3 61 3 0
291436 0 6 61 1 0
292072 1 3 61 1 0
292777 1 3 61 3 0
293018 0 6 61 1 0
321772 0 6 61 3 0
353667 1 4 61 0 0
353959 0 6 61 1 1
354180 1 2 61 3 0
354260 1 3 61 1 0
354756 1 2 61 1 0
355537 1 2 61 3 0
355798 1 4 61 1 1
356156 0 6 61 3 1
1371 0 6 62 1 0
17838 1 4 62 3 0
46088 1 3 62 1 0
46256 1 5 62 3 1
46277 0 6 62 1 0
46284 0 6 62 1 0
46384 1 4 62 3 0
46394 0 6 62 3 0
46575 1 4 62 3 0
46926 1 3 62 3 0
47104 1 4 62 3 0
47334 0 6 62 2 0
47348 1 3 62 1 0
47371 0 6 62 0 0
48109 1 3 62 4 0
48168 0 6 62 1 0
59954 0 6 62 3 0
184708 1 3 62 2 0
235984 0 6 62 3 0
275847 0 6 62 2 0
290482 0 6 62 1 0
291167 1 2 62 4 1
292793 0 6 62 2 1
351756 0 6 62 2 0
353613 1 2 62 3 0
353614 0 6 62 3 1
353670 1 4 62 3 0
354240 0 6 62 1 0
354758 0 6 62 2 0
354820 1 3 62 1 0
355498 0 6 62 1 0
355542 1 3 62 0 0
490034 1 3 62 2 0
528798 1 5 62 3 0
7484 1 4 63 2 0
46034 1 2 63 1 0
46230 1 3 63 0 0
46469 0 6 63 3 0
46647 0 6 63 1 0
46795 1 3 63 1 0
46906 0 6 63 1 0
47065 0 6 63 1 0
47271 1 3 63 4 0
47632 0 6 63 1 0
47714 1 5 63 0 0
47868 1 4 63 0 0
47869 1 4 63 0 0
48091 0 6 63 4 0
48237 1 2 63 1 1
101230 1 2 63 3 0
290480 1 3 63 1 0
290486 1 4 63 3 0
291477 1 3 63 1 0
291573 0 6 63 1 0
292101 0 6 63 3 0
292741 1 3 63 2 0
293067 0 6 63 1 0
353632 1 2 63 3 1
353765 0 6 63 1 0
353960 1 3 63 1 0
354006 1 3 63 1 0
354340 1 4 63 1 0
354397 0 6 63 0 0
354495 0 6 63 1 0
355141 1 3 63 1 0
355600 0 6 63 1 0
416567 0 6 63 3 0
46232 1 4 64 1 0
47144 1 4 64 1 0
47463 1 3 64 1 0
47490 0 6 64 1 0
47701 1 2 64 1 0
48087 1 4 64 1 0
236093 1 2 64 2 0
290481 0 6 64 1 0
290509 0 6 64 1 0
290850 1 5 64 1 0
290881 1 4 64 2 0
290953 0 6 64 1 0
291437 0 6 64 1 0
292022 0 6 64 1 0
293016 0 6 64 0 0
339315 1 3 64 3 0
353669 1 3 64 3 1
353818 0 6 64 1 0
354035 1 4 64 1 0
354168 0 6 64 1 0
354179 0 6 64 1 0
354242 0 6 64 1 0
355594 0 6 64 1 0
355929 0 6 64 1 0
356029 1 4 64 1 0
356674 0 6 64 0 0
401504 0 6 64 3 0
447451 0 6 64 3 0
490035 0 6 64 3 0
16850 0 6 65 2 0
44828 1 3 65 3 0
46276 0 6 65 1 0
46574 0 6 65 2 0
47135 0 6 65 3 0
47351 0 6 65 3 0
47376 1 3 65 2 0
47521 1 3 65 1 0
47535 1 2 65 1 0
47871 0 6 65 1 0
48120 0 6 65 3 0
48123 0 6 65 1 0
79529 1 4 65 2 0
145299 0 6 65 3 0
184709 0 6 65 2 0
235986 0 6 65 3 0
242270 1 3 65 3 0
247438 0 6 65 2 0
259972 1 5 65 1 0
290394 0 6 65 1 0
291429 0 6 65 2 0
292488 1 2 65 1 0
292609 1 4 65 4 1
293096 0 6 65 4 0
353629 0 6 65 1 0
354761 1 3 65 2 1
354823 0 6 65 3 1
355014 1 3 65 1 0
355640 0 6 65 3 0
447452 1 3 65 3 0
457392 0 6 65 3 0
489400 1 3 65 3 1
499513 0 6 65 3 1
46147 1 4 66 0 0
46211 0 6 66 1 0
46279 1 2 66 3 0
46923 1 3 66 2 0
47311 1 4 66 3 0
47350 1 4 66 3 0
47488 1 4 66 1 0
47807 0 6 66 3 1
48089 1 4 66 3 0
137738 1 3 66 3 0
291478 1 3 66 1 0
292071 0 6 66 1 0
292144 0 6 66 3 0
292744 0 6 66 3 0
292800 1 4 66 1 1
300574 1 3 66 3 0
329600 0 6 66 2 0
339314 1 4 66 0 0
351752 0 6 66 0 0
353617 0 6 66 3 0
353819 0 6 66 1 0
354974 0 6 66 3 0
355015 1 2 66 1 0
355579 1 3 66 4 1
355807 1 3 66 2 0
356195 0 6 66 3 1
395958 1 4 66 3 0
400954 1 4 66 3 0
416566 1 3 66 3 1
426332 0 6 66 3 0
482253 0 6 66 2 0
489754 1 3 66 4 0
45910 0 6 67 3 0
46845 1 4 67 4 1
46867 1 4 67 1 0
46971 0 6 67 1 0
47066 0 6 67 1 0
47147 1 3 67 3 0
47262 1 5 67 1 0
48084 0 6 67 3 1
48090 0 6 67 3 0
48125 0 6 67 3 0
48137 1 5 67 2 0
180552 0 6 67 3 0
237708 1 3 67 2 0
251028 0 6 67 2 0
271448 1 2 67 2 1
290756 0 6 67 1 0
290980 0 6 67 3 0
290987 1 3 67 4 1
291575 0 6 67 3 0
292743 1 4 67 3 0
293020 1 3 67 3 0
353709 1 3 67 1 0
353820 1 3 67 2 0
353953 0 6 67 1 0
354037 0 6 67 1 0
354039 1 4 67 3 1
354861 1 4 67 1 0
355070 1 3 67 0 0
355142 1 4 67 1 0
355581 0 6 67 1 0
356203 0 6 67 1 0
414998 0 6 67 3 0
490036 0 6 67 3 0
19065 0 6 68 3 1
45911 1 3 68 3 0
46033 0 6 68 1 0
46160 1 4 68 1 1
47064 1 2 68 1 0
47067 1 3 68 2 0
47133 1 4 68 1 0
47396 1 2 68 3 0
47417 0 6 68 1 0
47527 1 5 68 1 0
47914 0 6 68 1 0
47946 0 6 68 4 0
48124 0 6 68 1 0
48235 1 3 68 0 0
87927 1 3 68 3 0
184711 1 3 68 3 0
245542 1 3 68 3 0
259974 1 3 68 2 0
291476 0 6 68 1 0
339120 1 2 68 0 0
339316 1 3 68 3 1
340689 1 3 68 4 0
353649 1 3 68 1 0
354038 1 4 68 1 0
355940 1 3 68 0 0
452342 0 6 68 3 0
39372 0 6 69 3 0
46066 1 4 69 1 0
46282 0 6 69 3 0
46450 1 4 69 3 1
46526 0 6 69 3 0
47893 1 4 69 1 0
48016 1 2 69 1 0
108128 0 6 69 3 0
248928 0 6 69 3 0
291995 1 4 69 1 0
292367 1 3 69 1 0
292705 1 3 69 4 1
292803 0 6 69 3 0
354036 0 6 69 1 0
354040 1 4 69 3 0
354338 1 4 69 1 0
354494 0 6 69 1 0
354863 0 6 69 3 0
356194 1 3 69 3 0
379646 0 6 69 2 0
420873 0 6 69 3 0
437106 0 6 69 3 0
482254 0 6 69 3 0
493714 0 6 69 3 1
499511 1 3 69 0 0
16856 0 6 70 3 0
18584 1 3 70 3 0
27657 1 3 70 3 0
44827 1 4 70 3 0
46280 1 3 70 3 0
46502 1 4 70 1 0
46868 0 6 70 1 0
47062 0 6 70 0 0
47493 1 3 70 3 1
47620 1 3 70 4 0
48061 1 3 70 1 0
89205 0 6 70 1 0
108129 1 4 70 3 0
291718 1 3 70 1 0
292012 0 6 70 4 0
339487 0 6 70 0 0
352896 0 6 70 4 1
353822 1 3 70 3 0
354044 0 6 70 1 0
354569 1 5 70 3 0
354973 0 6 70 3 0
355398 1 2 70 3 0
355561 1 3 70 1 0
355761 0 6 70 1 0
355808 0 6 70 3 0
356028 0 6 70 0 0
356589 1 2 70 0 0
421792 1 4 70 3 0
467633 1 3 70 3 0
489751 0 6 70 3 0
491710 0 6 70 3 0
46508 0 6 71 4 0
46990 1 3 71 4 0
47118 1 3 71 0 0
47119 1 4 71 1 0
47420 1 3 71 3 0
47492 0 6 71 3 0
61031 1 3 71 3 0
63476 0 6 71 2 0
82253 1 5 71 3 0
209842 0 6 71 3 0
243232 1 4 71 3 0
290405 0 6 71 1 0
290755 0 6 71 1 0
290994 0 6 71 4 0
353742 1 5 71 1 0
354043 0 6 71 1 0
354683 1 3 71 4 1
356591 0 6 71 1 0
384689 1 5 71 3 0
390542 0 6 71 4 0
426331 0 6 71 3 0
476979 1 4 71 3 0
491711 0 6 71 3 0
15143 1 3 72 2 0
42080 0 6 72 3 0
46212 0 6 72 1 0
46593 1 3 72 1 0
46870 1 4 72 2 0
47120 0 6 72 3 1
47285 0 6 72 4 0
248599 1 4 72 3 0
290693 0 6 72 1 0
291832 0 6 72 1 0
292074 1 4 72 3 0
339285 1 4 72 0 0
353708 1 3 72 0 0
354423 1 3 72 1 0
355943 0 6 72 3 0
355944 1 3 72 3 0
779 1 4 73 2 0
8683 1 3 73 3 0
46418 0 6 73 1 0
47894 1 3 73 1 0
50010 1 3 73 3 0
87925 1 3 73 0 0
183105 1 2 73 2 0
291467 0 6 73 1 0
292799 0 6 73 0 0
354434 0 6 73 1 0
354616 1 2 73 1 0
355164 0 6 73 2 0
356571 0 6 73 0 0
42090 0 6 74 4 0
47437 0 6 74 1 0
47487 1 4 74 1 0
47895 0 6 74 3 0
47910 0 6 74 2 0
226855 1 3 74 2 0
291589 0 6 74 1 0
291742 0 6 74 1 0
292253 1 2 74 1 0
353864 0 6 74 1 0
353874 1 3 74 1 0
354727 1 3 74 1 0
355562 1 3 74 1 0
355843 0 6 74 1 0
355882 1 4 74 4 0
781 0 6 75 2 0
8682 0 6 75 1 0
87922 1 3 75 1 0
168759 0 6 75 3 0
181489 0 6 75 4 1
226856 0 6 75 4 0
339286 0 6 75 1 0
348193 1 4 75 2 0
353745 0 6 75 3 0
354435 0 6 75 1 0
354496 1 3 75 3 1
354620 0 6 75 3 0
354726 0 6 75 1 0
354925 1 3 75 3 0
355762 1 2 75 1 0
356593 0 6 75 3 0
12252 0 6 76 2 0
44388 0 6 76 3 0
46504 1 2 76 3 1
46537 0 6 76 1 1
46638 0 6 76 1 0
47021 1 3 76 1 1
87928 1 4 76 3 0
136734 0 6 76 3 0
177862 0 6 76 2 0
291470 1 2 76 4 1
291744 1 2 76 3 0
292103 0 6 76 1 0
292570 0 6 76 1 0
292826 0 6 76 1 0
293165 1 3 76 1 0
354426 1 4 76 3 0
354436 0 6 76 2 0
354437 1 4 76 3 0
355397 1 4 76 1 0
355521 0 6 76 1 0
355763 0 6 76 3 0
356253 1 5 76 1 0
425636 1 3 76 2 0
42087 1 3 77 1 0
42089 1 3 77 4 0
46592 1 4 77 1 0
227530 0 6 77 3 0
291831 1 4 77 1 0
292334 0 6 77 1 0
292681 0 6 77 1 0
292978 0 6 77 1 0
293236 1 5 77 1 0
354070 0 6 77 1 0
354438 1 3 77 3 1
354682 1 2 77 3 0
355476 0 6 77 4 1
355870 0 6 77 1 0
356204 1 3 77 3 0
407932 1 2 77 3 0
35081 1 3 78 3 0
46347 0 6 78 1 0
46500 1 4 78 3 1
46655 1 3 78 1 0
46672 0 6 78 1 0
46799 0 6 78 1 0
46940 0 6 78 1 0
87850 0 6 78 1 0
120182 1 3 78 3 0
175794 1 3 78 2 0
247434 0 6 78 3 0
252647 0 6 78 3 0
290608 0 6 78 0 0
291137 1 3 78 1 0
291245 0 6 78 1 0
291739 0 6 78 0 0
291823 1 3 78 1 0
292825 1 2 78 1 0
293131 1 2 78 1 0
293237 1 3 78 2 0
330649 0 6 78 2 0
354155 1 3 78 1 0
354159 1 2 78 1 0
354383 0 6 78 1 0
354829 0 6 78 4 0
355564 0 6 78 3 0
356570 0 6 78 0 0
424270 1 3 78 2 0
1480 0 6 79 3 0
6844 1 4 79 3 0
35082 1 2 79 3 0
40358 1 4 79 1 0
43749 1 4 79 3 0
46594 1 3 79 3 1
46921 1 3 79 1 0
47489 1 4 79 1 0
88287 1 3 79 1 0
177105 1 3 79 3 0
290525 1 5 79 1 0
290884 0 6 79 1 0
291053 1 3 79 1 0
314929 0 6 79 3 0
353876 1 2 79 3 0
354281 1 4 79 3 0
354385 1 4 79 3 0
354405 1 4 79 1 0
355845 0 6 79 3 0
355871 1 3 79 1 0
33423 0 6 80 3 0
44382 1 3 80 1 0
46965 1 3 80 1 0
47735 0 6 80 1 0
47913 1 4 80 3 0
47991 1 4 80 3 0
48146 0 6 80 1 1
48194 0 6 80 1 0
79316 0 6 80 3 0
176582 0 6 80 3 0
291056 1 3 80 1 0
291741 0 6 80 1 0
291779 0 6 80 0 0
292979 1 4 80 1 0
293136 0 6 80 3 0
309231 1 3 80 3 0
318062 0 6 80 2 0
356295 1 4 80 1 0
356308 1 4 80 1 0
39771 0 6 81 1 0
45888 0 6 81 1 0
46635 0 6 81 3 1
46942 0 6 81 1 0
48148 1 4 81 2 0
88076 0 6 81 1 0
151351 0 6 81 2 1
176230 0 6 81 3 0
252639 0 6 81 3 1
290449 0 6 81 1 0
290574 0 6 81 3 0
292280 0 6 81 1 1
292827 1 3 81 1 0
350406 0 6 81 4 0
355415 1 3 81 2 0
356293 0 6 81 0 1
430478 0 6 81 3 1
40976 0 6 82 1 0
45929 1 4 82 1 0
46534 0 6 82 3 0
46726 0 6 82 1 0
47289 1 4 82 4 1
48015 1 2 82 1 0
54378 1 2 82 3 0
90375 0 6 82 3 0
156438 1 2 82 3 0
228727 1 4 82 3 0
254670 1 3 82 3 0
290685 0 6 82 4 1
290687 0 6 82 3 0
290731 0 6 82 1 0
290868 1 3 82 1 0
290885 0 6 82 1 0
292977 0 6 82 0 1
293012 1 3 82 1 0
326740 1 4 82 3 0
354896 1 3 82 1 0
356131 0 6 82 1 0
511742 0 6 82 3 0
541742 1 3 82 3 0
46517 0 6 83 1 0
46595 0 6 83 3 1
47041 0 6 83 1 0
54373 0 6 83 1 0
55180 1 3 83 3 0
121037 1 3 83 3 0
172852 1 3 83 2 0
290550 1 3 83 4 0
290964 1 3 83 3 0
291784 0 6 83 3 0
292837 0 6 83 1 0
293130 0 6 83 3 0
306789 1 3 83 3 0
354077 0 6 83 2 0
354830 1 3 83 4 1
354895 1 4 83 1 0
355831 0 6 83 1 0
356296 0 6 83 3 0
46377 0 6 84 1 0
46671 1 4 84 1 0
46927 1 3 84 3 0
54372 1 4 84 1 0
88078 0 6 84 3 0
121030 0 6 84 0 0
140841 1 4 84 3 0
151700 1 2 84 1 0
290316 0 6 84 1 0
290444 0 6 84 0 0
290869 0 6 84 3 0
291052 1 3 84 1 0
292281 1 4 84 1 0
292981 1 3 84 3 0
354404 1 2 84 1 0
354406 1 4 84 3 0
354407 0 6 84 3 0
370999 0 6 84 3 0
46972 0 6 85 1 0
47295 1 5 85 3 0
48193 0 6 85 1 0
54374 1 4 85 1 1
179825 0 6 85 3 0
290573 0 6 85 3 0
291783 0 6 85 3 0
331591 1 3 85 3 0
355614 1 3 85 1 0
356243 1 3 85 1 0
397899 1 4 85 3 0
441501 1 3 85 3 0
33421 0 6 86 1 0
46410 0 6 86 1 0
47912 1 4 86 3 0
55097 0 6 86 1 0
89075 1 5 86 1 0
90376 1 5 86 0 0
290450 1 3 86 3 0
290863 0 6 86 1 0
291514 1 3 86 1 0
292604 0 6 86 3 0
292980 0 6 86 3 0
293010 0 6 86 0 0
293484 0 6 86 3 0
354828 0 6 86 3 1
354898 1 3 86 3 0
355162 0 6 86 3 0
356294 0 6 86 1 0
46158 1 3 87 1 0
46986 1 4 87 1 0
54573 0 6 87 3 0
55757 1 3 87 1 0
56013 0 6 87 1 0
88124 0 6 87 1 0
89074 0 6 87 1 0
90374 0 6 87 2 0
96979 1 3 87 3 0
151698 1 4 87 0 1
251852 0 6 87 3 0
251954 1 3 87 3 0
290684 0 6 87 4 0
291054 1 3 87 3 1
291451 1 3 87 1 0
291506 1 3 87 1 0
311849 1 2 87 3 0
370995 1 4 87 0 0
46215 1 4 88 1 0
47042 0 6 88 2 1
54570 1 4 88 1 0
55096 1 4 88 0 0
87891 0 6 88 1 0
88125 0 6 88 1 0
151479 1 4 88 1 0
179824 0 6 88 3 0
251848 1 3 88 0 0
292775 0 6 88 4 1
354894 1 3 88 1 0
354897 0 6 88 3 0
356245 0 6 88 3 0
545491 0 6 88 3 0
32607 1 3 89 4 0
33422 0 6 89 1 0
46681 1 3 89 1 0
46852 0 6 89 1 0
47044 1 3 89 3 1
54574 1 3 89 3 0
55756 0 6 89 0 0
55760 1 3 89 3 0
55960 0 6 89 1 0
56039 1 3 89 1 0
88126 1 3 89 1 0
88127 0 6 89 1 0
251850 1 3 89 1 0
253164 1 3 89 0 0
265884 1 3 89 3 0
290414 0 6 89 3 1
290555 0 6 89 4 1
291650 0 6 89 4 1
291781 1 2 89 1 0
292244 0 6 89 1 0
293008 1 4 89 3 0
355618 0 6 89 1 0
356234 0 6 89 3 0
32944 1 3 90 1 0
33416 1 4 90 1 0
33472 1 3 90 1 0
46343 0 6 90 1 0
47297 1 3 90 3 0
55273 0 6 90 1 0
88196 1 3 90 1 0
89076 0 6 90 1 0
89104 1 4 90 1 0
97205 0 6 90 4 0
251618 0 6 90 0 0
251849 1 4 90 1 0
272104 1 3 90 2 0
293013 1 3 90 2 0
302291 1 2 90 3 0
369776 1 4 90 4 0
370996 1 3 90 1 0
31882 0 6 91 2 0
46679 0 6 91 0 0
54566 1 3 91 3 0
54569 0 6 91 0 0
55098 1 2 91 1 0
55099 0 6 91 2 0
55143 1 3 91 1 0
55321 0 6 91 0 0
55961 1 4 91 3 0
88119 0 6 91 0 0
88131 1 4 91 3 0
88205 1 3 91 1 0
89067 1 3 91 2 0
93184 1 3 91 3 0
223608 1 3 91 3 0
291055 0 6 91 3 0
311848 0 6 91 2 0
332106 0 6 91 2 0
35421 0 6 92 3 1
47267 0 6 92 1 0
54883 0 6 92 1 0
55560 0 6 92 1 0
55723 1 3 92 1 0
55759 1 4 92 3 0
56041 0 6 92 3 0
56200 0 6 92 1 0
87830 0 6 92 1 0
87890 0 6 92 1 0
89077 0 6 92 3 0
151482 1 4 92 3 0
253403 0 6 92 0 0
292565 0 6 92 4 1
293009 0 6 92 4 0
293015 1 3 92 3 0
293699 1 4 92 1 0
370997 1 3 92 1 0
490075 1 3 92 3 0
32489 1 2 93 1 0
33456 0 6 93 3 0
44433 1 4 93 3 0
46217 0 6 93 3 0
55642 1 4 93 1 0
55826 1 5 93 1 1
55942 0 6 93 4 0
56038 1 4 93 1 0
88047 1 3 93 1 0
88132 0 6 93 3 1
253409 0 6 93 1 0
293123 0 6 93 4 0
370998 0 6 93 1 0
32242 1 3 94 3 0
33037 1 2 94 1 0
33417 0 6 94 1 0
46317 0 6 94 1 0
55141 1 3 94 1 0
55370 1 2 94 1 0
55497 1 4 94 1 0
55726 0 6 94 1 0
55831 1 3 94 0 0
56435 1 4 94 1 0
87982 1 3 94 1 0
88075 0 6 94 1 0
88121 0 6 94 1 0
88130 1 4 94 1 0
89070 0 6 94 1 0
89079 1 3 94 3 1
108138 1 4 94 3 0
253165 1 4 94 1 0
265175 1 3 94 3 0
291780 1 3 94 0 0
292812 1 3 94 1 0
354238 0 6 94 3 0
33039 0 6 95 1 0
33345 0 6 95 1 0
33419 1 4 95 3 0
36390 0 6 95 3 0
55140 1 4 95 0 0
55296 0 6 95 1 0
55352 1 3 95 1 0
55437 0 6 95 1 0
87562 1 3 95 2 0
89200 1 3 95 1 0
151474 0 6 95 2 0
253166 0 6 95 1 0
31915 1 3 96 1 0
32490 1 4 96 3 0
54661 0 6 96 1 0
55163 0 6 96 1 0
55394 0 6 96 1 0
55500 1 4 96 0 0
55568 1 2 96 1 0
55643 1 3 96 1 0
56063 0 6 96 1 0
88120 0 6 96 0 0
89011 0 6 96 1 0
89068 0 6 96 3 0
89069 0 6 96 1 0
89073 1 3 96 3 1
290445 1 2 96 1 1
291881 1 3 96 0 0
369645 0 6 96 1 0
370231 1 3 96 1 1
370410 0 6 96 1 0
31917 1 3 97 3 0
32018 1 3 97 1 0
32482 0 6 97 1 0
32485 0 6 97 4 0
32797 0 6 97 1 0
33085 0 6 97 1 1
33340 0 6 97 1 0
33346 1 3 97 3 0
46313 0 6 97 0 0
55295 1 4 97 0 0
55436 1 4 97 1 0
55440 1 3 97 3 0
55496 1 3 97 1 0
55936 0 6 97 1 0
88042 0 6 97 1 0
88409 0 6 97 1 1
89012 0 6 97 3 1
89118 1 5 97 0 0
108137 0 6 97 1 0
229264 0 6 97 3 0
291782 1 2 97 1 0
369941 1 2 97 1 0
370273 0 6 97 1 0
370750 1 4 97 2 1
31916 1 3 98 1 0
32087 1 3 98 2 0
33084 0 6 98 1 0
33091 0 6 98 1 1
33147 1 3 98 1 0
33333 1 4 98 1 0
54797 1 3 98 1 0
55142 1 2 98 1 1
55319 1 2 98 1 0
55378 0 6 98 2 0
55438 0 6 98 1 0
55495 1 4 98 1 0
55499 1 3 98 3 0
55727 0 6 98 1 0
55954 0 6 98 0 0
87801 0 6 98 4 1
88085 1 2 98 3 0
88548 1 3 98 3 0
89183 1 4 98 1 0
265182 0 6 98 4 0
292377 0 6 98 1 0
369011 0 6 98 3 0
369422 0 6 98 1 0
31918 1 3 99 3 0
31938 1 4 99 1 0
32020 0 6 99 3 1
32411 1 4 99 1 0
32796 1 3 99 0 0
33176 0 6 99 1 0
33342 0 6 99 3 0
33347 1 2 99 3 1
33418 1 4 99 3 0
54613 0 6 99 1 0
54664 0 6 99 3 0
55157 1 3 99 1 0
55165 1 3 99 1 0
56068 0 6 99 0 0
87915 0 6 99 1 0
88260 0 6 99 2 0
89120 0 6 99 2 0
121794 1 3 99 2 1
251601 0 6 99 1 0
369647 1 3 99 3 0
370565 0 6 99 1 1
32640 0 6 100 3 1
32826 0 6 100 1 0
33150 0 6 100 3 0
33280 0 6 100 1 0
54662 0 6 100 1 0
55498 0 6 100 2 0
55721 0 6 100 3 0
56263 1 4 100 1 0
88408 0 6 100 1 1
89072 1 4 100 3 0
89119 1 3 100 2 0
216070 0 6 100 3 1
354237 0 6 100 3 1
369058 1 3 100 1 0
369210 0 6 100 1 1
369644 0 6 100 1 0
370095 0 6 100 1 0
370409 1 4 100 1 0
32795 1 4 101 3 1
33040 0 6 101 3 0
33177 1 3 101 3 0
55955 0 6 101 3 0
56237 1 3 101 1 0
87631 0 6 101 1 0
88044 1 4 101 3 0
88406 1 4 101 3 0
311449 0 6 101 3 0
370236 1 4 101 1 0
370486 1 2 101 1 0
370852 1 3 101 1 0
6812 0 6 102 3 0
31939 1 2 102 3 0
32088 1 4 102 3 1
32414 0 6 102 3 0
33049 1 2 102 4 0
33367 0 6 102 1 0
54867 1 4 102 3 0
54946 0 6 102 4 1
88043 1 3 102 3 1
88155 0 6 102 4 1
88262 1 2 102 3 0
134487 0 6 102 3 0
251597 1 5 102 0 1
253311 1 2 102 2 0
370234 1 3 102 0 0
370368 0 6 102 1 0
370567 0 6 102 3 0
32410 0 6 103 1 0
54843 1 5 103 1 0
55168 1 3 103 3 1
55200 0 6 103 1 0
55577 0 6 103 1 0
89182 1 3 103 1 0
292378 0 6 103 1 0
369653 0 6 103 1 0
370094 1 5 103 1 0
370274 0 6 103 3 0
370275 0 6 103 3 0
379295 0 6 103 3 1
561852 1 3 103 2 0
31913 1 4 104 4 0
33173 0 6 104 3 1
56291 1 4 104 1 0
88136 0 6 104 1 0
88151 1 2 104 1 0
89185 1 3 104 3 0
112187 0 6 104 3 0
286202 1 3 104 3 0
369508 0 6 104 1 0
370206 0 6 104 1 0
370235 0 6 104 1 0
370237 0 6 104 2 0
370412 0 6 104 3 0
370484 0 6 104 0 1
370559 1 4 104 1 0
371003 1 3 104 1 0
438376 1 3 104 3 0
7235 0 6 105 4 0
32409 0 6 105 0 0
32799 0 6 105 3 0
55135 0 6 105 1 0
55576 1 3 105 0 0
55580 0 6 105 3 0
87594 0 6 105 1 0
87633 0 6 105 3 0
89122 0 6 105 1 1
369272 1 3 105 1 0
369652 0 6 105 0 0
370093 1 4 105 0 0
370740 1 3 105 1 0
546860 1 3 105 3 1
32412 1 3 106 1 0
56293 1 5 106 3 0
88137 0 6 106 3 0
370489 1 4 106 3 0
370564 1 4 106 0 0
554417 0 6 106 3 0
32413 0 6 107 3 0
55167 0 6 107 2 0
55579 1 3 107 1 0
88135 0 6 107 1 0
88217 0 6 107 1 0
88821 0 6 107 1 0
89124 0 6 107 3 1
112265 0 6 107 2 1
202851 1 3 107 2 0
334001 0 6 107 3 0
369504 1 3 107 3 0
554939 0 6 107 3 0
33043 1 3 108 1 0
88663 1 5 108 1 0
88794 1 3 108 1 0
89121 0 6 108 0 0
161339 0 6 108 3 0
163148 0 6 108 3 0
369226 1 2 108 3 1
401784 1 3 108 3 1
88147 1 3 109 1 0
88445 1 5 109 1 0
88909 1 5 109 1 0
89023 1 3 109 1 0
32829 1 3 110 1 0
55578 1 3 110 1 0
88046 0 6 110 1 0
88153 0 6 110 3 0
88521 1 3 111 0 0
112267 0 6 111 3 0
161340 0 6 111 4 1
194909 1 4 111 3 0
541291 1 3 111 3 0
555252 1 3 111 3 0
35397 1 3 112 3 0
88093 0 6 112 0 0
88907 0 6 112 1 0
88910 0 6 112 3 1
89161 1 4 112 1 0
194905 0 6 112 3 0
32161 1 2 113 1 0
32657 1 4 113 1 0
87836 0 6 113 0 0
32356 0 6 114 4 0
32987 0 6 114 1 0
88149 1 3 114 3 0
88522 1 4 114 3 0
88541 0 6 114 3 0
89162 0 6 114 3 0
51265 1 3 115 1 0
55581 0 6 115 3 0
87521 1 3 115 1 0
87741 0 6 115 3 1
542175 0 6 115 2 1
33326 0 6 116 1 0
36642 0 6 116 3 0
87907 0 6 116 2 0
137977 0 6 116 2 0
1403 0 6 117 3 0
87522 1 3 117 1 0
88539 0 6 117 1 0
89231 0 6 117 3 0
32159 1 4 118 1 0
32278 1 4 118 1 0
137983 1 3 118 1 0
141347 1 3 118 3 0
464141 0 6 119 3 0
87609 0 6 120 3 0
88533 1 3 120 1 0
215335 1 4 120 3 0
435344 1 3 120 3 0
32164 0 6 121 3 0
32279 0 6 121 1 0
32284 0 6 121 3 1
33175 0 6 121 1 0
87879 0 6 121 1 0
89212 1 2 121 1 0
221266 0 6 121 3 0
88526 0 6 124 1 0
88534 0 6 124 3 0
89005 1 4 124 1 0
87525 1 4 125 1 0
89214 1 3 125 3 0
139035 1 2 125 3 0
88908 1 3 126 1 1
87526 1 3 127 1 0
89004 1 3 127 3 0
89007 0 6 127 3 0
88527 1 4 128 3 1
88911 1 2 131 3 0
89003 1 3 133 3 0
