10706 7
10707 7
88377 7
194575 7
299739 7
317567 7
202349 8
321480 8
321481 8
321483 8
387026 9
409246 9
127315 10
127318 10
127319 10
127320 10
134812 10
134814 10
230420 10
350526 10
387968 10
387969 10
387971 10
387972 10
387973 10
93451 11
93452 11
93454 11
93455 11
10705 12
10707 12
127314 12
134815 13
312245 13
341998 14
342000 14
388339 15
128403 16
387143 16
387144 16
387146 16
387559 16
387561 16
312246 17
312247 17
312248 17
342464 17
342466 17
342467 17
126891 18
126893 18
342602 18
127683 19
127684 19
127688 19
126219 20
127902 20
388366 20
388367 20
14146 21
128400 21
342307 21
342308 21
388394 21
388395 21
127237 22
128683 22
126962 23
126963 23
126964 23
305061 23
387582 23
128401 24
197235 24
127236 25
387516 25
387519 25
387520 25
388440 25
422962 25
539217 25
539220 25
128464 26
342304 26
342305 26
342307 26
387150 26
539216 26
539218 26
539219 26
127744 27
341384 27
386650 27
387463 27
539644 27
128465 28
128685 28
128686 28
127397 29
127398 29
128106 29
128509 29
128510 29
386904 29
387515 29
387516 29
387517 29
387518 29
387148 30
387151 30
387152 30
387153 30
127580 31
128589 31
341382 31
341383 31
128067 32
128076 32
127274 33
127276 33
127557 33
128065 33
128066 33
127679 34
127680 34
127682 34
128077 34
128078 34
128079 34
128081 34
532869 34
127153 35
127155 35
532807 35
532808 35
127104 36
127108 36
128507 36
128510 36
128511 36
127814 37
128076 38
128079 38
126967 39
126968 39
128070 40
128072 40
128110 41
126028 42
127809 42
128118 42
128276 42
128416 42
128418 42
128091 43
128092 43
138955 43
351668 43
128156 44
125326 45
125328 45
127674 45
127675 45
128367 45
128368 45
127781 46
127782 46
128082 46
417594 46
417596 46
126890 47
128592 47
128594 47
429623 47
125330 49
127217 49
127219 49
127342 49
127346 49
127604 49
99122 51
126862 51
126890 51
126892 51
126894 51
127824 51
127914 51
127344 52
127345 52
127351 53
127354 53
127715 53
127716 53
127717 53
127481 54
127306 56
127935 56
128405 56
128406 56
99188 57
99191 57
99192 57
127352 57
128679 57
128680 57
128681 57
128682 57
127152 61
127154 61
127155 61
127080 64
127082 64
127528 65
127672 65
127674 65
127675 65
128529 65
127800 66
128858 66
127411 67
127467 67
127469 67
127519 67
127521 67
127091 68
127783 68
127785 68
127885 68
127886 68
128031 68
127584 69
127846 69
127847 69
128021 69
127412 70
127413 70
127415 70
128088 70
128089 70
127836 71
126875 72
127756 72
127855 72
128182 72
128183 72
128220 72
507677 72
507678 72
507680 72
507681 72
507682 72
127468 73
127469 73
127470 73
127471 73
127846 73
127848 73
127849 73
127851 73
128038 73
128040 73
128041 73
128221 74
388396 74
388397 74
503904 74
503906 74
40071 75
127333 75
127335 75
127336 75
127579 75
127580 75
127583 75
127616 75
127618 75
127619 75
127620 75
127621 75
127622 75
128086 75
128087 75
128088 75
127514 76
204545 76
127436 77
127438 77
127439 77
127441 77
128218 77
128658 77
128661 77
128662 77
128448 78
128452 78
16400 79
127616 81
127617 81
127618 81
127619 81
127620 81
490371 81
140194 86
49292 88
49301 90
49302 90
127654 90
128239 91
49298 92
49299 92
49300 92
127653 92
128536 92
128539 92
127655 94
127657 94
127658 94
