401858 7
333188 8
333189 8
333190 8
218919 9
218920 9
429159 9
559343 9
142272 10
453650 10
143874 11
143875 11
430723 11
430724 11
430725 11
430722 12
430726 12
142454 13
213796 13
213797 13
213798 13
454600 13
454604 13
399316 14
431119 14
398226 16
398227 16
398228 16
454601 16
454602 16
454603 16
454605 16
397174 17
397176 17
452526 17
452529 17
452530 17
399316 18
399317 18
399319 18
143219 19
143220 19
136572 20
142645 20
429980 20
429982 20
454885 20
453587 22
136573 23
136574 23
136575 23
137164 23
137166 23
430536 23
142361 24
142362 24
143382 24
143383 24
143384 24
143845 24
431427 24
431428 24
136568 25
136569 25
136570 25
143379 25
143380 25
143381 25
397317 25
397318 25
397319 25
430938 25
430940 25
430941 25
454849 25
454851 25
142471 26
142474 26
452666 26
452828 26
452829 26
453588 26
453589 26
453590 26
453591 26
453592 26
453593 26
453595 26
142000 27
142001 27
386111 27
386112 27
386114 27
386115 27
453348 27
453349 27
490265 27
137619 28
199025 28
213823 28
213824 28
432339 28
432340 28
432341 28
452689 28
452693 28
453799 28
453800 28
136859 29
452575 29
452576 29
452579 29
452709 29
454850 29
137900 30
137901 30
137902 30
213704 30
214039 30
214041 30
453234 30
453237 30
453886 30
453887 30
453890 30
453891 30
454998 30
455001 30
142964 31
142966 31
452815 31
452817 31
452819 31
453853 31
454611 31
454613 31
213333 32
453745 32
453746 32
454318 32
454621 32
454623 32
142979 33
142981 33
143438 33
143439 33
143440 33
143442 33
214048 33
214052 33
454997 33
143150 34
143152 34
143153 34
213028 34
213030 34
213031 34
452587 34
452588 34
452589 34
452691 34
452692 34
453759 34
453856 34
453857 34
455002 34
142430 35
142653 35
210108 35
212933 35
213335 35
213336 35
213337 35
213338 35
452816 35
452818 35
454685 35
454744 35
454746 35
32323 36
32324 36
143494 36
143495 36
143496 36
213415 36
137809 37
142631 37
213930 37
452689 37
452690 37
452693 37
452700 37
452701 37
58277 38
58278 38
213137 38
213141 38
452702 38
452735 38
453853 38
453854 38
453855 38
453858 38
143777 39
143780 39
323468 39
323469 39
323471 39
453719 39
213333 40
213336 40
213338 40
213491 40
454943 40
454944 40
142628 41
35920 42
35921 42
136971 42
137832 42
137834 42
142346 42
188462 42
452617 42
452888 42
452889 42
453335 42
518655 42
559956 42
142180 43
452906 43
454232 43
454233 43
454235 43
518652 43
518653 43
518654 43
143469 44
454230 44
454231 44
454234 44
454854 44
266962 45
266963 45
266965 45
452663 46
454197 46
35920 47
35921 47
35923 47
142342 47
142344 47
142345 47
452597 47
452661 47
452662 47
143190 49
143191 49
143192 49
143515 49
143517 49
213488 49
213490 49
259090 49
452598 50
452649 50
452652 50
452664 50
452665 50
452777 50
136437 51
136441 51
136930 51
136931 51
136932 51
136933 51
136934 51
136935 51
142526 52
142528 52
142668 52
521698 53
136439 54
136440 54
240055 54
137788 55
142529 55
452596 55
452598 55
142569 56
143927 56
143929 56
453398 56
453400 56
521711 57
4048 58
137344 58
137346 58
137347 58
137349 58
142724 58
142186 59
142611 59
136344 60
136345 60
142247 60
142248 60
142249 60
142612 60
142615 60
453886 60
453888 60
453890 60
453891 60
453989 60
453990 60
453992 60
454298 60
454303 60
136343 61
136346 61
137305 61
137307 61
142102 61
142411 61
142412 61
143120 61
143122 61
143124 61
137344 62
137345 62
137346 62
137347 62
137348 62
143475 62
143478 62
452843 63
452845 63
452846 63
452847 63
137241 64
137243 64
137303 64
137304 64
137306 64
222983 64
222984 64
333990 64
333991 64
137039 65
137040 65
137041 65
137042 65
143420 65
521451 65
522713 65
522715 65
522716 65
522717 65
143475 66
143476 66
143479 66
136300 67
143115 67
143117 67
176971 67
21136 68
21139 68
137303 68
137304 68
137305 68
137308 68
183319 68
137190 69
143416 69
143417 69
523095 69
21137 70
136619 70
142554 71
137716 72
142915 72
142916 72
143466 72
143467 72
143469 72
143470 72
142278 75
359630 75
359631 75
136831 76
143332 76
143333 76
263304 77
142573 78
142925 78
142926 78
136557 79
136560 79
142597 80
142598 80
138070 81
138071 81
138072 81
138073 81
138074 81
142280 81
142281 81
136851 82
142575 82
136744 83
136748 83
136830 83
136831 83
137068 83
143548 84
142598 85
142599 85
142600 85
142601 85
136955 86
136956 86
137295 86
137288 87
137290 87
137293 87
137970 87
143551 88
133647 89
143547 89
143084 90
143552 90
143553 90
137067 91
137068 91
137069 91
136308 92
136309 92
487364 92
487365 92
487367 92
143543 93
143544 93
143545 93
143546 93
137872 95
137875 95
142053 96
143621 96
143624 96
143625 96
136582 97
143921 97
136696 98
136697 98
137369 98
137371 98
137983 98
137984 98
137410 99
137411 99
137412 99
137541 99
137548 99
137550 99
137551 99
137552 99
137574 99
137576 99
143626 100
143621 101
143623 101
143624 101
137140 102
142247 104
143847 104
143189 105
143190 106
143191 106
143192 106
143683 106
137575 107
137577 107
137633 109
137634 109
143899 109
137589 110
142636 116
142637 118
142640 118
