464576 1 2 4 1
473490 1 3 3 3
367797 1 3 3 1
283621 1 3 3 3
23019 1 3 3 2
23020 0 3 3 2
390030 0 3 3 3
390031 0 3 3 3
390032 0 3 3 3
464577 1 3 3 1
473491 0 3 3 3
471824 1 4 2 1
163600 1 4 2 3
367798 1 4 3 1
471823 0 4 3 1
471825 0 4 3 1
471826 0 4 3 1
460520 1 5 4 1
461111 1 5 2 1
461112 0 5 3 1
478001 1 6 3 1
460522 1 6 3 1
478002 0 6 3 1
478003 0 6 3 1
536437 1 7 2 1
392223 1 7 2 3
163598 1 7 2 0
163599 0 7 3 0
163600 0 7 3 0
392222 0 7 3 3
536436 0 7 3 1
460082 1 8 3 1
346168 1 8 3 3
459528 0 8 4 1
459523 1 8 2 1
347443 1 8 2 1
347347 1 8 1 1
346165 0 8 3 3
346166 0 8 3 3
347344 0 8 3 1
347345 0 8 3 1
347348 0 8 3 1
347442 0 8 3 1
459522 0 8 3 3
459527 0 8 3 3
460083 0 8 3 1
459524 1 9 3 1
459527 0 9 3 1
347959 1 10 4 1
459230 1 10 3 1
381683 1 10 3 3
304782 1 10 1 3
381682 0 10 3 3
381685 0 10 3 3
346172 1 11 3 1
349808 1 11 2 2
346169 0 11 3 1
346170 0 11 3 1
346173 0 11 3 1
347956 1 11 3 1
347957 1 11 3 1
347958 1 11 3 1
347960 1 11 3 1
349807 0 11 3 2
459231 1 11 3 1
521612 1 12 3 3
459525 1 12 2 1
347440 1 12 2 3
347188 1 12 2 1
347189 0 12 3 1
347439 0 12 3 3
459523 0 12 3 1
459524 0 12 3 1
459527 0 12 3 1
347150 1 13 3 1
460732 1 13 1 1
246157 1 13 1 2
460733 0 13 3 1
460734 0 13 3 1
470238 1 14 2 0
347151 1 14 3 1
347154 1 14 3 1
470241 0 14 3 0
347960 0 15 4 0
347009 1 15 2 1
470915 1 15 1 0
347010 0 15 3 1
347011 0 15 3 1
347958 0 15 3 1
470916 0 15 3 0
347962 0 16 4 3
346034 1 16 3 3
471787 1 16 2 0
245975 1 16 2 3
347956 1 16 1 0
245973 0 16 3 3
245976 0 16 3 3
347957 0 16 3 0
347958 0 16 3 0
347959 0 16 3 0
471786 0 16 3 0
471788 0 16 3 0
471789 0 16 3 0
347288 1 17 3 1
460662 1 17 2 1
460473 1 17 2 1
381685 1 17 2 3
347961 1 17 2 3
347152 1 17 1 2
347149 0 17 3 2
347153 0 17 3 2
347154 0 17 3 2
347956 0 17 3 3
347957 0 17 3 3
347960 0 17 3 3
460469 0 17 3 1
460470 0 17 3 1
460471 0 17 3 1
460472 0 17 3 1
460474 0 17 3 1
460108 1 18 4 1
347289 1 18 3 1
347291 1 18 3 1
347292 1 18 3 1
347293 1 18 3 1
347294 1 18 3 1
460444 1 19 3 3
346818 1 19 3 1
460464 1 19 2 1
346819 0 19 3 1
346821 0 19 3 1
460109 1 19 3 1
460110 1 19 3 1
460111 1 19 3 1
460442 0 19 3 3
460445 0 19 3 3
460463 0 19 3 1
460465 0 19 3 1
460466 0 19 3 1
460382 1 20 3 1
347474 1 20 2 0
347023 0 20 3 1
347025 0 20 3 0
346174 1 20 1 3
346169 0 20 3 3
347024 0 20 3 0
347026 0 20 3 0
347024 0 20 3 1
347026 0 20 3 1
347027 0 20 3 1
347475 0 20 3 0
459108 0 20 3 1
460380 0 20 3 1
460384 0 20 3 1
507482 1 22 3 3
347655 1 22 3 4
347950 1 22 1 3
347656 0 22 3 4
347948 0 22 3 3
347949 0 22 3 3
507479 0 22 3 3
507480 0 22 3 3
507481 0 22 3 3
459880 1 23 3 0
346819 1 23 3 1
459930 1 23 2 4
346820 0 23 3 1
347024 1 24 4 1
346033 1 24 1 2
346034 0 24 3 2
459881 1 24 3 0
459885 1 24 3 0
346821 1 25 2 3
347023 1 25 3 1
347025 1 25 3 1
347027 1 25 3 1
460085 1 26 1 3
460081 0 26 3 3
460084 0 26 3 3
459883 1 27 3 3
346820 1 27 3 3
346819 0 27 3 3
459884 0 27 3 3
459370 1 30 2 3
347344 1 30 1 1
347345 0 30 3 1
347349 0 30 3 1
347350 0 30 3 1
347290 1 33 2 1
347292 0 33 3 1
459137 1 34 2 0
459139 0 34 3 0
459182 0 34 3 3
459593 1 36 2 4
459189 1 36 2 3
346582 1 39 2 1
347637 1 40 2 1
346584 1 40 3 1
347639 0 40 3 1
347201 1 41 2 1
347204 0 41 3 1
347205 0 41 3 1
347256 1 42 2 2
347252 0 42 3 2
347253 0 42 3 2
347254 0 42 3 2
347255 0 42 3 2
347258 0 42 3 2
347629 1 43 3 4
346581 1 43 2 1
346582 0 43 3 1
346583 0 43 3 1
346584 0 43 3 1
347252 1 45 3 0
347256 0 45 3 0
347258 0 45 3 0
346222 1 46 3 3
346025 1 46 3 1
346028 0 46 3 1
347255 1 47 3 1
347185 1 47 2 1
347021 1 47 2 1
346284 1 47 2 0
346286 0 47 3 0
346288 0 47 3 0
346289 0 47 3 0
347020 0 47 3 1
347022 0 47 3 1
347257 0 47 3 1
346583 1 49 2 3
346466 1 50 3 4
346464 0 50 3 4
346581 1 50 3 3
346582 1 50 3 3
346584 1 50 3 3
347640 1 51 3 1
347257 1 51 2 2
346436 1 51 2 1
346465 1 51 1 4
347252 0 51 3 2
347254 0 51 3 2
347255 0 51 3 2
347641 0 51 3 1
347643 0 51 3 1
346159 1 52 3 1
347995 1 52 2 1
346227 1 52 1 1
346230 0 52 3 1
347997 0 52 3 1
347636 1 53 4 1
346854 1 53 2 3
346495 1 53 1 1
346496 0 53 3 1
346497 0 53 3 1
347263 1 54 2 4
347022 1 54 1 3
347020 0 54 3 3
347021 0 54 3 3
347638 1 54 3 1
347639 1 54 3 1
346435 1 56 2 1
346295 1 56 2 3
346161 1 56 1 2
346290 0 56 3 3
346291 0 56 3 3
346293 0 56 3 3
346296 0 56 3 3
346437 0 56 3 1
346438 0 56 3 1
347082 1 57 3 1
46116 1 57 3 3
348007 1 57 2 3
347591 1 57 2 1
346320 1 57 2 1
346160 1 57 1 3
346321 0 57 3 1
347590 0 57 3 1
347592 0 57 3 1
348006 0 57 3 3
346529 1 58 4 1
347624 1 58 3 1
346101 1 58 3 1
347334 1 58 2 4
347261 1 58 2 2
346736 1 58 2 1
347748 1 58 1 2
346047 1 58 1 1
346099 0 58 3 1
346102 0 58 3 1
346735 0 58 3 1
346738 0 58 3 1
346739 0 58 3 1
347084 1 58 3 1
347625 0 58 3 1
347626 0 58 3 1
347747 0 58 3 2
347750 0 58 3 2
346210 1 59 3 1
345992 1 59 3 1
422483 1 59 2 3
346209 0 59 3 1
346213 0 59 3 1
346528 1 59 3 1
346585 1 60 4 1
347867 0 60 3 2
345991 1 60 3 1
345994 1 60 3 1
347865 0 60 5 4
347866 0 60 3 4
346875 1 61 3 1
346813 1 61 1 1
346586 1 61 3 1
346812 0 61 3 1
346815 0 61 3 1
346528 1 62 1 1
346874 1 62 3 1
346876 1 62 3 1
46113 1 63 3 1
346444 1 63 2 1
347850 1 63 1 1
346550 1 63 1 1
346099 1 63 1 1
346100 0 63 3 1
346101 0 63 3 1
346102 0 63 3 1
346103 0 63 3 1
346104 0 63 3 1
346445 0 63 3 1
346446 0 63 3 1
346552 0 63 3 1
346813 0 63 3 1
346814 0 63 3 1
347851 0 63 3 1
346530 1 64 4 3
46015 1 64 3 1
346649 1 64 1 1
46114 1 64 3 1
46115 1 64 3 1
46116 1 64 3 1
346648 0 64 3 1
346650 0 64 3 1
346651 0 64 3 1
346653 0 64 3 1
346964 1 65 2 1
46081 0 65 4 1
46012 1 65 3 1
46013 1 65 3 1
46082 0 65 3 1
46083 0 65 4 1
46084 0 65 3 1
346528 1 65 3 3
346965 0 65 3 1
346966 0 65 3 1
47257 1 66 3 1
346211 1 66 2 1
47749 1 66 2 1
347844 1 66 1 1
47255 0 66 3 1
47748 0 66 3 1
47750 0 66 3 1
47751 0 66 3 1
346209 0 66 3 1
346210 0 66 3 1
346212 0 66 3 1
346213 0 66 3 1
347843 0 66 3 1
347845 0 66 3 1
347846 0 66 3 1
347847 0 66 3 1
347848 0 66 3 1
48122 1 67 4 1
346104 1 67 2 3
346099 0 67 3 3
346101 0 67 3 3
346103 0 67 3 3
46363 1 68 2 1
46362 0 68 3 1
46365 0 68 3 1
48124 1 68 3 1
46870 1 69 3 1
47978 1 69 2 1
347788 1 69 1 0
46871 0 69 3 1
46874 0 69 3 1
47256 1 69 3 1
47259 1 69 3 1
47977 0 69 3 1
347789 0 69 3 0
347790 0 69 3 0
347792 0 69 3 0
46013 1 70 1 1
46015 0 70 3 1
46016 0 70 3 1
46017 0 70 3 1
347376 1 71 2 4
47860 1 71 2 1
47248 1 71 2 1
46367 1 71 4 3
47832 1 71 1 1
46363 0 71 3 3
46365 0 71 5 3
46366 0 71 3 3
47835 0 71 3 1
47859 0 71 3 1
47915 1 72 2 0
47460 1 72 2 1
46362 1 72 3 3
46363 1 72 3 3
46364 1 72 3 3
47246 1 72 3 1
47249 1 72 3 1
47251 1 72 3 1
47461 0 72 3 1
47462 0 72 3 1
47463 0 72 3 1
47918 0 72 3 0
47073 1 73 4 1
45967 1 73 3 2
46997 1 73 2 3
48121 1 73 1 0
46526 1 73 1 1
45968 0 73 3 2
46525 0 73 3 1
46528 0 73 3 1
48123 0 73 3 0
47273 1 74 2 1
46551 1 74 2 1
45936 1 74 2 1
47009 1 74 1 1
45938 0 74 3 1
46553 0 74 3 1
47274 0 74 3 1
48211 1 75 3 0
46668 1 75 3 1
46382 0 75 4 4
495377 1 75 2 3
47859 1 75 2 0
47012 1 75 2 3
46946 1 75 2 1
46790 1 75 2 1
47298 1 75 1 1
46383 0 75 3 1
46384 0 75 3 1
46385 0 75 3 1
46386 0 75 3 1
46388 0 75 4 1
46669 0 75 3 1
46670 0 75 3 1
46671 0 75 3 1
46791 0 75 3 1
46792 0 75 3 1
46794 0 75 3 1
46947 0 75 3 1
46950 0 75 3 1
47009 0 75 3 3
47010 0 75 3 3
47011 0 75 3 3
47300 0 75 3 1
47301 0 75 3 1
47297 0 75 5 1
47300 0 75 3 1
47860 0 75 3 0
47862 0 75 3 0
48213 0 75 3 0
386463 1 76 2 3
118296 1 76 2 3
47237 1 76 2 2
46524 1 76 2 1
47468 1 76 1 4
46387 0 76 3 4
47467 0 76 3 4
118295 0 76 3 3
118297 0 76 3 3
46571 0 77 13 4
47555 1 77 3 1
46664 1 77 3 3
46284 1 77 2 3
47462 1 77 1 3
46282 0 77 3 3
46383 0 77 3 3
46384 0 77 3 3
47236 1 77 3 2
47463 0 77 3 3
47936 1 78 3 1
47628 1 78 3 3
48161 1 78 2 0
47861 1 78 2 3
46920 1 78 2 1
46531 1 78 2 0
47777 1 78 1 1
47263 1 78 1 0
46532 0 78 5 0
46662 1 78 3 3
46663 1 78 3 3
46921 0 78 3 1
46922 0 78 3 1
47262 0 78 3 0
47264 0 78 3 0
47626 0 78 3 3
47775 0 78 3 1
47860 0 78 3 3
47862 0 78 4 3
48160 0 78 3 0
48164 0 78 3 0
341853 1 79 2 3
46791 1 79 2 1
46486 1 79 2 1
325245 1 79 1 3
47473 1 79 1 1
46485 0 79 3 1
46487 0 79 3 1
46790 0 79 3 1
46792 0 79 3 1
47474 0 79 3 1
47476 0 79 3 1
47477 0 79 3 1
47478 0 79 3 1
325244 0 79 3 3
341852 0 79 3 3
47041 1 80 4 1
47502 1 80 2 1
47278 1 80 2 2
46919 1 80 2 1
46917 0 80 3 1
46918 0 80 4 1
46920 0 80 3 1
47280 0 80 3 2
47281 0 80 3 2
47503 0 80 3 1
47504 0 80 3 1
47722 1 81 4 1
47694 1 81 2 1
282478 1 81 1 3
280567 1 81 1 3
46332 1 81 1 4
46331 0 81 3 4
282476 0 81 3 3
282477 0 81 3 3
416861 1 82 3 3
47773 1 82 3 2
46135 1 82 3 1
280575 1 82 2 3
47475 1 82 2 1
47262 1 82 2 0
47215 1 82 2 1
48093 1 82 1 1
46486 0 82 3 3
46920 1 82 3 1
46921 1 82 5 1
46922 1 82 3 1
46918 0 82 3 3
46922 0 82 3 3
47214 0 82 3 1
47216 0 82 3 1
47264 0 82 3 0
47266 0 82 3 0
47473 0 82 3 1
48096 0 82 3 1
416858 0 82 3 3
416860 0 82 3 3
48187 1 83 3 1
46497 1 83 3 1
47276 1 83 2 4
46062 1 83 2 1
47794 1 83 1 4
46341 1 83 1 1
46342 0 83 3 1
46498 0 83 3 1
47275 0 83 3 4
47774 1 83 3 2
48185 0 83 3 1
48186 0 83 3 1
48188 0 83 3 1
46141 1 84 4 1
46609 1 84 2 2
46485 1 84 2 0
46338 1 84 2 1
46340 0 84 3 1
46487 0 84 3 0
47723 1 85 2 3
47629 1 85 2 1
47630 0 85 3 1
47631 0 85 3 1
47633 0 85 3 1
47721 0 85 3 3
47722 0 85 3 3
167884 1 86 3 4
47880 1 86 3 1
46350 1 86 3 3
269787 1 86 2 3
47881 0 86 3 1
403241 1 87 3 3
47882 1 87 3 3
46348 1 87 3 3
47881 0 87 3 3
47883 0 87 3 3
478372 1 88 4 3
46349 1 88 4 3
520186 1 88 3 3
47536 1 88 3 4
48181 1 88 2 1
47774 1 88 2 2
47564 1 88 2 0
46310 1 88 2 1
46309 0 88 3 1
47565 0 88 3 0
47772 0 88 3 2
48180 0 88 3 1
48182 0 88 3 1
520188 0 88 3 3
47164 1 89 3 1
48150 1 89 2 1
47750 1 89 2 1
47630 1 89 2 1
46978 1 89 2 3
46346 1 89 3 3
46139 1 89 2 1
46347 0 89 3 1
46348 0 89 3 1
46348 1 89 3 3
46350 1 89 3 3
46979 0 89 3 3
47162 0 89 3 1
47163 0 89 3 1
47166 0 89 3 1
48149 0 89 3 1
48151 0 89 3 1
48152 0 89 3 1
478371 1 89 3 3
79023 1 90 3 3
46984 1 90 3 4
46983 0 90 3 4
47566 0 90 3 1
47629 1 90 3 1
47632 1 90 3 1
47633 1 90 3 1
47751 1 90 3 1
47752 1 90 3 1
47971 1 91 3 1
47457 1 91 3 1
47183 1 91 3 3
47181 0 91 3 3
47744 1 92 4 1
130281 1 92 2 3
46269 1 92 2 0
46924 1 92 1 1
46686 1 92 1 3
46270 0 92 3 0
46271 0 92 3 0
46272 0 92 3 0
46273 0 92 3 0
46684 0 92 3 3
46923 0 92 3 1
46925 0 92 3 1
47455 1 92 3 1
47456 1 92 3 1
47458 1 92 3 1
47972 1 92 3 1
47973 1 92 3 1
47974 1 92 3 1
47975 1 92 3 1
130282 0 92 3 3
46277 1 93 2 1
46276 0 93 3 1
516856 1 94 3 3
225165 1 94 1 4
167877 1 94 1 1
516854 0 94 3 3
46270 1 95 3 0
47688 1 95 2 1
47313 1 95 2 1
46315 1 95 2 3
47597 1 95 1 2
46923 1 95 1 1
46314 0 95 3 3
46316 0 95 3 3
47314 0 95 3 1
47315 0 95 3 1
47598 0 95 3 2
47686 0 95 3 1
47687 0 95 3 1
47689 0 95 3 1
47692 0 95 3 1
47312 0 96 5 3
46871 1 96 2 1
46211 1 96 2 4
46210 0 96 3 4
46271 1 96 3 0
46272 1 96 3 0
46870 0 96 3 1
46872 0 96 3 1
46873 0 96 3 1
46935 1 97 2 3
46434 1 97 2 1
47311 1 97 3 1
47315 1 98 3 3
46754 0 98 3 1
46756 0 98 3 1
47311 0 98 3 3
47313 0 98 3 3
47454 1 99 3 0
48048 1 99 2 3
47456 0 99 3 0
47458 0 99 3 0
47459 0 99 3 0
12569 1 100 3 3
166984 1 100 2 1
46435 1 100 2 1
12567 0 100 3 3
46433 0 100 3 1
46434 0 100 3 1
46436 0 100 3 1
46437 0 100 3 1
48014 1 101 5 0
46848 1 101 2 3
46847 0 101 3 3
48012 0 101 4 1
48013 0 101 3 1
166985 1 101 3 1
47193 1 102 4 3
527315 1 102 3 3
46721 1 102 3 1
47570 1 102 1 1
47569 0 102 3 1
47572 0 102 3 1
527312 0 102 3 3
527314 0 102 3 3
168050 1 103 3 1
145835 1 103 2 3
47605 1 103 2 1
8919 0 103 3 3
47606 0 103 3 1
47607 0 103 3 1
48015 1 103 3 0
145834 0 103 3 3
167647 1 104 3 1
167499 1 105 3 1
45885 1 105 2 2
45881 0 105 3 2
45883 0 105 3 2
45884 0 105 3 2
167500 0 105 3 1
167501 0 105 3 1
48013 1 106 2 1
46195 1 106 2 1
46196 0 106 3 1
46198 0 106 3 1
47193 0 106 3 1
47194 0 106 3 1
167494 1 107 3 1
48021 1 107 3 1
46594 1 107 2 1
167029 1 107 1 1
145834 1 107 1 3
77182 1 107 1 3
48020 0 107 3 1
48022 0 107 3 1
48024 0 107 3 1
167495 0 107 3 1
167497 0 107 3 1
166694 1 108 3 1
166500 1 108 3 1
166693 0 108 3 1
47192 1 109 2 1
167630 1 109 1 3
166648 1 109 1 4
47191 0 109 3 1
47193 0 109 3 1
47194 0 109 3 1
46804 1 110 2 1
46803 0 110 3 1
46806 0 110 3 1
338738 1 111 2 3
338737 0 111 3 3
167172 1 112 3 3
168053 1 112 2 3
167380 1 112 2 1
167173 0 112 3 3
167379 0 112 3 1
167384 0 112 3 1
387126 1 113 3 3
192962 1 113 1 3
168050 1 113 3 3
192959 0 113 3 3
192960 0 113 3 3
167025 1 114 3 3
166953 1 114 2 1
166954 0 114 3 1
166955 0 114 3 1
166956 0 114 3 1
166957 0 114 3 1
167509 1 115 2 3
167379 1 115 2 0
146564 1 115 2 1
146567 0 115 3 1
146568 0 115 3 1
167380 0 115 3 0
167381 0 115 3 0
167504 0 115 3 3
167505 0 115 3 3
167506 0 115 3 3
167507 0 115 3 3
236370 1 116 3 3
146262 1 116 2 3
146261 0 116 3 3
146264 0 116 3 3
166957 0 116 3 1
236368 0 116 3 3
236369 0 116 3 3
236371 0 116 3 3
314374 1 117 2 3
266371 1 117 2 3
167564 1 118 3 1
146781 1 118 2 1
48230 1 118 1 1
48231 0 118 3 1
48232 0 118 3 1
146782 0 118 3 1
146783 0 118 3 1
37725 0 119 13 3
146567 1 119 2 3
314938 1 119 1 3
146563 0 119 3 3
146565 0 119 3 3
146566 0 119 3 3
146568 0 119 3 3
167562 1 119 3 1
314937 0 119 3 3
168000 1 120 3 1
236369 1 120 2 1
77338 1 120 2 3
37724 1 120 3 3
168001 0 120 3 1
168003 0 120 3 1
236368 0 120 3 1
167195 1 121 3 2
167191 0 121 3 2
167193 0 121 3 2
167196 0 121 3 2
168288 1 122 3 1
146880 1 122 2 1
146041 1 122 2 1
146043 0 122 3 1
168287 0 122 3 1
168290 0 122 3 1
145676 0 123 6 3
168007 1 123 2 1
167938 1 123 1 1
146881 1 123 3 1
167936 0 123 4 1
167940 0 123 3 1
167084 1 124 3 1
167385 1 124 2 3
145974 1 124 2 3
145678 1 124 3 1
145679 1 124 3 1
145970 0 124 3 3
145972 0 124 3 3
167087 0 124 3 1
167379 0 124 3 3
167380 0 124 3 3
167381 0 124 3 3
167935 0 124 3 1
167937 0 124 4 1
167939 0 124 3 1
167941 0 124 3 1
168008 1 124 3 1
168010 1 124 3 1
168012 1 124 3 1
243031 1 125 3 3
166540 1 125 1 1
150371 1 125 1 3
166542 0 125 3 1
167935 0 125 3 1
167938 0 125 3 1
167941 0 125 3 1
243029 0 125 3 3
243030 0 125 3 3
145680 1 126 3 3
167600 1 126 2 1
145973 1 126 2 2
145677 0 126 3 3
145678 0 126 3 3
145679 0 126 3 3
145971 0 126 3 2
145974 0 126 3 2
145975 0 126 4 2
167602 0 126 3 1
167603 0 126 3 1
168277 1 127 3 0
167305 1 127 2 1
146489 1 127 2 1
145970 0 127 3 3
146487 0 127 3 1
146490 0 127 3 1
167306 0 127 3 1
167307 0 127 3 1
167309 0 127 3 1
167310 0 127 3 1
168280 0 127 3 0
314936 1 128 3 1
166568 1 128 3 3
477855 1 128 2 3
125458 1 128 2 3
77197 1 128 2 3
125459 0 128 3 3
166566 0 128 3 3
314937 0 128 3 1
314939 0 128 3 1
477856 0 128 3 3
385367 1 129 3 3
146904 1 129 3 1
145765 1 129 2 1
145721 1 129 2 1
146905 0 129 3 1
385364 0 129 3 3
385366 0 129 3 3
146488 1 130 4 1
146491 1 130 3 3
145770 1 130 3 1
240580 1 130 2 2
229250 1 130 2 3
167635 1 130 2 3
314794 1 130 1 1
167658 1 130 1 1
145766 1 130 3 1
145772 0 130 3 1
146489 0 130 3 3
146490 0 130 3 3
167632 0 130 3 3
167656 0 130 3 1
167657 0 130 3 1
167659 0 130 3 1
167660 0 130 3 1
167661 0 130 3 1
229249 0 130 3 3
240582 0 130 3 2
146016 1 131 4 1
528098 1 131 3 3
314230 1 131 3 1
146723 1 131 2 1
354055 1 131 1 3
167102 1 131 1 0
146487 1 131 4 1
146489 1 131 3 1
146490 1 131 3 1
146722 0 131 3 1
146724 0 131 3 1
146725 0 131 3 1
167103 0 131 3 0
167104 0 131 3 0
314233 0 131 3 1
354051 0 131 3 3
354052 0 131 3 3
528095 0 131 3 3
528096 0 131 3 3
528097 0 131 3 3
315240 1 132 4 1
166777 1 132 3 1
167528 1 132 2 1
146018 1 132 3 1
146019 1 132 3 1
167529 0 132 3 1
167173 1 133 3 3
166868 1 133 3 2
166614 1 133 3 3
520909 1 133 2 3
146276 1 133 2 1
30736 1 133 2 3
30734 0 133 3 3
30735 0 133 3 3
146275 0 133 3 1
146278 0 133 3 1
146491 1 133 3 1
166775 1 133 3 1
166778 1 133 3 1
166779 1 133 3 1
166869 0 133 3 2
167169 0 133 3 3
315241 1 133 3 1
520908 0 133 3 3
210943 1 134 4 3
145764 1 134 3 1
354052 1 134 2 1
167772 1 134 2 3
146499 1 134 2 3
146914 1 134 1 1
145766 0 134 3 1
145767 0 134 3 1
146913 0 134 3 1
167773 0 134 3 3
354053 0 134 3 1
314428 1 135 4 4
314427 1 135 3 4
146122 1 135 3 1
528099 1 135 2 2
487245 1 135 2 3
313989 1 135 2 1
146018 1 135 2 3
146017 0 135 3 3
146019 0 135 3 3
313990 0 135 3 1
313992 0 135 3 1
329106 1 136 3 4
166596 1 136 3 3
146761 1 136 3 1
146152 1 136 2 1
30734 1 136 2 0
314036 1 136 1 1
147073 1 136 1 1
30735 0 136 3 0
146125 1 136 3 1
146126 1 136 3 1
147071 0 136 3 1
147075 0 136 3 1
314035 0 136 3 1
314037 0 136 3 1
314750 1 137 3 1
146838 1 137 3 1
146544 1 137 3 4
146545 0 137 3 4
146763 1 137 3 1
146764 1 137 3 1
146839 0 137 3 1
146840 0 137 3 1
146841 0 137 3 1
146842 0 137 3 1
146843 0 137 3 1
314537 1 138 3 1
314344 1 138 2 1
209668 1 138 2 3
146665 1 138 2 1
403535 1 138 1 2
146782 1 138 1 1
145609 1 138 1 1
145607 0 138 3 1
145610 0 138 3 1
146662 0 138 3 1
146663 0 138 3 1
146666 0 138 3 1
146667 0 138 3 1
146780 0 138 3 1
146781 0 138 3 1
314345 0 138 3 1
314346 0 138 3 1
314348 0 138 3 1
314535 0 138 3 1
314540 0 138 3 1
403537 0 138 3 2
210941 1 139 3 2
146046 1 139 3 1
314829 1 139 2 1
169136 1 139 2 2
146163 1 139 2 3
145608 1 139 2 1
314448 1 139 1 1
145766 1 139 1 3
145607 0 139 3 1
145609 0 139 3 1
145610 0 139 3 1
145611 0 139 3 1
145764 0 139 3 3
145765 0 139 3 3
145767 0 139 5 3
146044 0 139 3 1
146047 0 139 3 1
210939 0 139 4 2
210942 0 139 3 2
210943 0 139 3 2
314449 0 139 3 1
314830 0 139 3 1
314831 0 139 3 1
145569 1 140 3 4
526480 1 140 4 3
31631 1 140 2 3
31628 0 140 3 3
31630 0 140 3 3
210940 0 140 3 0
210942 0 140 3 0
526481 0 140 5 3
168173 1 141 3 1
146780 1 141 3 1
18813 1 141 3 2
315184 1 141 2 1
314409 1 141 2 1
313830 1 141 2 1
167236 1 141 2 1
18810 0 141 3 2
18814 0 141 3 2
146781 0 141 3 1
146783 0 141 3 1
167234 0 141 3 1
167237 0 141 3 1
313831 0 141 3 1
314410 0 141 3 1
314604 0 141 3 1
314610 0 141 3 1
315185 0 141 3 1
315186 0 141 3 1
315187 0 141 3 1
315188 0 141 3 1
526477 1 141 3 3
526479 1 141 3 3
146404 1 142 3 1
146048 1 142 3 3
315011 1 142 2 1
314347 1 142 2 3
166776 1 142 2 1
145611 1 142 2 3
314394 1 142 1 1
146762 1 142 1 1
145608 1 142 3 3
145607 0 142 3 3
146761 0 142 3 1
146764 0 142 3 1
146765 0 142 3 1
166778 0 142 3 1
314395 0 142 3 1
314396 0 142 3 1
314398 0 142 3 1
314539 0 142 3 1
314752 1 143 2 3
146044 1 143 2 1
145615 1 143 2 1
314887 1 143 1 1
313805 1 143 1 1
145616 0 143 3 1
146046 0 143 3 1
146045 1 143 3 3
146046 1 143 3 3
146047 1 143 3 3
313806 0 143 3 1
314750 0 143 3 3
314888 0 143 3 1
314889 0 143 3 1
315013 1 143 3 1
315014 1 143 3 1
315262 0 143 3 1
315264 0 143 3 1
314610 0 144 13 3
429900 1 144 3 3
313967 1 144 3 3
314835 1 144 2 3
297421 1 144 2 3
146067 1 144 1 2
146066 0 144 3 2
297419 0 144 3 3
313968 0 144 3 3
182154 1 145 3 2
147034 1 145 3 1
146394 1 145 3 1
145606 1 145 3 1
314449 1 145 2 2
314232 1 145 2 1
210207 1 145 2 1
145882 1 145 2 1
145628 1 145 2 1
145607 0 145 3 1
145608 0 145 3 1
145609 0 145 3 1
145611 0 145 3 1
145630 0 145 3 1
145883 0 145 3 1
146393 0 145 3 1
146395 0 145 3 1
146396 0 145 3 1
147033 0 145 3 1
182150 0 145 3 2
182153 0 145 3 2
182156 0 145 3 2
210206 0 145 3 1
210209 0 145 3 1
314230 0 145 3 1
314231 0 145 3 1
314234 0 145 3 1
314448 0 145 3 2
314450 0 145 3 2
314604 1 145 3 3
314606 1 145 3 3
314607 1 145 3 3
314608 1 145 3 3
314609 1 145 3 3
146339 0 146 13 3
297418 1 146 3 1
167275 1 146 3 3
321618 1 146 1 3
146009 1 146 1 3
96913 1 146 1 3
96912 0 146 3 3
146010 0 146 3 3
167271 0 146 3 3
167273 0 146 3 3
167274 0 146 3 3
167276 0 146 3 3
297419 0 146 3 1
297420 0 146 3 1
297421 0 146 3 1
321614 0 146 3 3
321615 0 146 3 3
321619 0 146 3 3
429898 1 147 3 1
315269 1 147 2 1
314708 1 147 2 1
314176 1 147 2 3
209819 1 147 2 1
146349 1 147 2 1
314888 1 147 1 2
146351 0 147 3 1
209818 0 147 3 1
209820 0 147 3 1
209821 0 147 3 1
314177 0 147 3 3
314707 0 147 3 1
314710 0 147 3 1
314889 0 147 3 2
315270 0 147 3 1
315271 0 147 3 1
429899 1 148 3 1
314244 1 148 3 3
182150 1 148 3 0
314186 1 148 2 1
313776 1 148 2 1
166784 1 148 2 3
147011 1 148 2 1
146989 1 148 2 1
146634 1 148 2 1
146275 1 148 2 1
145550 1 148 2 1
146405 1 148 1 1
146210 1 148 1 1
145552 0 148 3 1
146212 0 148 3 1
146406 0 148 3 1
146408 0 148 3 1
146635 0 148 3 1
146636 0 148 3 1
146987 0 148 3 1
147012 0 148 3 1
147013 0 148 3 1
166783 0 148 3 3
313777 0 148 3 1
314184 0 148 3 1
314187 0 148 3 1
314188 0 148 3 1
314242 0 148 3 3
314246 0 148 3 3
429903 0 148 3 1
314784 1 149 3 1
146320 1 149 3 1
358887 1 149 2 3
322239 1 149 2 1
315075 1 149 2 1
166908 1 149 2 1
166897 1 149 2 3
99189 1 149 2 4
168174 1 149 1 1
36924 1 149 1 2
99188 0 149 3 4
146276 1 149 3 1
166895 0 149 3 3
166896 0 149 3 3
166898 0 149 3 3
166909 0 149 3 1
166910 0 149 3 1
182153 1 149 3 0
182155 1 149 3 0
314783 0 149 3 1
322240 0 149 3 1
358886 0 149 3 3
210724 1 150 4 1
314067 1 150 3 1
214452 1 150 3 2
210392 1 150 3 1
146587 1 150 3 1
314185 1 150 2 1
313778 1 150 2 3
297428 1 150 2 1
167137 1 150 2 1
209501 1 150 1 1
146471 1 150 1 1
146363 1 150 1 1
145825 0 150 3 3
146211 0 150 3 3
146321 1 150 3 1
146362 0 150 3 1
147048 0 150 3 1
147049 0 150 3 1
209503 0 150 3 1
214450 0 150 3 2
214451 0 150 3 2
214453 0 150 3 2
297426 0 150 3 1
297429 0 150 3 1
297431 0 150 3 1
313775 0 150 3 3
313776 0 150 3 3
314069 0 150 3 1
166901 1 151 4 1
166892 1 151 3 1
314975 1 151 2 1
168162 1 151 2 1
167272 1 151 2 1
97670 1 151 2 3
147046 1 151 0 1
166894 0 151 3 1
167271 0 151 3 1
167273 0 151 3 1
167274 0 151 3 1
167276 0 151 3 1
168161 0 151 3 1
168163 0 151 3 1
210393 1 151 3 1
210726 1 151 3 1
314184 1 151 3 1
314187 1 151 3 1
314188 1 151 3 1
314977 0 151 4 1
146504 1 152 4 1
321616 1 152 3 1
175717 1 152 3 2
167642 1 152 3 1
146828 1 152 3 1
314545 1 152 2 1
313799 1 152 2 1
209502 1 152 2 3
168027 1 152 2 2
146983 1 152 2 1
146972 1 152 1 1
145580 1 152 1 1
145581 0 152 3 1
145582 0 152 3 1
146971 0 152 3 1
146973 0 152 3 1
166900 1 152 3 1
166904 1 152 3 1
167643 0 152 3 1
167644 0 152 3 1
167645 0 152 3 1
168028 0 152 3 2
209501 0 152 3 3
209503 0 152 3 3
313798 0 152 3 1
313800 0 152 3 1
314978 0 152 3 3
321614 0 152 3 1
321619 0 152 3 1
297801 1 153 3 1
146974 1 153 3 3
429897 0 153 4 3
383218 1 153 2 2
322238 1 153 2 1
315204 1 153 2 1
315012 1 153 2 1
314110 1 153 2 1
146462 1 153 2 1
130891 1 153 2 3
314646 1 153 1 3
167190 1 153 1 4
145629 1 153 1 2
130890 0 153 3 3
145626 0 153 3 2
145630 0 153 3 2
145631 0 153 3 2
146506 1 153 3 1
146829 1 153 3 1
146831 1 153 3 1
146975 0 153 3 3
146982 1 153 3 1
146986 1 153 3 1
167189 0 153 3 4
314111 0 153 3 1
314647 0 153 3 3
315011 0 153 3 1
315013 0 153 3 1
315014 0 153 3 1
315205 0 153 3 1
315206 0 153 3 1
315207 0 153 3 1
383217 0 153 3 2
429901 1 154 3 3
166213 1 154 3 3
315201 1 154 2 3
314547 1 154 2 3
313777 1 154 2 3
210692 1 154 2 3
146594 1 154 2 1
146318 1 154 2 0
315220 1 154 1 1
146613 1 154 1 4
146319 0 154 3 0
146321 0 154 3 0
146597 0 154 3 1
166211 0 154 3 3
166212 0 154 3 3
166214 0 154 3 3
313775 0 154 3 3
313776 0 154 3 3
313778 0 154 3 3
314544 0 154 3 3
314545 0 154 3 3
315198 0 154 3 3
315200 0 154 3 3
429898 0 154 3 3
429903 0 154 3 3
184441 1 155 3 2
166724 1 155 3 3
146204 1 155 3 3
410144 1 155 2 3
323409 1 155 2 1
322060 1 155 2 4
321943 1 155 2 1
297810 1 155 2 3
210938 1 155 2 3
210026 1 155 2 3
166541 1 155 2 1
146912 1 155 2 1
147041 1 155 1 2
146914 0 155 3 1
146915 0 155 3 1
147043 0 155 3 2
166540 0 155 3 1
166542 0 155 3 1
166721 0 155 3 3
184440 0 155 3 2
184442 0 155 3 2
184443 0 155 3 2
184444 0 155 3 2
210691 1 155 3 3
321945 0 155 3 1
322061 0 155 3 4
323407 0 155 3 1
323408 0 155 3 1
323410 0 155 3 1
323411 0 155 3 1
323412 0 155 3 1
410142 0 155 3 3
410143 0 155 3 3
211074 1 156 3 3
210644 1 156 3 2
167445 1 156 3 1
321615 1 156 2 1
167078 1 156 2 1
146887 1 156 2 2
146885 0 156 3 2
210645 0 156 3 2
321614 0 156 3 1
321618 0 156 3 1
401342 1 157 4 2
115623 1 157 3 2
322872 1 157 2 4
145579 1 157 2 0
63675 1 157 2 3
42422 1 157 2 3
146832 1 157 1 2
115622 0 157 3 2
145581 0 157 3 0
145582 0 157 3 0
145583 0 157 3 0
146833 0 157 3 2
167447 1 157 3 1
167240 1 158 4 1
314138 1 158 3 1
67618 1 158 3 3
43480 1 158 3 3
360308 1 158 2 2
168171 1 158 2 1
146953 1 158 1 1
43479 0 158 3 3
43481 0 158 3 3
168172 0 158 3 1
314139 0 158 3 1
321617 0 158 3 1
360306 0 158 3 2
360307 0 158 3 2
410145 1 159 2 3
314898 1 159 2 1
297403 1 159 2 1
211044 1 159 2 1
210690 1 159 2 2
168248 1 159 2 3
167267 1 159 2 1
146321 1 159 2 2
210452 1 159 1 1
167238 1 159 3 1
167241 1 159 3 1
167242 1 159 3 1
167269 0 159 3 1
167270 0 159 3 1
168247 0 159 3 3
210451 0 159 3 1
210692 0 159 3 2
211043 0 159 3 1
314900 0 159 3 1
314901 0 159 3 1
410142 0 159 3 3
419071 1 160 3 3
314124 0 160 4 3
313941 1 160 2 3
209487 1 160 2 1
104817 1 160 2 3
313832 1 160 1 3
104815 0 160 3 3
104818 0 160 3 3
209484 0 160 3 1
209486 0 160 3 1
209490 0 160 3 1
313829 0 160 3 3
313830 0 160 3 3
313831 0 160 3 3
313937 0 160 3 3
313938 0 160 3 3
313940 0 160 3 3
314123 0 160 3 3
209673 1 161 3 1
166845 1 161 3 4
165045 1 161 3 0
514660 1 161 2 3
314125 1 161 2 3
314041 1 161 2 1
209527 1 161 2 1
209946 1 161 1 4
209528 0 161 3 1
209675 0 161 3 1
209677 0 161 3 1
209945 0 161 3 4
314040 0 161 3 1
314121 0 161 3 3
314123 0 161 3 3
381749 1 162 3 3
314139 1 162 3 2
314297 1 162 2 1
166835 1 162 2 1
211045 0 162 3 1
211046 0 162 3 1
314138 0 162 3 2
314298 0 162 3 1
381748 0 162 3 3
514657 1 162 3 3
514658 1 162 3 3
514659 1 162 3 3
313940 1 163 3 3
210346 1 163 3 3
323347 1 163 2 1
211043 1 163 2 1
166718 1 163 1 3
166719 0 163 3 3
166833 1 163 3 1
323348 0 163 3 1
167816 0 164 13 3
209519 1 164 3 1
321619 1 164 2 3
314546 1 164 2 3
210709 1 164 2 1
166554 1 164 2 3
167875 1 164 1 3
209520 0 164 3 1
313937 1 164 3 3
313938 1 164 3 3
313939 1 164 3 3
313941 1 164 3 3
321615 0 164 3 3
321616 0 164 3 3
321617 0 164 3 3
514659 0 164 3 1
514660 0 164 3 1
514658 1 165 3 1
323111 1 165 3 4
166834 1 165 2 1
123077 1 165 2 3
123073 0 165 3 3
123075 0 165 3 3
166833 0 165 3 1
166836 0 165 3 1
166837 0 165 3 1
167817 1 165 3 3
210710 1 165 3 1
323110 0 165 3 4
210984 1 166 3 1
154101 1 166 2 3
380164 1 166 1 2
210215 1 166 1 1
154099 0 166 3 3
154102 0 166 3 3
210216 0 166 3 1
210217 0 166 3 1
210986 0 166 3 1
380163 0 166 3 2
380166 0 166 3 2
322517 1 167 2 1
322518 0 167 3 1
322519 0 167 3 1
322520 0 167 3 1
446783 1 168 2 3
297546 1 168 2 2
209521 1 168 2 3
121612 1 168 2 3
210449 1 168 1 0
121610 0 168 3 3
121613 0 168 3 3
209519 0 168 3 3
209520 0 168 3 3
210451 0 168 3 0
210452 0 168 3 0
297545 0 168 3 2
297548 0 168 3 2
322515 1 169 3 0
312691 1 169 3 4
210471 1 169 3 1
146430 1 169 3 3
323264 1 169 2 1
314111 1 169 2 3
136894 1 169 2 3
27329 1 169 2 2
27328 0 169 3 2
27330 0 169 3 2
166526 0 169 3 1
312690 0 169 3 4
314110 0 169 3 3
322519 0 169 3 0
446781 1 169 3 3
446782 1 169 3 3
67417 1 170 3 3
322352 1 170 2 1
321867 1 170 1 1
67416 0 170 3 3
210470 1 170 3 1
210472 1 170 3 1
210473 1 170 3 1
322353 0 170 3 1
323392 1 171 3 1
322518 1 171 3 1
297548 1 171 3 3
211089 1 171 3 1
323051 1 171 2 1
323033 1 171 2 1
180815 1 171 2 3
89533 1 171 2 3
323034 1 171 1 1
180813 0 171 3 3
180816 0 171 3 3
297545 0 171 3 3
297546 0 171 3 3
323050 0 171 3 1
323053 0 171 3 1
322208 1 172 3 1
322090 1 172 3 1
321573 1 172 3 1
258660 1 172 2 2
323203 1 172 1 1
211088 1 172 3 1
211090 1 172 3 1
211091 1 172 3 1
258658 0 172 3 2
258659 0 172 3 2
321574 0 172 3 1
321575 0 172 3 1
321576 0 172 3 1
323034 1 172 3 1
323204 0 172 3 1
323206 0 172 3 1
323393 1 172 3 1
323395 1 172 3 1
322351 1 173 3 1
387402 1 173 2 2
322352 0 173 3 1
322353 0 173 3 1
322355 0 173 3 1
387403 0 173 3 2
258913 1 174 3 1
209792 1 174 3 1
321542 1 174 2 3
321474 1 174 2 3
152588 1 174 2 4
209793 0 174 3 1
209794 0 174 3 1
209795 0 174 3 1
258915 0 174 3 1
321470 0 174 3 3
321473 0 174 3 3
321475 0 174 3 3
321539 0 174 3 3
321540 0 174 3 3
323051 1 174 3 1
168074 1 175 2 1
166727 1 175 2 0
153638 1 175 1 3
147078 1 175 1 3
147076 0 175 3 3
147077 0 175 3 3
147079 0 175 3 3
152587 1 175 3 4
153637 0 175 3 3
166729 0 175 3 0
258657 1 176 4 0
323052 1 176 3 1
322418 1 176 3 1
259618 1 176 3 1
322210 1 176 2 1
322803 1 176 1 1
30891 1 176 1 2
30892 0 176 3 2
259619 0 176 3 1
259620 0 176 3 1
259621 0 176 3 1
259622 0 176 3 1
322208 0 176 3 1
322209 0 176 3 1
322211 0 176 3 1
322420 0 176 3 1
322421 0 176 3 1
322422 0 176 3 1
322804 0 176 3 1
322805 0 176 3 1
323066 0 177 4 1
314442 1 177 3 3
322792 1 177 2 1
322093 1 177 2 3
209790 0 177 3 1
209793 0 177 5 0
209794 0 177 3 0
209795 0 177 3 0
209791 0 177 3 1
209794 0 177 3 1
258658 1 177 3 0
258659 1 177 3 0
258660 1 177 3 0
322091 0 177 3 3
322208 0 177 3 3
322209 0 177 3 3
322793 0 177 3 1
322794 0 177 3 1
322795 0 177 3 1
322796 0 177 3 1
323051 1 177 3 1
323053 1 177 3 1
323063 0 177 4 1
321576 1 178 2 3
211090 1 178 2 3
211088 0 178 3 3
211089 0 178 3 3
314440 1 178 3 3
314443 1 178 3 3
321575 0 178 3 3
323065 0 178 3 1
44380 1 179 3 3
321625 1 179 2 1
321546 1 179 2 3
322912 1 179 1 3
322413 1 179 1 4
210354 1 179 1 4
321545 0 179 3 3
321624 0 179 3 1
321626 0 179 3 1
321627 0 179 3 1
322910 0 179 3 3
322911 0 179 3 3
209795 1 180 3 3
472133 1 180 2 3
260456 1 180 2 1
209790 0 180 3 3
209791 0 180 3 3
209793 0 180 3 3
260457 0 180 3 1
260458 0 180 3 1
314440 0 180 3 3
314441 0 180 3 3
323063 0 180 3 1
323066 0 180 3 1
323068 0 180 3 1
97768 0 181 13 3
322793 1 181 3 1
322792 0 181 3 1
322796 0 181 3 1
322797 0 181 3 1
260403 1 182 3 3
322422 1 182 2 3
97767 1 182 3 3
260400 0 182 3 3
260401 0 182 3 3
260402 0 182 3 3
322418 0 182 3 3
322419 0 182 3 3
322421 0 182 3 3
323067 1 183 3 3
322106 1 183 3 1
260457 1 183 4 1
260455 1 183 3 1
66147 1 183 2 3
66144 0 183 3 3
260456 0 183 3 3
260458 0 183 3 3
322104 0 183 3 1
322107 0 183 3 1
322109 0 183 3 1
323064 0 183 3 3
388028 1 184 3 2
62636 1 184 3 3
414918 1 184 2 3
260456 1 184 3 1
260458 1 184 3 1
322021 1 186 1 1
322022 0 186 3 1
322668 1 187 2 1
442136 0 189 3 2
323666 1 191 1 1
323665 0 191 3 1
323667 0 191 3 1
323668 0 191 3 1
323790 1 192 3 1
323055 1 193 3 1
323056 0 193 3 1
323057 0 193 3 1
322448 1 194 4 1
321401 1 194 3 3
321822 1 195 2 1
322431 1 195 1 1
321823 0 195 3 1
322430 0 195 3 1
322432 0 195 3 1
322433 0 195 3 1
322449 1 195 3 1
322669 1 196 3 1
321782 1 196 2 1
321783 0 196 3 1
322715 1 197 3 1
322668 1 197 3 1
322670 1 197 3 1
322717 0 197 3 1
321810 1 198 2 4
323044 1 198 1 1
321809 0 198 3 4
323045 0 198 3 1
322223 1 199 2 3
322129 1 199 2 4
322105 1 199 2 1
323056 1 199 1 2
322104 0 199 3 1
322107 0 199 3 1
322108 0 199 3 1
322109 0 199 3 1
322128 0 199 3 4
322222 0 199 3 3
323055 0 199 3 2
323057 0 199 3 2
321967 1 200 1 4
321966 0 200 3 4
325749 1 201 2 1
324249 1 201 2 3
323046 1 201 2 3
323044 0 201 3 3
323045 0 201 3 3
325748 0 201 3 1
325752 0 201 3 1
323057 1 203 2 3
322473 1 203 2 1
322311 1 203 2 1
322310 0 203 3 1
322312 0 203 3 1
322313 0 203 3 1
323055 0 203 3 3
323056 0 203 3 3
323058 0 203 3 3
325665 1 204 4 1
322468 1 204 2 1
321314 1 205 3 1
321917 1 205 2 1
321313 0 205 3 1
321316 0 205 3 1
321317 0 205 3 1
321318 0 205 3 1
321918 0 205 3 1
321919 0 205 3 1
325664 1 205 3 1
325666 1 205 3 1
325667 1 205 3 1
325330 1 207 2 1
321916 1 207 2 0
323620 1 208 3 1
321734 1 208 3 1
322474 1 208 1 2
321917 1 208 3 0
321918 1 208 3 0
322476 0 208 3 2
323621 0 208 3 1
323622 0 208 3 1
325059 1 209 3 1
325662 1 209 2 1
321732 1 209 3 1
321733 1 209 3 1
325666 0 209 3 1
325667 0 209 3 1
325123 1 210 3 1
324214 1 210 3 1
323082 1 210 3 1
323083 0 210 3 1
323084 0 210 3 1
325060 1 210 3 1
325061 1 210 3 1
325125 0 210 3 1
325090 1 211 3 4
325663 1 211 1 1
325331 1 212 2 3
231413 1 213 3 3
325651 1 213 2 1
324977 1 213 2 1
324442 1 213 2 1
323791 1 213 2 1
323790 0 213 3 1
323792 0 213 3 1
325650 0 213 3 1
325652 0 213 3 1
321736 1 214 4 3
324551 1 214 3 3
325370 1 214 2 3
324443 1 214 3 1
324446 1 214 3 1
324447 1 214 3 1
321733 1 215 3 3
321735 1 215 3 3
324546 1 215 3 3
324547 1 215 3 3
324549 1 215 3 3
324550 1 215 3 3
324545 1 216 3 4
321739 1 216 3 1
321741 0 216 3 1
324445 1 217 2 3
322326 1 217 2 3
322325 0 217 3 3
322327 0 217 3 3
324444 0 217 3 3
324447 0 217 3 3
324544 1 217 3 4
420576 1 218 2 2
231412 1 218 1 3
231413 0 218 3 3
420575 0 218 3 2
324184 1 219 1 1
324186 0 219 3 1
324443 0 219 3 1
322324 1 220 3 0
323651 1 221 2 3
322326 1 221 3 0
322327 1 221 3 0
323652 0 221 3 3
325653 1 222 3 3
322595 1 223 3 0
52386 1 224 3 3
323077 1 224 2 3
52385 0 224 3 3
323078 0 224 3 3
324419 1 225 3 1
321766 1 226 3 1
97357 1 226 1 3
97355 0 226 3 3
324417 1 226 3 1
324418 1 226 3 1
324420 1 226 3 1
354772 1 228 2 3
365928 1 229 3 2
324031 1 229 3 3
97336 1 229 2 3
324027 0 229 4 3
324029 0 229 3 3
365927 0 229 3 2
365929 0 229 3 2
365930 0 229 3 2
365932 0 229 3 2
324273 1 230 3 1
325479 1 231 3 1
365924 1 231 2 3
323901 1 231 2 1
323902 0 231 3 1
323903 0 231 3 1
324028 1 231 4 1
324029 1 231 3 1
324030 1 231 3 1
324032 1 231 3 1
324274 1 231 3 1
324275 1 231 3 1
140628 1 232 2 3
140627 0 232 3 3
325478 1 232 3 1
325480 1 232 3 1
325481 1 232 3 1
324027 1 233 3 1
324029 1 233 3 1
324030 1 233 3 1
198351 1 234 3 2
365929 1 234 2 2
91052 1 234 2 2
186305 1 234 1 3
365928 0 234 3 2
365930 0 234 3 2
365932 0 234 3 2
528494 1 235 2 3
323577 1 235 2 1
323576 0 235 3 1
323579 0 235 3 1
323580 0 235 3 1
528491 0 235 3 3
528492 0 235 3 3
528493 0 235 3 3
325313 1 236 3 1
325480 1 236 2 1
141832 1 236 2 3
325478 1 236 1 1
324028 0 236 3 3
324029 0 236 3 3
324031 0 236 3 3
238124 1 237 3 3
324417 1 237 2 1
324032 1 237 0 3
238122 0 237 3 3
422947 1 238 2 3
324269 1 238 1 4
324418 1 238 3 1
324419 1 238 3 1
324420 1 238 3 1
519151 1 239 2 3
324306 0 239 3 1
324307 1 239 1 1
141252 0 239 3 3
324309 0 239 3 1
325528 0 239 3 3
519152 0 239 3 3
324633 1 240 2 1
324632 0 240 3 1
486454 1 241 3 2
325314 1 241 3 1
325313 0 241 3 1
325315 0 241 3 1
486453 0 241 3 2
324837 1 242 2 1
178147 1 243 3 3
141254 1 243 1 3
141252 0 243 3 3
141253 0 243 3 3
178145 0 243 3 3
178148 0 243 3 3
323849 1 247 3 3
141256 1 247 1 1
141255 0 247 3 1
141257 0 247 3 1
141258 0 247 3 1
323996 1 248 1 4
323995 0 248 3 4
325243 1 249 2 1
325169 1 249 1 1
325168 0 249 3 1
325170 0 249 3 1
325244 0 249 3 1
56522 1 250 2 3
323928 1 251 2 1
325473 1 252 2 3
140976 1 252 1 1
140980 0 252 3 1
140982 0 252 3 1
325470 0 252 3 3
141714 1 254 3 1
323850 1 254 2 4
325625 1 254 1 1
141711 0 254 3 1
325626 0 254 3 1
325628 0 254 3 1
140610 1 255 2 1
323929 1 255 1 1
140609 0 255 3 1
323928 0 255 3 1
141704 1 258 2 1
323851 1 258 1 2
323852 0 258 3 2
324742 1 259 3 1
140611 1 259 3 1
141913 1 259 2 1
140730 1 259 2 1
140609 1 259 2 1
140610 0 259 3 1
140612 0 259 3 1
141914 0 259 3 1
141915 0 259 3 1
141469 1 260 2 1
324772 1 260 1 1
140610 1 260 3 1
140613 1 260 3 1
140732 1 260 3 1
140733 1 260 3 1
141470 0 260 3 1
141471 0 260 3 1
141472 0 260 3 1
324773 0 260 3 1
324776 0 260 3 1
141707 1 261 3 1
141704 0 261 3 1
141706 0 261 3 1
141708 0 261 3 1
324171 1 262 3 1
141381 1 262 3 1
325610 1 262 2 1
325555 1 262 2 1
324172 1 262 2 1
141380 0 262 3 1
141382 0 262 3 1
324173 0 262 3 1
325556 0 262 3 1
325612 0 262 3 1
325613 0 262 3 1
325614 0 262 3 1
324262 1 263 3 1
140233 1 263 3 2
324041 1 263 2 3
140613 1 263 2 3
141472 1 263 1 3
140610 0 263 3 3
140614 0 263 3 3
141468 0 263 3 3
141471 0 263 3 3
324258 0 263 3 1
324259 0 263 3 1
324261 0 263 3 1
324263 0 263 3 1
324567 1 264 3 1
254903 1 264 3 3
323803 1 264 2 1
140533 1 264 2 0
141709 1 264 1 3
140536 0 264 3 0
141703 0 264 3 3
323805 0 264 3 1
323806 0 264 3 1
324569 0 264 3 1
324868 1 265 2 3
325611 1 266 3 1
323540 1 266 3 3
140660 1 266 2 1
140662 0 266 3 1
323538 0 266 3 3
323539 0 266 3 3
323541 0 266 3 3
325614 0 266 3 1
140529 1 267 3 1
324276 1 267 2 1
324074 1 267 1 1
140530 0 267 3 1
140531 0 267 3 1
324076 0 267 3 1
324278 0 267 3 1
324568 1 268 2 1
323712 1 268 1 3
324567 0 268 3 1
324569 0 268 3 1
141893 1 269 3 1
141638 1 269 3 0
141639 0 269 3 0
141640 0 269 3 0
141892 0 269 3 1
141895 0 269 3 1
323922 1 270 2 4
323541 1 270 2 3
141633 1 270 2 0
141636 0 270 3 0
323539 0 270 3 3
141017 1 271 3 4
140912 1 271 2 3
141018 0 271 3 4
324454 1 272 3 3
323709 1 272 2 1
323696 1 272 2 1
323695 0 272 3 1
323707 0 272 3 1
323708 0 272 3 1
323710 0 272 3 1
323711 0 272 3 1
324452 0 272 3 3
324453 0 272 3 3
141070 1 273 3 1
323627 1 274 3 3
141069 1 274 3 1
141072 1 274 3 1
323624 0 274 3 3
323625 0 274 3 3
325712 1 275 3 1
325713 0 275 3 1
325717 0 275 3 1
140911 1 276 4 0
325541 1 276 2 1
325542 0 276 3 1
141861 1 277 3 1
323695 1 277 1 0
154600 1 277 1 1
154598 0 277 3 1
154602 0 277 3 1
323698 0 277 3 0
141277 1 278 4 1
141259 1 278 3 1
312027 1 278 2 3
312025 0 278 3 3
155178 1 279 4 1
324280 1 279 2 1
153891 1 279 2 1
152827 1 279 1 3
141950 1 279 1 1
141261 1 279 3 1
141278 1 279 3 1
141951 0 279 3 1
141954 0 279 3 1
324282 0 279 3 1
324293 1 280 3 1
312026 1 280 3 2
270504 1 280 3 3
140208 1 280 2 3
153892 1 280 3 1
153893 1 280 3 1
153895 1 280 3 1
155179 1 280 3 1
155180 1 280 3 1
155181 1 280 3 1
270502 0 280 3 3
270503 0 280 3 3
312027 0 280 3 2
324296 0 280 3 1
141953 1 281 4 3
140206 1 281 3 3
140207 1 281 3 3
140209 1 281 3 3
141951 1 282 3 3
141952 1 282 3 3
141954 1 282 3 3
141943 1 283 2 2
141941 0 283 3 2
141942 0 283 3 2
324280 0 283 3 3
324283 0 283 3 3
324295 0 283 3 1
141948 1 284 3 3
140396 1 284 3 4
327858 1 284 1 2
141945 0 284 3 3
141947 0 284 3 3
324507 1 285 2 1
141309 1 285 2 1
324508 0 285 3 1
324511 0 285 3 1
140310 1 286 4 1
153440 1 287 3 1
491294 1 287 2 3
325395 1 287 2 1
325052 1 287 2 2
153439 0 287 3 1
153441 0 287 3 1
153443 0 287 3 1
153445 0 287 3 1
325053 0 287 3 2
325054 0 287 3 2
325396 0 287 3 1
325399 0 287 3 1
141695 1 289 2 4
140195 1 296 3 3
141509 1 297 3 1
140137 1 301 2 1
140135 0 301 3 1
140138 0 301 3 1
140139 0 301 4 1
140182 1 302 2 2
140137 1 303 3 3
140138 1 303 3 3
140140 1 303 3 3
141183 1 304 2 1
141186 0 304 3 1
140608 0 306 13 3
244353 1 306 3 3
244354 0 306 3 3
141185 1 309 2 3
31697 1 311 2 3
31694 0 311 3 3
31695 0 311 3 3
31696 0 311 3 3
4773 1 313 2 2
4772 0 313 3 2
4774 0 313 3 2
141192 1 315 3 1
140840 1 315 2 1
34362 1 315 1 3
34361 0 315 3 3
140838 0 315 3 1
140839 0 315 3 1
140841 0 315 3 1
140842 0 315 3 1
141190 0 315 3 1
141191 0 315 3 1
141193 0 315 3 1
141069 1 317 2 1
141073 0 317 3 1
140841 1 319 2 1
140842 0 319 3 1
140843 1 320 2 3
141427 1 320 1 1
141426 0 320 3 1
141429 0 320 3 1
141304 1 324 2 1
140842 1 324 1 3
140839 0 324 3 3
140840 0 324 3 3
140843 0 324 3 3
141303 0 324 3 1
141305 0 324 3 1
141306 0 324 3 1
141237 1 325 2 1
141236 0 325 3 1
141238 0 325 3 1
140858 1 326 2 3
148336 1 327 3 3
140947 1 328 3 2
140948 0 328 3 2
141236 1 329 1 1
141238 0 329 3 1
140948 1 333 1 3
140944 0 333 3 3
140946 0 333 3 3
140951 1 335 3 3
140944 0 335 3 1
140945 0 335 3 1
140948 0 335 3 1
140949 0 335 3 3
140950 0 335 3 3
140952 0 335 3 3
