23020 7
390030 7
390031 7
390032 7
464577 7
473491 7
367798 8
471823 8
471825 8
471826 8
461112 9
460522 10
478002 10
478003 10
163599 11
163600 11
392222 11
536436 11
346165 12
346166 12
347344 12
347345 12
347348 12
347442 12
459522 12
460083 12
459528 13
381682 14
381685 14
346169 15
346170 15
346173 15
347956 15
347957 15
347958 15
347960 15
349807 15
459231 15
347189 16
347439 16
459523 16
459524 16
459527 16
460733 17
460734 17
347151 18
470241 18
347010 19
347011 19
470916 19
245973 20
245976 20
347958 20
347959 20
471786 20
471788 20
471789 20
347149 21
347153 21
347154 21
347956 21
347957 21
347960 21
347962 21
460469 21
460470 21
460471 21
460472 21
460474 21
347289 22
347291 22
347292 22
347293 22
347294 22
346819 23
346821 23
460109 23
460110 23
460111 23
460442 23
460445 23
460463 23
460465 23
460466 23
346169 24
347023 24
347024 24
347025 24
347026 24
347027 24
347475 24
459108 24
460380 24
460384 24
347656 26
347948 26
347949 26
507479 26
507480 26
507481 26
346820 27
346034 28
459881 28
459885 28
347023 29
347025 29
347027 29
460081 30
460084 30
346819 31
459884 31
347345 34
347349 34
347350 34
347292 37
459139 38
459182 38
347639 44
347204 45
347205 45
347252 46
347253 46
347254 46
347255 46
346582 47
346583 47
346584 47
347256 49
347258 49
346028 50
346286 51
346288 51
346289 51
347020 51
347022 51
347257 51
346464 54
346581 54
346582 54
346584 54
347252 55
347254 55
347255 55
347641 55
347643 55
346230 56
347997 56
346496 57
346497 57
347020 58
347021 58
347638 58
347639 58
346290 60
346291 60
346293 60
346296 60
346437 60
346438 60
346321 61
347590 61
347592 61
348006 61
346099 62
346102 62
346735 62
346738 62
346739 62
347084 62
347625 62
347626 62
347747 62
347750 62
346209 63
346213 63
346528 63
345991 64
345994 64
347865 64
347866 64
347867 64
346586 65
346812 65
346815 65
346874 66
346876 66
346100 67
346101 67
346102 67
346103 67
346104 67
346445 67
346446 67
346552 67
346813 67
346814 67
347851 67
46114 68
46115 68
46116 68
346648 68
346650 68
346651 68
346653 68
46012 69
46013 69
46082 69
46083 69
46084 69
346528 69
346965 69
346966 69
46081 70
47255 70
47748 70
47750 70
47751 70
346209 70
346210 70
346212 70
346213 70
347843 70
347845 70
347846 70
347847 70
347848 70
346099 71
346101 71
346103 71
46362 72
48124 72
46871 73
46874 73
47256 73
47259 73
47977 73
347789 73
347790 73
347792 73
46015 74
46016 74
46017 74
46365 75
46366 75
47835 75
47859 75
46362 76
46363 76
46364 76
46367 76
47246 76
47249 76
47251 76
47461 76
47462 76
47463 76
47918 76
45968 77
46525 77
46528 77
48123 77
45938 78
46553 78
47274 78
46385 79
46386 79
46388 79
46669 79
46670 79
46671 79
46791 79
46794 79
46947 79
46950 79
47009 79
47010 79
47011 79
47297 79
47300 79
47301 79
48213 79
46382 80
46387 80
47467 80
118295 80
118297 80
46282 81
46383 81
46384 81
47236 81
47463 81
46532 82
46662 82
46663 82
47262 82
47626 82
47775 82
47860 82
47862 82
48160 82
48164 82
46485 83
46487 83
46790 83
46792 83
47474 83
47476 83
47477 83
47478 83
325244 83
341852 83
46917 84
47280 84
47281 84
47503 84
47504 84
46331 85
282476 85
282477 85
46486 86
46918 86
46920 86
46921 86
46922 86
47214 86
47216 86
47264 86
47266 86
47473 86
48096 86
416858 86
416860 86
46342 87
46498 87
47275 87
47774 87
48185 87
48186 87
48188 87
46340 88
46487 88
47630 89
47631 89
47633 89
47721 89
47722 89
47881 91
47883 91
46309 92
47565 92
47772 92
48180 92
48182 92
520188 92
46346 93
46347 93
46348 93
46350 93
46979 93
47162 93
47163 93
47166 93
48149 93
48151 93
48152 93
478371 93
46983 94
47566 94
47629 94
47632 94
47633 94
47751 94
47752 94
47181 95
46270 96
46273 96
46684 96
46923 96
46925 96
47455 96
47456 96
47458 96
47972 96
47973 96
47974 96
47975 96
130282 96
46276 97
516854 98
46314 99
46316 99
47314 99
47315 99
47598 99
47686 99
47687 99
47689 99
47692 99
46210 100
46271 100
46272 100
46870 100
46872 100
46873 100
46754 102
46756 102
47311 102
47312 102
47313 102
47456 103
47458 103
47459 103
12567 104
46433 104
46434 104
46436 104
46437 104
46847 105
48012 105
48013 105
166985 105
47569 106
47572 106
527312 106
527314 106
8919 107
47606 107
47607 107
48014 107
48015 107
145834 107
45881 109
45883 109
45884 109
167500 109
167501 109
46196 110
46198 110
48020 111
48022 111
48024 111
167495 111
167497 111
166693 112
47191 113
47193 113
47194 113
46803 114
46806 114
338737 115
167173 116
167379 116
167384 116
168050 117
192959 117
192960 117
166954 118
166955 118
166956 118
146567 119
167380 119
167381 119
167504 119
167505 119
167506 119
167507 119
146261 120
146264 120
166957 120
236368 120
236369 120
236371 120
48231 122
48232 122
146782 122
146783 122
146563 123
146565 123
146566 123
146568 123
167562 123
314937 123
37724 124
168001 124
168003 124
236368 124
167191 125
167193 125
167196 125
146043 126
168287 126
168290 126
146881 127
167936 127
167940 127
145972 128
167087 128
167379 128
167380 128
167381 128
167937 128
167939 128
168008 128
168010 128
168012 128
166542 129
167935 129
167938 129
167941 129
243029 129
243030 129
145676 130
145677 130
145678 130
145679 130
145971 130
145974 130
145975 130
167602 130
167603 130
145970 131
146487 131
167306 131
167307 131
167309 131
167310 131
168280 131
125459 132
166566 132
314937 132
314939 132
477856 132
146905 133
385364 133
385366 133
145772 134
167632 134
167656 134
167657 134
167659 134
167660 134
167661 134
229249 134
240582 134
146487 135
146489 135
146490 135
146722 135
146724 135
146725 135
167103 135
167104 135
314233 135
354051 135
354052 135
528095 135
528096 135
528097 135
146018 136
167529 136
30734 137
146275 137
146278 137
146491 137
166775 137
166778 137
166779 137
166869 137
167169 137
315241 137
520908 137
145766 138
145767 138
146913 138
167773 138
354053 138
146017 139
146019 139
313990 139
313992 139
30735 140
146125 140
146126 140
147071 140
147075 140
314035 140
314037 140
146545 141
146763 141
146764 141
146839 141
146840 141
146841 141
146842 141
146843 141
146662 142
146663 142
146666 142
146667 142
146780 142
314345 142
314346 142
314348 142
314535 142
314540 142
403537 142
145609 143
145610 143
145611 143
145764 143
145765 143
145767 143
146044 143
146047 143
210939 143
210943 143
314449 143
314830 143
314831 143
31628 144
31630 144
210940 144
210942 144
526481 144
18810 145
18814 145
146781 145
146783 145
167234 145
167237 145
313831 145
314410 145
314604 145
314610 145
315185 145
315186 145
315187 145
315188 145
526477 145
526479 145
526480 145
146761 146
146764 146
146765 146
166778 146
314395 146
314396 146
314398 146
314539 146
145616 147
146045 147
146046 147
146047 147
313806 147
314750 147
314888 147
315013 147
315014 147
315262 147
315264 147
146066 148
313968 148
145607 149
145608 149
145609 149
145611 149
145630 149
145883 149
146393 149
146395 149
146396 149
147033 149
182150 149
182156 149
210206 149
210209 149
314230 149
314231 149
314234 149
314448 149
314450 149
314604 149
314606 149
314607 149
314608 149
314609 149
96912 150
146010 150
167271 150
167273 150
167274 150
167276 150
297419 150
297420 150
297421 150
321614 150
321615 150
321619 150
146351 151
209818 151
209820 151
209821 151
314177 151
314707 151
314710 151
314889 151
315270 151
315271 151
145552 152
146212 152
146406 152
146408 152
146635 152
146636 152
146987 152
147012 152
147013 152
166783 152
313777 152
314242 152
314246 152
429903 152
99188 153
146276 153
166895 153
166896 153
166898 153
166909 153
166910 153
182153 153
182155 153
314783 153
322240 153
358886 153
145825 154
146211 154
146362 154
147048 154
147049 154
214450 154
214451 154
214453 154
297426 154
297429 154
297431 154
313775 154
313776 154
314069 154
166894 155
167271 155
167273 155
167274 155
167276 155
168161 155
168163 155
210393 155
210726 155
314184 155
314187 155
314188 155
314977 155
145581 156
145582 156
146971 156
146973 156
166900 156
166904 156
167643 156
167644 156
167645 156
168028 156
209501 156
209503 156
313798 156
313800 156
314978 156
321614 156
321619 156
130890 157
145626 157
145630 157
145631 157
146506 157
146829 157
146831 157
146975 157
146982 157
146986 157
167189 157
314111 157
314647 157
315011 157
315013 157
315014 157
315205 157
315206 157
315207 157
383217 157
146319 158
146321 158
146597 158
166211 158
166212 158
166214 158
313775 158
313776 158
313778 158
314544 158
314545 158
315198 158
315200 158
429897 158
429898 158
429903 158
146914 159
146915 159
147043 159
166540 159
166542 159
166721 159
184440 159
184442 159
184443 159
184444 159
210691 159
321945 159
322061 159
323407 159
323408 159
323410 159
323411 159
323412 159
410142 159
410143 159
146885 160
210645 160
321614 160
321618 160
115622 161
145581 161
145582 161
145583 161
146833 161
167447 161
43479 162
43481 162
168172 162
314139 162
321617 162
360306 162
360307 162
167238 163
167241 163
167242 163
167269 163
167270 163
168247 163
210451 163
210692 163
211043 163
314900 163
314901 163
410142 163
104815 164
104818 164
209484 164
209486 164
209490 164
313829 164
313830 164
313831 164
313937 164
313938 164
313940 164
209528 165
209675 165
209677 165
209945 165
314040 165
314121 165
314123 165
314124 165
211045 166
211046 166
314138 166
314298 166
381748 166
514657 166
514658 166
166719 167
323348 167
209520 168
313937 168
313938 168
313939 168
313941 168
321615 168
321616 168
321617 168
514659 168
514660 168
123073 169
123075 169
166833 169
166836 169
166837 169
167817 169
210710 169
323110 169
154099 170
154102 170
210216 170
210217 170
210986 170
380163 170
380166 170
322518 171
322520 171
121610 172
121613 172
209519 172
209520 172
210451 172
210452 172
297548 172
27328 173
27330 173
166526 173
312690 173
314110 173
322519 173
446781 173
446782 173
67416 174
210470 174
210472 174
210473 174
180813 175
180816 175
297545 175
297546 175
323050 175
323053 175
211088 176
211090 176
211091 176
258658 176
258659 176
321574 176
321575 176
321576 176
323034 176
323204 176
323206 176
323393 176
323395 176
322352 177
322353 177
322355 177
387403 177
258915 178
321470 178
321473 178
321475 178
321539 178
321540 178
147076 179
147077 179
147079 179
152587 179
153637 179
166729 179
30892 180
259619 180
259620 180
259621 180
259622 180
322211 180
322420 180
322421 180
322422 180
322804 180
322805 180
209794 181
209795 181
258658 181
258659 181
258660 181
322091 181
322208 181
322209 181
322793 181
322794 181
322795 181
323051 181
323053 181
211088 182
211089 182
314443 182
321575 182
323065 182
321545 183
321624 183
321626 183
321627 183
322910 183
322911 183
209790 184
209791 184
209793 184
314440 184
314441 184
323063 184
323066 184
323068 184
322792 185
322796 185
322797 185
97767 186
260400 186
260401 186
260402 186
322418 186
322419 186
322421 186
66144 187
322104 187
322107 187
322109 187
323064 187
260456 188
260457 188
260458 188
322022 190
442136 193
323665 195
323667 195
323668 195
323056 197
323057 197
321823 199
322430 199
322432 199
322433 199
322449 199
321783 200
322668 201
322670 201
322717 201
321809 202
322104 203
322107 203
322108 203
322109 203
322128 203
322222 203
323055 203
323057 203
321966 204
323044 205
323045 205
325748 205
325752 205
322310 207
322312 207
322313 207
323055 207
323056 207
323058 207
321313 209
321316 209
321317 209
321318 209
321919 209
325664 209
321917 212
321918 212
322476 212
323621 212
323622 212
321732 213
321733 213
325666 213
325667 213
323083 214
323084 214
325060 214
325061 214
325125 214
323790 217
323792 217
325650 217
325652 217
324443 218
324446 218
321733 219
321735 219
324546 219
324547 219
324549 219
324550 219
321741 220
322325 221
324444 221
324447 221
324544 221
231413 222
420575 222
324186 223
324443 223
322326 225
322327 225
323652 225
52385 228
323078 228
97355 230
324417 230
324418 230
324420 230
324027 233
365927 233
365929 233
365930 233
365932 233
323902 235
323903 235
324028 235
324032 235
324274 235
324275 235
140627 236
325478 236
325480 236
325481 236
324027 237
324030 237
365928 238
365930 238
365932 238
323576 239
323579 239
323580 239
528491 239
528492 239
528493 239
324028 240
324029 240
324031 240
238122 241
324418 242
324419 242
324420 242
141252 243
324306 243
324309 243
325528 243
519152 243
324632 244
325313 245
325315 245
486453 245
141252 247
141253 247
178145 247
178148 247
141255 251
141257 251
141258 251
323995 252
325168 253
325170 253
325244 253
140980 256
140982 256
325470 256
141711 258
325626 258
325628 258
140609 259
323928 259
323852 262
140612 263
141914 263
141915 263
140613 264
140732 264
140733 264
141470 264
141472 264
324773 264
324776 264
141704 265
141706 265
141708 265
141380 266
141382 266
324173 266
325556 266
325612 266
325613 266
140610 267
140614 267
141468 267
141471 267
324258 267
324259 267
324261 267
324263 267
140536 268
141703 268
323805 268
323806 268
140662 270
323538 270
323539 270
323541 270
325614 270
140530 271
140531 271
324076 271
324278 271
324567 272
324569 272
141639 273
141640 273
141892 273
141895 273
141636 274
323539 274
141018 275
323695 276
323707 276
323708 276
323710 276
323711 276
324452 276
324453 276
141069 278
141072 278
323624 278
323625 278
325713 279
325717 279
325542 280
154598 281
154602 281
323698 281
312025 282
141261 283
141278 283
324282 283
153892 284
153893 284
153895 284
155179 284
155180 284
155181 284
270502 284
270503 284
312027 284
324296 284
140206 285
140207 285
140209 285
141951 286
141952 286
141954 286
141941 287
141942 287
324280 287
324283 287
324295 287
141945 288
141947 288
324508 289
324511 289
153439 291
153441 291
153443 291
153445 291
325053 291
325054 291
325396 291
325399 291
140135 305
140139 305
140137 307
140138 307
140140 307
141186 308
244354 310
31694 315
31695 315
31696 315
4772 317
4774 317
34361 319
140838 319
140839 319
140841 319
141190 319
141191 319
141193 319
141073 321
140842 323
141426 324
141429 324
140839 328
140840 328
140843 328
141303 328
141305 328
141306 328
141236 329
140948 332
141238 333
140946 337
140944 339
140945 339
140948 339
140949 339
140950 339
140952 339
