156255 0 3 3 1
417364 0 3 3 3
417366 0 3 3 3
417368 0 3 3 3
446787 0 3 3 3
23746 0 4 3 3
420320 0 4 3 4
492189 0 4 3 3
547592 0 4 3 1
547593 0 4 3 1
12265 0 5 3 3
177179 0 5 3 3
538362 1 6 3 3
169928 0 7 3 3
169929 0 7 3 3
417364 0 7 3 1
417367 0 7 3 1
417368 0 7 3 1
238023 0 8 3 3
238026 0 8 3 3
316712 0 8 3 3
417365 0 8 3 1
417367 0 8 3 1
417368 0 8 3 1
193770 0 9 3 3
250431 0 10 3 1
250432 0 10 3 1
417937 0 11 3 1
417938 0 11 3 1
417941 0 11 3 1
546707 1 11 3 1
546423 0 13 3 1
547229 0 13 3 1
546706 0 14 3 1
546707 0 14 3 1
546879 1 14 3 1
546880 1 14 3 1
546881 1 14 3 1
418954 0 15 3 1
547323 0 16 3 1
547324 0 16 3 1
547325 0 16 3 1
547547 1 16 3 1
547549 1 16 3 1
547550 1 16 3 1
548185 0 16 3 3
548187 0 16 3 3
548188 0 16 3 3
548194 0 16 3 1
548195 0 16 3 1
547322 0 17 3 3
547324 0 17 3 3
418947 0 18 3 1
418948 0 18 3 1
418950 0 18 3 2
418951 0 18 3 2
546651 0 18 3 1
546652 0 18 3 1
546653 0 18 3 1
546654 0 18 3 1
546650 0 18 3 1
546653 0 18 3 1
547140 1 18 3 1
555275 0 18 3 3
503657 1 19 3 3
546979 0 19 3 1
547623 0 19 3 3
547624 0 19 3 3
547627 0 19 3 3
546404 0 20 3 2
546406 0 20 3 2
546408 0 20 3 2
546404 0 20 3 2
546405 0 20 3 2
546407 0 20 3 2
546628 0 20 3 1
546630 0 20 3 1
546766 0 20 3 1
546768 0 20 3 1
548106 0 20 3 1
548109 0 20 3 1
364539 1 21 3 1
418308 0 21 3 1
418310 0 21 3 1
418311 0 21 3 1
418312 0 21 3 1
547277 1 21 3 3
418905 0 22 3 1
418906 0 22 3 1
548104 0 22 3 1
548105 0 22 3 1
548106 0 22 3 1
548236 0 22 3 1
547905 0 23 3 1
547906 0 23 3 1
547908 0 23 3 1
547974 1 23 3 1
547976 1 23 3 1
547978 1 23 3 1
547979 1 23 3 1
547973 1 23 3 1
547974 1 23 3 1
547976 1 23 3 1
547978 1 23 3 1
547979 1 23 3 1
418298 0 24 3 1
418299 0 24 3 1
418308 0 24 3 1
418308 0 24 3 2
418309 0 24 3 2
418310 0 24 3 2
546206 0 24 3 3
546208 0 24 3 3
546209 0 24 3 3
546767 0 24 3 3
547903 0 24 3 1
547905 0 24 3 1
547907 0 24 3 1
547908 0 24 3 1
547909 0 24 3 1
363428 1 25 3 1
363429 1 25 3 1
363430 1 25 3 1
363431 1 25 3 1
364425 0 25 3 1
364426 0 25 3 1
547547 1 25 3 3
547548 1 25 3 3
547549 1 25 3 3
548042 1 25 3 1
548043 1 25 3 1
548044 1 25 3 1
548045 1 25 3 1
548048 1 25 3 1
548229 0 25 3 3
548231 0 25 3 3
417461 0 26 3 1
418337 0 26 3 1
418339 0 26 3 1
418604 0 26 3 1
419029 0 26 3 1
419030 0 26 3 1
419031 0 26 3 1
546456 1 26 3 1
546459 1 26 3 1
547395 0 26 3 3
547396 0 26 3 3
547397 0 26 3 3
547398 0 26 3 3
204810 0 27 3 3
363566 0 27 3 1
418309 0 27 3 2
418310 0 27 3 2
418716 0 27 3 1
418718 0 27 3 1
546497 0 27 3 4
546974 0 27 3 1
546975 0 27 3 1
546977 0 27 3 1
418431 0 28 3 1
418433 0 28 3 1
418434 0 28 3 1
418435 0 28 3 1
473741 0 28 3 3
546456 0 28 3 3
546458 0 28 3 3
547513 1 28 3 3
362803 0 29 3 1
362804 0 29 3 1
362805 0 29 3 1
417480 0 29 3 1
419061 0 29 3 1
548035 0 29 3 1
548036 0 29 3 1
548037 0 29 3 1
548038 0 29 3 1
417384 0 30 3 3
546847 0 30 3 4
546977 0 30 3 1
69874 0 31 3 3
547396 0 31 3 1
547399 0 31 3 1
364357 1 32 3 1
364358 1 32 3 1
417387 0 32 3 0
417388 0 32 3 0
418112 0 32 3 1
418114 0 32 3 1
418445 0 32 3 1
418446 0 32 3 1
472128 0 32 3 2
546977 0 32 3 1
546978 0 32 3 1
548042 1 32 3 1
548043 1 32 3 1
548044 1 32 3 1
548048 1 32 3 1
418110 0 33 3 0
418112 0 33 3 0
418114 0 33 3 0
546459 0 33 3 3
546672 0 34 3 1
546673 0 34 3 1
548042 0 34 3 1
548045 0 34 3 1
548046 0 34 3 1
548047 0 34 3 1
548048 0 34 3 1
69875 0 35 3 2
123706 0 35 3 3
417615 0 35 3 1
463103 0 35 3 1
463104 0 35 3 1
547404 0 35 3 4
3879 0 36 3 3
3880 0 36 3 3
3882 0 36 3 3
123211 1 36 3 1
362686 0 36 3 3
362687 0 36 3 3
418109 0 36 3 1
418112 0 36 3 1
123199 0 37 3 1
417674 0 37 3 3
418119 0 38 3 3
546590 0 38 3 1
464457 0 39 3 1
464459 0 39 3 1
464524 1 39 3 0
464525 1 39 3 0
546745 0 39 3 2
546748 0 39 3 2
546750 0 39 3 2
123229 0 40 3 1
123231 0 40 3 1
123232 0 40 3 1
417613 0 40 3 3
417614 0 40 3 3
417895 0 40 3 1
418771 0 40 3 1
418773 0 40 3 1
418775 0 40 3 1
547765 0 40 3 1
547766 0 40 3 1
124730 0 41 3 1
124733 0 41 3 1
345564 0 41 3 3
537823 0 41 3 3
417765 0 42 3 1
547939 1 42 3 3
124541 0 43 3 1
254282 0 43 3 1
254283 0 43 3 1
254284 0 43 3 1
254286 0 43 3 1
417759 0 43 3 4
418772 0 43 3 1
418773 0 43 3 1
419034 0 43 3 1
464431 1 43 3 1
464432 1 43 3 1
464433 1 43 3 1
464434 1 43 3 1
464523 0 43 3 1
464526 0 43 3 1
464528 0 43 3 1
474683 0 44 3 1
547764 0 44 3 1
123197 0 45 3 3
123198 0 45 3 3
124208 0 45 3 1
124210 0 45 3 1
124211 0 45 3 1
124212 0 45 3 1
141259 1 45 3 2
463932 1 45 3 1
463938 1 45 3 1
464547 1 45 3 2
464548 1 45 3 2
464550 1 45 3 2
418029 1 46 3 1
418031 1 46 3 1
418086 0 46 3 1
418087 0 46 3 1
418088 0 46 3 1
418091 0 46 3 1
546471 0 46 3 1
546474 0 46 3 1
254410 1 47 3 3
254491 0 47 3 1
254493 0 47 3 1
254495 0 47 3 1
254496 0 47 3 1
546501 0 47 3 0
546502 0 47 3 0
546503 0 47 3 0
546504 0 47 3 0
547039 0 47 3 1
547451 0 47 3 1
40804 0 48 3 3
124210 0 48 3 3
124214 0 48 3 1
124216 0 48 3 1
124217 0 48 3 1
189389 0 48 3 2
255605 0 48 3 1
255606 0 48 3 1
547257 0 48 3 1
547619 0 48 3 1
547791 0 48 3 4
73747 0 49 3 3
73748 0 49 3 3
123100 0 49 3 2
124526 1 49 3 1
124529 1 49 3 1
547040 0 49 3 1
547610 1 49 3 1
547611 1 49 3 1
547613 1 49 3 1
238718 0 50 3 2
418123 0 50 3 3
463895 0 50 3 1
463896 0 50 3 1
463897 0 50 3 1
463898 0 50 3 1
463899 0 50 3 1
547583 0 50 3 1
547587 0 50 3 1
19590 0 51 3 2
255607 1 51 3 0
255609 1 51 3 0
255610 1 51 3 0
546942 0 51 3 1
546943 0 51 3 1
547453 0 51 3 3
547455 0 51 3 3
463903 1 52 3 3
463904 1 52 3 3
463905 1 52 3 3
546459 0 52 3 0
547584 0 52 3 3
547585 0 52 3 3
124334 1 53 3 1
418992 1 53 3 3
463139 0 53 3 1
463142 0 53 3 1
474115 0 53 3 3
547587 0 53 3 1
547621 0 53 3 1
189384 0 54 3 0
238715 0 54 3 3
238718 0 54 3 3
418993 0 54 3 1
546515 0 54 3 1
546518 0 54 3 1
547584 0 54 3 0
547585 0 54 3 0
547586 0 54 3 0
123508 0 55 3 2
189383 0 55 3 2
255540 0 55 3 1
255541 0 55 3 1
255543 0 55 3 1
255544 0 55 3 1
418633 0 55 3 1
123884 0 56 3 1
123885 0 56 3 1
124177 0 56 3 1
124178 0 56 3 1
124179 0 56 3 1
124207 0 56 3 3
124208 0 56 3 3
124210 0 56 3 3
124527 0 56 3 1
124530 0 56 3 1
124629 0 56 3 1
124631 0 56 3 1
189478 0 56 3 0
189479 0 56 3 0
254592 0 56 3 3
418124 0 56 3 1
463895 1 56 3 1
463897 1 56 3 1
463898 1 56 3 1
475901 0 56 3 1
475902 0 56 3 1
475904 0 56 3 1
490777 0 56 3 3
547240 0 56 3 1
548176 0 57 3 1
548180 0 57 3 1
548181 0 57 3 1
123571 0 58 3 1
123574 0 58 3 1
123575 0 58 3 1
124496 1 58 3 1
124499 1 58 3 1
254238 0 58 3 1
254240 0 58 3 1
254241 0 58 3 1
417971 0 58 3 3
417972 0 58 3 3
417974 0 58 3 3
123508 0 59 3 2
123876 0 59 3 1
123877 0 59 3 1
124435 0 59 3 1
124440 0 59 3 1
124441 0 59 3 1
254591 0 59 3 1
254594 0 59 3 1
397731 0 59 3 2
397734 0 59 3 2
417970 0 59 3 0
417971 0 59 3 0
417974 0 59 3 0
418488 1 59 3 1
418489 1 59 3 1
474515 0 59 3 0
477124 0 59 3 1
477127 0 59 3 1
547379 0 59 3 1
87371 0 60 3 2
87374 0 60 3 2
124737 0 60 3 1
124739 0 60 3 1
124740 0 60 3 1
254237 0 60 3 4
474615 0 60 3 1
474617 0 60 3 1
474619 0 60 3 1
474620 0 60 3 1
477358 0 60 3 1
477363 0 60 3 1
548127 1 60 3 3
417971 0 61 3 1
417972 0 61 3 1
417973 0 61 3 1
417972 0 61 3 3
418325 0 61 3 1
476176 0 61 3 1
476177 0 61 3 1
548175 0 61 3 0
548178 0 61 3 0
548181 0 61 3 0
548176 0 61 3 1
548179 0 61 3 1
548180 0 61 3 1
548181 0 61 3 1
123235 0 62 3 1
123236 0 62 3 1
123237 0 62 3 1
123567 1 62 3 1
123568 1 62 3 1
213000 0 62 3 3
238719 0 62 3 3
238720 0 62 3 3
238721 0 62 3 3
238722 0 62 3 3
247821 0 62 3 3
417393 1 62 3 1
418662 0 62 3 1
418664 0 62 3 1
476518 0 62 3 1
547784 0 62 3 1
547787 0 62 3 1
547788 0 62 3 1
547789 0 62 3 1
547787 0 62 3 1
547790 0 62 3 1
335939 0 63 3 3
417444 1 63 3 1
418553 1 63 3 1
418554 1 63 3 1
462720 1 63 3 2
474616 0 63 3 1
474618 0 63 3 1
474619 0 63 3 1
474885 0 63 3 1
474887 0 63 3 1
477370 0 63 3 1
511402 0 63 3 3
511404 0 63 3 3
548176 1 63 3 0
548177 1 63 3 0
548178 1 63 3 0
548180 1 63 3 0
123234 0 64 3 3
123235 0 64 3 3
123236 0 64 3 3
123354 0 64 3 3
124435 0 64 3 1
124437 0 64 3 1
124440 0 64 3 1
139151 0 64 3 3
139152 0 64 3 3
139153 0 64 3 3
139154 0 64 3 3
247403 1 64 3 3
247405 1 64 3 3
474514 0 64 3 3
476759 0 64 3 1
546833 0 64 3 1
546834 0 64 3 1
546893 1 64 3 1
547787 0 64 3 0
547795 0 64 3 3
547797 0 64 3 3
123582 0 65 3 1
123584 0 65 3 1
418328 0 65 3 1
418330 0 65 3 1
477359 0 65 3 1
477362 0 65 3 1
546681 0 65 3 1
546683 0 65 3 1
546685 0 65 3 1
547856 0 65 3 1
124043 1 66 3 1
124046 1 66 3 1
124044 0 66 3 1
124046 0 66 3 1
124047 0 66 3 1
124049 0 66 3 1
476199 1 66 3 1
476200 1 66 3 1
476300 0 66 3 1
476396 0 66 3 4
546681 0 66 3 1
123265 0 67 3 1
124454 0 67 3 3
124455 0 67 3 3
335939 1 67 3 1
335942 1 67 3 1
425750 0 67 3 3
425752 0 67 3 3
476300 0 67 3 0
476303 0 67 3 0
476516 0 67 3 3
476517 0 67 3 3
476518 0 67 3 3
476719 0 67 3 1
476721 0 67 3 1
476723 0 67 3 1
476761 0 67 3 1
538454 1 67 3 2
546821 1 67 3 1
546822 1 67 3 1
546823 1 67 3 1
547858 0 67 3 3
75640 0 68 3 3
124453 0 68 3 2
247402 1 68 3 3
247403 1 68 3 3
247404 1 68 3 3
255777 0 68 3 1
255780 0 68 3 1
418330 0 68 3 3
475828 1 68 3 1
475829 1 68 3 1
476625 0 68 3 1
477022 0 68 3 1
547856 1 68 3 0
547859 1 68 3 0
547860 1 68 3 0
123295 0 69 3 4
123472 0 69 3 1
123473 0 69 3 1
124456 0 69 3 3
124518 0 69 3 3
124521 0 69 3 3
124559 0 69 3 2
299316 0 69 3 3
421746 0 69 3 3
475845 0 69 3 3
531873 0 69 3 3
123739 0 70 3 3
123740 0 70 3 3
124043 0 70 3 1
124044 0 70 3 1
124048 0 70 3 1
124049 0 70 3 1
124064 0 70 3 1
124251 0 70 3 1
476195 1 70 3 1
476199 1 70 3 1
476200 1 70 3 1
546684 1 70 3 1
546685 1 70 3 1
123532 1 71 3 0
123533 1 71 3 0
123534 1 71 3 0
335634 0 71 3 1
335636 0 71 3 1
123642 0 72 3 3
124590 1 72 3 3
247404 0 72 3 1
247405 0 72 3 1
247407 0 72 3 1
417410 0 72 3 3
417411 0 72 3 3
417412 0 72 3 3
421743 0 72 3 3
421744 0 72 3 3
421745 0 72 3 3
476335 1 72 3 1
476336 1 72 3 1
476337 1 72 3 1
476880 0 72 3 1
476881 0 72 3 1
477009 0 72 3 1
477011 0 72 3 1
477013 0 72 3 1
72488 0 73 3 3
72489 0 73 3 3
123162 0 73 3 1
123164 0 73 3 1
123165 0 73 3 1
123166 0 73 3 1
123193 0 73 3 3
238389 0 73 3 3
238391 0 73 3 3
238393 0 73 3 3
299597 0 73 3 3
336613 0 73 3 1
120458 0 74 3 3
123325 1 74 3 1
123326 1 74 3 1
123328 1 74 3 1
123473 0 74 3 1
123474 0 74 3 1
123520 1 74 3 1
123522 1 74 3 1
124230 1 74 3 1
124248 0 74 3 1
124249 0 74 3 1
124251 0 74 3 1
124276 0 74 3 3
124819 0 74 3 3
421744 0 74 3 1
421746 0 74 3 1
421747 0 74 3 1
475958 0 74 3 3
475959 0 74 3 3
476334 0 74 3 0
476336 0 74 3 0
476337 0 74 3 0
82867 0 75 3 3
82870 0 75 3 3
119796 0 75 3 3
119798 0 75 3 3
123930 0 75 3 3
124548 1 75 3 1
124550 1 75 3 1
124551 1 75 3 1
124552 1 75 3 1
124553 1 75 3 1
336011 0 75 3 1
336013 0 75 3 1
336014 0 75 3 1
336015 0 75 3 1
476294 0 75 3 1
476295 0 75 3 1
476296 0 75 3 1
477013 0 75 3 1
123416 0 76 3 0
123659 0 76 3 1
123661 0 76 3 1
124506 0 76 3 3
124507 0 76 3 3
336080 0 76 3 1
336081 0 76 3 1
123259 0 77 3 1
123260 0 77 3 1
123672 0 77 3 1
124058 0 77 3 1
124059 0 77 3 1
124060 0 77 3 1
124061 0 77 3 1
124063 0 77 3 1
476742 0 77 3 3
476743 0 77 3 3
122533 1 78 3 1
122534 1 78 3 1
123467 0 78 3 1
123468 0 78 3 1
336823 0 78 3 1
336824 0 78 3 1
336826 0 78 3 1
336827 0 78 3 1
124074 0 79 3 1
124075 0 79 3 1
124076 0 79 3 1
124123 0 79 3 0
124126 0 79 3 0
476269 1 79 3 0
476447 0 79 3 1
476449 0 79 3 1
123489 0 80 3 1
123492 0 80 3 1
255455 1 80 3 4
336012 1 80 3 1
336015 1 80 3 1
122182 0 81 3 3
123317 0 81 3 0
124059 0 81 3 1
124060 0 81 3 1
124061 0 81 3 1
124062 0 81 3 1
124347 1 81 3 1
124349 1 81 3 1
123317 0 82 3 3
335439 0 82 3 1
336329 0 82 3 1
336331 0 82 3 1
336332 0 82 3 1
476266 1 82 3 3
476267 1 82 3 3
476268 1 82 3 3
298719 0 83 3 1
298720 0 83 3 1
335438 0 83 3 3
336023 0 83 3 3
336823 1 83 3 0
336825 1 83 3 0
336826 1 83 3 0
123314 1 84 3 1
123496 0 84 3 4
124028 0 84 3 1
124690 0 84 3 1
123292 0 85 3 1
124068 0 85 3 3
124323 1 85 3 1
336386 0 86 3 3
87248 0 87 3 2
87250 0 87 3 2
123498 0 88 3 1
123499 0 88 3 1
123501 0 88 3 1
123385 1 89 3 1
123387 1 89 3 1
396556 0 89 3 3
124692 0 90 3 0
124755 1 90 3 1
461384 0 90 3 1
461387 0 90 3 1
336187 0 91 3 3
336188 0 91 3 3
336191 0 91 3 3
336181 0 92 3 1
336182 0 92 3 1
335653 1 93 3 1
335654 1 93 3 1
335655 1 93 3 1
336161 0 93 3 1
461489 0 93 3 1
461491 0 93 3 1
461492 0 93 3 1
299001 0 94 3 0
335842 0 94 3 1
335843 0 94 3 1
336187 0 94 3 1
336190 0 94 3 1
336191 0 94 3 1
336771 0 94 3 1
336774 0 94 3 1
461384 0 94 3 3
461385 0 94 3 3
124420 0 95 3 1
124424 0 95 3 1
124425 0 95 3 1
335967 0 95 3 1
335970 0 95 3 1
335973 0 95 3 1
336181 0 95 3 1
336182 0 95 3 1
336184 0 95 3 1
336186 0 95 3 1
412474 0 95 3 3
520780 0 95 3 3
520782 0 95 3 3
520783 0 95 3 3
336587 1 96 3 3
336601 0 96 3 1
336602 0 96 3 1
124421 0 97 3 3
124425 0 97 3 3
299001 0 97 3 2
335560 0 97 3 1
335846 0 97 3 1
335850 0 97 3 1
336349 1 97 3 3
336351 1 97 3 3
336454 0 97 3 1
336456 0 97 3 1
336457 0 97 3 1
336458 0 97 3 1
298898 0 98 3 1
298900 0 98 3 1
335841 0 98 3 1
335967 1 98 3 1
335968 1 98 3 1
335971 1 98 3 1
336150 0 98 3 1
336152 0 98 3 1
336404 1 98 3 1
336405 1 98 3 1
336407 1 98 3 1
336408 1 98 3 1
336409 1 98 3 1
335967 1 99 3 1
335968 1 99 3 1
335969 1 99 3 1
335970 1 99 3 1
335972 1 99 3 1
461747 0 99 3 1
461748 0 99 3 1
461749 0 99 3 1
520783 0 99 3 1
520784 0 99 3 1
335383 0 100 3 1
335385 0 100 3 1
335387 0 100 3 1
335388 0 100 3 1
335975 0 100 3 4
336189 0 100 3 0
336451 0 100 3 0
336452 0 100 3 0
336587 0 100 3 3
336157 0 101 3 1
335383 0 102 3 1
335384 0 102 3 1
335386 0 102 3 1
335388 0 102 3 1
335592 0 102 3 1
335593 0 102 3 1
335594 0 102 3 1
336535 0 102 3 1
336536 0 102 3 1
299446 0 103 3 0
299447 0 103 3 0
335398 0 103 3 1
335967 0 103 3 3
335968 0 103 3 3
335971 0 103 3 3
335973 0 103 3 3
336150 0 103 3 3
336153 0 103 3 3
336737 0 103 3 1
335967 0 104 3 1
335971 0 104 3 1
336739 0 104 3 1
299901 0 105 3 0
462317 0 105 3 1
462320 0 105 3 1
336214 0 107 3 3
336216 0 107 3 3
461803 0 107 3 1
299755 1 108 3 0
299756 1 108 3 0
336248 0 108 3 1
336304 0 108 3 1
336305 0 108 3 1
532891 0 108 3 1
336061 0 109 3 1
336063 0 109 3 1
336148 0 109 3 1
461504 0 109 3 2
461505 0 109 3 2
335524 1 110 3 1
335525 1 110 3 1
335875 1 110 3 1
336145 0 110 3 1
336148 0 110 3 1
336486 1 110 3 1
336506 1 110 3 1
336509 1 110 3 1
336511 1 110 3 1
336829 0 110 3 1
336834 0 110 3 1
455921 1 110 3 3
455924 1 110 3 3
335497 0 111 3 1
335498 0 111 3 1
335499 0 111 3 1
335500 0 111 3 1
336061 0 112 3 1
336064 0 112 3 1
336371 0 112 3 3
336372 0 112 3 3
336373 0 112 3 3
336507 1 112 3 1
336508 1 112 3 1
336509 1 112 3 1
336512 1 112 3 1
78811 0 113 3 2
78814 0 113 3 2
78816 0 113 3 2
336123 0 113 3 1
336125 0 113 3 1
336127 0 113 3 1
336244 0 113 3 3
336245 0 113 3 3
336247 0 113 3 3
336259 0 113 3 3
336261 0 113 3 3
336506 0 113 3 3
336507 0 113 3 3
336509 0 113 3 3
336512 0 113 3 3
461217 0 113 3 1
461381 0 113 3 1
461382 0 113 3 1
335523 0 114 3 1
335524 0 114 3 1
336291 0 114 3 3
336292 0 114 3 3
336293 0 114 3 3
336294 0 114 3 3
336508 0 114 3 1
336511 0 114 3 1
336512 0 114 3 1
336606 0 114 3 1
336836 1 114 3 1
335680 1 115 3 3
335682 1 115 3 3
335697 0 115 3 1
335700 0 115 3 1
335706 0 115 3 1
335707 0 115 3 1
336594 0 115 3 3
336595 0 115 3 3
336597 0 115 3 3
77005 0 116 3 4
335402 0 116 3 1
335928 0 116 3 1
335929 0 116 3 1
335931 0 116 3 1
335933 0 116 3 1
336124 0 116 3 1
336125 0 116 3 1
336126 0 116 3 1
336127 0 116 3 1
336659 0 116 3 0
336690 0 116 3 3
78812 0 117 3 0
78816 0 117 3 0
336291 0 117 3 1
336596 1 117 3 1
336597 1 117 3 1
336763 0 117 3 1
434399 0 117 3 1
434401 0 117 3 1
462316 1 117 3 1
462318 1 117 3 1
462319 1 117 3 1
335297 0 118 3 1
335299 0 118 3 1
462420 0 118 3 1
462684 0 118 3 1
462685 0 118 3 1
335836 0 119 3 2
335679 0 120 3 3
335681 0 120 3 3
335930 0 120 3 3
335933 0 120 3 3
336022 0 120 3 1
336023 0 120 3 1
336292 0 120 3 3
336293 0 120 3 3
336294 0 120 3 3
336464 0 120 3 4
461637 1 120 3 1
462700 0 120 3 1
462704 0 120 3 1
89540 0 121 3 3
336517 0 121 3 1
336518 0 121 3 1
336763 0 121 3 2
336764 0 121 3 2
336766 0 121 3 2
336767 0 121 3 2
462136 0 121 3 1
462137 0 121 3 1
462177 0 121 3 2
462180 0 121 3 2
462184 0 121 3 1
462185 0 121 3 1
336079 0 122 3 1
336081 0 122 3 1
336082 0 122 3 1
461884 0 122 3 1
461886 0 122 3 1
462001 1 122 3 1
462002 1 122 3 1
462079 0 122 3 1
462080 0 122 3 1
462081 0 122 3 1
462083 0 122 3 1
335680 1 123 3 0
462000 0 123 3 3
462208 0 123 3 1
462209 0 123 3 1
462419 1 123 3 3
462653 1 123 3 4
336080 0 124 3 2
336082 0 124 3 2
336291 0 124 3 2
336292 0 124 3 2
336293 0 124 3 2
336294 0 124 3 2
335920 0 125 3 1
335922 0 125 3 1
462079 1 125 3 1
462083 1 125 3 1
462084 1 125 3 1
462897 1 125 3 1
462899 1 125 3 1
335690 0 126 3 1
336284 0 126 3 3
336517 0 126 3 0
336518 0 126 3 0
461640 0 126 3 0
461641 0 126 3 0
461885 0 127 3 3
461981 0 128 3 4
462338 0 128 3 3
462339 0 128 3 3
462340 0 128 3 3
462652 0 130 3 3
462654 0 130 3 3
335920 0 131 3 3
336515 0 131 3 3
336517 0 131 3 3
335660 0 132 3 1
335661 0 132 3 1
335662 0 132 3 1
357108 0 133 3 4
335657 0 135 3 3
335661 0 135 3 3
462508 1 136 3 1
335982 0 137 3 1
335983 0 137 3 1
335984 0 137 3 1
470072 0 137 3 1
470073 0 137 3 1
335372 0 138 3 1
335373 0 138 3 1
392280 0 138 3 1
392281 0 138 3 1
462055 0 138 3 1
462060 0 138 3 1
549601 0 138 3 3
187709 0 139 3 3
187712 0 139 3 3
187715 0 139 3 3
335323 0 139 3 1
335326 0 139 3 1
335327 0 139 3 1
335803 0 139 3 1
335804 0 139 3 1
336378 0 139 3 3
336380 0 139 3 3
140007 0 140 3 3
140008 0 140 3 3
140009 0 140 3 3
187711 0 141 3 1
187713 0 141 3 1
187714 0 141 3 1
335496 0 141 3 1
335500 0 141 3 1
187709 1 142 3 1
187714 1 142 3 1
469592 0 142 3 3
470102 1 142 3 1
470104 1 142 3 1
391986 0 143 3 1
391987 0 143 3 1
468629 0 143 3 1
468630 0 143 3 1
469401 0 143 3 0
469402 0 143 3 0
469403 0 143 3 0
469404 0 143 3 0
470039 1 143 3 1
470042 1 143 3 1
187710 0 144 3 1
187712 0 144 3 1
187714 0 144 3 1
469602 0 144 3 1
469603 0 144 3 1
462693 0 145 3 0
188454 0 146 3 2
188456 0 146 3 2
391957 0 146 3 3
450201 0 146 3 3
450202 0 146 3 3
462027 0 146 3 3
462031 0 146 3 3
468108 0 146 3 3
462028 1 147 3 1
462029 1 147 3 1
462031 1 147 3 1
462269 0 148 3 1
462272 0 148 3 1
392284 0 149 3 1
392286 0 149 3 1
152022 0 151 3 2
152024 0 151 3 2
152025 0 151 3 2
462276 0 152 3 1
462278 0 152 3 1
462279 0 152 3 1
482649 0 152 3 3
482650 0 152 3 3
461897 1 153 3 1
461899 1 153 3 1
461900 1 153 3 1
461901 1 153 3 1
391279 1 154 3 1
391280 1 154 3 1
391281 1 154 3 1
462416 0 154 3 3
462525 0 154 3 3
506823 0 154 3 3
461898 0 155 3 1
461900 0 155 3 1
461328 0 157 3 1
461333 0 157 3 1
461334 0 157 3 1
461328 0 161 3 0
461330 0 161 3 0
461332 0 161 3 0
461333 0 161 3 0
462625 0 161 3 3
524932 0 161 3 3
524933 0 161 3 3
254168 0 162 3 3
254170 0 162 3 3
325086 0 164 3 3
461291 0 164 3 1
461293 0 164 3 1
139869 0 165 3 3
461907 0 165 3 3
461909 0 165 3 3
462622 0 165 3 3
139871 0 167 3 3
462440 0 167 3 3
461291 0 170 3 2
461293 0 170 3 2
138812 0 173 3 3
461497 0 173 3 2
461498 0 173 3 2
461375 0 179 3 2
438482 0 180 3 2
438484 0 180 3 2
196446 0 198 3 3
418991 1 309 3 3
418995 1 309 3 3
