156255 7
417364 7
417366 7
446787 7
23746 8
420320 8
492189 8
547592 8
547593 8
12265 9
177179 9
538362 10
169928 11
169929 11
417364 11
238023 12
238026 12
316712 12
417365 12
417367 12
417368 12
193770 13
250431 14
250432 14
417937 15
417938 15
417941 15
546423 17
547229 17
546706 18
546707 18
546879 18
546880 18
546881 18
418954 19
547323 20
547325 20
547547 20
547549 20
547550 20
548185 20
548187 20
548188 20
548194 20
548195 20
547322 21
547324 21
418947 22
418948 22
418950 22
418951 22
546650 22
546651 22
546652 22
546653 22
546654 22
547140 22
555275 22
503657 23
546979 23
547623 23
547624 23
547627 23
546404 24
546405 24
546406 24
546407 24
546408 24
546628 24
546630 24
546766 24
546768 24
548109 24
364539 25
418311 25
418312 25
547277 25
418905 26
418906 26
548104 26
548105 26
548106 26
548236 26
547906 27
547973 27
547974 27
547976 27
547978 27
547979 27
418298 28
418299 28
418308 28
546206 28
546208 28
546209 28
546767 28
547903 28
547905 28
547907 28
547908 28
547909 28
363428 29
363429 29
363430 29
363431 29
364425 29
364426 29
547547 29
547548 29
547549 29
548042 29
548043 29
548044 29
548045 29
548048 29
548229 29
548231 29
417461 30
418337 30
418339 30
418604 30
419029 30
419030 30
419031 30
546459 30
547395 30
547396 30
547397 30
547398 30
204810 31
363566 31
418309 31
418310 31
418716 31
418718 31
546497 31
546974 31
546975 31
418431 32
418433 32
418434 32
418435 32
473741 32
546456 32
546458 32
547513 32
362803 33
362804 33
362805 33
417480 33
419061 33
548035 33
548036 33
548037 33
548038 33
417384 34
546847 34
69874 35
547396 35
547399 35
364357 36
364358 36
417387 36
417388 36
418445 36
418446 36
472128 36
546977 36
546978 36
548043 36
548044 36
418110 37
418114 37
546459 37
546672 38
546673 38
548042 38
548045 38
548046 38
548047 38
548048 38
69875 39
123706 39
417615 39
463103 39
463104 39
547404 39
3879 40
3880 40
3882 40
123211 40
362686 40
362687 40
418109 40
418112 40
123199 41
417674 41
418119 42
546590 42
464457 43
464459 43
464524 43
464525 43
546745 43
546748 43
546750 43
123229 44
123231 44
123232 44
417613 44
417614 44
417895 44
418771 44
418775 44
547765 44
547766 44
124730 45
124733 45
345564 45
537823 45
417765 46
547939 46
124541 47
254282 47
254283 47
254284 47
254286 47
417759 47
418772 47
418773 47
419034 47
464431 47
464432 47
464433 47
464434 47
464523 47
464526 47
464528 47
474683 48
547764 48
123197 49
123198 49
124208 49
124211 49
124212 49
141259 49
463932 49
463938 49
464547 49
464548 49
464550 49
418029 50
418031 50
418086 50
418087 50
418088 50
418091 50
546471 50
546474 50
254410 51
254491 51
254493 51
254495 51
254496 51
546501 51
546502 51
546503 51
546504 51
547039 51
547451 51
40804 52
124210 52
124214 52
124216 52
124217 52
189389 52
255605 52
255606 52
547257 52
547619 52
547791 52
73747 53
73748 53
123100 53
124526 53
124529 53
547040 53
547610 53
547611 53
547613 53
418123 54
463895 54
463896 54
463897 54
463898 54
463899 54
547583 54
19590 55
255607 55
255609 55
255610 55
546942 55
546943 55
547453 55
547455 55
463903 56
463904 56
463905 56
546459 56
124334 57
418992 57
463139 57
463142 57
474115 57
547587 57
547621 57
189384 58
238715 58
238718 58
418993 58
546515 58
546518 58
547584 58
547585 58
547586 58
123508 59
189383 59
255540 59
255541 59
255543 59
255544 59
418633 59
123884 60
123885 60
124177 60
124178 60
124179 60
124207 60
124208 60
124210 60
124527 60
124530 60
124629 60
124631 60
189478 60
189479 60
254592 60
418124 60
463895 60
463897 60
463898 60
475901 60
475902 60
475904 60
490777 60
547240 60
548176 61
123571 62
123574 62
123575 62
124496 62
124499 62
254238 62
254240 62
254241 62
123508 63
123876 63
123877 63
124435 63
124440 63
124441 63
254591 63
254594 63
397731 63
397734 63
417970 63
417974 63
418488 63
418489 63
474515 63
477124 63
477127 63
547379 63
87371 64
87374 64
124737 64
124739 64
124740 64
254237 64
474615 64
474617 64
474620 64
477358 64
477363 64
548127 64
417971 65
417972 65
417973 65
418325 65
476176 65
476177 65
548175 65
548179 65
548181 65
123237 66
123567 66
123568 66
213000 66
238719 66
238720 66
238721 66
238722 66
247821 66
417393 66
418662 66
418664 66
476518 66
547784 66
547788 66
547789 66
547790 66
335939 67
417444 67
418553 67
418554 67
462720 67
474616 67
474618 67
474619 67
474885 67
474887 67
477370 67
511402 67
511404 67
548176 67
548177 67
548178 67
548180 67
123234 68
123235 68
123236 68
123354 68
124435 68
124437 68
124440 68
139151 68
139152 68
139153 68
139154 68
247403 68
247405 68
474514 68
476759 68
546833 68
546834 68
546893 68
547787 68
547795 68
547797 68
123582 69
123584 69
418328 69
477359 69
477362 69
546683 69
546685 69
124043 70
124044 70
124046 70
124047 70
476396 70
546681 70
123265 71
124454 71
124455 71
335939 71
335942 71
425750 71
425752 71
476300 71
476303 71
476516 71
476517 71
476518 71
476719 71
476721 71
476723 71
476761 71
538454 71
546821 71
546822 71
546823 71
547858 71
75640 72
124453 72
247402 72
247403 72
255777 72
255780 72
418330 72
475828 72
475829 72
476625 72
477022 72
547856 72
547859 72
547860 72
123295 73
123472 73
123473 73
124456 73
124518 73
124521 73
124559 73
299316 73
421746 73
475845 73
531873 73
123739 74
123740 74
124043 74
124044 74
124048 74
124049 74
124064 74
476195 74
476199 74
476200 74
546684 74
546685 74
123532 75
123533 75
123534 75
335634 75
335636 75
123642 76
124590 76
247404 76
247405 76
247407 76
417410 76
417411 76
417412 76
421743 76
421745 76
476335 76
476880 76
476881 76
477009 76
477011 76
72488 77
72489 77
123162 77
123164 77
123165 77
123166 77
123193 77
238389 77
238391 77
238393 77
299597 77
336613 77
120458 78
123325 78
123326 78
123328 78
123473 78
123474 78
123520 78
123522 78
124230 78
124248 78
124249 78
124251 78
124276 78
124819 78
421744 78
421746 78
421747 78
475958 78
475959 78
476334 78
476336 78
476337 78
82867 79
82870 79
119796 79
119798 79
123930 79
124548 79
124550 79
124551 79
124552 79
124553 79
336011 79
336013 79
336014 79
336015 79
476294 79
476295 79
476296 79
477013 79
123416 80
123659 80
123661 80
124506 80
124507 80
336080 80
336081 80
123259 81
123260 81
123672 81
124058 81
124063 81
476742 81
476743 81
122533 82
122534 82
123467 82
123468 82
336823 82
336824 82
336826 82
336827 82
124074 83
124075 83
124076 83
124123 83
124126 83
476269 83
476447 83
476449 83
123489 84
123492 84
255455 84
336012 84
336015 84
122182 85
124059 85
124060 85
124061 85
124062 85
124347 85
124349 85
123317 86
335439 86
336329 86
336331 86
336332 86
476266 86
476267 86
476268 86
298719 87
298720 87
335438 87
336023 87
336823 87
336825 87
336826 87
123314 88
123496 88
124028 88
124690 88
123292 89
124068 89
124323 89
336386 90
87248 91
87250 91
123498 92
123499 92
123501 92
123385 93
123387 93
396556 93
124692 94
124755 94
461384 94
461387 94
336188 95
335653 97
335654 97
335655 97
336161 97
461489 97
461491 97
461492 97
335842 98
335843 98
336187 98
336190 98
336191 98
336771 98
336774 98
461384 98
461385 98
124420 99
124424 99
335970 99
335973 99
336181 99
336182 99
336184 99
336186 99
412474 99
520780 99
520782 99
336587 100
336601 100
336602 100
124421 101
124425 101
299001 101
335560 101
335846 101
335850 101
336349 101
336351 101
336454 101
336456 101
336457 101
336458 101
298898 102
298900 102
335841 102
335971 102
336150 102
336152 102
336404 102
336405 102
336407 102
336408 102
336409 102
335967 103
335968 103
335969 103
335970 103
335972 103
461747 103
461748 103
461749 103
520783 103
520784 103
335385 104
335387 104
335975 104
336189 104
336451 104
336452 104
336587 104
336157 105
335383 106
335384 106
335386 106
335388 106
335592 106
335593 106
335594 106
336535 106
336536 106
299446 107
299447 107
335398 107
335968 107
335973 107
336150 107
336153 107
336737 107
335967 108
335971 108
336739 108
299901 109
462317 109
462320 109
336214 111
336216 111
461803 111
299755 112
299756 112
336248 112
336304 112
336305 112
532891 112
336063 113
461504 113
461505 113
335525 114
335875 114
336145 114
336148 114
336486 114
336829 114
336834 114
455921 114
455924 114
335497 115
335498 115
335499 115
335500 115
336061 116
336064 116
336371 116
336372 116
336373 116
78811 117
78814 117
336123 117
336244 117
336245 117
336247 117
336259 117
336261 117
336506 117
336507 117
336509 117
461217 117
461381 117
461382 117
335523 118
335524 118
336292 118
336293 118
336294 118
336508 118
336511 118
336512 118
336606 118
336836 118
335680 119
335682 119
335697 119
335700 119
335706 119
335707 119
336594 119
336595 119
77005 120
335402 120
335928 120
335929 120
335931 120
336124 120
336125 120
336126 120
336127 120
336659 120
336690 120
78812 121
78816 121
336291 121
336596 121
336597 121
336763 121
434399 121
434401 121
462316 121
462318 121
462319 121
335297 122
335299 122
462420 122
462684 122
462685 122
335836 123
335679 124
335681 124
335930 124
335933 124
336022 124
336023 124
336292 124
336293 124
336294 124
336464 124
461637 124
462700 124
462704 124
89540 125
336517 125
336518 125
336763 125
336764 125
336766 125
336767 125
462136 125
462137 125
462177 125
462180 125
462184 125
462185 125
336079 126
336081 126
461884 126
461886 126
462001 126
462002 126
462080 126
462081 126
335680 127
462000 127
462208 127
462209 127
462419 127
462653 127
336080 128
336082 128
336291 128
336292 128
336293 128
336294 128
335920 129
335922 129
462079 129
462083 129
462084 129
462897 129
462899 129
335690 130
336284 130
336517 130
336518 130
461640 130
461641 130
461885 131
461981 132
462338 132
462339 132
462340 132
462652 134
462654 134
335920 135
336515 135
336517 135
335660 136
335662 136
357108 137
335657 139
335661 139
462508 140
335982 141
335983 141
335984 141
470072 141
470073 141
335372 142
335373 142
392280 142
392281 142
462055 142
462060 142
549601 142
187712 143
187715 143
335323 143
335326 143
335327 143
335803 143
335804 143
336378 143
336380 143
140007 144
140008 144
140009 144
187711 145
187713 145
335496 145
335500 145
187709 146
469592 146
470102 146
470104 146
391986 147
391987 147
468629 147
468630 147
469401 147
469402 147
469403 147
469404 147
470039 147
470042 147
187710 148
187712 148
187714 148
469602 148
469603 148
462693 149
188454 150
188456 150
391957 150
450201 150
450202 150
462027 150
468108 150
462028 151
462029 151
462031 151
462269 152
462272 152
392284 153
392286 153
152022 155
152024 155
152025 155
462276 156
462278 156
462279 156
482649 156
482650 156
461897 157
461899 157
461901 157
391279 158
391280 158
391281 158
462416 158
462525 158
506823 158
461898 159
461900 159
461328 161
461334 161
461328 165
461330 165
461332 165
461333 165
462625 165
524932 165
524933 165
254168 166
254170 166
325086 168
461291 168
461293 168
139869 169
461907 169
461909 169
462622 169
139871 171
462440 171
461291 174
461293 174
138812 177
461497 177
461498 177
461375 183
438482 184
438484 184
196446 202
418991 313
418995 313
