243138 0 3 3 3
243139 0 3 3 3
344762 0 3 3 3
414588 0 3 3 3
244402 0 4 3 1
244406 0 4 3 1
291619 0 4 3 1
291621 0 4 3 1
334391 0 4 3 2
334393 0 4 3 2
116754 0 5 3 3
116755 0 5 3 3
460983 0 5 3 1
460984 0 5 3 1
538173 0 5 3 2
538176 0 5 3 2
35010 0 6 3 1
35011 0 6 3 1
244264 0 6 3 3
244266 0 6 3 3
291615 0 6 3 4
292525 0 6 3 1
292526 0 6 3 1
292529 0 6 3 1
300197 0 6 3 2
244405 0 7 3 1
538165 0 9 3 1
538166 0 9 3 1
538168 0 9 3 1
34335 0 10 3 1
34336 0 10 3 1
116881 0 10 3 1
116882 0 10 3 1
34292 1 11 3 1
34293 1 11 3 1
34295 1 11 3 1
540303 0 12 3 2
33565 1 13 3 1
33566 1 13 3 1
33765 0 13 3 1
33767 0 13 3 1
116737 0 13 3 1
116739 0 13 3 1
447870 0 13 3 1
447872 0 13 3 1
548885 0 13 3 1
35340 0 14 3 1
35341 0 14 3 1
117097 0 14 3 1
117574 0 14 3 1
538166 0 14 3 1
538167 0 14 3 1
117434 0 15 3 1
117438 0 15 3 1
117571 0 15 3 1
117573 0 15 3 1
117574 0 15 3 1
290418 1 15 3 1
290419 1 15 3 1
537471 0 15 3 1
537472 0 15 3 1
537475 0 15 3 1
537476 0 15 3 1
33768 1 16 3 1
115263 0 16 3 3
115264 0 16 3 3
117431 0 16 3 1
117432 0 16 3 1
290417 0 16 3 1
290420 0 16 3 1
292735 0 16 3 1
292736 0 16 3 1
537720 0 16 3 1
537725 0 16 3 1
539160 0 16 3 1
34293 1 17 3 1
116737 0 17 3 3
117573 0 17 3 3
447869 0 17 3 1
447871 0 17 3 1
447872 0 17 3 1
117441 1 18 3 1
291678 0 18 3 1
291680 0 18 3 1
291682 0 18 3 1
538948 0 18 3 1
538949 0 18 3 1
117350 0 19 3 4
537719 0 19 3 3
537720 0 19 3 3
537721 0 19 3 3
537723 0 19 3 3
537725 0 19 3 3
115729 0 20 3 3
115921 0 20 3 1
539061 0 20 3 1
539063 0 20 3 1
539066 0 20 3 1
34208 0 21 3 3
117434 0 21 3 1
117440 0 21 3 1
117442 0 21 3 1
537796 0 21 3 2
539077 1 21 3 1
539078 1 21 3 1
539081 1 21 3 1
290967 0 22 3 1
538011 0 22 3 1
538014 0 22 3 1
538015 0 22 3 1
117440 0 23 3 2
117441 0 23 3 2
291679 0 23 3 3
291680 0 23 3 3
291681 0 23 3 3
537577 0 23 3 1
537578 0 23 3 1
537580 0 23 3 1
537581 0 23 3 1
539066 0 23 3 1
291706 0 24 3 1
291707 0 24 3 1
291708 0 24 3 1
538987 1 24 3 1
115730 0 25 3 3
291679 0 25 3 1
291682 0 25 3 1
292605 1 25 3 1
538885 0 25 3 1
539077 0 25 3 1
539079 0 25 3 1
539080 0 25 3 1
539081 0 25 3 1
90543 1 26 3 2
90544 1 26 3 2
90545 1 26 3 2
290360 1 26 3 1
291585 0 26 3 1
293172 0 26 3 3
539079 0 26 3 3
539080 0 26 3 3
290445 0 27 3 1
537750 0 27 3 1
35229 0 28 3 1
35230 0 28 3 1
35231 0 28 3 1
35232 0 28 3 1
291258 1 28 3 1
291260 1 28 3 1
292220 0 28 3 1
292525 0 28 3 1
292528 0 28 3 1
292529 0 28 3 1
292831 1 28 3 1
292832 1 28 3 1
537894 0 28 3 1
291645 0 29 3 1
291654 0 29 3 1
291708 0 29 3 1
291709 0 29 3 1
538881 0 29 3 4
538882 0 29 3 4
538883 0 29 3 4
538884 0 29 3 4
291021 0 30 3 1
291022 0 30 3 1
292829 1 30 3 3
292830 1 30 3 3
292831 1 30 3 3
538286 0 30 3 1
538288 0 30 3 1
291481 1 31 3 1
291482 1 31 3 1
292218 0 31 3 3
292980 0 31 3 3
292981 0 31 3 3
537895 1 31 3 1
537896 1 31 3 1
537897 1 31 3 1
539092 0 31 3 1
539094 0 31 3 1
35227 1 32 3 1
35229 1 32 3 1
35232 1 32 3 1
291891 1 32 3 1
292208 0 32 3 1
292209 0 32 3 1
292211 0 32 3 1
292212 0 32 3 1
292879 0 32 3 1
292880 0 32 3 1
350948 1 32 3 3
537977 0 32 3 1
537979 0 32 3 1
538013 0 32 3 1
538015 0 32 3 1
538235 0 32 3 1
538237 0 32 3 1
538238 0 32 3 1
538239 0 32 3 1
538368 0 32 3 1
538369 0 32 3 1
538548 0 32 3 1
538552 0 32 3 1
42448 0 33 3 3
291552 0 33 3 1
291553 0 33 3 1
291554 0 33 3 1
291556 0 33 3 1
291557 0 33 3 1
291554 1 33 3 1
291555 1 33 3 1
291557 1 33 3 1
291558 1 33 3 1
538021 0 33 3 1
538023 0 33 3 1
538024 0 33 3 1
538539 1 33 3 1
291322 1 34 3 1
291323 1 34 3 1
291556 0 34 3 1
538764 0 34 3 3
538765 0 34 3 3
539175 0 34 3 3
290510 1 35 3 1
290844 1 35 3 2
290845 1 35 3 2
290847 1 35 3 2
292319 0 35 3 3
538704 1 35 3 1
538871 0 35 3 1
538873 0 35 3 1
538875 0 35 3 1
34172 0 36 3 1
34173 0 36 3 1
290851 0 36 3 3
291240 0 36 3 4
291641 0 36 3 1
291643 0 36 3 1
293060 0 36 3 1
538025 0 36 3 1
538026 0 36 3 1
538029 0 36 3 1
538031 0 36 3 1
538552 1 36 3 1
538558 1 36 3 1
538881 0 36 3 3
538884 0 36 3 3
144778 0 37 3 3
144782 0 37 3 3
290476 0 37 3 3
290477 0 37 3 3
290480 0 37 3 3
290877 0 37 3 3
290878 0 37 3 3
291378 1 37 3 1
291380 1 37 3 1
291382 1 37 3 1
291383 1 37 3 1
291552 0 37 3 3
291553 0 37 3 3
291554 0 37 3 3
291555 0 37 3 3
291556 0 37 3 3
291557 0 37 3 3
292169 0 37 3 1
292170 0 37 3 1
292173 0 37 3 1
292174 0 37 3 1
538985 0 37 3 1
538989 0 37 3 1
34170 0 38 3 1
220172 0 38 3 3
220173 0 38 3 3
281724 0 38 3 2
281725 0 38 3 2
292351 1 38 3 1
292353 1 38 3 1
292354 1 38 3 1
292518 0 38 3 3
292519 0 38 3 3
293234 0 38 3 1
293235 0 38 3 1
293236 0 38 3 1
537523 0 38 3 1
537524 0 38 3 1
539056 0 38 3 1
33849 0 39 3 1
33850 0 39 3 1
251833 0 39 3 1
293060 0 39 3 3
293062 0 39 3 3
475527 0 39 3 3
475528 0 39 3 3
537633 1 39 3 1
537637 1 39 3 1
538875 0 39 3 1
538956 1 39 3 1
281724 0 40 3 2
281726 0 40 3 2
290371 0 40 3 1
290377 0 40 3 1
291128 0 40 3 1
291129 0 40 3 1
291130 0 40 3 1
292176 0 40 3 1
292400 0 40 3 1
34220 0 41 3 1
34223 0 41 3 1
147754 0 41 3 3
225546 0 41 3 3
225547 0 41 3 3
290585 1 41 3 1
291960 0 41 3 1
291961 0 41 3 1
324874 0 41 3 1
527176 1 41 3 3
527177 1 41 3 3
538000 0 41 3 1
538025 0 41 3 1
538029 0 41 3 1
538031 0 41 3 1
538389 0 41 3 1
538390 0 41 3 1
538391 0 41 3 1
34803 0 42 3 1
34804 0 42 3 1
121873 0 42 3 2
121876 0 42 3 2
290299 0 42 3 1
290302 0 42 3 1
290298 1 42 3 3
290299 1 42 3 3
290301 1 42 3 3
290304 1 42 3 3
291599 0 42 3 1
538536 1 42 3 1
538538 1 42 3 1
290655 0 43 3 4
290979 0 43 3 1
290981 0 43 3 1
290982 0 43 3 1
292208 0 43 3 3
292209 0 43 3 3
292212 0 43 3 3
310934 0 43 3 3
538240 0 43 3 1
538241 0 43 3 1
538245 0 43 3 1
538241 0 43 3 3
538242 0 43 3 3
538244 0 43 3 3
538246 0 43 3 3
538330 0 43 3 1
538341 0 43 3 1
538343 0 43 3 1
122049 0 44 3 2
122052 0 44 3 2
142432 0 44 3 3
142433 0 44 3 3
142435 0 44 3 3
290984 0 44 3 1
292234 0 44 3 1
292235 0 44 3 1
537784 1 44 3 1
538240 0 44 3 1
538241 0 44 3 1
538244 0 44 3 1
538245 0 44 3 1
538246 0 44 3 1
538537 1 44 3 1
34220 0 45 3 3
34221 0 45 3 3
34223 0 45 3 3
34516 0 45 3 1
324874 1 45 3 1
324875 1 45 3 1
335553 0 45 3 3
335555 0 45 3 3
424505 0 45 3 3
537957 1 45 3 1
537958 1 45 3 1
538341 0 45 3 3
538344 0 45 3 3
33535 0 46 3 1
251835 0 46 3 1
290980 0 46 3 3
292203 0 46 3 3
292397 0 46 3 3
537560 1 46 3 1
538335 0 46 3 3
538336 0 46 3 3
538337 0 46 3 3
538338 0 46 3 3
538676 0 46 3 1
539101 0 46 3 1
539102 0 46 3 1
33587 0 47 3 1
33589 0 47 3 1
34427 0 47 3 1
122049 0 47 3 1
122052 0 47 3 1
251748 0 47 3 1
251749 0 47 3 1
251751 0 47 3 1
290593 1 47 3 1
290594 1 47 3 1
290596 1 47 3 1
290598 1 47 3 1
290978 0 47 3 1
290981 0 47 3 1
291755 0 47 3 1
538340 0 47 3 1
538343 0 47 3 1
34513 1 48 3 3
34514 1 48 3 3
290299 0 48 3 1
290300 0 48 3 1
290301 0 48 3 1
290303 0 48 3 1
290304 0 48 3 1
290677 0 48 3 1
291422 0 48 3 1
329242 0 48 3 4
538243 0 48 3 0
538245 0 48 3 0
538242 0 48 3 0
538243 0 48 3 0
538246 0 48 3 0
34261 0 49 3 1
98706 0 49 3 3
107918 0 49 3 2
107919 0 49 3 2
107921 0 49 3 2
122049 0 49 3 1
293070 0 49 3 1
33534 0 50 3 3
34425 0 50 3 3
35338 0 50 3 3
35341 0 50 3 3
251826 1 50 3 1
251827 1 50 3 1
251830 1 50 3 1
253093 0 50 3 1
253095 0 50 3 1
253096 0 50 3 1
291815 1 50 3 1
291816 1 50 3 1
291817 1 50 3 1
292090 0 50 3 0
292092 0 50 3 0
292093 0 50 3 0
292094 0 50 3 0
305663 0 50 3 2
537662 0 50 3 1
537663 0 50 3 1
538281 0 50 3 1
538677 0 50 3 3
538678 0 50 3 3
538679 0 50 3 3
538810 0 50 3 4
292007 0 51 3 1
292009 0 51 3 1
9394 0 52 3 2
251822 0 52 3 1
251824 0 52 3 1
251825 0 52 3 1
253091 0 52 3 1
253093 0 52 3 1
253095 0 52 3 1
292090 0 52 3 2
292552 0 52 3 1
292553 0 52 3 1
538240 0 52 3 3
538242 0 52 3 3
538244 0 52 3 3
34812 1 53 3 1
121502 0 53 3 1
121503 0 53 3 1
252398 1 53 3 1
252399 1 53 3 1
252400 1 53 3 1
253091 0 53 3 1
253092 0 53 3 1
253094 0 53 3 1
253095 0 53 3 1
253096 0 53 3 1
253197 0 53 3 1
253198 0 53 3 1
292281 0 53 3 1
537833 0 53 3 1
537835 0 53 3 1
537831 0 53 3 1
537835 0 53 3 1
538805 0 53 3 3
252659 0 54 3 1
252662 0 54 3 1
292550 0 54 3 3
292552 0 54 3 3
537880 0 54 3 1
537881 0 54 3 1
537882 0 54 3 1
537885 0 54 3 1
33583 0 55 3 3
252420 0 55 3 1
252422 0 55 3 1
291082 0 55 3 1
291085 0 55 3 1
538123 0 55 3 3
538124 0 55 3 3
33599 0 56 3 3
33600 0 56 3 3
33957 1 56 3 1
33959 1 56 3 1
253093 0 56 3 3
253094 0 56 3 3
253095 0 56 3 3
253430 0 56 3 4
291812 0 56 3 0
291814 0 56 3 0
291816 0 56 3 0
291817 0 56 3 0
293044 0 56 3 1
293045 0 56 3 1
537965 0 56 3 1
537967 0 56 3 1
537970 0 56 3 1
537971 0 56 3 1
19573 0 57 3 3
33601 0 57 3 3
62019 0 57 3 3
253095 0 57 3 1
253196 0 57 3 3
253199 0 57 3 3
537884 0 57 3 1
34468 0 58 3 1
34471 0 58 3 1
34579 0 58 3 1
34581 0 58 3 1
34582 0 58 3 1
34583 0 58 3 1
34820 0 58 3 1
34821 0 58 3 1
34824 0 58 3 1
253198 0 58 3 1
253480 0 58 3 3
253481 0 58 3 3
291504 0 58 3 3
292813 1 58 3 1
292815 1 58 3 1
40354 0 59 3 3
40355 0 59 3 3
121690 0 59 3 1
251501 1 59 3 1
252685 0 59 3 1
292417 0 59 3 1
292418 0 59 3 1
292422 0 59 3 1
292443 0 59 3 4
9397 1 60 3 4
33955 0 60 3 1
34736 0 60 3 1
34737 0 60 3 1
34739 0 60 3 1
34740 0 60 3 1
34767 1 60 3 1
34769 1 60 3 1
489087 0 60 3 3
537944 0 60 3 1
537946 0 60 3 1
537947 0 60 3 1
538577 1 60 3 1
538580 1 60 3 1
538577 0 60 3 3
122702 0 61 3 1
251482 0 61 3 3
251483 0 61 3 3
252048 0 61 3 1
252049 0 61 3 1
292665 1 61 3 1
292666 1 61 3 1
292668 1 61 3 1
292669 1 61 3 1
538737 0 61 3 1
538738 0 61 3 1
538740 0 61 3 1
538741 0 61 3 1
121842 0 62 3 1
121846 0 62 3 1
121847 0 62 3 1
121871 0 62 3 1
251456 1 62 3 3
251457 1 62 3 3
251458 1 62 3 3
252768 0 62 3 1
252772 0 62 3 1
292418 0 62 3 1
292419 0 62 3 1
292420 0 62 3 1
538739 0 62 3 1
538741 0 62 3 1
538964 0 62 3 3
538966 0 62 3 3
34139 0 63 3 3
216019 0 63 3 1
216020 0 63 3 1
252335 0 63 3 1
252336 0 63 3 1
252339 0 63 3 1
252584 0 63 3 1
252586 0 63 3 1
281542 0 63 3 2
291095 0 63 3 3
537880 0 63 3 1
537881 0 63 3 1
537883 0 63 3 1
537884 0 63 3 1
537885 0 63 3 1
537886 0 63 3 1
34130 0 64 3 3
34820 0 64 3 1
34823 0 64 3 1
34824 0 64 3 1
121442 1 64 3 1
252120 0 64 3 1
252770 0 64 3 1
292419 0 64 3 1
292422 0 64 3 1
292423 0 64 3 1
34738 0 65 3 0
34740 0 65 3 0
34741 0 65 3 0
40124 0 65 3 1
40125 0 65 3 1
40126 0 65 3 1
251634 0 65 3 1
253232 0 65 3 1
290749 0 65 3 1
290751 0 65 3 1
290752 0 65 3 1
293089 1 65 3 1
293090 1 65 3 1
538957 0 65 3 3
538959 0 65 3 3
252133 1 66 3 0
252134 1 66 3 0
253458 1 66 3 1
253463 1 66 3 1
291541 0 66 3 2
292417 0 66 3 1
292419 0 66 3 1
292423 0 66 3 1
292620 0 66 3 1
293084 0 66 3 3
34140 0 67 3 1
35283 0 67 3 1
35285 0 67 3 1
122955 0 67 3 1
251361 1 67 3 1
252173 1 67 3 3
252174 1 67 3 3
252175 1 67 3 3
290590 1 67 3 1
121548 0 68 3 1
121809 0 68 3 3
253267 0 68 3 1
253268 0 68 3 1
290664 0 68 3 3
290668 0 68 3 3
292440 0 68 3 1
292441 0 68 3 1
292442 0 68 3 1
293064 0 68 3 1
538427 0 68 3 1
34073 1 69 3 0
34074 1 69 3 0
41865 1 69 3 1
122821 0 69 3 1
122823 0 69 3 1
176301 0 69 3 3
251568 0 69 3 1
251570 0 69 3 1
252902 0 69 3 1
253423 1 69 3 1
253424 1 69 3 1
253425 1 69 3 1
253428 1 69 3 1
253424 0 69 3 1
253425 0 69 3 1
253426 0 69 3 1
253427 0 69 3 1
291393 0 69 3 1
34630 0 70 3 4
122747 1 70 3 1
122748 1 70 3 1
251633 0 70 3 3
251634 0 70 3 3
251846 0 70 3 1
253458 1 70 3 1
253460 1 70 3 1
253461 1 70 3 1
253463 1 70 3 1
253464 1 70 3 1
34333 0 71 3 1
115333 1 71 3 3
122180 1 71 3 1
122184 1 71 3 1
122185 1 71 3 1
252497 0 71 3 1
252498 0 71 3 1
252500 0 71 3 1
252502 0 71 3 1
252870 0 71 3 1
293061 0 71 3 3
293062 0 71 3 3
293063 0 71 3 3
40336 0 72 3 2
40337 0 72 3 2
40339 0 72 3 2
41864 1 72 3 3
41866 1 72 3 3
122013 0 72 3 1
122016 0 72 3 1
251779 0 72 3 1
252939 1 72 3 1
252942 1 72 3 1
291372 0 72 3 1
291373 0 72 3 1
291646 0 72 3 1
291647 0 72 3 1
291648 0 72 3 1
446664 0 72 3 3
40512 0 73 3 1
40663 1 73 3 1
40722 0 73 3 3
40725 0 73 3 3
121603 1 73 3 1
248447 0 73 3 4
251930 0 73 3 3
251931 0 73 3 3
252499 0 73 3 0
252502 0 73 3 0
253313 0 73 3 1
253314 0 73 3 1
253423 0 73 3 1
253425 0 73 3 1
253425 0 73 3 3
253426 0 73 3 3
290500 0 73 3 0
291245 1 73 3 1
291249 1 73 3 1
291645 0 73 3 3
314043 1 73 3 3
314044 1 73 3 3
41186 0 74 3 3
122816 0 74 3 0
122817 0 74 3 0
122818 0 74 3 0
122819 0 74 3 0
251626 0 74 3 1
251788 1 74 3 1
252858 0 74 3 1
252859 0 74 3 1
253346 0 74 3 1
253347 0 74 3 1
253348 0 74 3 1
291370 1 74 3 0
291373 1 74 3 0
34959 0 75 3 1
34961 0 75 3 1
34962 0 75 3 1
34963 0 75 3 1
41218 1 75 3 1
41304 0 75 3 1
41307 0 75 3 1
41883 1 75 3 1
41887 1 75 3 1
41950 0 75 3 1
41951 0 75 3 1
41952 0 75 3 1
41953 0 75 3 1
41948 0 75 3 1
41952 0 75 3 1
41953 0 75 3 1
41954 0 75 3 1
251645 0 75 3 1
251646 0 75 3 1
290501 0 75 3 3
40721 1 76 3 3
40726 1 76 3 3
41549 0 76 3 1
41551 0 76 3 1
85735 0 76 3 2
122012 0 76 3 3
122815 0 76 3 1
122816 0 76 3 1
122817 0 76 3 1
122818 0 76 3 1
251364 0 76 3 1
251367 0 76 3 1
251625 0 76 3 3
253458 0 76 3 3
253462 0 76 3 3
290687 0 76 3 1
290688 0 76 3 1
291370 0 76 3 3
291371 0 76 3 3
291372 0 76 3 3
291645 0 76 3 3
291648 0 76 3 3
39612 0 77 3 3
39614 0 77 3 3
40718 0 77 3 2
40720 0 77 3 2
41162 0 77 3 1
121634 1 77 3 1
121637 1 77 3 1
121638 1 77 3 1
122180 0 77 3 1
122183 0 77 3 1
135594 0 77 3 3
251641 0 77 3 1
251642 0 77 3 1
252912 0 77 3 3
253407 0 77 3 1
253409 0 77 3 1
292700 0 77 3 3
33938 0 78 3 1
33940 0 78 3 1
33942 0 78 3 1
33943 0 78 3 1
41215 1 78 3 1
41216 1 78 3 1
41217 1 78 3 1
41220 1 78 3 1
41221 1 78 3 1
41415 0 78 3 1
41522 0 78 3 1
41523 0 78 3 1
122813 0 78 3 1
122815 0 78 3 1
122817 0 78 3 1
122819 0 78 3 1
253352 1 78 3 3
253354 1 78 3 3
253379 0 78 3 3
40968 0 79 3 1
41549 0 79 3 3
251644 0 79 3 1
253141 0 79 3 3
253142 0 79 3 3
253144 0 79 3 3
253145 0 79 3 3
253165 1 79 3 1
253167 1 79 3 1
253168 1 79 3 1
253423 0 79 3 2
253424 0 79 3 2
290531 0 79 3 1
292310 0 79 3 3
33940 0 80 3 0
33941 0 80 3 0
33942 0 80 3 0
33943 0 80 3 0
35127 0 80 3 3
40536 0 80 3 4
40537 0 80 3 4
40539 0 80 3 4
40734 0 80 3 1
40737 0 80 3 1
40870 0 80 3 1
41536 0 80 3 3
41537 0 80 3 3
41538 0 80 3 3
121900 0 80 3 1
121901 0 80 3 1
122512 0 80 3 3
122514 0 80 3 3
245178 1 80 3 2
252879 0 80 3 1
253166 1 80 3 1
40371 0 81 3 1
41215 0 81 3 3
41216 0 81 3 3
41218 0 81 3 3
41537 1 81 3 3
41538 1 81 3 3
112538 0 81 3 3
112540 0 81 3 3
122180 0 81 3 3
122182 0 81 3 3
122183 0 81 3 3
122184 0 81 3 3
243058 1 81 3 3
243059 1 81 3 3
251962 0 81 3 1
251965 0 81 3 1
251966 0 81 3 1
252471 0 81 3 3
252474 0 81 3 3
252515 0 81 3 1
252518 0 81 3 1
252519 0 81 3 1
253166 0 81 3 3
253167 0 81 3 3
253168 0 81 3 3
290665 0 81 3 1
290666 0 81 3 1
290667 0 81 3 1
33938 0 82 3 1
33940 0 82 3 1
33942 0 82 3 1
39972 0 83 3 1
40373 0 83 3 1
40722 1 83 3 1
41545 0 83 3 1
41547 0 83 3 1
121486 0 83 3 1
121488 0 83 3 1
122864 0 83 3 1
122866 0 83 3 1
122867 0 83 3 1
291684 0 83 3 3
293182 1 83 3 1
293184 1 83 3 1
14929 0 84 3 3
35333 0 84 3 1
35335 0 84 3 1
39806 0 84 3 3
39807 0 84 3 3
40218 0 84 3 1
40467 0 84 3 1
40533 0 84 3 0
40652 0 84 3 0
40653 0 84 3 0
40654 0 84 3 0
40650 0 84 3 1
40654 0 84 3 1
40816 0 84 3 1
40818 0 84 3 1
41106 0 84 3 1
41108 0 84 3 1
41109 0 84 3 1
68615 0 84 3 3
74674 0 84 3 2
74675 0 84 3 2
252476 0 84 3 3
252518 0 84 3 3
252765 0 84 3 3
34079 1 85 3 1
34081 1 85 3 1
34507 1 85 3 1
34510 1 85 3 1
34511 1 85 3 1
35335 0 85 3 3
39538 0 85 3 3
40083 1 85 3 3
40153 0 85 3 1
40154 0 85 3 1
40155 0 85 3 1
252517 1 85 3 1
252518 1 85 3 1
252519 1 85 3 1
39891 1 86 3 1
39893 1 86 3 1
40826 1 86 3 0
41500 0 86 3 1
41501 0 86 3 1
41923 0 86 3 2
41924 0 86 3 2
290514 0 86 3 1
39722 0 87 3 1
40293 0 87 3 1
40294 0 87 3 1
40482 1 87 3 0
41031 0 87 3 1
41531 0 87 3 3
41532 0 87 3 3
41534 0 87 3 3
41535 0 87 3 3
41836 0 87 3 1
41838 0 87 3 1
41839 0 87 3 1
41840 0 87 3 1
41849 1 87 3 1
41850 1 87 3 1
121489 0 87 3 3
121490 0 87 3 3
121491 0 87 3 3
121493 0 87 3 3
121648 0 87 3 1
121649 0 87 3 1
121651 0 87 3 1
121652 0 87 3 1
252517 0 87 3 1
252519 0 87 3 1
374750 0 87 3 3
374751 0 87 3 3
374752 0 87 3 3
21966 0 88 3 3
40235 0 88 3 0
40236 0 88 3 0
40293 0 88 3 3
40295 0 88 3 3
40823 0 88 3 0
40824 0 88 3 0
40825 0 88 3 0
40826 0 88 3 0
40893 1 88 3 1
40896 1 88 3 1
41502 0 88 3 1
41504 0 88 3 1
41505 0 88 3 1
41781 0 88 3 3
41836 0 88 3 3
41838 0 88 3 3
41839 0 88 3 3
122126 1 88 3 1
122266 0 88 3 1
122269 0 88 3 1
293184 0 88 3 1
293185 0 88 3 1
39548 1 89 3 1
39550 1 89 3 1
39722 0 89 3 3
39723 0 89 3 3
39725 0 89 3 3
39726 0 89 3 3
40152 0 89 3 3
40329 0 89 3 1
40411 0 89 3 3
40734 0 89 3 1
40735 0 89 3 1
40736 0 89 3 1
41497 0 89 3 3
121476 0 89 3 0
122115 0 89 3 2
122187 0 89 3 2
122190 0 89 3 2
122252 0 89 3 4
165354 0 89 3 1
165355 0 89 3 1
293227 0 89 3 2
40094 0 90 3 1
41474 1 90 3 1
41508 0 90 3 1
41509 0 90 3 1
41544 0 90 3 1
41744 1 90 3 0
42266 0 90 3 1
42267 0 90 3 1
42268 0 90 3 1
121492 0 90 3 1
122746 0 90 3 1
122748 0 90 3 1
122749 0 90 3 1
155773 0 90 3 3
155775 0 90 3 3
40794 0 91 3 1
40796 0 91 3 1
40797 0 91 3 1
40798 0 91 3 1
40851 0 91 3 2
41022 0 91 3 1
41025 0 91 3 1
41053 0 91 3 1
41054 0 91 3 1
41056 0 91 3 1
41250 0 91 3 3
41251 0 91 3 3
41567 1 91 3 1
41569 1 91 3 1
41570 1 91 3 1
41626 0 91 3 1
41628 0 91 3 1
41629 0 91 3 1
41630 0 91 3 1
121438 0 91 3 1
121439 0 91 3 1
121441 0 91 3 1
121442 0 91 3 1
122113 0 91 3 3
122115 0 91 3 3
122124 0 91 3 1
122264 0 91 3 3
122266 0 91 3 2
122267 0 91 3 2
122268 0 91 3 2
122270 0 91 3 2
122267 1 91 3 3
122268 1 91 3 3
122438 0 91 3 0
122439 0 91 3 0
122864 0 91 3 1
122865 0 91 3 1
291088 0 91 3 1
291089 0 91 3 1
291092 0 91 3 1
414454 0 91 3 3
40330 0 92 3 1
40331 0 92 3 1
40847 0 92 3 3
40849 0 92 3 3
41033 1 92 3 1
41034 1 92 3 1
41166 0 92 3 1
41168 0 92 3 1
41170 0 92 3 1
41496 0 92 3 3
41497 0 92 3 3
41498 0 92 3 3
42019 0 92 3 1
42020 0 92 3 1
42021 0 92 3 1
42022 0 92 3 1
40151 0 93 3 1
40153 0 93 3 1
40155 0 93 3 1
40176 0 93 3 3
40177 0 93 3 3
40178 0 93 3 3
40329 0 93 3 3
40427 0 93 3 1
40592 0 93 3 1
40689 0 93 3 1
40692 0 93 3 1
41507 0 93 3 1
41509 0 93 3 1
41510 0 93 3 1
41568 0 93 3 1
41570 0 93 3 1
41582 0 93 3 0
41583 0 93 3 0
41584 0 93 3 0
41585 0 93 3 0
121456 0 93 3 1
121583 0 93 3 2
121584 0 93 3 2
121587 0 93 3 2
121583 0 93 3 3
121584 0 93 3 3
121585 0 93 3 3
258833 0 93 3 3
292309 0 93 3 1
292310 0 93 3 1
402935 0 93 3 3
402939 0 93 3 3
40287 1 94 3 1
40288 1 94 3 1
40289 1 94 3 1
41048 0 94 3 3
41050 0 94 3 3
41742 1 94 3 3
41744 1 94 3 3
42017 0 94 3 3
42018 0 94 3 3
42019 0 94 3 3
42021 0 94 3 3
42082 0 94 3 1
81145 0 94 3 4
122688 0 94 3 1
122689 0 94 3 1
122688 0 94 3 3
122689 0 94 3 3
291089 0 94 3 0
291090 0 94 3 0
451411 0 94 3 3
451413 0 94 3 3
40126 1 95 3 1
40856 0 95 3 1
40858 0 95 3 1
40860 0 95 3 1
41022 0 95 3 1
41023 0 95 3 1
41024 0 95 3 1
41025 0 95 3 1
41055 0 95 3 1
41057 0 95 3 1
42014 0 95 3 1
42015 0 95 3 1
44703 0 95 3 2
251772 0 95 3 1
251773 0 95 3 1
291200 0 95 3 3
291201 0 95 3 3
293179 0 95 3 2
293180 0 95 3 2
293181 0 95 3 2
33511 0 96 3 1
39831 0 96 3 1
40426 0 96 3 3
41002 0 96 3 1
41507 0 96 3 3
41508 0 96 3 3
41509 0 96 3 3
41741 1 96 3 1
46962 0 96 3 3
252183 0 96 3 1
252184 0 96 3 1
253629 0 96 3 1
253630 0 96 3 1
40000 0 97 3 1
40002 0 97 3 1
40750 0 97 3 1
40752 0 97 3 1
40852 0 97 3 2
41613 0 97 3 1
41614 0 97 3 1
41615 0 97 3 1
42125 1 97 3 1
42128 1 97 3 1
122902 0 97 3 3
165895 0 97 3 1
252729 0 97 3 2
291023 0 97 3 3
39899 0 98 3 2
39901 0 98 3 2
39902 0 98 3 2
40636 0 98 3 3
42014 1 98 3 1
42015 1 98 3 1
121419 0 98 3 3
121421 0 98 3 3
121582 0 98 3 3
121586 0 98 3 3
291939 0 98 3 1
384940 0 98 3 3
5015 0 99 3 3
40264 0 99 3 2
41190 0 99 3 1
41194 0 99 3 1
41195 0 99 3 1
41825 0 99 3 2
41824 0 99 3 2
42068 0 99 3 1
42071 0 99 3 1
42072 0 99 3 1
42073 0 99 3 1
46066 0 99 3 2
46070 0 99 3 2
46963 1 99 3 4
122800 0 99 3 1
122801 0 99 3 1
122802 0 99 3 1
122803 0 99 3 1
252416 0 99 3 1
252738 0 99 3 1
252739 0 99 3 1
252740 0 99 3 1
255105 0 99 3 1
255824 1 99 3 1
255826 1 99 3 1
30029 0 100 3 3
33541 1 100 3 1
33543 1 100 3 1
33545 1 100 3 1
39577 0 100 3 1
40596 1 100 3 1
40597 1 100 3 1
40598 1 100 3 1
41739 0 100 3 3
121842 1 100 3 2
121845 1 100 3 2
121846 1 100 3 2
291937 0 100 3 1
291938 0 100 3 1
438105 1 100 3 3
39749 0 101 3 1
39751 0 101 3 1
39752 0 101 3 1
39766 0 101 3 1
40707 0 101 3 4
41663 1 101 3 3
41664 1 101 3 3
41665 1 101 3 3
42126 0 101 3 1
42129 0 101 3 1
42130 0 101 3 1
145007 0 101 3 3
34872 1 102 3 1
39637 0 102 3 0
40536 0 102 3 1
40537 0 102 3 1
40538 0 102 3 1
40542 0 102 3 1
124292 0 102 3 3
253627 0 102 3 1
254856 1 102 3 1
254858 1 102 3 1
291935 0 102 3 1
291936 0 102 3 1
291938 0 102 3 1
292602 0 102 3 1
292603 0 102 3 1
34846 0 103 3 1
34848 0 103 3 1
227379 0 103 3 3
384940 0 103 3 1
427210 0 103 3 3
451922 0 103 3 3
40752 1 104 3 1
40753 1 104 3 1
41089 1 104 3 1
41090 1 104 3 1
252736 1 104 3 3
252738 1 104 3 3
252740 1 104 3 3
292573 0 104 3 1
8347 0 105 3 3
40438 1 105 3 1
40441 1 105 3 1
40538 0 105 3 3
40539 0 105 3 3
253968 0 105 3 1
291943 0 105 3 0
381412 0 105 3 3
381413 0 105 3 3
381416 0 105 3 3
451921 0 105 3 3
39960 0 106 3 1
39962 0 106 3 1
41924 1 106 3 1
41926 1 106 3 1
41927 1 106 3 1
252426 1 106 3 1
252428 1 106 3 1
252429 1 106 3 1
254854 0 106 3 1
254857 0 106 3 1
254858 0 106 3 1
386165 0 106 3 1
40882 0 107 3 2
41479 0 107 3 1
41480 0 107 3 1
52008 0 107 3 3
52009 0 107 3 3
254669 0 107 3 1
291245 0 107 3 1
291247 0 107 3 1
291248 0 107 3 1
291249 0 107 3 1
291638 0 107 3 1
291639 0 107 3 1
291640 0 107 3 1
439464 0 107 3 1
439466 0 107 3 1
439468 0 107 3 1
33621 1 108 3 1
33623 1 108 3 1
33625 1 108 3 1
40052 0 108 3 1
40893 0 109 3 2
40894 0 109 3 2
40896 0 109 3 2
41480 0 109 3 3
41481 0 109 3 3
41965 0 109 3 1
41968 0 109 3 1
226632 0 109 3 1
226634 0 109 3 1
252931 0 109 3 1
253864 1 109 3 1
253866 1 109 3 1
253867 1 109 3 1
254222 1 109 3 1
254223 1 109 3 1
254224 1 109 3 1
254361 1 109 3 1
384714 0 109 3 1
384716 0 109 3 1
384842 0 109 3 1
384845 0 109 3 1
384846 0 109 3 1
385913 0 109 3 1
385914 0 109 3 1
439460 0 109 3 1
439463 0 109 3 1
33624 0 110 3 1
33976 0 110 3 3
33977 0 110 3 3
41479 0 110 3 3
41482 0 110 3 3
254225 1 110 3 1
255852 0 110 3 1
255854 0 110 3 1
255855 0 110 3 1
291379 0 110 3 1
291381 0 110 3 1
291383 0 110 3 1
384716 1 110 3 3
385582 0 110 3 1
385584 0 110 3 1
438694 0 110 3 1
25980 0 111 3 2
384837 0 111 3 2
384838 0 111 3 2
384843 0 111 3 3
384846 0 111 3 3
384847 0 111 3 3
438632 1 111 3 1
438635 1 111 3 1
439881 0 111 3 1
439882 0 111 3 1
40356 0 112 3 1
40437 0 112 3 1
40438 0 112 3 1
40441 0 112 3 1
122725 0 112 3 1
200166 1 112 3 1
200170 1 112 3 1
438630 0 112 3 2
438631 0 112 3 2
438634 0 112 3 2
438635 0 112 3 2
438687 0 112 3 3
438690 0 112 3 3
41047 0 113 3 1
42093 1 113 3 1
42094 1 113 3 1
42091 0 113 3 1
42093 0 113 3 1
42094 0 113 3 1
201624 0 113 3 1
201625 0 113 3 1
252593 0 113 3 1
252654 1 113 3 1
252655 1 113 3 1
252921 0 113 3 0
252922 0 113 3 0
252924 0 113 3 0
252925 0 113 3 0
252929 0 113 3 1
252930 0 113 3 1
252931 0 113 3 1
254710 0 113 3 1
254714 0 113 3 1
291015 0 113 3 3
40161 0 114 3 3
42091 0 114 3 3
200920 0 114 3 1
200923 0 114 3 1
254060 1 114 3 1
254061 1 114 3 1
254645 0 114 3 1
254647 0 114 3 1
254648 0 114 3 1
292169 0 114 3 1
292172 0 114 3 1
292173 0 114 3 1
292636 0 114 3 0
304622 0 114 3 3
304623 0 114 3 3
304624 0 114 3 3
382460 0 114 3 1
382461 0 114 3 1
382464 0 114 3 1
385240 1 114 3 3
385241 1 114 3 3
439286 1 114 3 3
35259 0 115 3 1
35261 0 115 3 1
35262 0 115 3 1
39559 0 115 3 3
39560 0 115 3 3
39561 0 115 3 3
39860 0 115 3 1
39954 0 115 3 1
40498 1 115 3 1
40499 1 115 3 1
40501 1 115 3 1
41963 1 115 3 2
41964 1 115 3 2
41965 1 115 3 2
199938 0 115 3 1
200942 0 115 3 1
251599 1 115 3 1
251602 1 115 3 1
252364 0 115 3 0
254079 0 115 3 0
254080 0 115 3 0
254883 1 115 3 3
254885 1 115 3 3
39751 0 116 3 1
40537 0 116 3 1
40539 0 116 3 1
40540 0 116 3 1
40784 0 116 3 1
40785 0 116 3 1
122721 0 116 3 3
122722 0 116 3 3
122723 0 116 3 3
122724 0 116 3 3
254849 0 116 3 2
255350 0 116 3 3
255351 0 116 3 3
255352 0 116 3 3
264803 0 116 3 3
292671 0 116 3 3
292672 0 116 3 3
292675 0 116 3 3
438630 0 116 3 3
438631 0 116 3 3
438632 0 116 3 3
438633 0 116 3 3
439909 0 116 3 1
39552 1 117 3 3
39559 0 117 3 3
39560 0 117 3 3
39561 0 117 3 3
39563 0 117 3 3
122721 0 117 3 1
122723 0 117 3 1
122724 0 117 3 1
122725 0 117 3 1
199953 1 117 3 1
200310 0 117 3 1
200311 0 117 3 1
201552 0 117 3 1
254058 1 117 3 1
254145 0 117 3 1
254149 0 117 3 1
254150 0 117 3 1
254151 0 117 3 1
381244 0 117 3 1
381245 0 117 3 1
439286 0 117 3 1
439288 0 117 3 1
41433 0 118 3 1
41435 0 118 3 1
41436 0 118 3 1
157802 0 118 3 2
254399 0 118 3 0
254400 0 118 3 0
254402 0 118 3 4
255834 0 118 3 3
255836 0 118 3 3
292636 1 118 3 3
438608 0 118 3 3
439360 0 118 3 3
439361 0 118 3 3
439362 0 118 3 3
439363 0 118 3 3
35106 0 119 3 1
35261 0 119 3 3
39963 0 119 3 3
200265 0 119 3 1
201476 0 119 3 1
201479 0 119 3 1
236977 0 119 3 2
254158 0 119 3 1
254159 0 119 3 1
254160 0 119 3 1
254161 0 119 3 1
254569 0 119 3 1
254572 0 119 3 1
254645 0 119 3 1
254648 0 119 3 1
255537 0 119 3 3
255785 0 119 3 1
439045 0 119 3 1
439046 0 119 3 1
521831 0 119 3 3
521832 0 119 3 3
521834 0 119 3 3
41069 0 120 3 1
136703 0 120 3 3
136704 0 120 3 3
201411 0 120 3 1
201412 0 120 3 1
201413 0 120 3 1
201415 0 120 3 1
239182 0 120 3 3
253929 0 120 3 1
255778 0 120 3 1
255781 0 120 3 1
304625 0 120 3 2
322929 0 120 3 3
322930 0 120 3 3
201242 0 121 3 3
201634 0 121 3 0
201635 0 121 3 0
201636 0 121 3 0
264811 1 121 3 2
264812 1 121 3 2
264814 1 121 3 2
304624 0 121 3 2
304625 0 121 3 2
438111 0 121 3 1
438113 0 121 3 1
439361 0 121 3 1
439362 0 121 3 1
439364 0 121 3 1
35222 0 122 3 0
35223 0 122 3 0
144986 0 122 3 3
144987 0 122 3 3
144988 0 122 3 3
144990 0 122 3 3
149872 0 122 3 3
149873 0 122 3 3
149874 0 122 3 3
149875 0 122 3 3
149877 0 122 3 3
199954 0 122 3 0
201475 0 122 3 1
201476 0 122 3 1
251533 0 122 3 1
251534 0 122 3 1
252108 0 122 3 3
252109 0 122 3 3
252111 0 122 3 3
254496 0 122 3 1
254497 0 122 3 1
254498 0 122 3 1
439844 0 122 3 1
41739 0 123 3 1
41740 0 123 3 1
201431 0 123 3 3
201433 0 123 3 3
201713 0 123 3 1
415085 0 123 3 3
439045 0 123 3 0
439046 0 123 3 2
439920 1 123 3 1
439922 1 123 3 1
498075 0 123 3 2
26433 0 124 3 2
74661 0 124 3 3
74663 0 124 3 3
112738 0 124 3 2
201557 0 124 3 1
201558 0 124 3 1
201716 1 124 3 1
201719 1 124 3 1
252445 1 124 3 2
255123 0 124 3 1
255125 0 124 3 1
255126 0 124 3 1
291309 0 124 3 1
291310 0 124 3 1
382298 0 124 3 3
438643 0 124 3 1
438644 0 124 3 1
438645 0 124 3 1
438922 0 124 3 1
438924 0 124 3 1
438925 0 124 3 1
438926 0 124 3 1
39167 0 125 3 1
39168 0 125 3 1
199700 0 125 3 1
199703 0 125 3 1
199797 0 125 3 1
199800 0 125 3 1
200234 1 125 3 2
200416 1 125 3 1
201138 0 125 3 1
201139 0 125 3 1
201141 0 125 3 1
201142 0 125 3 1
201711 0 125 3 1
201714 0 125 3 1
291311 1 125 3 1
291312 1 125 3 1
384762 0 125 3 1
384763 0 125 3 1
384765 0 125 3 1
432787 0 125 3 2
438921 0 125 3 1
438924 0 125 3 1
438925 0 125 3 1
439677 0 125 3 1
62851 0 126 3 3
62853 0 126 3 3
62854 0 126 3 3
199862 0 126 3 4
201245 0 126 3 1
201246 0 126 3 1
201510 0 126 3 1
201715 1 126 3 1
201719 1 126 3 1
252108 0 126 3 2
252109 0 126 3 2
254146 1 126 3 3
254151 1 126 3 3
254492 0 126 3 3
254494 0 126 3 3
384773 1 126 3 3
438164 0 126 3 1
438166 0 126 3 1
438833 0 126 3 1
33592 0 127 3 3
201648 0 127 3 3
201650 0 127 3 3
438027 0 127 3 3
439191 0 127 3 1
439194 0 127 3 1
439195 0 127 3 1
33861 0 128 3 4
34979 0 128 3 2
34980 0 128 3 2
34983 0 128 3 2
34985 0 128 3 2
199779 0 128 3 1
382298 0 128 3 3
382300 0 128 3 3
408818 0 128 3 3
439921 0 128 3 0
439922 0 128 3 0
440033 0 128 3 1
440037 0 128 3 1
2775 0 129 3 3
2777 0 129 3 3
34981 0 129 3 1
34982 0 129 3 1
34985 0 129 3 1
201656 0 129 3 1
348237 0 129 3 3
348238 0 129 3 3
381406 0 129 3 1
381407 0 129 3 1
381410 0 129 3 1
381411 0 129 3 1
384948 0 129 3 1
384950 0 129 3 1
384951 0 129 3 1
386403 0 129 3 1
432378 0 129 3 2
533759 0 129 3 3
62852 1 130 3 1
62853 1 130 3 1
62854 1 130 3 1
62855 1 130 3 1
176859 0 130 3 3
176861 0 130 3 3
199797 0 130 3 3
199801 0 130 3 3
200279 1 130 3 1
200282 1 130 3 1
200896 0 130 3 2
200898 0 130 3 2
543277 0 130 3 3
39277 0 131 3 3
39279 0 131 3 3
169451 1 131 3 3
200761 0 131 3 1
200762 0 131 3 1
312681 0 131 3 2
326613 1 131 3 2
384950 0 131 3 1
384951 0 131 3 1
385327 0 131 3 1
385330 0 131 3 1
14682 0 132 3 3
34979 0 132 3 3
34981 0 132 3 3
34983 0 132 3 3
34984 0 132 3 3
38216 0 132 3 1
38219 0 132 3 1
201410 0 132 3 1
201411 0 132 3 1
201412 0 132 3 1
201414 0 132 3 1
201415 0 132 3 1
201424 0 132 3 3
201426 0 132 3 3
252920 0 132 3 2
252921 0 132 3 2
252922 0 132 3 2
253653 0 132 3 3
255457 0 132 3 1
382298 0 132 3 0
382299 0 132 3 0
382300 0 132 3 0
439806 0 132 3 1
439807 0 132 3 1
201114 1 133 3 1
201117 1 133 3 1
251813 0 133 3 3
251816 0 133 3 3
252717 0 133 3 1
252718 0 133 3 1
438643 0 133 3 0
438645 0 133 3 0
438646 0 133 3 0
438648 0 133 3 0
438875 0 133 3 3
38805 0 134 3 1
38807 0 134 3 1
38811 0 134 3 1
38805 1 134 3 1
38806 1 134 3 1
38807 1 134 3 1
38808 1 134 3 1
38810 1 134 3 1
118439 1 134 3 3
134952 0 134 3 3
134953 0 134 3 3
134955 0 134 3 3
169700 0 134 3 3
169702 0 134 3 3
169704 0 134 3 3
176869 0 134 3 2
201504 0 134 3 2
247442 0 134 3 3
384813 1 134 3 1
385079 1 134 3 1
439361 0 134 3 3
439362 0 134 3 3
439363 0 134 3 3
520498 1 134 3 2
6276 0 135 3 3
6277 0 135 3 3
6278 0 135 3 3
375673 0 135 3 3
375675 0 135 3 3
384950 0 135 3 3
385324 0 135 3 3
438598 0 135 3 2
438599 0 135 3 2
438958 0 135 3 3
438960 0 135 3 3
439581 0 135 3 1
543829 0 135 3 2
69194 0 136 3 1
201505 0 136 3 3
251608 0 136 3 3
251872 0 136 3 1
251875 0 136 3 1
385168 0 136 3 1
385327 0 136 3 3
385328 0 136 3 3
385329 0 136 3 3
112 0 137 3 3
96900 0 137 3 3
96901 0 137 3 3
96902 0 137 3 3
200301 0 137 3 1
200302 0 137 3 1
378654 0 137 3 3
378655 0 137 3 3
378656 0 137 3 3
378658 0 137 3 3
386337 0 137 3 1
386341 0 137 3 1
510181 0 137 3 3
143677 0 138 3 3
143678 0 138 3 3
143679 0 138 3 3
252920 0 138 3 3
252922 0 138 3 3
252923 0 138 3 3
252925 0 138 3 3
384863 0 138 3 1
169061 0 139 3 1
169062 0 139 3 1
169063 0 139 3 1
169065 0 139 3 1
201114 0 139 3 3
201115 0 139 3 3
201116 0 139 3 3
201117 0 139 3 3
201261 0 139 3 2
201329 0 139 3 0
201330 0 139 3 0
385028 0 139 3 1
385030 0 139 3 1
385031 0 139 3 1
385911 0 139 3 3
385914 0 139 3 3
464833 0 139 3 3
38805 0 140 3 1
38809 0 140 3 1
38810 0 140 3 1
200762 0 140 3 1
200763 0 140 3 1
200935 0 140 3 3
203887 0 140 3 2
384711 0 140 3 1
384713 0 140 3 1
384955 0 140 3 4
384957 0 140 3 4
6904 0 141 3 4
176817 0 141 3 3
355401 0 141 3 0
384701 0 141 3 1
384927 0 141 3 4
439727 0 141 3 1
15594 0 142 3 3
21686 1 142 3 3
38806 0 142 3 3
38809 0 142 3 3
39248 0 142 3 1
65837 0 142 3 2
65838 0 142 3 2
384853 1 142 3 2
384854 1 142 3 2
385263 0 142 3 3
414861 0 142 3 2
134326 1 143 3 3
134328 1 143 3 3
200292 0 143 3 2
355173 0 143 3 0
385374 1 143 3 1
386205 0 143 3 3
386206 0 143 3 3
414856 0 143 3 3
169794 0 144 3 1
169795 0 144 3 1
380631 0 144 3 2
380632 0 144 3 2
384956 0 144 3 3
384957 0 144 3 3
385961 0 144 3 1
385963 0 144 3 1
56039 1 145 3 3
417613 0 145 3 3
471090 0 145 3 3
536826 0 145 3 2
536827 0 145 3 2
48312 1 146 3 2
366350 0 146 3 3
385912 0 146 3 1
385913 0 146 3 1
385914 0 146 3 1
97941 0 147 3 2
97944 0 147 3 2
170146 0 147 3 3
170148 0 147 3 3
261544 0 147 3 2
353896 1 147 3 1
353898 1 147 3 1
48312 0 148 3 2
263941 0 148 3 2
263943 0 148 3 2
385061 0 148 3 1
385064 0 148 3 1
385065 0 148 3 1
96829 0 149 3 1
96830 0 149 3 1
438619 0 149 3 4
438620 0 149 3 4
97941 0 151 3 3
97942 0 151 3 3
98319 0 151 3 3
98320 0 151 3 3
98321 0 151 3 3
98322 0 151 3 3
219703 1 151 3 3
96821 0 152 3 3
96822 0 152 3 3
263944 0 152 3 1
385063 0 152 3 0
385064 0 152 3 0
385061 0 152 3 2
385062 0 152 3 2
385065 0 152 3 2
441553 0 152 3 3
499600 0 152 3 1
499602 0 152 3 1
168394 0 153 3 1
168397 0 153 3 1
169353 0 153 3 1
169356 0 153 3 1
386312 0 153 3 1
386313 0 153 3 1
499601 0 153 3 1
499604 0 153 3 1
23887 0 154 3 3
98448 0 154 3 0
168534 1 154 3 1
168535 1 154 3 1
169355 1 154 3 0
169357 1 154 3 0
499428 0 154 3 1
96543 1 155 3 1
96545 1 155 3 1
97085 1 155 3 0
97086 1 155 3 0
97766 0 155 3 3
97767 0 155 3 3
97769 0 155 3 3
98661 1 155 3 1
98664 1 155 3 1
169727 1 155 3 1
169912 0 155 3 1
209452 0 155 3 3
209453 0 155 3 3
209455 0 155 3 3
499542 0 155 3 1
499544 0 155 3 1
499827 1 155 3 1
499829 1 155 3 1
499830 1 155 3 1
499832 1 155 3 1
99202 1 156 3 0
99204 1 156 3 0
169881 0 156 3 3
168911 1 157 3 1
168912 1 157 3 1
169433 0 157 3 1
169436 0 157 3 1
498628 1 157 3 1
499828 0 157 3 3
500038 0 157 3 4
500380 1 157 3 1
520015 0 157 3 2
169158 1 158 3 3
498986 1 158 3 1
500063 0 158 3 1
500064 0 158 3 1
96550 0 159 3 3
169883 0 159 3 3
499896 0 159 3 1
500571 1 159 3 1
500574 1 159 3 1
513821 0 159 3 1
513822 0 159 3 1
513825 0 159 3 1
513826 0 159 3 1
514074 0 159 3 1
514075 0 159 3 1
514244 1 159 3 1
169217 0 160 3 0
169214 0 160 3 2
169215 0 160 3 2
498634 0 160 3 3
498636 0 160 3 3
514076 1 160 3 3
168502 0 161 3 1
168504 0 161 3 1
168505 0 161 3 1
168506 0 161 3 1
168912 0 161 3 1
169911 0 161 3 3
169913 0 161 3 3
365970 0 161 3 3
386123 0 161 3 3
499184 0 161 3 1
499187 0 161 3 1
500064 0 161 3 1
500267 0 161 3 0
500269 0 161 3 0
96628 0 162 3 2
96629 0 162 3 2
97421 0 162 3 1
499181 0 162 3 1
500145 0 162 3 3
500251 0 162 3 1
500253 0 162 3 1
500254 0 162 3 1
97683 0 163 3 1
97685 0 163 3 1
97961 0 163 3 1
98447 1 163 3 1
98448 1 163 3 1
98718 0 163 3 1
169215 1 163 3 0
169216 1 163 3 0
169915 0 163 3 1
169916 0 163 3 1
169919 0 163 3 1
500030 1 163 3 0
500032 1 163 3 0
500252 0 163 3 0
500570 0 163 3 2
500571 0 163 3 2
500572 0 163 3 2
513922 0 163 3 1
513925 0 163 3 1
513926 0 163 3 1
514075 1 163 3 1
91259 1 164 3 3
389653 0 164 3 3
514872 0 164 3 1
514874 0 164 3 1
98344 0 165 3 1
98346 0 165 3 1
98347 0 165 3 1
169266 0 165 3 1
169268 0 165 3 1
386122 0 165 3 2
386124 0 165 3 2
386125 0 165 3 2
513926 1 165 3 1
96626 0 166 3 3
96627 0 166 3 3
96925 1 166 3 1
169917 0 166 3 1
212016 0 166 3 3
212018 0 166 3 3
499150 1 166 3 1
513744 0 166 3 1
513746 0 166 3 1
513747 0 166 3 1
513748 0 166 3 1
514356 0 166 3 1
514404 0 166 3 1
514407 0 166 3 1
98352 0 167 3 1
132673 0 167 3 3
405600 0 167 3 2
405601 0 167 3 2
405602 0 167 3 2
500173 0 167 3 0
500175 0 167 3 0
500177 0 167 3 0
96607 0 168 3 1
96608 0 168 3 1
98339 0 168 3 1
169370 0 168 3 3
497485 0 168 3 3
497487 0 168 3 3
497488 0 168 3 3
497489 0 168 3 3
500082 0 168 3 1
500083 0 168 3 1
500084 0 168 3 1
500173 0 168 3 1
500176 0 168 3 1
514168 0 168 3 1
2685 0 169 3 2
98343 0 169 3 1
170101 0 169 3 1
469136 0 169 3 3
97895 0 170 3 1
97896 0 170 3 1
98350 0 170 3 1
168349 0 170 3 1
168351 0 170 3 1
168352 0 170 3 1
168502 0 170 3 3
168503 0 170 3 3
168504 0 170 3 3
168505 0 170 3 3
168507 0 170 3 3
499163 1 170 3 3
499165 1 170 3 3
499730 0 170 3 1
499732 0 170 3 1
499733 0 170 3 1
499734 0 170 3 1
500171 0 170 3 0
500173 0 170 3 0
500174 0 170 3 0
500176 0 170 3 0
500177 0 170 3 0
500172 0 170 3 1
500173 0 170 3 1
500175 0 170 3 1
513449 1 170 3 1
513743 0 170 3 3
514824 0 170 3 1
514826 0 170 3 1
98110 0 171 3 1
98111 0 171 3 1
98112 0 171 3 1
168349 0 171 3 3
168350 0 171 3 3
168431 0 171 3 4
168714 0 171 3 1
500247 0 171 3 1
500248 0 171 3 1
513689 0 171 3 1
513691 0 171 3 1
513692 0 171 3 1
514401 0 171 3 2
514402 0 171 3 2
514405 0 171 3 2
553687 0 171 3 3
169229 0 172 3 3
244938 0 172 3 2
244939 0 172 3 2
497486 0 172 3 2
497487 0 172 3 2
497489 0 172 3 2
500334 0 172 3 1
500336 0 172 3 1
97905 0 173 3 1
99000 0 173 3 3
168505 0 173 3 3
168506 0 173 3 3
500548 0 173 3 3
90809 0 174 3 3
90810 0 174 3 3
96602 0 174 3 3
96603 0 174 3 3
168709 1 174 3 1
168710 1 174 3 1
168711 1 174 3 1
169229 0 174 3 1
169233 0 174 3 1
169914 0 174 3 1
169918 0 174 3 1
514428 0 174 3 1
514429 0 174 3 1
514430 0 174 3 1
101748 0 175 3 3
101750 0 175 3 3
135494 0 175 3 2
169230 0 175 3 0
169231 0 175 3 0
169232 0 175 3 0
169239 1 175 3 3
169243 1 175 3 3
328504 0 175 3 3
328505 0 175 3 3
499731 0 175 3 1
499732 0 175 3 1
499733 0 175 3 1
499734 0 175 3 1
500213 0 175 3 1
500216 0 175 3 1
500217 0 175 3 1
513476 0 175 3 1
513479 0 175 3 1
513686 1 175 3 1
513687 1 175 3 1
513689 1 175 3 1
513692 1 175 3 1
514181 1 175 3 0
514185 1 175 3 0
546959 0 175 3 2
546962 0 175 3 2
169241 0 176 3 1
169242 0 176 3 1
513874 0 176 3 1
513875 0 176 3 1
97271 1 177 3 1
97273 1 177 3 1
97608 0 177 3 1
168705 0 177 3 1
168711 0 177 3 1
168706 0 177 3 3
168707 0 177 3 3
169332 0 177 3 4
500543 0 177 3 2
500546 0 177 3 2
514693 0 177 3 1
514694 0 177 3 1
97633 1 178 3 1
97635 1 178 3 1
97636 1 178 3 1
170051 0 178 3 1
444218 0 178 3 3
444219 0 178 3 3
500212 0 178 3 1
500214 0 178 3 1
500215 0 178 3 1
500216 0 178 3 1
514316 0 178 3 1
514317 0 178 3 1
98884 0 179 3 3
101748 0 179 3 1
101749 0 179 3 1
101751 0 179 3 1
500213 0 179 3 2
500215 0 179 3 2
500216 0 179 3 2
500217 0 179 3 2
514810 1 179 3 0
514811 1 179 3 0
514812 1 179 3 0
96735 0 180 3 1
514623 0 180 3 1
514624 0 180 3 1
514625 0 180 3 1
514626 0 180 3 1
514778 0 180 3 1
514780 0 180 3 1
514781 0 180 3 1
98182 0 181 3 3
98183 0 181 3 3
98185 0 181 3 3
98263 0 181 3 1
98264 0 181 3 1
98265 0 181 3 1
98887 0 181 3 3
98890 0 181 3 3
101748 0 181 3 1
118084 0 181 3 3
118086 0 181 3 3
124160 0 181 3 3
232952 0 181 3 3
499660 1 181 3 1
499662 1 181 3 1
499665 1 181 3 1
513862 0 181 3 1
97033 1 182 3 4
98689 0 182 3 1
98987 0 182 3 1
98988 0 182 3 1
99287 0 182 3 1
99288 0 182 3 1
346681 0 182 3 2
346683 0 182 3 2
499254 1 182 3 1
499255 1 182 3 1
500212 0 182 3 3
500217 0 182 3 3
514808 0 182 3 3
514809 0 182 3 3
89410 0 183 3 3
97076 0 183 3 1
97078 0 183 3 1
97079 0 183 3 1
98182 1 183 3 3
98186 1 183 3 3
168872 0 183 3 1
283383 0 183 3 1
283384 0 183 3 1
283383 0 183 3 3
283384 0 183 3 3
283386 0 183 3 3
336798 1 183 3 1
336800 1 183 3 1
336801 1 183 3 1
336802 1 183 3 1
498911 1 183 3 1
498912 1 183 3 1
514315 0 183 3 1
514317 0 183 3 1
97192 0 184 3 1
97194 0 184 3 1
169502 0 184 3 3
169503 0 184 3 3
347600 0 184 3 2
513374 0 184 3 1
513375 0 184 3 1
513376 0 184 3 1
513378 0 184 3 1
514862 0 184 3 4
96731 1 185 3 1
96734 1 185 3 1
96735 1 185 3 1
96791 0 185 3 1
499256 1 185 3 3
499257 1 185 3 3
55328 0 186 3 2
96654 0 186 3 1
96656 0 186 3 1
97193 0 186 3 1
97797 0 186 3 3
168898 0 186 3 1
168899 0 186 3 1
283387 0 186 3 1
283388 0 186 3 1
431816 0 186 3 3
431817 0 186 3 3
499576 0 186 3 1
499577 0 186 3 1
96653 0 187 3 1
96655 0 187 3 1
96657 0 187 3 1
168706 0 187 3 3
168708 0 187 3 3
168709 0 187 3 3
347603 0 187 3 3
347605 0 187 3 3
513587 1 187 3 1
513588 1 187 3 1
513590 1 187 3 1
513592 1 187 3 1
514122 0 187 3 1
514124 0 187 3 1
514125 0 187 3 1
514553 0 187 3 3
514556 0 187 3 3
514559 0 187 3 1
96598 1 188 3 1
98672 0 188 3 1
98673 0 188 3 1
169712 0 188 3 3
500524 0 188 3 1
500523 0 188 3 3
514154 0 188 3 3
100597 0 189 3 3
154013 0 189 3 1
154015 0 189 3 1
154016 0 189 3 1
336798 1 189 3 1
336802 1 189 3 1
499492 1 189 3 1
499495 1 189 3 1
514562 0 189 3 3
514563 0 189 3 3
98205 1 190 3 1
169044 0 190 3 1
169046 0 190 3 1
169047 0 190 3 1
499576 0 190 3 3
515228 0 190 3 1
96654 1 191 3 3
98939 0 191 3 1
98941 0 191 3 1
99274 0 191 3 2
499194 1 191 3 1
499196 1 191 3 1
500260 0 191 3 3
500261 0 191 3 3
96654 1 192 3 1
96655 1 192 3 1
96656 1 192 3 1
98586 0 192 3 3
98587 0 192 3 3
264493 0 192 3 1
264494 0 192 3 1
264495 0 192 3 1
336800 0 192 3 0
336801 0 192 3 0
336802 0 192 3 0
96781 1 193 3 1
96782 1 193 3 1
98591 1 193 3 1
98592 1 193 3 1
98593 1 193 3 1
98863 0 193 3 1
98867 0 193 3 1
98864 0 193 3 3
98865 0 193 3 3
283841 0 193 3 1
283842 0 193 3 1
499390 0 193 3 1
499394 0 193 3 1
499395 0 193 3 1
499390 0 193 3 3
499392 0 193 3 3
499393 0 193 3 3
499394 0 193 3 3
513794 0 193 3 1
514291 0 193 3 1
514292 0 193 3 1
514293 0 193 3 1
96779 0 194 3 1
96781 0 194 3 1
96782 0 194 3 1
98889 0 194 3 1
98890 0 194 3 1
98891 0 194 3 1
170603 0 194 3 3
445373 0 194 3 2
445374 0 194 3 2
445375 0 194 3 2
445378 0 194 3 2
499804 1 194 3 0
500447 0 194 3 1
500448 0 194 3 1
500480 1 194 3 1
500481 1 194 3 1
500482 1 194 3 1
97550 1 195 3 1
98675 0 195 3 3
98676 0 195 3 3
263404 0 195 3 1
263405 0 195 3 1
263406 0 195 3 1
499256 1 195 3 0
499257 1 195 3 0
499392 0 195 3 3
499395 0 195 3 3
499672 0 195 3 3
499673 0 195 3 3
499802 0 195 3 1
97313 0 196 3 3
168773 0 196 3 3
498940 0 196 3 1
169972 0 197 3 3
169974 0 197 3 3
499841 0 197 3 1
499871 0 197 3 1
98139 0 198 3 1
98142 0 198 3 1
98143 0 198 3 1
99052 0 198 3 3
99165 1 198 3 1
99169 1 198 3 1
499466 1 198 3 1
499790 1 198 3 1
500288 1 198 3 1
97217 0 199 3 1
97218 0 199 3 1
97550 0 199 3 3
97551 0 199 3 3
97552 0 199 3 3
498609 1 199 3 1
498612 1 199 3 1
498777 0 199 3 1
498778 0 199 3 1
498779 0 199 3 1
498781 0 199 3 1
499017 1 199 3 4
26011 0 200 3 4
98895 1 200 3 1
98896 1 200 3 1
99159 0 200 3 1
169816 1 200 3 1
169819 1 200 3 1
498893 1 200 3 1
498894 1 200 3 1
513374 0 200 3 1
513376 0 200 3 1
513398 0 200 3 0
513400 0 200 3 0
513959 0 200 3 3
513960 0 200 3 3
96576 1 201 3 3
96577 1 201 3 3
97560 0 201 3 1
98590 0 201 3 3
98591 0 201 3 3
98593 0 201 3 3
24810 0 202 3 4
499232 0 202 3 4
500611 0 202 3 4
26010 0 203 3 4
97557 0 203 3 3
97558 0 203 3 3
163622 0 203 3 3
163624 0 203 3 3
169818 0 203 3 0
170018 0 203 3 2
170021 0 203 3 2
499055 0 203 3 1
499057 0 203 3 1
499058 0 203 3 1
499188 0 203 3 1
499189 0 203 3 1
499192 0 203 3 1
499202 0 204 3 3
499203 0 204 3 3
168763 0 206 3 1
514527 0 207 3 1
514528 0 207 3 1
514530 0 207 3 1
514531 0 207 3 1
496399 0 208 3 2
496404 0 208 3 2
514821 0 208 3 1
514822 0 208 3 1
514823 0 208 3 1
514824 0 208 3 1
514826 0 208 3 1
515024 0 208 3 1
515025 0 208 3 1
515026 0 208 3 1
97867 0 209 3 3
98142 1 209 3 3
514371 0 209 3 1
514373 0 209 3 1
514374 0 209 3 1
499188 1 210 3 3
499189 1 210 3 3
499190 1 210 3 3
96728 0 211 3 3
514303 0 211 3 1
514304 0 211 3 1
514305 0 211 3 1
97657 0 212 3 1
97662 0 212 3 1
174781 1 212 3 3
514274 0 212 3 1
514275 0 212 3 1
168436 0 214 3 3
404876 0 214 3 3
404877 0 214 3 3
404878 0 214 3 3
96588 0 215 3 1
96589 0 215 3 1
96738 0 215 3 3
98496 0 215 3 1
98497 0 215 3 1
103747 0 215 3 3
103749 0 215 3 3
169802 0 215 3 3
169803 0 215 3 3
513942 0 215 3 1
513944 0 215 3 1
514284 0 215 3 1
514286 0 215 3 1
514287 0 215 3 1
514288 0 215 3 1
514486 1 215 3 0
514484 0 215 3 1
514485 0 215 3 1
514487 0 215 3 1
514488 0 215 3 1
515199 1 215 3 0
97657 0 216 3 1
97658 0 216 3 1
97659 0 216 3 1
514298 1 216 3 4
98663 0 217 3 1
98664 0 217 3 1
98665 0 217 3 1
513630 0 217 3 1
513631 0 217 3 1
515151 0 217 3 1
515153 0 217 3 1
515170 0 217 3 3
515171 0 217 3 3
89988 0 218 3 1
89990 0 218 3 1
98168 0 218 3 1
514278 0 218 3 1
514279 0 218 3 1
514281 0 218 3 1
514283 0 218 3 1
514287 0 218 3 1
514302 0 218 3 1
514304 0 218 3 1
97206 0 219 3 1
97209 0 219 3 1
306812 0 219 3 3
513744 0 219 3 1
513745 0 219 3 1
513747 0 219 3 1
513748 0 219 3 1
514285 0 219 3 1
514286 0 219 3 1
514287 0 219 3 1
514288 0 219 3 1
515172 0 219 3 0
515173 0 219 3 0
513620 0 220 3 1
513622 0 220 3 1
513623 0 220 3 1
97704 0 221 3 1
97706 0 221 3 1
97707 0 221 3 1
98170 0 221 3 1
98171 0 221 3 1
98662 0 221 3 3
98663 0 221 3 3
513472 1 221 3 1
514726 0 221 3 3
514727 0 221 3 3
515106 0 221 3 0
97123 1 222 3 1
97126 1 222 3 1
97127 1 222 3 1
97128 1 222 3 1
97330 1 222 3 1
97331 1 222 3 1
97555 0 222 3 1
97559 0 222 3 1
98169 0 222 3 1
98172 0 222 3 1
98173 0 222 3 1
98175 0 222 3 1
98176 0 222 3 1
98177 0 222 3 1
515090 0 222 3 1
515091 0 222 3 1
515092 0 222 3 1
90473 0 223 3 1
514280 1 223 3 1
514282 1 223 3 1
514799 0 223 3 1
90407 0 224 3 1
99296 0 224 3 1
99297 0 224 3 1
99298 0 224 3 1
99300 0 224 3 1
306811 1 224 3 3
514276 1 224 3 3
514277 1 224 3 3
514280 1 224 3 3
514281 1 224 3 3
97027 0 225 3 1
97030 0 225 3 1
97910 0 225 3 1
97142 0 226 3 1
98869 0 226 3 1
99014 0 226 3 4
514277 0 226 3 3
514279 0 226 3 3
90464 0 227 3 3
98841 0 227 3 1
98844 0 227 3 1
514006 1 227 3 2
96992 0 228 3 1
97115 0 228 3 1
97116 0 228 3 1
97117 0 228 3 1
97491 0 228 3 1
97493 0 228 3 1
97494 0 228 3 1
97705 0 228 3 2
97706 0 228 3 2
99324 0 228 3 1
514237 0 228 3 1
514241 0 228 3 1
97056 0 229 3 3
97947 1 229 3 1
97970 0 229 3 3
97974 0 229 3 3
98840 0 229 3 1
98843 0 229 3 1
98844 0 229 3 1
98845 0 229 3 1
99299 0 229 3 3
99300 0 229 3 3
97949 1 230 3 0
97951 1 230 3 0
517386 0 230 3 3
517388 0 230 3 3
20818 0 231 3 3
20822 0 231 3 3
89563 1 231 3 1
97141 0 231 3 3
98773 0 231 3 1
446433 0 231 3 3
446436 0 231 3 3
498028 0 231 3 3
498029 0 231 3 3
498030 0 231 3 3
498032 0 231 3 3
90405 0 232 3 3
90462 0 232 3 1
207868 0 232 3 2
207869 0 232 3 2
336251 0 232 3 2
97536 0 233 3 1
98771 0 233 3 0
98772 0 233 3 0
98773 0 233 3 0
98965 0 233 3 1
98967 0 233 3 1
99306 0 233 3 3
99307 0 233 3 3
224628 1 233 3 3
224629 1 233 3 3
230171 0 233 3 3
98638 0 234 3 1
98641 0 234 3 1
98644 0 234 3 1
98654 1 234 3 1
98655 1 234 3 1
447392 0 234 3 2
90922 0 235 3 1
90927 0 235 3 1
90928 0 235 3 1
96800 0 235 3 1
96802 0 235 3 1
98771 1 235 3 3
517386 0 235 3 3
517387 0 235 3 3
552925 0 235 3 3
552927 0 235 3 3
552928 0 235 3 3
90923 1 236 3 1
90924 1 236 3 1
90926 1 236 3 1
90927 1 236 3 1
90928 1 236 3 1
97232 0 236 3 1
97282 0 236 3 3
98652 0 236 3 1
98654 0 236 3 1
89416 0 237 3 2
89417 0 237 3 2
89419 0 237 3 2
90580 0 237 3 3
90582 0 237 3 3
90584 0 237 3 3
99329 0 237 3 1
99331 0 237 3 1
99332 0 237 3 1
498289 1 237 3 2
89394 1 238 3 1
89396 1 238 3 1
89397 1 238 3 1
98366 0 238 3 1
98367 0 238 3 1
98369 0 238 3 1
98370 0 238 3 1
99147 1 238 3 3
224290 0 238 3 1
224291 0 238 3 1
224292 0 238 3 1
36465 1 239 3 3
89736 0 239 3 3
89737 0 239 3 3
90026 0 239 3 1
90028 0 239 3 1
90029 0 239 3 1
90030 0 239 3 1
96613 1 239 3 1
96616 1 239 3 1
98109 0 239 3 3
98110 0 239 3 3
98111 0 239 3 3
518118 0 239 3 3
518119 0 239 3 3
518120 0 239 3 3
552925 0 239 3 3
552926 0 239 3 3
552927 0 239 3 3
552928 0 239 3 3
552929 0 239 3 3
89795 0 240 3 1
90580 0 240 3 1
90583 0 240 3 1
225551 0 240 3 2
89419 0 241 3 1
90167 1 241 3 1
90169 1 241 3 1
90938 0 241 3 1
90939 0 241 3 1
96615 0 241 3 1
96616 0 241 3 1
96615 0 241 3 2
98977 0 241 3 1
98979 0 241 3 1
98981 0 241 3 1
244576 0 241 3 3
244577 0 241 3 3
244580 0 241 3 3
90958 0 242 3 1
96847 0 242 3 1
96848 0 242 3 1
96849 0 242 3 1
97496 1 242 3 1
97497 1 242 3 1
97984 0 242 3 1
97985 0 242 3 1
98303 0 242 3 1
98305 0 242 3 1
223715 0 242 3 1
223716 0 242 3 1
382121 0 242 3 2
518119 0 242 3 2
90610 0 243 3 1
90922 0 243 3 3
90924 0 243 3 3
175214 0 243 3 3
225705 0 243 3 1
225709 0 243 3 1
89940 0 244 3 3
90580 0 244 3 1
90581 0 244 3 1
96974 0 244 3 1
97068 0 244 3 1
97071 0 244 3 1
97645 0 244 3 3
98118 0 244 3 2
98261 0 244 3 3
98262 0 244 3 3
98263 0 244 3 3
98264 0 244 3 3
98319 1 244 3 1
98322 1 244 3 1
98323 1 244 3 1
224695 1 244 3 1
224698 1 244 3 1
225313 1 244 3 3
225551 0 244 3 3
225612 0 244 3 1
225614 0 244 3 1
61168 0 245 3 3
90166 0 245 3 3
90168 0 245 3 3
96788 0 245 3 3
224597 0 245 3 1
224599 0 245 3 1
224601 0 245 3 1
97920 0 246 3 4
98327 0 246 3 1
223954 0 246 3 3
552925 0 246 3 1
552928 0 246 3 1
552929 0 246 3 1
90585 1 247 3 1
90587 1 247 3 1
98625 0 247 3 3
99149 0 247 3 1
224702 0 247 3 1
224703 0 247 3 1
225709 0 247 3 1
559397 0 247 3 3
10564 0 248 3 3
10567 0 248 3 3
85018 0 248 3 3
90353 0 248 3 1
181125 0 248 3 3
181128 0 248 3 3
224314 0 248 3 3
224316 0 248 3 3
225230 0 248 3 4
225580 0 248 3 3
225581 0 248 3 3
321729 0 248 3 3
89737 0 249 3 1
90040 1 249 3 1
90598 0 249 3 1
223952 0 249 3 1
224780 0 249 3 4
225315 0 249 3 1
89762 0 250 3 1
89764 0 250 3 1
89765 0 250 3 1
89767 0 250 3 1
91114 0 250 3 1
91116 0 250 3 1
97619 0 250 3 1
98207 0 250 3 2
98210 0 250 3 2
225450 0 250 3 2
249699 0 250 3 3
323052 0 250 3 2
323055 0 250 3 2
323053 0 250 3 3
90151 0 251 3 1
90152 0 251 3 1
180462 0 251 3 1
180463 0 251 3 1
323020 0 251 3 3
399298 1 251 3 3
89785 0 252 3 1
90575 1 252 3 1
224610 0 252 3 1
224959 0 252 3 4
225581 0 252 3 1
225582 0 252 3 1
249700 0 252 3 3
249702 0 252 3 3
98229 0 253 3 1
98230 0 253 3 1
98231 0 253 3 1
223732 0 253 3 1
277481 0 253 3 3
277482 0 253 3 3
277483 0 253 3 3
323053 0 253 3 1
90106 0 254 3 1
90174 0 254 3 1
90176 0 254 3 1
181003 0 254 3 2
181004 0 254 3 2
181005 0 254 3 2
193126 0 254 3 3
193127 0 254 3 3
193128 0 254 3 3
225306 0 254 3 1
225307 0 254 3 1
225308 0 254 3 1
225309 0 254 3 1
225310 0 254 3 1
225712 0 254 3 1
225713 0 254 3 1
225714 0 254 3 1
264194 0 254 3 2
264197 0 254 3 2
264198 0 254 3 2
477446 0 254 3 3
90067 0 255 3 3
90668 0 255 3 0
90669 0 255 3 0
90864 1 255 3 1
97616 1 255 3 1
160007 0 255 3 3
160008 0 255 3 3
263047 0 255 3 3
431161 1 255 3 3
431162 1 255 3 3
460862 0 255 3 3
89360 1 256 3 1
89543 0 256 3 1
89787 0 256 3 1
97081 0 256 3 1
97083 0 256 3 1
98287 0 256 3 3
224609 0 256 3 1
225525 0 256 3 0
225528 0 256 3 0
225529 0 256 3 1
277486 0 256 3 4
89347 0 257 3 4
89741 0 257 3 1
89786 1 257 3 1
89788 1 257 3 1
181006 0 257 3 3
181007 0 257 3 3
225318 0 257 3 1
225319 0 257 3 1
225321 0 257 3 1
225323 0 257 3 1
225531 0 257 3 3
225562 0 257 3 3
493568 0 257 3 3
118332 0 258 3 3
118334 0 258 3 3
118335 0 258 3 3
224023 0 258 3 1
224026 0 258 3 1
224028 0 258 3 1
225305 1 258 3 1
225307 1 258 3 1
225309 1 258 3 1
225310 1 258 3 1
225320 0 258 3 0
225321 0 258 3 0
89786 0 259 3 3
90117 0 259 3 1
90119 0 259 3 1
90120 0 259 3 1
90876 0 259 3 3
90878 0 259 3 3
98287 0 259 3 1
224375 0 259 3 3
90501 1 260 3 3
90502 1 260 3 3
90503 1 260 3 3
99036 0 260 3 2
99038 0 260 3 2
99039 0 260 3 2
224531 0 260 3 1
224534 0 260 3 1
224560 0 260 3 1
224561 0 260 3 1
224562 0 260 3 1
224563 0 260 3 1
225298 0 260 3 1
225300 0 260 3 1
225301 0 260 3 1
225302 0 260 3 1
225305 1 260 3 2
225307 1 260 3 2
225309 1 260 3 2
321929 0 260 3 3
321930 0 260 3 3
328526 0 260 3 1
118333 0 261 3 0
118337 0 261 3 0
181211 0 261 3 3
224757 0 261 3 1
224758 0 261 3 1
317416 0 261 3 2
89544 1 262 3 0
89924 0 262 3 3
89926 0 262 3 3
225232 0 262 3 1
225235 0 262 3 1
225236 0 262 3 1
225237 0 262 3 1
321943 0 262 3 3
58446 1 263 3 2
90832 0 263 3 1
90933 0 263 3 1
90935 0 263 3 1
90937 0 263 3 1
224339 0 263 3 3
224532 1 263 3 1
224533 1 263 3 1
225622 0 263 3 1
225624 0 263 3 1
225625 0 263 3 1
225626 0 263 3 1
341161 0 263 3 3
341163 0 263 3 3
89862 0 264 3 1
89865 0 264 3 1
91016 0 264 3 1
420582 0 264 3 3
420583 0 264 3 3
90347 0 265 3 4
90348 0 265 3 4
90665 0 265 3 1
90666 0 265 3 1
60695 1 266 3 4
89355 0 266 3 1
90381 0 266 3 1
90382 0 266 3 1
224157 1 266 3 0
224661 1 266 3 1
224663 1 266 3 1
224664 1 266 3 1
90589 0 267 3 2
90591 0 267 3 2
90934 0 267 3 3
90935 0 267 3 3
90936 0 267 3 3
90939 0 267 3 3
224559 0 267 3 1
224561 0 267 3 1
224563 0 267 3 1
224659 1 267 3 3
224662 1 267 3 3
480021 0 267 3 2
480024 0 267 3 2
480025 0 267 3 2
97348 0 268 3 3
97349 0 268 3 3
224162 0 268 3 1
224163 0 268 3 1
224165 0 268 3 1
224685 1 268 3 2
224687 1 268 3 2
224689 1 268 3 2
224650 1 269 3 3
224653 1 269 3 3
480020 0 269 3 3
480022 0 269 3 3
480023 0 269 3 3
480025 0 269 3 3
1590 0 270 3 3
90380 0 271 3 2
90381 0 271 3 2
90756 0 271 3 3
90757 0 271 3 3
118332 0 271 3 0
118337 0 271 3 0
224560 0 271 3 3
97713 1 272 3 0
97715 1 272 3 0
97711 0 272 3 1
97714 0 272 3 1
97715 0 272 3 1
101070 0 272 3 2
101072 0 272 3 2
101074 0 272 3 3
101075 0 272 3 3
97718 0 273 3 3
118332 0 273 3 1
118333 0 273 3 1
118336 0 273 3 1
118337 0 273 3 1
289786 0 273 3 3
289787 0 273 3 3
81208 0 274 3 3
90380 0 274 3 3
1589 0 275 3 3
90756 1 275 3 2
97710 0 275 3 1
97711 0 275 3 1
97712 0 275 3 1
272127 0 276 3 1
272128 0 276 3 1
272131 0 276 3 1
118337 0 277 3 1
259294 0 277 3 2
289786 0 277 3 0
1483 0 279 3 2
119383 0 279 3 1
473636 0 279 3 2
97710 0 280 3 3
97711 0 280 3 3
97712 0 280 3 3
97713 0 280 3 3
97715 0 280 3 3
98847 0 280 3 1
117600 0 280 3 1
117603 0 280 3 1
119381 0 280 3 3
119383 0 280 3 3
119295 0 281 3 1
119297 0 281 3 1
119298 0 281 3 1
225530 0 281 3 1
225532 0 281 3 1
118367 0 282 3 1
118368 0 282 3 1
118501 0 282 3 2
118504 0 282 3 2
119061 0 282 3 1
119063 0 282 3 1
119064 0 282 3 1
146408 0 282 3 2
146409 0 282 3 2
98794 1 283 3 1
98795 1 283 3 1
98796 1 283 3 1
118497 0 283 3 4
119088 0 283 3 1
119091 0 283 3 1
119092 0 283 3 1
117599 0 284 3 1
118174 0 285 3 3
118322 0 285 3 3
118323 0 285 3 3
119266 0 285 3 1
423195 1 285 3 3
423196 1 285 3 3
423197 1 285 3 3
118039 0 286 3 1
118327 1 286 3 1
119087 0 286 3 1
119089 0 286 3 1
119493 0 286 3 4
119088 1 287 3 0
119090 1 287 3 0
119092 1 287 3 0
117599 1 288 3 1
117602 1 288 3 1
117603 1 288 3 1
117883 1 288 3 1
117884 1 288 3 1
118042 0 288 3 1
118078 0 288 3 1
118323 0 289 3 0
118533 0 289 3 1
118537 0 289 3 1
118538 0 289 3 1
119300 1 289 3 1
117718 0 290 3 3
117720 0 290 3 3
117795 1 290 3 1
117796 1 290 3 1
117828 1 290 3 1
118122 0 290 3 1
118123 0 290 3 1
119471 0 290 3 1
119488 0 290 3 1
119490 0 290 3 1
119492 0 290 3 1
68872 0 291 3 1
68875 0 291 3 1
118145 0 291 3 1
118146 0 291 3 1
119186 0 291 3 1
119188 0 291 3 1
119300 0 291 3 1
119484 0 291 3 1
119486 0 291 3 1
119487 0 291 3 1
119527 1 291 3 1
117861 1 292 3 1
117862 1 292 3 1
118166 0 292 3 1
118287 1 292 3 3
118288 1 292 3 3
118291 1 292 3 3
379416 0 292 3 3
379417 0 292 3 3
117906 1 293 3 1
117908 1 293 3 1
118123 0 293 3 1
118232 0 293 3 1
118233 0 293 3 1
118234 0 293 3 1
118433 1 293 3 1
118434 1 293 3 1
118860 1 293 3 3
119436 0 293 3 1
119437 0 293 3 1
119438 0 293 3 1
119442 1 293 3 4
190489 1 293 3 3
190493 1 293 3 3
119160 1 294 3 1
119162 1 294 3 1
190489 1 294 3 3
190490 1 294 3 3
190491 1 294 3 3
190492 1 294 3 3
379416 0 294 3 3
379418 0 294 3 3
20399 0 295 3 3
68872 0 295 3 1
68873 0 295 3 1
117249 0 295 3 3
117615 0 295 3 1
117617 0 295 3 1
117637 0 295 3 4
118144 1 295 3 3
118169 1 295 3 1
119299 0 295 3 1
119357 0 295 3 1
119359 0 295 3 1
119474 0 295 3 0
45475 0 296 3 3
68873 0 296 3 1
80908 0 296 3 3
117662 0 296 3 1
117663 0 296 3 1
117665 0 296 3 1
118231 0 296 3 1
118233 0 296 3 1
118235 0 296 3 1
119486 0 296 3 2
195289 0 296 3 3
195290 0 296 3 3
117659 0 297 3 1
117660 0 297 3 1
117664 0 297 3 1
118083 0 297 3 3
118085 0 297 3 3
118087 0 297 3 3
118299 0 297 3 2
119044 0 297 3 3
528925 0 297 3 2
69017 0 298 3 1
69018 0 298 3 1
69236 0 298 3 1
69237 0 298 3 1
69239 0 298 3 1
118989 0 298 3 3
118990 0 298 3 3
119494 0 298 3 4
117671 0 299 3 1
117674 0 299 3 1
117675 0 299 3 1
118144 0 299 3 3
117659 1 300 3 1
117664 1 300 3 1
118767 0 300 3 3
119394 0 300 3 3
118093 0 301 3 1
118094 0 301 3 1
60034 0 302 3 3
117873 1 302 3 1
117874 1 302 3 1
191249 0 302 3 1
191251 0 302 3 1
296563 0 302 3 3
69017 1 303 3 3
69018 1 303 3 3
69019 1 303 3 3
117711 0 303 3 1
117715 0 303 3 1
117716 0 303 3 1
117717 0 303 3 1
117786 1 303 3 1
117788 1 303 3 1
119439 0 303 3 4
119504 1 304 3 0
301355 1 305 3 3
9551 0 306 3 0
118347 0 306 3 1
118349 0 306 3 1
118350 0 306 3 1
118351 0 306 3 1
9548 0 307 3 3
9549 0 307 3 3
9551 0 307 3 3
48548 0 312 3 4
10751 0 313 3 1
10752 0 313 3 1
10207 0 314 3 1
10208 0 314 3 1
10209 0 314 3 1
10210 0 314 3 1
9424 0 315 3 1
9425 0 315 3 1
9426 0 315 3 1
22701 0 315 3 3
296225 0 318 3 1
296226 0 318 3 1
296414 1 321 3 1
295771 0 323 3 1
295773 0 323 3 1
295774 0 323 3 1
296543 1 324 3 1
296544 1 324 3 1
296660 0 324 3 1
296662 0 324 3 1
296663 0 324 3 1
133484 0 325 3 3
133485 0 325 3 3
133486 0 325 3 3
296040 1 325 3 1
295773 0 326 3 1
295774 0 326 3 1
538749 1 327 3 4
295946 0 328 3 1
296216 0 329 3 4
296541 0 329 3 1
296542 0 329 3 1
296544 0 329 3 1
296545 0 329 3 1
296546 0 329 3 1
65090 0 330 3 3
65091 0 330 3 3
295414 1 330 3 1
295416 1 330 3 1
296244 0 330 3 4
210812 0 331 3 3
296542 1 331 3 1
296543 1 331 3 1
296544 1 331 3 1
296546 1 331 3 1
296337 0 332 3 4
295256 0 334 3 1
295257 0 334 3 1
296814 0 334 3 2
296816 0 334 3 2
295730 0 335 3 1
296367 0 335 3 1
294264 0 336 3 3
295168 1 336 3 1
295170 1 336 3 1
295171 1 336 3 1
296034 0 337 3 0
296543 0 337 3 3
296544 0 337 3 3
296545 0 337 3 3
295921 0 338 3 1
296365 0 338 3 2
296368 0 338 3 2
296604 0 338 3 3
296605 0 338 3 3
295152 0 339 3 1
295579 0 339 3 1
295582 0 339 3 1
295583 0 339 3 1
295929 1 339 3 1
214116 0 340 3 3
293601 1 340 3 2
293605 1 340 3 2
296058 0 340 3 1
296059 0 340 3 1
293605 0 341 3 1
295078 0 341 3 1
295079 0 341 3 1
295162 0 341 3 1
295163 0 341 3 1
295165 0 341 3 1
296280 0 341 3 3
114019 0 342 3 2
293600 0 343 3 1
293602 0 343 3 1
295150 0 343 3 3
295159 0 343 3 2
295161 0 343 3 2
296129 0 343 3 3
296130 0 343 3 3
296131 0 343 3 3
296057 1 344 3 1
296059 1 344 3 1
296060 1 344 3 1
296057 0 344 3 1
296059 0 344 3 1
296060 0 344 3 1
293479 0 345 3 1
293481 0 345 3 1
115036 0 346 3 3
294457 0 347 3 1
294458 0 347 3 1
295078 0 347 3 1
272238 0 348 3 3
272240 0 348 3 3
272242 0 348 3 3
293600 0 348 3 3
293602 0 348 3 3
293603 0 348 3 3
295350 0 348 3 1
295351 0 348 3 1
295352 0 348 3 1
296025 0 348 3 2
296027 0 348 3 2
296485 1 348 3 0
296486 1 348 3 0
296487 1 348 3 0
296549 1 348 3 1
294846 0 351 3 1
294847 0 351 3 1
294849 0 351 3 1
294850 0 351 3 1
295616 0 351 3 1
295620 0 351 3 1
295621 0 351 3 1
294049 1 352 3 1
294053 1 352 3 1
294615 1 352 3 2
294616 1 352 3 2
294617 1 352 3 2
294618 1 352 3 2
296512 0 352 3 1
296513 0 352 3 1
296515 0 352 3 1
296516 0 352 3 1
295050 0 353 3 1
296482 0 353 3 1
296483 0 353 3 1
296487 0 353 3 1
294049 0 354 3 3
294052 0 354 3 3
294194 0 354 3 1
294197 0 354 3 1
294785 0 354 3 1
294786 0 354 3 1
294787 0 354 3 1
294790 0 354 3 1
296482 0 354 3 3
296484 0 354 3 3
296485 0 354 3 3
296487 0 354 3 3
295555 0 355 3 1
142249 0 356 3 1
293815 1 357 3 1
293816 1 357 3 1
293918 0 358 3 1
293919 0 358 3 1
293923 0 358 3 1
294764 0 358 3 3
294802 0 358 3 3
295616 0 358 3 1
295620 0 358 3 1
295622 0 358 3 1
295968 0 358 3 1
295969 0 358 3 1
296053 1 358 3 1
142796 0 359 3 1
143923 0 359 3 1
294193 0 359 3 1
294194 0 359 3 1
294197 0 359 3 1
294198 0 359 3 1
296513 0 359 3 0
296514 0 359 3 0
296516 0 359 3 0
296041 0 360 3 3
296043 0 360 3 3
142889 0 361 3 1
143762 0 361 3 1
143763 0 361 3 1
143764 0 361 3 1
294804 0 361 3 2
294806 0 361 3 2
295515 0 362 3 1
295516 0 362 3 1
295518 0 362 3 1
295519 0 362 3 1
296769 0 362 3 1
296770 0 362 3 1
296772 0 362 3 1
294193 0 363 3 0
294195 0 363 3 0
294196 0 363 3 0
294197 0 363 3 0
294615 0 363 3 1
294617 0 363 3 1
294618 0 363 3 1
294619 0 363 3 1
294620 0 363 3 1
294621 0 363 3 1
142334 0 364 3 1
142336 0 364 3 1
143764 1 364 3 1
295705 0 364 3 1
295706 0 364 3 1
