147625 3 2 3 0
478644 3 2 1 0
229070 4 3 3 0
277067 4 3 4 1
317846 4 3 4 0
457051 4 3 3 0
34698 5 1 1 0
478643 5 1 1 0
333111 6 3 1 0
477442 6 1 1 0
478738 6 2 1 0
229067 7 3 2 0
33516 8 3 1 0
179242 8 4 2 0
477537 8 4 1 0
537636 8 3 1 0
199976 9 3 3 0
333115 9 2 3 0
1728 10 4 2 0
33518 10 1 3 1
35280 10 2 1 0
199858 10 2 3 0
333113 10 3 3 0
459693 10 2 3 0
478115 10 3 1 0
477843 11 4 1 1
478973 11 4 1 0
178717 12 3 1 0
199971 12 4 2 0
333114 12 4 3 0
478111 12 2 3 0
478968 12 2 1 0
459692 13 3 3 0
477842 13 3 1 0
538233 13 2 1 0
538908 13 3 1 0
34596 14 1 1 0
37665 14 3 4 1
257278 14 3 3 0
154631 15 4 3 0
458299 15 2 1 0
478163 15 4 4 1
479609 15 2 3 1
34886 16 4 3 0
458858 16 4 1 0
538253 16 3 0 0
538582 16 1 1 1
333011 17 2 1 0
360519 17 3 2 1
537493 17 2 1 0
37667 18 3 4 0
179392 18 3 1 1
332515 18 3 1 0
333212 18 2 1 0
477591 18 4 1 0
479600 18 1 1 0
538122 18 4 1 0
538235 18 2 3 0
538840 18 2 1 0
177825 19 3 1 0
457242 19 3 1 0
458862 19 4 2 0
538197 19 2 1 0
538254 19 4 1 0
537491 20 2 1 0
537748 20 3 1 0
538007 20 3 1 0
538246 20 3 4 1
538542 20 3 0 0
538546 20 3 3 0
38512 21 3 4 0
177609 21 1 1 0
457171 21 4 1 0
458652 21 1 1 0
479594 21 2 1 0
480172 21 4 3 1
177763 22 4 1 0
177768 22 2 0 0
179246 22 4 3 0
179393 22 2 1 0
332786 22 2 1 0
333098 22 3 1 0
457398 22 3 1 0
457728 22 3 1 0
537992 22 3 1 0
96694 23 2 3 0
179247 23 3 3 1
179422 23 3 1 0
332882 23 2 3 0
333496 23 2 1 0
414614 23 3 3 0
454632 23 2 3 0
457891 23 2 3 0
479751 23 2 1 0
537898 23 2 1 0
538006 23 3 4 1
538581 23 3 1 0
539056 23 3 1 0
178385 24 3 1 0
178996 24 2 1 0
332421 24 2 1 0
457546 24 3 1 0
539156 24 2 1 0
177650 25 4 3 0
178730 25 3 0 0
179208 25 4 1 1
179261 25 2 1 0
457248 25 2 3 0
457320 25 4 1 0
457603 25 4 2 0
458861 25 3 1 0
479597 25 2 3 0
177611 26 3 3 0
179100 26 2 1 0
179210 26 4 1 0
179265 26 3 1 0
451795 26 3 3 0
459115 26 3 1 0
480897 26 2 3 1
538165 26 3 3 1
179211 27 4 1 0
331699 27 4 3 1
457323 27 4 3 0
458904 27 4 1 0
459109 27 3 1 0
1205 28 1 2 0
96691 28 2 4 1
178518 28 3 3 0
179093 28 3 3 0
221996 28 4 3 0
330710 28 4 2 0
332479 28 4 3 0
332633 28 4 3 0
458126 28 3 1 0
458331 28 3 1 0
537519 28 4 1 0
96693 29 4 1 0
97766 29 1 1 0
177651 29 2 4 0
178381 29 2 1 0
179212 29 2 3 0
179227 29 3 1 0
179273 29 1 1 0
332756 29 4 1 0
333342 29 3 1 0
333500 29 2 3 0
457316 29 3 3 0
457827 29 2 3 0
98766 30 1 1 0
177468 30 3 1 0
178520 30 2 2 0
178699 30 3 1 1
179042 30 3 3 0
458814 30 2 1 0
458908 30 3 3 0
480896 30 3 2 0
10398 31 2 3 0
97765 31 2 1 0
99282 31 2 3 1
178927 31 2 1 0
332032 31 2 1 0
333470 31 3 3 1
457922 31 3 1 0
178513 32 4 1 1
178514 32 2 1 0
178516 32 3 1 0
179226 32 2 1 1
278718 32 3 2 0
332443 32 4 1 0
333126 32 3 3 0
457790 32 4 1 0
457791 32 3 3 0
457945 32 2 3 0
458618 32 4 1 0
553261 32 3 0 0
10397 33 2 1 0
96614 33 3 1 1
96772 33 3 1 0
102939 33 2 3 0
179275 33 2 3 0
332289 33 3 1 0
391870 33 2 3 0
457367 33 2 1 0
457614 33 3 1 0
458812 33 3 0 0
553263 33 3 1 0
41888 34 4 2 0
98417 34 3 1 0
177566 34 3 1 0
178116 34 2 1 0
178394 34 2 1 0
331870 34 3 1 0
333382 34 2 1 0
401857 34 3 3 0
457847 34 4 3 0
538255 34 3 1 0
10395 35 3 1 0
17888 35 3 3 0
177976 35 3 1 0
332821 35 3 3 0
333204 35 3 1 0
457034 35 4 3 0
458408 35 2 0 0
458987 35 4 1 1
9383 36 2 1 0
19357 36 3 4 0
177975 36 2 0 0
180976 36 2 2 0
206442 36 3 3 0
329206 36 3 3 0
331879 36 2 1 0
331902 36 4 2 0
333171 36 3 1 0
457143 36 2 2 0
458880 36 2 1 0
537616 36 3 1 0
537832 36 4 1 0
553262 36 2 1 0
9865 37 3 1 0
166102 37 2 3 0
177497 37 4 1 0
177883 37 3 1 0
177896 37 4 1 0
178119 37 3 3 0
178696 37 2 3 1
180979 37 2 3 0
222319 37 2 2 0
332677 37 3 1 0
333169 37 4 1 0
333381 37 2 0 0
457443 37 3 3 0
458989 37 4 3 0
538256 37 2 2 0
538468 37 3 1 0
539052 37 3 1 0
256 38 4 3 0
10399 38 4 3 1
42081 38 3 2 0
49627 38 4 3 0
177567 38 3 3 0
177864 38 3 1 1
178185 38 1 3 0
178212 38 2 1 0
178395 38 2 3 0
310320 38 2 3 1
331811 38 2 1 0
332373 38 2 3 1
333032 38 2 1 0
333179 38 3 3 0
333383 38 2 1 0
401860 38 3 1 0
457749 38 3 4 1
458108 38 3 3 1
10666 39 3 1 0
177504 39 3 3 0
178697 39 1 3 0
329199 39 2 1 1
331894 39 4 3 0
457063 39 3 1 0
457112 39 3 3 0
457202 39 2 4 1
457848 39 4 3 0
458105 39 3 1 0
458882 39 2 3 1
253 40 2 1 0
10396 40 4 1 0
142882 40 4 3 0
177691 40 2 1 0
179067 40 3 1 0
331866 40 3 1 0
333168 40 2 4 1
333277 40 3 1 0
333420 40 3 1 0
333438 40 2 3 0
391995 40 3 3 0
401864 40 3 3 0
458109 40 3 3 0
458871 40 3 4 0
537614 40 2 3 0
539132 40 3 3 0
547874 40 1 2 0
252 41 2 1 0
96973 41 3 3 0
98745 41 2 1 0
177860 41 2 1 0
178808 41 2 1 0
332540 41 3 3 0
332922 41 3 1 0
401856 41 1 4 1
457870 41 3 3 0
457907 41 4 3 0
1431 42 3 1 0
9425 42 3 1 0
54819 42 3 2 0
97917 42 3 3 0
99042 42 2 3 0
99187 42 3 1 0
177452 42 4 1 0
177496 42 4 1 0
198364 42 1 3 0
231808 42 2 3 0
332923 42 2 3 0
333393 42 3 3 0
333432 42 3 3 0
429483 42 2 3 0
457333 42 2 1 0
458238 42 1 1 0
538467 42 2 1 0
539055 42 2 3 0
255 43 2 3 0
177499 43 3 3 0
178894 43 2 1 0
329201 43 3 2 0
331895 43 3 3 0
332264 43 2 1 0
332569 43 3 3 0
457308 43 3 1 0
1430 44 1 0 0
68068 44 3 1 0
145735 44 2 2 0
177488 44 3 1 0
177802 44 3 1 0
178330 44 2 3 0
232429 44 3 4 0
407659 44 1 2 0
1432 45 3 3 0
97386 45 3 1 0
99275 45 3 4 0
177489 45 3 1 0
179172 45 4 4 0
331812 45 3 3 0
10379 46 3 4 1
54829 46 3 0 0
130230 46 2 3 0
145729 46 3 1 0
178693 46 4 3 0
179124 46 3 4 1
222810 46 3 3 0
429481 46 3 1 0
457505 46 3 1 0
67815 47 2 1 0
177485 47 2 1 0
178550 47 2 1 0
178781 47 3 4 0
331807 47 3 3 0
332924 47 3 3 1
333431 47 3 1 0
458215 47 2 3 0
458837 47 2 3 0
520141 47 3 3 0
520525 47 2 2 0
537680 47 2 1 1
97960 48 3 3 0
99277 48 3 4 1
177491 48 3 3 0
178327 48 3 3 0
191520 48 2 3 0
429473 48 2 0 1
429482 48 3 1 0
458923 48 2 3 0
10892 49 2 0 0
98581 49 3 1 0
99276 49 2 4 0
174995 49 2 3 1
177532 49 2 1 0
177937 49 3 3 0
328197 49 3 3 0
428219 49 2 1 0
458426 49 3 3 0
458524 49 1 1 0
459075 49 3 1 0
10730 50 3 3 0
97390 50 3 3 0
178162 50 3 3 0
178686 50 3 4 0
179095 50 2 1 0
222809 50 3 3 0
332110 50 1 1 0
333430 50 3 1 0
333533 50 3 1 0
446098 50 2 2 0
457782 50 3 2 0
458212 50 2 1 1
538660 50 3 2 0
97927 51 2 1 0
429041 51 3 1 0
458007 51 2 1 1
458680 51 2 1 0
537520 51 4 1 0
537679 51 3 1 0
10893 52 3 1 0
37440 52 1 3 0
38921 52 2 2 0
67819 52 4 3 0
97387 52 1 2 0
98426 52 4 1 0
145602 52 2 1 0
177936 52 3 1 0
332659 52 3 1 0
459077 52 3 1 0
459093 52 2 1 0
494485 52 3 3 0
538004 52 3 1 0
538568 52 3 1 0
10895 53 2 3 0
21304 53 3 2 1
333538 53 4 3 1
537818 53 3 4 1
24743 54 2 1 1
29884 54 3 4 0
67831 54 4 3 0
69007 54 4 1 0
81024 54 3 3 0
177411 54 3 3 0
331787 54 2 1 0
458450 54 2 1 1
458526 54 4 1 0
538500 54 2 1 0
69295 55 3 2 0
97329 55 3 1 0
97331 55 2 1 0
332356 55 4 1 0
428555 55 3 1 0
429039 55 4 0 0
429040 55 1 0 0
429456 55 3 2 0
429606 55 3 1 0
538569 55 2 1 0
538806 55 3 4 0
9282 56 1 1 0
30880 56 4 2 0
68271 56 4 1 0
97930 56 2 3 0
457951 56 4 1 0
468773 56 3 3 0
494484 56 3 3 0
10877 57 2 1 0
24744 57 2 1 0
177727 57 3 1 0
178815 57 3 4 1
331696 57 2 1 1
331747 57 2 1 0
332879 57 2 1 0
458008 57 2 3 0
9238 58 2 1 0
68193 58 2 1 0
146621 58 2 1 0
178458 58 3 3 0
178628 58 3 1 1
355495 58 3 3 0
428553 58 3 1 0
538212 58 3 3 0
538323 58 3 3 0
9719 59 2 1 0
10967 59 2 1 0
332959 59 4 3 0
429609 59 4 3 0
9799 60 2 1 0
10889 60 3 1 0
38922 60 3 3 0
177704 60 2 1 0
429285 60 4 1 0
429727 60 3 3 1
459000 60 3 1 0
537740 60 1 1 0
9557 61 3 1 0
9582 61 3 1 0
10817 61 3 1 0
10903 61 2 1 0
82263 61 2 2 0
97884 61 2 1 0
98622 61 4 1 1
178813 61 3 3 1
207088 61 2 3 0
538208 61 2 2 0
9615 62 3 1 0
10966 62 2 1 0
97681 62 4 4 0
276253 62 3 2 0
537722 62 3 3 0
537854 62 1 1 0
538279 62 3 1 0
97929 63 2 2 0
178456 63 4 0 0
269414 63 3 2 0
332203 63 4 1 0
428111 63 4 1 1
537766 63 2 1 0
9613 64 3 1 0
9614 64 3 1 0
10456 64 3 3 0
10639 64 2 4 0
10888 64 3 1 0
177705 64 3 3 1
333106 64 2 4 0
333451 64 2 3 0
344708 64 3 3 0
428212 64 2 3 1
428836 64 2 3 0
429515 64 3 1 0
458098 64 4 1 0
537460 64 4 1 0
537523 64 3 1 0
10599 65 2 1 0
97796 65 3 3 0
332189 65 2 0 0
428556 65 3 3 0
457350 65 1 1 1
538520 65 4 4 0
9752 66 3 3 0
38376 66 2 4 0
82264 66 3 3 0
97885 66 3 2 1
97928 66 3 1 0
211800 66 4 3 0
271291 66 3 3 0
344706 66 3 1 0
448705 66 4 3 1
537453 66 3 3 0
537856 66 3 3 0
538171 66 2 1 0
75216 67 3 3 0
356743 67 3 4 1
428213 67 3 3 0
429513 67 3 1 1
458096 67 2 1 0
538488 67 2 0 0
10044 68 3 3 0
10224 68 3 1 0
10785 68 4 3 0
82268 68 3 3 0
333156 68 2 1 0
428564 68 3 3 0
428939 68 2 1 0
457948 68 3 1 0
538953 68 4 1 0
10749 69 3 1 0
332015 69 4 2 0
352180 69 3 4 1
428488 69 4 3 0
10819 70 4 3 0
97383 70 4 1 0
171002 70 3 2 0
428938 70 2 1 0
429516 70 3 3 0
538777 70 3 3 1
9753 71 4 3 0
82271 71 4 3 0
344267 71 2 1 0
429025 71 3 1 0
9312 72 2 1 0
10041 72 2 1 0
10445 72 3 1 0
98231 72 4 1 0
344702 72 3 1 0
396290 72 3 3 0
428277 72 4 1 0
429165 72 2 1 1
459028 72 3 3 0
538477 72 3 4 0
192423 73 3 3 0
459027 73 3 3 0
10447 74 2 3 0
10750 74 3 1 0
82274 74 4 3 0
345138 74 3 1 0
538639 74 2 3 0
10204 75 2 1 0
10331 75 3 1 0
10439 75 2 2 1
10446 75 4 3 0
396289 75 3 1 0
396291 75 1 3 0
428321 75 3 1 0
429703 75 3 1 0
9294 76 3 1 0
9295 76 4 1 0
10063 76 3 1 0
10076 76 2 4 0
10429 76 3 4 0
10748 76 3 1 0
344865 76 4 1 0
428124 76 3 1 0
429201 76 3 3 0
429294 76 3 2 0
9316 77 2 1 0
10332 77 2 1 0
10442 77 3 1 0
10542 77 3 3 0
10997 77 3 1 0
72173 77 3 3 0
257773 77 3 3 0
376719 77 4 3 0
428446 77 3 1 0
429254 77 2 1 0
429566 77 3 1 0
9633 78 3 1 0
10002 78 3 1 0
429634 78 3 1 0
10194 79 3 3 0
10206 79 3 1 0
10604 79 2 3 0
98235 79 3 3 0
98486 79 1 4 1
307696 79 3 3 0
344864 79 3 1 0
427939 79 3 1 0
428448 79 2 1 0
429567 79 3 2 0
429701 79 4 0 0
9717 80 2 3 0
10061 80 2 0 0
307692 80 3 1 0
345053 80 2 3 0
428266 80 3 1 0
428546 80 1 1 0
428809 80 4 1 0
429198 80 4 1 0
344328 81 3 2 0
345002 81 3 1 0
429123 81 2 1 0
9800 82 2 2 0
10195 82 4 3 0
10203 82 3 0 0
429160 82 2 1 0
9759 83 3 0 0
10064 83 3 2 0
62240 83 3 3 0
99067 83 3 3 0
344304 83 4 1 0
345396 83 1 1 0
428469 83 3 1 0
428980 83 4 1 0
429124 83 2 2 0
9912 84 3 1 0
136470 84 2 4 0
345005 84 2 3 0
345036 84 3 3 0
428164 84 2 3 0
428451 84 4 3 0
430182 84 4 3 1
430508 84 3 3 0
9263 85 2 1 0
9558 85 4 2 1
9561 85 4 0 1
9792 85 4 4 0
10907 85 3 3 0
256308 85 4 1 0
344327 85 3 2 1
344591 85 4 1 0
428052 85 2 3 0
428449 85 4 1 0
429579 85 3 1 0
447089 85 2 3 0
514606 85 3 2 0
8209 86 3 3 0
9209 86 3 3 1
9503 86 4 3 0
10062 86 2 1 0
10205 86 3 1 0
10813 86 3 3 0
61187 86 4 4 0
137584 86 3 4 0
268830 86 2 3 0
344801 86 4 3 1
9782 87 2 1 0
133364 87 2 3 0
257771 87 4 1 0
345538 87 3 1 0
427664 87 1 3 0
427920 87 4 2 0
428312 87 3 1 0
428470 87 4 3 0
429376 87 4 1 0
10390 88 3 1 0
75731 88 3 3 1
219869 88 4 2 0
344422 88 4 3 0
344480 88 3 1 0
414767 88 2 3 0
428162 88 2 0 0
429126 88 4 3 0
429698 88 2 1 0
9267 89 3 2 0
10475 89 1 1 0
291215 89 3 2 1
345049 89 4 0 0
429378 89 4 3 0
450484 89 2 3 0
297471 90 2 2 0
344828 90 3 0 0
345701 90 1 3 0
414768 90 3 3 0
428010 90 2 1 0
428313 90 2 3 0
428476 90 2 2 0
447088 90 3 3 0
177151 91 3 3 0
344413 91 3 3 0
345044 91 3 1 0
345833 91 3 1 0
387477 91 2 3 0
419183 91 3 0 0
428156 91 4 3 0
428258 91 3 1 0
429184 91 2 1 0
493461 91 1 4 0
9496 92 3 1 0
9500 92 2 4 0
9882 92 4 1 0
23103 92 2 2 0
61124 92 2 0 0
219870 92 4 3 1
342135 92 2 3 0
345651 92 4 1 0
427941 92 3 3 0
502681 92 3 3 0
541808 92 4 2 0
9379 93 3 1 0
11003 93 3 4 0
137485 93 4 3 0
344606 93 3 1 0
345052 93 3 3 0
427963 93 4 4 1
493463 93 4 4 0
345040 94 2 0 0
345654 94 2 1 0
176788 95 2 1 0
277539 95 2 3 0
297401 95 2 3 0
344411 95 3 0 0
344563 95 3 1 0
427765 95 3 2 0
428308 95 2 1 0
428593 95 4 4 0
9821 96 2 1 0
10227 96 4 2 0
73975 96 3 3 0
344564 96 2 1 0
345267 96 1 1 0
419411 96 4 1 0
103943 97 3 3 0
345257 97 2 1 0
420201 97 2 1 0
10291 98 3 3 1
270845 98 2 3 1
344555 98 4 1 0
344762 98 3 1 0
345104 98 3 1 0
10474 99 3 1 0
10490 99 3 1 0
73973 99 2 1 1
345097 99 3 1 0
201902 100 3 3 0
296939 100 4 3 0
344764 100 4 3 0
31592 101 3 3 1
73974 101 3 1 0
344548 101 2 1 0
345103 101 3 1 0
420416 101 2 1 0
420647 101 3 1 0
429258 101 2 1 1
176271 102 3 0 0
428505 102 2 4 0
470291 102 3 3 0
9806 103 2 1 0
14095 103 3 3 0
344452 103 3 1 0
344544 103 3 0 0
344650 103 2 3 0
344758 103 4 1 1
9329 104 2 1 0
345095 104 4 3 0
3950 105 3 3 0
419635 105 3 1 0
460872 105 2 3 0
10629 106 1 1 0
345148 106 2 1 0
429260 106 3 3 0
344299 107 3 4 1
344453 107 3 2 0
345105 107 4 2 0
419342 108 3 1 0
9332 109 3 3 0
175306 109 4 3 0
344249 110 4 3 0
344583 110 2 0 0
419603 110 2 4 1
471772 110 3 1 0
9330 111 3 1 0
325109 111 3 2 1
419343 111 3 1 0
428719 111 4 1 0
470401 111 1 1 0
562178 111 3 1 0
3947 112 2 1 0
9331 112 3 3 0
338081 112 3 3 1
471377 112 3 3 0
562232 112 2 1 0
562805 112 3 3 0
563451 112 3 4 1
166535 113 4 3 1
321537 113 2 2 1
344248 113 2 3 0
344454 113 3 3 0
428021 113 4 3 0
482296 113 2 4 0
166531 114 3 1 0
166534 114 3 2 0
345147 114 3 1 0
428019 114 4 1 0
471638 114 3 1 0
562134 114 2 1 0
562155 114 2 1 0
344584 115 2 2 0
345621 115 3 1 0
404770 115 4 3 0
427911 115 4 1 0
471771 115 4 1 0
562533 115 1 1 0
220531 116 1 3 0
281392 116 2 3 0
325119 116 4 1 0
340952 116 4 2 0
471640 116 3 2 1
562801 116 3 1 1
562802 116 2 3 1
404776 117 3 3 0
428018 117 3 1 0
428418 117 4 1 0
470910 117 2 1 0
562538 117 2 3 0
563126 117 2 1 0
131275 118 3 3 0
344790 118 3 1 0
429293 118 3 1 0
427913 119 4 3 0
471807 119 4 1 0
561140 119 2 1 0
561313 119 4 1 0
325120 120 3 3 0
344789 120 2 1 0
366140 120 2 3 0
561291 120 4 1 0
9829 121 3 3 1
131278 121 3 3 0
132505 121 3 3 0
345419 121 3 2 0
345507 121 2 1 1
470535 121 3 4 1
323951 122 2 3 0
470447 122 4 3 0
561312 122 3 1 0
562206 122 2 1 0
562340 122 3 1 0
345098 123 3 1 0
559398 123 2 3 1
323579 124 3 1 0
344853 124 2 1 0
346121 124 2 2 0
471346 124 4 1 0
562315 124 2 1 0
562631 124 4 4 0
323949 125 3 2 1
345206 125 3 3 0
428617 125 1 1 0
470899 125 2 1 0
471354 125 2 3 0
560945 125 2 1 0
562137 125 2 1 0
562693 125 1 1 0
345714 126 2 1 0
470361 126 3 1 0
324845 127 3 1 0
471245 127 2 1 0
471345 127 3 0 0
471788 127 1 3 0
560910 127 1 1 0
561904 127 2 1 0
562689 127 1 2 0
471349 128 3 3 0
471684 128 4 1 0
561871 128 1 1 0
561901 128 4 1 0
562027 128 2 4 0
562092 128 1 1 1
562129 128 3 1 0
563345 128 3 1 0
345716 129 2 2 1
470219 129 4 1 0
470744 129 4 1 0
560946 129 4 3 0
561190 129 2 1 0
561342 129 4 1 0
561554 129 4 1 0
562139 129 3 2 0
562260 129 2 1 0
470220 130 3 1 0
470810 130 4 1 0
471525 130 3 1 0
471686 130 3 1 0
560846 130 2 1 0
561623 130 3 4 0
561764 130 2 1 0
562138 130 4 1 0
562829 130 3 3 0
429585 131 2 2 0
471466 131 2 1 0
561765 131 1 2 0
561789 131 2 1 1
562005 131 1 1 0
291965 132 4 3 0
296977 132 3 3 0
362567 132 2 2 0
471857 132 2 3 1
560871 132 3 1 0
561555 132 2 1 0
344946 133 2 1 0
470210 133 4 1 0
471244 133 4 1 0
471447 133 3 1 0
471883 133 2 4 0
491082 133 2 2 0
560845 133 2 0 1
561704 133 2 4 1
562981 133 3 3 0
47256 134 3 3 0
47257 134 2 3 0
291969 134 3 3 0
471901 134 3 3 0
561885 134 4 1 0
561927 134 3 1 0
15660 135 1 3 0
472348 135 3 3 0
562241 135 3 1 0
562283 135 2 1 0
562667 135 3 1 0
76391 136 2 3 0
344942 136 2 2 0
415987 136 3 3 0
471284 136 3 3 0
471639 136 3 1 0
561558 136 2 3 0
563147 136 2 3 0
563236 136 3 1 0
213268 137 4 3 0
471446 137 3 1 0
561128 137 3 1 1
563146 137 4 1 0
563438 137 1 3 0
15651 138 3 4 0
354068 138 3 3 0
471282 138 4 1 0
560849 138 3 3 1
561042 138 4 1 0
561886 138 3 1 0
562573 138 1 1 0
562857 138 3 3 0
428350 139 2 4 1
483667 139 4 0 0
562574 139 4 1 0
562993 139 2 1 0
57471 140 3 4 0
457024 140 3 3 0
471285 140 3 3 0
561049 140 3 4 0
561520 140 4 1 0
561954 140 2 1 0
562711 140 3 1 0
200722 141 1 2 0
388155 141 2 3 1
470199 141 3 3 0
471650 141 4 3 0
471782 141 2 1 0
530046 141 3 3 0
563403 141 3 1 0
431982 142 1 0 0
472563 142 3 3 0
474639 142 2 3 0
483668 142 2 1 0
516441 142 4 3 0
561012 142 2 1 0
561062 142 3 3 0
562572 142 3 1 0
432062 143 1 1 0
516440 143 3 3 0
560854 143 2 1 0
561432 143 2 1 0
562357 143 2 1 0
562822 143 4 1 0
426378 144 2 1 0
471649 144 4 3 0
561507 144 3 3 0
561953 144 4 1 1
562419 144 3 1 0
563036 144 4 1 0
470197 145 4 1 0
471598 145 3 4 1
471783 145 4 1 0
471820 145 3 2 0
561015 145 3 2 0
561061 145 2 3 0
561947 145 4 4 1
563228 145 2 1 0
561191 146 2 1 0
442207 147 2 2 1
470755 147 3 1 0
561013 147 3 1 0
562725 147 3 4 0
562820 147 3 1 0
563043 147 4 3 0
431890 148 3 3 0
562548 148 3 1 0
563065 148 1 1 0
431986 149 3 2 1
433118 149 4 1 0
470948 149 1 1 1
470974 149 3 1 0
561148 149 4 1 0
563046 149 2 1 0
563047 149 3 1 1
426415 150 2 1 1
427814 150 2 1 0
431751 150 3 1 0
432749 150 3 1 0
471816 150 3 3 1
562486 150 2 1 0
563049 150 4 3 0
426379 151 4 3 0
431303 151 2 2 0
432130 151 2 3 0
432752 151 3 1 0
470975 151 3 3 0
471943 151 4 1 0
532198 151 3 3 0
560969 151 2 1 0
562193 151 2 3 1
431752 152 4 3 0
470813 152 2 3 1
561989 152 4 1 0
562302 152 4 4 0
562562 152 2 1 0
563044 152 3 1 0
560759 153 3 1 0
560962 153 2 1 0
561193 153 3 3 0
561242 153 2 1 0
561245 153 2 3 0
561284 153 4 1 1
426397 154 3 1 0
433377 154 4 1 0
561155 154 3 1 0
561445 154 1 1 0
562289 154 4 3 0
382205 155 3 3 0
508188 155 2 2 0
532900 155 2 3 0
560970 155 4 3 0
561513 155 2 1 0
562435 155 2 1 0
432115 156 3 1 0
470949 156 4 3 0
561982 156 1 2 0
562150 156 2 1 0
562303 156 4 4 0
426537 157 3 1 0
427251 157 3 1 0
433378 157 3 3 0
433574 157 3 1 0
470709 157 4 1 0
471319 157 4 1 0
471908 157 4 1 0
523598 157 3 1 0
523847 157 3 3 1
561158 157 3 3 0
561475 157 2 1 0
563063 157 2 1 0
432118 158 3 3 0
432670 158 2 1 0
433225 158 3 1 0
433479 158 2 1 0
562022 158 1 1 0
423987 159 3 2 0
426670 159 2 1 0
433807 159 2 1 0
471910 159 3 3 0
523918 159 4 1 0
561477 159 2 1 0
67589 160 2 2 0
426919 160 4 3 0
432457 160 2 1 0
470216 160 2 1 0
517968 160 4 1 0
518365 160 3 4 1
427546 161 4 1 0
432901 161 2 1 0
433305 161 2 1 0
433379 161 2 3 0
433426 161 4 1 0
470202 161 3 3 0
471538 161 3 1 0
523866 161 3 1 0
562163 161 1 1 0
562192 161 3 1 0
55330 162 3 1 0
426538 162 3 2 1
432552 162 3 1 0
432773 162 3 1 0
470780 162 2 1 0
471323 162 3 3 0
524528 162 1 1 0
561637 162 3 1 0
562019 162 4 1 0
397687 163 2 3 0
427486 163 2 1 0
432687 163 1 1 0
432689 163 3 1 1
432947 163 2 1 0
433478 163 3 1 0
433481 163 1 3 0
470882 163 2 1 0
518895 163 2 3 1
523631 163 3 1 0
561208 163 2 1 0
561638 163 2 3 1
56029 164 3 1 0
56368 164 3 1 1
426432 164 3 4 1
432605 164 2 1 0
432669 164 2 1 0
432697 164 3 3 0
432898 164 2 0 0
433308 164 2 2 0
517971 164 4 3 0
67814 165 4 3 1
432948 165 2 1 0
471539 165 4 1 0
523867 165 3 3 0
54882 166 2 1 1
427489 166 2 3 0
433760 166 2 1 0
516135 166 3 3 0
517969 166 3 1 0
562580 166 3 3 0
234152 167 2 1 0
432437 167 3 1 0
474379 167 3 2 0
523630 167 3 1 0
561481 167 4 3 0
561550 167 2 1 0
563193 167 4 1 0
175640 168 2 3 0
433000 168 1 1 0
523551 168 2 4 0
561813 168 2 1 0
562769 168 4 1 0
56211 169 4 1 0
273896 169 2 3 0
518156 169 3 1 0
56212 170 3 1 0
261936 170 3 3 1
422169 170 4 3 0
432899 170 4 0 0
524527 170 4 1 0
561044 170 2 1 0
56366 171 4 3 0
432573 171 2 3 0
432784 171 2 4 0
518157 171 1 1 0
561737 171 3 1 0
54943 172 2 3 0
56216 172 3 1 0
233549 172 2 1 0
431953 172 2 1 0
432103 172 1 1 0
432691 172 3 3 1
433002 172 4 3 0
433353 172 4 1 0
459543 172 3 3 0
503544 172 3 3 0
524896 172 2 1 0
524930 172 3 1 0
54814 173 2 1 0
55359 173 2 0 0
182755 173 2 3 0
261946 173 3 3 0
432608 173 3 1 0
432686 173 2 1 0
523257 173 3 1 0
523414 173 3 1 0
561273 173 2 1 0
561811 173 2 1 0
431923 174 3 1 0
524351 174 2 1 0
524931 174 2 3 0
54422 175 2 3 0
54741 175 2 3 0
233546 175 4 1 0
431922 175 1 0 1
433687 175 2 4 0
523258 175 4 1 0
524642 175 3 1 0
524669 175 2 1 0
56078 176 3 1 0
425878 176 3 2 0
432609 176 2 3 0
433001 176 4 3 0
523929 176 4 1 0
561126 176 4 3 0
561732 176 4 1 0
561733 176 2 1 1
56146 177 4 1 0
234144 177 4 1 0
421717 177 2 3 0
432753 177 4 1 0
433334 177 3 1 0
523782 177 4 1 0
524690 177 3 1 0
524827 177 2 1 0
233244 178 2 1 0
234404 178 3 1 0
234568 178 3 1 0
431851 178 3 1 0
431951 178 4 1 0
433588 178 2 3 0
474213 178 1 1 0
233561 179 3 1 0
421017 179 3 3 0
474209 179 2 1 0
234088 180 3 3 0
432994 180 3 1 0
523252 180 3 1 0
524353 180 4 1 0
55065 181 4 1 0
232511 181 2 1 0
234310 181 2 3 0
234341 181 3 1 0
433203 181 3 3 0
433757 181 3 1 0
524179 181 3 1 0
524627 181 2 1 0
55066 182 3 1 1
55067 182 3 1 0
122220 182 2 3 0
153974 182 4 3 1
233161 182 3 1 0
234250 182 2 1 0
234251 182 3 1 0
234569 182 3 1 0
433221 182 3 1 0
477923 182 3 3 0
523541 182 3 1 0
524318 182 2 1 0
524687 182 2 1 0
524838 182 4 1 0
561132 182 2 0 0
561769 182 3 3 0
54933 183 3 1 0
55679 183 2 1 0
56382 183 2 2 0
54494 184 2 1 0
54934 184 2 1 0
56061 184 3 1 0
59170 184 2 3 1
232568 184 3 3 0
234239 184 2 1 0
308368 184 3 3 0
433755 184 3 1 0
523303 184 2 4 0
523731 184 2 1 0
524003 184 2 0 0
524689 184 2 1 0
431959 185 2 1 1
432122 185 2 1 1
432738 185 2 1 0
433370 185 3 3 0
433756 185 1 1 0
524441 185 2 1 0
524595 185 3 1 1
524629 185 2 1 0
563104 185 2 3 0
56380 186 4 0 0
233851 186 3 1 0
524180 186 2 1 0
524271 186 3 1 0
524628 186 1 1 0
524639 186 2 1 0
524678 186 2 2 0
524895 186 3 1 0
54587 187 3 1 1
55623 187 3 1 0
69285 187 2 3 0
233930 187 3 1 0
234089 187 3 3 0
432385 187 1 1 0
433759 187 3 3 0
523335 187 2 3 0
523620 187 1 4 0
524161 187 3 1 0
54369 188 2 3 0
54495 188 3 3 1
55316 188 2 1 0
55762 188 4 1 0
56063 188 4 3 0
56150 188 2 1 0
56331 188 3 1 0
232564 188 3 1 0
234182 188 4 3 0
417771 188 2 3 1
431876 188 2 1 0
432959 188 2 1 0
433039 188 2 1 0
433266 188 3 1 0
523960 188 2 1 0
524439 188 2 3 0
54852 189 3 1 0
55317 189 4 1 0
233307 189 3 1 0
268756 189 3 3 0
431958 189 3 1 1
432125 189 3 3 0
432935 189 4 1 0
560739 189 3 4 1
561851 189 4 1 0
432384 190 2 1 0
432662 190 3 1 0
524630 190 3 3 0
524677 190 2 2 0
536332 190 4 2 0
541555 190 4 1 0
561852 190 3 3 0
563317 190 2 3 0
54406 191 2 1 0
54950 191 2 1 0
55206 191 4 1 0
55921 191 3 1 0
233849 191 2 0 0
431957 191 4 1 0
523342 191 3 1 0
525070 191 2 1 0
54804 192 2 1 0
54890 192 2 3 0
55980 192 3 1 0
56386 192 3 1 0
233308 192 2 3 0
432934 192 3 1 0
432993 192 2 1 0
523344 192 1 2 0
523345 192 3 2 0
525071 192 1 1 0
542591 192 3 1 0
56015 193 2 0 0
233306 193 3 0 0
233965 193 2 3 0
284765 193 2 3 0
432406 193 4 1 0
432408 193 3 2 0
435063 193 3 4 1
444093 193 3 2 0
474654 193 3 3 0
54589 194 3 3 0
55132 194 1 1 0
55134 194 3 3 0
55620 194 2 3 0
431150 194 3 2 1
432419 194 3 1 0
433294 194 3 0 0
542092 194 3 1 0
562983 194 4 2 0
54586 195 2 1 0
245989 195 2 3 0
306965 195 4 2 0
431735 195 3 1 0
431960 195 3 3 0
432468 195 3 2 0
523953 195 4 0 0
54807 196 3 3 1
432407 196 2 2 0
432856 196 2 1 0
443053 196 2 2 0
56037 197 4 0 0
193160 197 2 3 1
200196 197 3 2 0
245992 197 1 0 0
432282 197 4 3 0
432533 197 3 1 0
432594 197 2 4 0
433454 197 3 2 1
542166 197 4 1 0
55208 198 3 3 0
55981 198 4 3 0
337522 198 4 3 0
432321 198 4 1 0
432323 198 3 3 0
432532 198 3 1 0
493127 198 3 3 0
524000 198 4 1 0
542592 198 2 1 0
54742 199 3 2 0
54806 199 3 3 0
54953 199 3 3 0
54989 199 3 3 1
306399 199 4 3 0
431838 199 3 1 0
431965 199 3 3 0
432281 199 4 2 0
542094 199 3 3 0
54954 200 3 3 1
55815 200 2 1 0
432652 200 3 1 0
469280 200 3 3 0
523998 200 1 0 0
524200 200 2 1 0
179994 201 3 3 0
193159 201 3 3 1
378374 201 2 3 0
433253 201 2 3 0
433796 201 3 3 0
523589 201 3 0 0
541996 201 2 1 0
54558 202 2 1 0
431964 202 3 2 0
432535 202 4 1 0
524823 202 4 1 0
432199 203 2 1 0
55814 204 3 0 0
210789 204 2 2 1
432145 204 2 0 0
435767 204 2 3 0
442797 204 2 3 0
524044 204 3 1 0
23087 205 3 3 0
54881 205 4 1 0
356517 205 2 2 0
433133 205 2 1 0
473810 205 3 4 0
475513 205 1 0 0
523590 205 3 1 0
525032 205 2 1 0
541574 205 3 1 0
55128 206 4 4 1
433447 206 3 1 0
523292 206 3 2 1
54557 207 4 1 0
55255 208 3 1 0
55437 208 2 1 0
432070 208 3 3 0
432144 208 3 0 0
432319 208 3 3 0
432420 208 2 1 0
433644 208 3 2 0
524467 208 1 3 0
541308 208 4 4 0
180486 209 3 2 0
432451 209 3 1 0
473923 209 3 1 0
524730 209 3 1 0
542372 209 4 4 1
54417 210 2 1 0
55250 210 3 1 0
55256 210 4 1 0
55803 210 2 1 0
55816 210 3 1 0
116331 210 3 1 0
432255 210 2 2 0
432630 210 4 4 0
433601 210 2 0 0
433834 210 2 1 0
542328 210 2 3 1
55484 211 4 1 0
313196 211 4 3 0
358121 211 2 2 1
432146 211 2 2 0
432226 211 3 1 0
433103 211 3 3 0
524732 211 3 1 0
525157 211 3 1 0
542376 211 4 1 0
54413 212 2 1 0
55438 212 2 3 1
55953 212 4 1 0
55955 212 2 3 0
115809 212 1 1 0
127204 212 3 3 0
180482 212 2 2 1
180487 212 2 2 0
432967 212 2 1 0
523298 212 3 3 0
524724 212 2 3 0
541713 212 3 0 0
541715 212 4 1 0
542478 212 3 4 0
55478 213 3 1 0
55618 213 3 1 0
55645 213 3 3 0
56426 213 2 1 0
115707 213 3 1 0
116702 213 3 1 0
502908 213 3 2 0
524434 213 4 1 0
524665 213 2 1 0
55361 214 2 3 0
56344 214 3 3 0
127203 214 1 3 1
412834 214 4 4 0
432206 214 3 1 0
468677 214 2 2 0
525189 214 3 1 0
542480 214 3 0 0
542555 214 2 1 0
54598 215 4 1 0
55477 215 3 0 1
115744 215 4 1 0
117143 215 2 1 0
464814 215 2 1 0
524939 215 2 1 0
525015 215 3 1 0
542023 215 3 4 1
55281 216 2 3 1
115706 216 2 1 1
432003 216 2 3 1
524282 216 3 1 0
524422 216 4 1 0
54866 217 3 4 1
55278 217 3 3 1
55364 217 2 3 0
255005 217 2 4 1
307868 217 2 3 0
464813 217 1 0 0
524435 217 3 2 1
524663 217 2 1 0
524913 217 3 1 0
541950 217 3 0 1
116846 218 2 1 0
117485 218 3 1 0
127198 218 2 1 0
432009 218 4 2 0
524945 218 2 3 0
542486 218 3 3 0
542532 218 3 0 1
54718 219 4 1 0
55346 219 2 1 0
55480 219 3 3 0
116703 219 4 1 0
432002 219 2 1 0
432863 219 3 3 0
435103 219 3 3 1
466439 219 3 1 0
542397 219 2 0 0
542423 219 3 4 1
54915 220 2 1 1
55661 220 1 1 0
116203 220 4 1 0
117266 220 2 1 0
465062 220 3 1 0
524423 220 4 2 0
524915 220 2 3 0
54630 221 4 1 0
54905 221 3 1 0
55532 221 2 1 0
116184 221 4 4 0
116205 221 2 1 0
116208 221 2 3 0
116297 221 4 1 0
465132 221 3 1 0
524240 221 4 1 0
559643 221 3 3 0
54362 222 2 1 0
54857 222 3 1 0
56180 222 2 1 0
115783 222 3 1 0
116004 222 2 1 0
117101 222 3 3 0
524553 222 1 1 0
524914 222 3 1 0
55078 223 3 3 0
116225 223 3 3 0
116966 223 4 1 0
212154 223 3 3 0
375609 223 5 3 0
466436 223 3 3 1
524579 223 4 4 1
541080 223 3 0 0
54904 224 2 1 0
55075 224 2 1 0
115972 224 2 1 0
116818 224 4 1 0
465512 224 4 1 0
524242 224 3 3 0
54632 225 3 3 1
115952 225 3 1 0
466499 225 3 4 0
525142 225 3 3 0
54749 226 3 1 0
54858 226 3 3 1
55535 226 3 3 0
55937 226 2 1 0
116002 226 3 0 0
116830 226 3 3 0
117218 226 3 1 0
541986 226 2 0 0
116209 227 4 3 0
541639 227 3 1 0
542290 227 3 1 0
466500 228 3 4 1
541375 228 3 1 0
541870 228 2 1 0
77578 229 3 3 0
117376 229 3 2 0
524241 229 4 2 0
541841 229 2 1 0
542288 229 2 0 0
117034 230 3 1 0
117239 230 4 3 0
442319 230 2 2 0
525149 230 4 3 0
531895 230 2 3 0
542285 230 2 1 0
116075 231 4 1 0
116509 231 2 2 0
541806 231 4 4 0
115939 232 3 1 1
117324 232 3 1 0
541066 232 1 0 0
115942 233 3 3 0
116337 233 3 1 0
517001 233 4 1 0
363990 234 2 3 0
399664 234 3 4 1
541840 234 2 1 0
117540 235 2 1 0
115941 236 3 3 0
116077 236 3 1 0
116346 236 3 1 0
117327 236 1 3 0
329957 236 2 0 0
542090 236 4 3 0
85250 237 4 3 0
116339 237 3 3 0
117326 237 4 3 0
399663 237 2 4 0
541115 237 4 3 0
157531 238 3 3 0
207104 238 3 1 0
363989 238 2 3 0
114775 239 4 3 0
115820 239 3 3 0
116076 239 3 1 0
116349 239 4 3 0
117542 239 3 1 0
301344 239 3 3 0
525108 239 2 3 0
24498 240 3 3 0
28905 240 3 3 0
207105 240 4 1 0
346751 240 3 3 0
48265 241 2 3 0
116347 241 4 2 0
122352 241 4 3 0
329958 241 3 3 1
96188 242 2 3 0
116078 242 3 3 0
117545 242 3 2 0
115872 243 2 1 0
115970 243 4 1 0
295597 243 3 3 0
416545 243 4 2 0
36255 244 1 3 0
117277 244 2 1 0
117541 244 3 1 0
330231 244 3 1 0
510056 244 3 2 0
115869 245 2 1 0
157532 245 4 3 0
509846 245 3 4 1
116310 246 2 1 1
28904 247 4 3 0
156638 247 3 1 0
37185 248 2 1 0
115971 248 4 1 1
329965 250 4 1 0
115861 251 3 3 0
117184 252 3 1 0
302862 252 2 3 0
329873 252 3 3 0
12356 253 2 3 0
157040 253 3 1 0
157149 253 3 1 0
469361 253 2 1 0
116851 254 1 1 0
117185 254 3 1 0
330181 254 2 1 0
157576 255 3 3 0
379332 255 3 3 0
11552 256 3 3 1
116452 256 4 3 0
157152 256 3 3 0
469362 256 2 3 0
510631 256 3 1 0
116557 257 2 1 0
116610 257 4 4 0
469727 257 3 1 0
479030 257 3 3 0
469728 258 2 2 0
469447 259 3 1 0
469466 259 4 3 0
12348 260 2 0 0
117207 260 3 1 0
156010 260 3 1 0
156437 260 4 4 0
157046 260 2 1 0
469739 260 3 4 0
469853 260 1 1 0
470098 260 1 1 0
5080 261 4 3 0
331661 261 2 1 0
454976 261 3 3 0
116828 262 3 3 1
156357 262 3 1 0
318788 262 3 3 0
57586 263 3 2 0
115623 263 2 3 0
117023 263 3 3 0
217188 263 4 3 0
469286 263 3 1 0
519816 263 3 1 0
12359 264 3 1 1
157537 264 2 1 0
469939 264 4 1 1
12351 265 2 3 0
117437 265 4 4 1
217182 265 1 3 1
330693 265 2 2 0
331644 265 4 3 0
467005 265 3 3 0
116953 266 2 2 0
117409 266 3 1 0
156008 266 3 1 0
11502 267 3 3 0
42596 267 3 3 0
117362 267 2 4 0
117500 267 2 4 1
156336 267 3 1 0
42593 268 1 1 0
156305 268 4 3 1
197568 268 3 3 0
250054 269 3 3 0
330091 269 2 1 0
469494 269 4 1 1
11678 270 3 1 0
117367 270 3 1 0
157008 270 2 1 0
330093 270 4 1 0
331302 270 3 1 0
331596 270 3 1 0
331597 270 4 3 0
117174 271 2 1 0
330088 271 2 1 0
467003 271 4 1 0
42597 272 4 3 1
156330 272 2 3 0
329884 272 1 1 0
331048 272 4 1 1
24804 273 4 2 0
115837 273 2 1 0
156329 273 3 3 0
156338 273 1 3 0
331301 273 3 0 0
469637 273 3 1 0
42595 274 4 1 0
156030 274 4 2 0
156719 274 3 1 0
469033 274 3 1 0
469829 274 2 1 0
469937 274 2 3 0
156721 276 2 3 0
469053 276 3 1 0
469568 276 3 4 1
469676 276 4 1 0
117178 277 4 3 0
188517 277 2 3 0
330644 277 2 1 0
330764 277 3 1 1
468621 277 3 1 0
469138 277 2 3 0
64402 278 2 3 0
156331 278 3 4 0
156726 278 3 1 0
250230 278 3 3 1
116302 279 1 3 1
468687 279 3 1 0
469036 279 4 3 0
329960 280 3 1 0
349143 280 3 3 1
331549 281 4 1 0
469722 281 1 4 1
330671 282 3 1 0
330767 282 3 3 0
331577 282 2 1 0
116079 283 4 1 0
155945 283 3 0 0
155946 283 4 1 0
330966 283 3 3 0
156724 284 4 1 0
331136 284 3 1 1
331405 284 4 1 1
218966 285 2 3 0
328761 285 2 2 0
330312 285 4 1 0
330673 285 2 3 0
469425 285 3 3 0
155947 286 2 1 0
329901 286 4 1 0
330148 286 3 1 0
330557 286 2 2 0
330814 286 3 3 0
331321 286 2 1 0
331338 286 3 2 0
331402 286 4 1 0
443234 286 2 3 0
116607 287 2 3 0
156584 287 1 1 0
329862 287 3 1 0
330434 287 3 4 0
331016 287 3 1 0
520138 287 3 3 0
157183 288 3 1 0
329924 288 3 1 0
330304 288 3 1 0
330988 288 3 4 0
331287 288 4 1 0
331493 288 3 1 0
115867 289 1 3 0
329861 289 2 1 0
329863 289 3 3 0
329938 289 2 3 0
330286 289 4 1 0
330909 289 3 1 0
331286 289 2 1 0
514638 289 3 2 0
116606 290 3 3 0
329912 290 1 0 0
330149 290 2 1 0
331298 290 2 3 0
469426 290 3 3 0
560819 290 3 3 0
156551 291 2 1 0
329914 291 4 1 0
330972 291 2 1 0
332455 291 3 3 0
560818 291 1 2 0
157188 292 3 3 0
329933 292 3 3 0
116144 293 3 2 0
329931 293 3 2 0
158248 294 3 3 0
254454 294 2 3 0
329265 294 3 4 0
330300 294 3 1 0
156557 295 3 3 0
156699 295 3 4 0
156734 295 2 1 0
156871 295 3 1 0
329932 295 2 2 0
329934 295 2 3 0
329983 295 3 1 0
330210 295 3 0 0
331015 295 3 1 0
157187 296 3 3 1
331077 296 1 1 0
116143 297 3 1 0
156219 297 3 1 0
156797 297 3 1 0
331083 297 3 1 0
145249 298 2 3 0
156735 298 3 3 0
329989 298 2 3 0
156214 299 3 3 0
157488 299 1 1 0
329985 299 3 1 0
330471 299 4 1 0
331253 299 3 1 0
331394 299 4 1 0
331396 299 2 1 0
156623 300 2 1 0
156630 300 2 1 0
156846 300 1 1 0
324476 300 4 2 0
31633 301 3 3 0
156872 301 4 1 0
156930 301 1 0 0
320234 301 3 3 0
331051 301 3 1 0
401313 301 2 3 0
156779 302 3 3 0
156933 302 4 1 0
330712 302 2 1 0
331117 302 3 1 0
331448 302 1 1 0
351524 302 3 3 0
156622 303 2 1 0
157491 303 2 3 0
159451 303 3 1 0
331081 303 4 0 0
331255 303 4 3 0
331571 303 3 1 0
456801 303 4 3 0
157489 304 3 1 0
157490 304 3 2 0
157605 304 2 1 0
162073 304 3 3 0
324478 304 4 3 0
330505 304 3 1 0
331084 304 2 3 0
331612 304 4 1 0
331665 304 3 1 0
30842 305 3 3 0
69479 305 2 3 0
156639 305 4 1 0
330715 305 3 3 0
331560 305 2 1 0
156625 306 3 1 0
156631 306 4 1 0
159450 306 3 1 0
330718 306 4 1 0
331545 306 3 1 0
156837 307 3 1 0
330545 307 1 3 0
330785 307 4 1 0
330786 307 3 3 0
458698 307 2 3 0
136330 308 3 3 0
156880 308 2 1 1
330547 308 2 2 0
331572 308 3 1 0
156304 309 4 4 0
156659 309 2 1 0
156700 309 3 4 1
330436 309 4 3 0
330787 309 2 3 0
331574 309 3 3 0
161539 310 1 3 1
330516 310 2 1 0
157494 311 3 3 0
161913 311 2 0 0
217534 311 3 3 0
329883 311 3 1 0
330435 311 3 3 0
331073 311 3 3 0
458699 311 3 3 0
481999 311 2 3 0
141687 312 3 3 1
155680 312 2 1 0
156037 312 3 3 0
156390 312 1 1 0
156884 312 1 0 0
157017 312 3 1 0
157331 312 4 1 0
157620 312 3 3 0
161917 312 3 1 0
209891 312 3 3 0
330755 312 4 3 0
458696 312 2 1 1
155959 313 2 3 0
156511 313 3 3 0
156878 313 3 1 0
157269 313 2 3 0
161769 313 3 1 0
162250 313 2 3 0
331207 313 4 3 0
457661 313 1 1 0
156411 314 2 1 0
157382 314 3 1 0
161909 314 1 2 0
329886 314 2 3 0
547357 314 2 2 0
157156 315 2 0 0
157311 315 2 1 0
157391 315 2 1 0
209890 315 2 2 0
309991 315 3 3 0
40181 316 2 2 0
160871 316 1 3 0
458873 316 3 1 0
156550 318 2 1 0
156887 318 4 3 0
161919 318 3 3 0
162259 318 2 3 0
420145 318 3 1 1
39824 319 2 4 0
156673 319 3 1 0
156842 319 4 1 0
156965 319 3 1 0
331071 319 3 2 0
458866 319 2 4 0
481550 319 3 1 0
155772 320 2 1 0
156429 320 3 3 0
155718 321 4 1 0
156407 321 3 1 0
161910 321 2 3 0
276265 321 2 1 0
316219 321 2 3 0
156801 322 2 1 0
157604 322 2 1 0
419202 322 3 1 0
155675 323 2 4 0
155784 323 2 1 0
155785 323 3 1 0
156409 323 3 3 0
459112 323 3 3 1
482069 323 3 1 0
156335 324 3 1 0
161143 324 3 1 0
275072 325 3 1 0
156712 326 3 1 0
157096 326 3 3 0
157131 326 3 1 0
522188 326 2 3 0
60757 327 2 3 0
155674 327 3 3 0
155825 327 2 1 0
161146 327 2 3 0
162192 327 4 4 1
340610 327 2 3 0
450434 327 3 2 0
155719 328 2 3 0
418953 328 3 2 0
481643 328 3 1 1
482022 328 3 1 0
275164 329 3 1 0
418237 329 3 3 0
480974 329 3 1 0
84350 330 4 4 0
275073 330 3 1 0
482078 331 3 1 0
481465 332 1 1 0
481516 332 3 1 0
482023 332 2 1 0
482025 332 2 1 0
275366 333 2 1 1
480973 333 3 0 0
481296 333 3 1 0
481104 334 3 1 0
481721 334 2 3 0
157080 335 3 1 0
275700 335 2 1 0
481106 335 2 3 0
481318 335 2 1 0
481307 336 2 2 0
481519 336 3 3 0
482652 336 3 1 0
481469 337 3 3 0
275363 338 4 0 0
275367 338 3 3 0
481612 338 4 1 0
275365 339 3 1 0
481466 339 4 1 0
481517 339 2 1 0
482613 339 3 3 0
275364 340 2 1 0
481068 340 2 1 0
275562 342 4 0 0
481331 342 2 3 1
481514 342 2 1 0
547651 342 4 3 1
547275 346 3 2 0
