401858 1 3 3 4
333188 1 4 3 0
333189 1 4 3 0
333190 1 4 3 0
218919 0 5 3 2
218920 0 5 3 2
429159 0 5 3 3
559343 0 5 3 4
142272 0 6 3 1
453650 0 6 3 3
143874 1 7 3 1
143875 1 7 3 1
430723 0 7 3 1
430724 0 7 3 1
430725 0 7 3 1
430726 0 7 3 1
430722 1 8 3 0
430726 1 8 3 0
142454 0 9 3 3
213796 1 9 3 1
213797 1 9 3 1
213798 1 9 3 1
454600 0 9 3 1
454601 0 9 3 1
454604 0 9 3 1
454605 0 9 3 1
399316 1 10 3 1
399319 1 10 3 1
431119 0 10 3 1
398226 1 12 3 1
398227 1 12 3 1
398228 1 12 3 1
454601 0 12 3 0
454602 0 12 3 0
454603 0 12 3 0
454605 0 12 3 0
397174 0 13 3 1
397176 0 13 3 1
452526 0 13 3 2
452529 0 13 3 2
452530 0 13 3 2
399316 1 14 3 3
399317 1 14 3 3
399319 1 14 3 3
143219 0 15 3 1
143220 0 15 3 1
136572 0 16 3 1
142645 0 16 3 1
429980 0 16 3 1
429982 0 16 3 1
454885 0 16 3 1
453587 0 18 3 1
453588 0 18 3 1
136573 0 19 3 3
136574 0 19 3 3
136575 0 19 3 3
137164 0 19 3 1
137166 0 19 3 1
430536 1 19 3 1
142361 0 20 3 2
142362 0 20 3 2
143382 0 20 3 0
143383 0 20 3 0
143384 0 20 3 0
143845 0 20 3 3
431427 0 20 3 1
431428 0 20 3 1
136568 1 21 3 3
136569 1 21 3 3
136570 1 21 3 3
143379 0 21 3 1
143380 0 21 3 1
143381 0 21 3 1
397317 0 21 3 2
397318 0 21 3 2
397319 0 21 3 2
430938 0 21 3 1
430940 0 21 3 1
430941 0 21 3 1
453589 0 21 3 3
453592 0 21 3 3
454849 0 21 3 1
454851 0 21 3 1
142471 1 22 3 1
142474 1 22 3 1
452666 0 22 3 0
452828 0 22 3 0
452829 0 22 3 0
453588 1 22 3 1
453589 1 22 3 1
453590 1 22 3 1
453591 1 22 3 1
453592 1 22 3 1
453593 1 22 3 1
453588 1 22 3 1
453590 1 22 3 1
453591 1 22 3 1
453593 1 22 3 1
453595 0 22 3 3
142000 1 23 3 1
142001 1 23 3 1
386115 0 23 3 0
386111 0 23 3 3
386112 0 23 3 3
386114 0 23 3 3
453348 0 23 3 1
453349 0 23 3 1
490265 1 23 3 2
137619 0 24 3 1
199025 0 24 3 3
213823 0 24 3 1
213824 0 24 3 1
432339 1 24 3 3
432340 1 24 3 3
432341 1 24 3 3
452689 0 24 3 2
452693 0 24 3 2
453799 0 24 3 1
453800 0 24 3 1
136858 0 25 3 1
143511 1 25 3 1
143512 1 25 3 1
384863 0 25 3 4
430134 0 25 3 0
452579 0 25 3 1
452704 0 25 3 1
452705 0 25 3 1
452708 0 25 3 1
452709 0 25 3 1
452710 0 25 3 1
453233 0 25 3 1
453235 0 25 3 1
454848 0 25 3 3
454849 0 25 3 3
213703 0 26 3 1
213704 0 26 3 1
214039 1 26 3 3
214040 1 26 3 3
452817 0 26 3 1
452818 0 26 3 1
452819 0 26 3 1
453234 0 26 3 0
453236 0 26 3 0
453888 0 26 3 1
453889 0 26 3 1
453890 0 26 3 1
453891 0 26 3 1
453886 0 26 3 1
453888 0 26 3 1
453891 0 26 3 1
454998 0 26 3 1
454999 0 26 3 1
455000 0 26 3 1
455001 0 26 3 1
455002 0 26 3 1
452818 0 27 3 1
453853 0 27 3 1
454611 0 27 3 1
454613 0 27 3 1
213248 0 28 3 1
213250 0 28 3 1
213333 0 28 3 1
213335 0 28 3 1
213337 0 28 3 1
454317 1 28 3 1
454622 0 28 3 3
454623 0 28 3 3
454848 0 28 3 3
454851 0 28 3 3
137165 0 29 3 1
142979 1 29 3 1
143439 0 29 3 0
143437 1 29 3 3
143438 1 29 3 3
143439 1 29 3 3
143440 1 29 3 3
143438 0 29 3 3
143440 0 29 3 3
214048 0 29 3 1
214051 0 29 3 1
214052 0 29 3 1
453242 0 29 3 1
454315 0 29 3 1
137022 0 30 3 3
137023 0 30 3 3
137024 0 30 3 3
137025 0 30 3 3
213489 0 30 3 3
214042 0 30 3 2
453887 0 30 3 1
453890 0 30 3 1
453891 0 30 3 1
453887 0 30 3 1
453889 0 30 3 1
453891 0 30 3 1
454611 1 30 3 2
454612 1 30 3 2
454614 1 30 3 2
143149 0 31 3 1
143150 0 31 3 1
212772 0 31 3 3
212774 0 31 3 3
213046 0 31 3 1
213047 0 31 3 1
213495 0 31 3 1
213496 0 31 3 1
213499 0 31 3 1
453240 0 31 3 1
453242 0 31 3 1
454443 0 31 3 1
454612 0 31 3 0
454613 0 31 3 0
136300 0 32 3 1
143180 0 32 3 1
143181 0 32 3 1
143182 0 32 3 1
143184 0 32 3 1
143424 0 32 3 3
143425 0 32 3 3
143426 0 32 3 3
143428 0 32 3 3
143429 0 32 3 3
213495 0 32 3 3
213497 0 32 3 3
213499 0 32 3 3
454438 0 32 3 3
212973 0 33 3 1
212974 0 33 3 1
212976 0 33 3 1
454293 1 33 3 1
454297 1 33 3 1
143150 0 34 3 1
143154 0 34 3 1
453191 0 34 3 3
453192 0 34 3 3
453660 1 34 3 0
453659 0 34 3 3
360150 1 35 3 3
360151 1 35 3 3
360153 1 35 3 3
453663 0 35 3 1
14642 0 36 3 2
14644 0 36 3 2
14646 0 36 3 2
14647 0 36 3 2
113859 0 36 3 3
113860 0 36 3 3
113862 0 36 3 3
137822 0 37 3 3
137823 0 37 3 3
137824 0 37 3 3
137825 0 37 3 3
137827 0 37 3 3
137822 0 37 3 3
137824 0 37 3 3
137825 0 37 3 3
137826 0 37 3 3
142001 0 37 3 1
213488 0 37 3 3
213489 0 37 3 3
360150 0 37 3 2
360153 0 37 3 2
360154 0 37 3 2
452617 0 37 3 1
452620 0 37 3 1
158244 0 38 3 3
158245 0 38 3 3
213487 1 38 3 1
213488 1 38 3 1
213491 1 38 3 1
349717 0 38 3 2
349720 0 38 3 2
137188 0 39 3 1
137787 1 39 3 1
137788 1 39 3 1
137789 1 39 3 1
143812 0 39 3 1
143818 0 39 3 1
214164 0 39 3 4
438713 0 39 3 1
438715 0 39 3 1
453763 1 39 5 1
141999 0 41 3 1
142001 0 41 3 1
453761 0 41 3 1
136846 1 42 3 1
213469 0 42 3 1
213472 0 42 3 1
454804 1 42 3 1
454805 1 42 3 1
137972 0 43 3 1
137973 0 43 3 1
137975 0 43 3 1
137977 0 43 3 1
142663 0 43 3 3
143191 1 43 3 1
143192 1 43 3 1
143194 1 43 3 1
143195 1 43 3 1
143733 0 43 3 1
159662 1 43 3 1
159663 1 43 3 1
159666 1 43 3 1
439858 1 43 3 1
439860 1 43 3 1
454177 1 43 3 1
454179 1 43 3 1
136557 1 44 3 3
142920 0 44 3 3
214364 1 44 3 1
214365 1 44 3 1
439172 0 44 3 1
439174 0 44 3 1
452618 0 44 3 3
452620 0 44 3 3
136625 0 45 3 1
136626 0 45 3 1
136627 0 45 3 1
136628 0 45 3 1
136664 0 45 3 1
136666 0 45 3 1
137404 0 45 3 1
137405 0 45 3 1
137406 0 45 3 1
137813 0 45 3 1
137814 0 45 3 1
143473 0 45 3 1
158173 0 45 3 1
213572 0 45 3 1
213573 0 45 3 1
213869 0 45 3 1
213870 0 45 3 1
213872 0 45 3 1
438320 0 45 3 1
438321 0 45 3 1
438644 0 45 3 1
438646 0 45 3 1
439858 0 45 3 1
439861 0 45 3 1
439863 0 45 3 1
136557 0 46 3 1
136560 0 46 3 1
136655 1 46 3 1
136656 1 46 3 1
142461 0 46 3 1
142462 0 46 3 1
143189 0 46 3 1
143191 0 46 3 1
143193 0 46 3 1
143194 0 46 3 1
143195 0 46 3 1
143674 0 46 3 1
143675 0 46 3 1
158169 0 46 3 1
158658 1 46 3 1
159175 0 46 3 1
438984 0 46 3 1
438986 0 46 3 1
453096 0 46 3 3
557903 1 46 3 3
136306 1 47 3 1
136308 1 47 3 1
137770 0 47 3 1
137775 0 47 3 1
142219 0 47 3 1
142220 0 47 3 1
157137 0 47 3 1
213869 0 47 3 3
213871 0 47 3 3
213872 0 47 3 3
213873 0 47 3 3
214362 0 47 3 3
438452 0 47 3 1
438453 0 47 3 1
438787 0 47 3 1
438788 0 47 3 1
439857 0 47 3 1
439858 0 47 3 1
439861 0 47 3 1
453247 0 47 3 1
137482 1 48 3 1
137484 1 48 3 1
142891 0 48 3 1
159038 0 48 3 1
439087 0 48 3 1
439088 0 48 3 1
439089 0 48 3 1
439090 0 48 3 1
136695 0 49 3 0
137402 0 49 3 1
142544 1 49 3 1
142545 1 49 3 1
143562 0 49 3 1
143564 0 49 3 1
143565 0 49 3 1
213573 0 49 3 1
438375 0 49 3 1
438453 0 49 3 1
438983 0 49 3 1
438985 0 49 3 1
438986 0 49 3 1
439170 0 49 3 1
439172 0 49 3 1
439175 0 49 3 1
440070 0 49 3 1
440071 0 49 3 1
453215 0 49 3 1
453217 0 49 3 1
137070 0 50 3 1
137456 0 50 3 1
438118 1 50 3 1
438120 1 50 3 1
438121 1 50 3 1
438122 1 50 3 1
438123 1 50 3 1
439274 0 50 3 1
439275 0 50 3 1
548434 0 50 3 3
548435 0 50 3 3
136306 0 51 3 2
136307 0 51 3 2
136308 0 51 3 2
136311 0 51 3 2
137357 0 51 3 0
143312 0 51 3 1
156968 1 51 3 1
156970 1 51 3 1
156972 1 51 3 1
157830 0 51 3 0
157831 0 51 3 0
157833 0 51 3 0
157834 0 51 3 0
214179 0 51 3 0
214180 0 51 3 0
268792 0 51 3 3
438118 0 51 3 1
438119 0 51 3 1
438120 0 51 3 1
438559 0 51 3 1
438561 0 51 3 1
453175 1 51 3 1
453176 1 51 3 1
136412 0 52 3 1
136595 0 52 3 1
137332 1 52 3 1
137336 1 52 3 1
158158 0 52 3 1
243767 0 52 3 3
243768 0 52 3 3
454681 0 52 3 1
454684 0 52 3 1
156971 0 53 3 0
156972 0 53 3 0
157829 1 53 3 2
157834 1 53 3 2
157835 1 53 3 2
157897 0 53 3 1
157898 0 53 3 1
157919 1 53 3 1
157921 1 53 3 1
438528 0 53 3 3
439069 0 53 3 4
439070 0 53 3 4
439096 1 53 3 0
439097 1 53 3 0
439098 1 53 3 0
439100 1 53 3 0
439095 0 53 3 1
439100 0 53 3 1
439126 0 53 3 3
136693 0 54 3 3
136694 0 54 3 3
136746 0 54 3 1
136747 0 54 3 1
136748 0 54 3 1
137470 1 54 3 1
137554 0 54 3 1
157908 1 54 3 0
158598 0 54 3 0
160167 1 54 3 1
160168 1 54 3 1
160169 1 54 3 1
160170 1 54 3 1
367617 0 54 3 2
367618 0 54 3 2
367620 0 54 3 2
438533 0 54 3 1
438534 0 54 3 1
438535 0 54 3 1
438536 0 54 3 1
438629 0 54 3 3
438632 0 54 3 3
453012 0 54 3 1
453014 0 54 3 1
454949 0 54 3 1
136996 0 55 3 1
137334 0 55 3 3
142609 1 55 3 1
157916 1 55 3 1
157918 1 55 3 1
157919 1 55 3 1
159293 0 55 3 3
160292 0 55 3 1
160294 0 55 3 1
160297 0 55 3 1
160298 0 55 3 1
422320 0 55 3 2
422321 0 55 3 2
438532 0 55 3 2
438533 0 55 3 2
438534 0 55 3 3
438562 0 55 3 0
438631 0 55 3 2
438829 0 55 3 1
438832 0 55 3 1
137018 1 56 3 3
137019 1 56 3 3
137021 1 56 3 3
142741 0 56 3 1
143761 1 56 3 1
157599 0 56 3 1
157600 0 56 3 1
157601 0 56 3 1
157602 0 56 3 1
160292 0 56 3 3
160293 0 56 3 3
243767 0 56 3 2
243770 0 56 3 2
438179 0 56 3 1
438181 0 56 3 1
439026 0 56 3 1
439094 0 56 3 3
439974 1 56 3 1
439975 1 56 3 1
439976 1 56 3 1
137346 0 57 3 1
137348 0 57 3 1
137555 0 57 3 1
137558 0 57 3 1
137559 0 57 3 1
142739 0 57 3 3
142740 1 57 3 3
158458 0 57 3 3
158460 0 57 3 3
159439 0 57 3 3
438178 1 57 3 1
438180 1 57 3 1
438182 1 57 3 1
438183 1 57 3 1
438546 0 57 3 1
440027 0 57 3 1
440029 0 57 3 1
137525 0 58 3 1
137526 0 58 3 1
137945 0 58 3 1
137949 0 58 3 1
157741 1 58 3 1
157742 1 58 3 1
157745 1 58 3 1
160292 0 58 3 1
160293 0 58 3 1
160294 0 58 3 1
160296 0 58 3 1
367614 0 58 3 3
438221 0 58 3 0
438222 0 58 3 0
439095 0 58 3 3
439097 0 58 3 3
439099 0 58 3 3
439914 0 58 3 1
439915 0 58 3 1
136930 0 59 3 1
136931 0 59 3 1
136934 0 59 3 1
136935 0 59 3 1
137017 0 59 3 3
137018 0 59 3 3
137020 0 59 3 3
137555 0 59 3 0
137558 0 59 3 0
138061 0 59 3 1
138062 0 59 3 1
143417 0 59 3 1
143420 0 59 3 1
152211 0 59 3 2
152214 0 59 3 2
438280 0 59 3 1
438281 0 59 3 1
439522 0 59 3 1
440029 0 59 3 1
74793 0 60 3 3
137091 0 60 3 2
156785 0 60 3 4
157741 0 60 3 1
157744 0 60 3 1
158416 0 60 3 1
158418 0 60 3 1
158768 0 60 3 3
158769 0 60 3 3
160292 0 60 3 1
170162 0 60 3 1
170163 0 60 3 1
170164 0 60 3 1
305540 1 60 3 3
438179 0 60 3 2
438180 0 60 3 2
438182 0 60 3 2
438183 0 60 3 2
454412 0 60 3 3
37805 0 61 3 1
37807 0 61 3 1
137550 0 61 3 3
137951 0 61 3 4
152212 0 61 3 1
152213 0 61 3 1
159337 0 61 3 1
159338 0 61 3 1
159706 0 61 3 1
439405 0 61 3 3
439406 0 61 3 3
439407 0 61 3 3
137543 0 62 3 3
137544 0 62 3 3
142253 0 62 3 2
143329 0 62 3 1
143330 0 62 3 1
158080 0 62 3 1
158081 0 62 3 1
158084 0 62 3 1
158413 0 62 3 1
158415 0 62 3 1
158590 0 62 3 3
159412 0 62 3 1
159413 0 62 3 1
438220 0 62 3 3
439132 0 62 3 1
439136 0 62 3 1
439137 0 62 3 1
439434 0 62 3 4
439912 0 62 3 1
137345 0 63 3 2
137346 0 63 3 2
142674 1 63 3 1
142675 1 63 3 1
142677 1 63 3 1
142678 1 63 3 1
143417 0 63 3 3
143418 0 63 3 3
157714 0 63 3 2
157716 0 63 3 2
157718 1 63 3 1
157719 1 63 3 1
157722 1 63 3 1
158328 0 63 3 1
158329 0 63 3 1
158330 0 63 3 1
158345 0 63 3 3
158767 0 63 3 1
158770 0 63 3 1
207769 1 63 3 1
224189 0 63 3 3
224193 0 63 3 3
454409 0 63 3 3
454461 0 63 3 4
38898 0 64 3 3
38901 0 64 3 3
137399 0 64 3 1
137400 0 64 3 1
137435 0 64 3 3
143660 0 64 3 3
143662 0 64 3 3
143797 0 64 3 3
143798 0 64 3 3
143799 0 64 3 3
157006 0 64 3 1
157010 0 64 3 1
291119 0 64 3 0
293179 1 64 3 0
438180 0 64 3 3
438181 0 64 3 3
438828 0 64 3 1
438829 0 64 3 1
438831 0 64 3 1
439696 0 64 3 3
439697 0 64 3 3
439701 0 64 3 3
142517 0 65 3 1
143687 0 65 3 1
143689 0 65 3 1
158487 1 65 3 1
158488 1 65 3 1
158489 1 65 3 1
159336 0 65 3 0
159337 0 65 3 0
159338 0 65 3 0
159340 0 65 3 0
159341 0 65 3 0
169134 0 65 3 1
169135 0 65 3 1
169136 0 65 3 1
171665 0 65 3 3
171666 0 65 3 3
224189 1 65 3 3
224193 1 65 3 3
291118 0 65 3 1
291120 0 65 3 1
291121 0 65 3 1
291122 0 65 3 1
291123 0 65 3 1
354075 0 65 3 4
439405 0 65 3 3
439406 0 65 3 3
143464 0 66 3 3
143466 0 66 3 3
143470 0 66 3 3
143566 0 66 3 1
158493 0 66 3 1
158652 0 66 3 1
158654 0 66 3 1
169515 0 66 3 3
169516 0 66 3 3
224191 1 66 3 1
224192 1 66 3 1
224193 1 66 3 1
136974 0 67 3 1
136975 0 67 3 1
136976 0 67 3 1
142202 0 67 3 1
142616 0 67 3 3
158111 0 67 3 1
158112 0 67 3 1
158594 1 67 3 0
159243 0 67 3 1
159303 1 67 3 1
159336 0 67 3 1
159337 0 67 3 1
159338 0 67 3 1
159341 0 67 3 1
159478 0 67 3 3
159480 0 67 3 3
159797 0 67 3 1
159798 0 67 3 1
159800 0 67 3 1
159801 0 67 3 1
159848 0 67 3 1
159849 0 67 3 1
159851 0 67 3 1
160144 0 67 3 0
160146 0 67 3 0
160147 0 67 3 0
160148 0 67 3 0
160160 0 67 3 1
438910 0 67 3 3
438912 0 67 3 3
557953 0 67 3 2
37694 0 68 3 1
37695 0 68 3 1
37698 0 68 3 1
38460 0 68 3 0
38461 0 68 3 0
158061 0 68 3 1
159440 0 68 3 1
159441 0 68 3 1
307193 0 68 3 1
307194 0 68 3 1
452898 0 68 3 1
142156 0 69 3 1
143306 1 69 3 1
143313 1 69 3 3
143474 1 69 3 1
151767 0 69 3 1
151768 0 69 3 1
151769 0 69 3 1
152565 0 69 3 1
158304 0 69 3 1
159134 0 69 3 1
159136 0 69 3 1
159267 0 69 3 4
159339 0 69 3 1
159340 0 69 3 1
159344 0 69 3 1
159821 0 69 3 1
159823 0 69 3 1
159825 0 69 3 1
159884 0 69 3 1
160239 0 69 3 1
37922 0 70 3 1
142202 0 70 3 3
142203 0 70 3 3
142283 0 70 3 1
142285 0 70 3 1
143430 0 70 3 1
143431 0 70 3 1
143432 0 70 3 1
143434 0 70 3 1
143435 0 70 3 1
143436 0 70 3 1
158148 0 70 3 1
158150 0 70 3 1
158239 0 70 3 1
158241 0 70 3 1
158462 1 70 3 0
158463 1 70 3 0
159840 0 70 3 3
159843 0 70 3 3
307195 0 70 3 1
438404 0 70 3 0
438406 0 70 3 0
438407 0 70 3 0
454379 0 70 3 1
454383 0 70 3 1
142207 0 71 3 3
143305 0 71 3 2
143308 0 71 3 2
158461 0 71 3 1
158464 0 71 3 1
158910 0 71 3 2
158911 0 71 3 2
159270 1 71 3 1
159272 1 71 3 1
439766 0 71 3 4
440020 1 71 3 3
557952 1 71 3 0
557951 1 71 3 2
37925 0 72 3 1
37927 0 72 3 1
39011 0 72 3 1
39014 0 72 3 1
142372 1 72 3 0
142374 1 72 3 0
142375 1 72 3 0
157900 1 72 3 1
158123 0 72 3 1
158124 0 72 3 1
158126 0 72 3 1
158316 1 72 3 1
158806 0 72 3 1
158810 0 72 3 1
159612 0 72 3 1
159615 0 72 3 1
438245 1 72 3 1
438247 1 72 3 1
438327 0 72 3 0
438330 0 72 3 0
438331 0 72 3 0
142121 0 73 3 1
142125 0 73 3 1
158237 0 73 3 3
158240 0 73 3 3
158241 0 73 3 3
158314 0 73 3 1
158739 0 73 3 1
158740 0 73 3 1
160012 0 73 3 1
160013 0 73 3 1
160014 0 73 3 1
438325 1 73 3 3
438327 1 73 3 3
438329 1 73 3 3
438330 1 73 3 3
38576 0 74 3 0
142380 0 74 3 1
143893 0 74 3 1
143894 0 74 3 1
151755 0 74 3 1
152032 0 74 3 1
158237 0 74 3 1
158241 0 74 3 1
160197 0 74 3 1
454379 0 74 3 0
454382 0 74 3 0
37814 0 75 3 1
37816 0 75 3 1
38687 0 75 3 1
38689 0 75 3 1
39366 0 75 3 1
39367 0 75 3 1
142278 0 75 3 3
157736 0 75 3 2
158148 0 75 3 3
159998 0 75 3 3
438336 1 75 3 1
438902 0 75 3 0
439176 0 75 3 1
439178 0 75 3 1
439179 0 75 3 1
439727 0 75 3 1
439728 0 75 3 1
439729 0 75 3 1
37439 0 76 3 2
38573 1 76 3 4
38574 0 76 3 3
38575 0 76 3 3
38576 0 76 3 3
40804 0 76 3 3
48411 0 76 3 3
48413 0 76 3 3
143306 0 76 3 3
143497 1 76 3 1
143499 1 76 3 1
143501 1 76 3 1
152250 1 76 3 1
158872 0 76 3 1
159163 0 76 3 1
159167 0 76 3 1
159168 0 76 3 1
159779 0 76 3 1
159781 0 76 3 1
159782 0 76 3 1
159783 0 76 3 1
159877 1 76 3 0
159878 1 76 3 0
306303 0 76 3 2
306305 0 76 3 2
306306 0 76 3 2
439327 0 76 3 0
439328 0 76 3 0
439455 0 76 3 1
439652 0 76 3 1
439654 0 76 3 1
439726 1 76 3 1
38609 0 77 3 1
39513 0 77 3 1
145850 0 77 3 3
145852 0 77 3 3
151795 0 77 3 1
151796 0 77 3 1
158055 0 77 3 3
158739 1 77 3 1
158741 1 77 3 1
158743 1 77 3 1
159132 0 77 3 1
159133 0 77 3 1
159135 0 77 3 1
159136 0 77 3 1
159787 0 77 3 1
159791 0 77 3 1
159792 0 77 3 1
159871 0 77 3 3
159875 0 77 3 0
159878 0 77 3 0
439012 0 77 3 1
439013 0 77 3 1
142121 0 78 3 3
142123 0 78 3 3
142124 0 78 3 3
158788 0 78 3 3
356107 0 78 3 3
356110 0 78 3 3
356112 0 78 3 3
384604 0 78 3 3
384605 0 78 3 3
16032 0 79 3 3
16035 0 79 3 3
39497 0 79 3 1
39498 0 79 3 1
150965 1 79 3 1
151380 0 79 3 3
151753 1 79 3 1
151758 1 79 3 1
157891 0 79 3 2
159166 1 79 3 2
159168 1 79 3 2
160232 1 79 3 1
160233 1 79 3 1
438804 0 79 3 3
439016 0 79 3 1
439018 0 79 3 1
439067 0 79 3 1
439070 0 79 3 1
439071 0 79 3 1
439073 0 79 3 1
439718 0 79 3 1
439726 0 79 3 3
439727 0 79 3 3
440025 0 79 3 1
440026 0 79 3 1
440029 0 79 3 1
440030 0 79 3 1
37484 0 80 3 1
37486 0 80 3 1
38465 1 80 3 1
38467 1 80 3 1
38537 1 80 3 1
38538 1 80 3 1
53577 0 80 3 2
155085 0 80 3 3
157683 0 80 3 1
158261 0 80 3 1
158262 0 80 3 1
158264 0 80 3 1
158615 0 80 3 3
158617 0 80 3 3
158809 0 80 3 1
159710 0 80 3 1
159711 0 80 3 1
159714 0 80 3 1
159715 0 80 3 1
243050 0 80 3 3
243052 0 80 3 3
279957 1 80 3 1
279958 1 80 3 1
301188 1 80 3 3
301189 1 80 3 3
438425 0 80 3 3
438428 0 80 3 3
438659 0 80 3 1
438660 0 80 3 1
438661 0 80 3 1
438662 0 80 3 1
438900 1 80 3 3
525252 0 80 3 3
37484 1 81 3 1
37487 1 81 3 1
37488 1 81 3 1
150965 1 81 3 1
150966 1 81 3 1
150967 1 81 3 1
151465 0 81 3 1
151466 0 81 3 1
151468 0 81 3 1
151469 0 81 3 1
151501 1 81 3 1
151503 1 81 3 1
152918 0 81 3 1
152919 0 81 3 1
37519 1 82 3 1
38490 0 82 3 4
38610 1 82 3 3
39093 0 82 3 3
39095 0 82 3 3
152827 0 82 3 1
158750 0 82 3 3
160231 1 82 3 1
160232 1 82 3 1
160236 1 82 3 1
177487 0 82 3 3
177488 0 82 3 3
179623 0 82 3 3
179625 0 82 3 3
438436 0 82 3 1
438439 0 82 3 1
438440 0 82 3 1
34570 0 83 3 3
34571 0 83 3 3
34573 0 83 3 3
37766 0 83 3 1
37767 0 83 3 1
37769 0 83 3 1
38015 0 83 3 0
38168 0 83 3 1
39249 0 83 3 3
39250 0 83 3 3
39254 0 83 3 3
151464 0 83 3 3
151465 0 83 3 3
151466 0 83 3 3
151467 0 83 3 3
151753 0 83 3 3
151755 0 83 3 3
151756 0 83 3 3
151757 0 83 3 3
152423 1 83 3 1
152425 1 83 3 1
159455 0 83 3 3
159458 0 83 3 3
160063 1 83 3 1
160065 1 83 3 1
299698 1 83 3 0
299699 1 83 3 0
311191 0 83 3 3
311192 0 83 3 3
414016 1 83 3 3
438143 1 83 3 1
438144 1 83 3 1
438145 1 83 3 1
438146 1 83 3 1
438952 0 83 3 1
439017 0 83 3 2
439018 0 83 3 2
439021 0 83 3 2
37857 0 84 3 1
37858 0 84 3 1
37859 0 84 3 1
38688 0 84 3 1
39213 0 84 3 2
39252 1 84 3 1
124881 0 84 3 3
143683 1 84 3 1
143684 1 84 3 1
151091 0 84 3 3
151466 0 84 3 1
151467 0 84 3 1
151468 0 84 3 1
151464 0 84 3 1
151467 0 84 3 1
151468 0 84 3 1
151469 0 84 3 1
153143 0 84 3 1
153144 0 84 3 1
153147 0 84 3 1
155088 1 84 3 1
155090 1 84 3 1
155092 1 84 3 1
159543 0 84 3 1
159544 0 84 3 1
159545 0 84 3 1
159712 0 84 3 1
159713 0 84 3 1
159714 0 84 3 1
179520 0 84 3 1
179521 0 84 3 1
179522 0 84 3 1
180789 0 84 3 2
180790 0 84 3 2
220999 0 84 3 3
438660 0 84 3 1
438662 0 84 3 1
439628 0 84 3 3
16036 0 85 3 1
37487 0 85 3 0
38017 0 85 3 1
151461 0 85 3 4
151501 0 85 3 3
151503 0 85 3 3
152506 0 85 3 1
158249 0 85 3 1
158250 0 85 3 1
158251 0 85 3 1
158252 0 85 3 1
158263 0 85 3 1
158265 0 85 3 1
158931 0 85 3 3
158933 0 85 3 3
159456 0 85 3 3
159837 0 85 3 1
438766 0 85 3 1
37870 0 86 3 1
37873 0 86 3 1
38013 0 86 3 3
38014 0 86 3 3
39093 0 86 3 2
39370 0 86 3 1
39372 0 86 3 1
39373 0 86 3 1
39374 0 86 3 1
39375 0 86 3 1
39376 0 86 3 1
158438 0 86 3 1
158439 0 86 3 1
158442 0 86 3 1
158443 0 86 3 1
160257 0 86 3 1
438347 0 86 3 3
438350 0 86 3 3
438957 0 86 3 3
438958 0 86 3 3
439965 0 86 3 1
439968 0 86 3 1
439969 0 86 3 1
439970 0 86 3 1
37955 0 87 3 1
37958 0 87 3 1
37959 0 87 3 1
38070 0 87 3 1
38608 0 87 3 3
39474 0 87 3 0
90446 1 87 3 3
143483 0 87 3 1
143485 0 87 3 1
151098 0 87 3 1
217829 1 87 3 4
221000 1 87 3 2
221001 1 87 3 2
438485 0 87 3 1
438487 0 87 3 1
438489 0 87 3 1
438755 0 87 3 1
34570 0 88 3 3
34571 0 88 3 3
37484 0 88 3 3
37485 0 88 3 3
37487 0 88 3 3
37943 0 88 3 1
38018 0 88 3 1
38229 0 88 3 1
38231 0 88 3 1
38232 0 88 3 1
38233 0 88 3 1
39155 0 88 3 1
150974 0 88 3 1
150975 0 88 3 1
151082 0 88 3 1
151995 0 88 3 1
152422 0 88 3 3
152424 0 88 3 3
438758 0 88 3 2
438760 0 88 3 2
438761 0 88 3 2
37464 0 89 3 1
37901 1 89 3 1
37903 1 89 3 1
37905 1 89 3 1
37907 1 89 3 1
38992 0 89 3 1
158132 0 89 3 1
158133 0 89 3 1
158260 0 89 3 1
158265 0 89 3 1
158259 0 89 3 3
158260 0 89 3 3
158261 0 89 3 3
158263 0 89 3 3
160070 0 89 3 3
438491 0 89 3 3
439914 0 89 3 1
439916 0 89 3 1
439964 0 89 3 3
439966 0 89 3 3
439967 0 89 3 3
471665 1 89 3 3
538568 0 89 3 0
38019 0 90 3 1
38021 0 90 3 1
38022 0 90 3 1
39371 1 90 3 0
39372 1 90 3 0
39374 1 90 3 0
39375 1 90 3 0
151011 0 90 3 1
151012 0 90 3 1
151013 0 90 3 1
159542 1 90 3 1
160261 0 90 3 3
164382 0 90 3 3
246968 1 90 3 3
370507 0 90 3 3
370509 0 90 3 3
438645 0 90 3 3
438646 0 90 3 3
538222 0 90 3 1
39183 0 91 3 3
39185 0 91 3 3
39346 0 91 3 1
39370 0 91 3 3
39371 0 91 3 3
39372 0 91 3 3
39376 0 91 3 3
151008 1 91 3 1
151495 0 91 3 1
151497 0 91 3 1
300156 0 91 3 3
37628 0 92 3 3
38228 0 92 3 2
38231 0 92 3 2
38233 0 92 3 2
39140 0 92 3 1
39144 0 92 3 1
39371 1 92 3 1
39376 1 92 3 1
150888 0 92 3 3
326957 0 92 3 3
326958 0 92 3 3
326959 0 92 3 3
538172 0 92 3 3
538173 0 92 3 3
538174 0 92 3 3
538333 0 92 3 3
538335 0 92 3 3
538553 0 92 3 4
538554 0 92 3 4
538555 0 92 3 4
38581 0 93 3 1
38692 0 93 3 1
39374 1 93 3 1
39375 1 93 3 1
39376 1 93 3 1
151255 0 93 3 1
151256 0 93 3 1
151497 0 93 3 3
151498 0 93 3 3
152399 0 93 3 1
538900 0 93 3 1
538903 0 93 3 1
538904 0 93 3 1
37880 0 94 3 3
55305 0 94 3 3
439964 0 94 3 2
439965 0 94 3 2
439966 0 94 3 2
439969 0 94 3 2
538172 0 94 3 2
538174 0 94 3 2
37766 1 95 3 2
37767 1 95 3 2
37769 1 95 3 2
37770 1 95 3 2
38865 1 95 3 3
39165 1 95 3 0
39166 1 95 3 0
39370 0 95 3 1
39371 0 95 3 1
39374 0 95 3 1
39375 0 95 3 1
159924 0 95 3 2
300157 0 95 3 2
538124 0 95 3 1
538125 0 95 3 1
538128 0 95 3 1
159608 0 96 3 1
159609 0 96 3 1
159610 0 96 3 1
538072 1 96 3 1
538073 1 96 3 1
38665 0 97 3 1
131326 1 97 3 1
131329 1 97 3 1
151442 0 97 3 1
151444 0 97 3 1
151445 0 97 3 1
151815 0 97 3 1
159778 0 97 3 3
159779 0 97 3 3
159781 0 97 3 3
232072 1 97 3 3
232075 1 97 3 3
438635 0 97 3 3
537663 0 97 3 1
537665 0 97 3 1
38005 0 98 3 2
38008 0 98 3 2
38446 0 98 3 3
39313 0 98 3 2
39314 0 98 3 2
39316 0 98 3 2
152191 0 98 3 1
152192 0 98 3 1
152193 0 98 3 1
152197 0 98 3 1
170598 0 98 3 2
170599 0 98 3 2
391324 0 98 3 3
391325 0 98 3 3
506256 0 98 3 3
506257 0 98 3 3
506259 0 98 3 3
38757 0 99 3 3
39357 0 99 3 4
506256 0 99 3 3
539142 0 99 3 4
37789 0 100 3 3
38445 0 100 3 2
126215 0 100 3 3
126709 0 100 3 3
152797 0 100 3 3
153035 0 100 3 1
153036 0 100 3 1
153037 0 100 3 1
153038 0 100 3 1
537477 0 100 3 1
537479 0 100 3 1
38382 0 101 3 1
38384 0 101 3 1
152077 0 101 3 1
171181 0 101 3 0
171183 0 101 3 0
506257 0 101 3 1
527434 0 101 3 2
38294 1 102 3 1
38295 1 102 3 1
38296 1 102 3 1
38298 1 102 3 1
38666 0 102 3 0
38667 0 102 3 0
38668 0 102 3 0
39216 0 102 3 1
152961 1 102 3 1
176252 0 102 3 2
176255 0 102 3 2
38332 0 103 3 3
38333 0 103 3 3
38381 0 103 3 1
38383 0 103 3 1
39339 0 103 3 3
94681 1 103 3 1
151692 0 103 3 1
151693 0 103 3 1
151694 0 103 3 1
151695 0 103 3 1
152822 0 103 3 1
152827 0 103 3 1
160112 0 103 3 3
537788 0 103 3 1
38363 0 104 3 1
38365 0 104 3 1
38366 0 104 3 1
506256 0 104 3 1
506258 0 104 3 1
538532 0 104 3 1
538535 0 104 3 1
160067 0 105 3 3
176246 0 105 3 3
176247 0 105 3 3
176248 0 105 3 3
337554 0 105 3 3
527434 0 105 3 2
152823 0 106 3 3
152825 0 106 3 3
152826 0 106 3 3
153034 0 106 3 3
153035 0 106 3 3
153036 0 106 3 3
153038 0 106 3 3
158136 0 106 3 3
158137 0 106 3 3
38545 0 107 3 4
39168 0 107 3 1
39171 0 107 3 1
39214 0 107 3 3
152077 1 107 3 0
152125 0 107 3 1
152128 0 107 3 1
152986 1 107 3 2
152988 1 107 3 2
158408 0 107 3 1
158409 0 107 3 1
158411 0 107 3 1
158412 0 107 3 1
94684 1 108 3 3
150986 0 108 3 0
151813 0 109 3 3
151815 0 109 3 3
151816 0 109 3 3
152985 0 109 3 0
152987 0 109 3 0
176856 0 109 3 2
235699 0 109 3 3
235700 0 109 3 3
405780 0 109 3 3
538491 1 109 3 1
538492 1 109 3 1
39314 0 110 3 0
39316 0 110 3 0
39317 0 110 3 0
39318 0 110 3 0
220432 0 110 3 1
220435 0 110 3 1
538584 0 110 3 1
538585 0 110 3 1
39169 1 111 3 1
39172 1 111 3 1
151813 0 111 3 1
151815 0 111 3 1
151816 0 111 3 1
151817 0 111 3 1
152870 1 111 3 4
158408 0 111 3 3
158410 0 111 3 3
158412 0 111 3 3
220521 1 111 3 0
220522 1 111 3 0
220523 1 111 3 0
220524 1 111 3 0
537821 0 111 3 1
39158 0 112 3 1
151691 0 112 3 1
151694 0 112 3 1
151695 0 112 3 1
151696 0 112 3 1
152282 0 112 3 3
152283 0 112 3 3
158408 0 112 3 3
158410 0 112 3 3
158411 0 112 3 3
159751 0 112 3 0
159752 0 112 3 0
220577 0 112 3 1
220578 0 112 3 1
220612 0 112 3 1
221276 0 112 3 1
221277 0 112 3 1
538608 0 112 3 3
539173 0 112 3 1
539174 0 112 3 1
220772 0 113 3 1
220773 0 113 3 1
220775 0 113 3 1
220776 0 113 3 1
537519 1 113 3 1
538690 0 113 3 1
538692 0 113 3 1
538693 0 113 3 1
405779 1 114 3 3
537818 0 114 3 3
537819 0 114 3 3
537822 0 114 3 3
538138 1 114 3 1
538780 1 114 3 1
538781 1 114 3 1
538783 1 114 3 1
538784 1 114 3 1
39168 0 115 3 3
39169 0 115 3 3
39170 0 115 3 3
39171 0 115 3 3
39172 0 115 3 3
152354 0 115 3 3
152355 0 115 3 3
220711 1 115 3 0
220713 1 115 3 0
220715 1 115 3 0
235641 1 115 3 2
522997 0 115 3 3
42927 0 116 3 1
42928 0 116 3 1
42929 0 116 3 1
212771 1 116 3 3
212772 1 116 3 3
212773 1 116 3 3
220056 0 116 3 1
464673 0 116 3 3
464674 0 116 3 3
537754 0 116 3 1
43495 0 117 3 1
537729 0 117 3 3
537730 0 117 3 3
537732 0 117 3 3
538942 1 117 3 1
538943 1 117 3 1
538945 1 117 3 1
538946 1 117 3 1
538947 1 117 3 1
219847 0 118 3 1
380161 0 118 3 3
537729 0 118 3 3
537730 0 118 3 3
537732 0 118 3 3
537733 0 118 3 3
539005 0 118 3 1
153612 0 119 3 1
220613 0 119 3 3
220614 0 119 3 3
220615 0 119 3 3
221133 0 119 3 1
43075 0 120 3 1
43580 0 120 3 1
44136 0 120 3 3
44137 0 120 3 3
44138 0 120 3 3
537923 0 120 3 4
537924 0 120 3 4
82844 1 121 3 3
82845 1 121 3 3
215350 0 121 3 3
153468 0 122 3 1
153471 0 122 3 1
153675 0 122 3 1
153680 0 122 3 1
154910 1 122 3 1
155633 0 122 3 1
155636 0 122 3 1
538490 0 122 3 1
37519 0 123 3 1
43076 0 123 3 3
82849 0 123 3 1
83691 0 123 3 1
83693 0 123 3 1
83694 0 123 3 1
83695 0 123 3 1
154188 1 123 3 3
154652 0 123 3 1
155608 1 123 3 1
155609 1 123 3 1
155610 1 123 3 1
221133 0 123 3 1
277756 0 123 3 2
537730 0 123 3 1
537732 0 123 3 1
537734 0 123 3 1
554995 0 123 3 3
154849 0 124 3 1
154850 0 124 3 1
154851 0 124 3 1
154854 0 124 3 1
539155 0 124 3 1
539156 0 124 3 1
539159 0 124 3 1
539160 0 124 3 1
38517 0 125 3 1
38519 0 125 3 1
154909 0 125 3 3
154912 0 125 3 3
221071 0 125 3 0
221072 0 125 3 0
153836 0 126 3 1
153838 0 126 3 1
154569 0 126 3 1
221005 0 126 3 1
221006 0 126 3 1
277754 0 126 3 3
277756 0 126 3 3
538211 1 126 3 1
538213 1 126 3 1
538214 1 126 3 1
538490 0 126 3 3
538781 0 126 3 1
538782 0 126 3 1
538784 0 126 3 1
539002 0 126 3 4
20675 0 127 3 3
20677 0 127 3 3
37514 0 127 3 1
37515 0 127 3 1
83829 1 127 3 1
83830 1 127 3 1
83832 1 127 3 1
88830 0 127 3 1
88831 0 127 3 1
154189 1 127 3 1
154650 0 127 3 3
154651 0 127 3 3
154652 0 127 3 3
154653 0 127 3 3
154655 0 127 3 3
155220 0 127 3 3
155221 0 127 3 3
155633 0 127 3 3
155634 0 127 3 3
155635 0 127 3 3
227849 1 127 3 2
537731 0 127 3 0
537733 0 127 3 0
537734 0 127 3 0
538882 0 127 3 3
539158 1 127 3 1
539159 1 127 3 1
543444 0 127 3 3
88882 0 128 3 3
153707 0 128 3 1
153708 0 128 3 1
154184 0 128 3 2
277426 0 128 3 3
539065 0 128 3 1
539066 0 128 3 1
153437 0 129 3 3
153441 0 129 3 3
271935 0 129 3 3
356749 0 129 3 4
356754 0 129 3 2
384645 0 129 3 3
438184 0 129 3 3
154284 0 130 3 3
154285 0 130 3 3
154287 0 130 3 3
154650 0 130 3 3
154653 0 130 3 3
531539 0 130 3 2
220900 0 131 3 1
331874 0 131 3 3
331876 0 131 3 3
476211 0 131 3 4
538880 0 131 3 1
538882 0 131 3 1
38516 0 132 3 1
38518 0 132 3 1
38519 0 132 3 1
38521 0 132 3 1
107523 0 132 3 3
107524 0 132 3 3
153242 0 132 3 3
153245 0 132 3 3
20688 0 133 3 3
153246 0 133 3 1
153441 0 133 3 3
153807 0 133 3 1
153809 0 133 3 1
153810 0 133 3 1
155658 0 133 3 0
155660 0 133 3 0
220619 0 133 3 3
26186 0 134 3 2
116748 0 134 3 3
153241 0 134 3 1
153243 0 134 3 1
405201 1 134 3 1
20682 0 135 3 3
20683 0 135 3 3
160008 0 135 3 3
197286 0 136 3 3
197287 0 136 3 3
197288 0 136 3 3
329852 0 136 3 3
329853 0 136 3 3
22303 0 137 3 1
22304 0 137 3 1
22305 0 137 3 1
220831 0 137 3 3
405368 0 137 3 1
20201 0 139 3 4
153731 0 139 3 1
153732 0 139 3 1
154633 0 139 3 3
154699 0 139 3 1
194879 0 139 3 2
194880 0 139 3 2
194883 0 139 3 2
482168 0 139 3 3
482169 0 139 3 3
220833 1 140 3 0
20259 0 141 3 4
153266 0 141 3 1
153397 0 141 3 1
153398 0 141 3 1
20391 0 142 3 1
20392 0 142 3 1
20394 0 142 3 1
22371 0 142 3 1
22372 0 142 3 1
405368 1 142 3 1
60042 0 143 3 3
21942 0 144 3 1
21945 0 144 3 1
20479 0 145 3 3
20480 0 145 3 3
154324 0 146 3 4
155104 0 149 3 1
155105 0 149 3 1
155106 0 149 3 1
220202 0 149 3 1
220206 0 149 3 1
220207 0 149 3 1
461455 1 149 3 3
461456 1 149 3 3
154668 0 150 3 1
11662 0 151 3 1
11663 0 151 3 1
153477 0 151 3 1
220541 1 151 3 1
220542 1 151 3 1
220544 1 151 3 1
155340 1 152 3 1
12546 0 153 3 1
12549 0 153 3 1
12551 0 153 3 1
153476 0 153 3 1
153479 0 153 3 1
155308 0 153 3 1
155309 0 153 3 1
155310 0 153 3 1
219752 0 153 3 1
220206 0 153 3 1
220698 0 153 3 1
220700 0 153 3 1
153313 0 154 3 1
153317 0 154 3 1
155102 0 155 3 3
155103 0 155 3 3
155104 0 155 3 3
155106 0 155 3 3
155307 0 155 3 1
155310 0 155 3 1
11855 0 156 3 1
220203 0 157 3 1
220204 0 157 3 1
220205 0 157 3 1
220207 0 157 3 1
155027 0 158 3 1
155028 0 158 3 1
155030 0 158 3 1
155031 0 158 3 1
220543 0 159 3 3
220546 0 159 3 3
153727 0 161 3 1
154993 0 161 3 1
154994 0 161 3 1
154996 0 161 3 1
155030 0 161 3 1
155031 0 161 3 1
154093 0 162 3 1
154094 0 162 3 1
154096 0 162 3 1
154389 0 162 3 1
154390 0 162 3 1
219989 0 162 3 1
219991 0 162 3 1
219992 0 162 3 1
153336 0 163 3 1
153337 0 163 3 1
153339 0 163 3 1
153340 0 163 3 1
153436 1 163 3 1
153921 1 163 3 1
153352 1 164 3 1
219788 1 164 3 1
219790 1 164 3 1
154449 0 165 3 1
154451 0 165 3 1
154673 0 165 3 3
155199 1 165 3 1
155201 1 165 3 1
155316 0 165 3 1
155318 0 165 3 1
153337 0 166 3 1
153338 0 166 3 1
153339 0 166 3 1
153482 0 166 3 1
153483 0 166 3 1
153641 1 166 3 1
154243 1 167 3 1
154244 1 167 3 1
155277 1 167 3 1
155278 1 167 3 1
155279 1 167 3 1
153433 0 168 3 3
153434 0 168 3 3
154064 1 168 3 0
154065 1 168 3 0
154068 1 168 3 0
154710 0 168 3 1
154712 0 168 3 1
155312 0 168 3 3
155319 0 168 3 1
153693 0 169 3 1
153695 0 169 3 1
153697 0 169 3 1
154063 0 169 3 1
416102 0 169 3 2
416104 0 169 3 2
153260 0 170 3 1
153261 0 170 3 1
153262 0 170 3 1
153965 0 170 3 3
154243 0 170 3 1
154245 0 170 3 1
154246 0 170 3 1
342507 0 170 3 3
342508 0 170 3 3
548251 1 170 3 3
548252 1 170 3 3
548254 1 170 3 3
153641 0 172 3 1
153642 0 172 3 1
153645 0 172 3 1
154979 0 172 3 1
155175 0 172 3 1
155177 0 172 3 1
155178 0 172 3 1
154064 0 173 3 3
154065 0 173 3 3
154068 0 173 3 3
548256 0 173 3 2
51926 1 174 3 3
153260 0 174 3 3
153263 0 174 3 3
153707 0 176 3 1
153927 0 176 3 3
154345 1 176 3 1
154349 1 176 3 1
154650 0 176 3 1
154651 0 176 3 1
154655 0 176 3 1
548252 0 176 3 2
154663 0 177 3 1
154665 0 177 3 1
154899 0 177 3 1
154004 0 178 3 3
154214 0 178 3 3
154374 0 178 3 1
154376 0 178 3 1
154903 0 178 3 1
154904 0 178 3 1
154905 0 178 3 1
154906 0 178 3 1
155057 0 178 3 3
289333 0 179 3 3
152750 0 180 3 2
155436 0 180 3 1
153847 0 181 3 1
153850 0 181 3 1
154901 0 181 3 3
154902 0 181 3 3
154904 0 181 3 3
154905 0 181 3 3
154213 0 182 3 3
154220 1 182 3 4
152745 0 183 3 4
154128 1 183 3 1
154130 1 183 3 1
154131 1 183 3 1
154133 1 183 3 1
154902 0 183 3 3
154903 0 183 3 3
154904 0 183 3 3
155352 0 183 3 1
155437 0 183 3 0
155438 0 183 3 0
274293 0 183 3 3
274294 0 183 3 3
154920 0 184 3 1
154921 0 184 3 1
155023 0 184 3 1
347033 0 184 3 3
153282 1 185 3 1
153702 0 185 3 1
153703 0 185 3 1
153704 0 185 3 1
155122 0 185 3 1
155123 0 185 3 1
155125 0 185 3 1
155127 0 185 3 1
274532 0 185 3 1
274534 0 185 3 1
274551 0 185 3 1
274552 0 185 3 1
274557 0 185 3 1
347033 0 185 3 3
347034 0 185 3 3
347036 0 185 3 3
83327 0 186 3 3
153905 0 186 3 1
155067 0 186 3 3
155466 0 186 3 1
225915 0 186 3 3
275412 1 186 3 1
275413 1 186 3 1
153328 0 187 3 3
153331 0 187 3 3
154403 1 187 3 3
475918 0 187 3 2
475919 0 187 3 2
153789 0 188 3 1
155035 0 188 3 1
274289 0 188 3 0
274290 0 188 3 0
274291 0 188 3 0
275186 0 188 3 1
275188 0 188 3 1
215748 0 189 3 3
215749 0 189 3 3
274257 1 189 3 1
406713 0 189 3 3
153702 1 190 3 3
155130 0 190 3 0
473569 1 190 3 2
473570 1 190 3 2
153786 0 191 3 1
153789 0 191 3 1
154127 0 192 3 1
154133 0 192 3 1
274288 0 192 3 1
274291 0 192 3 1
153632 0 193 3 1
153635 0 193 3 1
290058 0 193 3 1
290060 0 193 3 1
290062 0 193 3 1
154335 0 194 3 1
155566 0 197 3 1
155567 0 197 3 1
290058 0 197 3 3
290059 0 197 3 3
290060 0 197 3 3
290061 0 197 3 3
154927 1 198 3 1
154929 1 198 3 1
346917 0 199 3 1
290058 0 200 3 1
290063 0 200 3 1
346109 0 201 3 1
346110 0 201 3 1
347719 0 201 3 1
347721 0 201 3 1
346916 1 202 3 3
345961 0 203 3 1
345964 0 203 3 1
345965 0 203 3 1
153668 0 204 3 1
153669 0 204 3 1
153671 0 204 3 1
153672 0 204 3 1
154336 0 204 3 1
154337 0 204 3 1
154340 0 204 3 1
346675 0 204 3 1
347687 0 204 3 3
154286 0 205 3 1
290064 0 205 3 1
290066 0 205 3 1
290067 0 205 3 1
346111 0 205 3 2
347981 0 205 3 3
153668 0 208 3 3
153670 0 208 3 3
153671 0 208 3 3
346486 0 208 3 1
347131 0 208 3 1
347369 0 208 3 1
347371 0 208 3 1
347819 0 208 3 1
153962 0 209 3 4
347763 0 209 3 1
347766 0 209 3 1
347213 0 210 3 1
347214 0 210 3 1
347395 0 210 3 1
347396 0 210 3 1
347397 0 210 3 1
347398 0 210 3 1
347416 0 210 3 1
347507 0 210 3 2
233381 0 212 3 2
233382 0 212 3 2
233384 0 212 3 2
233386 0 212 3 2
233387 0 212 3 2
346338 0 212 3 3
346770 1 212 3 1
346772 1 212 3 1
347764 1 212 3 1
347765 1 212 3 1
347766 1 212 3 1
347767 1 212 3 1
153767 0 213 3 3
346349 1 213 3 1
346529 0 213 3 1
346530 0 213 3 1
346533 0 213 3 1
347748 0 213 3 3
347749 0 213 3 3
347750 0 213 3 3
346516 0 214 3 3
346771 1 214 3 1
347101 0 214 3 1
347103 0 214 3 1
347220 0 214 3 3
347223 0 214 3 3
347775 0 214 3 1
248528 0 215 3 2
346297 0 215 3 3
346298 0 215 3 3
346299 0 215 3 3
347220 0 215 3 0
347222 0 215 3 0
347223 0 215 3 0
347382 1 215 3 1
347385 1 215 3 1
347518 0 215 3 1
347520 0 215 3 1
426455 0 215 3 3
233384 0 216 3 1
346232 0 216 3 1
346679 0 216 3 1
346681 0 216 3 1
346682 0 216 3 1
347210 0 216 3 3
347636 0 216 3 1
347637 0 216 3 1
347744 1 216 3 1
346347 1 217 3 2
346349 1 217 3 2
346567 0 217 3 1
346568 0 217 3 1
377858 0 217 3 3
345970 0 218 3 1
345972 0 218 3 1
345975 0 218 3 1
346078 0 218 3 1
346080 0 218 3 1
346200 0 218 3 1
346202 0 218 3 1
346768 0 218 3 3
346769 0 218 3 3
346930 0 218 3 3
345952 0 219 3 1
345954 0 219 3 1
346340 0 219 3 1
346341 0 219 3 1
346481 0 219 3 1
346482 0 219 3 1
346890 1 219 3 1
346892 1 219 3 1
346893 1 219 3 1
347457 0 219 3 0
347458 0 219 3 0
345971 0 220 3 3
345972 0 220 3 3
345973 0 220 3 3
345975 0 220 3 3
346114 0 220 3 1
346116 0 220 3 1
346117 0 220 3 1
346163 1 220 3 1
346164 1 220 3 1
346318 0 220 3 1
346319 0 220 3 1
346317 0 220 3 1
346320 0 220 3 1
346380 0 220 3 1
346382 0 220 3 1
346383 0 220 3 1
346823 1 220 3 1
346826 1 220 3 1
346827 1 220 3 1
346963 0 220 3 3
346964 0 220 3 3
347381 0 220 3 1
347383 0 220 3 1
347538 0 220 3 1
347691 0 220 3 3
348022 0 220 3 1
348025 0 220 3 1
348026 0 220 3 1
233381 0 221 3 3
233385 0 221 3 3
346315 0 221 3 3
346342 1 221 3 0
346343 1 221 3 0
346412 1 221 3 1
346500 0 221 3 1
345963 1 222 3 0
345964 1 222 3 0
345961 0 222 3 3
345963 0 222 3 3
345965 0 222 3 3
346358 0 222 3 1
346359 0 222 3 1
346363 0 222 3 1
346364 0 222 3 1
346919 0 222 3 4
347096 0 222 3 1
347291 0 222 3 1
347293 0 222 3 1
347294 0 222 3 1
347586 0 222 3 3
347588 0 222 3 3
346114 1 223 3 1
346117 1 223 3 1
346479 0 223 3 1
346481 0 223 3 1
346482 0 223 3 1
346542 0 223 3 1
346544 0 223 3 1
347382 1 223 3 3
347384 1 223 3 3
348022 0 223 3 3
348026 0 223 3 3
233384 0 224 3 1
233385 0 224 3 1
236871 0 224 3 3
346544 1 224 3 1
346545 1 224 3 1
346966 1 224 3 0
347013 0 224 3 1
347060 0 224 3 2
347061 0 224 3 2
347063 0 224 3 2
347290 0 224 3 0
347294 0 224 3 0
347586 0 224 3 1
347589 0 224 3 1
347590 0 224 3 1
347727 0 224 3 1
347729 0 224 3 1
347808 0 224 3 3
347809 0 224 3 3
459977 0 224 3 3
345994 0 225 3 1
345995 0 225 3 1
345997 0 225 3 1
346448 0 225 3 1
346450 0 225 3 1
347661 0 225 3 1
347663 0 225 3 1
354043 0 225 3 3
345995 0 226 3 1
345997 0 226 3 1
345998 0 226 3 1
346147 0 226 3 1
347391 0 226 3 1
347392 0 226 3 1
347663 0 226 3 0
347664 0 226 3 0
347729 0 226 3 1
347730 0 226 3 1
347936 0 226 3 3
347939 0 226 3 3
348022 0 226 3 3
348025 0 226 3 3
219106 0 227 3 2
345998 0 227 3 1
346071 0 227 3 1
346072 0 227 3 1
346073 0 227 3 1
346074 0 227 3 1
346073 1 227 3 1
346074 1 227 3 1
346435 0 227 3 3
346437 0 227 3 3
346440 0 227 3 3
346858 0 227 3 3
347619 1 227 3 1
429715 1 227 3 3
30479 0 228 3 4
346855 0 228 3 3
346876 0 228 3 3
346877 0 228 3 3
346878 0 228 3 3
346879 0 228 3 3
347104 0 228 3 3
347435 0 228 3 1
347436 0 228 3 1
347438 0 228 3 1
347434 0 228 3 1
347437 0 228 3 1
347438 0 228 3 1
347828 0 228 3 4
347829 0 228 3 4
347863 0 228 3 1
347864 0 228 3 1
347865 0 228 3 1
347930 0 228 3 1
347932 0 228 3 1
347933 0 228 3 1
347934 0 228 3 1
346877 0 229 3 1
346879 0 229 3 1
346939 1 229 3 1
346941 1 229 3 1
346942 1 229 3 1
346944 1 229 3 1
347436 0 229 3 1
200413 0 230 3 3
200415 0 230 3 3
347523 0 230 3 3
347524 0 230 3 3
347810 1 230 3 1
346471 0 231 3 3
346472 0 231 3 3
346473 0 231 3 3
346878 0 231 3 1
346879 0 231 3 1
346881 0 231 3 1
347557 0 231 3 1
188663 0 232 3 3
346025 1 232 3 1
346854 0 232 3 3
347432 0 232 3 1
347861 0 232 3 1
347863 0 232 3 1
161282 0 234 3 3
69878 0 235 3 2
69879 0 235 3 2
200410 0 235 3 2
200412 0 235 3 2
347109 0 235 3 1
347114 0 235 3 1
347335 0 235 3 0
347336 0 235 3 0
347337 0 235 3 0
347931 0 235 3 1
347933 0 235 3 1
347934 0 235 3 1
346757 0 236 3 1
346103 0 237 3 0
346104 0 237 3 0
346758 1 237 3 1
347034 0 237 3 1
347036 0 237 3 1
347570 0 237 3 2
347811 0 237 3 3
338103 1 238 3 3
347329 0 238 3 3
347429 1 238 3 1
347430 1 238 3 1
347432 1 238 3 1
347810 0 238 3 1
347811 0 238 3 1
347918 0 238 3 0
347920 0 238 3 0
347335 0 239 3 3
347336 0 239 3 3
347432 0 239 3 0
347433 0 239 3 0
76030 0 240 3 3
346903 1 240 3 1
346904 1 240 3 1
347165 1 241 3 1
76018 0 242 3 1
76019 0 242 3 1
76022 0 242 3 1
347872 1 242 3 3
347976 0 243 3 0
347979 0 243 3 0
347976 0 243 3 3
347977 0 243 3 3
471393 0 243 3 3
39678 0 244 3 4
150490 1 244 3 0
150492 1 244 3 0
346094 0 244 3 1
76019 0 245 3 3
76021 0 245 3 3
346633 0 245 3 1
346635 0 245 3 1
347658 0 245 3 4
493855 0 245 3 3
471392 0 247 3 2
471394 0 247 3 2
76021 0 251 3 1
75594 0 254 3 1
75596 0 254 3 1
75829 0 255 3 1
76458 0 255 3 1
76459 0 255 3 1
76460 0 255 3 1
75593 0 256 3 1
75596 0 256 3 1
75597 0 256 3 1
76760 0 256 3 3
76762 0 256 3 3
76764 0 256 3 3
76766 0 256 3 3
76624 0 257 3 1
76627 0 257 3 1
76628 0 257 3 1
76782 0 257 3 2
76785 0 257 3 2
76787 0 257 3 2
76788 0 257 3 2
75741 1 258 3 1
76113 0 258 3 1
76139 1 258 3 2
76140 1 258 3 2
76821 0 258 3 1
76822 0 258 3 1
130278 0 258 3 3
75421 0 259 3 1
75423 0 259 3 1
75424 0 259 3 1
75425 0 259 3 1
75802 1 259 3 1
75803 1 259 3 1
75210 0 260 3 1
75213 0 260 3 1
75214 0 260 3 1
76778 0 260 3 1
140837 0 260 3 2
140838 0 260 3 2
140839 0 260 3 2
75970 0 261 3 1
75971 0 261 3 1
76365 0 261 3 4
124809 0 261 3 3
124810 0 261 3 3
124812 0 261 3 3
496960 0 261 3 3
496961 0 261 3 3
75214 0 262 3 3
76668 0 262 3 1
76669 0 262 3 1
75421 0 263 3 3
75422 0 263 3 3
75424 0 263 3 3
76266 1 263 3 1
76268 1 263 3 1
75211 0 264 3 1
75214 0 264 3 1
496965 0 264 3 1
75748 0 265 3 1
75750 0 265 3 1
75752 0 265 3 1
76454 1 265 3 1
141700 1 265 3 1
141701 1 265 3 1
141703 1 265 3 1
141909 1 265 3 1
141912 1 265 3 1
76495 0 266 3 3
141073 0 266 3 1
75762 0 267 3 1
76182 0 267 3 4
76569 1 267 3 1
75749 0 268 3 1
75751 0 268 3 1
76253 0 268 3 0
76264 1 268 3 0
76265 1 268 3 0
76266 1 268 3 0
76888 0 268 3 1
76892 0 268 3 1
76894 0 268 3 1
141475 1 268 3 1
141477 1 268 3 1
75595 0 269 3 3
75596 0 269 3 3
75598 0 269 3 3
75703 0 269 3 3
75705 0 269 3 3
75703 0 269 3 3
75704 0 269 3 3
76264 1 269 3 1
76268 1 269 3 1
140838 0 269 3 1
76384 0 270 3 1
76386 0 270 3 1
76494 1 270 3 1
76496 1 270 3 1
76748 1 270 3 1
76750 1 270 3 1
76752 1 270 3 1
141073 0 270 3 2
76929 0 271 3 3
217713 0 271 3 3
217715 0 271 3 3
293983 0 271 3 3
497775 0 271 3 1
497778 0 271 3 1
76895 0 272 3 1
76896 0 272 3 1
140935 0 272 3 1
169786 0 272 3 3
169788 0 272 3 3
75585 1 273 3 1
76053 0 273 3 1
76054 0 273 3 1
76056 0 273 3 1
140065 0 273 3 3
140068 0 273 3 3
140309 1 273 3 1
140310 1 273 3 1
141402 0 273 3 1
497171 0 273 3 1
497172 0 273 3 1
76745 0 274 3 1
76747 0 274 3 1
140146 0 274 3 0
140148 0 274 3 0
319106 0 274 3 3
319109 0 274 3 3
75273 0 275 3 1
294889 0 275 3 3
76123 0 276 3 1
76125 0 276 3 1
76126 0 276 3 1
76197 0 276 3 3
140250 0 276 3 1
140253 0 276 3 1
141388 1 276 3 4
433475 0 276 3 3
433476 0 276 3 3
433478 0 276 3 3
498187 0 276 3 1
75270 0 277 3 3
75584 0 277 3 3
75731 0 277 3 3
75732 0 277 3 3
75733 0 277 3 3
140707 1 277 3 1
141012 1 277 3 1
141013 1 277 3 1
141719 1 277 3 1
141871 0 277 3 3
141872 0 277 3 3
141874 0 277 3 3
497771 0 277 3 1
497772 0 277 3 1
76744 0 278 3 3
76745 0 278 3 3
140249 0 278 3 1
140252 0 278 3 1
140253 0 278 3 1
140379 0 278 3 1
140380 0 278 3 1
140381 0 278 3 1
140806 0 278 3 1
141796 0 279 3 1
141797 0 279 3 1
294888 1 279 3 3
294889 1 279 3 3
294891 1 279 3 3
319108 0 279 3 1
326138 1 279 3 3
76347 0 280 3 1
76348 0 280 3 1
76349 0 280 3 1
76344 0 280 3 1
76346 0 280 3 1
76348 0 280 3 1
76349 0 280 3 1
141009 1 280 3 3
141011 1 280 3 3
141172 0 280 3 1
141827 0 280 3 1
141830 0 280 3 1
141831 0 280 3 1
141832 0 280 3 1
497769 0 280 3 1
497770 0 280 3 1
76231 1 281 3 1
76233 1 281 3 1
140502 0 281 3 3
140503 0 281 3 3
141009 0 281 3 1
141011 0 281 3 1
141012 0 281 3 1
76123 0 282 3 3
76125 0 282 3 3
76856 0 283 3 1
76857 0 283 3 1
76859 0 283 3 1
140294 0 283 3 1
140601 0 283 3 1
140602 0 283 3 1
141712 0 283 3 4
141795 0 283 3 1
141797 0 283 3 1
141798 0 283 3 1
141833 1 283 3 1
141827 1 283 3 1
141829 1 283 3 1
141832 1 283 3 1
141833 1 283 3 1
141837 0 283 3 2
141794 0 284 3 3
141795 0 284 3 3
496871 0 284 3 2
496872 0 284 3 2
496873 0 284 3 2
496874 0 284 3 2
496876 0 284 3 2
496877 0 284 3 2
140426 0 285 3 1
140428 0 285 3 1
140429 0 285 3 1
140601 0 286 3 1
140602 0 286 3 1
140852 0 286 3 0
140855 0 286 3 0
140856 0 286 3 0
140857 0 286 3 0
140856 0 286 3 1
140857 0 286 3 1
141312 0 286 3 1
141314 0 286 3 1
141311 0 286 3 3
141312 0 286 3 3
141313 0 286 3 3
141827 0 286 3 3
141828 0 286 3 3
141829 0 286 3 3
141831 0 286 3 3
141833 0 286 3 3
75462 0 287 3 1
140773 0 287 3 1
140775 0 287 3 1
140776 0 287 3 1
140824 0 287 3 1
140826 0 287 3 1
140827 0 287 3 1
141490 0 287 3 3
141493 0 287 3 3
141839 0 287 3 1
141842 0 287 3 1
141843 0 287 3 1
141844 0 287 3 1
497739 1 287 3 4
141122 1 288 3 1
141124 1 288 3 1
141126 1 288 3 1
141150 0 288 3 1
141152 0 288 3 1
141154 0 288 3 1
141342 0 288 3 1
141344 0 288 3 1
140235 0 289 3 3
140236 0 289 3 3
140238 0 289 3 3
140854 1 289 3 0
140856 1 289 3 0
140553 0 290 3 1
140555 0 290 3 1
140594 0 290 3 3
140595 0 290 3 3
140596 0 290 3 3
140772 0 290 3 3
278538 0 290 3 3
278540 0 290 3 3
76345 1 291 3 3
76346 1 291 3 3
76348 1 291 3 3
140429 0 291 3 1
140996 0 291 3 1
140998 0 291 3 1
140999 0 291 3 1
141122 0 291 3 3
141123 0 291 3 3
141125 0 291 3 3
141126 0 291 3 3
141534 1 291 3 1
141538 1 291 3 1
140852 1 292 3 2
140853 1 292 3 2
140857 1 292 3 2
141155 1 292 3 1
141490 0 292 3 0
141504 0 293 3 1
141507 0 293 3 1
421788 0 293 3 3
421789 0 293 3 3
140189 1 294 3 1
140190 1 294 3 1
140391 0 294 3 2
141150 0 294 3 3
141151 0 294 3 3
141152 0 294 3 3
141155 0 294 3 3
140934 0 295 3 1
141945 0 295 3 1
140120 0 296 3 1
141875 0 296 3 1
141877 0 296 3 1
141879 0 296 3 1
140112 0 297 3 1
140877 1 297 3 0
140880 1 297 3 0
141149 0 297 3 3
141154 0 297 3 3
141504 0 297 3 1
141510 0 297 3 1
141574 0 297 3 1
141942 0 297 3 3
140962 0 299 3 1
140964 0 299 3 1
140965 0 299 3 1
141155 0 300 3 3
141545 1 300 3 3
140118 0 302 3 1
140121 0 302 3 1
141787 0 302 3 3
141788 0 302 3 3
141789 0 302 3 3
386051 0 302 3 3
75531 0 303 3 1
75532 0 303 3 1
75539 0 303 3 0
75540 0 303 3 0
140890 1 303 3 1
140344 0 304 3 3
140346 0 304 3 3
54556 0 306 3 3
140636 0 306 3 1
75422 0 307 3 1
76687 0 307 3 1
30877 0 308 3 1
75936 0 308 3 2
75937 0 308 3 2
30973 0 310 3 3
30977 0 310 3 3
140268 0 310 3 1
140269 0 310 3 1
140452 0 310 3 1
140455 0 310 3 1
14366 0 311 3 1
14367 0 311 3 1
14930 0 311 3 1
76698 0 312 3 3
14368 0 315 3 1
138160 0 315 3 3
138161 0 315 3 3
138163 0 315 3 3
75464 0 316 3 3
76634 0 317 3 1
76635 0 317 3 1
76636 0 317 3 1
272270 0 317 3 3
76736 0 318 3 1
138565 0 318 3 1
138567 0 318 3 1
75421 0 319 3 1
75422 0 319 3 1
75423 0 319 3 1
76051 0 319 3 1
76053 0 319 3 1
76055 0 319 3 1
139238 0 320 3 1
139239 0 320 3 1
75327 0 321 3 1
75328 0 321 3 1
76723 1 322 3 1
76725 1 322 3 1
76726 1 322 3 1
76727 1 322 3 1
76734 0 322 3 3
76736 0 322 3 3
75464 0 323 3 3
75466 0 323 3 3
14181 0 324 3 0
138208 0 324 3 1
139537 0 324 3 1
139538 0 324 3 1
139540 0 324 3 1
138548 0 327 3 3
138550 0 327 3 3
472709 0 327 3 3
76159 0 328 3 0
76160 0 328 3 0
138139 0 328 3 1
138141 0 328 3 1
138142 0 328 3 1
138143 0 328 3 1
138692 0 328 3 1
138695 0 328 3 1
138696 0 328 3 1
139535 0 328 3 2
139536 0 328 3 2
139539 0 328 3 2
139540 0 328 3 2
435953 1 328 3 1
143118 0 329 3 2
139819 0 330 3 1
139820 0 330 3 1
143386 1 330 3 3
143388 1 330 3 3
139004 0 331 3 1
139005 0 331 3 1
139006 0 331 3 1
139535 0 331 3 3
139536 0 331 3 3
139537 0 331 3 3
434108 0 331 3 1
434110 0 331 3 1
434111 0 331 3 1
496388 0 331 3 3
138740 0 332 3 1
139810 0 332 3 1
434108 0 332 3 3
434110 0 332 3 3
119434 0 333 3 3
138129 0 333 3 1
138131 0 333 3 1
138149 1 333 3 1
139869 0 333 3 1
405691 0 333 3 3
405693 0 333 3 3
138128 0 334 3 3
138129 0 334 3 3
138130 0 334 3 3
138131 0 334 3 3
138913 0 334 3 1
138915 0 334 3 1
138918 0 334 3 1
139678 0 334 3 1
139679 0 334 3 1
494750 0 334 3 2
57746 0 335 3 2
138605 0 335 3 1
139927 0 335 3 3
139928 0 335 3 3
433973 0 335 3 1
433974 0 335 3 1
433975 0 335 3 1
433974 0 335 3 1
433975 0 335 3 1
138843 0 336 3 1
138963 1 336 3 1
138964 1 336 3 1
138965 1 336 3 1
139733 0 336 3 4
139734 0 336 3 4
139203 0 337 3 1
139205 0 337 3 1
139206 0 337 3 1
139555 0 337 3 1
139556 0 337 3 1
139559 0 337 3 1
139560 0 337 3 1
139561 0 337 3 1
139846 0 337 3 2
101337 0 338 3 3
101338 0 338 3 3
139677 1 338 3 0
139678 1 338 3 0
139679 1 338 3 0
433978 0 338 3 3
433980 0 338 3 3
434859 0 338 3 1
434861 0 338 3 1
434865 0 338 3 1
435280 0 338 3 1
138841 1 339 3 1
138843 1 339 3 1
139555 0 339 3 1
139557 0 339 3 1
139561 0 339 3 1
139964 0 339 3 1
139966 0 339 3 1
434800 1 339 3 1
434859 1 339 3 1
434860 1 339 3 1
434861 1 339 3 1
434864 1 339 3 1
434865 1 339 3 1
435290 0 339 3 1
435295 0 339 3 1
436021 0 339 3 1
436023 0 339 3 1
436028 0 339 3 1
138335 0 340 3 1
138337 0 340 3 1
138338 0 340 3 1
138843 1 340 3 1
139558 0 340 3 1
139560 0 340 3 1
139561 0 340 3 1
280650 0 340 3 2
280651 0 340 3 2
433944 0 340 3 1
433946 0 340 3 1
434861 0 340 3 0
434864 0 340 3 0
435293 0 340 3 1
435294 0 340 3 1
435936 0 340 3 3
435939 0 340 3 3
138557 0 341 3 1
138558 0 341 3 1
138560 0 341 3 1
138996 0 341 3 1
138999 0 341 3 1
139001 0 341 3 1
319937 0 341 3 3
319939 0 341 3 3
434943 0 341 3 1
434944 0 341 3 1
434946 0 341 3 1
434947 0 341 3 1
435292 0 341 3 1
435295 0 341 3 1
435529 1 341 3 1
435530 1 341 3 1
435532 1 341 3 1
138777 0 342 3 4
139065 0 342 3 1
139066 0 342 3 1
202159 1 342 3 3
202160 1 342 3 3
202162 1 342 3 3
435757 0 342 3 1
138336 0 343 3 0
138338 0 343 3 0
139619 0 343 3 1
139923 0 343 3 1
416086 0 343 3 2
436003 0 343 3 1
436004 0 343 3 1
138998 0 344 3 3
138999 0 344 3 3
139000 0 344 3 3
433956 0 344 3 3
435756 0 344 3 3
472837 1 344 3 3
472838 1 344 3 3
472839 1 344 3 3
472840 1 344 3 3
472842 1 344 3 3
138782 0 345 3 1
138783 0 345 3 1
138786 0 345 3 1
433955 0 345 3 1
433958 0 345 3 1
433959 0 345 3 1
434093 0 345 3 1
434094 0 345 3 1
434525 0 345 3 0
434528 0 345 3 0
434524 1 345 3 1
434528 1 345 3 1
435528 0 345 3 1
435531 0 345 3 1
435532 0 345 3 1
434592 0 346 3 1
434594 0 346 3 1
434595 0 346 3 1
435588 0 346 3 1
434201 0 347 3 3
434202 0 347 3 3
434205 0 347 3 3
472838 0 347 3 0
472839 0 347 3 0
17681 1 348 3 3
17682 1 348 3 3
17683 1 348 3 3
138784 0 348 3 1
138785 0 348 3 1
138786 0 348 3 1
139619 1 348 3 1
139621 1 348 3 1
139622 1 348 3 1
434507 0 348 3 1
434945 0 348 3 1
434946 0 348 3 1
434945 0 348 3 1
435534 1 348 3 3
435536 1 348 3 3
435822 0 348 3 1
436002 0 348 3 2
416994 0 349 3 3
416995 0 349 3 3
416996 0 349 3 3
416997 0 349 3 3
416998 0 349 3 3
436048 0 349 3 1
138680 0 350 3 1
138681 0 350 3 1
138682 0 350 3 1
416729 1 350 3 1
416731 1 350 3 1
416732 1 350 3 1
416997 0 350 3 0
416998 0 350 3 0
416999 0 350 3 0
434154 0 350 3 1
434160 0 350 3 1
434637 0 350 3 3
435485 1 350 3 1
417002 1 351 3 0
417005 1 351 3 0
420290 0 351 3 1
420293 0 351 3 1
420294 0 351 3 1
420296 0 351 3 1
420290 0 351 3 1
420292 0 351 3 1
420868 1 351 3 1
420870 1 351 3 1
420871 1 351 3 1
434204 0 351 3 3
434882 0 351 3 1
435160 0 351 3 3
435161 0 351 3 3
435533 0 351 3 3
139623 0 352 3 2
139624 0 352 3 2
139625 0 352 3 2
139627 0 352 3 2
357008 0 352 3 3
419489 1 352 3 1
419491 1 352 3 1
434150 0 352 3 3
434866 0 352 3 1
434868 0 352 3 1
434910 0 352 3 1
434912 0 352 3 1
434913 0 352 3 1
434916 0 352 3 1
435021 1 352 3 3
435023 1 352 3 3
435631 0 352 3 1
435634 0 352 3 1
472838 1 352 3 1
472840 1 352 3 1
472842 1 352 3 1
138485 0 353 3 1
416524 0 353 3 3
416525 0 353 3 3
416526 0 353 3 3
416994 1 353 3 3
416995 1 353 3 3
416996 1 353 3 3
416997 1 353 3 3
417000 1 353 3 3
419460 1 353 3 3
420044 0 353 3 3
420069 0 353 3 1
433898 0 353 3 1
433900 0 353 3 1
433902 0 353 3 1
117693 0 354 3 2
117697 0 354 3 2
138192 0 354 3 1
416998 0 354 3 1
416999 0 354 3 1
417000 0 354 3 1
419801 0 354 3 1
419802 0 354 3 1
419803 0 354 3 1
434319 0 354 3 1
434320 0 354 3 1
435142 0 354 3 1
435146 0 354 3 1
435147 0 354 3 1
435267 0 354 3 1
435268 0 354 3 1
448475 0 354 3 1
448476 0 354 3 1
138482 0 355 3 3
417000 0 355 3 1
416996 0 355 3 1
417000 0 355 3 1
419523 0 355 3 1
419525 0 355 3 1
419800 0 355 3 1
419803 0 355 3 1
420680 0 355 3 1
434442 0 355 3 1
434445 0 355 3 1
434446 0 355 3 1
434694 0 355 3 4
434880 0 355 3 0
48819 0 356 3 3
138685 0 356 3 1
138686 0 356 3 1
138781 0 356 3 2
138782 0 356 3 2
138784 0 356 3 2
138786 0 356 3 2
419486 0 356 3 3
419487 0 356 3 3
420868 0 356 3 3
420869 0 356 3 3
420870 0 356 3 3
434383 1 356 3 1
434384 1 356 3 1
434866 0 356 3 1
434868 0 356 3 1
434869 0 356 3 1
434870 0 356 3 1
434871 0 356 3 1
435362 1 356 3 1
435407 0 356 3 1
435408 0 356 3 1
518697 0 356 3 3
419360 0 357 3 1
419361 0 357 3 1
433965 0 357 3 3
433966 0 357 3 3
434051 0 357 3 1
434507 0 357 3 3
434553 0 357 3 1
435464 0 357 3 1
435466 0 357 3 1
435714 0 357 3 1
435977 1 357 3 1
472836 0 357 3 1
472840 0 357 3 1
472841 0 357 3 1
472842 0 357 3 1
138320 0 358 3 3
138321 0 358 3 3
364762 0 358 3 3
416165 0 358 3 1
416166 0 358 3 1
416167 0 358 3 1
416937 1 358 3 1
419129 0 358 3 1
420868 0 358 3 1
420869 0 358 3 1
420871 0 358 3 1
420872 0 358 3 1
434053 0 358 3 3
434056 0 358 3 3
434479 1 358 3 1
434884 0 358 3 3
435352 0 358 3 1
541225 1 358 3 4
117694 0 359 3 3
117695 0 359 3 3
117696 0 359 3 3
295510 0 359 3 3
295511 0 359 3 3
419488 0 359 3 3
434014 1 359 3 1
434017 1 359 3 1
434018 1 359 3 1
434463 0 359 3 3
434464 0 359 3 3
435095 1 359 3 0
435096 1 359 3 0
435527 0 359 3 1
435531 0 359 3 1
114599 0 360 3 4
114600 0 360 3 4
114602 0 360 3 4
117692 0 360 3 3
117695 0 360 3 3
138321 1 360 3 1
297590 0 360 3 2
297592 0 360 3 2
297593 0 360 3 2
416164 0 360 3 1
419708 0 360 3 0
423714 0 360 3 3
423716 0 360 3 3
434278 0 360 3 1
435008 0 360 3 1
435095 0 360 3 1
435140 0 360 3 1
479392 1 360 3 3
485527 0 360 3 1
190137 0 361 3 1
420277 0 361 3 4
434161 0 361 3 2
434162 0 361 3 2
434201 0 361 3 1
434204 0 361 3 1
434866 0 361 3 1
434871 0 361 3 1
435097 1 361 3 1
435099 1 361 3 1
435342 0 361 3 1
435344 0 361 3 1
436021 0 361 3 1
420165 0 362 3 4
435240 0 362 3 0
436046 0 362 3 1
436047 0 362 3 1
436048 0 362 3 1
189918 0 363 3 1
189921 0 363 3 1
189923 0 363 3 1
189924 0 363 3 1
435317 1 363 3 1
435318 1 363 3 1
435785 0 363 3 1
435787 0 363 3 1
435788 0 363 3 1
435952 0 363 3 1
435954 0 363 3 1
435955 0 363 3 1
436053 0 363 3 1
436054 0 363 3 1
485526 0 363 3 1
485528 0 363 3 1
485529 0 363 3 1
485530 0 363 3 1
190760 0 364 3 1
190761 0 364 3 1
191080 1 364 3 1
283232 0 364 3 3
420272 0 364 3 1
420273 0 364 3 1
435342 0 364 3 3
435980 0 364 3 1
497676 0 364 3 3
