25140 0 6 6 3 0
34336 0 6 6 1 0
60623 0 6 6 4 0
109952 1 5 6 1 0
111648 0 6 6 2 0
116754 0 6 6 1 0
185401 0 6 6 2 0
227975 0 6 6 3 0
243140 1 4 6 3 0
244403 1 3 6 1 0
291620 1 3 6 1 0
322788 1 3 6 3 0
334392 1 3 6 2 0
344763 1 4 6 3 0
414589 1 4 6 3 0
431229 0 6 6 3 0
442048 0 6 6 3 0
460981 1 2 6 1 0
482424 0 6 6 3 0
538175 1 2 6 2 0
292527 1 2 7 1 0
300201 1 4 7 2 0
35008 1 3 8 1 1
90411 0 6 8 2 0
116756 1 4 8 3 0
116881 1 2 8 1 0
243139 1 3 8 3 0
244404 1 2 8 1 0
291618 1 3 8 4 0
322794 1 3 8 3 0
414584 0 6 8 3 0
424383 0 6 8 3 0
548933 0 6 8 2 0
115941 0 6 9 4 1
244265 1 4 9 3 0
244406 0 6 9 3 0
300199 1 4 9 2 1
333009 0 6 9 3 0
134613 0 6 10 2 0
290876 0 6 10 1 0
291070 0 6 10 2 0
414585 0 6 10 4 0
548893 1 3 10 3 0
34334 1 2 11 1 0
292033 1 2 11 2 1
538164 1 3 11 1 0
244263 0 6 12 1 1
34291 1 4 13 1 0
116880 1 4 13 1 0
117573 0 6 13 1 0
244409 1 4 13 0 0
548890 0 6 13 1 0
291943 1 3 14 1 0
538168 0 6 14 3 0
33564 1 4 15 1 0
33764 1 3 15 1 0
116736 1 3 15 1 0
116882 1 4 15 2 1
117571 1 2 15 1 0
291989 1 4 15 3 0
538022 0 6 15 1 0
538167 1 2 15 1 1
548501 1 4 15 1 0
548888 1 3 15 3 0
34292 0 6 16 1 0
34327 0 6 16 1 0
291944 0 6 16 3 0
291946 1 4 16 1 0
538023 0 6 16 3 1
549183 0 6 16 1 0
34294 1 2 17 3 0
79058 1 3 17 3 0
116738 0 6 17 2 0
293122 1 4 17 1 0
548506 1 2 17 3 0
33765 1 3 18 1 0
34795 1 3 18 1 0
34813 1 3 18 1 0
35289 0 6 18 1 0
116182 1 3 18 1 0
116947 0 6 18 1 0
117461 0 6 18 3 0
537567 1 3 18 1 0
538104 0 6 18 4 1
549699 0 6 18 1 1
549796 1 2 18 2 0
34585 0 6 19 1 0
87032 0 6 19 4 0
538021 0 6 19 1 0
538166 1 5 19 1 0
538255 1 3 19 1 0
34584 1 4 20 1 0
34814 0 6 20 3 0
116072 0 6 20 1 0
116945 0 6 20 0 0
292223 0 6 20 1 0
538760 0 6 20 1 0
14235 0 6 21 3 0
22781 1 3 21 2 0
34270 1 3 21 4 0
34815 0 6 21 3 0
538567 1 3 21 1 0
538764 0 6 21 1 0
548525 1 4 21 1 0
550019 1 3 21 1 0
33679 0 6 22 3 0
35205 1 4 22 1 0
116948 0 6 22 3 0
117459 1 3 22 1 0
291020 1 2 22 1 0
538341 0 6 22 1 0
538422 1 5 22 3 0
538782 0 6 22 1 0
548505 1 2 22 2 0
33975 0 6 23 1 0
34281 0 6 23 1 0
34796 0 6 23 3 1
55848 0 6 23 2 0
73226 1 3 23 2 0
115692 1 4 23 1 0
160310 1 4 23 3 0
538503 0 6 23 4 1
34784 0 6 24 1 0
35207 0 6 24 3 0
56224 0 6 24 3 1
116946 0 6 24 1 0
538089 1 5 24 1 0
538785 0 6 24 3 0
538853 1 4 24 1 0
550021 1 4 24 3 0
33563 1 3 25 1 0
34022 0 6 25 1 0
34171 0 6 25 1 0
34474 0 6 25 1 0
117460 0 6 25 1 0
291016 0 6 25 1 0
296243 1 3 25 3 0
537510 1 2 25 3 0
537780 0 6 25 1 0
538343 0 6 25 3 1
538425 1 4 25 1 0
539099 1 4 25 1 0
33935 0 6 26 4 1
34821 0 6 26 1 0
291022 0 6 26 3 0
538337 0 6 26 1 0
538855 0 6 26 3 0
33981 0 6 27 3 0
537628 0 6 27 1 0
538097 0 6 27 2 0
538338 1 3 27 3 0
538513 0 6 27 1 0
538568 1 4 27 2 0
538856 0 6 27 3 0
538937 0 6 27 1 0
30365 0 6 28 3 0
34170 1 3 28 1 0
34191 0 6 28 1 0
35337 0 6 28 1 0
55639 0 6 28 1 0
117452 0 6 28 4 0
537779 0 6 28 3 0
538098 1 3 28 1 0
538183 0 6 28 1 0
538423 1 3 28 0 0
538954 1 4 28 1 0
539162 1 3 28 1 0
34192 1 3 29 3 0
34352 1 5 29 1 0
34602 0 6 29 1 0
34783 0 6 29 0 0
35203 0 6 29 4 1
35206 1 3 29 3 0
117458 0 6 29 1 0
537507 0 6 29 3 0
538335 0 6 29 0 0
538429 1 4 29 1 0
33967 0 6 30 1 0
33970 1 3 30 2 0
34021 1 4 30 1 0
34493 0 6 30 1 0
433613 1 2 30 3 0
538851 0 6 30 3 0
538948 1 3 30 1 0
539160 1 3 30 1 0
34447 0 6 31 1 0
34495 1 3 31 3 0
34820 0 6 31 1 0
35208 0 6 31 4 0
537626 0 6 31 0 0
537778 1 2 31 2 1
538005 1 2 31 4 0
34494 1 3 32 1 0
35319 1 4 32 1 0
168277 1 3 32 3 0
537621 1 2 32 1 0
537704 0 6 32 1 0
537721 0 6 32 1 0
537809 1 2 32 1 0
538099 1 4 32 1 0
538424 1 2 32 1 0
538427 1 3 32 3 1
538428 0 6 32 0 0
538864 0 6 32 3 0
538947 0 6 32 1 0
34004 0 6 33 1 0
35338 0 6 33 1 0
83917 0 6 33 3 1
538184 0 6 33 1 0
539157 0 6 33 4 0
33848 1 3 34 1 0
33972 0 6 34 3 0
34005 0 6 34 3 0
34430 1 3 34 1 0
34691 1 2 34 1 0
350506 1 2 34 4 0
538409 1 2 34 1 0
35320 0 6 35 3 0
35336 1 3 35 0 0
538186 1 2 35 3 0
538813 1 3 35 1 1
538819 0 6 35 1 0
33510 1 3 36 1 0
46096 0 6 36 2 0
168274 0 6 36 3 0
537940 0 6 36 3 0
538003 0 6 36 2 0
538475 0 6 36 1 0
33525 0 6 37 3 0
33857 1 2 37 1 0
34163 1 3 37 1 0
34235 0 6 37 3 0
493281 1 3 37 3 0
538216 0 6 37 1 0
33734 0 6 38 1 0
34159 0 6 38 1 0
538857 0 6 38 1 0
34514 0 6 39 1 0
34846 1 3 39 1 0
35176 0 6 39 0 1
225499 1 3 39 3 0
448334 1 3 39 3 0
538657 1 5 39 1 0
538805 0 6 39 1 0
33666 1 3 40 4 0
33737 0 6 40 3 1
33774 1 2 40 1 0
34690 0 6 40 1 0
35179 0 6 40 3 0
35295 1 4 40 1 0
436423 1 3 40 3 1
538557 0 6 40 1 0
34225 0 6 41 1 0
34624 1 2 41 1 0
34807 1 3 41 1 0
34996 0 6 41 3 1
448330 0 6 41 3 0
538004 1 5 41 3 0
538660 1 4 41 3 0
538806 0 6 41 1 0
33768 1 2 42 3 0
34098 0 6 42 1 0
34454 1 2 42 3 0
34648 0 6 42 1 1
34694 1 3 42 3 0
34778 1 2 42 1 0
86411 0 6 42 3 0
538000 0 6 42 3 0
538298 0 6 42 1 0
538554 1 4 42 1 1
33777 0 6 43 3 0
34226 0 6 43 2 0
34808 0 6 43 1 0
34809 1 3 43 1 0
34811 0 6 43 3 1
34812 0 6 43 3 1
35255 0 6 43 4 1
162766 0 6 43 2 0
506187 0 6 43 3 0
538555 0 6 43 1 0
21855 0 6 44 3 0
34356 1 2 44 1 0
34779 1 3 44 3 0
34780 0 6 44 3 1
35169 1 2 44 1 0
538001 0 6 44 4 1
538558 0 6 44 3 0
538661 0 6 44 3 0
34099 1 4 45 1 0
34650 0 6 45 3 0
34853 0 6 45 1 0
365980 0 6 45 4 0
537995 0 6 45 3 1
538658 0 6 45 1 0
539055 0 6 45 1 1
33844 1 4 46 1 0
33930 0 6 46 1 1
34645 1 5 46 3 0
34692 0 6 46 2 0
34847 0 6 46 1 0
436424 1 4 46 4 0
537997 0 6 46 1 0
34154 1 3 47 1 0
34357 0 6 47 3 0
34415 1 3 47 3 0
34460 0 6 47 1 0
34775 1 3 47 3 1
160150 0 6 47 3 0
538437 1 4 47 1 0
562926 0 6 47 3 0
34646 0 6 48 3 1
538556 0 6 48 1 0
33846 0 6 49 3 0
33931 1 2 49 1 1
34097 0 6 49 1 0
34348 0 6 49 4 1
34768 1 2 49 1 0
35244 1 4 49 4 0
142736 0 6 49 3 0
33929 1 3 50 1 0
33933 1 3 50 3 0
34771 1 3 50 1 1
35063 0 6 50 3 0
434630 0 6 50 3 0
537894 1 4 50 1 0
34100 0 6 51 3 0
34101 0 6 51 3 0
34462 0 6 51 3 1
34770 1 2 51 1 0
339566 1 3 51 3 0
538436 1 2 51 0 0
562925 1 3 51 1 0
34359 0 6 52 3 0
142735 1 3 52 2 0
187653 1 2 52 4 0
537893 1 3 52 1 0
142734 1 4 53 1 0
187652 1 3 53 3 0
537462 0 6 53 4 0
537895 1 2 53 1 0
562800 1 2 53 1 0
34998 0 6 54 4 0
68275 0 6 54 3 0
290707 0 6 54 3 0
322019 1 4 54 3 0
68276 1 3 55 3 0
143262 1 3 55 3 0
188299 1 4 55 3 0
338876 1 3 55 3 1
562799 1 4 55 1 0
102751 1 4 56 3 0
142730 0 6 56 4 1
142732 1 4 56 2 0
187649 1 4 56 1 0
188199 1 3 56 3 0
395566 1 3 56 3 1
537576 1 3 56 4 1
537678 1 4 56 1 0
538724 1 4 56 1 0
49443 0 6 57 3 0
68308 1 3 57 3 1
121044 1 4 57 3 1
142819 1 4 57 3 0
562734 1 4 57 1 0
68272 0 6 58 1 0
117252 0 6 58 3 1
188298 0 6 58 1 0
290604 1 2 58 3 0
537850 0 6 58 1 0
538270 0 6 58 1 0
561638 1 2 58 1 0
562736 0 6 58 1 0
562801 1 5 58 3 0
235787 1 4 59 3 0
338874 0 6 59 1 0
537907 0 6 59 1 0
538725 1 4 59 1 0
538729 0 6 59 3 0
538767 0 6 59 1 0
561637 1 4 59 3 0
562798 0 6 59 1 0
142733 1 4 60 2 0
538340 1 4 60 1 0
561641 0 6 60 3 0
563169 1 3 60 1 0
117434 0 6 61 1 0
133978 1 4 61 3 0
291012 0 6 61 3 1
293153 1 2 61 3 0
537638 0 6 61 1 0
537852 0 6 61 2 0
538277 0 6 61 3 0
538793 1 4 61 1 0
561449 0 6 61 1 0
561639 0 6 61 2 0
563051 0 6 61 1 0
563168 0 6 61 0 0
419543 0 6 62 3 1
537908 0 6 62 3 0
561342 1 3 62 3 0
561450 0 6 62 1 0
561724 0 6 62 1 0
563172 0 6 62 0 0
563263 1 4 62 1 0
68277 0 6 63 3 0
117218 1 3 63 1 0
117284 0 6 63 1 0
117396 1 3 63 1 0
290599 0 6 63 0 0
537523 0 6 63 1 0
537667 1 4 63 1 0
538344 1 5 63 3 1
538768 1 3 63 1 0
561635 0 6 63 1 1
562280 1 3 63 1 0
563049 1 4 63 1 0
563050 1 3 63 1 0
117437 1 3 64 1 0
538235 1 3 64 1 0
538265 1 4 64 4 0
560830 0 6 64 1 0
562484 1 3 64 1 0
562999 0 6 64 1 0
563448 1 3 64 1 0
117283 0 6 65 1 0
290292 0 6 65 2 0
537849 0 6 65 0 1
538238 0 6 65 1 0
538779 0 6 65 1 0
560822 1 3 65 2 0
562099 0 6 65 1 0
562697 0 6 65 1 0
563414 0 6 65 1 0
115798 1 2 66 1 0
116360 0 6 66 1 0
117223 0 6 66 3 0
117435 1 3 66 1 0
274788 1 2 66 3 0
537506 0 6 66 1 0
562853 0 6 66 3 0
563236 0 6 66 0 0
563450 0 6 66 1 0
116224 1 4 67 1 0
116367 0 6 67 3 0
117048 0 6 67 1 1
117411 0 6 67 1 0
117436 0 6 67 1 0
290603 0 6 67 1 0
290605 1 3 67 3 0
538769 1 3 67 1 0
560720 0 6 67 4 0
560833 0 6 67 2 0
561022 0 6 67 1 0
561984 0 6 67 1 0
562095 0 6 67 3 1
563053 1 3 67 3 0
563105 1 4 67 1 0
563265 1 4 67 2 1
563449 1 2 67 1 0
115828 0 6 68 1 0
115850 0 6 68 1 0
117444 0 6 68 2 0
292833 1 3 68 1 0
537499 0 6 68 4 0
537505 0 6 68 1 0
538778 0 6 68 1 0
562141 1 3 68 1 0
562623 0 6 68 1 0
563052 0 6 68 2 0
563150 0 6 68 3 0
117047 1 4 69 1 0
275241 0 6 69 3 0
292846 0 6 69 4 0
537848 0 6 69 0 0
538780 1 4 69 3 0
560831 0 6 69 1 0
561325 0 6 69 1 0
561986 0 6 69 3 1
562662 0 6 69 1 0
563017 1 2 69 1 0
117445 0 6 70 3 0
537500 1 3 70 4 0
562854 0 6 70 3 1
563434 1 2 70 1 0
114254 1 4 71 4 1
116200 1 5 71 4 0
116361 0 6 71 1 0
116866 1 4 71 1 0
117049 0 6 71 3 0
117292 0 6 71 1 0
274787 1 4 71 3 0
290300 1 2 71 1 0
292834 0 6 71 1 0
537511 0 6 71 1 1
561549 0 6 71 1 0
562661 0 6 71 1 0
80439 1 4 72 3 0
117026 0 6 72 3 1
117314 0 6 72 1 0
117439 0 6 72 3 0
290602 0 6 72 1 0
292835 1 3 72 1 0
292836 0 6 72 3 1
304233 1 3 72 3 1
538219 1 4 72 1 0
560865 0 6 72 1 1
562496 0 6 72 3 0
562547 0 6 72 1 0
562659 0 6 72 0 0
116549 1 4 73 1 0
538346 1 3 73 3 0
538360 1 3 73 1 0
538825 0 6 73 4 0
560835 1 3 73 3 0
560887 0 6 73 1 0
561027 0 6 73 1 0
562658 1 3 73 0 0
563435 1 3 73 1 0
80444 1 4 74 1 0
115860 0 6 74 2 0
116861 0 6 74 1 0
117294 1 3 74 1 1
117441 1 2 74 1 0
117509 1 4 74 1 0
117583 0 6 74 1 1
290298 0 6 74 1 0
473606 0 6 74 3 0
561320 0 6 74 1 1
561881 0 6 74 1 0
562171 0 6 74 1 0
562813 1 4 74 1 1
79011 1 5 75 1 0
116363 1 4 75 3 0
117463 1 4 75 1 0
117493 0 6 75 1 0
538084 0 6 75 1 0
561188 0 6 75 4 0
561306 1 4 75 3 0
561879 0 6 75 0 0
562180 0 6 75 1 0
562539 0 6 75 1 0
79227 0 6 76 1 0
115618 0 6 76 3 0
116368 0 6 76 3 0
116865 0 6 76 1 0
116867 1 3 76 3 0
116964 1 4 76 1 0
117293 0 6 76 1 0
117488 1 4 76 3 0
290299 1 2 76 1 0
290804 1 2 76 1 0
292194 0 6 76 1 0
292837 1 3 76 3 0
537928 1 3 76 1 0
538220 1 4 76 2 0
562727 1 4 76 0 0
79726 0 6 77 1 0
115697 0 6 77 1 0
115820 0 6 77 1 0
115861 1 2 77 3 0
116126 1 3 77 1 0
116770 1 4 77 1 0
117019 1 2 77 2 0
117305 0 6 77 4 1
117494 0 6 77 3 0
123255 0 6 77 3 0
126814 0 6 77 3 0
292700 0 6 77 1 0
538093 1 3 77 1 0
538446 1 4 77 1 0
538460 0 6 77 3 0
560834 0 6 77 3 1
561369 1 3 77 1 0
561901 1 2 77 1 0
562541 1 2 77 3 0
80607 0 6 78 1 0
115698 0 6 78 1 0
116021 1 4 78 1 0
116885 0 6 78 4 1
117298 1 2 78 2 0
117497 1 3 78 1 0
436959 1 4 78 3 1
538082 1 2 78 0 0
538264 1 3 78 4 1
561028 1 3 78 1 0
561370 0 6 78 1 0
562533 0 6 78 0 0
562536 1 4 78 1 0
563298 1 5 78 1 0
115819 1 3 79 0 0
116963 1 4 79 1 0
117304 0 6 79 3 0
117523 1 3 79 3 1
126813 1 4 79 3 0
538083 0 6 79 0 0
538457 0 6 79 1 0
561191 0 6 79 1 0
561900 1 2 79 1 0
562729 1 4 79 1 0
79012 0 6 80 1 0
79226 0 6 80 1 0
116128 0 6 80 3 0
116147 0 6 80 1 0
116690 1 2 80 1 0
117115 1 4 80 1 0
117499 1 3 80 1 0
293188 1 4 80 1 0
537930 0 6 80 3 0
538094 0 6 80 1 0
538096 0 6 80 3 0
561833 1 3 80 1 0
562074 1 5 80 1 0
562207 1 3 80 1 0
115696 0 6 81 0 1
116480 1 2 81 1 0
117206 1 2 81 1 0
279120 0 6 81 2 0
290302 1 3 81 2 0
290305 0 6 81 3 0
290476 0 6 81 1 0
561035 1 2 81 3 1
561373 0 6 81 3 0
561832 1 3 81 1 0
561903 0 6 81 3 0
562274 0 6 81 3 0
562523 0 6 81 1 0
562542 0 6 81 3 0
562723 0 6 81 1 0
115666 0 6 82 3 0
115988 1 3 82 0 0
116597 0 6 82 1 0
116691 0 6 82 1 0
117500 1 3 82 3 0
117534 1 4 82 1 0
138657 0 6 82 3 0
292778 0 6 82 1 0
372581 1 2 82 3 0
538971 0 6 82 3 0
560945 1 4 82 1 0
561025 1 2 82 0 0
561026 1 2 82 0 0
561396 1 4 82 3 0
561896 1 4 82 1 0
562538 0 6 82 3 1
562728 1 3 82 1 0
115706 1 4 83 3 0
115933 1 3 83 1 0
116692 1 3 83 1 0
117116 1 2 83 1 0
117117 0 6 83 1 1
117240 1 3 83 1 0
117569 1 3 83 3 0
290718 0 6 83 1 0
290738 1 3 83 1 0
560946 1 3 83 3 1
561899 1 2 83 0 0
562724 1 4 83 1 0
76632 1 3 84 3 0
80600 1 4 84 1 0
115687 0 6 84 0 0
117533 1 4 84 0 0
117568 0 6 84 3 0
126812 1 4 84 2 0
290934 1 2 84 4 0
291119 0 6 84 1 0
561011 1 3 84 4 1
561356 1 3 84 4 1
562503 0 6 84 1 0
31540 0 6 85 3 0
79013 1 4 85 3 0
80599 1 5 85 0 0
80601 0 6 85 1 0
116722 0 6 85 1 0
117251 0 6 85 3 0
117310 1 2 85 0 0
117535 1 4 85 1 0
117542 0 6 85 3 0
210206 0 6 85 4 0
291399 1 4 85 1 0
291604 1 4 85 1 0
546955 1 4 85 3 0
560944 1 4 85 1 0
561031 1 3 85 3 0
561814 1 4 85 4 1
562333 1 2 85 3 0
562351 0 6 85 1 0
562502 1 4 85 1 0
31086 1 4 86 3 1
80894 0 6 86 1 0
115703 0 6 86 1 0
115704 1 3 86 1 0
115735 1 4 86 3 0
116733 1 2 86 1 0
117179 1 4 86 1 0
117207 1 4 86 1 0
117515 0 6 86 1 0
117567 0 6 86 2 0
291669 0 6 86 1 0
292730 0 6 86 1 0
371534 1 3 86 3 0
539023 0 6 86 1 0
563153 0 6 86 4 0
563343 1 2 86 1 0
31541 1 2 87 4 1
79014 1 4 87 3 1
79560 1 4 87 1 0
116239 1 2 87 1 0
117582 1 3 87 1 0
290504 0 6 87 1 0
290907 1 4 87 1 0
291273 0 6 87 1 0
291987 1 3 87 1 0
292878 1 3 87 1 0
457813 1 3 87 3 0
482136 1 3 87 3 1
561003 0 6 87 3 0
561898 0 6 87 3 1
562505 0 6 87 3 0
563410 0 6 87 1 0
79175 0 6 88 1 0
79670 0 6 88 3 0
79714 1 4 88 1 0
80339 1 3 88 1 0
80602 0 6 88 1 0
80893 1 2 88 1 0
117080 0 6 88 1 0
117129 0 6 88 1 0
117518 0 6 88 3 1
275423 0 6 88 3 0
290374 0 6 88 1 0
290510 0 6 88 3 0
290675 0 6 88 1 0
290908 1 3 88 1 0
291121 1 3 88 3 0
291401 1 4 88 3 1
291603 0 6 88 1 0
537965 0 6 88 1 1
539024 0 6 88 1 0
30846 1 4 89 3 0
79562 0 6 89 3 0
80129 0 6 89 1 0
80581 0 6 89 1 0
80632 1 3 89 1 0
116693 0 6 89 3 0
116716 0 6 89 4 1
116725 0 6 89 3 0
116942 0 6 89 1 0
117580 1 4 89 1 0
275421 0 6 89 1 0
290803 0 6 89 1 0
561001 1 2 89 0 0
561615 0 6 89 1 0
562288 0 6 89 4 1
79150 0 6 90 1 0
79152 0 6 90 3 0
79809 0 6 90 4 0
80175 1 4 90 1 0
80206 0 6 90 1 0
80772 1 5 90 1 1
115949 0 6 90 1 0
116039 0 6 90 1 0
116516 1 3 90 1 0
116633 0 6 90 1 0
116721 0 6 90 1 0
117537 0 6 90 3 0
291276 0 6 90 3 0
291775 0 6 90 1 0
292127 1 2 90 1 0
457923 0 6 90 3 0
560743 0 6 90 1 0
560873 0 6 90 4 1
79092 0 6 91 1 1
79591 0 6 91 4 0
79712 1 3 91 0 0
79871 0 6 91 4 1
80103 0 6 91 1 0
115812 0 6 91 3 0
115886 1 4 91 1 0
116093 0 6 91 1 0
116940 0 6 91 1 0
117130 1 2 91 1 0
117516 0 6 91 1 0
160464 1 3 91 3 0
275420 1 4 91 0 0
290611 1 3 91 1 0
291820 1 3 91 4 1
291912 0 6 91 1 0
291988 1 2 91 1 0
292574 0 6 91 1 1
292643 0 6 91 3 0
308793 0 6 91 3 0
406449 1 2 91 3 1
457415 0 6 91 3 0
538160 0 6 91 1 0
561045 0 6 91 1 0
561990 0 6 91 1 1
563411 0 6 91 3 0
79304 0 6 92 1 0
79461 0 6 92 1 0
79561 1 3 92 1 0
79595 1 4 92 1 1
79635 0 6 92 1 0
79942 0 6 92 1 0
80207 1 2 92 3 1
116041 0 6 92 3 0
116051 1 4 92 1 0
116727 1 4 92 1 0
116838 0 6 92 1 0
117005 1 3 92 1 0
117135 0 6 92 3 0
117364 0 6 92 1 0
158598 0 6 92 3 0
290612 0 6 92 1 0
290676 0 6 92 3 1
291321 0 6 92 1 0
291984 1 2 92 3 0
292262 1 2 92 1 1
292890 0 6 92 1 0
293137 0 6 92 1 0
361232 1 4 92 3 0
13129 1 3 93 2 0
79068 0 6 93 1 0
79149 0 6 93 0 0
79154 1 4 93 1 1
79557 1 3 93 1 0
79593 0 6 93 1 0
79849 1 2 93 1 0
79940 0 6 93 1 0
80075 0 6 93 1 0
80102 1 4 93 0 0
80261 0 6 93 1 0
116517 0 6 93 1 0
116541 1 3 93 1 0
116723 1 4 93 1 0
116836 0 6 93 1 0
117365 1 4 93 1 0
275779 0 6 93 0 0
290677 1 4 93 3 0
290872 0 6 93 1 0
291083 1 4 93 1 0
291320 0 6 93 1 1
291356 1 3 93 2 0
291915 1 2 93 3 1
292328 1 3 93 3 0
292765 0 6 93 2 0
333601 1 3 93 3 0
363166 1 2 93 3 0
537551 1 4 93 1 0
79159 0 6 94 1 0
79346 0 6 94 1 0
79713 1 3 94 1 0
79778 1 4 94 1 1
115773 1 3 94 3 0
115950 1 4 94 1 0
115953 1 4 94 1 0
116005 0 6 94 1 0
117160 1 3 94 1 0
290615 1 2 94 1 0
291323 1 3 94 3 0
291611 0 6 94 1 0
292295 1 3 94 3 0
292326 0 6 94 2 0
292419 0 6 94 1 0
293034 1 4 94 1 0
457920 0 6 94 1 0
467358 1 2 94 3 0
561046 1 3 94 1 0
79104 0 6 95 1 0
79559 0 6 95 3 0
79850 1 3 95 1 0
79935 1 3 95 1 0
80104 0 6 95 1 0
80106 0 6 95 3 0
80208 0 6 95 3 0
80423 1 3 95 1 0
80764 1 2 95 1 0
116242 0 6 95 1 0
116715 0 6 95 4 0
117133 0 6 95 1 1
117159 0 6 95 1 0
117363 1 4 95 1 0
117503 0 6 95 1 0
117517 1 3 95 3 0
117584 0 6 95 3 0
158596 1 5 95 1 0
290439 1 5 95 1 1
290874 0 6 95 3 0
291322 1 3 95 3 0
291986 1 4 95 1 0
292025 0 6 95 4 0
292233 0 6 95 1 0
537549 1 3 95 4 0
561571 0 6 95 1 0
76083 1 3 96 2 0
79638 0 6 96 3 0
79779 0 6 96 1 1
79808 1 4 96 3 1
79930 1 4 96 1 0
80652 1 5 96 3 0
97734 1 2 96 3 0
115955 1 3 96 1 0
116031 0 6 96 1 0
116544 0 6 96 3 1
116837 0 6 96 1 0
116920 0 6 96 1 0
117367 0 6 96 3 0
117424 1 5 96 1 0
290358 1 2 96 1 1
290440 1 3 96 3 0
290564 0 6 96 1 0
291085 0 6 96 3 0
291417 0 6 96 1 0
291985 1 3 96 3 0
292063 1 2 96 3 0
292421 1 3 96 1 0
292423 0 6 96 3 0
292893 1 2 96 3 0
293166 1 4 96 3 0
308792 1 3 96 1 0
376727 1 4 96 3 0
537550 0 6 96 0 0
538611 1 3 96 1 0
30537 0 6 97 2 0
79105 0 6 97 1 1
79463 0 6 97 3 0
79941 0 6 97 1 0
80259 1 3 97 1 0
80292 1 3 97 1 0
80350 0 6 97 1 0
80422 0 6 97 0 0
80495 1 4 97 2 0
115951 0 6 97 3 0
116007 1 3 97 2 0
116090 0 6 97 1 0
116096 1 2 97 1 0
158601 1 3 97 3 0
179032 1 4 97 3 1
275780 0 6 97 0 0
290873 1 3 97 1 0
291210 0 6 97 3 0
292031 1 4 97 3 0
292324 0 6 97 1 0
292420 1 4 97 1 0
292800 0 6 97 1 0
293014 0 6 97 1 0
293036 1 3 97 1 0
537548 0 6 97 3 0
560862 1 3 97 1 0
71651 1 3 98 3 0
79106 0 6 98 1 0
79257 0 6 98 3 0
79783 1 2 98 3 0
80002 1 3 98 3 0
80260 0 6 98 1 0
116089 0 6 98 1 0
116247 0 6 98 3 0
117423 0 6 98 1 0
123020 0 6 98 3 0
224693 1 3 98 3 0
274451 0 6 98 3 0
291873 0 6 98 1 1
292417 1 4 98 1 0
292418 1 3 98 1 0
292439 1 3 98 1 1
292974 0 6 98 1 0
308791 1 2 98 1 0
333600 0 6 98 1 0
561048 1 3 98 3 0
79155 1 3 99 1 0
79645 0 6 99 3 0
79937 1 2 99 3 0
80424 0 6 99 3 0
80722 1 3 99 3 1
80763 1 4 99 1 0
115956 1 3 99 1 0
116369 1 4 99 3 0
117100 1 4 99 1 0
117484 1 4 99 3 0
158595 1 3 99 1 0
162313 1 2 99 2 0
291082 0 6 99 1 0
291084 0 6 99 2 0
291467 1 3 99 1 0
292096 0 6 99 1 0
292364 0 6 99 4 1
292531 0 6 99 1 0
340323 0 6 99 3 0
376726 0 6 99 3 0
408474 0 6 99 3 1
416104 0 6 99 3 0
436561 1 4 99 4 0
537553 0 6 99 3 0
537664 1 3 99 2 1
44263 1 4 100 3 0
79101 0 6 100 3 1
79107 0 6 100 3 0
79158 0 6 100 0 0
79240 1 3 100 4 0
79258 1 3 100 3 0
79556 1 4 100 1 0
79933 1 2 100 3 0
80152 1 4 100 1 1
80291 1 4 100 1 0
80765 0 6 100 3 0
116030 0 6 100 0 0
116577 1 2 100 1 0
117134 0 6 100 1 1
158597 1 3 100 2 0
275775 0 6 100 3 0
290686 1 2 100 1 1
291259 0 6 100 1 0
291416 0 6 100 1 0
291796 1 3 100 3 0
292252 0 6 100 1 0
292414 1 4 100 3 0
292440 0 6 100 3 0
292441 0 6 100 3 0
292671 0 6 100 1 0
292975 1 2 100 3 0
293015 0 6 100 1 0
308873 0 6 100 4 0
309001 0 6 100 1 0
309433 0 6 100 1 0
537998 0 6 100 1 0
538613 1 3 100 3 0
561754 1 3 100 1 0
563262 1 3 100 3 0
79583 1 3 101 4 0
79641 0 6 101 3 0
80294 0 6 101 3 0
115854 1 3 101 1 0
116244 1 3 101 1 0
116919 0 6 101 3 0
116933 1 3 101 4 0
117351 1 2 101 4 0
162314 0 6 101 3 0
173434 0 6 101 3 0
224692 0 6 101 3 0
290334 1 4 101 1 0
290392 1 3 101 1 0
291090 0 6 101 1 0
291479 1 3 101 1 0
291960 0 6 101 1 0
292532 0 6 101 3 0
293037 1 3 101 3 0
293167 0 6 101 3 0
537625 1 3 101 0 0
563042 0 6 101 3 0
79432 1 3 102 3 0
79633 0 6 102 4 0
80003 1 2 102 3 0
80262 0 6 102 3 0
80405 1 2 102 3 0
116218 0 6 102 3 1
116542 1 4 102 2 0
116585 1 3 102 4 1
117003 1 2 102 4 1
117348 0 6 102 3 0
117370 0 6 102 1 0
290414 0 6 102 3 0
291148 1 3 102 4 0
292235 0 6 102 2 0
292505 1 4 102 1 0
292670 1 3 102 1 0
292714 1 4 102 1 0
292852 1 3 102 1 0
293221 1 3 102 1 1
563261 1 2 102 3 0
44262 1 3 103 0 0
72481 1 3 103 3 0
79076 0 6 103 1 0
80766 0 6 103 3 0
115855 0 6 103 3 0
117350 1 3 103 4 1
158845 1 4 103 1 0
291123 1 3 103 1 0
291482 0 6 103 3 1
291734 0 6 103 1 0
292346 1 2 103 3 0
292673 1 2 103 1 0
307886 1 3 103 1 0
273 1 3 104 3 0
79366 1 4 104 1 0
80404 0 6 104 3 0
117431 0 6 104 1 0
161299 1 3 104 3 0
290391 1 3 104 0 0
290443 0 6 104 1 0
290662 1 3 104 4 1
290674 1 2 104 1 0
291518 0 6 104 1 0
291697 1 4 104 1 0
292108 1 5 104 1 0
292170 0 6 104 1 0
292504 1 4 104 1 0
292589 0 6 104 1 0
292620 1 3 104 1 0
293217 1 4 104 3 1
293222 0 6 104 1 0
307890 1 3 104 3 0
534888 1 4 104 3 0
538627 1 4 104 1 0
561760 0 6 104 3 0
561764 0 6 104 3 0
562548 1 3 104 1 1
26463 1 3 105 3 0
27342 1 3 105 3 0
76513 1 2 105 3 1
80578 1 3 105 3 0
117502 0 6 105 4 0
158805 1 3 105 1 0
286618 1 2 105 3 0
291519 0 6 105 1 0
291675 0 6 105 1 0
292649 0 6 105 1 0
292795 0 6 105 1 0
308497 0 6 105 1 0
308556 1 4 105 1 0
385014 0 6 105 3 0
538612 0 6 105 3 0
271 0 6 106 1 1
8631 0 6 106 3 0
79372 1 2 106 0 0
79640 0 6 106 3 0
116932 1 5 106 3 0
117371 0 6 106 2 0
139364 1 3 106 2 0
161301 1 3 106 4 0
167966 1 3 106 3 0
290301 0 6 106 1 0
290661 0 6 106 4 0
291088 1 3 106 0 0
291481 0 6 106 1 0
291521 1 2 106 3 0
291530 0 6 106 1 0
291743 0 6 106 3 0
292506 0 6 106 1 0
292542 0 6 106 1 0
292674 1 4 106 3 1
292793 0 6 106 1 0
307897 1 3 106 4 1
308924 0 6 106 1 0
309210 1 5 106 1 0
309372 1 3 106 1 0
534887 1 3 106 3 1
44825 0 6 107 3 0
80641 1 4 107 3 1
290413 1 4 107 3 1
290666 0 6 107 1 1
291280 1 4 107 1 0
292667 1 3 107 1 0
292672 1 3 107 1 0
308554 1 3 107 3 0
309211 0 6 107 1 0
279 1 4 108 1 0
76511 0 6 108 1 0
79368 1 4 108 3 0
79926 0 6 108 3 0
139957 0 6 108 3 0
161306 0 6 108 3 0
166469 1 4 108 4 0
180670 1 4 108 3 0
270953 0 6 108 2 1
290948 1 4 108 1 0
291232 1 2 108 1 0
291527 1 3 108 2 0
292668 0 6 108 3 0
292896 0 6 108 1 0
307885 0 6 108 0 0
308139 0 6 108 1 1
308994 1 3 108 1 0
309251 1 2 108 1 0
309610 1 4 108 1 0
561763 0 6 108 3 1
278 1 5 109 1 0
116909 0 6 109 2 1
116973 0 6 109 4 1
291681 1 2 109 1 0
291705 0 6 109 1 0
291742 1 4 109 3 0
292193 1 3 109 1 0
292309 1 4 109 1 0
292539 0 6 109 1 0
292621 1 4 109 1 0
292666 0 6 109 1 0
307887 0 6 109 1 0
308992 0 6 109 0 0
309212 1 4 109 3 0
330274 0 6 109 3 1
430581 0 6 109 2 0
561761 1 3 109 0 0
562551 1 4 109 3 0
139958 1 3 110 3 0
180667 0 6 110 0 0
180669 0 6 110 3 0
290350 1 4 110 1 0
290583 0 6 110 1 0
291092 1 3 110 3 0
291531 0 6 110 3 0
292171 0 6 110 1 0
292611 1 4 110 1 0
292822 1 4 110 1 0
293011 1 4 110 4 0
293102 0 6 110 1 0
307624 0 6 110 1 0
308142 0 6 110 1 0
308425 1 4 110 2 0
308868 0 6 110 1 0
308997 1 4 110 3 0
309250 1 2 110 1 0
309609 0 6 110 1 0
309626 1 2 110 3 0
454476 0 6 110 3 0
561220 0 6 110 4 1
275 1 3 111 2 0
79037 1 4 111 2 1
117030 1 4 111 3 0
158807 0 6 111 3 0
167964 1 4 111 1 0
290487 1 3 111 1 0
291520 0 6 111 3 1
291522 1 4 111 1 0
291678 1 2 111 1 0
291679 1 2 111 1 0
292172 0 6 111 1 0
292192 1 4 111 1 0
292308 1 4 111 1 0
292756 0 6 111 1 1
307888 1 3 111 1 0
309248 0 6 111 1 0
309413 0 6 111 1 0
418794 0 6 111 3 0
526082 0 6 111 3 1
562546 0 6 111 0 0
73946 1 2 112 3 0
76510 0 6 112 1 0
161300 0 6 112 3 0
282188 1 3 112 3 0
291240 0 6 112 4 0
291442 0 6 112 1 1
291533 1 4 112 4 1
291680 0 6 112 1 0
291682 0 6 112 3 0
291707 1 5 112 1 0
309249 0 6 112 1 0
430579 0 6 112 1 0
277 0 6 113 0 0
76512 0 6 113 3 0
116971 1 3 113 2 0
270623 0 6 113 2 0
282189 1 4 113 3 0
290527 1 4 113 4 1
290528 1 3 113 4 0
290664 0 6 113 1 0
290800 1 4 113 2 0
291451 0 6 113 1 0
291517 0 6 113 1 1
291627 1 2 113 1 0
291692 0 6 113 1 0
292149 1 2 113 2 1
292195 1 3 113 3 0
292455 0 6 113 1 0
292610 0 6 113 1 0
292751 1 4 113 1 0
308138 1 4 113 1 0
308993 0 6 113 1 0
309253 0 6 113 3 0
238182 0 6 114 3 0
282193 1 3 114 3 1
284305 0 6 114 3 0
290544 0 6 114 3 0
290560 0 6 114 1 0
291429 0 6 114 1 0
291443 0 6 114 3 0
291453 1 4 114 3 0
291706 0 6 114 1 0
292310 0 6 114 3 0
292517 1 3 114 1 0
308141 1 3 114 1 0
309412 0 6 114 1 0
330275 1 4 114 3 0
116972 1 4 115 3 0
138389 1 5 115 2 1
247466 1 3 115 3 1
284302 1 2 115 1 0
290729 1 3 115 1 0
291010 0 6 115 1 0
291015 0 6 115 1 0
291441 0 6 115 0 0
291452 1 3 115 3 0
291646 1 4 115 1 0
291683 0 6 115 3 0
308996 0 6 115 1 0
309440 0 6 115 1 0
7185 0 6 116 2 0
290543 1 2 116 3 0
290799 0 6 116 1 0
291117 0 6 116 1 0
291428 1 4 116 1 0
291673 0 6 116 4 0
291674 0 6 116 0 0
292342 1 4 116 1 0
307972 0 6 116 1 0
308995 0 6 116 1 0
309242 1 3 116 1 0
349167 1 4 116 3 0
430575 0 6 116 0 0
6749 1 3 117 3 0
291395 0 6 117 1 0
291458 0 6 117 3 1
291651 0 6 117 1 0
292454 1 3 117 1 0
292770 1 4 117 1 0
308405 1 4 117 1 0
308985 0 6 117 1 0
309130 0 6 117 1 0
309405 0 6 117 1 0
445616 0 6 117 3 0
1082 0 6 118 0 0
75960 1 3 118 3 0
291435 1 3 118 3 0
292304 1 4 118 1 0
307427 0 6 118 1 1
307800 0 6 118 1 0
382368 1 2 118 3 0
211028 1 3 119 3 1
290332 0 6 119 1 0
290752 0 6 119 3 0
291118 0 6 119 1 0
291647 1 4 119 3 1
291648 1 4 119 3 1
291878 1 4 119 0 0
292869 1 3 119 1 0
292903 0 6 119 1 0
293203 0 6 119 1 0
308233 0 6 119 1 0
309660 1 3 119 4 1
283334 0 6 120 1 0
290795 1 4 120 1 1
291120 0 6 120 2 0
291299 0 6 120 1 0
291449 1 2 120 3 0
293210 1 4 120 0 0
445615 1 4 120 3 0
1083 0 6 121 0 0
61460 0 6 121 3 0
291017 1 4 121 3 0
291685 1 2 121 3 0
291913 1 5 121 1 0
292458 0 6 121 3 0
292697 1 2 121 1 0
292733 1 3 121 1 0
293117 1 2 121 1 0
293211 1 3 121 0 0
308338 1 3 121 1 0
308983 1 3 121 1 0
136056 0 6 122 3 0
144125 0 6 122 3 0
267782 1 4 122 3 0
291095 0 6 122 3 0
291654 0 6 122 3 1
293209 1 4 122 3 0
307679 1 3 122 4 1
331269 1 4 122 4 0
430578 1 4 122 3 0
1085 0 6 123 1 0
251669 0 6 123 2 0
291109 0 6 123 1 0
291392 1 2 123 1 0
292453 0 6 123 3 0
292457 0 6 123 3 0
292743 0 6 123 3 1
307758 0 6 123 1 0
308339 0 6 123 2 0
1081 0 6 124 4 0
290797 0 6 124 3 1
291653 0 6 124 3 0
292376 0 6 124 1 1
293120 1 3 124 4 1
293214 0 6 124 3 0
511100 1 3 124 3 0
135165 1 5 125 4 0
255388 0 6 125 2 0
291110 1 4 125 3 1
291391 1 5 125 1 0
292452 1 2 125 3 0
292735 1 3 125 3 0
308313 0 6 125 4 0
430290 0 6 125 3 0
498898 0 6 125 3 0
109447 0 6 126 3 0
208108 0 6 126 3 0
291406 0 6 126 1 0
382425 0 6 126 3 0
430315 1 4 126 3 0
440809 0 6 126 3 0
528844 0 6 126 3 0
11879 1 3 127 3 0
251670 1 2 127 3 0
293088 0 6 127 1 0
434866 0 6 127 3 0
291776 0 6 128 1 0
292377 0 6 128 1 0
292443 1 3 128 4 1
208107 0 6 129 3 0
274245 1 4 129 3 0
291408 1 4 129 1 0
292736 1 3 129 3 0
1792 0 6 130 3 0
109367 0 6 130 3 0
147105 1 3 130 3 0
191062 0 6 130 2 1
290418 1 4 130 1 0
291939 1 4 130 3 0
292451 0 6 130 1 0
498230 1 3 130 2 0
291637 1 4 132 1 0
292378 0 6 132 1 0
292444 0 6 132 4 0
292788 1 3 132 1 0
293101 1 3 132 1 0
423109 0 6 132 2 0
292380 1 4 133 3 0
291695 1 2 134 3 0
291764 1 4 134 1 0
290821 0 6 135 1 0
291409 0 6 135 3 0
293061 0 6 135 1 0
293172 0 6 135 1 0
418746 1 2 135 2 0
287592 1 3 136 2 0
290827 1 2 136 3 0
291763 1 4 136 1 0
291410 0 6 137 3 0
290823 1 2 138 1 0
291765 1 3 138 3 0
292981 1 3 138 1 0
290824 0 6 139 1 0
291760 1 3 139 3 0
293174 1 2 139 3 0
474878 1 4 139 3 0
195600 1 3 141 3 0
291762 1 2 141 0 0
292932 0 6 141 1 1
308004 0 6 141 2 0
529786 0 6 141 3 0
290822 0 6 142 1 0
291766 1 5 142 3 0
292979 0 6 142 1 0
291311 0 6 143 1 0
291937 0 6 145 1 0
292909 1 3 146 1 0
292933 0 6 146 1 0
292935 1 4 146 3 0
293072 1 3 146 4 0
291309 1 4 147 0 0
291313 1 3 147 3 0
292937 1 2 148 3 0
290765 0 6 150 3 0
290889 1 3 150 1 0
291310 1 3 151 1 0
292912 0 6 151 3 0
290345 0 6 153 2 0
290892 0 6 153 3 0
290589 0 6 154 1 0
290890 1 2 154 1 0
292292 0 6 156 1 0
292908 1 4 156 1 1
290592 0 6 157 2 0
293126 1 3 157 3 0
292911 1 4 158 3 0
292526 1 3 159 1 0
290352 0 6 160 3 1
292290 1 4 160 3 0
264222 0 6 161 3 0
292546 1 4 161 1 0
292910 0 6 161 2 0
292525 1 4 162 1 0
244650 0 6 163 3 0
272614 1 2 163 4 1
290591 0 6 163 2 1
291564 1 3 163 1 0
291857 0 6 163 4 1
292528 1 4 163 1 0
292547 1 3 163 3 0
292635 1 2 163 1 0
291046 1 3 164 1 0
244651 1 3 165 3 0
264224 1 2 165 1 0
290532 1 3 165 1 0
290594 0 6 165 1 1
292524 0 6 165 0 1
292605 1 3 165 1 0
292639 1 3 165 3 0
291051 1 2 166 0 0
292162 0 6 166 1 1
293049 0 6 166 1 0
290596 0 6 167 1 0
174632 1 4 168 3 0
291055 1 4 168 3 0
293235 0 6 168 1 0
312681 0 6 168 3 0
388443 0 6 168 3 0
291738 0 6 169 3 0
263064 0 6 170 1 0
264265 1 3 170 1 0
292160 1 3 170 0 1
293050 1 3 170 1 0
19538 1 2 171 3 0
290533 0 6 171 1 0
290595 0 6 171 1 0
290807 0 6 171 0 0
291054 0 6 171 3 0
292606 1 3 171 1 0
293233 1 4 171 1 0
263839 1 2 173 1 0
291921 1 2 173 1 0
292303 0 6 173 0 0
290535 1 3 174 3 0
292152 1 3 174 3 0
292609 1 3 174 3 0
293051 1 3 174 3 0
263388 0 6 175 1 0
264867 0 6 175 2 0
292043 1 2 175 0 0
19537 0 6 176 3 0
292312 1 3 176 4 0
292607 0 6 176 1 0
292046 1 4 177 1 0
298469 1 4 177 2 0
264408 0 6 178 1 0
292617 0 6 178 4 0
263045 1 4 179 1 0
292045 0 6 179 2 0
120683 0 6 180 3 0
292151 0 6 180 3 1
293052 1 4 180 3 0
264308 1 2 182 1 0
263636 1 5 184 2 0
263908 1 3 184 1 0
263909 0 6 186 1 1
264285 1 3 186 1 0
263637 0 6 187 2 1
263910 0 6 187 3 0
264305 0 6 187 1 0
264325 1 2 187 1 1
263907 1 2 188 1 0
264132 0 6 188 1 0
264328 0 6 189 3 0
262838 0 6 190 1 0
263004 0 6 190 4 0
264324 1 3 190 1 0
262834 0 6 191 1 0
262862 1 3 191 3 0
263180 0 6 191 4 0
263426 1 4 191 1 0
262835 0 6 192 1 0
263635 1 4 192 0 0
264641 1 3 193 1 0
558892 1 3 194 3 0
159529 1 3 195 3 0
263425 0 6 195 0 0
263429 0 6 195 3 0
263492 1 5 195 0 0
264513 1 3 195 1 0
262833 1 4 196 0 0
264514 0 6 196 1 0
263053 0 6 197 1 0
264553 0 6 197 1 0
264827 0 6 197 0 0
264519 1 3 198 1 0
264536 1 2 198 1 0
264830 1 2 198 1 1
265028 1 2 198 1 1
263052 0 6 199 0 0
263324 1 3 199 0 0
263371 1 4 199 1 0
263494 0 6 199 3 1
263638 0 6 199 0 0
264010 0 6 199 3 0
264505 0 6 199 3 0
264642 1 4 199 1 0
264690 1 3 199 0 0
262863 1 4 200 0 0
262959 0 6 200 1 0
263608 1 4 200 4 0
264487 0 6 200 4 0
264537 0 6 200 1 0
264581 1 4 200 0 0
264640 1 4 200 1 0
264665 0 6 200 1 0
263868 1 3 201 4 0
264378 0 6 201 2 0
264540 1 4 201 3 1
264829 1 2 201 3 0
338022 0 6 201 3 0
262857 1 4 202 1 0
263194 0 6 202 1 0
263451 1 5 202 0 0
263508 0 6 202 1 0
264515 1 4 202 1 0
264632 0 6 202 1 0
264869 0 6 202 1 0
264902 0 6 202 1 0
265029 0 6 202 1 0
320053 0 6 202 3 0
460945 0 6 202 3 0
133760 1 3 203 3 0
230902 0 6 203 4 0
262864 1 4 203 1 0
262865 0 6 203 1 0
263195 0 6 203 1 1
263607 1 4 203 4 0
263687 1 5 203 1 0
264212 1 3 203 4 0
264295 0 6 203 0 0
264539 1 4 203 2 0
268574 0 6 203 3 0
263196 1 4 204 3 0
263198 0 6 204 1 0
264629 1 4 204 1 0
264870 0 6 204 1 0
263454 0 6 205 1 0
263456 1 2 205 3 0
264160 1 3 205 0 0
264643 1 4 205 3 0
264866 1 3 205 1 0
263666 1 4 206 1 0
263686 1 2 206 1 0
263688 1 3 206 1 0
263747 0 6 206 4 0
264011 1 4 206 0 0
264326 0 6 206 1 0
264634 0 6 206 1 0
264709 1 3 206 1 0
264962 1 2 206 1 0
449377 1 3 206 3 1
133752 0 6 207 0 1
133755 1 2 207 3 0
133759 1 4 207 3 0
263197 1 3 207 0 0
264630 0 6 207 3 1
264881 1 2 207 1 0
263104 1 3 208 1 0
263119 0 6 208 1 0
263690 0 6 208 3 0
264108 0 6 208 1 0
262999 1 3 209 1 0
264159 0 6 209 3 1
264882 0 6 209 1 0
263301 0 6 211 1 0
264611 0 6 211 3 0
264633 1 4 211 1 0
264775 0 6 211 3 1
264879 1 4 211 0 0
264964 0 6 211 2 0
133753 1 4 212 1 0
263748 0 6 212 1 0
264411 1 3 212 1 0
264561 0 6 212 1 0
449376 0 6 212 3 0
264883 0 6 214 3 0
264884 1 4 214 3 0
263289 1 3 216 1 0
264412 0 6 216 3 0
264766 0 6 216 1 0
262892 0 6 218 2 0
263878 1 3 218 3 1
263155 0 6 219 1 0
263077 0 6 220 1 0
263241 0 6 220 1 0
263652 1 4 220 3 0
264091 1 5 220 1 0
264985 0 6 220 1 0
368901 1 3 220 2 0
263156 1 3 222 3 1
263877 0 6 222 3 0
264090 1 3 224 0 0
264094 0 6 224 2 1
262880 1 3 225 1 1
263111 1 5 225 1 1
264095 0 6 226 3 0
264398 0 6 227 3 0
264687 0 6 227 1 0
