66328 10
66329 10
274673 10
274675 10
274676 10
179919 11
282809 11
226449 12
226450 12
226451 12
226452 12
274670 13
274671 13
274672 13
274674 13
448227 14
282805 15
282807 15
282808 15
420414 16
419675 17
419678 17
419565 20
419676 20
420187 20
420188 20
420191 20
117046 21
117047 21
117236 21
117233 22
117234 22
117235 22
117237 22
117244 26
419178 26
420384 26
420385 26
116274 27
117242 27
117245 27
117246 27
419939 29
419940 29
419942 29
419943 29
420866 29
116273 30
132316 30
419118 30
419121 30
420863 30
420867 30
419883 32
419941 32
420111 32
117574 33
117576 33
117577 33
130908 33
419510 33
419511 33
419512 33
419514 33
117259 34
117260 34
117261 34
420108 34
420109 34
420110 34
420488 34
420492 34
420112 35
420116 35
419758 36
419760 36
419761 36
420800 36
420803 36
116795 38
419446 38
419593 38
419595 38
420214 38
420215 38
420676 38
419701 39
419923 39
420115 39
420117 39
419809 40
419927 40
419928 40
419929 40
420113 40
419492 41
419532 41
419533 41
420674 41
420677 41
116770 42
419156 42
419157 42
419160 42
419811 42
419813 42
420822 42
420217 43
419420 44
420410 44
14523 45
419105 45
419109 45
419155 45
419739 45
420086 47
420355 49
420356 49
419106 50
419110 50
419912 50
419914 50
420284 50
420286 50
420350 50
420351 50
420352 50
420353 50
420354 50
419316 52
420090 52
420846 52
420731 54
420733 54
419108 55
419109 55
419466 55
419467 55
420088 56
420089 56
419824 58
419955 58
419472 59
419473 59
419476 59
