66328 0 4 5 3
66329 0 4 5 3
274670 0 4 5 1
274673 0 4 5 1
274674 0 4 5 1
274675 0 4 5 1
274676 0 4 5 1
179919 0 5 5 3
282805 0 5 5 3
282809 0 5 5 3
226449 0 6 5 3
226450 0 6 5 3
226451 0 6 5 3
226452 0 6 5 3
274670 0 7 5 3
274671 0 7 5 3
274672 0 7 5 3
274674 0 7 5 3
448227 0 8 5 3
282805 0 9 5 3
282807 0 9 5 3
282808 0 9 5 3
420414 0 10 5 3
419675 0 11 5 1
419678 0 11 5 1
117233 0 12 5 1
419565 0 14 5 4
419676 0 14 5 3
420187 0 14 5 1
420188 0 14 5 1
420191 0 14 5 1
117046 0 15 5 1
117047 0 15 5 1
117234 0 15 5 1
117235 0 15 5 1
117236 0 15 5 1
117237 0 15 5 1
117233 0 16 5 3
117234 0 16 5 3
117235 0 16 5 3
117237 0 16 5 3
117244 0 20 5 3
117246 0 20 5 3
419178 0 20 5 1
420384 0 20 5 1
420385 0 20 5 1
116274 0 21 5 3
117242 0 21 5 1
117245 0 21 5 1
117246 0 21 5 1
419939 0 23 5 1
419940 0 23 5 1
419942 0 23 5 1
419943 0 23 5 1
420866 0 23 5 1
116273 0 24 5 0
132316 0 24 5 2
419118 1 24 5 1
419121 1 24 5 1
420863 0 24 5 2
420867 0 24 5 2
419883 0 26 5 2
419941 0 26 5 1
420108 0 26 5 3
420111 0 26 5 3
117574 0 27 5 1
117576 0 27 5 1
117577 0 27 5 1
130908 0 27 5 2
419510 0 27 5 1
419511 0 27 5 1
419512 0 27 5 1
419514 0 27 5 1
117259 0 28 5 1
117260 0 28 5 1
117261 0 28 5 1
420109 0 28 5 1
420110 0 28 5 1
420108 0 28 5 3
420110 0 28 5 3
420488 0 28 5 1
420492 0 28 5 1
420112 0 29 5 1
420115 0 29 5 1
420116 0 29 5 1
420117 0 29 5 1
419758 0 30 5 1
419760 0 30 5 1
419761 0 30 5 1
420800 1 30 5 1
420803 1 30 5 1
116795 0 32 5 4
419446 0 32 5 1
419593 0 32 5 1
419595 0 32 5 1
420214 1 32 5 3
420215 1 32 5 3
420217 1 32 5 3
420676 0 32 5 1
419701 0 33 5 2
419923 0 33 5 1
420115 1 33 5 1
420117 1 33 5 1
419809 1 34 5 1
419927 0 34 5 3
419928 0 34 5 3
419929 0 34 5 3
420113 0 34 5 1
419492 0 35 5 2
419532 0 35 5 1
419533 0 35 5 1
420674 0 35 5 3
420677 0 35 5 3
116770 0 36 5 2
419156 0 36 5 1
419157 0 36 5 1
419160 0 36 5 1
419811 0 36 5 3
419813 0 36 5 3
420822 0 36 5 1
420217 0 37 5 3
419420 0 38 5 3
420410 0 38 5 1
14523 0 39 5 3
419105 0 39 5 1
419106 0 39 5 1
419109 0 39 5 1
419110 0 39 5 1
419155 1 39 5 1
419739 1 39 5 2
420086 1 41 5 1
420090 1 41 5 1
420355 0 43 5 2
420356 0 43 5 2
419106 1 44 5 3
419110 1 44 5 3
419912 0 44 5 3
419914 0 44 5 3
420284 1 44 5 1
420286 1 44 5 1
420351 0 44 5 0
420353 0 44 5 0
420354 0 44 5 0
420350 0 44 5 3
420351 0 44 5 3
420352 0 44 5 3
420354 0 44 5 3
419316 1 46 5 1
420088 0 46 5 3
420090 0 46 5 3
420846 0 46 5 2
420731 1 48 5 1
420733 1 48 5 1
419108 0 49 5 3
419109 0 49 5 3
419466 0 49 5 1
419467 0 49 5 1
420088 0 50 5 3
420089 0 50 5 3
419824 0 52 5 4
419955 1 52 5 4
419472 0 53 5 1
419473 0 53 5 1
419476 0 53 5 1
