464576 1 2 4 1
473490 1 3 3 3
367797 1 3 3 1
283621 1 3 3 3
23019 1 3 3 2
23020 0 3 5 2
390030 0 3 5 3
390031 0 3 5 3
390032 0 3 5 3
464577 1 3 5 1
473491 0 3 5 3
471824 1 4 2 1
163600 1 4 2 3
367798 1 4 5 1
471823 0 4 5 1
471825 0 4 5 1
471826 0 4 5 1
460520 1 5 4 1
461111 1 5 2 1
461112 0 5 5 1
478001 1 6 3 1
460522 1 6 5 1
478002 0 6 5 1
478003 0 6 5 1
536437 1 7 2 1
392223 1 7 2 3
163598 1 7 2 0
163599 0 7 5 0
163600 0 7 5 0
392222 0 7 5 3
536436 0 7 5 1
460082 1 8 3 1
346168 1 8 3 3
459528 0 8 6 1
459523 0 8 5 3
347443 1 8 2 1
347347 1 8 1 1
346165 0 8 5 3
346166 0 8 5 3
346167 0 8 5 3
347345 0 8 5 1
347346 0 8 5 1
347349 0 8 5 1
347444 0 8 5 1
459522 0 8 5 3
459526 0 8 5 3
459527 0 8 5 3
460081 0 8 5 1
460083 0 8 5 1
460084 0 8 5 1
460085 0 8 5 1
459524 1 9 2 1
459522 1 9 5 1
459523 0 9 5 1
459525 0 9 5 1
459526 0 9 5 1
347959 1 10 4 1
459230 1 10 3 1
381683 1 10 3 3
304782 1 10 1 3
381681 0 10 5 3
381682 0 10 5 3
381684 0 10 5 3
381685 0 10 5 3
304789 1 11 3 1
349808 1 11 2 2
304790 0 11 5 1
304792 0 11 5 1
347956 1 11 5 1
347962 1 11 5 1
349807 0 11 5 2
459229 1 11 5 1
459231 1 11 5 1
460925 1 12 3 3
347825 1 12 3 4
346209 0 12 7 3
347188 1 12 2 1
347189 0 12 5 1
347192 0 12 5 1
460926 0 12 5 3
470638 1 13 3 2
459798 1 13 3 1
459299 1 13 2 2
347154 1 13 1 3
246157 1 13 1 2
346212 1 13 5 1
347149 0 13 5 3
347151 0 13 5 3
459298 0 13 5 2
459797 0 13 5 1
459799 0 13 5 1
459800 0 13 5 1
470636 0 13 5 2
470637 0 13 5 2
460524 1 14 2 4
460464 1 15 4 1
347041 1 15 3 1
460597 1 15 1 3
459229 0 15 7 3
459232 0 15 5 3
460518 1 16 3 4
459804 1 16 2 1
347469 1 16 2 3
347150 1 16 2 1
347038 1 16 5 1
347043 1 16 5 1
347151 0 16 5 1
347466 0 16 5 3
347468 0 16 5 3
459806 0 16 5 1
460463 1 16 5 1
460466 1 16 5 1
460601 1 17 2 1
460602 0 17 5 1
460603 0 17 5 1
347575 1 18 3 1
347124 1 18 3 3
459325 1 18 2 4
346708 1 18 2 1
346705 0 18 5 1
346707 0 18 5 1
346709 0 18 5 1
459230 1 18 5 1
459231 1 18 5 1
346447 1 19 3 0
501792 1 20 2 3
347042 1 20 2 3
346706 1 20 2 1
346450 1 20 5 0
346709 0 20 5 1
346603 0 21 5 3
459407 1 21 3 3
346681 1 21 3 1
346585 1 21 3 1
385079 1 21 2 3
346604 1 21 2 3
346680 0 21 5 1
346682 0 21 5 1
346683 0 21 5 1
346684 0 21 5 1
385078 0 21 5 3
459403 0 21 5 3
459404 0 21 5 3
459406 0 21 5 3
339049 1 22 3 3
460104 1 22 2 1
339041 1 22 2 3
460128 1 22 1 1
346601 1 22 5 3
459405 0 22 5 0
460103 0 22 5 1
460105 0 22 5 1
460106 0 22 5 1
460107 0 22 5 1
460129 0 22 5 1
347246 1 23 2 1
460621 1 23 1 4
347581 1 23 1 3
339042 1 23 5 3
339046 1 23 5 3
339047 1 23 5 3
460856 0 23 5 1
460955 1 24 3 1
346084 0 24 6 1
105533 1 24 2 3
346705 1 24 1 1
105531 0 24 5 3
105532 0 24 5 3
346085 0 24 5 1
346086 0 24 5 1
346706 0 24 5 1
346710 0 24 5 1
459622 1 25 3 1
460905 1 25 2 3
460074 1 25 2 1
347247 1 25 2 3
346235 1 25 2 3
346086 0 25 5 1
346087 0 25 5 1
346233 0 25 5 3
346234 0 25 5 3
346236 0 25 5 3
347248 0 25 5 3
460075 0 25 5 1
460906 0 25 5 3
460277 1 26 4 1
459272 1 26 4 1
346048 1 26 3 1
346114 1 26 1 1
346046 0 26 5 1
346050 0 26 5 1
346051 0 26 5 1
346116 0 26 5 1
346681 1 26 5 0
346682 1 26 5 0
460339 1 27 3 1
346901 1 27 3 1
459362 1 27 2 4
460295 1 27 1 2
346900 0 27 5 1
346903 0 27 5 1
459273 1 27 5 1
459361 0 27 5 4
460278 1 27 5 1
460296 0 27 5 2
460921 1 28 3 3
349357 1 28 2 3
349356 0 28 5 3
460920 0 28 5 3
460953 0 28 7 1
460954 0 28 5 1
460106 1 29 2 3
459904 1 29 2 1
459787 1 29 2 3
347201 1 29 2 1
459119 1 29 1 1
347205 0 29 5 1
459118 0 29 5 1
459120 0 29 5 1
459905 0 29 5 1
460104 0 29 5 3
460107 0 29 5 3
346215 1 30 3 3
460110 1 30 2 3
347345 1 30 2 1
346047 0 30 5 0
346048 0 30 5 0
346049 0 30 5 0
346051 0 30 5 0
347350 0 30 5 1
459786 1 30 5 3
460109 0 30 5 3
460111 0 30 5 3
460957 0 30 5 1
346649 1 31 3 1
189998 1 31 3 3
459306 1 31 2 1
346040 1 31 2 1
235031 1 31 2 3
235028 0 31 5 3
235030 0 31 5 3
346042 0 31 5 1
346044 0 31 5 1
346648 0 31 5 1
346651 0 31 5 1
346653 0 31 5 1
346901 0 31 5 0
346902 0 31 5 0
459307 0 31 5 1
459857 1 32 3 3
461007 1 32 2 1
460073 1 32 2 1
459542 1 32 2 1
459308 1 32 2 1
459121 1 32 2 3
346110 1 32 2 3
324083 1 32 2 3
346556 1 32 1 1
324082 0 32 5 3
346039 0 32 5 1
346044 0 32 5 1
346107 0 32 7 3
346108 0 32 5 3
346558 0 32 5 1
459120 0 32 5 3
459307 0 32 5 1
459543 0 32 5 1
459544 0 32 5 1
346329 1 33 4 1
524518 1 33 3 3
453955 1 33 3 1
347620 1 33 3 3
461080 1 33 2 1
460391 1 33 2 3
402921 1 33 2 0
347845 1 33 2 1
202554 1 33 2 2
202553 0 33 5 2
347618 0 33 5 3
347842 0 33 5 1
347843 0 33 5 1
347847 0 33 5 1
402922 0 33 5 0
402923 0 33 5 0
459853 1 33 5 3
459854 1 33 5 3
459855 1 33 5 3
459856 1 33 5 3
461083 0 33 5 1
460240 1 34 2 3
460211 1 34 2 3
460075 1 34 2 3
347123 1 34 2 1
461062 1 34 1 1
345947 0 34 5 1
345948 0 34 5 1
346330 1 34 5 1
346331 1 34 5 1
346333 1 34 5 1
453957 1 34 5 1
461061 0 34 5 1
461063 0 34 5 1
525135 1 35 2 4
347162 1 35 2 1
347122 1 35 2 1
346852 1 35 2 1
346807 1 35 2 3
346702 1 35 2 1
271254 1 35 2 3
346109 1 35 5 1
346110 1 35 5 1
346803 0 35 5 3
346805 0 35 5 3
346806 0 35 5 3
346850 0 35 5 1
346855 0 35 5 1
347125 0 35 5 1
347124 1 35 5 1
347125 1 35 5 1
347165 0 35 5 1
460212 1 35 5 3
461080 0 35 5 3
461081 0 35 5 3
461082 0 35 5 3
437723 1 36 1 3
346159 1 36 1 1
437722 0 36 5 3
347024 1 37 3 1
200621 1 37 3 2
346437 1 37 2 1
77841 1 37 2 3
460708 1 37 1 1
459309 1 37 1 3
77840 0 37 5 3
200619 0 37 5 2
200620 0 37 5 2
453954 0 37 5 3
453956 0 37 5 3
453958 0 37 5 3
460707 0 37 5 1
460709 0 37 5 1
460710 0 37 5 1
460651 1 38 3 1
347607 1 38 2 1
346443 1 38 2 1
346445 0 38 5 1
346446 0 38 5 1
460653 0 38 5 1
346509 1 39 3 4
347847 1 39 2 3
324659 1 39 2 3
460650 1 39 1 1
347642 1 39 1 1
460652 0 39 5 1
460653 0 39 5 1
347643 1 40 3 3
346444 1 40 3 1
346160 1 40 2 3
454734 1 40 1 1
347842 1 40 1 0
346159 0 40 5 3
346443 0 40 5 1
346445 0 40 5 1
346446 0 40 5 1
347641 0 40 5 3
347843 0 40 5 0
347844 0 40 5 0
347845 0 40 5 0
347846 0 40 5 0
454737 0 40 5 1
454738 0 40 5 1
460195 1 41 3 1
459841 1 41 2 3
384514 1 41 2 3
346104 1 41 2 3
346101 0 41 7 3
346102 0 41 5 3
384515 0 41 5 3
460197 0 41 5 1
460199 0 41 5 1
460200 0 41 5 1
461009 1 42 1 3
461005 0 42 5 3
461006 0 42 5 3
461007 0 42 5 3
461010 0 42 5 3
459698 1 43 3 1
347608 1 43 2 2
346888 1 43 2 4
346804 1 43 2 1
346100 0 43 5 1
346102 0 43 5 1
346103 0 43 5 1
346104 0 43 5 1
346803 0 43 5 1
346806 0 43 5 1
346807 0 43 5 1
346889 0 43 5 4
347609 0 43 5 2
347610 0 43 5 2
459699 0 43 5 1
346098 1 44 3 4
346406 1 45 3 3
459847 1 45 2 3
201124 1 45 2 4
453189 1 45 1 1
346407 0 45 5 3
453192 0 45 5 1
454736 1 46 4 1
453295 1 46 3 1
548961 1 46 1 3
453293 0 46 5 1
453519 1 47 2 3
453518 0 47 5 3
454734 1 47 5 1
454737 1 47 5 1
453488 1 48 2 3
453484 0 48 5 3
453486 0 48 5 3
453487 0 48 5 3
452942 1 49 4 1
454681 1 49 3 1
452751 1 49 3 1
450681 1 49 2 1
454786 1 49 1 1
409687 1 49 1 3
50313 0 49 5 3
450682 0 49 5 1
450683 0 49 5 1
454682 0 49 5 1
454787 0 49 5 1
346605 1 50 3 1
460124 1 50 1 1
454912 1 50 1 1
346210 1 50 1 1
346212 0 50 5 1
452941 1 50 5 1
452943 1 50 5 1
452944 1 50 5 1
454915 0 50 5 1
460125 0 50 5 1
460126 0 50 5 1
454741 1 51 4 1
453123 0 51 6 1
409685 0 51 5 1
409683 0 51 5 3
409684 0 51 5 1
409686 0 51 6 1
409687 0 51 5 1
409682 0 51 5 3
409686 0 51 5 3
409687 0 51 5 3
453125 1 52 5 1
347770 0 52 7 3
452896 1 52 2 1
409866 1 52 2 1
347774 0 52 7 1
409864 0 52 5 1
409865 0 52 5 1
409867 0 52 5 1
409868 0 52 5 1
452895 0 52 5 1
453124 1 52 5 1
453128 0 52 5 1
454744 1 52 5 1
410451 1 53 4 0
454775 1 53 2 1
454683 1 53 2 3
451343 1 53 1 2
451342 0 53 5 2
454745 0 53 5 3
454773 0 53 5 1
454777 0 53 5 1
454776 1 54 3 1
454131 0 54 5 1
346236 1 54 3 3
454129 1 54 2 1
347892 1 54 2 1
346233 0 54 5 3
347772 0 54 5 3
347893 0 54 5 1
347894 0 54 5 1
347895 0 54 5 1
409681 0 54 5 3
409682 0 54 5 3
409684 0 54 5 3
409687 0 54 5 3
409866 0 54 5 0
409868 0 54 5 0
410450 1 54 7 0
452897 1 54 5 0
454130 0 54 5 3
454774 0 54 5 1
454788 1 55 2 3
454687 1 55 2 3
454682 1 55 2 3
410242 1 55 2 1
347769 0 55 5 1
347770 0 55 5 1
347772 0 55 5 1
347774 0 55 5 1
410244 0 55 5 1
454681 0 55 5 3
454683 0 55 5 3
454684 0 55 5 3
453200 1 56 2 3
347987 1 56 2 1
347771 1 56 2 1
347892 0 56 5 1
452951 1 57 3 1
347340 1 57 1 1
347339 0 57 5 1
347341 0 57 5 1
347343 0 57 5 1
347989 1 57 5 1
410452 1 57 5 0
452953 0 57 5 1
483855 1 58 3 3
345935 1 58 1 1
452558 1 59 3 1
346739 1 59 3 3
345937 1 59 3 2
453019 1 59 2 1
347682 1 59 1 1
345935 0 59 5 2
345936 0 59 5 2
345938 0 59 5 2
346734 0 59 5 3
346735 0 59 5 3
346736 0 59 5 3
346737 0 59 5 3
347684 0 59 7 1
347685 0 59 5 1
453021 0 59 7 1
453022 0 59 5 1
347773 1 60 3 3
453658 0 60 6 1
346947 1 60 2 1
454359 1 60 1 2
346945 0 60 5 1
346946 0 60 5 1
346948 0 60 5 1
346949 0 60 5 1
347769 0 60 5 3
347772 0 60 5 3
452562 1 60 5 1
452563 1 60 5 1
453657 0 60 5 1
453659 0 60 5 1
454361 0 60 5 2
453400 1 61 3 0
312566 1 61 3 3
454749 1 61 2 3
453660 1 61 2 1
452858 1 61 2 4
347500 1 61 1 1
312564 0 61 5 3
312565 0 61 5 3
312567 0 61 5 3
346945 0 61 5 3
347501 0 61 5 1
347503 0 61 5 1
453020 0 61 6 3
453022 0 61 5 3
453659 0 61 5 1
453661 0 61 5 1
454746 0 61 5 3
454747 0 61 5 3
454748 0 61 5 3
454650 1 62 3 1
346937 1 62 3 4
304109 1 62 3 2
347343 1 62 2 3
82709 1 62 1 2
82710 0 62 5 2
304110 0 62 5 2
346938 0 62 5 4
347340 0 62 5 3
347683 1 62 5 2
453401 1 62 5 0
452559 0 63 6 1
454750 0 63 6 1
346818 1 63 3 1
346400 1 63 3 3
454879 1 63 2 0
346401 0 63 5 3
346819 0 63 5 1
347735 0 63 5 4
454880 0 63 5 0
454881 0 63 5 0
524259 1 64 3 3
452560 1 64 5 1
538654 1 64 1 2
453766 1 64 1 1
385296 0 64 5 2
452561 1 64 5 1
452563 1 64 5 1
452558 0 64 5 1
452561 0 64 5 1
452563 0 64 5 1
453022 0 64 5 1
453768 0 64 5 1
454746 0 64 5 1
454749 0 64 5 1
454746 1 64 5 3
454747 1 64 5 3
454748 1 64 5 3
538653 0 64 5 2
538655 0 64 5 2
346637 1 65 3 1
347139 1 65 1 1
347135 0 65 5 1
347136 0 65 5 1
347138 0 65 5 1
347140 0 65 5 1
524257 1 65 5 3
524258 1 65 5 3
347075 0 66 6 0
453314 1 66 2 1
453609 1 66 1 1
346636 1 66 5 1
346638 1 66 5 1
346639 1 66 5 1
347072 0 66 5 3
347076 0 66 5 3
453313 0 66 5 1
453315 0 66 5 1
453317 0 66 5 1
453319 0 66 5 1
453611 1 67 4 1
454152 1 67 2 3
347088 1 67 2 1
324326 1 67 2 2
347073 0 67 5 0
347074 0 67 5 0
347076 0 67 5 0
454150 0 67 5 3
453284 0 68 13 3
346319 1 68 3 4
269444 1 68 3 3
452872 1 68 2 4
346435 1 68 2 1
454356 1 68 1 1
269445 0 68 5 3
269446 0 68 5 3
346437 0 68 5 1
346438 0 68 5 1
346439 0 68 5 1
347090 1 68 5 1
347091 1 68 5 1
347441 0 68 5 1
347443 0 68 5 1
347444 0 68 5 1
347445 0 68 5 1
453610 1 68 5 1
454357 0 68 5 1
454358 0 68 5 1
347092 1 69 3 1
454592 1 69 2 1
347442 1 69 2 1
453283 1 69 5 3
453285 1 69 5 3
452669 0 70 7 1
444473 1 70 3 2
454512 1 70 2 1
346640 0 70 5 1
347094 1 70 5 1
444474 0 70 5 2
452667 0 70 5 3
453314 0 70 5 0
453315 0 70 5 0
453317 0 70 5 0
453318 0 70 5 0
454513 0 70 5 1
454514 0 70 5 1
454515 0 70 5 1
346381 1 71 4 2
454555 1 71 3 1
454410 1 71 2 1
347093 1 71 2 3
346380 1 71 6 2
346045 1 71 1 4
346379 0 71 5 1
347094 0 71 5 3
454411 0 71 5 1
454412 0 71 5 1
454413 0 71 5 1
454869 1 72 3 1
454154 1 72 3 1
347141 1 72 3 3
454071 1 72 2 0
453108 1 72 2 1
452727 1 72 2 1
452666 1 72 2 1
346379 1 72 5 2
346382 1 72 5 2
347138 0 72 5 3
347139 0 72 5 3
452667 0 72 5 1
452668 0 72 5 1
452729 0 72 5 1
454072 0 72 5 0
454074 0 72 5 0
454155 0 72 5 1
454157 0 72 5 1
454158 0 72 5 1
454556 1 72 5 1
454109 1 73 2 4
454073 1 73 1 1
454072 0 73 5 1
454076 0 73 5 1
454868 1 73 5 1
454870 1 73 5 1
454071 0 74 5 1
454072 0 74 5 1
454073 0 74 5 1
454075 0 74 7 1
454076 0 74 5 1
452583 1 75 4 0
454078 1 75 3 3
452584 1 75 3 1
452706 1 75 2 1
452707 0 75 5 1
452708 0 75 5 1
452710 0 75 5 1
346640 1 76 3 3
454528 1 76 2 1
454179 1 76 2 1
454156 1 76 2 1
346637 0 76 5 3
452585 1 76 5 0
452586 1 76 5 0
452587 1 76 5 0
452586 1 76 5 1
452589 1 76 5 1
454071 0 76 5 3
454072 0 76 5 3
454073 0 76 5 3
454074 0 76 5 3
454158 0 76 5 1
454159 0 76 5 1
454178 0 76 5 1
454181 0 76 5 1
453109 1 77 3 3
346740 1 77 3 4
454523 1 77 2 3
453108 0 77 5 3
454520 0 77 5 3
454521 0 77 5 3
452672 1 78 2 1
347134 1 78 2 3
346376 1 78 2 3
346374 0 78 5 3
346375 0 78 5 3
347133 0 78 5 3
452671 0 78 5 1
452673 0 78 5 1
452674 0 78 5 1
454157 1 79 3 1
454159 0 79 5 1
345949 1 80 3 3
347640 1 80 2 1
345950 0 80 5 3
347641 0 80 5 1
347642 0 80 5 1
347643 0 80 5 1
451306 1 81 2 2
453696 1 81 1 4
454641 1 82 1 4
347334 1 82 1 4
347335 0 82 5 4
454640 0 82 5 4
347698 1 83 3 1
347697 0 83 5 1
347699 0 83 5 1
347730 1 84 3 1
347731 0 84 5 1
347833 1 87 3 1
347836 0 87 5 1
347730 0 88 5 1
347733 0 88 5 1
346499 1 91 2 1
346500 0 91 5 1
346501 0 91 5 1
