66328 0 4 5 3
66329 0 4 5 3
274670 0 4 5 1
274673 0 4 5 1
274674 0 4 5 1
274675 0 4 5 1
274676 0 4 5 1
179919 0 5 5 3
282805 0 5 5 3
282809 0 5 5 3
226449 0 6 5 3
226450 0 6 5 3
226451 0 6 5 3
226452 0 6 5 3
274670 0 7 5 3
274671 0 7 5 3
274672 0 7 5 3
274674 0 7 5 3
448227 0 8 5 3
282805 0 9 5 3
282807 0 9 5 3
282808 0 9 5 3
420414 0 10 5 3
419675 0 11 5 1
419678 0 11 5 1
117233 0 12 5 1
419565 0 14 5 4
419676 0 14 5 3
420187 0 14 5 1
420188 0 14 5 1
420191 0 14 5 1
117046 0 15 5 1
117047 0 15 5 1
117234 0 15 5 1
117235 0 15 5 1
117236 0 15 5 1
117237 0 15 5 1
117233 0 16 5 3
117234 0 16 5 3
117235 0 16 5 3
117237 0 16 5 3
117244 0 20 5 3
117246 0 20 5 3
419178 0 20 5 1
420384 0 20 5 1
420385 0 20 5 1
116274 0 21 5 3
117242 0 21 5 1
117245 0 21 5 1
117246 0 21 5 1
419939 0 23 5 1
419940 0 23 5 1
419942 0 23 5 1
419943 0 23 5 1
420866 0 23 5 1
116273 0 24 5 0
132316 0 24 5 2
419118 1 24 5 1
419121 1 24 5 1
420863 0 24 5 2
420867 0 24 5 2
419883 0 26 5 2
419941 0 26 5 1
420108 0 26 5 3
420111 0 26 5 3
117574 0 27 5 1
117576 0 27 5 1
117577 0 27 5 1
130908 0 27 5 2
419510 0 27 5 1
419511 0 27 5 1
419512 0 27 5 1
419514 0 27 5 1
117259 0 28 5 1
117260 0 28 5 1
117261 0 28 5 1
420109 0 28 5 1
420110 0 28 5 1
420108 0 28 5 3
420110 0 28 5 3
420488 0 28 5 1
420492 0 28 5 1
420112 0 29 5 1
420115 0 29 5 1
420116 0 29 5 1
420117 0 29 5 1
419758 0 30 5 1
419760 0 30 5 1
419761 0 30 5 1
420800 1 30 5 1
420803 1 30 5 1
116795 0 32 5 4
419446 0 32 5 1
419593 0 32 5 1
419595 0 32 5 1
420214 1 32 5 3
420215 1 32 5 3
420217 1 32 5 3
420676 0 32 5 1
419701 0 33 5 2
419923 0 33 5 1
420115 1 33 5 1
420117 1 33 5 1
419809 1 34 5 1
419927 0 34 5 3
419928 0 34 5 3
419929 0 34 5 3
420113 0 34 5 1
419492 0 35 5 2
419532 0 35 5 1
419533 0 35 5 1
420674 0 35 5 3
420677 0 35 5 3
116770 0 36 5 2
419160 0 36 5 1
419736 0 36 5 1
419809 0 36 5 3
419813 0 36 5 3
420216 0 37 5 3
419420 0 38 5 3
420410 0 38 5 1
420413 0 38 5 1
14523 0 39 5 3
419106 0 39 5 1
419155 1 39 5 1
419504 0 39 5 1
420212 0 40 5 4
420214 0 40 5 4
420215 0 40 5 4
420216 0 40 5 4
419157 0 41 5 1
419158 0 41 5 1
419160 0 41 5 1
419502 0 41 5 3
419505 0 41 5 3
419912 1 41 5 2
419915 1 41 5 2
419917 1 41 5 2
420087 0 41 5 3
420089 0 41 5 3
420410 1 41 5 3
420411 1 41 5 3
419914 0 43 5 1
419917 0 43 5 1
419912 0 43 5 3
419913 0 43 5 3
419914 0 43 5 3
419917 0 43 5 3
419195 0 44 5 1
419197 0 44 5 1
419718 0 44 5 3
420088 0 44 5 1
420089 0 44 5 1
420090 0 44 5 1
420832 0 44 5 1
420833 0 44 5 1
419106 0 45 5 1
419107 0 45 5 1
419916 0 45 5 2
144037 0 46 5 3
420086 0 46 5 1
420089 0 46 5 1
420090 0 46 5 1
417232 0 47 5 3
417233 0 47 5 3
417234 0 47 5 3
417238 0 47 5 3
419963 0 47 5 1
419965 0 47 5 1
419968 0 47 5 1
420183 1 47 5 1
420571 0 47 5 3
420573 0 47 5 3
420617 1 47 5 4
419546 0 48 5 3
420226 0 48 5 1
420228 0 48 5 1
420773 0 48 5 1
420775 0 48 5 1
420777 0 48 5 1
420779 0 48 5 1
419537 1 49 5 3
420577 1 49 5 1
144037 0 50 5 3
420502 1 51 5 1
420572 0 51 5 3
284247 0 52 5 2
284249 0 52 5 2
356575 0 52 5 3
419461 0 52 5 3
419668 0 52 5 4
420576 0 52 5 3
420577 0 52 5 3
112536 0 54 5 2
254460 0 54 5 0
254462 0 54 5 0
417232 0 54 5 1
417233 0 54 5 1
417236 0 54 5 1
417237 0 54 5 1
417238 0 54 5 1
420422 0 54 5 1
420423 0 54 5 1
420424 0 54 5 1
420597 0 54 5 0
420598 0 54 5 0
420599 0 54 5 0
420600 0 54 5 0
419963 1 55 5 3
419964 1 55 5 3
419966 1 55 5 3
419967 1 55 5 3
420579 0 55 5 3
420467 0 56 5 1
420468 0 56 5 1
420469 0 56 5 1
420466 1 56 5 1
420468 1 56 5 1
238598 0 57 5 3
247725 0 57 5 4
420164 1 57 5 1
417235 0 59 5 1
417236 0 59 5 1
417237 0 59 5 1
477968 0 59 5 3
356576 0 60 5 2
420059 1 60 5 1
420062 1 60 5 1
420596 0 60 5 3
420597 0 60 5 3
420040 0 61 5 1
420044 0 61 5 1
420596 0 62 5 3
477357 0 62 5 3
199475 0 64 5 3
199477 0 64 5 3
255763 0 64 5 3
255765 0 64 5 3
416936 0 67 5 1
416938 0 67 5 1
532203 0 67 5 3
253708 0 69 5 1
463010 0 70 5 2
463013 0 70 5 2
536595 0 70 5 3
420681 1 71 5 3
420682 1 71 5 3
420683 1 71 5 3
428670 0 71 5 3
481710 0 72 5 4
532203 0 72 5 1
532206 0 72 5 1
471021 0 73 5 1
430671 0 74 5 3
430674 0 74 5 3
536593 0 74 5 3
536594 0 74 5 3
532203 1 75 5 1
532205 1 75 5 1
431537 0 76 5 3
255557 0 77 5 1
254640 0 78 5 1
470980 0 78 5 4
532195 0 78 5 1
532198 0 78 5 1
471845 0 79 5 3
484914 0 79 5 3
431109 1 84 5 3
431111 1 84 5 3
531909 0 84 5 3
531910 0 84 5 3
531911 0 84 5 3
255668 1 85 5 1
253980 1 86 5 1
253981 1 86 5 1
253983 1 86 5 1
253984 1 86 5 1
254932 0 86 5 3
255278 0 89 5 1
255279 0 89 5 1
255282 0 89 5 1
253982 0 90 5 1
253984 0 90 5 1
264337 0 90 5 3
253980 0 93 5 3
253981 0 93 5 3
253982 0 93 5 3
253983 0 93 5 3
255279 0 93 5 3
255280 0 93 5 3
255281 0 93 5 3
255279 0 94 5 1
255282 0 94 5 1
253845 0 96 5 1
253848 0 96 5 1
253717 1 99 5 1
254160 0 101 5 1
255427 1 102 5 1
255593 0 107 5 1
255596 0 107 5 1
255597 0 107 5 1
255066 0 108 5 1
254090 0 109 5 1
254091 0 109 5 1
255506 0 110 5 1
253613 1 111 5 1
253614 1 111 5 1
255595 1 111 5 0
239598 0 113 5 3
239599 0 113 5 3
254176 0 114 5 1
255537 0 114 5 1
255538 0 114 5 1
253650 0 116 5 1
253651 0 116 5 1
254660 0 117 5 3
254175 1 119 5 1
254179 1 119 5 1
254972 0 119 5 1
254976 0 119 5 1
254977 0 119 5 1
254653 0 121 5 2
254655 0 121 5 2
254656 0 121 5 2
254975 0 121 5 1
254147 0 122 5 0
254148 0 122 5 0
254176 0 122 5 1
254177 0 122 5 1
254178 0 122 5 1
254144 0 123 5 1
254145 0 123 5 1
254146 0 123 5 1
254150 0 123 5 1
255001 0 123 5 1
254175 1 124 5 3
254176 1 124 5 3
254177 1 124 5 3
254178 1 124 5 3
255183 1 124 5 1
255186 1 124 5 1
254309 0 125 5 1
254918 0 126 5 0
254919 0 126 5 0
254920 0 126 5 0
255184 0 128 5 3
255185 0 128 5 3
448660 0 128 5 3
254982 0 129 5 2
255226 0 129 5 1
255228 0 129 5 1
255230 0 129 5 1
51738 1 130 5 3
255340 1 130 5 1
255759 0 130 5 1
51740 1 131 5 3
357800 0 132 5 3
253633 0 133 5 1
253870 0 133 5 1
253873 0 133 5 1
254545 0 135 5 1
254546 0 135 5 1
51740 0 136 5 3
51741 0 136 5 3
358300 0 137 5 3
254236 1 140 5 1
254237 1 140 5 1
254238 1 140 5 1
254963 0 140 5 1
254965 0 140 5 1
254968 0 140 5 1
254290 0 142 5 1
255710 0 142 5 1
255713 0 142 5 1
254902 0 143 5 1
254903 0 143 5 1
255716 0 143 5 1
255717 0 143 5 1
254292 0 144 5 1
255101 0 144 5 0
255103 0 144 5 0
135042 0 146 5 3
254746 0 146 5 1
255555 1 146 5 0
255556 1 146 5 0
255557 1 146 5 0
255361 0 147 5 1
253546 0 148 5 1
253547 0 148 5 1
253718 0 149 5 1
253720 0 149 5 1
253722 0 149 5 1
253723 0 149 5 1
255094 1 149 5 1
255097 1 149 5 1
255827 1 149 5 1
255828 1 149 5 1
255830 1 149 5 1
255933 0 149 5 1
255934 0 149 5 1
255936 0 149 5 1
254747 0 150 5 3
254834 0 151 5 1
254835 0 151 5 1
254739 0 152 5 2
254742 0 152 5 2
255093 0 152 5 3
255094 0 152 5 3
255095 0 152 5 3
255097 0 152 5 3
117927 0 153 5 2
255829 0 153 5 1
255831 0 153 5 1
254293 0 155 5 3
254294 0 155 5 3
254738 0 155 5 3
254739 0 155 5 3
254742 0 155 5 3
255744 0 155 5 1
255745 0 155 5 1
255747 0 155 5 1
255051 0 157 5 2
