66332 1 3 6 3 0
83815 0 6 6 4 0
114646 0 6 6 3 0
117078 0 6 6 1 0
156260 0 6 6 3 0
179002 1 3 6 3 0
179918 1 2 6 3 0
215365 0 6 6 1 0
220831 1 3 6 3 0
226169 0 6 6 3 0
254397 0 6 6 3 0
274671 1 3 6 1 0
282808 1 1 6 3 0
297979 0 6 6 2 0
360624 1 2 6 2 0
419512 0 6 6 1 0
426617 0 6 6 2 1
527550 0 6 6 3 0
539580 0 6 6 2 1
553745 0 6 6 3 0
226453 0 6 7 3 1
420414 0 6 7 1 0
226454 1 3 8 3 0
271417 0 6 8 3 0
115776 1 3 9 1 0
420416 1 3 9 3 0
448230 1 2 9 3 0
226765 1 3 10 3 0
274675 1 4 10 3 1
360623 0 6 10 2 0
420749 1 4 10 1 0
473040 0 6 10 3 0
117371 0 6 11 1 0
282809 1 3 11 3 1
420269 0 6 11 1 1
420415 1 2 11 3 0
117185 0 6 12 1 0
267986 1 4 12 3 0
117235 1 2 13 1 0
419676 1 3 13 1 0
117044 0 6 14 1 0
117372 0 6 14 1 0
267985 0 6 14 3 1
115876 0 6 16 1 0
116196 1 4 16 1 0
117045 1 2 16 1 0
117232 1 2 16 1 1
419677 1 3 16 3 0
419687 0 6 16 1 0
117238 1 2 17 3 0
117239 0 6 17 0 0
419566 1 4 17 4 1
419965 0 6 17 1 0
420189 1 4 17 1 1
117234 0 6 18 1 0
117242 0 6 18 1 0
419511 0 6 19 1 0
116261 0 6 20 1 0
117233 0 6 20 1 0
419675 0 6 20 0 0
420608 1 3 20 1 0
419178 0 6 21 3 0
420555 0 6 21 1 0
117243 1 2 22 1 0
117245 0 6 22 3 1
419688 0 6 22 3 0
420558 0 6 22 3 0
116273 1 3 23 3 0
116750 0 6 23 3 0
419177 1 4 23 1 0
419510 0 6 23 1 0
420382 1 4 23 1 0
116650 0 6 24 1 0
117345 0 6 24 1 0
419921 0 6 24 4 0
420276 0 6 24 3 0
420863 1 2 24 1 0
419920 0 6 25 3 0
117141 0 6 26 3 0
132317 1 3 26 2 1
419119 1 4 26 1 0
419941 1 4 26 1 0
116272 1 4 27 0 0
116374 0 6 27 3 0
116749 0 6 27 3 0
117258 0 6 27 2 0
419403 0 6 27 1 0
420865 1 4 27 2 0
117575 1 2 28 1 0
419122 0 6 28 1 0
419405 0 6 28 1 0
419882 1 3 28 2 0
420489 0 6 28 1 0
47216 1 4 29 3 0
130907 1 3 29 2 0
419118 0 6 29 1 0
419370 0 6 29 1 0
419509 1 3 29 1 0
419940 1 4 29 1 0
420110 1 4 29 3 0
420607 0 6 29 1 0
420680 0 6 29 1 0
117257 1 3 30 1 0
117574 0 6 30 0 0
132302 0 6 30 4 0
419121 0 6 30 3 0
419124 0 6 30 1 0
420108 1 3 30 1 0
420111 1 3 30 3 1
420278 0 6 30 1 0
420446 0 6 30 1 1
420490 1 3 30 1 0
130908 0 6 31 3 0
419241 0 6 31 1 0
419372 0 6 31 3 0
419881 0 6 31 1 0
116620 0 6 32 0 0
117573 0 6 32 0 0
419759 1 3 32 1 0
420114 1 4 32 1 0
420214 0 6 32 1 0
420801 1 4 32 1 1
116770 1 3 33 3 0
419647 1 2 33 1 0
116506 0 6 34 1 0
116796 1 3 34 4 0
116829 0 6 34 0 0
419242 0 6 34 2 0
419444 1 3 34 1 0
419594 1 3 34 1 0
419596 1 4 34 1 0
419669 0 6 34 1 0
419809 0 6 34 1 0
420216 1 4 34 3 0
420488 1 2 34 1 0
420606 0 6 34 1 0
419120 0 6 35 3 1
419680 0 6 35 1 0
419700 1 3 35 2 0
419922 1 3 35 1 0
420113 1 4 35 1 0
420218 0 6 35 1 0
420433 0 6 35 1 0
420668 0 6 35 3 0
420674 1 4 35 1 0
420873 0 6 35 1 0
115707 0 6 36 0 0
419243 0 6 36 2 0
419447 0 6 36 3 0
419810 1 4 36 1 1
419814 0 6 36 3 0
420115 1 3 36 1 0
420120 1 3 36 1 0
116769 1 2 37 2 0
116828 0 6 37 0 0
419245 0 6 37 3 1
419530 1 3 37 1 0
419735 1 2 37 1 0
419779 0 6 37 1 1
419930 1 4 37 3 0
420213 0 6 37 1 0
420412 0 6 37 1 1
420676 1 3 37 3 0
420689 0 6 37 1 0
428045 0 6 37 3 0
541974 0 6 37 3 0
419135 0 6 38 1 0
419158 1 3 38 1 0
419493 1 4 38 2 0
419811 0 6 38 3 0
419812 1 3 38 3 0
419880 0 6 38 1 0
420475 0 6 38 1 1
420601 1 3 38 4 1
420821 1 3 38 1 0
419532 0 6 39 3 0
420088 1 3 39 1 1
420112 0 6 39 1 0
420215 1 3 39 3 0
14524 1 2 40 3 0
419418 1 3 40 3 0
419446 0 6 40 3 0
419674 0 6 40 3 1
419738 1 3 40 2 0
420128 1 4 40 4 0
420411 1 3 40 1 0
419107 1 3 41 1 0
419154 1 4 41 1 0
419399 0 6 41 4 0
419913 0 6 41 1 0
420480 0 6 41 1 1
419502 1 4 42 1 0
420619 0 6 42 1 0
419156 0 6 43 1 0
419504 1 3 43 3 0
419542 0 6 43 1 0
419914 1 4 43 2 0
420090 1 3 43 3 0
420217 1 4 43 4 0
420571 1 4 43 1 1
418206 0 6 44 2 0
419106 0 6 44 1 0
419110 0 6 44 3 0
419419 0 6 44 3 0
419540 0 6 44 0 0
420410 1 3 44 1 0
420413 1 5 44 3 0
420981 1 3 44 3 0
419159 0 6 45 3 0
419369 1 3 45 1 0
419489 0 6 45 0 0
419551 0 6 45 1 0
419588 0 6 45 1 0
419737 0 6 45 0 0
419912 1 3 45 1 0
419194 1 3 46 1 0
419537 0 6 46 1 0
419720 1 3 46 3 1
419831 0 6 46 3 1
419916 1 4 46 3 1
420086 1 3 46 1 0
420831 1 3 46 1 0
521495 0 6 46 3 0
419108 1 3 47 1 0
419329 0 6 47 1 1
419915 1 3 47 2 0
420087 0 6 47 1 0
420693 0 6 47 4 0
144038 1 3 48 3 0
419401 0 6 48 0 0
419553 0 6 48 3 0
419896 0 6 48 1 0
419964 0 6 48 1 0
420180 1 3 48 1 0
420748 0 6 48 4 0
419105 0 6 49 0 0
419623 1 3 49 1 1
420432 0 6 49 1 1
420572 1 3 49 3 0
420618 1 4 49 4 0
420833 0 6 49 3 0
417236 1 4 50 3 1
419402 0 6 50 1 0
419547 1 3 50 3 1
419554 0 6 50 3 0
419593 0 6 50 0 0
419670 1 4 50 1 0
419963 0 6 50 1 1
419966 1 4 50 1 0
420225 0 6 50 1 0
420419 0 6 50 3 0
468985 0 6 50 3 0
255340 0 6 51 3 0
419358 0 6 51 0 0
419591 1 3 51 4 1
420383 0 6 51 1 0
420520 0 6 51 3 0
420576 1 4 51 1 0
420776 1 4 51 1 0
419128 1 2 52 1 0
419346 1 4 52 4 0
419581 0 6 52 1 0
419971 0 6 52 1 0
144039 1 4 53 3 0
417238 1 3 53 3 1
419465 1 3 53 1 0
419546 0 6 53 0 0
419667 1 2 53 4 1
419865 0 6 53 1 0
420173 1 3 53 4 1
420500 1 4 53 1 0
284250 1 3 54 2 0
356577 1 3 54 3 0
419462 1 3 54 3 0
419646 0 6 54 1 0
419967 0 6 54 3 0
419969 0 6 54 4 0
420573 1 4 54 3 0
420578 1 3 54 3 1
420783 1 4 54 0 0
247723 1 3 55 3 0
416095 0 6 55 3 0
419648 1 2 55 3 0
420164 0 6 55 1 0
420422 0 6 55 1 0
420519 0 6 55 3 0
112535 1 3 56 2 0
254458 1 3 56 0 0
420421 1 3 56 1 0
356575 0 6 57 2 0
417234 1 4 57 1 0
419788 0 6 57 1 0
420581 1 3 57 3 0
420596 1 4 57 0 0
242015 0 6 58 3 0
255120 0 6 58 1 0
417235 0 6 58 3 0
419608 0 6 58 1 0
420172 1 4 58 3 0
420467 1 4 58 1 0
530873 0 6 58 3 0
247724 1 3 59 4 1
329913 0 6 59 3 0
417555 0 6 59 3 0
420466 1 4 59 1 0
420597 0 6 59 1 0
112542 0 6 60 3 0
238597 1 4 60 3 0
255121 0 6 60 2 1
417233 1 2 60 1 0
420042 0 6 60 1 0
420165 1 5 60 1 0
420326 0 6 60 3 1
112536 0 6 61 2 1
356574 1 2 61 2 1
420060 1 3 61 1 0
477969 1 3 61 3 0
515401 0 6 61 2 0
526768 1 3 61 3 0
136664 0 6 62 3 0
420599 1 3 62 3 0
255763 0 6 63 1 0
477359 1 2 63 3 0
516517 0 6 63 3 0
420041 1 4 64 1 1
420468 0 6 64 3 1
255762 0 6 65 1 0
417232 0 6 65 1 0
420598 0 6 65 1 0
420600 1 4 65 3 0
477348 1 3 65 3 1
477358 0 6 65 3 0
487312 0 6 65 3 1
515402 0 6 65 3 0
199479 1 3 66 3 0
255205 0 6 66 1 0
255764 1 4 67 3 0
255766 0 6 67 1 0
459493 1 4 67 3 0
254627 0 6 68 1 0
470812 0 6 68 3 0
477356 0 6 68 2 0
508741 0 6 68 3 0
533313 0 6 68 3 0
531531 0 6 69 3 0
562595 0 6 69 3 0
199476 0 6 70 2 0
254628 0 6 70 1 0
416937 1 4 70 1 1
532206 1 4 70 3 0
255769 0 6 71 3 0
536594 1 2 71 3 0
30972 1 2 72 3 0
253672 0 6 72 1 0
253706 1 4 72 1 1
463011 1 3 72 2 0
471026 0 6 72 2 1
420685 1 4 73 3 0
463013 0 6 73 3 0
481709 1 2 73 4 1
532203 0 6 73 1 0
253674 1 3 74 3 0
420686 1 3 74 3 0
428672 0 6 74 3 1
54327 0 6 75 3 0
184970 1 4 75 3 0
253707 1 4 75 3 0
255040 0 6 75 1 0
255548 0 6 75 1 0
423308 0 6 75 2 0
431536 1 3 75 3 1
532205 1 4 75 1 0
30973 0 6 76 3 0
110961 1 3 76 3 0
255041 0 6 76 1 0
420682 0 6 76 1 0
470980 1 3 76 4 1
471020 1 4 76 1 0
536595 1 3 76 3 0
255127 1 3 77 1 0
417799 0 6 77 2 0
430673 1 4 77 3 0
471019 0 6 77 1 0
491730 0 6 77 2 1
532204 1 4 77 1 0
198848 0 6 78 3 0
253533 0 6 78 3 0
431538 1 3 78 3 1
524819 0 6 78 3 1
255555 1 3 79 1 0
524817 0 6 79 1 1
531909 0 6 79 1 0
254639 1 3 80 1 0
430054 1 3 80 3 0
430672 0 6 80 1 0
470979 1 3 80 4 0
484915 1 2 80 3 0
491732 0 6 80 3 0
532196 1 3 80 1 0
471844 1 3 81 3 0
493157 0 6 81 4 1
431537 0 6 82 3 0
524816 0 6 82 1 0
524818 0 6 82 3 0
531903 1 2 82 2 0
255179 0 6 83 1 0
255180 0 6 85 1 0
255185 0 6 85 2 0
430682 0 6 85 1 0
254819 0 6 86 4 1
254893 0 6 86 1 0
523344 0 6 86 1 0
523732 0 6 86 1 0
524815 0 6 86 3 0
255667 1 4 87 1 0
531912 1 4 87 3 0
254931 1 3 88 3 0
254942 0 6 88 1 0
255178 1 3 88 1 1
253982 1 5 89 1 0
255609 1 3 89 3 0
354452 0 6 89 3 0
523733 0 6 89 1 0
513330 0 6 90 3 0
254975 0 6 91 1 0
255280 1 3 91 1 0
264336 1 2 91 3 0
513325 1 4 91 3 0
525018 0 6 91 1 0
253981 1 3 92 1 0
254935 0 6 92 3 0
254938 0 6 92 2 0
254944 0 6 92 3 0
255281 1 2 95 1 1
255283 1 3 95 3 0
253980 0 6 96 1 0
253984 1 4 96 3 0
445605 0 6 96 2 0
253846 1 4 99 1 0
253856 0 6 100 1 0
255282 0 6 100 1 0
253715 1 4 101 1 0
254158 1 3 103 1 0
255428 1 4 104 1 0
253671 0 6 106 1 1
254314 0 6 107 1 0
254915 0 6 109 1 0
254088 1 2 110 1 0
255594 1 4 110 1 0
254316 0 6 111 3 0
254534 1 3 111 4 0
255067 1 4 111 1 0
255304 0 6 111 4 0
255505 1 2 111 1 0
255853 0 6 111 1 0
254087 0 6 112 0 0
254916 0 6 112 2 0
253612 1 4 113 1 0
254656 0 6 114 3 1
255593 1 5 114 0 0
255261 0 6 115 1 0
255536 1 2 115 1 0
239601 1 4 116 3 0
254177 1 3 116 1 0
255597 0 6 116 3 0
254565 1 4 117 1 0
255535 0 6 117 1 0
254655 0 6 118 2 0
253649 1 4 119 1 0
255313 1 4 119 4 1
254148 0 6 120 1 0
254619 1 3 120 1 0
254659 1 4 120 3 0
254973 0 6 120 1 0
253892 0 6 121 1 0
254974 1 3 121 1 0
254176 1 5 122 1 0
254566 0 6 122 1 1
254654 1 3 123 2 0
254972 1 3 123 1 0
254983 0 6 123 1 0
507597 0 6 123 3 0
254144 1 3 124 0 0
253893 0 6 125 1 0
254175 1 4 125 1 0
254658 0 6 125 3 1
255000 1 3 125 1 1
255184 1 3 125 1 0
255453 0 6 125 1 0
254147 1 4 126 1 0
255414 1 5 126 1 0
254179 1 5 127 3 0
255691 0 6 127 1 0
255793 0 6 127 1 0
507598 0 6 127 3 0
254146 0 6 128 1 0
254307 1 4 128 1 0
254982 0 6 128 0 0
255210 1 3 128 1 0
255888 0 6 128 4 0
254917 1 4 129 0 0
255692 0 6 129 3 1
448661 1 2 129 3 1
253935 0 6 130 1 0
254101 0 6 130 4 0
255002 0 6 130 3 0
255187 1 3 130 3 0
255887 1 4 130 4 1
51739 1 3 131 3 0
254984 1 3 131 2 0
255227 1 3 131 1 0
255755 1 4 131 1 0
255209 0 6 132 0 0
255217 0 6 132 0 0
255339 1 4 132 1 0
255757 1 3 132 1 0
255889 0 6 132 4 0
51741 1 4 133 3 1
253557 0 6 133 3 0
38786 0 6 134 3 0
253871 1 2 134 1 0
255228 0 6 134 1 0
357801 1 3 134 3 0
448659 0 6 134 1 0
254228 0 6 135 1 0
253632 1 4 136 1 0
255758 0 6 136 2 0
253634 0 6 137 3 0
254229 1 4 137 1 0
254544 1 3 137 1 0
255212 0 6 137 3 0
254231 0 6 138 3 0
51742 1 4 139 3 0
253626 0 6 139 1 0
253633 0 6 139 1 0
254234 0 6 139 1 1
358299 1 3 139 3 0
253847 0 6 140 1 0
254014 0 6 140 1 0
254235 1 3 141 1 0
254966 1 2 141 1 1
255251 0 6 141 1 0
51781 0 6 142 3 0
254226 1 2 142 4 0
255101 0 6 142 1 0
253631 0 6 143 0 0
253844 0 6 143 0 0
254291 1 2 143 1 0
255255 0 6 143 3 0
255540 1 4 143 1 0
253775 0 6 144 1 0
254901 1 2 144 1 0
255582 0 6 144 1 0
255711 1 3 144 1 0
255715 1 3 145 1 0
255100 1 3 146 0 0
255701 1 4 146 3 0
255710 0 6 146 1 0
135044 1 2 147 3 0
254290 1 4 147 1 0
254969 0 6 147 1 0
255119 0 6 147 1 0
132962 1 3 148 3 0
254281 1 4 148 1 0
254744 1 3 148 1 0
254912 1 4 148 1 0
255511 0 6 148 0 0
255554 1 4 148 0 0
255716 0 6 148 2 0
255834 0 6 148 1 0
253545 1 2 149 1 0
254745 1 4 149 1 0
254885 0 6 149 1 0
255354 0 6 149 4 0
255360 1 3 149 1 0
254953 0 6 150 2 1
255095 1 3 150 1 1
255352 0 6 150 3 0
255512 0 6 150 1 0
255556 0 6 150 1 0
156078 1 3 151 3 1
253719 1 3 151 1 0
254250 0 6 151 0 0
255829 1 4 151 1 0
135042 1 5 152 1 0
137823 0 6 152 2 0
253718 0 6 152 1 0
254252 0 6 152 2 0
254742 0 6 152 3 0
254746 1 3 152 3 0
254887 0 6 152 2 0
255932 1 4 152 1 0
255827 0 6 153 1 0
28987 0 6 154 3 1
254198 0 6 154 1 0
254833 1 4 154 1 1
255051 0 6 154 0 1
255096 1 3 154 3 0
255935 0 6 154 2 1
117929 1 3 155 2 0
137824 0 6 155 3 0
254145 0 6 155 1 0
254170 0 6 155 1 0
254738 1 4 155 2 0
255221 0 6 155 3 1
255828 1 3 155 1 0
255746 1 2 156 1 0
254295 1 3 157 3 0
254835 0 6 157 3 0
255462 0 6 157 1 0
255831 0 6 157 3 1
254181 1 4 158 3 0
254741 1 4 158 3 0
255052 1 2 158 2 0
255182 0 6 158 3 0
254180 1 4 159 3 0
254740 0 6 159 2 0
254698 1 3 160 4 0
255347 0 6 160 4 1
254692 1 3 164 3 1
154276 0 6 165 3 0
254690 0 6 167 1 0
254695 0 6 168 3 0
253926 0 6 171 4 1
