274808 3 2 0 0
64554 4 3 3 0
215741 4 3 3 0
228248 4 3 0 0
319748 4 3 0 0
360872 4 3 3 0
530501 4 3 0 0
78422 5 2 3 0
435523 5 1 1 0
475493 5 4 3 0
290406 7 4 1 0
292550 8 3 3 0
227934 9 3 0 0
290401 9 2 1 0
292714 10 2 1 1
85423 11 3 3 0
290411 11 2 1 0
290647 11 1 1 0
355310 11 3 3 0
232933 12 2 3 0
292643 12 2 3 0
232899 13 3 4 0
291837 13 4 1 0
185911 14 3 3 0
290404 16 4 3 1
290741 16 2 3 0
293228 16 3 1 0
292096 19 3 3 1
292503 19 4 3 0
451234 19 2 3 0
14929 20 3 2 0
291032 20 3 1 0
291551 20 2 1 0
292706 21 2 4 1
291320 22 3 3 0
292172 25 2 1 0
298170 25 2 3 0
311720 25 2 3 0
213387 27 1 1 0
290482 27 2 1 0
213953 28 4 1 0
214346 28 2 0 0
213351 29 2 1 0
214441 29 1 1 0
290481 30 2 1 0
213350 32 1 1 0
213742 32 3 1 0
213955 32 3 2 0
213877 33 1 1 0
214101 33 2 1 0
214368 33 4 1 0
213458 34 4 1 0
213743 34 2 1 0
213750 34 4 1 0
213913 36 2 1 1
214104 36 3 3 0
214446 36 3 1 0
293073 36 1 4 0
212751 37 2 0 0
212911 37 3 0 0
213247 37 3 2 0
213868 37 2 3 0
286990 37 2 2 0
290480 37 4 1 0
213112 38 4 1 0
213240 38 2 1 0
213352 38 2 1 0
213515 38 2 1 0
213876 38 3 1 0
214038 38 3 1 0
283164 38 3 3 0
292170 38 4 1 0
212916 39 2 3 1
213106 39 2 1 0
213951 39 3 0 0
292152 39 4 4 0
324484 39 2 2 0
213849 40 2 4 0
213863 40 3 0 0
213980 40 2 1 0
290473 40 4 1 0
290900 40 2 1 0
292510 40 2 1 0
212805 41 3 0 1
212972 41 3 3 0
213006 41 3 3 0
214089 41 3 4 1
214091 41 3 1 0
213443 42 3 2 0
213638 42 3 1 0
213864 42 2 1 0
213878 42 3 3 1
291537 42 2 3 0
213014 43 3 0 0
213738 43 4 1 0
213801 43 3 4 0
213919 43 1 2 1
214088 43 3 3 0
214155 43 3 1 0
293205 43 3 1 0
213232 44 2 1 0
213260 44 2 1 0
214078 44 2 1 0
291712 44 3 1 0
293037 44 3 0 0
213081 45 3 3 1
213671 45 2 3 0
213959 45 2 2 0
290711 45 3 1 0
292509 45 1 1 0
213521 46 3 0 0
214156 46 2 1 0
290395 46 3 1 0
291713 46 2 3 0
292210 46 2 3 1
212893 47 2 4 0
212954 47 4 1 0
213481 47 3 1 0
213518 47 2 3 0
213559 47 2 1 0
213583 47 3 1 0
213669 47 2 1 0
290713 47 2 3 0
161171 48 2 3 0
210760 48 3 3 0
214162 48 3 3 0
214290 48 3 1 0
291503 48 2 1 1
210768 49 3 3 0
213746 49 1 1 0
214180 49 3 1 0
214370 49 3 1 0
293038 49 4 1 0
212907 50 2 1 0
212975 50 3 1 0
213095 50 3 1 0
213274 50 3 1 0
214034 50 2 1 0
213407 51 2 1 0
214182 51 2 3 1
290712 51 4 3 0
194805 52 2 3 0
212869 52 3 1 0
213954 52 2 1 0
213995 52 4 1 0
214063 52 3 4 0
214139 52 2 1 0
214213 52 4 1 0
524823 52 2 3 0
213100 53 4 4 1
213156 53 2 1 0
213273 53 3 0 0
213323 53 3 1 0
214035 53 3 2 0
214209 53 4 1 0
214271 53 1 4 0
214315 53 2 3 0
293039 53 2 2 0
212953 54 1 3 1
213380 54 3 1 0
213406 54 2 1 0
214129 54 4 3 0
214174 54 3 1 0
214419 54 3 1 0
214432 54 3 1 0
291708 54 1 1 0
212871 55 4 3 0
213311 55 3 3 0
213408 55 2 1 0
213530 55 3 1 0
214429 55 2 1 0
213694 56 4 1 0
213859 56 3 1 0
213923 56 2 3 0
214276 56 3 1 0
214431 56 2 3 1
290499 56 2 1 1
293067 56 2 1 0
349622 56 3 3 0
523682 56 3 3 0
210185 57 2 3 0
213324 57 3 3 0
213808 57 1 3 0
214115 57 3 0 0
214374 57 1 1 0
292178 57 1 1 0
213321 58 4 1 0
213403 58 2 1 0
213410 58 2 3 0
213667 58 3 3 0
212999 59 4 1 0
213341 59 2 3 0
213411 59 3 3 0
419756 59 3 2 1
80163 60 3 3 1
178503 60 3 2 1
214172 60 4 1 0
214292 60 3 1 0
291709 60 4 3 0
332118 60 3 3 0
212749 61 2 3 0
214073 61 2 1 0
337040 61 3 3 0
400616 61 3 2 0
213339 62 2 2 0
213060 64 3 4 0
214294 64 3 3 0
214335 64 3 3 0
214074 65 3 1 0
261349 65 3 3 0
287125 65 2 3 0
291271 66 2 1 1
123043 67 3 3 0
290794 67 2 1 0
292657 67 4 1 0
212919 68 3 2 0
287027 68 4 3 0
287127 68 2 3 0
292658 68 2 3 0
561367 68 2 3 0
290797 69 3 1 0
290799 69 4 3 0
298330 69 2 2 0
290461 70 1 0 0
290510 70 3 1 0
290462 71 3 1 0
290911 71 2 1 0
291296 71 3 3 1
141599 73 4 3 0
291045 73 3 3 1
291902 73 2 1 0
359101 73 4 3 1
290569 74 2 1 0
290578 74 2 1 0
290948 74 3 1 0
290993 74 4 3 1
291608 74 3 3 0
291832 74 4 1 0
292071 74 4 1 0
292072 74 2 1 0
156976 75 1 1 0
156978 75 3 3 0
292826 75 3 1 0
115325 76 2 3 0
291111 76 3 1 0
388787 76 2 3 1
156810 77 3 3 0
290731 77 2 1 0
292716 77 3 3 0
295904 77 3 3 0
73938 78 3 2 0
156975 78 4 1 0
291904 78 4 2 1
292968 78 3 1 0
290665 79 3 1 0
388785 79 3 2 0
146220 80 2 3 0
196569 80 3 3 0
292527 80 2 1 0
309290 80 3 2 0
290530 81 3 2 1
291896 81 3 1 0
196566 82 2 0 0
196561 83 2 1 0
291370 83 2 1 0
292480 84 2 1 1
307480 84 3 2 1
196659 85 2 0 0
290529 85 2 1 0
291373 85 3 2 0
291489 85 3 1 0
292484 85 4 1 0
196190 86 1 1 0
290527 86 2 3 1
291789 86 2 1 0
558160 86 4 3 0
291658 87 3 1 0
291908 87 2 1 0
291631 88 2 1 0
292123 88 3 1 0
328742 88 2 3 0
417342 88 4 3 0
291491 89 4 3 0
77742 90 2 3 0
191012 90 2 3 0
290316 90 2 1 0
291229 90 3 1 0
291492 90 4 3 0
291657 90 3 0 0
293093 90 4 3 0
25470 91 3 3 0
211760 91 2 3 0
291634 91 3 3 0
291788 91 2 0 0
292792 91 2 1 0
415352 91 3 3 0
78797 92 3 3 0
291490 92 2 3 0
291740 92 4 0 1
293012 92 3 1 0
211761 93 2 3 0
291913 93 3 0 0
292416 93 2 1 0
77739 94 3 1 0
77745 94 3 2 0
291181 95 4 1 0
291487 95 2 1 0
292796 95 2 3 0
292801 95 3 1 0
25371 96 3 0 0
291218 96 3 1 0
292558 96 2 4 0
293010 96 3 0 0
293015 96 4 3 0
292180 97 2 3 0
292243 97 2 1 1
292986 97 3 1 0
77559 98 2 1 1
291736 98 4 3 0
292410 98 4 1 0
292800 98 4 1 1
77927 99 4 1 0
290519 99 2 1 0
32494 100 2 3 0
291983 100 3 1 0
292335 100 3 1 0
293014 100 3 2 0
309982 100 3 2 0
408053 100 2 3 0
291435 101 1 1 0
292270 101 2 1 0
293011 101 3 1 0
78117 102 3 1 0
77884 104 2 1 0
79774 104 3 2 0
292332 104 4 0 0
262371 105 4 3 0
291437 106 3 1 0
77516 107 2 1 0
291438 107 4 3 1
292626 107 3 1 0
292623 109 2 0 0
290933 110 1 1 0
291540 110 3 1 1
290989 111 4 3 0
292629 112 3 3 0
291539 114 3 1 0
291650 116 2 4 1
291467 117 2 1 0
291684 118 2 4 1
292440 118 4 1 0
368523 120 3 3 0
291014 121 2 3 0
290421 122 4 3 0
291473 123 2 4 0
428764 125 3 3 0
34194 126 2 3 0
280877 126 3 3 0
292257 128 4 4 1
