401859 1 2 4 4
333187 1 3 3 0
45746 1 3 3 4
401858 1 3 5 4
333188 1 4 5 0
333189 1 4 5 0
333190 1 4 5 0
559342 1 5 1 4
429161 1 5 1 3
218919 0 5 5 2
218920 0 5 5 2
429159 0 5 5 3
559343 0 5 5 4
453651 1 6 3 3
143873 1 6 3 1
142271 1 6 2 1
218918 1 6 0 2
142272 0 6 5 1
453650 0 6 5 3
430721 1 7 4 0
430722 1 7 6 0
143874 1 7 5 1
143875 1 7 5 1
430723 0 7 5 1
430724 0 7 5 1
430725 0 7 5 1
430726 0 7 5 1
213794 1 8 4 1
560548 1 8 2 3
430726 1 8 5 0
399317 1 9 4 1
454603 1 9 3 1
142453 1 9 2 3
213796 1 9 5 1
213797 1 9 5 1
213798 1 9 5 1
431117 1 10 2 1
399318 1 10 5 1
399319 1 10 5 1
431118 0 10 5 1
398135 1 11 4 1
213792 1 12 3 3
558660 1 12 2 2
398134 1 12 6 1
398136 1 12 5 1
213789 1 13 5 3
213791 1 13 5 3
398290 1 14 3 1
213793 1 14 3 1
143509 1 14 3 1
430974 1 14 2 3
398220 1 14 2 1
213794 0 14 5 1
213795 0 14 5 1
398219 0 14 5 1
398221 0 14 5 1
398222 0 14 5 1
453907 1 15 2 3
398289 1 15 5 1
398292 1 15 5 1
453906 0 15 5 3
404145 1 16 3 3
143223 1 16 3 2
398475 1 16 2 1
430595 1 16 1 1
213217 1 16 1 3
213214 0 16 5 3
213216 0 16 5 3
398135 1 16 5 0
398136 1 16 5 0
398137 1 16 5 0
398476 0 16 5 1
398477 0 16 5 1
404144 0 16 5 3
404146 0 16 5 3
143819 1 17 4 1
536228 1 17 3 2
398935 1 17 3 1
398603 1 17 2 1
143221 1 17 5 2
143222 1 17 5 2
398604 0 17 5 1
398605 0 17 5 1
398608 0 17 5 1
398936 0 17 5 1
453508 1 18 4 3
214275 1 18 4 3
143220 1 18 4 1
398480 1 18 3 1
170690 1 18 3 3
214039 1 18 2 1
142746 1 18 2 1
429981 1 18 1 1
142745 0 18 5 1
143820 1 18 5 1
214040 0 18 8 1
214042 0 18 5 1
429980 0 18 5 1
536223 1 19 3 3
431324 1 19 3 1
398959 1 19 3 1
143431 1 19 3 1
143870 1 19 2 1
143219 1 19 5 1
143222 1 19 5 1
143430 0 19 5 1
143432 0 19 5 1
143435 0 19 5 1
143868 0 19 5 1
143869 0 19 5 1
143871 0 19 5 1
398956 0 19 5 1
398958 0 19 6 1
431323 0 19 5 1
431325 0 19 5 1
431326 0 19 5 1
431327 0 19 5 1
453509 1 19 5 3
399434 1 20 3 1
213797 1 20 2 3
430534 1 20 1 3
214038 1 20 5 1
214039 1 20 5 1
399433 0 20 5 1
399435 0 20 5 1
399436 0 20 5 1
430531 0 20 5 3
430532 0 20 5 3
453565 1 21 3 1
429982 1 21 3 3
107937 1 21 3 3
452684 1 21 2 1
107936 0 21 5 3
107938 0 21 5 3
213795 1 21 5 3
213796 1 21 5 3
213798 1 21 5 3
429981 0 21 5 3
429983 0 21 5 3
452686 0 21 5 1
452687 0 21 5 1
453563 0 21 5 1
453566 0 21 5 1
453567 0 21 5 1
456102 1 22 2 3
365606 1 22 2 3
365605 0 22 5 3
365607 0 22 5 3
398957 0 22 5 1
398959 0 22 5 1
398960 0 22 5 1
398961 0 22 5 1
428662 1 23 3 2
399582 1 23 3 1
398056 1 23 2 1
397722 1 23 1 1
143221 1 23 1 1
143219 0 23 5 1
143224 0 23 5 1
397724 0 23 5 1
398958 0 23 5 1
398959 0 23 5 1
399583 0 23 5 1
454075 1 24 3 1
430127 1 24 2 1
398058 1 24 5 1
454076 0 24 5 1
431327 0 25 24 3
398582 1 25 3 3
398583 0 25 5 3
452686 1 26 3 1
398626 1 26 3 1
398395 1 26 3 1
97926 1 26 2 3
83778 1 26 1 3
83776 0 26 5 3
83777 0 26 5 3
97923 0 26 5 3
97925 0 26 5 3
398627 0 26 5 1
398630 0 26 5 1
431323 1 26 5 3
431324 1 26 5 3
452684 0 26 5 1
452685 0 26 5 1
452687 0 26 5 1
399594 1 27 3 1
453566 1 27 2 2
430530 1 27 2 4
398394 1 27 5 1
453563 0 27 5 2
398432 1 28 3 1
430089 1 28 2 1
430238 1 28 1 1
398433 0 28 5 1
398434 0 28 5 1
430239 0 28 5 1
430128 1 29 3 3
20618 1 29 2 3
20619 0 29 5 3
430088 1 29 5 1
430091 1 29 5 1
430129 0 29 5 3
397849 1 30 2 0
430002 1 30 1 1
430001 0 30 5 1
398397 1 31 4 3
430240 1 31 3 3
398908 1 31 2 3
218249 1 31 2 3
398910 1 31 1 1
218246 0 31 5 3
218247 0 31 5 3
397851 1 31 5 0
398907 0 31 5 3
398912 0 31 5 1
398913 0 31 5 1
430238 0 31 5 3
430239 0 31 5 3
430241 0 31 5 3
12766 1 32 3 3
430235 1 32 2 1
398395 1 32 5 3
398396 1 32 5 3
430234 0 32 5 1
430236 0 32 5 1
398831 1 33 2 0
397234 1 33 2 1
398832 0 33 5 0
398833 0 33 5 0
398835 0 33 5 0
320451 1 34 3 1
399562 1 34 2 1
84855 1 34 1 3
84856 0 34 5 3
397199 0 34 5 3
397235 1 34 5 1
398221 1 35 2 1
398219 0 35 5 1
398220 0 35 5 1
398222 0 35 5 1
398223 0 35 5 1
399560 1 35 5 1
399561 1 35 5 1
399563 1 35 5 1
431315 1 36 1 1
431316 0 36 5 1
509633 1 39 3 3
217700 1 40 2 3
217699 0 40 5 3
509634 1 40 5 3
397268 1 41 3 1
397267 0 41 5 1
397269 0 41 5 1
97122 1 42 2 0
80342 1 42 2 3
397521 1 42 1 1
80343 0 42 5 3
397519 0 42 5 1
397520 0 42 5 1
397522 0 42 5 1
397523 0 42 5 1
98997 1 43 2 0
431316 1 44 3 3
398278 1 44 3 1
281995 1 44 3 3
398277 1 44 6 1
397183 1 44 2 1
398028 1 44 1 3
98996 1 44 5 0
98998 1 44 5 0
397182 0 44 5 1
397184 0 44 5 1
397185 0 44 5 1
398276 0 44 5 1
398279 0 44 5 1
97131 0 45 7 3
97129 0 45 5 3
281990 1 45 5 3
281992 1 45 5 3
281993 1 45 5 3
398276 1 45 5 1
398280 1 45 5 1
398738 1 46 4 1
397176 1 46 1 2
397173 0 46 5 2
397853 1 47 3 1
397221 1 47 3 1
97130 1 47 2 3
97129 0 47 5 3
397223 0 47 5 1
397854 0 47 5 1
397856 0 47 5 1
397857 0 47 5 1
398737 1 47 5 1
398463 1 48 2 1
397461 1 48 2 1
397462 0 48 5 1
398461 0 48 5 1
398462 0 48 5 1
398464 0 48 5 1
398595 1 50 3 2
398254 1 50 3 1
399165 1 50 2 1
397185 1 50 2 3
397182 0 50 5 3
397183 0 50 5 3
397184 0 50 5 3
399163 0 50 5 1
399166 0 50 5 1
399167 0 50 5 1
399168 0 50 5 1
399169 0 50 5 1
399449 1 51 4 1
399690 1 51 3 3
399184 1 51 3 1
398820 1 51 2 1
397855 1 51 2 1
397853 0 51 5 1
397856 0 51 5 1
398253 1 51 5 1
398256 1 51 5 1
398822 0 51 5 1
399182 0 51 5 1
399183 0 51 5 1
399186 0 51 5 1
399686 0 51 5 3
399687 0 51 5 3
398074 1 52 2 1
399450 1 52 5 1
399453 1 52 5 1
399454 1 52 5 1
398231 1 53 3 3
97747 1 53 3 3
374752 1 53 2 0
97656 1 53 2 2
97654 0 53 5 2
97655 0 53 5 2
97745 0 53 5 3
97746 0 53 5 3
398073 1 53 5 1
398076 1 53 5 1
398077 1 53 5 1
397852 1 54 4 0
398592 1 54 2 1
398824 1 54 1 1
398825 0 54 5 1
398827 0 54 5 1
398840 1 55 2 1
398257 1 55 2 3
398229 1 55 2 3
399164 1 55 1 1
397853 1 55 5 0
397854 1 55 5 0
398225 0 55 5 3
398226 0 55 6 3
398227 0 55 5 3
398228 0 55 5 3
398252 0 55 5 3
398253 0 55 5 3
398254 0 55 5 3
398255 0 55 5 3
398593 1 55 5 1
398595 1 55 5 1
398838 0 55 5 1
398839 0 55 5 1
398841 0 55 5 1
399168 0 55 5 1
399169 0 55 5 1
399167 1 56 2 2
397174 1 56 2 1
397175 0 56 5 1
399163 0 56 5 2
399169 0 56 5 2
398962 1 58 3 4
398304 1 58 3 1
399451 1 58 2 1
399453 1 58 1 3
398229 0 58 5 1
398963 0 58 5 4
399452 0 58 5 1
399454 0 58 5 1
399449 0 58 5 3
399160 0 59 12 2
398208 1 59 3 1
399417 1 59 2 1
398223 1 59 2 3
81025 1 59 2 3
349403 1 59 1 2
81026 0 59 5 3
398219 0 59 6 3
398221 0 59 5 3
398224 0 59 5 3
398302 1 59 5 1
398303 1 59 5 1
398305 1 59 5 1
399416 0 59 5 1
399418 0 59 5 1
399419 0 59 6 1
398298 1 60 4 1
522470 1 60 3 3
398811 1 60 2 4
243526 1 60 1 3
243523 0 60 5 3
243524 0 60 5 3
398209 1 60 5 1
398210 1 60 5 1
398211 1 60 5 1
399161 1 60 5 2
522467 0 60 5 3
398369 1 61 2 1
398296 1 61 5 1
398300 1 61 5 1
457842 1 62 3 3
398073 1 62 3 1
397555 1 62 3 1
397454 1 62 2 4
398075 0 62 5 1
398076 0 62 5 1
398220 0 62 5 0
398370 1 62 5 1
399416 0 62 5 3
399417 0 62 5 3
399418 0 62 5 3
457840 0 62 5 3
457841 0 62 5 3
399423 1 63 2 0
116416 1 63 2 3
397556 1 63 5 1
398638 1 64 4 3
398371 1 64 3 3
398369 0 64 5 3
398370 0 64 5 3
399424 1 64 5 0
399573 1 65 2 3
398636 1 65 5 3
398637 1 65 5 3
398639 1 65 5 3
546817 1 66 3 3
397218 1 66 1 1
29418 1 66 1 3
29417 0 66 5 3
397219 0 66 5 1
546812 0 66 5 3
546816 0 66 5 3
116415 1 67 2 3
398224 1 67 1 3
116414 0 67 5 3
116416 0 67 5 3
398219 0 67 5 3
398220 0 67 5 3
398221 0 67 5 3
398222 0 67 5 3
397950 1 69 3 3
397684 1 69 3 2
29365 1 69 3 4
29364 0 69 5 4
397945 0 69 5 3
397947 0 69 5 3
397949 0 69 5 3
399045 1 70 2 2
399043 0 70 5 2
397714 1 72 4 1
18418 1 72 3 3
18416 0 72 5 3
18417 0 72 5 3
399042 1 73 2 3
397683 1 73 1 2
397682 0 73 5 2
397684 0 73 5 2
397713 1 73 5 1
397716 1 73 5 1
397717 1 73 5 1
62993 1 75 3 3
62994 1 79 2 3
62993 0 79 5 3
398455 1 80 2 3
398454 0 80 5 3
398456 0 80 5 3
397712 0 82 5 3
397713 0 82 5 3
397715 0 82 5 3
398455 1 82 5 0
398456 1 82 5 0
215154 1 83 3 3
215153 0 83 5 3
397318 1 85 3 0
157449 1 85 3 3
397715 0 85 5 3
397716 0 85 5 3
398330 1 86 2 1
398331 0 86 5 1
398332 0 86 5 1
260749 1 87 3 3
215151 0 87 6 1
215152 0 87 5 3
260750 0 87 5 3
215119 1 88 4 1
167857 1 88 3 3
215149 1 88 1 1
215150 0 88 5 1
215152 0 88 5 1
157450 1 89 3 4
22806 1 89 3 3
247829 1 89 2 3
215118 1 89 5 1
247827 0 89 5 3
247828 0 89 5 3
214914 1 90 3 1
399193 1 90 2 1
215584 1 90 2 1
214916 0 90 5 1
215582 0 90 5 1
215585 0 90 5 1
215586 0 90 5 1
215587 0 90 5 1
399194 0 90 5 1
399195 0 90 5 1
215279 1 91 2 1
215277 0 91 5 1
215278 0 91 5 1
215280 0 91 5 1
215281 0 91 5 1
398411 1 92 1 3
215386 1 92 1 3
462200 1 93 3 3
215513 1 93 2 1
215590 1 93 1 3
215518 0 93 5 1
215589 0 93 5 3
215591 0 93 5 3
462198 0 93 5 3
462201 0 93 5 3
216148 1 94 2 1
216147 0 94 5 1
350546 1 95 3 3
214529 0 95 5 1
214532 0 95 5 1
214534 0 95 5 1
215277 0 95 5 2
215280 0 95 5 2
175573 1 96 3 3
552899 1 96 2 3
399537 1 96 2 1
215514 1 96 2 1
215089 1 96 2 1
534815 1 96 1 3
214531 1 96 1 1
215087 0 96 5 1
215091 0 96 5 1
215092 0 96 5 1
215515 0 96 5 1
215516 0 96 5 1
215517 0 96 5 1
399538 0 96 5 1
399539 0 96 5 1
534813 0 96 5 3
215249 1 97 2 1
215250 0 97 5 1
215251 0 97 5 1
216140 1 98 3 1
214510 1 98 1 1
71471 1 98 1 3
71467 0 98 5 3
71469 0 98 5 3
71470 0 98 5 3
216136 0 98 5 1
216138 0 98 5 1
216141 0 98 5 1
215810 1 99 4 3
399147 1 99 2 1
216193 1 99 1 1
216152 1 99 1 2
216191 0 99 5 1
216192 0 99 5 1
216194 0 99 5 1
216196 0 99 5 1
399148 0 99 5 1
399149 0 99 5 1
214837 1 100 3 1
215969 1 100 2 1
214839 0 100 5 1
214840 0 100 5 1
214842 0 100 5 1
215087 0 100 5 1
215088 0 100 5 1
215809 1 100 5 3
215970 0 100 5 1
215971 0 100 5 1
214964 1 101 3 1
214565 1 101 3 1
215247 1 101 2 3
214566 0 101 5 1
214568 0 101 5 1
214840 0 101 5 1
214967 0 101 5 1
215248 0 101 5 3
399539 1 102 2 3
215898 1 102 2 3
215785 1 102 2 1
215787 0 102 5 1
215897 0 102 5 3
399537 0 102 5 3
399538 0 102 5 3
215929 1 103 3 1
399146 1 103 2 1
215816 1 103 2 3
214892 1 103 2 2
215814 0 103 5 3
399147 0 103 5 1
399148 0 103 5 1
216141 1 104 3 3
215930 1 104 3 1
214836 1 104 3 1
214712 1 104 3 3
215815 1 104 2 3
215092 1 104 2 3
214893 1 104 2 3
214709 0 104 5 3
214710 0 104 5 3
214837 0 104 5 1
214839 0 104 5 1
214840 0 104 5 1
214842 0 104 5 1
214891 0 104 5 3
215814 0 104 5 3
216136 0 104 5 3
216137 0 104 5 3
216138 0 104 5 3
216139 0 104 5 3
216140 0 104 5 3
215306 1 105 3 1
215932 1 105 5 1
308030 1 106 2 3
215607 1 106 1 1
215246 1 106 1 3
215247 0 106 5 3
215248 0 106 5 3
215307 1 106 5 1
215308 1 106 5 1
215609 0 106 5 1
308029 0 106 5 3
215895 1 107 1 1
215893 0 107 5 1
215894 0 107 5 1
215897 0 107 5 1
215898 0 107 5 1
214889 1 108 3 1
215923 1 108 2 3
215663 1 108 1 1
214711 0 108 5 1
214712 0 108 5 1
214890 0 108 5 1
214891 0 108 5 1
214892 0 108 5 1
214893 0 108 5 1
215662 0 108 5 1
215668 0 108 5 1
215920 0 108 5 3
215921 0 108 5 3
216115 1 109 3 1
214764 1 109 2 3
308028 1 109 1 3
308026 0 109 5 3
308027 0 109 5 3
264630 1 110 2 2
215617 1 110 2 1
215223 1 110 2 1
215224 0 110 5 1
215226 0 110 5 1
215619 0 110 5 1
216116 1 110 5 1
216117 1 110 5 1
264628 0 110 5 2
264629 0 110 5 2
195853 1 111 4 3
215924 1 111 3 3
214749 1 111 3 1
215343 1 111 2 1
214748 0 111 5 1
214751 0 111 5 1
215342 0 111 5 1
215345 0 111 5 1
215920 0 111 5 3
215921 0 111 5 3
215922 0 111 5 3
215620 1 112 3 3
214800 1 112 3 3
216056 1 112 2 1
215618 1 112 2 1
195851 1 112 5 3
195852 1 112 5 3
215619 0 112 5 3
214799 1 113 5 3
214630 1 114 3 1
215802 0 114 6 1
215330 1 114 2 1
215666 1 114 1 1
214631 0 114 5 1
214633 0 114 5 1
215326 0 114 5 1
215328 0 114 5 1
215332 0 114 5 1
215663 0 114 5 1
215665 0 114 5 1
215667 0 114 5 1
215668 0 114 5 1
215800 0 114 5 1
215801 0 114 5 1
215803 0 114 5 1
216169 1 115 2 1
215666 0 115 5 3
215803 0 115 5 1
216171 0 115 5 1
215653 1 116 3 4
216057 1 116 2 1
215662 1 116 1 1
215652 0 116 5 4
215663 0 116 5 1
215665 0 116 5 1
215666 0 116 5 1
215667 0 116 5 1
216056 0 116 5 1
216058 0 116 5 1
216059 0 116 5 1
215952 1 117 3 1
215853 1 117 3 1
215329 0 117 5 1
215331 0 117 5 1
215852 0 117 5 1
215854 0 117 5 1
215956 0 117 5 1
215010 1 118 4 0
215228 1 118 2 3
215127 1 118 2 1
214632 0 118 5 1
214633 0 118 5 1
215126 0 118 5 1
215398 1 119 3 1
216094 1 119 2 2
215011 1 119 5 0
216095 0 119 5 2
215327 1 120 3 1
215065 1 120 3 1
490414 1 120 2 3
215861 1 120 1 1
215328 0 120 5 1
215329 0 120 5 1
215330 0 120 5 1
215331 0 120 5 1
215332 0 120 5 1
215397 1 120 5 1
490412 0 120 5 3
490413 0 120 5 3
215863 1 121 1 3
215404 1 121 1 3
215063 1 121 5 1
215066 1 121 5 1
215403 0 121 5 3
215405 0 121 6 3
215860 0 121 5 3
215861 0 121 5 3
215888 1 122 2 1
214953 1 122 2 4
215890 0 122 5 1
215891 0 122 5 1
215892 0 122 5 1
216017 1 123 4 1
214773 1 123 3 1
216166 1 123 2 3
215715 1 123 2 1
214990 1 123 2 1
214723 1 123 2 1
214560 1 123 2 3
6932 1 123 2 2
215400 1 123 1 3
6931 0 123 5 2
214724 0 123 5 1
214725 0 123 5 1
214774 0 123 5 1
215397 0 123 5 3
215398 0 123 5 3
215399 0 123 5 3
216165 0 123 5 3
215392 1 124 3 1
214590 1 124 3 1
216168 1 124 2 0
215571 1 124 1 1
214776 1 124 1 1
214589 0 124 5 1
214593 0 124 5 1
214777 0 124 5 1
214778 0 124 5 1
214781 0 124 5 1
214993 1 124 5 1
215402 0 124 5 3
215403 0 124 5 3
216018 1 124 5 1
216020 1 124 5 1
216021 1 124 5 1
216170 0 124 5 0
216171 0 124 5 0
216070 1 125 3 1
219716 1 126 3 3
216003 1 126 3 3
130768 1 126 3 2
215901 1 126 2 1
215837 1 126 2 1
215393 1 126 2 3
215188 1 126 2 1
215189 0 126 5 1
215190 0 126 5 1
215838 0 126 5 1
215840 0 126 5 1
215902 0 126 5 1
216001 0 126 5 3
216002 0 126 5 3
216071 1 126 5 1
216072 1 126 5 1
216073 1 126 5 1
216074 1 126 5 1
161387 0 127 13 3
215716 1 127 2 1
215715 0 127 5 1
215839 1 128 2 3
214562 1 128 2 2
193319 1 128 2 2
214477 1 128 1 1
161386 1 128 5 3
214479 0 128 5 1
214561 0 128 5 2
216191 1 129 3 1
215187 1 129 2 1
214706 1 129 2 3
193317 1 129 5 2
193320 1 129 5 2
193321 1 129 5 2
215188 0 129 5 1
215190 0 129 5 1
215316 1 130 3 1
194137 1 130 2 3
69707 1 130 2 2
214476 1 130 1 1
214475 0 130 5 1
214477 0 130 5 1
214479 0 130 5 1
216195 1 130 5 1
216196 1 130 5 1
438947 1 131 2 3
214572 1 131 1 2
193317 0 131 5 3
193319 0 131 5 3
214329 0 131 5 3
214330 0 131 5 3
215315 1 131 5 1
215317 1 131 5 1
215318 1 131 5 1
438944 0 131 5 3
438946 0 131 5 3
216194 1 132 3 1
216080 1 132 2 4
216195 0 132 5 1
193318 1 133 2 2
193317 0 133 5 2
193320 0 133 5 2
21887 1 134 3 3
137443 1 134 2 3
21885 0 134 5 3
137441 0 134 5 3
137442 0 134 5 3
137444 0 134 6 3
137563 1 135 3 1
215314 1 135 2 1
137564 0 135 5 1
137565 0 135 5 1
215316 0 135 5 1
215317 0 135 5 1
215318 0 135 5 1
215581 1 136 2 3
137440 0 137 5 3
137443 0 137 5 3
216079 1 139 2 3
136675 1 139 2 3
136463 1 139 2 1
136676 0 139 5 3
216077 0 139 5 3
216078 0 139 5 3
216080 0 139 5 3
137565 1 140 2 3
137561 0 140 5 3
137563 0 140 5 3
137615 1 141 3 1
137616 0 141 5 1
137618 0 141 5 1
137619 0 141 5 1
136884 1 144 2 1
136885 0 144 5 1
215004 1 146 2 3
185989 1 146 2 3
185990 0 146 5 3
137025 1 147 4 1
137275 1 148 2 1
137022 1 148 5 1
137023 1 148 5 1
137024 1 148 5 1
137273 0 148 5 1
137276 0 148 5 1
137981 1 149 3 3
137980 0 149 5 3
137037 1 150 2 1
137038 0 150 5 1
137039 0 150 5 1
137040 0 150 5 1
137042 0 150 5 1
137043 0 150 5 1
137387 1 151 2 1
26919 1 151 2 3
137385 0 151 5 1
137386 0 151 5 1
312533 1 152 3 3
136503 1 152 3 3
312532 0 152 5 3
137493 1 153 3 1
137495 0 153 5 1
26917 1 154 3 2
26336 0 155 13 3
136593 1 155 4 1
423620 0 155 6 0
260185 1 155 2 3
137089 1 155 2 4
137695 1 155 1 1
26914 1 155 1 0
26913 0 155 5 0
26916 0 155 5 0
137088 0 155 5 4
260184 0 155 5 3
423617 0 155 5 3
423618 0 155 5 3
423619 0 155 5 3
247963 1 156 3 3
137043 1 156 1 3
136594 1 156 5 1
136595 1 156 5 1
137040 0 156 5 3
137042 0 156 5 3
247960 0 156 5 3
247961 0 156 5 3
423618 0 156 5 0
423619 0 156 5 0
423621 0 156 5 0
27962 1 157 3 3
26522 1 157 1 0
26524 0 157 5 0
136526 1 158 3 1
70631 1 158 3 3
136430 1 159 1 1
136431 0 159 5 1
136432 0 159 5 1
136527 1 159 5 1
136528 1 159 5 1
136804 1 161 3 1
136802 0 161 5 1
136806 0 161 5 1
137242 1 162 3 1
136932 1 162 2 1
136522 0 162 5 1
137243 0 162 5 1
136521 1 163 2 1
136930 1 163 5 1
136931 1 163 5 1
136935 1 163 5 1
136513 1 164 4 1
136744 1 164 3 1
136858 1 164 2 1
423619 1 165 3 1
136933 1 165 2 1
136728 1 165 2 1
136514 1 165 5 1
136517 1 165 5 1
136727 0 165 5 1
136729 0 165 7 1
136748 1 165 5 1
137593 1 166 2 1
136934 1 166 2 2
136835 1 166 2 1
136833 0 166 5 1
136837 0 166 5 1
136930 1 166 5 1
136931 1 166 5 1
136935 1 166 5 1
136930 0 166 5 2
136932 0 166 5 2
423620 1 166 5 1
423621 1 166 5 1
138039 1 167 2 1
514052 0 167 5 3
137594 1 168 2 1
137679 1 168 1 1
136728 1 168 5 3
137596 0 168 5 1
137681 0 168 5 1
137682 0 168 5 1
138017 1 169 2 1
138040 0 170 13 3
423682 1 171 3 1
137773 1 171 3 1
137896 1 171 2 1
137018 1 171 2 1
136727 1 171 1 1
137017 0 171 5 1
137019 0 171 5 1
137021 0 171 5 1
137897 0 171 5 1
137898 0 171 5 1
138037 1 171 5 3
138038 1 171 5 3
138029 1 172 1 1
137772 1 172 5 1
137774 1 172 5 1
137775 1 172 5 1
137167 1 173 3 3
136949 0 173 7 4
136383 1 173 3 1
137676 1 173 2 3
137539 1 173 2 1
137022 1 173 2 1
136855 1 173 1 0
136856 0 173 5 0
136948 0 173 5 4
137023 0 173 5 1
137026 0 173 5 1
137027 0 173 5 1
137164 0 173 6 3
137166 0 173 5 3
137540 0 173 5 1
137671 0 173 5 3
522604 0 173 5 3
423651 1 174 3 0
137929 1 174 1 1
136385 1 174 5 1
137927 0 174 5 1
137930 0 174 5 1
137931 0 174 5 1
423653 0 174 5 0
423654 0 174 6 0
423655 0 174 5 0
423656 0 174 5 0
136498 1 175 4 1
137273 1 175 3 1
137066 1 175 3 1
136654 1 175 2 1
136653 0 175 5 1
136656 0 175 5 1
137067 0 175 5 1
137068 0 175 5 1
137069 0 175 5 1
137278 0 175 5 1
136497 1 176 5 1
136499 1 176 5 1
137165 0 176 5 1
137166 0 176 5 1
423756 1 177 3 1
335034 1 177 3 1
423753 0 177 5 1
423755 0 177 5 1
423757 0 177 5 1
137274 1 178 3 1
422772 1 178 2 0
137273 0 178 5 1
137275 0 178 5 1
137276 0 178 5 1
137277 0 178 5 1
137278 0 178 5 1
335033 1 178 5 1
335035 1 178 5 1
423651 1 178 5 1
423652 1 178 5 1
556575 1 179 3 3
285512 1 179 3 3
553061 1 179 2 3
137660 1 179 2 3
334190 1 179 1 1
192732 1 179 1 1
137657 0 179 5 3
137658 0 179 5 3
137659 0 179 5 3
192734 0 179 5 1
285509 0 179 5 3
285510 0 179 5 3
285511 0 179 5 3
334586 1 180 3 1
423656 1 180 2 3
137166 0 180 5 1
137168 0 180 5 1
423651 0 180 5 3
423652 0 180 5 3
423653 0 180 5 3
423753 1 180 5 3
423755 1 180 5 3
423758 1 180 5 3
334130 1 181 3 1
136756 1 181 3 1
334195 1 181 2 1
334188 1 181 2 1
192433 1 181 2 1
136757 0 181 5 1
137274 0 181 5 1
334131 0 181 5 1
334134 0 181 5 1
334187 0 181 5 1
334190 0 181 5 1
334192 0 181 5 1
334193 0 181 5 1
334197 0 181 5 1
300909 1 182 4 3
479218 1 182 3 0
333643 1 182 3 1
192434 1 182 5 1
192436 1 182 5 1
192437 1 182 5 1
192438 1 182 5 1
335034 0 182 5 3
335036 0 182 5 3
375390 1 183 3 3
334585 1 183 3 1
334782 1 183 2 1
285512 0 183 5 1
300910 1 183 5 3
333641 1 183 5 1
333642 1 183 5 1
334194 1 183 5 3
334196 1 183 5 3
334587 0 183 5 1
334781 0 183 5 1
334783 0 183 5 1
375387 0 183 5 3
375389 0 183 5 3
479219 1 183 5 0
334349 1 184 4 1
334684 1 184 2 1
191879 1 184 2 1
191878 0 184 5 1
191881 0 184 5 1
333642 0 184 5 1
423654 0 184 5 1
423655 0 184 5 1
423656 0 184 5 1
221756 0 185 18 4
335181 1 185 3 1
285509 1 185 3 1
192162 1 185 3 4
557097 1 185 2 4
334199 1 185 2 1
192903 1 185 2 1
192834 1 185 2 1
192808 1 185 2 1
191955 1 185 1 1
191957 0 185 5 1
191958 0 185 5 1
191959 0 185 5 1
192833 0 185 5 1
192836 0 185 5 1
192837 0 185 5 1
192905 0 185 5 1
285510 0 185 5 1
285511 0 185 5 1
285512 0 185 5 1
285513 0 185 5 1
334198 0 185 5 1
334202 0 185 5 1
334350 1 185 5 1
334786 1 186 3 3
178911 1 186 3 3
335174 1 186 2 1
223379 1 186 2 2
220836 1 186 2 1
136757 1 186 1 3
136756 0 186 5 3
192811 1 186 5 1
192812 1 186 5 1
220838 0 186 5 1
221755 1 186 5 4
334785 0 186 5 3
335175 0 186 5 1
335176 0 186 5 1
335177 0 186 5 1
335182 1 186 5 1
335183 1 186 5 1
335184 1 186 5 1
335185 1 186 5 1
335186 1 186 5 1
334285 1 187 3 1
334192 1 187 3 3
192628 1 187 3 1
436371 1 187 2 3
334832 1 187 2 1
333877 1 187 2 3
39322 1 187 2 2
335018 1 187 1 1
333902 1 187 1 1
223378 1 187 5 2
334187 0 187 5 3
334190 0 187 5 3
334191 0 187 5 3
334286 0 187 5 1
436370 0 187 5 3
335033 1 188 3 1
492303 1 188 2 3
335146 1 188 2 1
333904 1 188 2 3
333635 1 188 2 4
192829 1 188 2 0
192629 1 188 5 1
192631 1 188 5 1
192830 0 188 5 0
192831 0 188 5 0
333636 0 188 5 4
333903 0 188 5 3
334831 1 188 5 1
335035 0 188 5 1
492302 0 188 5 3
220151 1 189 3 1
324110 1 189 2 3
191878 1 189 2 1
191879 0 189 5 1
191880 0 189 5 1
191881 0 189 5 1
191882 0 189 5 1
192833 0 189 5 1
192834 0 189 5 1
192837 0 189 5 1
192838 0 189 5 1
220152 0 189 5 1
479374 1 190 3 4
334723 1 190 2 1
375984 1 190 1 3
334787 1 190 1 3
193009 1 190 1 2
192434 1 190 1 1
192095 0 190 5 1
192096 0 190 5 1
192433 0 190 5 1
192436 0 190 5 1
192437 0 190 5 1
334724 0 190 5 1
334725 0 190 5 1
334786 0 190 5 3
337436 0 191 13 3
333888 1 191 3 0
334524 1 191 2 1
480123 1 191 1 4
334030 1 191 1 1
191960 1 191 1 3
188325 1 191 1 3
38974 1 191 1 1
38973 0 191 5 1
188324 0 191 5 3
333892 0 191 5 0
333893 0 191 5 0
334031 0 191 5 1
334032 0 191 5 1
334033 0 191 5 1
334521 0 191 5 1
334522 0 191 5 1
334525 0 191 5 1
334526 0 191 5 1
480122 0 191 5 4
334937 1 192 4 1
38710 1 192 3 1
252604 1 192 1 3
192094 0 192 5 1
192096 0 192 5 1
252601 0 192 5 3
252602 0 192 5 3
333889 0 192 5 1
333891 0 192 7 1
479371 1 193 3 3
192655 1 193 3 1
38807 1 193 3 1
375978 1 193 2 4
334510 1 193 2 4
37589 1 193 1 1
37590 0 193 5 1
192654 0 193 5 1
334940 1 193 5 1
375979 0 193 6 4
479372 0 193 5 3
375735 1 194 4 2
38976 1 194 3 2
385620 1 194 2 3
334967 1 194 2 1
38690 1 194 2 1
333655 1 194 1 1
221121 1 194 1 1
192629 1 194 1 1
192628 0 194 5 1
192630 0 194 5 1
221122 0 194 5 1
333657 0 194 5 1
333888 0 194 5 1
333889 0 194 5 1
385621 0 194 5 3
39370 0 195 5 1
334662 1 195 3 4
333675 1 195 3 1
60659 1 195 3 2
39372 1 195 6 0
39345 1 195 3 1
38709 1 195 3 1
416887 1 195 2 3
334713 0 195 6 3
334066 1 195 2 1
192810 1 195 2 3
191956 1 195 2 1
38536 1 195 2 1
334811 1 195 1 0
38711 0 195 5 1
38713 0 195 5 1
39373 0 195 5 1
39374 0 195 5 1
39375 0 195 5 1
39376 0 195 5 1
60657 0 195 5 2
60658 0 195 5 2
191957 0 195 5 1
192808 0 195 5 3
192809 0 195 5 3
192811 0 195 5 3
192812 0 195 5 3
333676 0 195 5 1
333678 0 195 5 1
334064 0 195 5 1
334067 0 195 5 1
334068 0 195 5 1
334663 0 195 5 4
334712 0 195 5 1
334714 0 195 5 1
334814 0 195 5 0
375737 1 195 5 2
334715 1 196 3 3
38160 1 196 3 1
37926 1 196 3 1
334812 1 196 2 1
334521 1 196 2 0
38666 1 196 2 1
334639 1 196 1 3
39373 1 196 5 0
39374 1 196 5 0
39376 1 196 5 0
334523 0 196 5 0
334524 0 196 5 0
334526 0 196 5 0
334638 0 196 5 3
334811 0 196 5 1
334814 0 196 5 1
334811 0 196 5 3
334813 0 196 5 3
375978 0 196 5 4
416888 1 196 5 3
334403 1 197 4 1
192418 1 197 4 1
335182 1 197 3 1
334232 1 197 3 3
38090 1 197 3 2
38560 1 197 2 1
37924 1 197 5 1
37928 1 197 6 1
38089 0 197 5 2
38561 0 197 5 1
38564 0 197 5 1
38565 0 197 5 1
192656 0 197 5 0
192657 0 197 5 0
335183 0 197 5 1
335186 0 197 5 1
416578 1 198 2 1
334230 1 198 5 3
334078 1 198 2 1
333591 1 198 1 1
39214 1 198 1 1
192420 1 198 5 1
333592 0 198 5 1
334077 0 198 7 1
334082 0 198 5 1
334231 0 198 5 0
334233 0 198 5 0
334402 1 198 5 1
334404 1 198 5 1
334405 1 198 5 1
334406 1 198 5 1
416579 0 198 5 1
416580 0 198 5 1
38562 1 199 4 1
38566 1 199 3 0
37997 1 199 3 1
37485 1 199 3 1
416157 1 199 2 4
334110 1 199 2 1
272464 1 199 2 3
38665 1 199 2 0
333605 1 199 1 3
37484 0 199 5 1
37486 0 199 5 1
37488 0 199 5 1
37998 0 199 5 1
37999 0 199 5 1
272459 0 199 5 3
272461 0 199 5 3
272463 0 199 5 3
333602 0 199 5 3
333603 0 199 5 3
333604 0 199 5 3
416158 0 199 5 4
335116 1 200 3 1
39371 1 200 2 1
38574 1 200 2 0
37656 1 200 1 1
37655 0 200 5 1
37657 0 200 5 1
37658 0 200 5 1
37924 0 200 5 3
37925 0 200 5 3
37927 0 200 5 3
38560 1 200 5 1
38561 1 200 5 1
38565 1 200 5 1
38576 0 200 5 0
38666 1 200 5 0
38668 1 200 5 0
39372 0 200 5 1
39374 0 200 5 1
39375 0 200 5 1
416578 0 200 5 3
416581 0 200 5 3
38715 1 201 3 3
38358 1 201 3 1
334778 1 201 2 1
159122 1 201 2 3
39012 1 201 2 1
37977 0 201 5 1
38679 1 201 1 3
37976 1 201 1 1
37878 1 201 1 1
37880 0 201 5 1
38677 0 201 5 3
38678 0 201 5 3
38680 0 201 5 3
39013 0 201 5 1
39014 0 201 6 1
334080 1 201 5 1
334082 1 201 5 1
334779 0 201 5 1
335118 1 201 5 1
160254 1 202 3 4
38552 1 202 7 3
37813 1 202 3 1
37520 1 202 3 1
36579 1 202 3 3
333957 1 202 2 1
271399 1 202 2 4
37522 0 202 5 1
37523 0 202 5 1
37812 0 202 5 1
37814 0 202 5 1
37815 0 202 5 1
37816 0 202 5 1
39370 0 202 5 3
39373 0 202 5 3
39374 0 202 5 3
333959 0 202 5 1
334403 0 202 5 1
334405 0 202 5 1
38554 0 203 13 3
416502 1 203 3 1
334563 1 203 3 1
333761 1 203 3 1
335190 1 203 2 1
39119 1 203 2 1
38349 1 203 2 1
38351 0 203 5 1
38676 0 203 5 1
38679 0 203 5 1
38680 0 203 5 1
39120 0 203 5 1
333760 0 203 5 1
333764 0 203 5 1
334564 0 203 5 1
335189 0 203 5 1
335192 0 203 5 1
335193 0 203 5 1
416506 0 203 5 1
334668 1 204 4 1
38559 1 204 4 3
416661 1 204 3 0
334081 0 204 6 1
159682 1 204 3 2
37519 1 204 3 1
39242 1 204 2 1
39200 1 204 2 1
38466 1 204 1 1
37956 1 204 1 1
37600 1 204 1 1
37602 0 204 5 1
37957 0 204 5 1
39198 0 204 5 1
39201 0 204 5 1
39202 0 204 5 1
39241 0 204 5 1
39244 0 204 5 1
334077 0 204 5 3
334080 0 204 5 3
416660 0 204 5 0
416662 0 204 5 0
416663 0 204 5 0
39098 1 205 3 4
335115 1 205 2 0
335087 1 205 2 1
334866 1 205 2 1
334382 1 205 2 1
334198 1 205 2 1
319527 1 205 2 3
38538 1 205 2 3
38458 1 205 2 0
37633 1 205 2 1
335109 1 205 1 1
38460 1 205 1 1
38448 1 205 1 1
37988 1 205 1 1
37632 0 205 5 1
37635 0 205 5 1
37989 0 205 5 1
37990 0 205 5 1
38450 0 205 6 1
38459 0 205 5 0
38462 0 205 5 0
38461 0 205 5 1
38536 0 205 5 3
38537 0 205 5 3
38562 1 205 5 1
38563 1 205 5 1
38565 1 205 6 1
319525 0 205 5 3
334078 0 205 5 1
334200 0 205 5 1
334201 0 205 5 1
334202 0 205 5 1
334670 1 205 5 1
334868 0 205 5 1
335110 0 205 5 1
335116 0 205 5 0
335190 0 205 5 3
334319 1 206 3 1
333751 1 206 3 1
417128 1 206 2 1
334413 1 206 2 0
239600 1 206 2 3
333685 1 206 1 1
37812 0 206 5 3
37814 0 206 5 3
37816 0 206 5 3
333684 0 206 5 1
334321 0 206 5 1
334322 0 206 5 1
335109 0 206 5 3
417129 0 206 5 1
335012 1 207 3 1
334407 1 207 3 1
38463 0 207 6 3
416658 1 207 2 4
334566 1 207 2 4
39122 1 207 2 3
38514 1 207 2 3
37565 1 207 1 1
37566 0 207 5 1
37567 0 207 5 1
38466 0 207 5 1
38467 0 207 5 1
334408 0 207 5 1
334410 0 207 5 1
334412 1 207 5 0
334414 1 207 5 0
334415 1 207 5 0
335013 0 207 5 1
335014 0 207 5 1
416657 0 207 5 4
416659 0 207 5 4
357390 1 208 3 4
335114 1 208 3 0
333953 1 208 3 1
54235 1 208 3 4
389769 1 208 2 3
37593 1 208 2 2
335189 1 208 1 1
37594 0 208 5 2
38448 0 208 5 2
38464 0 208 5 3
38465 0 208 5 3
38560 0 208 5 3
38561 0 208 5 3
38562 0 208 5 3
38563 0 208 5 3
38564 0 208 5 3
39123 1 208 5 3
333954 0 208 5 1
333955 0 208 5 1
333956 0 208 5 1
335190 0 208 5 1
335191 0 208 5 1
335192 0 208 5 1
415651 0 209 8 1
92930 1 209 3 3
37789 1 209 3 3
416694 1 209 2 3
416042 1 209 2 1
415904 1 209 2 1
415900 1 209 2 1
334496 1 209 2 1
333583 1 209 2 1
39201 1 209 2 2
38166 1 209 2 1
37808 1 209 2 3
416028 1 209 1 4
38418 1 209 1 4
38387 1 209 1 4
37788 0 209 5 3
37790 0 209 5 3
37805 0 209 5 3
37806 0 209 5 3
38167 0 209 5 1
38168 0 209 5 1
39198 0 209 5 2
39203 0 209 5 2
334497 0 209 5 1
335116 1 209 5 0
335117 1 209 5 0
416027 0 209 5 4
416043 0 209 5 1
416044 0 209 5 1
415608 0 210 7 3
334548 1 210 3 3
334431 0 210 7 3
334411 0 210 7 2
38744 1 210 3 0
417153 1 210 2 1
334292 1 210 1 4
38747 0 210 5 0
92929 1 210 5 3
92931 1 210 5 3
333586 1 210 5 1
334291 0 210 5 4
334407 0 210 5 3
334408 0 210 5 3
334413 0 210 5 0
334416 0 210 5 0
334429 0 210 5 1
334430 0 210 5 1
334434 0 210 7 1
415610 0 210 5 1
415649 1 210 5 1
415652 1 210 5 1
415653 1 210 5 1
415901 1 210 5 1
415903 1 210 5 1
417156 0 210 5 1
334547 1 211 4 3
334426 1 211 3 2
334869 1 211 2 3
333939 1 211 2 0
271107 0 211 6 4
37465 1 211 2 1
333687 1 211 1 3
37466 0 211 5 1
333940 0 211 5 0
333941 0 211 5 0
334867 0 211 5 3
334868 0 211 5 3
334083 1 212 4 0
417258 1 212 3 1
417165 1 212 3 1
415970 1 212 3 1
415650 1 212 3 1
416388 1 212 2 4
415902 1 212 2 1
334409 1 212 2 2
271108 1 212 2 4
39298 1 212 2 4
39253 1 212 2 3
38386 1 212 2 4
39122 0 212 5 3
39254 0 212 5 3
334407 0 212 5 2
334429 0 212 5 3
334430 0 212 5 3
334433 0 212 5 3
415610 0 212 5 3
415649 0 212 5 1
415652 0 212 5 1
415653 0 212 5 1
415901 0 212 5 1
415905 0 212 5 1
415971 0 212 5 1
415972 0 212 5 1
286307 1 213 3 3
37901 1 213 3 1
417154 1 213 2 1
416704 1 213 2 1
416389 1 213 2 4
37905 0 213 5 1
37906 0 213 5 1
37907 0 213 5 1
286308 0 213 5 3
416707 0 213 5 1
417156 0 213 5 1
417166 1 213 5 1
417259 1 213 5 1
416703 1 214 3 1
334575 1 214 3 1
333978 1 214 3 1
334658 1 214 2 3
37961 1 214 2 4
37790 1 214 1 3
334574 0 214 5 1
334577 0 214 5 1
334659 0 214 5 3
415973 1 215 3 4
526721 1 215 1 3
361224 1 215 1 2
333980 1 215 5 1
526719 0 215 5 3
526720 0 215 5 3
334350 1 216 3 1
116399 1 216 3 3
219390 1 216 2 1
39210 1 216 2 4
39114 1 216 2 1
75055 1 216 1 3
116398 0 216 5 3
219393 0 216 5 1
219394 0 216 5 1
333959 1 217 2 3
271847 1 217 1 3
39209 1 217 5 4
271848 0 217 5 3
333958 0 217 5 3
38342 1 218 3 0
37701 1 218 3 1
38623 1 218 2 3
37700 0 218 5 1
37906 1 219 3 3
416706 1 219 2 3
160344 1 219 2 1
37901 0 219 5 3
37902 0 219 5 3
37903 0 219 5 3
37907 0 219 5 3
38344 1 219 5 0
38345 1 219 5 0
38346 1 219 5 0
160345 0 219 5 1
160346 0 219 5 1
271845 1 219 5 3
271846 1 219 5 3
38343 1 220 3 0
11857 1 220 2 3
416703 1 220 5 3
416704 1 220 5 3
416705 1 220 5 3
416707 1 220 5 3
270761 1 221 2 4
38342 1 221 5 0
38344 1 221 5 0
38345 1 221 5 0
38346 1 221 5 0
270760 0 221 5 4
222299 1 222 2 2
38340 1 222 1 3
38341 0 222 5 3
219076 0 222 5 1
219077 0 222 5 1
219078 0 222 5 1
334464 0 222 5 4
37905 1 223 3 3
228702 1 223 2 1
37906 0 223 5 3
222300 1 223 5 2
228703 0 223 5 1
228704 0 223 5 1
39239 1 224 3 1
229577 1 224 2 1
160336 1 224 2 0
39240 0 224 5 1
229578 0 224 5 1
229579 0 224 5 1
229580 0 224 5 1
229992 1 225 3 1
218114 1 225 3 1
270762 1 225 2 3
229591 1 225 2 1
228578 1 225 2 2
160339 1 225 5 0
228577 0 225 5 2
229590 0 225 5 1
229991 0 225 5 1
229994 0 225 5 1
229576 1 226 3 1
228733 1 226 3 1
38340 0 226 5 3
228734 0 226 5 1
228736 0 226 5 1
219176 1 227 1 1
229577 1 227 5 1
229580 1 227 5 1
415971 1 228 3 3
39057 1 228 3 4
228791 1 228 2 1
228792 0 228 5 1
415969 0 228 5 3
415970 0 228 5 3
218118 1 229 3 3
39461 0 229 5 1
229577 0 229 5 3
229578 0 229 5 3
229579 0 229 5 3
229176 1 230 2 1
229177 0 230 5 1
229178 0 230 5 1
229132 1 231 4 1
39306 1 231 3 1
39305 0 231 5 1
39307 0 231 5 1
229129 1 232 5 1
229131 1 232 5 1
229133 1 232 5 1
229134 1 232 5 1
38261 1 233 3 3
229264 1 233 2 1
229265 0 233 5 1
229266 0 233 5 1
229268 0 233 5 1
38260 1 234 5 3
228078 1 236 2 1
229900 1 238 2 1
229926 1 239 3 0
229901 0 238 5 1
