20730 0 6 6 3 0
45746 1 4 6 4 0
66788 0 6 6 4 1
88172 0 6 6 3 0
143924 0 6 6 1 0
200130 0 6 6 3 1
213739 0 6 6 1 0
216787 0 6 6 4 0
218918 1 1 6 2 0
244111 0 6 6 4 0
280374 0 6 6 3 1
333187 1 4 6 0 0
399676 0 6 6 1 0
401859 1 5 6 4 1
429161 1 2 6 3 0
431229 0 6 6 1 0
453649 0 6 6 1 0
478882 0 6 6 1 1
555295 0 6 6 3 0
559342 1 2 6 4 0
143923 0 6 7 0 0
142271 1 3 8 1 0
283144 0 6 8 3 0
399675 0 6 8 0 0
560274 0 6 8 3 1
143873 1 4 9 1 0
213740 0 6 9 3 0
213789 0 6 9 0 0
333188 0 6 9 0 0
399680 0 6 9 3 0
429160 0 6 9 3 1
430722 1 3 9 1 0
453651 1 4 9 3 0
454601 0 6 9 1 0
213804 0 6 10 0 0
560548 1 3 10 3 0
136564 0 6 11 3 1
142453 1 3 11 3 0
143910 0 6 11 3 0
399677 0 6 11 1 0
430721 1 5 11 0 0
454015 0 6 11 1 0
143219 0 6 12 1 0
213790 0 6 12 0 0
213794 1 5 12 1 0
431117 1 3 12 1 0
454602 0 6 12 1 0
454603 1 4 12 1 0
213216 0 6 13 1 0
399317 1 5 13 1 0
429980 0 6 13 1 0
430724 0 6 13 1 0
452529 0 6 13 3 0
213883 0 6 14 0 0
453501 0 6 14 1 0
453904 0 6 14 1 0
558660 1 3 14 2 0
213792 1 4 15 3 0
398135 1 5 15 1 0
398225 0 6 15 1 0
429046 0 6 15 2 0
102047 0 6 16 3 1
398220 1 3 16 1 0
430974 1 3 16 3 0
454282 0 6 16 1 0
454465 0 6 16 1 0
143222 0 6 17 1 0
143509 1 4 17 1 0
213217 1 2 17 3 0
213793 1 4 17 1 0
398290 1 4 17 1 0
399433 0 6 17 1 0
430595 1 2 17 1 0
453907 1 3 17 3 1
349306 0 6 18 3 1
398475 1 3 18 1 0
430338 0 6 18 1 1
453504 0 6 18 3 0
143223 1 4 19 2 0
143234 0 6 19 1 0
397652 0 6 19 1 0
398134 1 5 19 0 0
398603 1 3 19 1 0
404145 1 4 19 3 0
429981 1 2 19 1 0
452528 0 6 19 2 0
453906 1 3 19 2 0
454467 0 6 19 1 0
142687 0 6 20 4 1
142746 1 3 20 1 0
214039 1 3 20 1 0
214268 0 6 20 1 1
296383 0 6 20 3 0
397469 0 6 20 1 0
397562 0 6 20 3 0
398477 0 6 20 2 0
398606 0 6 20 1 0
398935 1 4 20 1 0
453905 0 6 20 1 0
536228 1 4 20 2 0
143819 1 5 21 1 0
143870 1 3 21 1 0
170690 1 4 21 3 0
397468 0 6 21 0 0
398480 1 4 21 1 0
398581 0 6 21 1 0
398605 0 6 21 1 0
404146 0 6 21 3 0
430534 1 2 21 3 1
453156 0 6 21 1 0
142977 0 6 22 1 1
143220 1 5 22 1 0
143431 1 4 22 1 0
213797 1 3 22 3 1
214275 1 5 22 3 0
398959 1 4 22 1 0
399366 0 6 22 1 0
431324 1 4 22 1 0
453508 1 5 22 3 0
504707 0 6 22 3 1
536223 1 4 22 3 0
143224 0 6 23 3 0
214040 1 5 23 1 0
398627 0 6 23 1 0
399434 1 4 23 1 0
399687 0 6 23 1 0
452684 1 3 23 1 0
454564 0 6 23 4 0
107937 1 4 24 3 0
143221 1 2 24 1 0
143745 0 6 24 4 1
213796 0 6 24 3 1
365606 1 3 24 3 0
397722 1 2 24 1 0
398508 0 6 24 1 0
398958 1 3 24 1 0
399435 0 6 24 3 0
429982 1 4 24 3 0
430526 0 6 24 3 0
453565 1 4 24 1 0
456102 1 3 24 3 0
398056 1 3 25 1 0
398583 0 6 25 3 0
431320 0 6 25 1 0
431325 0 6 25 1 0
452687 0 6 25 3 0
8299 0 6 26 2 0
112620 0 6 26 2 0
397854 0 6 26 1 0
398956 1 4 26 1 0
399582 1 4 26 1 0
419586 0 6 26 2 0
428662 1 4 26 2 0
430127 1 3 26 1 0
453126 0 6 26 3 0
453158 0 6 26 3 0
453568 0 6 26 3 0
83778 1 2 27 3 0
143388 0 6 27 3 0
320702 0 6 27 2 0
397472 0 6 27 1 0
430003 0 6 27 1 0
436539 0 6 27 3 1
454075 1 4 27 1 0
97926 1 3 28 3 0
398055 0 6 28 0 0
398582 1 4 28 3 0
398395 1 4 29 1 0
398626 1 4 29 1 0
398728 0 6 29 1 0
430238 1 2 29 1 0
430530 1 3 29 4 0
431328 0 6 29 3 0
452686 1 4 29 1 0
453566 1 3 29 2 0
143387 0 6 30 3 0
398628 0 6 30 1 0
398629 0 6 30 3 1
399581 0 6 30 0 0
399594 1 4 30 1 0
430089 1 3 30 1 0
430535 0 6 30 4 1
430593 0 6 30 3 1
20618 1 3 31 3 0
97924 0 6 31 1 0
398403 0 6 31 2 0
398432 1 4 31 1 0
430002 1 2 31 1 0
436538 0 6 31 2 0
97335 0 6 32 1 0
397849 1 3 32 0 0
398910 1 2 32 1 0
399560 0 6 32 0 0
430128 1 4 32 3 0
218249 1 3 33 3 0
320703 0 6 33 2 0
398394 0 6 33 1 0
398427 0 6 33 2 1
398630 1 4 33 3 0
398908 1 3 33 3 0
526402 0 6 33 3 0
399564 0 6 34 2 0
430113 0 6 34 1 0
430235 1 3 34 1 0
430240 1 4 34 3 0
12766 1 4 35 3 0
84855 1 2 35 3 0
397234 1 3 35 1 0
398397 1 5 35 3 0
398831 1 3 35 0 0
398901 0 6 35 3 0
398911 0 6 35 2 0
431193 0 6 35 1 0
398391 0 6 36 2 0
398904 0 6 36 3 1
399008 0 6 36 0 0
399562 1 3 36 1 0
429841 0 6 36 1 1
97337 0 6 37 1 0
320451 1 4 37 1 0
397201 0 6 37 3 0
398221 1 3 37 1 1
430740 0 6 37 1 0
431315 1 2 37 1 0
398832 0 6 38 1 0
430679 0 6 38 1 0
398222 0 6 39 1 0
398268 0 6 39 1 0
431254 0 6 39 4 0
97123 0 6 40 1 0
398267 0 6 40 1 0
398902 0 6 40 1 0
399561 0 6 40 1 0
431280 0 6 40 1 0
97341 0 6 41 1 0
320452 0 6 41 1 0
217700 1 3 42 3 0
397173 0 6 42 1 0
431314 0 6 42 1 0
509633 1 4 42 3 0
320453 0 6 43 3 1
397175 0 6 43 1 0
397521 1 2 43 1 0
397755 0 6 43 1 0
398488 0 6 43 1 0
80342 1 3 44 3 0
97122 1 3 44 0 0
397177 0 6 44 3 0
397268 1 4 44 1 0
98997 1 3 45 0 0
398028 1 2 45 3 0
398489 0 6 45 1 0
97051 0 6 46 0 0
397183 1 3 46 1 0
398277 1 3 46 1 1
398905 0 6 46 3 0
399656 0 6 46 1 0
281995 1 4 47 3 0
397176 1 2 47 2 0
397846 0 6 47 1 0
398278 1 4 47 1 0
431316 1 4 47 3 0
97131 1 4 48 3 0
97554 0 6 48 0 0
98000 0 6 48 0 0
397158 0 6 48 1 0
398446 0 6 48 1 0
399115 0 6 48 1 0
97130 1 3 49 3 0
398619 0 6 49 1 1
374754 0 6 50 3 0
397221 1 4 50 1 0
397461 1 3 50 1 0
397853 1 4 50 1 0
398280 0 6 50 3 0
398463 1 3 50 1 1
398593 0 6 50 1 0
398738 1 5 50 1 0
523952 0 6 50 2 0
96951 0 6 51 0 0
97654 0 6 51 0 1
398050 0 6 51 1 0
398408 0 6 51 1 0
398490 0 6 51 1 0
397185 1 3 52 3 0
398143 0 6 52 3 0
398461 0 6 52 1 0
398652 0 6 52 2 0
399165 1 3 52 1 0
399686 0 6 52 1 0
486631 0 6 52 3 0
499599 0 6 52 0 0
397222 0 6 53 1 0
397855 1 3 53 1 0
398254 1 4 53 1 0
398595 1 4 53 2 0
398820 1 3 53 1 0
399404 0 6 53 1 0
97744 0 6 54 0 0
398074 1 3 54 1 0
398296 0 6 54 1 0
399184 1 4 54 1 0
399690 1 4 54 3 0
97656 1 3 55 2 0
98089 0 6 55 0 0
374752 1 3 55 0 0
398824 1 2 55 1 0
399449 1 5 55 1 0
97747 1 4 56 3 0
98090 0 6 56 0 0
238366 0 6 56 3 0
398231 1 4 56 3 1
398407 0 6 56 1 0
398592 1 3 56 1 0
399164 1 2 56 1 0
399186 0 6 56 3 0
55785 0 6 57 3 0
97653 0 6 57 0 0
397628 0 6 57 1 0
398048 0 6 57 1 1
398229 1 3 57 3 0
398255 0 6 57 1 0
398257 1 3 57 3 0
398833 0 6 57 1 0
398840 1 3 57 1 0
399163 0 6 57 1 0
97743 0 6 58 0 0
97745 0 6 58 1 0
397174 1 3 58 1 0
397852 1 5 58 0 1
398251 0 6 58 3 0
399167 1 3 58 2 0
511049 0 6 58 3 0
398051 0 6 59 1 0
398075 0 6 59 1 0
398232 0 6 59 1 0
399453 1 2 59 3 0
399471 0 6 59 4 1
455543 0 6 59 3 0
349403 1 2 60 2 0
398210 0 6 60 1 0
398226 1 3 60 1 0
399451 1 3 60 1 0
402119 0 6 60 2 0
457892 0 6 60 3 0
81025 1 3 61 3 0
97811 0 6 61 0 0
243526 1 2 61 3 0
397127 0 6 61 1 0
398223 1 3 61 3 0
398234 0 6 61 1 0
398304 1 4 61 1 0
398839 0 6 61 1 0
398962 1 4 61 4 1
399267 0 6 61 1 0
399417 1 3 61 1 1
399488 0 6 61 1 0
497928 0 6 61 4 0
398208 1 4 62 1 0
398657 0 6 62 2 0
398811 1 3 62 4 1
459646 0 6 62 3 1
243531 0 6 63 3 0
349832 0 6 63 4 0
397477 0 6 63 1 0
398316 0 6 63 1 0
398369 1 3 63 1 0
398384 0 6 63 1 0
522470 1 4 63 3 0
255829 0 6 64 3 0
359234 0 6 64 3 0
397454 1 3 64 4 0
398219 1 3 64 0 1
398298 1 5 64 1 0
399162 0 6 64 3 0
454595 0 6 64 3 1
462433 0 6 64 3 0
116416 1 3 65 3 0
397555 1 4 65 1 0
398073 1 4 65 1 0
398077 0 6 65 3 0
398596 0 6 65 3 0
399270 0 6 65 3 0
399419 1 4 65 3 0
399423 1 3 65 0 0
457842 1 4 65 3 0
201607 0 6 66 3 1
383123 0 6 66 3 1
397573 0 6 66 1 0
399416 0 6 66 1 0
29418 1 2 67 3 0
397218 1 2 67 1 0
397948 0 6 67 1 0
398209 0 6 67 1 0
398371 1 4 67 3 1
399349 0 6 67 1 0
399573 1 3 67 3 0
399637 0 6 67 1 0
66897 0 6 68 2 0
397571 0 6 68 0 0
398076 0 6 68 3 1
398224 1 2 68 3 0
398638 1 5 68 3 0
116415 1 3 69 3 0
397556 0 6 69 2 0
397558 0 6 69 3 0
397941 0 6 69 1 0
398510 0 6 69 3 0
399043 0 6 69 0 0
546817 1 4 69 3 0
132386 0 6 70 3 0
165635 0 6 70 3 1
397572 0 6 70 1 0
288518 0 6 71 3 0
398639 0 6 71 3 0
29365 1 4 72 4 0
397575 0 6 72 3 0
397684 1 4 72 2 0
397944 0 6 72 3 0
397950 1 4 72 3 0
398686 0 6 72 1 0
399045 1 3 72 2 0
269532 0 6 73 2 0
392652 0 6 73 2 0
397712 0 6 73 0 0
340611 0 6 74 4 0
397683 1 2 74 2 0
18418 1 4 75 3 0
397713 0 6 75 0 0
397947 0 6 75 1 0
397955 0 6 75 2 0
399042 1 3 75 3 0
397714 1 5 76 1 0
62993 1 4 78 3 0
397715 0 6 79 1 0
399041 0 6 79 3 0
62994 1 3 81 3 0
398636 0 6 81 1 0
399290 0 6 81 1 0
397945 0 6 82 1 0
398455 1 3 82 3 0
397716 0 6 84 3 0
398454 1 4 84 0 0
399683 0 6 84 1 0
63000 0 6 85 2 0
215152 0 6 85 3 1
215154 1 4 86 3 0
397320 0 6 86 1 0
63001 0 6 87 3 0
157449 1 4 88 3 0
397318 1 4 88 0 0
397514 0 6 88 3 0
397717 0 6 88 3 0
398330 1 3 88 1 0
398726 0 6 88 1 0
215149 1 2 89 1 0
215151 1 3 89 3 0
260749 1 4 90 3 0
352822 0 6 90 3 0
398893 0 6 90 3 0
167857 1 4 91 3 0
215278 0 6 91 1 0
247829 1 3 91 3 0
22806 1 4 92 3 0
157450 1 4 92 4 0
215119 1 5 92 1 0
215146 0 6 92 1 0
215584 1 3 92 1 0
398894 0 6 92 3 0
399193 1 3 92 1 1
214914 1 4 93 1 0
215279 1 3 93 1 0
215386 1 2 93 3 0
321482 0 6 93 3 0
331498 0 6 93 3 1
397963 0 6 93 1 0
398411 1 2 93 3 0
215150 1 3 94 1 0
215590 1 2 94 3 0
215944 0 6 94 2 0
175572 0 6 95 3 0
215513 1 3 95 1 0
215872 0 6 95 1 0
214974 0 6 96 1 0
216148 1 3 96 1 1
399533 0 6 96 1 0
462200 1 4 96 3 1
214531 1 2 97 1 0
215277 0 6 97 0 0
215281 1 3 97 2 0
215786 0 6 97 1 0
215884 0 6 97 1 0
216116 0 6 97 1 0
534815 1 2 97 3 1
215089 1 3 98 1 0
215514 1 3 98 1 0
350546 1 4 98 3 0
399537 1 3 98 1 0
552899 1 3 98 3 0
71471 1 2 99 3 0
175419 0 6 99 4 0
175573 1 4 99 3 0
214510 1 2 99 1 0
214866 0 6 99 1 0
215233 0 6 99 1 0
215249 1 3 99 1 0
537375 0 6 99 2 0
214890 0 6 100 1 0
215195 0 6 100 1 0
216152 1 2 100 2 0
216193 1 2 100 1 1
215325 0 6 101 4 0
215352 0 6 101 1 0
215777 0 6 101 2 1
216140 1 4 101 1 1
399147 1 3 101 1 0
127697 0 6 102 3 0
214530 0 6 102 1 0
214839 1 2 102 1 0
215091 1 3 102 1 0
215093 0 6 102 3 0
215806 0 6 102 1 0
215969 1 3 102 1 0
397633 0 6 102 1 0
214837 1 4 103 1 0
214891 0 6 103 1 0
214931 0 6 103 1 0
215247 1 3 103 3 0
215810 1 5 103 3 0
215896 0 6 103 1 0
214565 1 4 104 1 0
214964 1 4 104 1 0
215785 1 3 104 1 0
215898 1 3 104 3 0
216145 0 6 104 3 0
399539 1 3 104 3 0
214567 0 6 105 3 0
214841 0 6 105 3 0
214892 1 3 105 2 0
215087 0 6 105 1 0
215816 1 3 105 3 1
215832 0 6 105 1 0
216136 0 6 105 0 0
399146 1 3 105 1 0
399538 0 6 105 3 0
214511 0 6 106 1 0
214893 1 3 106 3 0
215092 1 3 106 3 0
215804 0 6 106 0 0
215815 1 3 106 3 0
215929 1 4 106 1 0
215971 0 6 106 3 0
214712 1 4 107 3 1
214836 1 4 107 1 0
214963 0 6 107 1 0
214988 0 6 107 3 0
215022 0 6 107 1 0
215246 1 2 107 3 1
215607 1 2 107 1 0
215930 1 4 107 1 0
215970 0 6 107 1 0
216141 1 4 107 3 1
214884 0 6 108 3 0
215090 0 6 108 1 0
215306 1 4 108 1 0
215787 0 6 108 3 0
215895 1 2 108 1 0
215914 0 6 108 1 0
308030 1 3 108 3 0
215663 1 2 109 1 0
215922 0 6 109 1 0
263719 0 6 109 3 0
294495 0 6 109 3 0
214710 1 3 110 1 0
214795 0 6 110 1 0
215923 1 3 110 3 0
215937 0 6 110 3 0
308028 1 2 110 3 0
214643 0 6 111 1 0
214764 1 3 111 3 0
214889 1 4 111 1 0
215807 0 6 111 3 0
214632 0 6 112 1 0
215223 1 3 112 1 0
215617 1 3 112 1 0
216115 1 4 112 1 0
264630 1 3 112 2 0
214711 0 6 113 3 0
214796 0 6 113 3 0
215343 1 3 113 1 1
215664 0 6 113 1 0
129969 0 6 114 3 0
214749 1 4 114 1 0
215135 0 6 114 4 0
215618 1 3 114 1 0
215781 0 6 114 1 0
215920 0 6 114 0 0
215924 1 4 114 3 0
216056 1 3 114 1 0
195853 1 5 115 3 0
214800 1 4 115 3 0
215231 0 6 115 3 0
215585 0 6 115 1 0
215620 1 4 115 3 0
215665 0 6 115 1 0
215666 1 2 115 1 0
214750 0 6 116 1 0
215330 1 3 116 1 0
215614 0 6 116 4 1
215802 1 3 116 1 0
260491 0 6 116 4 0
214630 1 4 117 1 0
215342 0 6 117 1 0
215662 1 2 117 1 0
215668 1 3 117 3 0
215801 1 3 117 1 0
215860 0 6 117 1 0
216092 0 6 117 1 0
216169 1 3 117 1 0
214748 0 6 118 0 0
215326 1 2 118 1 0
215402 0 6 118 1 0
215435 0 6 118 1 0
215619 0 6 118 1 0
215648 0 6 118 1 0
216009 0 6 118 1 0
216057 1 3 118 1 0
216077 0 6 118 1 0
415349 0 6 118 3 0
215229 0 6 119 3 0
215336 0 6 119 1 0
215443 0 6 119 1 0
215653 1 4 119 4 1
216093 0 6 119 1 0
214625 0 6 120 1 0
214631 1 3 120 1 0
215006 0 6 120 1 0
215026 0 6 120 1 0
215127 1 3 120 1 0
215228 1 3 120 3 0
215525 0 6 120 4 1
215853 1 4 120 1 0
215952 1 4 120 1 0
216172 0 6 120 1 0
215484 0 6 121 1 0
215861 1 2 121 1 0
216094 1 3 121 2 0
215010 1 5 122 0 0
215398 1 4 122 1 0
215404 1 2 122 3 0
215570 0 6 122 1 0
215652 0 6 122 4 0
215824 0 6 122 1 0
215850 0 6 122 1 0
215863 1 2 122 3 0
216171 0 6 122 3 0
490414 1 3 122 3 0
214960 0 6 123 1 0
215065 1 4 123 1 0
215327 1 4 123 1 0
215649 0 6 123 1 0
215946 0 6 123 2 0
216020 0 6 123 1 0
216032 0 6 123 1 0
214684 0 6 124 1 1
214953 1 3 124 4 0
215200 0 6 124 1 0
215400 1 2 124 3 1
215888 1 3 124 1 0
216173 0 6 124 1 0
287035 0 6 124 2 0
6932 1 3 125 2 0
214488 0 6 125 1 0
214532 0 6 125 1 1
214560 1 3 125 3 0
214682 0 6 125 1 0
214723 1 3 125 1 0
214776 1 2 125 1 0
214944 0 6 125 1 0
214990 1 3 125 1 0
215442 0 6 125 1 0
215571 1 2 125 1 0
215715 1 3 125 1 0
215858 0 6 125 3 0
216035 0 6 125 3 0
216166 1 3 125 3 0
216170 0 6 125 3 0
490406 0 6 125 2 0
179245 0 6 126 3 0
188183 0 6 126 3 0
214475 0 6 126 1 0
214687 0 6 126 1 0
214773 1 4 126 1 1
214942 0 6 126 2 1
216018 0 6 126 1 0
216031 0 6 126 1 0
216168 1 3 126 0 0
214590 1 4 127 1 0
214945 0 6 127 1 0
215201 0 6 127 1 0
215315 0 6 127 1 0
215392 1 4 127 1 0
215405 1 4 127 3 0
216017 1 5 127 1 0
216019 0 6 127 1 1
216192 0 6 127 1 0
188495 0 6 128 4 0
215054 0 6 128 4 0
215188 1 3 128 1 0
215266 0 6 128 2 0
215393 1 3 128 3 0
215403 0 6 128 1 0
215561 0 6 128 4 0
215837 1 3 128 1 0
215901 1 3 128 1 0
216070 1 4 128 1 0
130768 1 4 129 2 0
214477 1 2 129 1 0
214939 0 6 129 1 0
215134 0 6 129 3 0
215716 1 3 129 1 0
215995 0 6 129 1 0
216003 1 4 129 3 0
216167 0 6 129 4 1
219716 1 4 129 3 0
193319 1 3 130 2 0
214562 1 3 130 2 0
214570 0 6 130 4 1
214777 0 6 130 1 0
215582 0 6 130 1 0
215839 1 3 130 3 0
215900 0 6 130 1 0
294782 0 6 130 3 1
12346 0 6 131 3 1
214476 1 2 131 1 0
214706 1 3 131 3 0
215187 1 3 131 1 1
215318 0 6 131 3 0
69707 1 3 132 2 0
194137 1 3 132 3 0
214572 1 2 132 2 1
214838 0 6 132 1 0
215193 0 6 132 3 0
215840 0 6 132 3 1
216072 0 6 132 1 0
216160 0 6 132 3 0
216191 1 4 132 1 0
216196 0 6 132 3 1
69818 0 6 133 2 0
193320 1 3 133 3 0
214331 0 6 133 3 0
215267 0 6 133 2 0
215316 1 4 133 1 0
438947 1 3 133 3 0
137441 0 6 134 1 0
212802 0 6 134 4 0
214842 0 6 134 3 0
215483 0 6 134 1 0
216080 1 3 134 4 0
193318 1 3 135 2 0
193321 0 6 135 3 0
216159 0 6 135 2 0
216194 1 4 135 1 0
137443 1 3 136 3 0
215583 0 6 136 1 1
215588 0 6 136 1 0
21887 1 4 137 3 0
193317 0 6 137 1 0
194229 0 6 137 4 1
212747 0 6 137 4 0
214571 0 6 137 1 0
215314 1 3 137 1 0
137563 1 4 138 1 0
212803 0 6 138 4 1
215523 0 6 138 1 0
215581 1 3 138 3 0
137444 1 3 139 3 0
137785 0 6 139 4 0
216076 0 6 139 1 0
215910 0 6 140 2 0
136463 1 3 141 1 0
136675 1 3 141 3 0
137561 0 6 141 1 0
215311 0 6 141 1 0
216079 1 3 141 3 1
137565 1 3 142 3 0
137615 1 4 144 1 0
214799 0 6 144 3 1
215906 0 6 144 3 0
137408 0 6 145 1 0
137616 0 6 145 1 0
137870 0 6 145 1 0
136884 1 3 146 1 0
137973 0 6 146 1 0
136367 0 6 147 4 1
137617 0 6 148 1 0
185989 1 3 148 3 0
215004 1 3 148 3 0
137023 0 6 149 1 0
136895 0 6 150 1 0
137275 1 3 150 1 0
137618 0 6 150 3 0
137872 0 6 150 1 0
137972 0 6 150 1 0
26745 0 6 151 3 0
137025 1 5 151 1 0
185988 0 6 151 1 1
137037 1 3 152 1 0
137981 1 4 152 3 0
215809 0 6 152 3 0
26919 1 3 153 3 1
137041 0 6 153 1 0
137387 1 3 153 1 0
26907 0 6 155 2 0
136503 1 4 155 3 1
136843 0 6 155 3 0
137042 0 6 155 3 0
312533 1 4 155 3 0
26746 0 6 156 3 0
26914 1 2 156 0 0
136899 0 6 156 1 0
137039 0 6 156 1 0
137493 1 4 156 1 0
137695 1 2 156 1 0
26917 1 4 157 2 0
137043 1 2 157 3 0
137089 1 3 157 4 0
260185 1 3 157 3 0
423620 1 3 157 3 0
26522 1 2 158 0 0
137030 0 6 158 0 0
136593 1 5 159 1 0
136730 0 6 159 1 0
247963 1 4 159 3 0
423617 1 4 159 0 0
27962 1 4 160 3 0
136430 1 2 160 1 0
217467 0 6 160 3 0
26915 0 6 161 1 0
70631 1 4 161 3 0
136526 1 4 161 1 0
136803 0 6 161 1 0
423618 0 6 162 1 0
136527 0 6 163 1 0
136529 0 6 163 3 1
136745 0 6 163 1 0
136802 0 6 163 0 0
136804 1 4 164 1 0
136805 0 6 164 3 0
136932 1 3 164 1 0
136521 1 3 165 1 0
137242 1 4 165 1 1
137672 0 6 165 1 0
418652 0 6 165 3 0
26916 0 6 166 1 0
136806 0 6 166 3 0
136858 1 3 166 1 0
137675 0 6 166 3 0
137953 0 6 166 3 0
136728 1 3 167 1 0
136744 1 4 167 1 0
136933 1 3 167 1 0
137290 0 6 167 1 0
136513 1 5 168 1 0
136835 1 3 168 1 0
136934 1 3 168 2 0
137593 1 3 168 1 0
137607 0 6 168 1 0
138018 0 6 168 1 0
423619 1 4 168 1 1
514051 0 6 168 3 0
136617 0 6 169 1 0
137288 0 6 169 0 0
137671 0 6 169 1 0
137674 0 6 169 1 0
137679 1 2 169 1 0
138039 1 3 169 1 0
544862 0 6 169 3 0
136334 0 6 170 3 0
137439 0 6 170 3 0
137594 1 3 170 1 0
423012 0 6 170 1 0
136729 1 5 171 3 0
138017 1 3 171 1 1
423014 0 6 171 2 0
136514 0 6 172 1 0
136619 0 6 172 3 0
136727 1 2 172 1 0
136959 0 6 172 4 1
423987 0 6 172 1 0
136339 0 6 173 1 0
136647 0 6 173 2 0
137018 1 3 173 1 0
137287 0 6 173 3 0
137436 0 6 173 2 1
137896 1 3 173 1 0
138029 1 2 173 1 0
136855 1 2 174 0 0
137169 0 6 174 1 0
137773 1 4 174 1 0
224742 0 6 174 3 0
423015 0 6 174 3 0
423682 1 4 174 1 0
136497 0 6 175 1 0
136515 0 6 175 3 0
137022 1 3 175 1 0
137453 0 6 175 0 1
137539 1 3 175 1 0
137676 1 3 175 3 0
137898 1 2 175 3 0
137929 1 2 175 1 1
522605 0 6 175 3 1
136383 1 4 176 1 0
136949 1 4 176 4 0
137167 1 4 176 3 0
137252 0 6 176 1 0
137657 0 6 176 1 0
138020 0 6 176 3 0
236121 0 6 176 3 0
333916 0 6 176 1 0
423652 0 6 176 1 0
456119 0 6 176 2 0
136501 0 6 177 1 0
136654 1 3 177 1 0
136948 1 3 177 4 0
136978 0 6 177 1 0
137476 0 6 177 1 0
423651 1 4 177 0 0
137066 1 4 178 1 0
137103 0 6 178 4 0
137273 1 4 178 1 0
137658 0 6 178 1 0
137931 0 6 178 3 1
334053 0 6 178 3 0
50512 0 6 179 3 0
136498 1 5 179 1 0
137164 1 4 179 1 0
137460 0 6 179 0 0
137542 0 6 179 3 0
137655 0 6 179 3 0
197177 0 6 179 3 0
423256 0 6 179 0 0
423654 1 3 179 1 0
424203 0 6 179 1 0
137927 0 6 180 1 0
143254 0 6 180 3 0
192732 1 2 180 1 0
224739 0 6 180 0 1
334190 1 2 180 1 0
335034 1 4 180 1 0
422772 1 3 180 0 0
423756 1 4 180 1 0
136655 0 6 181 3 0
137274 1 4 181 1 0
137660 1 3 181 3 1
137850 0 6 181 4 1
423757 1 3 181 3 0
522943 0 6 181 4 0
553061 1 3 181 3 0
137165 1 3 182 1 0
137276 1 2 182 1 0
192511 0 6 182 1 0
285512 1 4 182 3 0
300912 0 6 182 3 0
334187 0 6 182 1 1
334938 0 6 182 1 0
423656 1 3 182 3 0
479223 0 6 182 3 0
556575 1 4 182 3 1
192433 1 3 183 1 0
224674 0 6 183 2 0
334188 1 3 183 1 0
334195 1 3 183 1 0
334586 1 4 183 1 0
335035 1 2 183 3 1
335175 0 6 183 1 0
136756 1 4 184 1 0
220012 0 6 184 3 0
334130 1 4 184 1 0
422769 0 6 184 0 0
422773 0 6 184 0 0
221755 0 6 185 3 0
285511 1 3 185 1 0
300905 0 6 185 2 0
333643 1 4 185 1 0
334017 0 6 185 1 0
334197 1 4 185 3 0
334782 1 3 185 1 1
479218 1 4 185 0 0
556576 0 6 185 3 0
191879 1 3 186 1 0
191955 1 2 186 1 0
300909 1 5 186 3 0
333641 1 3 186 1 0
333869 0 6 186 1 0
333871 0 6 186 1 0
334155 0 6 186 1 0
334191 0 6 186 2 0
334585 1 4 186 1 0
334684 1 3 186 1 0
335184 0 6 186 1 0
375390 1 4 186 3 0
423653 1 3 186 1 0
423753 0 6 186 1 0
479224 0 6 186 3 0
136757 1 2 187 3 0
192510 0 6 187 1 0
192808 1 3 187 1 0
192834 1 3 187 1 0
192903 1 3 187 1 0
333868 0 6 187 1 0
334133 0 6 187 3 0
334199 1 3 187 1 0
335036 0 6 187 3 0
335176 0 6 187 3 0
557097 1 3 187 4 0
29933 0 6 188 3 0
192162 1 4 188 4 1
192436 0 6 188 1 1
192812 0 6 188 3 0
220836 1 3 188 1 0
223379 1 3 188 2 1
285509 1 4 188 1 0
333867 0 6 188 0 0
333902 1 2 188 1 0
334349 1 5 188 1 0
335018 1 2 188 1 0
335145 0 6 188 1 0
335174 1 3 188 1 0
335181 1 4 188 1 0
539308 0 6 188 3 0
39322 1 3 189 2 0
178911 1 4 189 3 0
191863 0 6 189 1 0
285510 0 6 189 1 0
333877 1 3 189 3 0
334786 1 4 189 3 0
334832 1 3 189 1 0
335177 0 6 189 3 0
375454 0 6 189 4 0
423477 0 6 189 0 0
436371 1 3 189 3 0
479220 0 6 189 2 0
39314 0 6 190 1 0
97809 0 6 190 3 0
191782 0 6 190 1 0
192168 0 6 190 3 0
192628 1 4 190 1 0
192829 1 3 190 0 0
333635 1 3 190 4 1
333658 0 6 190 4 1
333665 0 6 190 4 0
333873 0 6 190 3 0
333904 1 3 190 3 0
334192 1 4 190 3 0
334285 1 4 190 1 0
334611 0 6 190 1 0
334687 0 6 190 2 0
335146 1 3 190 1 0
492303 1 3 190 3 0
191878 1 3 191 1 0
192434 1 2 191 1 0
193009 1 2 191 2 0
324110 1 3 191 3 0
333876 0 6 191 3 0
334523 0 6 191 1 0
334712 0 6 191 1 0
334787 1 2 191 3 0
335033 1 4 191 1 1
375984 1 2 191 3 0
552385 0 6 191 3 0
30194 0 6 192 2 0
38676 0 6 192 1 0
38974 1 2 192 1 0
39502 0 6 192 1 0
188325 1 2 192 3 0
191960 1 2 192 3 0
192094 0 6 192 1 0
192809 0 6 192 1 0
192836 1 4 192 1 0
220151 1 4 192 1 0
334030 1 2 192 1 0
334146 0 6 192 1 0
334723 1 3 192 1 0
480123 1 2 192 4 0
39315 0 6 193 1 0
39506 0 6 193 1 0
192095 1 2 193 1 0
252604 1 2 193 3 0
333777 0 6 193 1 0
333890 0 6 193 1 0
334524 1 3 193 1 0
334749 0 6 193 1 0
334785 0 6 193 2 1
334808 0 6 193 1 0
334961 0 6 193 1 0
335017 0 6 193 1 0
479374 1 4 193 4 0
37589 1 2 194 1 0
39517 0 6 194 1 0
192222 0 6 194 3 0
333593 0 6 194 4 0
333888 1 4 194 0 0
334525 0 6 194 3 0
38710 1 4 195 1 0
39316 0 6 195 1 0
39364 0 6 195 1 0
39509 0 6 195 3 0
192629 1 2 195 1 0
221121 1 2 195 1 0
333655 1 2 195 1 0
334031 0 6 195 1 0
334071 0 6 195 1 0
334510 1 3 195 4 1
334688 0 6 195 3 0
334714 0 6 195 3 0
375345 0 6 195 4 0
375978 1 3 195 4 0
416880 0 6 195 3 0
38690 1 3 196 1 0
38807 1 4 196 1 0
191957 0 6 196 1 0
192655 1 4 196 1 0
333776 0 6 196 1 0
334153 0 6 196 4 1
334520 0 6 196 3 0
334811 1 2 196 0 0
334937 1 5 196 1 0
334967 1 3 196 1 0
375419 0 6 196 3 0
385620 1 3 196 3 0
479371 1 4 196 3 0
38213 0 6 197 1 1
38515 0 6 197 1 0
38536 1 3 197 1 0
38976 1 4 197 2 0
39008 0 6 197 1 0
39313 0 6 197 0 0
191956 1 3 197 1 0
192810 1 3 197 3 0
333604 0 6 197 1 0
333796 0 6 197 1 1
333891 1 4 197 1 0
334066 1 3 197 1 0
334639 1 2 197 3 0
334713 1 3 197 1 0
416887 1 3 197 3 0
38428 0 6 198 1 0
38666 1 3 198 1 1
38709 1 4 198 1 0
38711 0 6 198 1 0
39345 1 4 198 1 0
39372 1 4 198 1 0
39507 0 6 198 1 0
60659 1 4 198 2 1
192625 0 6 198 1 0
220290 0 6 198 1 0
333675 1 4 198 1 0
334172 0 6 198 1 0
334231 0 6 198 1 0
334521 1 3 198 0 0
334662 1 4 198 4 0
334812 1 3 198 1 0
334814 1 3 198 3 0
335201 0 6 198 1 0
375735 1 5 198 2 0
375979 1 3 198 4 1
37828 0 6 199 1 0
37926 1 4 199 1 0
38160 1 4 199 1 0
38363 0 6 199 1 0
38560 1 3 199 1 0
38712 0 6 199 2 1
38858 0 6 199 1 0
39214 1 2 199 1 0
39317 0 6 199 2 0
39370 1 5 199 0 0
39428 0 6 199 1 0
39508 0 6 199 3 0
90063 0 6 199 3 0
192654 1 3 199 0 0
192661 0 6 199 4 0
333591 1 2 199 1 0
334715 1 4 199 3 0
415894 0 6 199 3 0
416885 0 6 199 1 0
38090 1 4 200 2 0
38678 0 6 200 1 1
39013 0 6 200 1 0
39015 0 6 200 3 0
39353 0 6 200 2 0
191958 0 6 200 1 0
333605 1 2 200 3 1
334027 0 6 200 1 0
334078 1 3 200 1 0
334230 1 3 200 0 0
334232 1 4 200 3 0
335182 1 4 200 1 0
416578 1 3 200 1 0
37656 1 2 201 1 0
38537 0 6 201 1 0
38665 1 3 201 0 0
38860 0 6 201 2 0
38953 0 6 201 1 0
39006 0 6 201 0 1
39007 0 6 201 1 0
39374 0 6 201 1 0
161719 0 6 201 3 0
192418 1 5 201 1 0
272464 1 3 201 3 1
333982 0 6 201 1 0
334021 0 6 201 1 0
334110 1 3 201 1 0
334403 1 5 201 1 0
334443 0 6 201 1 0
334683 0 6 201 1 0
416157 1 3 201 4 1
37485 1 4 202 1 0
37878 1 2 202 1 0
37976 1 2 202 1 0
37997 1 4 202 1 0
38566 1 4 202 0 0
38574 1 3 202 0 0
38605 0 6 202 1 0
38679 1 2 202 3 1
39115 0 6 202 1 0
39215 0 6 202 1 0
39371 1 3 202 1 0
39373 0 6 202 1 0
334314 0 6 202 1 0
334321 0 6 202 1 0
335160 0 6 202 4 1
416580 1 3 202 3 0
416975 0 6 202 3 0
22058 0 6 203 3 0
37924 0 6 203 1 0
37928 1 4 203 3 0
37977 1 3 203 2 0
38225 0 6 203 4 1
38362 0 6 203 1 0
38562 1 5 203 1 0
38706 0 6 203 4 1
38916 0 6 203 1 0
39012 1 3 203 1 0
39376 0 6 203 3 0
159122 1 3 203 3 0
333983 0 6 203 3 0
334080 0 6 203 2 0
334778 1 3 203 1 0
335116 1 4 203 1 0
335183 0 6 203 1 0
335185 0 6 203 3 0
37484 0 6 204 0 0
37925 0 6 204 1 0
38358 1 4 204 1 0
38715 1 4 204 3 0
39365 0 6 204 1 0
39375 1 3 204 3 0
271399 1 3 204 4 0
333957 1 3 204 1 0
334077 1 5 204 1 0
334404 1 3 204 1 0
335008 0 6 204 4 1
36579 1 4 205 3 0
37520 1 4 205 1 0
37566 0 6 205 1 0
37600 1 2 205 1 0
37813 1 4 205 1 0
37956 1 2 205 1 0
38049 0 6 205 1 0
38190 0 6 205 1 0
38349 1 3 205 1 0
38466 1 2 205 1 0
38552 1 4 205 0 0
38677 1 3 205 1 0
39119 1 3 205 1 0
39383 0 6 205 3 0
160254 1 4 205 4 1
333691 0 6 205 1 0
333954 0 6 205 1 0
334268 0 6 205 1 0
335190 1 3 205 1 0
416662 0 6 205 1 0
436851 0 6 205 3 0
37488 0 6 206 3 0
37812 0 6 206 1 0
37927 0 6 206 3 0
37988 1 2 206 1 1
38192 0 6 206 3 0
38305 0 6 206 1 0
38350 0 6 206 3 0
38359 0 6 206 3 0
38448 1 2 206 1 0
38460 1 2 206 1 1
39200 1 3 206 1 0
39242 1 3 206 1 0
333761 1 4 206 1 0
334113 0 6 206 3 0
334320 0 6 206 1 0
334563 1 4 206 1 0
334793 0 6 206 0 0
335109 1 2 206 1 0
416502 1 4 206 1 0
37486 0 6 207 1 0
37519 1 4 207 1 0
37633 1 3 207 1 0
37807 0 6 207 1 0
38458 1 3 207 0 0
38538 1 3 207 3 1
38561 1 4 207 1 0
38714 0 6 207 3 0
39014 1 4 207 3 0
39441 0 6 207 2 0
159682 1 4 207 2 0
319527 1 3 207 3 0
333685 1 2 207 1 0
333762 0 6 207 1 0
334079 0 6 207 1 0
334081 1 4 207 3 0
334198 1 3 207 1 0
334382 1 3 207 1 0
334866 1 3 207 1 0
335087 1 3 207 1 0
335110 1 2 207 3 0
335115 1 3 207 0 0
335117 0 6 207 3 0
335192 1 3 207 3 0
416503 0 6 207 1 0
416661 1 4 207 0 0
37565 1 2 208 1 0
37815 1 3 208 3 0
38365 0 6 208 3 1
38459 0 6 208 0 0
38465 0 6 208 1 0
38559 1 5 208 3 0
39098 1 4 208 4 0
39246 0 6 208 2 0
39434 0 6 208 2 0
239600 1 3 208 3 0
333960 0 6 208 3 0
334406 0 6 208 3 1
334413 1 3 208 0 0
334668 1 5 208 1 0
417128 1 3 208 1 0
38175 0 6 209 1 0
38306 0 6 209 3 0
38307 0 6 209 3 0
38467 1 2 209 3 0
38514 1 3 209 3 0
39122 1 3 209 3 0
39367 0 6 209 3 0
99595 0 6 209 2 0
333751 1 4 209 1 0
333760 0 6 209 0 0
334319 1 4 209 1 1
334454 0 6 209 1 0
334566 1 3 209 4 1
334796 0 6 209 1 1
335189 1 2 209 1 0
415901 0 6 209 1 0
416658 1 3 209 4 0
416660 0 6 209 0 0
416692 0 6 209 0 0
417163 0 6 209 1 0
37593 1 3 210 2 0
37788 0 6 210 1 0
38384 0 6 210 3 1
38387 1 2 210 4 0
38418 1 2 210 4 0
38463 1 4 210 1 0
38565 1 3 210 3 0
39167 0 6 210 3 0
39208 0 6 210 3 0
333684 0 6 210 0 0
334202 0 6 210 3 0
334407 1 4 210 1 0
335012 1 4 210 1 0
389769 1 3 210 3 0
416028 1 2 210 4 1
416504 0 6 210 1 0
37632 0 6 211 1 0
37634 0 6 211 2 0
37805 0 6 211 1 0
37808 1 3 211 3 1
37945 0 6 211 1 0
38166 1 3 211 1 0
38450 1 4 211 2 0
38563 0 6 211 1 0
39201 1 3 211 2 0
39243 0 6 211 2 0
54235 1 4 211 4 0
333583 1 3 211 1 0
333953 1 4 211 1 0
334084 0 6 211 0 0
334292 1 2 211 4 1
334384 0 6 211 2 0
334402 0 6 211 0 0
334412 1 2 211 0 0
334496 1 3 211 1 0
334555 0 6 211 1 0
334865 0 6 211 1 0
335086 0 6 211 1 0
335114 1 4 211 0 0
347024 0 6 211 3 0
357390 1 4 211 4 0
415793 0 6 211 4 0
415898 0 6 211 3 0
415900 1 3 211 1 0
415904 1 3 211 1 0
416042 1 3 211 1 0
416694 1 3 211 3 0
37789 1 4 212 3 1
37946 0 6 212 3 0
38830 0 6 212 1 1
39439 0 6 212 0 0
92930 1 4 212 3 0
333687 1 2 212 3 0
334580 0 6 212 1 0
334667 0 6 212 0 0
334692 0 6 212 1 0
415609 0 6 212 1 0
417153 1 3 212 1 0
539963 0 6 212 2 1
551385 0 6 212 3 0
37465 1 3 213 1 0
38744 1 4 213 0 0
38832 0 6 213 3 0
39123 1 2 213 3 0
39249 0 6 213 1 0
57329 0 6 213 3 0
271107 1 3 213 3 0
333864 0 6 213 1 0
333939 1 3 213 0 0
334411 1 4 213 3 1
334414 0 6 213 1 0
334431 1 4 213 1 0
334533 0 6 213 3 0
334548 1 4 213 3 0
334869 1 3 213 3 1
335014 0 6 213 1 1
415608 1 4 213 1 0
415651 1 5 213 1 0
416027 1 3 213 3 0
417137 0 6 213 4 1
417252 0 6 213 1 0
37636 0 6 214 3 0
38167 0 6 214 3 0
38336 0 6 214 4 0
38386 1 3 214 4 0
39002 0 6 214 2 0
39250 0 6 214 2 0
39253 1 3 214 3 0
39298 1 3 214 4 0
218465 0 6 214 2 0
271108 1 3 214 4 1
333651 0 6 214 3 0
334409 1 3 214 2 0
334426 1 4 214 2 1
335015 0 6 214 2 1
415652 0 6 214 3 1
415902 1 3 214 1 0
416388 1 3 214 4 0
37790 1 2 215 3 1
37890 0 6 215 1 0
37947 0 6 215 3 0
39390 0 6 215 1 0
334434 1 4 215 3 0
334547 1 5 215 3 0
334579 0 6 215 1 0
415611 0 6 215 3 0
415650 1 4 215 1 1
415903 0 6 215 1 0
415970 1 4 215 1 0
416389 1 3 215 4 0
416704 1 3 215 1 0
416856 0 6 215 1 0
417154 1 3 215 1 0
417165 1 4 215 1 0
417258 1 4 215 1 0
37901 1 4 216 1 0
37961 1 3 216 4 0
286307 1 4 216 3 1
333686 0 6 216 3 0
334083 1 5 216 0 0
334658 1 3 216 3 0
335084 0 6 216 0 0
361224 1 2 216 2 0
417019 0 6 216 3 0
526721 1 2 216 3 0
38783 0 6 217 0 0
39252 0 6 217 2 0
57334 0 6 217 3 0
75055 1 2 217 3 1
160338 0 6 217 3 0
333647 0 6 217 1 0
333649 0 6 217 1 0
333978 1 4 217 1 0
334575 1 4 217 1 0
334746 0 6 217 0 0
335022 0 6 217 2 0
379890 0 6 217 3 0
416703 1 4 217 1 0
417028 0 6 217 3 1
454320 0 6 217 3 0
39114 1 3 218 1 0
39210 1 3 218 4 1
219390 1 3 218 1 0
271847 1 2 218 3 0
333958 0 6 218 1 0
415973 1 4 218 4 0
37741 0 6 219 0 0
37779 0 6 219 1 0
37903 0 6 219 1 0
116399 1 4 219 3 0
333959 1 3 219 3 0
334350 1 4 219 1 0
415649 0 6 219 1 0
417136 0 6 219 4 0
417273 0 6 219 2 0
37781 0 6 220 3 0
38623 1 3 220 3 0
228615 0 6 220 3 0
335011 0 6 220 4 1
416807 0 6 220 1 0
37701 1 4 221 1 0
38342 1 4 221 0 0
57337 0 6 221 3 1
160344 1 3 221 1 0
271848 1 4 221 3 0
333984 0 6 221 3 0
416706 1 3 221 3 0
11857 1 3 222 3 0
37902 0 6 222 1 1
37906 1 4 222 3 0
219467 0 6 222 1 0
334040 0 6 222 1 0
38146 0 6 223 1 0
38340 1 2 223 3 1
38343 1 4 223 0 1
39019 0 6 223 1 0
39209 0 6 223 4 1
160337 0 6 223 0 0
228580 0 6 223 1 0
270761 1 3 223 4 0
37907 0 6 224 4 0
219468 0 6 224 1 0
222299 1 3 224 2 0
228384 0 6 224 1 0
334465 0 6 224 4 1
411997 0 6 224 3 0
37904 0 6 225 1 0
38312 0 6 225 2 1
38344 0 6 225 1 1
219075 0 6 225 1 0
228576 0 6 225 0 0
228702 1 3 225 1 0
254057 0 6 225 3 0
408470 0 6 225 3 0
37905 1 4 226 3 0
160336 1 3 226 0 1
228382 0 6 226 0 0
228704 0 6 226 1 0
229080 0 6 226 1 0
229577 1 3 226 1 0
254830 0 6 226 3 0
415969 0 6 226 1 0
38341 1 2 227 3 0
39239 1 4 227 1 0
228578 1 3 227 2 0
229591 1 3 227 1 0
270762 1 3 227 3 0
510842 0 6 227 3 0
218114 1 4 228 1 0
219079 0 6 228 3 0
219176 1 2 228 1 0
229992 1 4 228 1 0
228733 1 4 229 1 0
229576 1 4 229 1 0
248672 0 6 229 3 1
254055 0 6 229 1 0
38311 0 6 230 2 1
39459 0 6 230 1 0
218119 0 6 230 3 0
228385 0 6 230 2 0
228791 1 3 230 1 0
229580 1 2 230 3 0
229589 0 6 230 1 0
37896 0 6 231 1 0
39057 1 4 231 4 1
228968 0 6 231 1 0
229991 0 6 231 0 0
415971 1 4 231 3 0
37457 0 6 232 1 0
218118 1 4 232 3 0
228141 0 6 232 1 0
229176 1 3 232 1 0
228500 0 6 233 1 0
229266 0 6 233 1 0
248673 0 6 233 3 0
37899 0 6 234 3 1
39306 1 4 234 1 0
229178 0 6 234 3 1
229364 0 6 234 1 0
253759 0 6 234 1 0
254016 0 6 234 4 1
218117 0 6 235 2 0
229132 1 5 235 1 0
229264 1 3 235 1 0
38261 1 4 236 3 0
38494 0 6 236 1 0
229927 0 6 236 1 0
39319 0 6 237 1 0
98553 0 6 238 3 0
228078 1 3 238 1 0
254015 0 6 239 4 0
229900 1 3 240 1 0
228388 0 6 242 4 1
228888 0 6 242 1 0
229904 0 6 242 3 0
229926 1 4 242 0 0
226462 0 6 244 2 0
