23019 1 4 6 2 0
113273 0 6 6 4 0
163600 1 3 6 3 1
283621 1 4 6 3 0
347151 0 6 6 1 0
367797 1 4 6 1 0
390033 0 6 6 3 0
470145 0 6 6 3 0
471824 1 3 6 1 0
536439 0 6 6 3 0
470265 0 6 7 1 0
346111 0 6 8 1 0
390995 1 3 8 3 1
23018 0 6 9 1 0
284500 0 6 9 3 0
390032 1 3 9 3 0
471826 1 2 9 3 1
347062 0 6 10 1 0
367801 0 6 10 3 0
471823 1 4 10 1 0
509032 0 6 10 3 0
22971 1 4 11 1 0
347061 1 3 11 1 0
390992 0 6 11 1 1
421869 0 6 11 3 0
536435 0 6 11 4 1
346495 1 4 12 1 0
347344 0 6 12 1 0
390038 0 6 12 3 1
470728 0 6 12 1 0
471772 0 6 12 1 0
471822 0 6 12 0 0
22972 1 4 13 2 0
23044 0 6 13 1 0
322175 0 6 13 3 0
346494 0 6 13 1 0
347345 1 4 13 1 0
346497 0 6 14 3 0
347082 0 6 14 1 0
347935 1 4 14 1 0
470622 1 3 14 1 0
470729 1 3 14 1 1
471827 1 2 14 3 0
492267 1 4 14 3 0
346454 1 5 15 3 0
346460 0 6 15 1 0
347060 0 6 15 0 0
347348 0 6 15 1 0
348019 0 6 15 1 0
470571 1 3 15 1 0
346016 0 6 16 1 0
347201 1 4 16 1 0
347346 0 6 16 1 0
470195 0 6 16 1 0
203431 0 6 17 3 0
347332 0 6 17 1 0
347936 0 6 17 1 0
367747 0 6 17 3 0
410199 0 6 17 3 0
22943 1 4 18 1 0
23092 0 6 18 1 0
23122 0 6 18 4 0
345945 0 6 18 4 1
346170 1 3 18 1 0
347104 0 6 18 1 0
347131 1 3 18 1 1
347188 0 6 18 1 0
347349 0 6 18 2 0
348020 1 4 18 1 0
390469 1 4 18 2 0
471651 0 6 18 2 0
341840 0 6 19 3 0
346003 0 6 19 1 0
346379 0 6 19 1 0
346459 1 5 19 0 0
347342 1 3 19 3 0
470570 0 6 19 1 0
470712 1 4 19 2 0
470972 0 6 19 1 0
226993 0 6 20 3 0
346228 0 6 20 1 0
347189 0 6 20 1 0
347350 0 6 20 3 0
348016 0 6 20 1 0
23057 1 3 21 1 0
23543 1 4 21 1 0
346173 0 6 21 3 1
346231 0 6 21 3 0
347106 1 4 21 3 0
347143 0 6 21 1 0
347203 0 6 21 1 0
22893 0 6 22 1 0
22942 1 5 22 0 0
23400 0 6 22 1 0
23899 0 6 22 1 0
346172 1 4 22 1 0
346227 1 2 22 1 0
347150 1 4 22 1 0
347439 0 6 22 3 0
471853 1 4 22 1 0
24329 0 6 23 4 0
345912 0 6 23 1 0
346133 1 4 23 1 0
346595 1 4 23 4 1
347202 0 6 23 1 0
347432 0 6 23 1 0
347599 0 6 23 1 0
390470 0 6 23 3 0
470285 1 3 23 1 0
471903 1 4 23 1 0
23216 1 3 24 1 0
23515 0 6 24 1 0
23542 0 6 24 1 0
23624 0 6 24 1 0
23936 1 3 24 1 0
290270 0 6 24 2 0
346529 1 4 24 1 0
347142 1 4 24 0 0
470286 0 6 24 1 0
23055 0 6 25 1 1
23059 0 6 25 3 0
23416 0 6 25 1 0
23441 0 6 25 1 0
346030 0 6 25 1 0
346174 0 6 25 3 0
346461 1 4 25 1 0
346763 1 3 25 1 0
347731 1 3 25 1 0
23541 1 3 26 0 0
23901 1 3 26 2 0
346084 1 3 26 1 0
347347 1 4 26 1 0
465003 0 6 26 3 0
471691 1 3 26 4 1
22492 0 6 27 1 0
23051 1 2 27 1 0
23304 1 4 27 1 0
23308 1 4 27 1 0
23632 1 2 27 0 0
346169 1 4 27 1 0
346171 0 6 27 1 0
346509 1 4 27 4 1
346764 0 6 27 3 0
347431 0 6 27 1 1
470287 0 6 27 3 0
470420 0 6 27 1 0
471514 0 6 27 4 1
22892 1 2 28 1 0
23052 1 3 28 3 0
23302 0 6 28 0 0
24093 0 6 28 3 0
346086 0 6 28 3 0
347724 0 6 28 1 0
23487 0 6 29 1 0
23565 1 4 29 1 0
23629 0 6 29 1 0
24139 0 6 29 1 1
347591 1 2 29 1 0
347689 0 6 29 1 1
23893 1 4 30 1 0
346508 0 6 30 4 1
22711 0 6 31 1 0
22999 0 6 31 0 0
23050 0 6 31 1 0
23073 0 6 31 1 0
23197 0 6 31 1 0
23303 1 3 31 1 0
24233 1 2 31 3 0
347430 0 6 31 0 0
347691 1 2 31 2 0
347726 0 6 31 3 0
389710 0 6 31 3 1
23566 0 6 32 1 0
23569 0 6 32 3 0
23895 0 6 32 3 0
23950 0 6 32 1 0
24485 1 3 32 1 0
346061 0 6 32 1 0
347690 1 4 32 2 0
23048 1 5 33 1 0
23293 1 3 33 1 0
23567 1 4 33 1 0
31302 0 6 33 3 0
327574 1 3 33 3 0
347987 1 4 33 1 0
22690 1 2 34 1 0
23573 0 6 34 1 0
23628 0 6 34 1 0
24483 1 4 34 1 0
24674 0 6 34 4 1
347959 0 6 34 1 0
23295 1 4 35 3 0
24133 0 6 35 1 0
24376 0 6 35 4 0
24416 1 3 35 1 0
24436 1 4 35 1 0
23049 1 4 36 1 0
23246 1 4 36 1 1
23294 1 4 36 1 0
23571 0 6 36 1 0
24125 0 6 36 1 0
24499 0 6 36 3 0
24636 1 2 36 1 0
346770 1 4 36 1 0
347989 0 6 36 1 0
483620 1 3 36 3 1
22692 0 6 37 3 0
22760 1 2 37 3 0
23568 0 6 37 2 0
23572 1 4 37 1 0
23859 0 6 37 3 0
24466 1 4 37 1 0
24484 0 6 37 1 0
24640 0 6 37 3 0
248174 0 6 37 3 0
327572 1 3 37 0 0
327573 0 6 37 3 0
347986 1 3 37 1 0
380602 0 6 37 3 0
439051 1 4 37 2 0
23402 0 6 38 1 0
24464 1 4 38 1 0
24643 0 6 38 4 1
30578 1 2 38 4 0
31295 0 6 38 2 0
346024 0 6 38 1 1
346211 0 6 38 1 0
346682 0 6 38 1 0
347956 1 3 38 0 0
22531 0 6 39 4 1
22951 1 3 39 1 0
23245 1 4 39 0 0
23313 0 6 39 1 0
23658 1 4 39 1 0
24132 1 3 39 0 0
24188 1 3 39 4 1
24377 0 6 39 1 0
24417 0 6 39 1 1
24434 0 6 39 1 0
24487 1 3 39 3 1
24536 1 4 39 1 0
99548 0 6 39 2 0
326153 0 6 39 0 1
347958 0 6 39 1 0
23241 1 3 40 1 0
24135 0 6 40 2 0
24438 1 3 40 3 0
24635 1 4 40 0 0
30490 0 6 40 1 0
325827 0 6 40 0 0
346210 1 3 40 1 0
347988 1 2 40 1 0
23439 1 3 41 3 0
23684 0 6 41 3 0
24418 0 6 41 1 0
24467 0 6 41 1 0
24637 0 6 41 1 0
346582 0 6 41 1 0
439049 1 4 41 2 0
22413 0 6 42 1 1
22950 0 6 42 0 0
23113 0 6 42 1 0
23212 0 6 42 1 0
23224 1 4 42 1 0
23234 1 3 42 4 1
23401 1 4 42 1 0
23727 0 6 42 1 0
24130 0 6 42 4 0
24250 0 6 42 4 0
24255 0 6 42 1 0
24435 0 6 42 1 0
24639 0 6 42 1 0
30117 0 6 42 1 0
30797 0 6 42 3 0
64140 0 6 42 3 0
326152 1 3 42 0 0
346213 1 3 42 3 0
347990 1 3 42 3 0
16764 1 3 43 3 0
23240 0 6 43 1 0
23574 1 2 43 3 1
23637 0 6 43 1 0
24134 1 4 43 1 0
24632 1 4 43 4 0
326081 0 6 43 1 0
346025 1 3 43 1 0
346583 0 6 43 3 0
412069 0 6 43 3 1
22953 0 6 44 3 0
23231 1 3 44 1 0
23970 1 3 44 1 0
30075 0 6 44 3 0
346506 0 6 44 3 0
385657 0 6 44 2 0
22514 0 6 45 1 0
23660 0 6 45 1 0
29870 1 5 45 1 0
299914 0 6 45 3 0
348018 0 6 45 1 0
439050 1 3 45 2 0
22988 0 6 46 1 0
23280 1 3 46 1 0
23577 0 6 46 0 0
24303 1 3 46 1 0
24444 1 4 46 1 0
24493 0 6 46 1 0
24589 0 6 46 1 0
30813 1 4 46 1 0
346027 0 6 46 3 0
22493 1 2 47 1 0
22749 1 3 47 1 0
22923 1 5 47 1 0
24192 0 6 47 1 1
24257 1 4 47 3 0
412796 1 5 47 4 1
22656 1 3 48 1 0
22989 0 6 48 3 0
23469 1 3 48 1 0
23575 0 6 48 3 0
24496 1 3 48 2 0
30819 1 5 48 1 0
299912 1 3 48 1 0
23427 1 2 49 1 0
24320 0 6 49 1 1
24348 1 2 49 1 0
24448 0 6 49 3 0
30074 0 6 49 0 0
30106 1 4 49 3 0
30895 1 4 49 1 0
410735 0 6 49 3 0
22651 0 6 50 4 0
22655 0 6 50 1 0
23181 0 6 50 4 1
23426 1 2 50 1 0
23718 1 3 50 1 0
30814 1 3 50 1 0
22488 0 6 51 0 0
23557 1 2 51 4 1
23579 1 4 51 1 0
24319 0 6 51 1 0
24321 0 6 51 3 1
24495 1 3 51 2 0
24511 0 6 51 1 0
94403 1 3 51 3 0
22657 0 6 52 1 0
22660 1 2 52 3 0
23159 1 3 52 1 0
23429 1 4 52 3 0
23668 1 4 52 1 0
30846 0 6 52 1 0
428112 0 6 52 2 0
23366 1 3 53 1 0
23636 0 6 53 1 0
23954 0 6 53 1 0
24195 1 3 53 3 0
30897 1 4 53 3 0
22733 0 6 54 1 0
24043 1 3 54 1 0
24170 0 6 54 3 0
29903 1 2 54 0 0
351871 0 6 54 3 0
23287 0 6 55 3 0
23965 0 6 55 1 0
24494 0 6 55 1 0
24576 1 3 55 1 0
276140 1 3 55 2 0
22555 0 6 56 0 0
22706 1 2 56 4 1
23669 0 6 56 3 0
23872 1 4 56 1 0
24046 1 2 56 3 0
31113 0 6 56 3 0
428119 0 6 56 3 0
22987 0 6 57 1 0
23161 1 4 57 1 0
22714 0 6 58 1 0
22464 0 6 59 1 0
23365 0 6 59 0 0
23638 0 6 59 3 0
22903 1 2 60 1 0
24044 1 3 60 2 0
258472 0 6 60 3 0
23359 1 2 62 3 1
24300 1 2 62 1 0
24299 0 6 64 1 1
258471 0 6 64 2 0
22905 1 2 65 3 0
23178 1 4 65 1 0
23680 0 6 65 1 0
24364 0 6 65 1 0
489269 1 3 65 3 0
24301 0 6 67 1 0
24367 0 6 67 3 0
259111 0 6 67 2 1
409853 0 6 67 3 0
22523 1 3 68 1 0
108001 1 3 68 3 0
259258 0 6 68 3 0
24296 0 6 69 3 0
258888 1 3 69 1 0
22526 1 4 70 3 1
22732 1 2 71 1 0
23659 1 5 71 1 0
107337 1 3 71 2 0
122768 0 6 71 3 0
128474 1 3 71 2 1
23054 0 6 72 1 0
73830 0 6 72 3 0
389773 0 6 73 3 0
22737 0 6 74 3 0
22740 1 5 74 1 0
338866 0 6 74 3 1
23871 1 4 76 1 0
73957 1 3 76 3 0
22741 0 6 78 3 0
33475 1 5 82 1 1
32062 1 3 84 1 0
33256 1 2 84 1 0
32067 1 2 86 3 1
32791 1 4 86 1 0
33255 1 4 87 1 0
32065 0 6 91 1 0
32793 0 6 91 3 0
33258 0 6 91 3 0
