FluTE version: 1.15
Label: example-twodose
Population: seattle
Nodes used: Single processor version
beta: 0.318959
R0: 1.8
Random number generator seed: 1
Tracts: 124
Communities: 283
Families: 221813
People: 563484
Essential worker fraction: 0
Travel allowed: 0
School opening days: 0,0,0,0,0,0,0,0,0,0,0,0,0,0,0,0,0,0,0,0,0,0,0,0,0,0,0,0,0,0,0,0,0,0,0,0,0,0,0,0,0,0,0,0,0,0,0,0,0,0,0,0,0,0,0,0,
Seeded 10 infected people
Seeded (n/10000) at airports: 0
Seeded once
Pre-existing immunity level: 0
Pre-existing immunity fraction by age: 0,0,0,0,0,
Baseline VES by age: 0,0,0,0,0,
Prevaccination strategy: none
Reactive vaccination strategy: mass
Vaccine priorities : 1,1,1,1,1,1,1,1,1,1,1,1,1,
Response threshhold: 0
Response delay: -1
Ascertainment delay: 1
Ascertainment fraction: 0.8
Reactive strategies deployed on day: 0
School closure policy: bytractandage
School closure days: 3
Isolation: 1
Quarantine: 1
Liberal leave: 0
Antiviral policy: none
Vaccination fraction: 0.7
Vaccines initially available: 4294967295,
Vaccines deliverable per day: 4294967295
Antivirals available: 4294967295
Antivirals deliverable per day: 4294967295
Vaccines used: 789316,
Antivirals used: 0
VEs 0: 0.4
VEi 0: 0.4
VEp 0: 0.67
vaccine 0 doses/person: 2
vaccine 0 boost on day: 21
vaccine 0 restrictions (infants, pre-school age children, school age children, young adults, older adults, elderly, pregnant): 0,0,0,0,0,0,0
vaccine 0 efficacy buildup: 0 0 0.01 0.01 0.02 0.02 0.03 0.05 0.07 0.1 0.14 0.19 0.26 0.36 0.5 0.5 0.5 0.5 0.5 0.5 0.5 0.5 0.56 0.62 0.69 0.76 0.84 0.92 1
Relative vaccine efficacy by age: 1,1,1,1,1,
Needs boost by age and school: 0,0,0,0,0,0,0,0,
AVEs: 0.3
AVEp: 0.6
AVEi: 0.62
Cumulative vaccines used (daily) 0: 394658,394658,394658,394658,394658,394658,394658,394658,394658,394658,394658,394658,394658,394658,394658,394658,394658,394658,394658,394658,394658,789316,789316,789316,789316,789316,789316,789316,789316,789316,789316,789316,789316,789316,789316,789316,789316,789316,789316,789316,789316,789316,789316,789316,789316,789316,789316,789316,789316,789316,789316,789316,789316,789316,789316,789316,789316,789316,789316,789316,789316,789316,789316,789316,789316,789316,789316,789316,789316,789316,789316,789316,789316,789316,789316,789316,789316,789316,789316,789316,789316,789316,789316,789316,789316,789316,789316,789316,789316,789316,789316,789316,789316,789316,789316,789316,789316,789316,789316,789316,789316,789316,789316,789316,789316,789316,789316,789316,789316,789316,789316,789316,789316,789316,789316,789316,789316,789316,789316,789316,789316,789316,789316,789316,789316,789316,789316,789316,789316,789316,789316,789316,789316,789316,789316,789316,789316,789316,789316,789316,789316,789316,789316,789316,789316,789316,789316,789316,789316,789316,789316,789316,789316,789316,789316,789316,789316,789316,789316,789316,789316,789316,789316,789316,789316,789316,789316,789316,789316,789316,789316,789316,789316,789316,789316,789316,789316,789316,789316,789316,789316,789316,789316,789316,789316,789316,789316,789316,789316,789316,789316,789316,789316,789316,789316,789316,789316,789316,789316,789316,789316,789316,789316,789316,789316,789316,789316,789316,789316,789316,789316,789316,789316,789316,789316,789316,789316,789316,789316,789316,789316,789316,789316,789316,789316,789316,789316,789316,789316,789316,789316,789316,789316,789316,789316,789316,789316,789316,789316,789316,789316,789316,789316,789316,789316,789316,789316,789316,789316,789316,789316,789316,789316,789316,789316,789316,789316,789316,789316,789316,789316,789316,789316,789316,789316,789316,789316,789316,789316,789316,789316,789316,789316,789316,789316,789316,789316,789316,789316,789316,789316,789316,789316,789316,789316,789316,789316,789316,789316,789316,789316,789316,789316,789316,789316,789316,789316,789316,789316,789316,789316,789316,789316,789316,789316,789316,789316,789316,789316,789316,789316,789316,789316,789316,789316,789316,789316,789316,789316,789316,789316,789316,789316,789316,789316,789316,789316,789316,789316,789316,789316,789316,789316,789316,789316,789316,789316,789316,789316,789316,789316,789316,789316,789316,789316,789316,789316,789316,789316,789316,789316,789316,789316,789316,789316,789316,789316,789316,789316,789316,789316,789316,789316,789316,789316,
Number symptomatic (daily): 0,0,0,3,6,9,7,9,17,22,26,21,26,23,25,27,26,25,20,19,13,17,15,17,20,23,18,22,22,25,21,14,13,11,11,9,10,11,10,10,9,7,7,7,6,6,9,9,9,6,5,3,4,3,4,2,0,1,1,2,2,1,2,3,3,2,1,0,0,0,0,0,0,0,0,0,0,0,0,0,0,0,0,0,0,0,0,0,0,0,0,0,0,0,0,0,0,0,0,0,0,0,0,0,0,0,0,0,0,0,0,0,0,0,0,0,0,0,0,0,0,0,0,0,0,0,0,0,0,0,0,0,0,0,0,0,0,0,0,0,0,0,0,0,0,0,0,0,0,0,0,0,0,0,0,0,0,0,0,0,0,0,0,0,0,0,0,0,0,0,0,0,0,0,0,0,0,0,0,0,0,0,0,0,0,0,0,0,0,0,0,0,0,0,0,0,0,0,0,0,0,0,0,0,0,0,0,0,0,0,0,0,0,0,0,0,0,0,0,0,0,0,0,0,0,0,0,0,0,0,0,0,0,0,0,0,0,0,0,0,0,0,0,0,0,0,0,0,0,0,0,0,0,0,0,0,0,0,0,0,0,0,0,0,0,0,0,0,0,0,0,0,0,0,0,0,0,0,0,0,0,0,0,0,0,0,0,0,0,0,0,0,0,0,0,0,0,0,0,0,0,0,0,0,0,0,0,0,0,0,0,0,0,0,0,0,0,0,0,0,0,0,0,0,0,0,0,0,0,0,0,0,0,0,0,0,0,0,0,0,0,0,0,0,0,0,0,0,0,0,0,0,0,0,0,0,0,0,0,0,0,0,0,0,0,
Cumulative symptomatic (daily): 0,0,0,3,6,9,12,16,25,33,44,47,57,65,76,85,91,99,105,110,114,121,125,131,138,148,151,162,170,176,181,183,189,191,196,198,200,206,208,210,212,214,217,218,219,222,227,228,231,232,233,235,236,237,238,238,238,239,239,240,241,241,242,243,244,244,244,244,244,244,244,244,244,244,244,244,244,244,244,244,244,244,244,244,244,244,244,244,244,244,244,244,244,244,244,244,244,244,244,244,244,244,244,244,244,244,244,244,244,244,244,244,244,244,244,244,244,244,244,244,244,244,244,244,244,244,244,244,244,244,244,244,244,244,244,244,244,244,244,244,244,244,244,244,244,244,244,244,244,244,244,244,244,244,244,244,244,244,244,244,244,244,244,244,244,244,244,244,244,244,244,244,244,244,244,244,244,244,244,244,244,244,244,244,244,244,244,244,244,244,244,244,244,244,244,244,244,244,244,244,244,244,244,244,244,244,244,244,244,244,244,244,244,244,244,244,244,244,244,244,244,244,244,244,244,244,244,244,244,244,244,244,244,244,244,244,244,244,244,244,244,244,244,244,244,244,244,244,244,244,244,244,244,244,244,244,244,244,244,244,244,244,244,244,244,244,244,244,244,244,244,244,244,244,244,244,244,244,244,244,244,244,244,244,244,244,244,244,244,244,244,244,244,244,244,244,244,244,244,244,244,244,244,244,244,244,244,244,244,244,244,244,244,244,244,244,244,244,244,244,244,244,244,244,244,244,244,244,244,244,244,244,244,244,244,244,244,244,244,244,244,244,244,244,244,244,244,244,244,244,244,244,244,244,244,244,244,244,244,244,244,244,244,244,244,
Total symptomatic attack rates by age: 0.000324992,0.000984843,0.00012527,0.00030993,0.000275879,
Total symptomatic attack rate: 0.00043302
Total symptomatic individuals by age: 12,123,9,82,18,
Total symptomatic unvaccinated individuals by age: 6,47,7,45,6,
Total symptomatic vaccinated individuals by age (vaccine 0): 6,76,2,37,12,
Total unvaccinated individuals by age: 11102,37226,21599,79277,19622,
Total vaccinated individuals by age (vaccine 0): 25822,87667,50246,185299,45624,
Total individuals by age: 36924,124893,71845,264576,65246,
