229068 8
229069 8
538135 8
277950 13
516487 18
516488 18
516078 19
516245 20
517091 20
516334 22
515655 23
516485 23
516075 24
516282 25
516284 25
516287 25
516336 26
517049 26
515318 27
516334 27
516335 27
516998 27
517053 27
515694 28
515695 28
515697 28
515700 28
515906 28
516145 28
516146 28
516147 28
516148 28
516597 28
516915 28
516847 29
516848 29
517050 29
515204 30
515956 30
517134 30
517136 30
517138 30
517053 31
516912 32
40179 34
516603 34
517076 34
515693 36
516612 36
516848 36
517074 38
40181 39
488329 39
517266 39
517268 39
517068 40
515873 41
515876 41
64915 43
516210 45
515852 46
243861 47
516422 49
516423 49
516420 54
516421 54
516422 54
515647 56
517117 57
516321 63
23432 65
515657 67
515661 67
