229068 0 4 3 3
229069 0 4 3 3
538135 0 4 3 1
277950 0 9 3 4
516487 0 14 3 1
516488 0 14 3 1
516078 1 15 3 1
516245 0 16 3 1
517091 0 16 3 1
516334 0 18 3 1
516336 0 18 3 1
515655 0 19 3 1
516485 0 19 3 1
516075 0 20 3 1
516282 1 21 3 3
516284 1 21 3 3
516287 1 21 3 3
516334 0 22 4 2
516336 0 22 3 2
517049 0 22 3 1
515318 0 23 3 1
516335 0 23 3 3
516998 0 23 3 1
517053 0 23 3 1
515694 0 24 3 1
515695 0 24 3 1
515697 1 24 3 1
515700 1 24 3 1
515906 0 24 3 1
516145 0 24 3 1
516146 0 24 3 1
516147 0 24 3 1
516148 0 24 3 1
516597 0 24 3 3
516915 0 24 3 1
516847 1 25 3 1
516848 1 25 3 1
517050 0 25 3 1
515204 0 26 3 3
515956 0 26 3 1
517134 0 26 3 1
517136 0 26 3 1
517138 0 26 3 1
517053 0 27 3 3
516912 0 28 3 3
40179 0 30 3 3
516603 1 30 3 4
517076 1 30 3 1
515693 1 32 3 1
516612 0 32 3 0
516848 0 32 3 1
517074 0 34 3 1
40181 0 35 3 2
488329 0 35 3 3
517266 0 35 3 3
517268 0 35 3 3
517068 0 36 3 1
515873 0 37 3 1
515876 0 37 3 1
64915 0 39 3 3
516210 0 41 3 1
515852 0 42 3 1
243861 0 43 3 3
516422 1 45 3 1
516423 1 45 3 1
516420 0 50 3 3
516421 0 50 3 3
516422 0 50 3 3
515647 1 52 3 2
517117 0 53 3 1
516321 0 59 3 2
23432 0 61 3 3
515657 0 63 3 1
515661 0 63 3 1
