100587 9
216162 10
214709 11
214711 11
213064 14
213065 14
213067 14
213068 14
213070 14
317599 14
317601 14
214711 15
214714 15
49031 16
214851 16
214852 16
213682 17
213683 17
213686 17
214719 17
214722 17
215659 18
193459 19
214497 19
215311 20
301345 20
318143 20
318146 20
49871 21
49872 21
259934 21
215529 22
215530 22
215531 22
215503 24
215364 25
215368 25
214938 27
214895 29
214896 29
214898 29
214532 30
214680 32
214681 32
215591 33
215477 34
215768 34
216139 34
215479 36
214676 37
216137 37
214675 38
214608 45
214673 45
214677 45
214678 45
214679 45
537369 46
214912 47
214913 47
214674 52
215028 52
214678 53
214679 53
215897 53
216135 53
216099 54
215895 55
215900 55
215968 58
215300 62
215301 62
215486 62
215489 62
348683 62
215895 66
215899 66
64468 71
64466 73
215005 74
215008 74
