317568 2 1 3 0
88376 3 2 3 0
194574 3 2 3 0
202348 3 2 1 0
299738 3 2 3 1
74202 4 3 3 0
201804 4 2 1 0
93453 7 3 1 0
94257 8 3 1 0
201795 8 3 4 0
414879 8 4 3 1
94652 9 4 1 0
93128 10 3 1 0
46167 11 2 2 0
93455 11 2 3 0
286005 11 2 2 0
413400 11 2 4 0
285744 14 3 4 0
350948 15 3 4 0
285740 17 2 1 0
302495 19 3 2 0
286122 20 3 1 0
285155 21 4 1 0
285540 21 3 1 0
284753 22 1 1 0
285156 22 2 1 0
285225 22 3 1 0
285102 23 3 1 0
285895 23 3 4 0
286104 23 2 1 0
302493 23 2 1 0
302496 23 3 3 1
350708 23 4 3 0
285027 25 3 1 0
285351 25 3 1 0
285466 25 2 1 0
285728 25 2 3 0
285928 25 2 1 0
286133 25 2 3 1
284878 26 3 2 0
285227 26 3 3 1
285580 26 3 1 0
285833 26 2 0 0
286176 26 3 3 0
284985 27 4 2 0
285023 27 2 1 0
285493 27 2 1 0
285604 27 3 1 0
285710 27 2 0 0
286107 27 3 3 0
284751 28 3 0 0
285277 28 2 1 0
285278 28 3 1 0
285716 28 4 1 0
285849 28 2 4 1
291789 28 1 1 0
161167 29 3 3 0
282623 29 3 3 0
284752 29 3 1 0
285528 29 2 1 0
76037 30 3 3 0
284974 30 2 4 0
285030 30 4 3 0
285352 31 3 1 0
285274 32 3 1 0
285583 32 4 3 0
285847 32 2 3 0
284750 33 3 4 0
284756 33 3 3 0
285557 33 3 1 0
285646 33 4 1 0
286030 33 2 4 0
284824 34 4 1 0
285206 34 3 1 0
111007 35 3 3 0
285228 35 3 1 0
285339 36 4 4 1
284637 37 3 1 0
284902 37 2 1 0
284901 38 2 3 1
285657 38 1 1 0
197015 39 3 3 0
284692 39 2 1 0
284699 39 3 1 0
429195 39 3 3 0
113422 40 3 3 0
284904 40 2 1 0
285659 40 2 3 0
284640 42 2 3 1
285209 42 3 3 1
285541 42 2 1 0
111005 43 2 1 0
292132 43 4 2 0
111346 44 2 3 0
284860 45 2 1 0
285799 45 3 4 0
285764 46 3 1 0
363207 46 2 3 0
398028 46 3 3 0
285051 47 3 4 0
284089 48 3 3 0
285964 48 2 3 0
313882 57 3 3 0
285820 60 2 4 1
314489 60 3 3 0
32724 61 3 3 0
314488 65 3 3 0
