233713 1 3 3 3
216161 0 4 5 1
318361 1 4 2 1
214792 1 4 2 1
18354 1 4 2 3
216160 0 4 3 1
233712 1 4 3 3
215985 0 5 13 4
100586 1 5 1 1
49054 1 5 1 3
49053 0 5 3 3
100587 0 5 3 1
216162 0 6 3 1
216163 0 6 3 1
216164 0 6 3 1
214710 1 7 2 1
214709 0 7 3 1
214712 0 7 3 1
214713 0 7 3 1
214714 0 7 3 1
216092 1 8 3 1
215650 1 8 3 1
317599 1 8 2 1
215355 1 8 1 1
215356 0 8 3 1
215357 0 8 3 1
215358 0 8 3 1
215414 1 9 3 1
215867 1 10 3 1
318031 1 10 2 1
317942 1 10 2 1
215416 1 10 3 1
215868 0 10 3 1
215869 0 10 3 1
318032 0 10 3 1
318033 0 10 3 1
318860 1 11 3 1
216094 1 11 3 3
215318 1 11 2 1
215319 0 11 3 1
215723 1 12 1 3
215720 0 12 3 3
215722 0 12 3 3
216092 1 12 3 3
216093 1 12 3 3
318859 1 12 3 1
318861 1 12 3 1
318862 1 12 3 1
318864 1 12 3 1
316963 1 13 3 1
318762 1 14 3 1
316966 1 14 3 1
316967 1 14 3 1
316968 1 14 3 1
215868 1 15 3 1
317671 1 15 2 4
215867 0 15 3 1
215869 0 15 3 1
317225 1 17 2 3
317223 0 17 3 3
317224 0 17 3 3
318729 1 18 3 3
317692 1 20 2 1
317690 0 20 3 1
317693 0 20 3 1
317695 0 20 3 1
487388 1 21 4 2
525704 1 21 3 3
317324 1 21 3 1
317185 1 21 2 1
317184 0 21 3 1
317188 0 21 3 1
317483 1 22 4 1
317994 1 22 3 2
317186 1 22 3 1
386107 1 22 2 1
202309 1 22 1 3
202310 0 22 3 3
317995 0 22 3 2
317900 1 23 4 1
318421 1 23 3 1
317745 1 23 3 1
317325 1 23 2 1
317257 1 23 2 1
317013 1 23 1 1
317014 0 23 3 1
317015 0 23 3 1
317185 1 23 3 1
317187 1 23 3 1
317255 0 23 3 1
317259 0 23 3 1
317323 0 23 3 1
317327 0 23 3 1
317482 1 23 3 1
317485 1 23 3 1
525703 1 24 3 1
317919 1 24 3 1
317378 1 24 3 1
317296 1 24 2 1
317022 1 24 2 3
185696 1 24 1 3
185692 0 24 3 3
185695 0 24 3 3
317297 0 24 3 1
317299 0 24 3 1
317300 0 24 3 1
317747 1 24 3 1
317748 1 24 3 1
317899 1 24 3 1
318459 1 25 4 3
55158 1 25 3 3
386111 1 25 2 3
318769 1 25 2 1
55156 0 25 3 3
55157 0 25 3 3
317920 1 25 3 1
317921 1 25 3 1
525705 1 25 3 1
317758 1 26 2 3
317757 0 26 3 3
317759 0 26 4 3
318456 1 26 3 3
318460 1 26 3 3
317115 1 27 3 1
146524 1 27 3 2
62165 0 27 4 3
318087 1 27 2 1
316985 1 27 2 1
202310 1 27 2 3
62164 0 27 3 3
146522 0 27 3 2
146523 0 27 3 2
146525 0 27 3 2
146526 0 27 3 2
202309 0 27 3 3
316983 0 27 3 1
316984 0 27 3 1
317017 1 28 4 1
62166 1 28 3 3
318375 1 28 2 1
316920 1 28 2 3
316922 0 28 3 3
317114 1 28 3 1
318088 1 28 3 1
386186 1 29 2 3
385912 1 29 2 4
318418 1 29 2 1
317606 1 29 2 1
317985 1 29 1 0
317770 1 29 1 1
317771 0 29 3 1
317989 0 29 3 0
318420 0 29 4 1
318421 0 29 4 1
318422 0 29 4 1
385913 0 29 3 4
427239 1 30 2 3
318325 1 30 2 1
210778 1 30 1 2
210776 0 30 3 2
210777 0 30 3 2
317607 1 30 3 1
317608 1 30 3 1
318326 0 30 3 1
318327 0 30 3 1
318419 0 30 3 1
305809 1 31 4 0
371322 1 31 2 3
318699 0 32 5 2
305808 1 32 3 0
305810 1 32 3 0
305811 1 32 3 0
318328 0 32 3 1
318700 0 32 5 1
318701 0 32 3 1
318703 0 32 3 1
319009 1 33 3 1
317986 1 33 2 1
317985 0 33 3 1
317989 0 33 3 1
318749 1 34 2 1
317492 1 35 2 3
317490 0 35 3 3
317491 0 35 3 3
317416 1 36 4 1
318304 0 36 5 1
317144 1 36 2 3
408541 1 36 1 3
318303 1 36 1 1
317142 0 36 3 3
317145 0 36 3 3
318302 0 36 3 1
386356 1 37 3 2
319010 1 37 2 2
256042 1 37 2 3
305808 1 37 1 0
305809 0 37 3 0
317415 1 37 3 1
317419 1 37 3 1
386355 0 37 3 2
317200 1 39 2 0
317201 0 39 3 0
317203 0 39 3 0
317204 0 39 3 0
317205 0 39 3 0
16764 1 40 3 3
16762 0 40 3 3
318240 1 41 2 0
318243 0 41 3 0
191275 1 43 3 4
317530 1 44 4 1
318684 1 44 3 1
317379 1 44 2 1
256036 1 44 1 3
256032 0 44 3 3
256033 0 44 3 3
256034 0 44 3 3
256035 0 44 3 3
317378 0 44 3 1
317380 0 44 3 1
318683 0 44 3 1
318685 0 44 3 1
256034 1 47 3 1
189964 1 47 2 4
189959 1 51 2 4
191635 1 52 3 4
318687 0 44 3 1
