313061 0 2 18 4
451137 1 2 4 1
376202 1 2 4 2
376203 1 3 3 2
451136 1 3 3 1
451139 1 3 3 1
387689 1 4 2 4
114826 1 4 2 0
49186 1 5 1 3
49183 0 5 3 3
49185 0 5 3 3
114829 1 5 3 0
376203 1 6 2 2
289476 1 10 3 1
289477 1 11 3 1
289479 1 11 3 1
289480 1 11 3 1
288513 1 13 3 1
288514 0 13 3 1
288760 1 16 1 1
288759 0 16 3 1
288761 0 16 3 1
289477 1 17 2 1
289105 1 17 2 4
288732 1 17 2 1
288731 0 17 3 1
288733 0 17 3 1
289104 0 17 3 4
289376 0 19 6 3
289436 1 20 3 1
288735 1 20 2 1
288734 0 20 3 1
288737 0 20 3 1
289377 1 20 5 1
289437 0 20 3 1
289438 0 20 3 1
288731 1 21 2 0
288444 1 21 2 1
289379 1 22 3 3
288793 1 22 1 1
288792 0 22 3 1
289378 0 22 3 3
289636 1 24 2 1
288545 1 24 2 1
288546 0 24 3 1
289635 0 24 3 1
289637 0 24 3 1
289438 1 25 3 3
289896 1 25 2 1
288456 1 25 2 1
289538 1 25 1 1
288281 1 25 1 1
288455 0 25 3 1
288457 0 25 3 1
288459 0 25 3 1
289436 0 25 3 3
289537 0 25 4 1
289540 0 25 5 1
289542 0 25 3 1
289897 0 25 3 1
289898 0 25 3 1
289899 0 25 3 1
289377 1 26 2 3
288792 1 26 2 1
288794 0 26 3 1
289445 1 27 2 3
288280 1 27 1 0
288281 0 27 3 0
288282 0 27 3 0
288283 0 27 3 0
288285 0 27 3 0
289539 1 27 5 0
289541 1 27 3 0
289214 1 28 2 1
289215 0 28 3 1
289659 1 29 2 1
289538 0 29 3 3
289542 0 29 3 3
289657 0 29 3 1
289661 0 29 4 1
289130 1 30 2 1
288284 1 30 2 3
288280 0 30 5 3
288281 0 30 5 3
288283 0 30 3 3
288285 0 30 3 3
166844 1 31 2 3
290132 1 32 2 1
166843 1 32 3 3
288282 0 32 3 3
288284 0 32 3 3
290134 0 32 3 1
365712 1 33 3 3
289465 1 33 1 1
289464 0 33 3 1
289466 0 33 3 1
289467 0 33 3 1
365713 0 33 3 3
289398 1 38 1 1
289399 0 38 3 1
289176 1 39 3 1
289175 1 40 3 1
289177 1 40 3 1
289400 1 41 3 3
289397 0 41 3 3
289398 0 41 3 3
289399 0 41 3 3
382560 1 43 1 3
289434 1 45 2 3
289433 0 45 3 3
289435 0 45 5 3
