274809 7
274811 7
215739 8
319751 8
530502 8
213986 11
94174 13
94179 13
297372 16
293144 17
293148 17
292171 19
291477 20
291478 20
292177 20
293150 20
292170 23
290789 25
290790 25
292721 27
292722 27
290456 28
290459 28
290709 29
290711 29
290713 29
292044 29
292045 29
292047 29
292439 29
290457 31
292185 31
292419 31
293068 31
290387 32
291003 32
290451 33
291459 33
293020 33
292190 35
292197 35
292198 35
291209 36
291654 36
292952 36
292953 36
293010 36
293011 36
293013 36
293015 36
291004 37
291120 37
397827 37
290577 38
290995 38
291759 38
290624 40
290997 40
290999 40
291000 40
291205 40
291206 40
291209 40
290797 41
292949 41
293015 41
291250 42
291118 43
291119 43
292412 43
290878 44
290880 44
290881 44
292246 44
290794 45
290795 45
290799 45
290818 45
291040 45
291041 45
16201 46
290531 46
291504 46
291788 46
291791 46
440674 46
292334 47
219962 48
292777 48
292778 48
400159 48
400160 48
400163 48
111630 49
111631 49
206992 49
290571 49
290819 49
292473 49
95329 50
95330 50
111807 50
291039 50
292582 50
515512 50
111632 51
290878 51
290879 51
290880 51
290883 51
290911 51
290913 51
291825 51
291827 51
292745 51
292825 51
309625 51
290320 52
290482 52
290485 52
516504 52
516507 52
112986 53
112989 53
112990 53
293079 53
293131 53
515514 53
515516 53
515797 53
95332 54
290378 54
291861 54
291863 54
292002 54
292004 54
292980 54
327872 54
468287 54
220759 55
291111 55
308183 55
443031 56
515792 56
515794 56
515796 56
293132 57
293209 57
308892 57
308893 57
308895 57
219778 58
292827 58
292828 58
504146 58
291487 60
308895 61
308897 61
220430 62
220432 62
292430 62
219783 64
32139 66
426844 66
291131 67
291132 67
291134 67
291144 67
308895 67
426847 67
426849 67
293210 68
461128 70
461130 70
461131 70
291256 71
291258 71
426845 71
426846 71
516236 71
427764 72
427766 72
427767 72
427768 72
426811 73
309346 75
459124 75
459342 75
517058 75
517059 75
291258 76
291259 76
427209 76
427211 76
427637 76
427639 76
460950 76
460437 77
460439 77
426187 78
426188 78
426189 78
459897 78
459900 78
459902 78
460949 78
426922 79
426926 79
309069 80
460279 80
427361 81
427052 82
472245 82
459193 83
459906 83
459908 83
426187 84
426910 84
427364 84
309066 85
517018 85
427050 86
427053 86
517009 86
425987 87
425988 87
425990 87
425991 87
427125 87
427319 87
427373 87
427375 87
427376 87
460202 87
516955 87
516957 87
309193 88
427124 89
516954 89
307630 90
307633 90
426927 90
426932 90
427801 90
460655 90
460657 90
516695 90
517011 90
517012 90
517134 90
307281 91
309380 91
427076 91
459949 91
515836 91
515837 91
516409 91
426650 92
426651 92
427127 92
459203 92
460192 92
460193 92
460194 92
460195 92
460197 92
515504 92
515506 92
307749 93
308573 93
426870 93
426872 93
469656 93
499239 93
499240 93
515832 93
515833 93
515834 93
275111 94
275112 94
459950 94
459951 94
516332 94
516407 94
517135 94
517136 94
308473 95
308474 95
308475 95
308476 95
427184 95
427611 95
516528 95
516530 95
275172 96
308286 96
426645 96
426647 96
426926 96
426944 96
426945 96
515531 96
515532 96
517104 96
426178 97
171014 98
171015 98
395003 98
395005 98
427129 98
427131 98
427132 98
468601 98
190393 99
427165 99
459874 99
459875 99
495953 99
515782 99
516007 99
516008 99
516009 99
516012 99
516125 99
274510 100
283729 100
309141 100
460793 100
515520 100
515523 100
516993 100
52862 101
274760 101
275325 101
275517 101
298716 101
298718 101
309444 101
309446 101
460794 101
495952 101
515301 101
515708 101
515779 101
515781 101
516010 101
517239 101
557327 101
274509 102
459956 102
460964 102
460965 102
460966 102
461083 102
309370 103
309371 103
427039 103
516124 103
516126 103
131820 104
459416 104
459417 104
459421 104
460660 104
516007 105
516008 105
516009 105
516540 105
516541 105
274993 106
274997 106
274999 106
359800 106
359803 106
425883 106
425888 106
472882 106
472883 106
515710 106
516228 106
516229 106
425889 107
459415 107
259522 108
259526 108
426177 108
459463 108
459464 108
460577 108
515705 108
515706 108
516511 108
516513 108
131820 109
426109 109
426111 109
426112 109
459225 109
495952 109
515704 109
31511 110
460660 110
517141 110
259183 111
516501 111
275484 112
275893 112
426462 112
426463 112
460926 112
460927 112
460928 112
515737 112
166226 113
170888 113
259522 113
259524 113
259526 113
426495 113
516509 113
516512 113
426496 114
426542 114
426544 114
426545 114
426783 114
426785 114
164763 115
274363 115
460575 115
460842 115
460847 115
460917 115
460918 115
275214 116
275215 116
170889 117
188124 117
259180 117
259181 117
259182 117
427030 117
235550 118
274663 118
274664 118
275246 118
275247 118
426463 118
427027 118
427271 118
170890 119
170891 119
170892 119
170910 120
234722 120
274326 120
275125 120
426360 120
426460 120
426461 120
427019 120
427020 120
91983 121
91987 121
276058 121
288494 121
427276 121
427277 121
460843 122
460846 122
460847 122
170885 123
275243 123
275557 123
275560 123
274327 124
274331 124
426359 125
459856 125
459858 125
460392 125
515057 125
275123 126
275432 126
275433 126
426918 126
275034 127
275037 127
459477 127
275091 128
275092 128
275379 128
275380 128
426919 128
275316 130
170622 131
274808 132
274810 132
275314 132
275813 132
13037 133
13038 133
234726 133
275404 133
275407 133
275408 133
275183 134
275184 134
275511 134
416133 134
14293 135
15208 135
80103 135
80105 135
274716 135
275453 135
460341 135
460342 135
460991 135
460993 135
460994 135
170704 136
14864 138
80104 138
274905 138
275447 138
274960 139
14564 140
14565 140
14569 140
274692 140
275296 140
274466 142
274990 142
274991 142
275966 142
187529 143
187530 143
275280 143
275411 143
275483 143
275485 143
275486 143
14059 144
14060 144
14063 144
14945 144
274645 144
274646 144
275408 144
275585 144
13929 145
187427 145
275097 145
275701 145
275703 145
12880 146
189265 146
275192 146
275194 146
275195 146
275461 146
277535 146
13144 147
13145 147
13147 147
15352 147
188323 147
275560 147
276027 147
15355 148
275342 148
275343 148
275693 148
187436 149
187863 149
275092 149
275093 149
275094 149
275649 149
275651 149
14567 150
14569 150
187862 150
187866 150
188963 150
188964 150
188966 150
275699 150
275701 150
275703 150
276010 150
238607 151
274691 151
187840 152
302308 152
15141 154
239783 154
275710 154
429585 154
274678 155
274679 155
14125 156
275135 157
275136 157
186123 158
186124 158
186125 158
307507 158
14705 159
15022 159
91702 159
238604 159
274411 159
13872 160
103136 160
368729 161
368730 161
13205 162
12877 163
12881 163
14784 163
14785 163
14786 163
14788 163
13202 165
13927 165
13928 165
13929 165
13259 166
13017 167
12897 168
276065 168
14108 169
15106 170
15107 170
15110 170
528297 172
13821 174
14205 174
13822 178
14254 179
403847 180
12928 187
403848 188
14110 191
14113 191
14114 191
15048 191
403846 191
403850 191
404504 194
404505 194
13806 204
14751 204
14940 205
13604 208
13605 208
