274808 1 3 3 0
274809 0 3 3 0
274811 0 3 3 0
530501 1 4 2 0
319748 1 4 2 0
215741 1 4 2 3
215739 0 4 3 3
319751 0 4 3 0
530502 0 4 3 0
297372 1 6 3 3
293775 1 6 2 3
272401 1 7 2 3
213986 0 7 3 2
94177 1 9 2 1
94174 0 9 3 1
94179 0 9 3 1
292549 1 10 1 3
297371 1 12 3 3
94178 1 12 3 3
297372 0 12 3 3
293146 1 13 3 1
293144 0 13 3 1
293148 0 13 3 1
293149 1 15 4 0
291476 1 15 4 1
292170 1 15 2 1
292171 0 15 3 1
292180 1 16 3 3
292045 1 16 3 1
291477 1 16 3 1
291478 1 16 3 1
292177 0 16 3 3
293150 1 16 3 0
292172 1 19 2 1
292170 0 19 3 1
290788 1 21 1 1
290789 0 21 3 1
290790 0 21 3 1
292719 1 22 2 1
292720 1 23 3 1
292044 1 23 2 1
292721 0 23 3 1
292722 0 23 3 1
292441 0 24 13 3
292046 1 24 3 3
290457 1 24 3 1
290456 0 24 3 1
290459 0 24 3 1
290710 1 25 1 1
290709 0 25 3 1
290711 0 25 3 1
290713 0 25 3 1
292044 1 25 3 3
292045 1 25 3 3
292047 1 25 3 3
292439 1 25 3 3
292440 1 26 2 1
291143 1 26 2 1
293067 1 27 2 1
292416 1 27 2 1
292184 1 27 2 1
290459 1 27 1 3
290457 0 27 3 3
292185 0 27 3 1
292419 0 27 3 1
293068 0 27 3 1
290389 1 28 3 3
291005 1 28 2 3
292769 1 28 1 3
290387 0 28 3 3
291003 0 28 3 3
292448 1 29 2 2
291457 1 29 2 1
293019 1 29 1 1
290449 1 29 1 1
290451 0 29 3 1
291459 0 29 3 1
293020 0 29 3 1
291091 1 30 2 1
292951 1 31 3 1
291002 1 31 3 1
290891 1 31 3 3
292447 1 31 2 2
292196 1 31 2 1
292188 1 31 2 1
292187 1 31 2 4
290492 1 31 1 1
292190 0 31 3 1
292197 0 31 3 1
292198 0 31 3 1
291652 1 32 3 1
293012 1 32 2 1
291206 1 32 1 1
291209 0 32 3 1
291654 0 32 3 1
292952 1 32 3 1
292953 1 32 3 1
293010 0 32 3 1
293011 0 32 3 1
293013 0 32 3 1
293015 0 32 3 1
291117 1 33 3 1
397826 1 33 2 3
291003 1 33 2 2
290298 1 33 2 1
290297 1 33 1 1
287790 1 33 1 3
291004 0 33 3 2
291120 0 33 3 1
397827 0 33 3 3
387207 1 34 3 3
290884 1 34 3 1
291747 1 34 2 4
291207 1 34 2 1
290998 1 34 2 3
290810 1 34 2 3
290578 1 34 1 1
290577 0 34 3 1
290995 0 34 3 3
291000 0 34 5 3
291759 0 34 3 2
291301 1 35 3 1
292954 1 35 2 3
292249 1 35 2 1
293011 1 36 3 1
291210 1 36 2 3
290623 1 36 1 1
290624 0 36 3 1
290997 0 36 3 1
290999 0 36 3 1
291205 0 36 3 3
291206 0 36 3 3
291209 0 36 3 3
290794 1 37 3 1
292294 1 37 2 4
291456 1 37 2 0
290755 1 37 2 1
292946 1 37 1 1
290797 0 37 3 1
292949 0 37 3 1
293015 1 37 3 1
291248 1 38 2 1
291250 0 38 3 1
292410 1 39 3 1
495663 1 39 2 2
290886 1 39 2 1
291631 1 39 1 1
291120 1 39 1 3
291118 0 39 3 3
291119 0 39 3 3
292412 0 39 3 1
292245 1 40 3 3
290797 1 40 3 1
292591 1 40 2 1
291343 1 40 2 1
292970 1 40 1 3
292243 1 40 1 1
291965 1 40 1 1
291789 1 40 1 1
290883 1 40 1 3
290878 0 40 3 3
290880 0 40 3 3
290881 0 40 3 3
292246 0 40 3 3
292969 1 41 3 3
291039 1 41 3 1
290817 1 41 3 1
290453 1 41 2 1
290794 1 41 3 1
290795 1 41 3 1
290799 1 41 3 1
290818 0 41 3 1
291040 0 41 3 1
291041 0 41 3 1
290530 1 42 3 2
111632 1 42 3 3
16204 1 42 3 3
291503 1 42 2 1
290836 1 42 2 1
440673 1 42 1 2
291790 1 42 1 2
16201 0 42 4 3
290531 0 42 3 2
291504 0 42 3 1
291788 0 42 3 2
291791 0 42 3 2
440674 0 42 3 2
309623 1 43 3 2
292984 1 43 3 1
466533 1 43 2 3
292649 1 43 2 1
292336 1 43 2 3
290802 1 43 2 1
292334 0 43 3 3
327871 1 44 4 3
111629 1 44 4 1
16556 1 44 3 3
534821 1 44 2 3
292937 1 44 2 2
292776 1 44 2 1
400162 1 44 1 3
291038 1 44 1 1
290727 1 44 1 3
219961 1 44 1 3
219962 0 44 3 3
292777 0 44 3 1
292778 0 44 3 1
400159 0 44 3 3
400160 0 44 3 3
400163 0 44 3 3
448629 1 45 3 3
155021 1 45 3 3
292471 1 45 2 1
290569 1 45 2 1
290464 1 45 2 3
206994 1 45 2 3
111630 1 45 3 1
111631 1 45 4 1
206992 0 45 3 3
290571 0 45 3 1
290819 0 45 3 2
292473 0 45 3 1
291835 1 46 3 2
290405 1 46 3 1
95332 1 46 3 4
292580 1 46 2 1
111808 1 46 2 2
515516 1 46 1 3
95329 0 46 3 4
95330 0 46 3 4
111807 0 46 3 2
291039 0 46 3 3
292582 0 46 3 1
515512 0 46 3 3
516505 1 47 4 1
292826 1 47 3 1
291824 1 47 3 1
292613 1 47 2 1
293075 1 47 1 1
293026 1 47 1 1
290881 1 47 1 2
220276 1 47 1 1
16203 1 47 1 3
111632 1 47 3 3
290878 0 47 3 2
290879 0 47 3 2
290880 0 47 3 2
290883 0 47 3 2
290911 0 47 3 3
290913 0 47 3 3
291825 0 47 3 1
291827 0 47 3 1
292745 0 47 3 4
292825 0 47 3 1
309625 0 47 3 3
515798 0 48 13 3
220888 1 48 3 1
516173 1 48 2 4
515794 1 48 2 1
347940 1 48 2 4
292953 1 48 2 1
292068 1 48 2 1
290483 1 48 2 1
290318 1 48 2 1
221336 1 48 2 1
290320 0 48 3 1
290482 0 48 3 1
290485 0 48 3 1
516504 1 48 3 1
516507 1 48 3 1
291595 1 49 3 1
290377 1 49 3 1
293080 1 49 2 1
291860 1 49 2 1
291439 1 49 2 4
290728 1 49 2 3
515515 1 49 1 3
112986 0 49 3 2
112989 0 49 3 2
112990 0 49 3 2
293079 0 49 3 1
293131 0 49 3 2
515514 0 49 3 3
515516 0 49 3 3
515796 1 49 3 1
515797 1 49 3 1
515792 1 49 3 3
516270 1 50 3 1
220758 1 50 3 1
95330 1 50 3 3
468285 1 50 2 2
327870 1 50 2 0
292979 1 50 2 1
292001 1 50 2 1
291506 1 50 1 1
95332 0 50 3 3
290378 1 50 3 1
291861 1 50 3 1
291863 1 50 3 1
292002 0 50 3 1
292004 0 50 3 1
292980 0 50 3 1
327872 0 50 3 0
468287 0 50 3 2
378775 1 51 2 2
308182 1 51 2 3
291110 1 51 2 1
426849 1 51 1 3
220759 1 51 3 1
291111 0 51 3 1
308183 0 51 3 3
320418 1 52 4 3
291487 1 52 3 1
443032 1 52 2 3
292154 1 52 2 1
515797 1 52 1 2
443031 0 52 3 3
515792 0 52 3 2
515794 0 52 3 2
515796 0 52 3 2
504145 1 53 3 3
308897 1 53 2 3
293207 1 53 2 1
293136 1 53 2 3
293045 1 53 2 4
293132 0 53 3 3
293209 0 53 3 1
308892 0 53 3 3
308893 0 53 3 3
308895 0 53 3 3
443084 1 54 2 4
291164 1 54 2 2
219777 1 54 2 1
292829 1 54 1 3
32134 1 54 1 3
219778 0 54 3 1
292827 0 54 3 3
292828 0 54 3 3
504146 1 54 3 3
219783 1 55 2 1
291488 1 56 2 1
515874 1 56 1 1
291487 0 56 3 1
32139 1 57 3 1
527154 1 57 2 3
308896 1 57 2 3
308895 0 57 3 3
308897 0 57 3 3
290433 1 58 3 1
220433 1 58 3 3
426848 1 58 2 1
292429 1 58 2 0
220432 0 58 3 3
220430 0 58 3 3
292430 0 58 3 0
183463 1 59 2 2
20992 1 60 4 3
219784 1 60 3 3
516601 1 60 2 1
219783 0 60 3 3
426256 1 61 3 1
483644 1 61 1 3
459914 1 62 3 1
291489 1 62 3 1
426845 1 62 2 0
32143 1 62 2 3
32139 0 62 3 3
426844 0 62 3 0
516440 1 63 3 3
291136 1 63 3 3
183458 1 63 2 3
308894 1 63 1 1
291131 0 63 3 3
291132 0 63 3 3
291134 0 63 3 3
291144 0 63 3 3
308895 0 63 3 1
426847 0 63 3 1
426849 0 63 3 1
293211 1 64 3 4
291257 1 64 2 1
293210 0 64 3 4
309306 1 65 2 1
221054 1 65 2 1
221101 1 66 3 1
461129 1 66 2 1
461128 0 66 3 1
461130 0 66 3 1
461131 0 66 3 1
426847 1 67 3 1
516233 1 67 2 0
291259 1 67 2 1
291256 0 67 3 1
291258 0 67 3 1
426845 0 67 3 1
426846 0 67 3 1
516236 0 67 3 0
426813 1 68 4 1
427765 1 68 3 1
219871 1 68 1 3
427764 0 68 3 1
427766 0 68 3 1
427767 0 68 3 1
427768 0 68 3 1
459905 1 69 3 1
293158 1 69 3 1
426811 1 69 3 1
459348 1 70 2 1
291260 1 70 1 3
460834 1 71 3 1
517057 1 71 2 1
459340 1 71 1 1
309346 0 71 3 1
459124 0 71 3 1
459342 0 71 3 1
517058 0 71 3 1
517059 0 71 3 1
427212 1 72 3 3
460521 1 72 2 1
427638 1 72 2 1
309344 1 72 1 1
291256 1 72 1 0
291258 0 72 3 0
291259 0 72 3 0
427209 0 72 3 3
427211 0 72 3 3
427637 0 72 3 1
427639 0 72 3 1
460950 0 72 3 1
460438 1 73 2 1
292840 1 73 2 1
460437 0 73 3 1
460439 0 73 3 1
426186 1 74 2 1
459898 1 74 1 1
426187 0 74 3 1
426188 0 74 3 1
426189 0 74 3 1
459897 0 74 3 1
459900 0 74 3 1
459902 0 74 3 1
460949 0 74 3 2
459904 1 75 3 1
459341 1 75 2 2
426921 1 75 2 1
426922 0 75 3 1
426926 0 75 3 1
460281 1 76 2 3
460280 1 76 2 3
309069 0 76 3 1
460279 0 76 3 3
472246 1 77 4 3
460277 1 77 4 1
426192 1 77 3 2
427611 1 77 2 1
427362 1 77 2 1
309068 1 77 0 1
427361 0 77 3 1
427364 0 77 3 1
459907 1 78 4 1
427051 1 78 2 1
427052 0 78 3 1
472245 1 78 3 3
460926 1 79 4 1
427861 1 79 3 3
426188 1 79 3 2
459191 1 79 2 1
426067 1 79 2 1
517018 1 79 1 1
459193 0 79 3 1
459906 1 79 3 1
459908 1 79 3 1
427057 1 80 4 1
426908 1 80 3 1
426187 1 80 3 2
426910 0 80 3 1
427364 0 80 3 0
517019 1 81 3 1
427797 1 81 3 1
307634 1 81 3 1
474931 1 81 2 3
427510 1 81 2 1
189804 1 81 2 2
427361 1 81 1 0
309065 1 81 1 1
309066 0 81 3 1
517018 0 81 3 1
516956 1 82 4 1
517011 1 82 3 3
427805 1 82 3 3
427052 1 82 2 1
427050 0 82 3 1
427053 0 82 3 1
517009 0 82 3 3
517012 0 82 3 3
515505 1 83 4 1
427122 1 83 3 0
460200 1 83 2 2
459356 1 83 2 1
426928 1 83 2 1
425989 1 83 2 1
515347 1 83 1 1
460204 1 83 1 1
427374 1 83 1 1
425987 0 83 3 1
425988 0 83 3 1
425990 0 83 3 1
425991 0 83 3 1
426932 0 83 3 1
427125 0 83 3 0
427319 0 83 3 4
427373 0 83 3 1
427375 0 83 3 1
427376 0 83 3 1
460202 0 83 3 2
516955 1 83 3 1
516957 1 83 3 1
308623 1 84 3 1
427701 1 84 2 4
308746 1 84 2 3
189803 1 84 2 1
309193 0 84 3 1
517137 0 85 13 3
517009 1 85 4 1
426930 1 85 4 1
516694 1 85 2 1
460194 0 85 6 2
427123 1 85 2 0
309410 1 85 2 1
309208 1 85 2 4
307629 1 85 2 0
427336 1 85 1 3
427124 0 85 3 0
460193 0 85 3 2
460195 0 85 4 2
516954 0 85 3 1
275111 1 86 4 1
473093 1 86 3 3
517010 1 86 2 2
516697 1 86 2 3
460656 1 86 2 1
275114 1 86 2 3
275112 0 86 3 3
307630 1 86 3 0
307633 1 86 3 0
426927 1 86 3 1
426932 1 86 3 1
427801 0 86 3 1
460192 0 86 5 2
460655 0 86 3 1
460657 0 86 3 1
516695 0 86 3 3
517011 0 86 3 1
517012 0 86 3 2
517134 1 86 3 3
515835 1 87 3 1
459948 1 87 3 1
427154 1 87 3 3
309383 1 87 3 3
307280 1 87 3 2
516406 1 87 2 1
307097 1 87 2 3
53461 1 87 2 2
517008 1 87 1 1
427079 1 87 1 3
307281 0 87 3 2
309380 0 87 3 3
427076 0 87 3 3
459949 0 87 3 1
459951 0 87 3 1
515836 0 87 3 1
515837 0 87 3 1
516407 0 87 3 1
516409 0 87 3 1
190392 1 88 4 1
515831 1 88 3 0
459202 1 88 3 3
307748 1 88 3 1
515503 1 88 2 0
460196 1 88 2 3
427124 1 88 2 1
426649 1 88 1 0
426650 0 88 3 0
426651 0 88 3 0
427127 0 88 3 1
459203 0 88 3 3
460193 0 88 3 3
460195 0 88 3 3
460197 0 88 3 3
515504 0 88 3 0
515506 0 88 3 0
426859 1 89 4 2
516077 1 89 3 1
517100 1 89 2 1
499241 1 89 2 2
469657 1 89 2 3
426869 1 89 2 1
401362 1 89 2 3
308575 1 89 2 3
307749 1 89 3 1
308573 0 89 3 3
426870 0 89 3 1
426872 0 89 3 1
469656 0 89 3 3
499239 0 89 3 2
499240 0 89 3 2
515832 1 89 3 0
515833 1 89 3 0
515834 1 89 3 0
516331 1 90 3 1
459949 1 90 3 2
427181 1 90 3 1
516409 1 90 2 3
427024 1 90 2 3
308472 1 90 2 1
275110 1 90 2 1
517134 1 90 1 0
275111 0 90 3 1
275112 0 90 3 1
459950 0 90 3 2
459951 0 90 3 2
516332 0 90 3 1
516407 0 90 3 3
517135 0 90 3 0
517136 0 90 3 0
275170 1 91 4 3
517088 1 91 3 3
426540 1 91 3 0
309141 1 91 3 1
307761 1 91 3 1
516527 1 91 2 1
460749 1 91 2 1
459692 1 91 2 4
311640 1 91 2 3
426929 1 91 1 1
308473 1 91 3 1
308474 1 91 3 1
308475 1 91 3 1
308476 1 91 3 1
427184 1 91 3 1
427611 0 91 3 1
516528 0 91 3 1
516530 0 91 3 1
517103 1 92 3 1
426644 1 92 3 1
309338 1 92 3 1
515535 1 92 2 3
460651 1 92 2 1
426923 1 92 2 2
426943 1 92 1 1
308289 1 92 1 3
275172 1 92 3 3
308286 0 92 3 3
426645 0 92 3 1
426647 0 92 3 1
426926 0 92 3 2
426944 0 92 3 1
426945 0 92 3 1
515531 0 92 3 3
515532 0 92 3 3
517104 0 92 3 1
427189 1 93 3 3
426614 1 93 3 3
395007 1 93 3 3
515520 1 93 2 1
426452 1 93 2 2
426177 1 93 2 1
52861 1 93 2 2
275167 1 93 1 1
426178 0 93 3 1
515523 0 93 3 1
516010 1 94 3 1
459420 1 94 3 3
427614 1 94 3 3
307754 1 94 3 1
268194 1 94 3 3
516124 1 94 2 1
468603 1 94 2 3
461084 1 94 2 1
460966 1 94 2 3
427130 1 94 2 1
275322 1 94 2 1
171014 0 94 3 2
171015 0 94 3 2
395003 1 94 3 3
395005 1 94 3 3
427129 0 94 3 1
427131 0 94 3 1
427132 0 94 3 1
468601 0 94 3 3
557330 1 95 4 3
516995 1 95 4 4
515781 1 95 2 3
515776 1 95 2 1
459872 1 95 2 1
232999 1 95 2 3
190394 1 95 2 2
190391 1 95 2 1
190393 0 95 3 1
427165 0 95 3 1
459874 0 95 3 1
459875 0 95 3 1
495953 0 95 3 2
515782 0 95 3 3
516007 1 95 3 1
516008 1 95 3 1
516009 1 95 3 1
516012 1 95 3 1
516125 1 95 3 1
515778 1 96 4 1
515299 1 96 4 2
517235 1 96 3 1
425896 1 96 3 1
309142 1 96 3 3
283730 1 96 3 3
515522 1 96 2 2
459421 1 96 2 3
426924 1 96 2 2
309370 1 96 2 0
274509 1 96 1 1
274510 0 96 3 1
283729 0 96 3 3
309141 0 96 3 3
460793 0 96 3 2
515520 0 96 3 2
515523 0 96 3 2
516993 1 96 3 4
557327 1 96 4 3
459955 1 97 4 1
274508 1 97 4 1
515709 1 97 3 3
495951 1 97 3 1
460963 1 97 3 1
398531 1 97 3 3
309447 1 97 3 1
298717 1 97 3 3
516076 1 97 2 2
515691 1 97 2 1
460795 1 97 2 3
275518 1 97 2 4
275324 1 97 2 3
275169 1 97 2 3
52864 1 97 2 3
274763 1 97 1 2
52862 0 97 3 3
274760 0 97 3 2
275325 0 97 3 3
275517 0 97 3 4
298716 0 97 3 3
298718 0 97 3 3
309444 0 97 3 1
309446 0 97 3 1
460794 0 97 3 3
495952 0 97 3 1
515301 1 97 3 2
515708 0 97 3 3
515779 1 97 3 1
515781 1 97 3 1
516010 0 97 3 1
517239 1 97 3 1
557329 1 98 3 3
516914 1 98 3 1
459880 1 98 3 4
307755 1 98 3 1
275473 1 98 3 3
36531 1 98 3 3
516123 1 98 2 0
461086 1 98 2 3
427511 1 98 2 3
425898 1 98 2 3
309340 1 98 1 3
274509 1 98 3 1
459956 1 98 3 1
460964 1 98 3 1
460965 1 98 3 1
460966 1 98 3 1
461083 0 98 3 3
496442 1 99 3 1
459418 1 99 3 1
261158 1 99 3 4
427037 1 99 2 1
309373 1 99 1 3
309370 0 99 3 3
309371 0 99 3 3
427039 0 99 3 1
516124 1 99 3 0
516126 1 99 3 0
516537 1 100 4 0
380514 1 100 3 3
516534 1 100 2 1
461077 1 100 2 3
131821 1 100 2 3
460659 1 100 1 1
259524 1 100 1 2
131820 0 100 3 3
459416 1 100 3 1
459417 1 100 3 1
459421 1 100 3 1
460660 0 100 3 1
425884 1 101 1 1
516007 0 101 3 2
516008 0 101 3 2
516009 0 101 3 2
516540 1 101 3 0
516541 1 101 3 0
427038 1 102 4 1
274995 1 102 3 1
516227 1 102 2 0
472884 1 102 2 3
425885 1 102 2 1
515705 1 102 1 1
359802 1 102 1 3
307488 1 102 1 1
274669 1 102 1 1
274993 0 102 3 1
274997 0 102 3 1
274999 0 102 3 1
359800 0 102 4 3
359803 0 102 3 3
425883 0 102 3 1
425888 0 102 5 1
425889 0 102 4 1
472882 0 102 3 3
472883 0 102 3 3
515710 0 102 3 1
516228 0 102 3 0
516229 0 102 3 0
275483 1 103 3 1
459417 1 103 2 1
457360 1 103 2 0
427119 1 103 1 1
459415 0 103 3 1
426178 1 104 3 1
131822 1 104 3 3
516509 1 104 2 1
459462 1 104 2 1
259521 1 104 2 1
515707 1 104 1 1
460576 1 104 1 1
259522 0 104 3 1
259526 0 104 3 1
426177 0 104 3 1
459463 0 104 3 1
459464 0 104 3 1
460577 0 104 3 1
515705 0 104 3 1
515706 0 104 3 1
516511 0 104 3 1
516513 0 104 3 1
426866 1 105 4 1
516533 1 105 3 1
515701 1 105 3 1
460354 1 105 3 1
275165 1 105 3 1
495953 1 105 2 3
461075 1 105 2 2
459223 1 105 2 1
426110 1 105 2 1
426055 1 105 2 1
131820 1 105 3 3
426109 0 105 3 1
426111 0 105 3 1
426112 0 105 3 1
459225 0 105 3 1
495952 0 105 3 3
515704 0 105 3 1
307489 1 106 3 3
517143 1 106 2 1
307841 1 106 2 0
31512 1 106 2 2
460662 1 106 1 3
31511 0 106 3 2
460660 0 106 3 3
517141 0 106 3 1
516535 1 107 4 1
427107 1 107 2 1
275486 1 107 2 1
275403 1 107 2 3
259181 1 107 2 1
516496 1 107 1 0
259183 0 107 3 1
516501 0 107 3 0
516511 1 108 4 1
426493 1 108 3 1
426460 1 108 3 1
459362 1 108 2 1
427407 1 108 2 1
427140 1 108 2 1
515736 1 108 1 3
275892 1 108 1 0
275484 1 108 3 1
275893 0 108 3 0
426462 0 108 3 1
426463 0 108 3 1
460926 0 108 3 1
460927 0 108 3 1
460928 0 108 3 1
515737 0 108 3 3
516401 1 109 3 0
427272 1 109 2 1
426520 1 109 2 1
259523 1 109 2 1
170892 1 109 2 3
166225 1 109 1 3
166226 0 109 3 3
170888 0 109 3 3
259522 0 109 3 1
259524 0 109 3 1
259526 0 109 3 1
426495 1 109 3 1
426496 1 109 4 1
516509 1 109 3 1
516512 1 109 3 1
379875 1 110 4 4
517145 1 110 3 3
476096 1 110 3 3
426494 1 110 3 1
166235 1 110 3 3
427106 1 110 2 1
426782 1 110 2 1
426543 1 110 2 1
515702 1 110 1 1
426542 0 110 3 1
426544 0 110 3 1
426545 0 110 3 1
426783 0 110 3 1
426785 0 110 3 1
275118 1 111 4 1
460843 1 111 3 1
459363 1 111 3 3
165927 1 111 3 3
460915 1 111 2 1
460573 1 111 2 1
427139 1 111 2 0
274360 1 111 2 1
164764 1 111 2 3
164763 0 111 3 3
274363 0 111 3 1
460575 0 111 3 1
460842 0 111 3 1
460847 0 111 3 1
460917 0 111 3 1
460918 0 111 3 1
427254 1 112 3 1
426518 1 112 3 0
274320 1 112 3 1
515779 1 112 2 1
275213 1 112 2 1
275214 0 112 3 1
275215 0 112 3 1
517220 1 113 3 1
515955 1 113 3 2
460096 1 113 3 1
427028 1 113 3 1
426496 1 113 3 3
275244 1 113 3 1
427026 1 113 2 1
259183 1 113 2 3
188125 1 113 2 3
170893 1 113 2 3
170891 1 113 2 1
170890 0 113 5 1
170889 0 113 3 3
170892 0 113 5 3
188124 0 113 3 3
259180 0 113 3 3
259181 0 113 3 3
259182 0 113 3 3
427030 0 113 3 1
274662 1 114 3 1
426461 1 114 2 1
426341 1 114 2 3
427274 1 114 1 3
235549 1 114 1 2
235550 0 114 3 2
274663 0 114 3 1
274664 0 114 3 1
275246 1 114 3 1
275247 1 114 3 1
426463 0 114 3 1
427027 1 114 3 1
427271 0 114 3 3
275467 1 115 3 1
454674 1 115 2 3
516118 1 115 1 1
170891 0 115 3 1
460103 1 116 3 2
427018 1 116 3 1
275033 1 116 3 1
275431 1 116 2 1
275124 1 116 2 1
274328 1 116 2 1
234721 1 116 2 2
170912 1 116 2 1
426361 1 116 1 3
170910 0 116 3 1
234722 0 116 5 2
274326 0 116 3 1
275125 0 116 3 1
426360 0 116 3 3
426460 0 116 3 3
426461 0 116 3 3
427019 0 116 4 1
427020 0 116 3 1
288495 1 117 3 3
379874 1 117 2 4
276057 1 117 2 1
91985 1 117 2 2
427278 1 117 1 3
91983 0 117 3 2
91987 0 117 3 2
276058 0 117 3 1
288494 0 117 3 3
427276 0 117 3 3
427277 0 117 3 3
275435 1 118 3 1
275245 1 118 3 1
275088 1 118 3 1
274296 1 118 3 1
170884 1 118 3 1
275559 1 118 2 1
275196 1 118 2 4
188124 1 118 2 3
460842 1 118 1 1
460843 0 118 3 1
460846 0 118 3 1
460847 0 118 3 1
515846 1 119 3 1
515782 1 119 1 3
275215 1 119 1 3
170885 1 119 3 1
275243 1 119 3 1
275557 1 119 3 1
275560 1 119 3 1
170620 1 120 4 1
459855 1 120 2 1
426360 1 120 2 1
274329 1 120 2 1
274327 0 120 3 1
274331 0 120 3 1
274558 1 121 3 4
274338 1 121 3 3
460391 1 121 2 1
275035 1 121 2 1
515058 1 121 1 3
426918 1 121 1 1
426359 1 121 3 1
459856 1 121 3 1
459858 1 121 3 1
460392 0 121 3 1
515057 0 121 3 3
426917 1 122 3 0
275429 1 122 3 0
170273 1 122 3 3
275125 1 122 2 3
274239 1 122 2 1
275123 0 122 3 3
275432 0 122 3 0
275433 0 122 3 0
426918 0 122 3 0
459480 1 123 3 3
275747 1 123 3 0
275093 1 123 3 1
460393 1 123 2 3
275036 1 123 1 3
188123 1 123 1 3
275034 0 123 3 3
275037 0 123 3 3
459477 0 123 3 3
426920 1 124 2 3
275377 1 124 2 1
275091 1 124 3 1
275092 1 124 3 1
275379 0 124 3 1
275380 0 124 3 1
426919 0 124 3 3
416133 1 125 3 3
275721 1 125 3 3
276181 1 125 2 3
460401 1 126 3 4
275304 1 126 3 1
275312 1 126 1 1
275316 0 126 3 1
274289 1 127 3 3
13035 1 127 2 1
274549 1 127 1 1
170624 1 127 1 3
170622 0 127 3 3
234725 0 128 13 3
274809 1 128 3 1
13036 1 128 3 2
170730 1 128 2 3
275407 1 128 1 3
274808 0 128 3 1
274810 0 128 3 1
275314 0 128 3 3
275813 0 128 3 3
275278 1 129 3 1
275411 1 129 2 3
275406 1 129 2 3
274847 1 129 2 1
234719 1 129 2 3
216306 1 129 2 2
13037 1 129 3 2
13038 1 129 3 2
234726 1 129 3 3
275404 0 129 3 3
275407 0 129 3 3
275408 0 129 3 3
275182 1 130 3 1
274815 1 130 3 1
275507 1 130 1 1
275183 0 130 3 1
275184 0 130 3 1
275511 0 130 3 1
416133 0 130 3 3
460992 1 131 3 1
460340 1 131 3 1
14294 1 131 3 2
459582 1 131 2 1
275452 1 131 2 1
274717 1 131 2 4
80107 1 131 2 3
274246 1 131 1 1
15207 1 131 1 1
14293 0 131 3 2
15208 0 131 3 1
80103 0 131 3 3
80105 0 131 3 3
274716 0 131 3 4
275453 0 131 3 1
460341 0 131 3 1
460342 0 131 3 1
460991 0 131 3 1
460993 0 131 3 1
460994 0 131 3 1
274288 1 132 3 1
170705 1 132 2 4
12915 1 132 2 1
170704 0 132 3 4
13145 1 133 4 1
275808 1 133 2 1
275000 1 133 2 1
275451 1 134 3 0
274906 1 134 2 1
80106 1 134 2 3
14863 1 134 2 1
14864 0 134 3 1
80104 0 134 3 3
274905 0 134 3 1
275447 0 134 3 1
275966 1 135 2 1
274962 1 135 2 3
274901 1 135 2 3
274501 1 135 2 4
275446 1 135 0 1
274960 0 135 3 3
275295 1 136 2 1
274693 1 136 2 1
187437 1 136 2 1
274340 1 136 1 1
14564 0 136 3 1
14565 0 136 3 1
14569 0 136 3 1
274692 0 136 3 1
275296 0 136 3 1
274989 1 137 4 1
171924 1 137 2 4
12943 1 137 2 1
14566 1 137 0 1
275964 1 138 3 0
275409 1 138 3 1
274465 1 138 3 1
275198 1 138 2 1
277612 1 138 1 3
274466 0 138 3 1
274990 1 138 3 1
274991 1 138 3 1
275966 0 138 3 0
274342 1 139 3 3
187426 1 139 3 1
14562 1 139 3 1
274695 1 139 2 3
187527 1 139 2 1
275484 1 139 1 1
275283 1 139 1 3
274866 1 139 1 1
14571 1 139 1 1
13144 1 139 1 1
13147 0 139 3 1
187529 0 139 3 1
187530 0 139 3 1
275280 0 139 3 3
275408 1 139 4 1
275411 1 139 3 1
275483 0 139 3 1
275485 0 139 3 1
275486 0 139 3 1
275587 1 140 3 1
14058 1 140 3 1
14944 1 140 2 1
274648 1 140 1 3
14059 0 140 3 1
14060 0 140 3 1
14063 0 140 3 1
14945 0 140 3 1
187427 1 140 4 1
274645 0 140 3 3
274646 0 140 3 3
275585 0 140 3 1
275458 1 141 4 0
14567 1 141 4 1
275946 1 141 3 1
275700 1 141 3 1
275091 1 141 3 0
187425 1 141 3 0
188825 1 141 2 4
13925 1 141 1 1
13929 0 141 3 1
275097 0 141 3 0
275701 0 141 3 1
275703 0 141 3 1
277534 1 142 3 4
275282 1 142 3 3
274512 1 142 3 1
275193 1 142 2 1
12937 1 142 2 3
189264 1 142 1 1
14390 1 142 1 4
12942 1 142 1 1
12880 0 142 3 1
189265 0 142 3 1
275192 0 142 3 1
275194 0 142 3 1
275195 0 142 3 1
275461 1 142 3 0
277535 0 142 3 4
276025 1 143 3 1
275557 1 143 3 1
274818 1 143 3 0
274754 1 143 3 1
275674 1 143 2 2
188319 1 143 2 1
188313 1 143 2 3
275649 1 143 1 2
13146 1 143 1 3
13144 0 143 3 3
13145 0 143 3 3
13147 0 143 3 3
15352 0 143 3 1
188323 0 143 3 1
275560 0 143 3 1
276027 0 143 3 1
275095 1 144 3 3
15354 1 144 3 1
275347 1 144 2 3
274254 1 144 2 3
13563 1 144 2 4
275694 1 144 1 1
15355 0 144 3 1
275342 0 144 3 3
275343 0 144 3 3
275693 0 144 3 1
187865 0 145 13 3
275820 1 145 2 4
275696 1 145 2 3
187864 1 145 2 1
187439 1 145 2 3
276004 1 145 1 4
187436 0 145 3 3
187863 0 145 3 1
187866 0 145 4 1
275092 1 145 3 3
275093 1 145 3 3
275094 1 145 3 3
275649 0 145 3 3
275651 0 145 3 3
276009 1 146 3 1
275137 1 146 3 1
275096 1 146 3 3
274690 1 146 3 1
188962 1 146 3 1
14529 1 146 3 1
14565 1 146 2 1
275698 1 146 1 0
14567 0 146 3 1
14569 0 146 3 1
187862 1 146 3 3
188963 0 146 3 1
188964 0 146 3 1
188966 0 146 3 1
275699 0 146 3 0
275701 0 146 3 0
275703 0 146 3 0
276010 0 146 3 1
187842 1 147 4 1
187975 1 147 3 1
238609 1 147 2 3
274416 1 147 1 3
272336 1 147 0 3
238607 0 147 3 3
274691 1 147 3 1
302307 1 148 3 3
188542 1 148 3 0
13229 1 148 3 1
274806 1 148 2 3
187840 1 148 3 1
302308 0 148 3 3
15007 1 149 4 1
275651 1 149 3 4
15140 1 149 3 1
276014 1 149 2 1
274676 1 150 3 1
14765 1 150 3 1
429586 1 150 2 3
275709 1 150 2 1
239784 1 150 1 3
15141 1 150 3 1
239783 0 150 3 3
275710 0 150 3 1
429585 0 150 3 3
276010 1 151 3 3
236915 1 151 2 2
15301 1 151 2 3
13059 1 151 2 1
364841 1 151 1 3
274678 1 151 3 1
274679 1 151 3 1
187917 1 152 3 1
14124 1 152 2 1
529794 1 152 1 3
14125 0 152 3 1
13527 1 153 3 1
15352 1 153 1 0
275135 0 153 3 1
275136 0 153 3 1
274412 1 154 3 1
186129 1 154 3 3
15141 1 154 3 1
307506 1 154 2 2
15020 1 154 2 1
13337 1 154 2 1
186123 0 154 3 3
186124 0 154 3 3
186125 0 154 3 3
307507 0 154 3 2
238605 1 155 3 1
14704 1 155 3 1
103139 1 155 2 3
91703 1 155 2 2
14705 0 155 3 1
15022 1 155 3 1
91702 0 155 3 2
238604 0 155 3 1
274411 1 155 3 1
337910 1 156 2 2
13871 1 156 2 1
13872 0 156 3 1
103136 1 156 3 3
15142 1 157 3 3
368733 1 157 2 3
368729 0 157 3 3
368730 0 157 3 3
203660 1 158 1 3
13203 1 158 1 1
14786 1 158 0 3
13148 1 158 0 1
13205 0 158 3 1
14783 1 159 3 0
13014 1 159 3 1
12895 1 159 3 2
382179 1 159 2 3
14707 1 159 2 3
12894 1 159 2 1
12878 1 159 2 1
12877 0 159 3 1
12881 0 159 3 1
13017 0 159 3 1
14784 0 159 3 0
14785 0 159 3 0
14786 0 159 3 0
14788 0 159 3 0
12978 0 160 13 4
15322 1 161 3 1
14453 1 161 3 0
13926 1 161 3 1
13205 1 161 2 3
13202 0 161 3 3
13927 0 161 3 1
13928 0 161 3 1
13929 0 161 3 1
14712 1 162 3 3
13012 1 162 3 4
13257 1 162 2 1
13206 1 162 2 0
13259 0 162 3 1
13013 1 163 3 1
13017 0 163 3 1
13204 1 164 3 3
12899 1 164 2 3
12897 0 164 3 3
276065 0 164 3 1
15108 1 165 4 1
14106 1 165 2 0
203378 1 165 1 4
14108 0 165 3 0
15359 1 166 1 1
15106 1 166 3 1
15107 1 166 3 1
15110 1 166 3 1
14045 1 167 2 1
528296 1 168 2 2
14270 1 168 2 1
13350 1 168 1 1
528297 0 168 3 2
505171 1 169 2 3
14515 1 169 1 1
13822 1 170 3 3
14203 1 170 1 0
13821 0 170 3 3
14205 0 170 3 0
13821 1 173 4 3
14254 1 173 2 0
367411 1 174 1 3
13685 1 174 1 3
13822 1 174 3 3
403849 1 175 3 3
14255 1 175 2 1
14254 0 175 3 1
13508 1 176 2 3
403847 1 176 3 3
12930 1 183 1 4
12928 0 183 3 4
403848 0 184 3 3
403847 1 187 3 1
15045 1 187 1 1
14111 1 187 1 1
14110 0 187 3 1
14113 0 187 3 1
14114 0 187 3 1
15048 0 187 3 1
403846 0 187 3 1
403850 0 187 3 1
404507 1 190 1 3
404504 0 190 3 3
404505 0 190 3 3
15336 1 193 1 1
13802 1 197 2 1
13803 1 199 2 1
13801 1 200 2 1
13806 0 200 3 1
14751 0 200 3 1
14936 1 201 1 0
14940 0 201 3 0
13603 1 203 4 0
13604 1 204 3 0
13605 1 204 3 0
