14048 0 6 6 3 0
74202 1 2 6 3 0
88376 1 4 6 3 0
93452 0 6 6 1 0
194574 1 4 6 3 0
202348 1 4 6 1 0
299738 1 4 6 3 1
317568 1 5 6 3 0
350526 0 6 6 3 0
460969 0 6 6 3 0
201804 1 4 7 1 0
93894 0 6 8 2 0
106346 0 6 8 3 0
93453 1 3 9 1 0
299739 0 6 9 3 0
414879 1 2 9 3 1
94257 1 3 10 1 0
94652 1 2 10 1 0
106343 1 4 10 1 0
194575 0 6 10 3 0
203452 0 6 10 1 0
94110 0 6 11 4 1
94450 0 6 11 1 0
93653 0 6 12 1 0
94091 0 6 12 1 0
94260 0 6 12 3 0
94255 0 6 13 3 0
93845 0 6 14 1 0
194581 0 6 14 3 0
93329 1 4 15 4 0
94126 1 4 15 1 0
94451 0 6 16 1 0
93266 1 2 17 1 0
93458 0 6 17 1 0
94033 1 3 17 1 0
94128 0 6 18 3 0
93265 0 6 19 0 1
93725 1 3 19 1 0
93607 0 6 20 1 0
94182 1 3 20 1 0
92932 1 3 21 1 0
93293 0 6 21 0 0
93724 0 6 21 1 0
93927 1 4 21 1 0
94032 1 4 21 1 0
94034 1 3 21 3 0
94269 0 6 21 3 0
93705 1 5 22 1 0
93723 1 4 22 0 0
94418 1 3 22 1 0
93606 0 6 23 1 0
93787 1 4 23 1 0
93427 0 6 24 2 0
93708 1 2 24 3 0
93609 0 6 26 3 0
93926 1 3 26 1 0
94604 0 6 26 3 1
385002 0 6 26 2 0
92934 1 2 27 3 1
93615 1 3 28 1 0
94351 0 6 29 1 0
93295 0 6 30 1 0
92933 1 5 31 1 1
92957 1 4 31 1 0
93298 0 6 31 3 0
93361 0 6 31 1 0
94448 1 4 31 1 1
93294 1 3 32 1 0
93600 1 3 32 4 0
94265 0 6 32 1 0
93303 1 2 33 3 0
93745 0 6 33 1 1
94368 0 6 33 1 0
93748 1 4 34 4 0
94350 0 6 34 1 0
94447 1 2 34 1 0
92960 1 2 35 3 1
93296 0 6 37 1 1
94369 0 6 37 3 0
