12988 0 6 6 2 1
34722 0 6 6 3 0
147625 1 4 6 3 0
229070 1 3 6 3 0
277067 1 3 6 4 1
457051 1 3 6 3 0
511136 0 6 6 3 0
517124 0 6 6 3 0
538537 0 6 6 1 0
557883 0 6 6 3 0
277066 1 3 7 4 0
538133 1 4 7 1 0
517121 0 6 8 1 0
515487 0 6 10 3 1
277949 1 3 11 4 0
517122 1 3 11 1 0
516897 0 6 12 1 0
517178 0 6 14 1 0
516243 0 6 15 1 0
516437 1 3 15 1 0
516489 1 2 15 1 0
517119 0 6 15 1 0
515860 1 3 17 1 0
516226 0 6 17 1 0
516245 0 6 17 1 0
516595 0 6 17 1 0
517089 1 2 17 1 0
516075 1 5 18 1 0
516231 1 3 18 3 0
516244 1 3 18 1 0
517004 0 6 18 3 0
517093 1 4 18 1 0
517123 0 6 18 3 0
515703 0 6 19 1 0
517088 0 6 19 1 0
515859 0 6 20 1 0
516217 1 3 20 1 0
516282 0 6 20 1 0
516333 1 3 20 1 0
516487 0 6 20 0 0
516490 0 6 20 1 0
516596 1 4 20 1 0
516248 1 3 21 1 0
516723 1 2 21 1 0
517112 1 3 21 3 0
517130 0 6 21 1 0
515704 0 6 22 3 0
515757 1 2 22 1 0
516076 0 6 22 1 0
516316 0 6 22 1 1
516610 1 3 22 1 0
516846 1 4 22 1 0
517086 1 4 22 1 0
517238 0 6 22 1 0
516077 1 3 23 3 0
516530 0 6 23 1 0
516759 1 3 23 4 0
517068 1 2 23 1 0
517087 1 3 23 1 0
515789 0 6 24 1 0
516291 1 1 24 3 0
516343 0 6 24 1 0
516609 1 3 24 0 0
515669 1 4 25 4 1
516286 0 6 25 3 0
516725 0 6 25 3 0
516854 0 6 25 3 0
516974 1 4 25 4 1
517070 0 6 25 3 0
517090 0 6 25 3 0
517235 0 6 25 1 0
515788 0 6 26 1 0
516068 1 2 26 1 0
516845 0 6 26 1 0
517237 0 6 26 1 0
517091 1 3 27 3 0
516613 1 3 28 3 0
516853 0 6 28 2 0
515556 0 6 29 1 0
515490 0 6 30 1 0
516153 1 3 30 1 0
516516 1 5 30 1 0
516590 1 3 30 4 0
516848 1 3 30 3 0
515547 0 6 31 1 1
516276 0 6 31 1 0
516508 0 6 31 1 0
516918 1 4 31 1 0
516515 0 6 32 0 0
517173 0 6 32 1 0
515730 1 4 33 1 1
516545 1 2 33 1 0
515496 1 2 34 0 1
515518 1 3 34 1 0
516547 0 6 34 1 0
516548 0 6 34 3 0
516776 1 2 34 1 0
516844 0 6 34 1 0
515787 0 6 35 1 0
516517 1 3 35 1 0
516775 0 6 35 1 0
562629 0 6 35 3 0
515731 1 4 36 1 0
515732 0 6 36 3 0
515797 1 3 36 1 0
516100 1 3 36 1 0
516538 1 4 36 1 0
516700 0 6 36 3 0
516778 1 3 36 3 1
516790 0 6 36 1 0
515322 0 6 37 0 0
515497 1 3 37 2 0
515926 1 3 37 1 0
516209 1 3 37 1 0
515790 1 3 38 3 1
515796 1 3 38 1 0
516202 0 6 38 2 0
516238 0 6 38 1 0
516275 1 3 38 1 0
516539 0 6 38 3 0
516544 1 2 38 0 0
515495 0 6 39 3 1
515523 1 2 39 1 0
515571 0 6 39 3 0
515938 1 4 39 2 1
516549 0 6 39 3 1
515320 1 3 40 3 0
516241 0 6 40 3 0
516356 1 5 40 4 0
516520 1 3 40 3 0
517257 0 6 40 1 0
330898 1 3 41 3 1
516546 0 6 43 1 0
517056 1 3 43 0 0
517259 0 6 44 3 0
517058 0 6 45 3 0
515318 0 6 46 1 0
517057 0 6 46 1 0
515317 1 3 50 1 1
517059 1 4 51 3 0
515324 1 3 54 2 0
517223 0 6 54 1 0
517224 1 3 57 1 0
515319 0 6 58 3 0
517225 1 3 59 3 0
