367797 1 3 3 1
283621 1 3 3 3
23019 1 3 3 2
471824 1 4 2 1
163600 1 4 2 3
163599 0 4 3 3
367800 1 4 3 1
471822 0 4 3 1
471827 0 4 3 1
390995 1 6 2 3
390992 0 6 3 3
390994 0 6 3 3
471823 0 7 4 3
390032 1 7 2 3
390030 0 7 3 3
390033 0 7 3 3
22971 1 8 3 1
471826 1 8 1 3
471822 0 8 3 3
471824 0 8 3 3
346495 1 9 3 1
347061 1 9 2 1
347063 0 9 3 1
347345 1 10 3 1
22972 1 10 3 2
347346 0 10 3 1
23707 0 11 13 4
346454 1 11 4 3
492267 1 11 3 3
347935 1 11 3 1
470729 1 12 2 1
470622 1 12 2 1
470624 0 12 3 1
470626 0 12 3 1
347201 1 13 3 1
470571 1 13 2 1
471827 1 13 1 3
470572 0 13 3 1
471824 0 13 3 3
471825 0 13 3 3
471826 0 13 3 3
346459 1 15 4 0
390469 1 15 3 2
348020 1 15 3 1
22943 1 15 3 1
22942 0 15 3 1
390468 0 15 3 2
470712 1 16 3 2
347131 1 16 2 1
346170 1 16 2 1
346173 0 16 3 1
346461 1 16 3 0
346463 1 16 3 0
347134 0 16 3 1
367745 0 16 3 3
470571 0 16 3 1
347342 1 17 2 3
347341 0 17 3 3
347343 0 17 3 3
22942 1 18 4 0
347106 1 18 3 3
23543 1 18 3 1
23541 0 18 3 1
23545 0 18 3 1
347104 0 18 3 3
347105 0 18 3 3
471853 1 19 3 1
347150 1 19 3 1
346172 1 19 3 1
23057 1 19 2 1
23054 0 19 3 1
23055 0 19 3 1
23056 0 19 3 1
471903 1 20 3 1
346595 1 20 3 4
346133 1 20 3 1
347142 1 21 3 0
346529 1 21 3 1
470285 1 21 2 1
346227 1 21 1 1
471904 1 21 3 1
346461 1 22 3 1
23936 1 22 2 1
23216 1 22 2 1
23935 0 22 3 1
346530 1 22 3 1
347347 1 23 3 1
347731 1 23 2 1
346763 1 23 2 1
347344 0 23 3 1
347349 0 23 3 1
346509 1 24 3 4
346169 1 24 3 1
23308 1 24 3 1
23304 1 24 3 1
471691 1 24 2 4
346084 0 24 4 3
23901 1 24 2 2
23541 1 24 2 0
23543 0 24 3 0
23899 0 24 3 2
346172 0 24 3 1
23307 1 25 3 1
23565 1 26 3 1
23052 1 26 2 3
23632 1 26 1 0
23051 1 26 1 1
23048 0 26 3 1
23050 0 26 3 1
23893 1 27 3 1
22892 1 27 1 1
22893 0 27 3 1
22894 0 27 3 1
22895 0 27 3 1
22896 0 27 3 1
23894 0 27 3 1
347591 1 28 1 1
24635 1 29 3 0
24638 0 29 3 0
23489 1 30 3 3
23048 0 30 5 1
23566 1 30 2 1
24301 1 30 1 1
23049 0 30 5 1
23052 0 30 3 1
23053 0 30 5 1
23487 0 30 3 3
23488 0 30 3 3
23490 0 30 3 3
23491 0 30 3 3
23565 0 30 5 1
23568 0 30 3 1
23793 0 30 3 4
24300 0 30 3 1
24302 0 30 3 1
24417 0 31 4 1
23313 1 31 3 1
364138 1 31 2 2
346106 1 31 2 4
23303 1 31 2 1
23015 1 31 2 1
23794 1 31 1 4
23050 1 31 1 1
23016 0 31 3 1
23304 0 31 3 1
346105 0 31 3 4
22754 1 32 3 1
24416 1 32 2 1
23569 1 32 2 3
23051 0 32 3 1
23566 0 32 3 3
24419 0 32 3 1
24418 1 32 3 1
23765 1 33 3 1
23215 1 33 2 3
22546 1 33 2 0
346107 1 33 1 1
22549 0 33 3 0
23212 0 33 3 3
364139 1 34 3 2
23161 1 34 3 1
23159 0 34 3 1
23162 0 34 3 1
364137 1 35 2 0
23537 1 35 2 4
23045 1 35 2 1
364138 0 35 3 0
23016 0 36 13 3
22807 1 36 2 1
22616 1 36 1 4
23233 0 36 3 1
346532 1 37 3 2
22617 1 37 3 4
22808 1 37 2 2
22672 1 37 1 4
346531 0 37 3 2
23257 1 38 2 3
24348 1 39 3 1
22756 1 39 2 1
23660 1 39 1 1
22755 0 39 3 1
23161 0 39 3 3
23163 0 39 3 3
23661 0 39 3 1
23663 0 39 3 1
23415 1 40 2 1
23118 1 40 2 1
23116 0 40 3 1
23117 0 40 3 1
23120 0 40 3 1
54562 1 42 2 3
23472 1 42 2 1
23473 0 42 3 1
23474 0 42 3 1
54563 1 43 3 3
24507 1 44 2 1
23417 1 45 2 3
23414 0 45 3 3
23415 0 45 3 3
23126 1 47 2 3
23124 0 47 3 3
24137 1 48 1 1
24140 0 48 3 1
22413 1 49 2 1
22924 1 50 3 1
22947 1 50 2 4
22920 1 50 2 1
22743 1 50 1 1
22744 0 50 3 1
23197 1 52 3 1
24636 1 53 3 1
24576 1 53 3 1
22416 1 53 3 3
22745 1 53 2 3
24580 0 53 3 1
24641 0 53 3 1
22948 1 54 2 4
22656 1 54 2 1
24641 1 57 2 3
22678 1 57 2 3
22556 1 57 2 1
24635 0 57 3 3
24638 0 57 3 3
24639 0 57 3 3
22557 1 58 3 1
22555 0 58 3 1
22676 1 58 3 3
24516 1 60 3 3
22659 1 60 2 3
22660 0 60 3 3
23713 0 61 3 1
23716 0 61 3 1
23717 0 61 3 1
23081 1 62 2 3
23079 1 62 1 1
22966 0 62 3 1
22969 0 62 3 1
22970 0 62 3 1
23082 0 62 3 3
22599 1 63 3 1
22660 1 64 2 3
22559 1 64 2 3
22519 1 64 1 3
22656 0 64 3 3
22658 0 64 3 3
24629 1 65 2 4
22970 1 65 1 3
22966 0 65 3 3
22968 0 65 3 3
