163599 0 4 3 3
367800 1 4 3 1
471822 0 4 3 1
471827 0 4 3 1
390992 0 6 3 3
390994 0 6 3 3
390030 0 7 3 3
390033 0 7 3 3
471822 0 8 3 3
471823 0 8 3 3
471824 0 8 3 3
347063 0 9 3 1
347346 0 10 3 1
470624 0 12 3 1
470626 0 12 3 1
470572 0 13 3 1
471824 0 13 3 3
471825 0 13 3 3
471826 0 13 3 3
22942 0 15 3 1
390468 0 15 3 2
346173 0 16 3 1
346461 1 16 3 0
346463 1 16 3 0
347134 0 16 3 1
367745 0 16 3 3
470571 0 16 3 1
347341 0 17 3 3
347343 0 17 3 3
23541 0 18 3 1
23545 0 18 3 1
347104 0 18 3 3
347105 0 18 3 3
23054 0 19 3 1
23055 0 19 3 1
23056 0 19 3 1
471904 1 21 3 1
23935 0 22 3 1
346530 1 22 3 1
347344 0 23 3 1
347349 0 23 3 1
23543 0 24 3 0
23899 0 24 3 2
346172 0 24 3 1
23307 1 25 3 1
346084 0 25 3 3
23048 0 26 3 1
23050 0 26 3 1
22893 0 27 3 1
22894 0 27 3 1
22895 0 27 3 1
22896 0 27 3 1
23894 0 27 3 1
24638 0 29 3 0
23049 0 30 4 1
23052 0 30 3 1
23053 0 30 5 1
23487 0 30 3 3
23488 0 30 3 3
23490 0 30 3 3
23491 0 30 3 3
23565 0 30 5 1
23568 0 30 3 1
23793 0 30 3 4
24300 0 30 3 1
24302 0 30 3 1
23016 0 31 3 1
23304 0 31 3 1
346105 0 31 3 4
23048 0 32 3 1
23051 0 32 3 1
23566 0 32 3 3
24417 0 32 3 1
24419 0 32 3 1
24418 1 32 3 1
22549 0 33 3 0
23212 0 33 3 3
23159 0 34 3 1
23162 0 34 3 1
364138 0 35 3 0
23233 0 36 3 1
346531 0 37 3 2
22755 0 39 3 1
23161 0 39 3 3
23163 0 39 3 3
23661 0 39 3 1
23663 0 39 3 1
23116 0 40 3 1
23117 0 40 3 1
23120 0 40 3 1
23473 0 42 3 1
23474 0 42 3 1
54563 1 43 3 3
23414 0 45 3 3
23415 0 45 3 3
23124 0 47 3 3
24140 0 48 3 1
22744 0 50 3 1
24580 0 53 3 1
24641 0 53 3 1
24635 0 57 3 3
24638 0 57 3 3
24639 0 57 3 3
22555 0 58 3 1
22676 1 58 3 3
22660 0 60 3 3
23713 0 61 3 1
23716 0 61 3 1
23717 0 61 3 1
22966 0 62 3 1
22969 0 62 3 1
22970 0 62 3 1
23082 0 62 3 3
22656 0 64 3 3
22658 0 64 3 3
22966 0 65 3 3
22968 0 65 3 3
