23019 1 4 6 2 0
113273 0 6 6 4 0
163600 1 3 6 3 1
283621 1 4 6 3 0
347151 0 6 6 1 0
367797 1 4 6 1 0
390033 0 6 6 3 0
470145 0 6 6 3 0
471824 1 3 6 1 0
536439 0 6 6 3 0
470265 0 6 7 1 0
346111 0 6 8 1 0
390995 1 3 8 3 1
23018 0 6 9 1 0
284500 0 6 9 3 0
390032 1 3 9 3 0
471826 1 2 9 3 1
347062 0 6 10 1 0
367801 0 6 10 3 0
471823 1 4 10 1 0
509032 0 6 10 3 0
22971 1 4 11 1 0
347061 1 3 11 1 0
390992 0 6 11 1 1
421869 0 6 11 3 0
536435 0 6 11 4 1
346495 1 4 12 1 0
347344 0 6 12 1 0
390038 0 6 12 3 1
470728 0 6 12 1 0
471772 0 6 12 1 0
471822 0 6 12 0 0
22972 1 4 13 2 0
23044 0 6 13 1 0
322175 0 6 13 3 0
346494 0 6 13 1 0
347345 1 4 13 1 0
346497 0 6 14 3 0
347082 0 6 14 1 0
347935 1 4 14 1 0
470622 1 3 14 1 0
470729 1 3 14 1 1
471827 1 2 14 3 0
492267 1 4 14 3 0
346454 1 5 15 3 0
346460 0 6 15 1 0
347060 0 6 15 0 0
347348 0 6 15 1 0
348019 0 6 15 1 0
470571 1 3 15 1 0
346016 0 6 16 1 0
347201 1 4 16 1 0
347346 0 6 16 1 0
470195 0 6 16 1 0
203431 0 6 17 3 0
347332 0 6 17 1 0
347936 0 6 17 1 0
367747 0 6 17 3 0
410199 0 6 17 3 0
22943 1 4 18 1 0
23092 0 6 18 1 0
23122 0 6 18 4 0
345945 0 6 18 4 1
346170 1 3 18 1 0
347104 0 6 18 1 0
347131 1 3 18 1 1
347188 0 6 18 1 0
347349 0 6 18 2 0
348020 1 4 18 1 0
390469 1 4 18 2 0
471651 0 6 18 2 0
341840 0 6 19 3 0
346003 0 6 19 1 0
346379 0 6 19 1 0
346459 1 5 19 0 0
347342 1 3 19 3 0
470570 0 6 19 1 0
470712 1 4 19 2 0
470972 0 6 19 1 0
226993 0 6 20 3 0
346228 0 6 20 1 0
347189 0 6 20 1 0
347350 0 6 20 3 0
348016 0 6 20 1 0
23057 1 3 21 1 0
23543 1 4 21 1 0
346173 0 6 21 3 1
346231 0 6 21 3 0
347106 1 4 21 3 0
347143 0 6 21 1 0
347203 0 6 21 1 0
22893 0 6 22 1 0
22942 1 5 22 0 0
23400 0 6 22 1 0
23899 0 6 22 1 0
346172 1 4 22 1 0
346227 1 2 22 1 0
347150 1 4 22 1 0
347439 0 6 22 3 0
471853 1 4 22 1 0
24329 0 6 23 4 0
345912 0 6 23 1 0
346133 1 4 23 1 0
346595 1 4 23 4 1
347202 0 6 23 1 0
347432 0 6 23 1 0
347599 0 6 23 1 0
390470 0 6 23 3 0
470285 1 3 23 1 0
471903 1 4 23 1 0
23216 1 3 24 1 0
23515 0 6 24 1 0
23542 0 6 24 1 0
23624 0 6 24 1 0
23936 1 3 24 1 0
290270 0 6 24 2 0
346529 1 4 24 1 0
347142 1 4 24 0 0
470286 0 6 24 1 0
23055 0 6 25 1 1
23059 0 6 25 3 0
23416 0 6 25 1 0
23441 0 6 25 1 0
346030 0 6 25 1 0
346174 0 6 25 3 0
346461 1 4 25 1 0
346763 1 3 25 1 0
347731 1 3 25 1 0
23541 1 3 26 0 0
23901 1 3 26 2 0
346084 1 3 26 1 0
347347 1 4 26 1 0
465003 0 6 26 3 0
471691 1 3 26 4 1
22492 0 6 27 1 0
23051 1 2 27 1 0
23304 1 4 27 1 0
23308 1 4 27 1 0
23632 1 2 27 0 0
346169 1 4 27 1 0
346171 0 6 27 1 0
346509 1 4 27 4 1
346764 0 6 27 3 0
347431 0 6 27 1 1
470287 0 6 27 3 0
470420 0 6 27 1 0
471514 0 6 27 4 1
22892 1 2 28 1 0
23052 1 3 28 3 0
23302 0 6 28 0 0
24093 0 6 28 3 0
346086 0 6 28 3 0
347724 0 6 28 1 0
23487 0 6 29 1 0
23565 1 4 29 1 0
23629 0 6 29 1 0
24139 0 6 29 1 1
347591 1 2 29 1 0
347689 0 6 29 1 1
23299 0 6 30 2 0
23488 0 6 30 1 0
23633 0 6 30 3 0
23893 1 4 30 1 0
346528 0 6 30 1 0
22548 0 6 31 1 0
22919 0 6 31 1 0
23212 0 6 31 1 0
23306 0 6 31 3 0
24301 1 2 31 1 0
366943 0 6 31 2 0
22864 0 6 32 1 0
22945 0 6 32 3 0
23050 1 2 32 1 0
23053 0 6 32 3 0
23566 1 3 32 1 0
23579 0 6 32 1 0
23794 1 2 32 4 1
24299 0 6 32 1 1
24635 1 4 32 0 0
346959 0 6 32 4 0
23015 1 3 33 1 0
23048 1 4 33 1 0
23251 0 6 33 1 0
23303 1 3 33 1 0
23489 1 4 33 3 0
23568 0 6 33 2 0
23570 0 6 33 3 0
346106 1 3 33 4 0
346930 0 6 33 1 0
364138 1 3 33 2 0
22749 0 6 34 1 0
23049 1 3 34 1 0
23313 1 4 34 1 0
23569 1 3 34 3 0
24302 1 3 34 3 0
24416 1 3 34 1 0
346107 1 2 34 1 0
22546 1 3 35 0 0
22754 1 4 35 1 0
23215 1 3 35 3 0
24018 0 6 35 4 1
24417 1 5 35 1 1
24418 0 6 35 1 0
346520 0 6 35 1 0
347616 0 6 35 1 0
23213 0 6 36 1 0
23305 0 6 36 3 0
23490 0 6 36 3 0
23573 0 6 36 1 0
23654 0 6 36 1 0
23765 1 4 36 1 0
272975 0 6 36 3 0
347099 0 6 36 1 0
22616 1 2 37 4 1
23045 1 3 37 1 0
23161 1 4 37 1 0
23231 0 6 37 1 0
23537 1 3 37 4 1
23727 0 6 37 1 0
23888 0 6 37 4 1
24440 0 6 37 1 0
347618 0 6 37 1 1
364137 1 3 37 0 0
364139 1 4 37 2 0
22672 1 2 38 4 0
22755 0 6 38 1 0
22807 1 3 38 1 0
272974 0 6 38 3 1
346531 0 6 38 1 0
22808 1 3 39 2 0
23222 0 6 39 3 0
23230 0 6 39 1 0
23567 0 6 39 1 0
24420 0 6 39 3 0
49944 0 6 39 3 1
22444 0 6 40 4 1
22615 0 6 40 3 0
22617 1 4 40 4 0
23257 1 3 40 3 1
23660 1 2 40 1 0
272976 0 6 40 3 0
346532 1 4 40 2 0
22756 1 3 41 1 0
23162 0 6 41 3 0
24506 0 6 41 1 0
347101 0 6 41 3 0
23118 1 3 42 1 0
23415 1 3 42 1 0
23535 0 6 42 3 0
24348 1 4 42 1 0
176380 0 6 42 3 0
295372 0 6 42 3 1
302747 0 6 42 3 0
22757 0 6 43 1 0
22809 0 6 43 2 0
23117 0 6 43 1 0
24386 0 6 43 1 0
23472 1 3 44 1 0
54562 1 3 44 3 1
16269 0 6 45 3 0
133023 0 6 45 3 1
318234 0 6 45 2 0
23444 0 6 46 1 0
24349 0 6 46 3 0
24507 1 3 46 1 0
293897 0 6 46 3 0
315723 0 6 46 3 1
23417 1 3 47 3 0
23119 0 6 48 1 0
24393 0 6 48 1 0
22994 0 6 49 1 0
23116 0 6 49 1 0
23126 1 3 49 3 0
24137 1 2 49 1 0
22413 1 3 51 1 1
22743 1 2 51 1 0
22920 1 3 52 1 0
22947 1 3 52 4 0
22924 1 4 53 1 1
23468 0 6 53 1 0
22676 0 6 55 1 0
22745 1 3 55 3 0
23197 1 4 55 1 0
22416 1 4 56 3 1
22656 1 3 56 1 0
22948 1 3 56 4 1
24576 1 4 56 1 0
24636 1 4 56 1 0
24586 0 6 57 1 0
22391 0 6 58 1 0
22655 0 6 58 1 0
23080 0 6 58 1 0
24580 1 4 58 3 1
22556 1 3 59 1 0
22678 1 3 59 3 0
24585 0 6 59 0 0
24641 1 3 59 3 0
22658 0 6 60 2 0
22662 0 6 60 4 0
22557 1 4 61 1 0
23078 0 6 61 1 0
23083 0 6 61 1 0
24533 0 6 61 1 0
24578 0 6 61 1 0
22555 0 6 62 0 0
22659 1 3 62 3 0
23715 0 6 62 1 1
24639 0 6 62 1 0
23079 1 2 63 1 0
23085 0 6 63 3 0
24516 1 4 63 3 1
22968 1 3 64 1 0
23081 1 3 64 3 0
22519 1 2 65 3 0
22558 0 6 66 1 0
22559 1 3 66 3 0
22599 1 4 66 1 1
22660 1 3 66 3 0
22667 0 6 66 3 0
22705 0 6 66 4 1
22970 1 2 66 3 0
24629 1 3 67 4 1
28128 0 6 67 2 1
22518 0 6 70 2 0
23800 0 6 71 2 0
