414586 9
414587 9
414588 9
244404 10
333816 11
460980 11
460982 11
460984 11
460985 11
538173 11
538174 11
538176 11
244402 14
244403 14
322788 15
290845 16
290847 16
290848 16
292377 17
292379 17
292794 19
334841 19
334843 19
334844 19
334548 22
334550 22
334551 22
334688 22
334690 22
334691 22
334692 22
334577 23
334578 23
334905 23
290970 24
334207 24
334208 24
334735 24
334736 24
334738 24
290967 25
333578 25
333579 25
333580 25
333581 25
334977 25
292378 26
292380 26
334537 26
334538 26
334541 26
334543 26
334895 26
334896 26
334902 26
334904 26
333599 27
333602 27
323917 28
290966 29
334689 30
335185 30
334975 31
334978 31
333601 32
334610 32
333631 33
333632 33
334151 33
334967 33
334970 33
290419 34
334890 34
334891 34
254465 35
254466 35
254467 35
285583 35
285584 35
334284 35
334288 35
334401 35
334402 35
334404 35
335181 35
335182 35
335184 35
334605 36
292903 37
292904 37
292907 37
333896 37
334326 37
334328 37
334608 37
334609 37
290420 38
334289 38
334291 38
334292 38
334293 38
334582 39
334583 39
254488 40
290334 40
290336 40
291309 40
291311 40
291313 40
334285 40
334603 40
334604 40
334606 40
334888 40
335108 40
335111 40
335112 40
334697 41
335063 41
333749 42
333751 42
333982 42
333983 42
335011 42
335012 42
335013 42
333697 43
333698 43
333898 44
334815 44
334817 44
254482 45
254483 45
292213 46
292216 46
333994 46
333995 46
334748 46
334751 46
334752 46
334887 46
334889 46
334891 46
333567 47
333568 47
333571 47
334681 47
334683 47
334684 47
17564 48
17565 48
127880 48
127881 48
333566 48
333570 48
334197 48
334813 48
334814 48
334816 48
353736 48
333895 49
333896 49
292879 50
292880 50
292881 50
333949 50
333950 50
333955 50
292735 51
334198 51
334199 51
334628 51
334467 52
334470 52
334448 53
291241 54
291244 54
334620 54
334621 54
334813 54
333891 55
333893 55
334015 55
334017 55
334019 55
334020 55
411148 55
411149 55
334536 57
334026 58
243404 60
243405 60
334616 61
334618 61
334619 61
334620 61
285482 62
334128 62
334130 62
334267 62
334431 62
334420 70
334705 71
334518 74
334522 74
334986 75
334988 75
334525 88
