274809 9
274811 9
215739 10
215740 10
319749 10
319751 10
530502 10
530503 10
297370 12
213986 13
272400 13
392690 14
292046 17
292047 17
291518 19
291519 19
291521 19
110984 20
110986 20
110989 20
292512 20
291490 21
291713 21
291714 21
293206 21
293208 21
293209 21
291489 24
291491 24
292044 25
291029 26
292241 27
292243 27
292030 28
292034 28
323121 30
323122 30
323125 30
290659 31
290660 31
200385 32
200387 32
290432 32
290434 32
292582 32
292583 32
290621 33
282370 36
282524 36
291137 36
291140 36
268921 37
268922 37
268924 37
291232 37
312275 37
292335 38
291131 39
291136 39
292334 39
109409 40
434483 41
434484 41
434485 41
282339 42
282343 42
78781 44
282437 44
282330 45
282332 45
282439 46
282445 46
282733 49
282734 49
282847 49
282850 49
282442 53
282444 53
282276 54
282277 54
282278 54
282279 54
282936 54
279253 55
282067 55
282068 55
282440 58
282445 58
282945 59
282540 60
281898 64
281899 64
281900 64
281901 64
282412 68
282751 70
281904 71
281905 71
281906 71
181918 74
181919 75
181920 75
181922 77
