23019 3 2 2 0
283621 3 2 3 0
367797 3 2 1 0
163600 4 3 3 1
471824 4 3 1 0
390995 6 3 3 1
390032 7 3 3 0
471823 7 2 1 0
22971 8 2 1 0
471826 8 4 3 1
346495 9 2 1 0
347061 9 3 1 0
347060 11 2 0 0
347698 12 3 1 0
471827 12 3 3 0
346494 13 1 1 0
347340 13 3 1 0
470976 13 2 1 0
508176 13 3 4 1
22974 14 4 3 0
347953 14 3 1 0
346585 15 3 1 0
347342 15 3 3 0
347697 15 2 0 0
347892 15 4 1 0
471853 15 2 1 0
24586 16 4 1 0
346704 16 2 3 0
347339 16 2 0 1
22713 17 2 1 0
23043 17 3 0 0
346390 17 1 1 0
346501 17 2 2 0
23835 18 3 1 0
471854 18 2 1 0
22826 19 2 1 0
23871 19 1 1 0
212423 19 3 1 0
471850 19 2 1 0
23049 20 2 1 0
470975 20 4 1 0
23245 21 3 0 0
23470 21 3 2 0
346770 21 2 1 0
347348 21 4 1 0
347637 21 3 1 0
22716 22 3 3 0
23488 22 3 1 0
346763 22 3 1 0
346852 22 3 1 1
347124 22 2 3 0
347954 22 2 2 1
22832 23 3 3 0
328961 23 2 3 0
347636 23 3 1 0
347765 23 3 3 0
349501 23 4 3 0
470637 23 4 1 0
23050 24 2 1 0
212424 24 4 1 0
346392 24 3 1 0
347225 24 2 1 0
347312 24 3 4 0
400259 24 3 3 1
471852 24 3 3 0
23051 25 2 1 0
347188 25 3 1 0
471061 25 4 1 0
15780 26 2 3 0
346540 26 2 1 0
346853 26 3 1 0
347251 26 4 4 0
347470 26 2 0 0
347584 26 2 1 0
347778 26 3 3 1
400478 26 2 3 0
23119 27 2 1 0
23773 27 2 3 0
24532 27 3 1 0
346798 27 4 1 0
347326 27 2 1 0
400356 27 3 2 0
22814 28 3 1 0
328959 28 2 1 0
346806 28 2 1 0
346854 28 2 3 0
347104 28 3 1 0
23286 29 3 1 0
24485 29 2 1 0
346272 29 2 1 0
347019 29 4 4 1
348001 29 4 3 0
23116 30 3 1 0
23366 30 1 1 0
24140 30 3 3 0
346803 30 3 0 0
347588 30 3 4 1
425935 30 1 4 0
470658 30 4 1 1
22911 31 3 3 1
23118 31 3 1 0
346805 31 3 1 0
347585 31 3 3 1
15781 32 2 3 0
22701 32 2 1 0
22714 32 2 1 0
329352 32 3 1 0
346472 32 2 3 0
347009 32 3 1 0
347049 32 3 1 0
347314 32 2 3 0
347464 32 4 2 0
347935 32 3 1 0
23080 33 3 1 0
345991 33 3 1 0
346641 33 3 1 0
347106 33 3 3 0
347469 33 3 3 0
347844 33 3 1 0
22743 34 3 1 0
347011 34 3 3 1
459863 34 3 2 0
526911 34 3 3 0
22702 35 4 1 0
138486 35 2 2 0
329597 35 2 3 0
347606 35 2 1 0
347651 35 3 1 0
15777 36 4 1 0
22813 36 2 1 0
23170 36 4 1 0
23654 36 2 1 0
188167 36 2 3 0
250964 36 1 3 0
346373 36 2 1 0
346874 36 1 1 0
347120 36 3 1 0
23760 37 3 2 1
346264 37 2 1 1
346771 37 4 3 0
346813 37 3 1 0
347224 37 3 1 1
346830 38 4 1 0
350187 38 2 3 0
459870 38 3 1 0
23208 39 2 0 0
24374 40 2 3 0
37876 40 4 3 0
107251 40 3 3 0
138488 40 4 3 0
346343 40 2 1 0
346345 40 4 1 0
261259 41 2 3 0
347334 41 2 4 0
347498 41 4 4 0
346265 42 3 2 0
346602 42 4 1 0
346193 43 4 1 0
346380 43 2 1 0
23210 44 2 3 0
347228 44 3 3 0
261258 45 3 2 0
346990 45 3 4 0
347255 45 3 1 0
49431 46 3 1 0
345931 46 2 1 0
346114 46 3 1 0
346470 46 1 1 0
346529 46 3 1 0
129261 48 3 3 0
346417 48 2 2 1
432634 48 4 3 0
48979 49 2 1 0
347254 49 2 1 0
347288 49 2 1 0
346415 50 3 0 0
346998 50 3 1 0
347260 50 2 3 0
48978 51 1 1 0
49432 51 3 1 0
262145 51 3 3 0
346007 51 4 1 0
347069 51 1 0 0
345935 52 3 1 0
347546 52 4 1 0
49257 53 2 1 0
151774 53 2 3 1
346432 53 3 1 0
47348 54 4 3 0
347068 54 2 0 0
347258 54 3 3 0
347549 54 3 0 0
49282 55 2 1 0
262136 55 3 3 0
49671 56 3 1 0
152521 56 2 3 0
345938 56 4 3 1
346414 56 3 0 0
364247 56 2 3 0
262135 57 3 1 0
347876 57 3 1 0
49035 59 2 4 0
261076 59 3 4 1
345934 59 2 1 1
48408 60 2 1 0
50042 60 3 1 0
49827 61 3 3 0
177932 61 3 4 0
261293 61 2 1 0
347089 61 3 1 0
347885 61 3 3 0
46738 62 3 3 0
49051 62 3 3 0
50226 62 1 1 0
261294 62 2 1 0
47068 63 2 4 1
49060 63 3 1 0
150940 63 3 3 1
302437 63 3 2 0
48725 64 1 4 1
49478 64 2 1 0
262502 64 2 1 0
347087 64 4 0 0
48668 65 4 1 0
49375 65 4 1 0
50023 65 2 3 0
50261 65 2 3 0
262501 65 2 1 0
17157 66 3 4 0
46736 66 3 1 0
50043 66 3 3 0
185547 66 4 2 0
262347 66 3 1 0
262504 66 3 3 0
347088 66 4 1 0
49313 67 3 2 0
49807 67 3 1 0
48566 68 3 1 0
48698 68 4 2 0
187000 68 2 3 1
48288 69 2 1 0
49048 69 3 3 0
15430 70 3 2 0
49701 70 3 4 1
49923 70 1 1 0
185813 70 4 1 0
186181 70 2 1 0
15431 71 2 3 1
49922 71 3 1 0
261375 71 4 3 0
48741 72 4 1 0
49775 72 3 1 0
49803 72 3 0 0
48286 74 3 1 0
48292 76 2 4 0
48837 76 3 1 0
49505 76 2 1 0
49810 76 4 3 0
48371 77 2 1 0
48928 77 3 2 0
48546 78 2 1 0
49337 78 4 1 0
49769 78 2 1 0
50180 80 3 3 1
122041 80 3 2 1
166808 80 2 3 0
170570 80 3 3 0
221589 80 3 3 1
312665 80 2 4 0
48372 82 3 2 0
49508 82 3 3 0
48908 83 4 1 0
49067 83 3 1 0
365787 83 2 3 0
49101 84 1 1 0
423598 84 3 1 0
48390 86 4 1 0
423178 86 1 1 0
48391 87 4 3 0
48415 87 3 1 0
48552 87 2 1 1
49118 87 4 1 0
49010 88 3 1 0
48891 89 2 3 0
423179 89 3 3 0
49472 90 4 1 0
49009 91 3 1 0
49011 91 4 3 0
50181 91 3 1 0
48855 92 3 4 0
49473 92 3 2 0
48892 93 4 3 0
49209 93 2 1 0
49638 93 2 2 0
50178 95 3 3 0
53016 96 2 3 0
50110 97 3 1 0
48683 98 3 1 0
49856 98 3 1 0
50113 99 2 3 0
96386 103 4 2 0
240944 104 3 3 0
15191 105 3 2 0
96384 105 2 1 0
49778 107 2 1 0
49779 109 1 1 0
96383 109 3 1 0
49063 110 2 3 0
96388 113 2 3 0
340875 117 3 3 1
