25140 0 6 6 3 0
185401 0 6 6 2 0
244403 1 3 6 1 0
291620 1 3 6 1 0
322788 1 3 6 3 0
334392 1 3 6 2 0
344763 1 4 6 3 0
414589 1 4 6 3 0
460981 1 2 6 1 0
538175 1 2 6 2 0
322787 1 3 8 3 0
333817 1 5 8 3 0
334393 0 6 8 3 0
414588 0 6 9 3 0
1710 0 6 10 3 1
291702 0 6 10 1 0
322794 0 6 10 3 0
244404 1 4 11 1 0
291704 0 6 11 3 0
322789 1 3 11 3 0
290844 1 3 12 1 0
334384 0 6 12 1 0
1706 0 6 13 0 0
244406 1 3 14 3 0
334039 1 3 14 1 0
24746 0 6 15 3 0
290301 1 3 15 1 0
290838 0 6 15 3 1
334247 1 3 15 1 0
334383 0 6 15 1 0
334690 0 6 15 1 0
1745 1 3 16 0 0
291222 0 6 16 1 0
334246 1 3 16 1 0
334524 1 4 16 3 0
244405 1 3 17 3 0
333956 1 2 17 1 0
334931 0 6 17 1 0
1707 1 4 18 1 0
244402 0 6 18 1 0
290297 0 6 18 3 0
291227 1 3 18 2 0
334933 0 6 19 3 0
1695 1 5 20 0 0
334248 0 6 20 1 0
292850 0 6 21 0 0
1708 0 6 22 1 0
1696 0 6 23 0 0
333807 0 6 24 1 0
292851 1 2 25 0 0
333806 0 6 25 1 0
184808 0 6 27 3 0
333804 0 6 28 1 0
334646 0 6 28 1 0
334749 1 4 29 1 0
334642 0 6 30 1 0
334936 1 4 30 1 0
334969 0 6 30 1 0
333643 0 6 32 1 1
334136 0 6 32 4 0
333671 0 6 33 1 0
333797 1 3 33 1 0
334052 1 4 33 1 0
334241 0 6 33 1 0
334748 0 6 33 1 0
333741 0 6 34 1 0
334499 0 6 34 4 1
334752 1 3 34 3 0
334968 0 6 34 1 0
334970 1 4 34 2 0
333576 0 6 35 1 0
334162 0 6 35 1 0
334698 0 6 35 3 0
334966 1 3 35 1 0
334967 0 6 35 1 0
335109 1 3 35 1 1
333578 0 6 36 1 0
333673 1 2 36 2 0
333717 1 3 36 3 0
333740 1 2 36 1 1
334243 1 3 36 3 1
181111 1 3 37 3 0
236818 1 4 37 2 0
263988 0 6 37 2 0
333608 1 3 37 1 0
333743 0 6 37 3 1
333796 0 6 37 0 0
334534 1 4 37 1 0
334834 1 4 37 1 0
335192 0 6 37 1 1
292880 0 6 38 3 0
333579 1 2 38 2 1
333644 1 2 38 1 0
334549 1 3 38 1 0
335165 0 6 38 1 0
471853 0 6 38 3 0
265771 1 4 39 3 0
333862 1 4 39 1 0
334581 1 2 39 1 0
334804 1 3 39 3 0
335111 1 3 39 2 0
236817 1 4 40 2 0
290338 0 6 40 3 0
333828 0 6 40 1 0
333832 1 3 40 1 0
334536 1 4 40 3 0
334711 0 6 40 1 0
334835 0 6 40 1 1
335110 1 3 40 1 0
333609 0 6 41 2 0
333742 0 6 41 3 0
333847 1 3 41 1 0
333861 0 6 41 0 0
334128 0 6 41 1 0
334317 1 3 41 1 0
334724 1 3 41 3 0
335191 0 6 41 0 0
176334 1 3 42 3 0
292879 1 4 42 2 0
333638 0 6 42 1 0
333693 0 6 42 4 0
333863 0 6 42 3 0
334539 1 3 42 1 0
334548 1 3 42 1 0
334554 0 6 42 1 0
334809 0 6 42 3 0
471861 0 6 42 4 0
334274 1 3 43 1 0
334461 0 6 43 1 0
334551 0 6 43 1 0
334555 0 6 43 3 0
334940 0 6 43 1 0
389703 1 3 43 3 0
333629 1 3 44 1 0
333977 0 6 44 1 0
333978 0 6 44 1 0
334486 1 4 44 3 0
334556 0 6 44 3 0
335021 1 3 44 3 0
66047 0 6 45 3 0
333834 1 4 45 3 0
333843 1 3 45 1 0
333907 1 4 45 1 0
334148 0 6 45 1 0
334222 1 3 45 1 0
334272 1 2 45 1 0
334289 1 3 45 1 0
334290 0 6 45 1 0
334440 1 4 45 1 0
333628 1 3 46 1 0
333908 0 6 46 4 0
334412 0 6 46 1 0
334545 1 4 46 1 0
334552 0 6 46 3 0
334566 1 3 46 1 0
334567 0 6 46 1 0
334792 1 5 46 2 0
334907 1 4 46 1 0
333996 0 6 47 1 0
334218 0 6 47 0 0
334224 0 6 47 3 0
334808 0 6 47 3 0
333833 1 2 48 3 0
334150 0 6 48 3 0
334353 0 6 48 1 1
334413 0 6 48 1 0
334442 0 6 48 3 0
334484 1 5 48 2 0
334772 0 6 48 2 0
334870 0 6 48 1 0
334943 0 6 48 3 1
334987 1 2 48 1 0
66048 1 4 49 3 0
333627 0 6 49 0 0
333792 1 3 49 1 1
334015 0 6 49 1 0
334221 1 4 49 1 0
334402 0 6 49 1 0
334485 1 2 49 2 0
334602 1 4 49 1 0
334923 0 6 49 3 1
334975 1 3 49 1 0
333844 0 6 50 3 0
333997 0 6 50 1 0
334293 0 6 50 3 1
334571 0 6 50 2 0
334575 0 6 50 1 1
334871 0 6 50 1 0
334899 1 3 50 1 0
334985 0 6 50 1 0
349395 0 6 50 3 0
507728 1 3 50 3 1
121932 1 3 51 3 0
333630 1 3 51 1 0
334415 0 6 51 3 0
334791 1 3 51 2 0
334976 0 6 51 1 1
181276 0 6 52 2 0
225790 0 6 52 3 0
314358 0 6 52 3 0
333716 1 5 52 1 0
334223 0 6 52 2 0
334403 1 4 52 1 0
334405 1 3 52 3 0
126393 0 6 53 3 0
334018 0 6 53 1 0
334398 0 6 53 3 0
334774 1 4 53 3 0
334869 1 4 53 1 0
334984 1 2 53 3 0
121927 0 6 54 1 0
269362 1 4 54 4 0
333650 1 2 54 3 0
333845 1 4 54 3 0
333894 1 2 54 3 0
334351 0 6 55 1 1
334404 0 6 55 3 0
122889 0 6 56 1 0
201566 0 6 56 2 1
334020 0 6 56 3 1
334219 0 6 56 1 0
334357 0 6 56 2 0
334401 0 6 56 1 0
334780 0 6 56 4 0
334872 0 6 56 1 0
335060 0 6 56 3 0
121924 1 3 57 3 0
121931 1 3 57 3 0
122134 1 3 57 1 0
269365 0 6 57 3 0
334019 1 3 57 3 0
334735 1 3 57 1 0
335170 0 6 57 2 0
121930 1 2 58 1 0
335172 1 3 58 3 0
526220 1 3 58 3 0
122482 0 6 59 1 0
123063 1 4 59 1 0
333568 1 3 59 1 0
467616 1 4 59 3 0
121881 1 4 60 1 0
122476 1 2 60 1 0
123064 0 6 60 3 0
335171 0 6 60 3 1
85591 0 6 61 3 1
121438 1 2 61 1 0
121923 0 6 61 3 0
122729 0 6 61 1 0
122892 0 6 61 3 0
335064 0 6 61 3 0
333566 1 5 62 0 0
335169 0 6 62 1 0
122188 1 4 63 1 0
122437 1 4 63 1 1
334713 0 6 63 2 0
121441 1 2 64 3 0
122483 1 3 64 3 0
333567 1 4 64 1 0
333569 0 6 64 1 0
335168 0 6 64 1 0
399758 1 3 64 3 1
85039 1 3 65 4 0
85590 1 3 65 3 0
85657 1 5 65 3 0
122709 0 6 65 1 0
122941 0 6 65 1 0
123802 1 3 65 2 0
23150 0 6 66 3 1
333987 1 2 66 3 0
85213 1 2 67 1 0
121439 1 4 67 1 0
121484 1 3 68 1 0
122338 0 6 68 1 1
474414 0 6 68 3 0
334005 0 6 69 3 0
470322 1 4 69 3 0
85214 0 6 70 1 0
121483 1 3 70 0 0
121486 1 3 70 2 0
171066 0 6 71 3 1
28621 0 6 72 3 0
84574 1 2 72 1 0
84578 0 6 72 1 0
121500 0 6 72 0 0
470319 1 3 72 1 0
85669 0 6 73 3 0
121061 0 6 73 3 0
121495 1 2 74 3 0
84577 1 4 75 1 0
85103 0 6 75 1 0
121502 1 3 75 3 0
85458 0 6 77 1 0
85583 0 6 77 3 1
85684 1 3 77 1 0
3766 1 5 78 2 0
84573 1 3 78 1 0
84994 1 4 79 1 0
85108 0 6 79 2 0
85445 1 5 79 1 0
85459 0 6 79 1 0
85637 1 3 79 1 0
121494 0 6 79 2 1
85457 1 4 80 1 0
84575 1 3 81 3 1
84995 1 2 81 3 0
85454 1 4 81 3 0
84509 1 4 82 1 1
85003 0 6 82 1 0
85549 1 4 82 1 0
85635 1 2 82 1 0
93965 0 6 82 3 0
85634 0 6 83 1 0
85636 0 6 83 1 0
85089 0 6 84 1 0
85210 0 6 84 1 0
85543 0 6 84 2 0
85345 1 2 85 3 0
85393 0 6 85 1 0
85407 1 3 85 1 0
85638 0 6 85 3 1
85318 1 3 86 1 0
85871 1 3 86 3 0
84406 1 4 87 1 1
84681 1 3 87 1 0
84702 1 3 87 1 0
84427 1 3 88 1 0
84515 0 6 88 1 0
84699 1 4 88 1 0
84968 0 6 89 1 0
85314 1 2 89 3 0
85406 0 6 89 1 0
85408 1 3 89 3 1
85587 0 6 89 1 0
84550 0 6 90 1 0
85178 0 6 90 1 0
85682 1 2 90 1 0
149092 0 6 90 2 0
84431 1 3 91 3 0
84549 0 6 91 1 1
84565 0 6 91 1 0
84704 1 3 91 1 0
84899 1 3 91 1 1
85141 1 2 91 1 0
84516 0 6 92 1 0
84589 1 2 92 1 1
84877 0 6 92 1 0
84990 0 6 92 1 0
85179 1 3 92 1 0
85411 0 6 92 1 0
85586 1 3 92 1 0
85830 0 6 92 1 0
85864 1 4 92 1 0
84906 0 6 93 1 0
85344 1 2 93 1 0
85723 1 2 93 1 0
85791 0 6 93 1 0
149093 0 6 93 2 0
534031 0 6 93 3 0
84567 0 6 94 1 0
84851 1 3 94 1 0
84979 1 2 94 1 1
85088 1 3 94 1 0
85722 1 4 94 1 0
85889 0 6 94 1 0
84388 0 6 95 4 0
84566 0 6 95 1 1
84823 0 6 95 1 0
84846 1 4 95 3 0
84878 1 4 95 3 0
84981 0 6 95 1 0
84982 1 3 95 3 1
84992 0 6 95 3 0
85072 1 4 95 1 0
85443 0 6 95 1 0
85598 0 6 95 1 0
85725 0 6 95 3 0
325660 1 3 95 3 1
337302 1 4 95 3 0
337834 0 6 95 3 0
84844 1 4 96 3 1
85142 1 3 96 1 0
85621 0 6 96 1 0
85686 1 2 96 3 0
149094 0 6 96 2 0
84587 1 3 97 1 0
84754 1 2 97 1 0
84972 0 6 97 1 0
84980 1 2 97 1 0
85309 1 4 97 2 0
85386 1 3 97 1 0
85410 0 6 97 1 0
85538 0 6 97 1 0
85589 1 3 97 3 0
85592 0 6 97 1 0
85833 0 6 97 1 0
84724 0 6 98 1 0
84773 1 2 98 1 0
84988 0 6 98 3 0
85377 0 6 98 1 0
85467 1 2 98 1 0
85603 1 2 98 4 0
85721 0 6 98 3 0
85724 0 6 98 3 1
392727 1 4 98 3 0
84974 0 6 99 1 0
85027 1 4 99 1 0
85073 0 6 99 1 0
85312 0 6 99 1 0
85486 1 3 99 2 0
85720 1 4 99 3 0
85753 0 6 99 1 0
142647 0 6 99 3 0
246962 0 6 99 3 0
84707 1 2 100 1 0
84733 1 2 100 4 0
84770 1 3 100 0 1
84771 0 6 100 3 1
85062 1 3 100 1 0
85182 0 6 100 1 0
85337 0 6 100 4 1
85645 1 2 100 4 1
302161 0 6 100 2 0
84723 1 3 101 1 0
84780 0 6 101 3 0
84928 0 6 101 1 0
84977 0 6 101 3 0
85388 1 3 101 1 0
85809 0 6 101 1 0
85870 1 3 101 1 0
338175 0 6 101 2 0
985 0 6 102 3 0
84418 1 5 102 4 0
84510 0 6 102 3 0
84774 0 6 102 1 0
84830 1 3 102 0 0
84842 0 6 102 1 0
84940 1 4 102 0 0
84978 0 6 102 3 0
85060 0 6 102 1 0
85063 1 4 102 3 0
85359 1 4 102 1 0
85379 0 6 102 1 0
85593 1 3 102 1 0
85768 1 3 102 1 0
84727 0 6 103 0 0
84753 0 6 103 0 0
84819 1 4 103 1 0
84975 0 6 103 1 0
85026 0 6 103 1 0
85547 1 3 103 1 0
85807 1 4 103 0 0
85813 1 3 103 3 0
201087 0 6 103 3 0
84496 0 6 104 3 0
84725 1 4 104 3 0
84900 1 3 104 3 0
84931 0 6 104 3 1
85009 0 6 104 1 1
85028 1 3 104 3 0
85087 0 6 104 1 0
85170 0 6 104 1 0
85173 1 3 104 1 0
85353 1 3 104 3 0
85876 0 6 104 3 0
85878 1 3 104 3 0
299615 0 6 104 3 1
84769 0 6 105 0 0
84976 0 6 105 3 0
85053 0 6 105 1 0
85311 0 6 105 1 0
85347 1 3 105 1 0
85501 1 4 105 0 0
84378 0 6 106 1 0
84544 1 2 106 1 0
84708 1 4 106 1 0
84930 0 6 106 1 0
85064 1 4 106 3 0
85176 0 6 106 3 0
85810 0 6 106 2 0
167807 0 6 106 3 0
536338 0 6 106 3 0
988 0 6 107 4 1
4207 0 6 107 3 0
84542 1 2 107 0 0
85049 1 3 107 4 1
85162 0 6 107 1 0
85509 0 6 107 1 0
85694 0 6 107 3 0
85808 1 4 107 1 0
299613 0 6 107 3 0
471 1 4 108 3 1
84498 1 2 108 4 0
84740 0 6 108 1 0
85154 1 3 108 1 0
85169 0 6 108 0 0
85206 0 6 108 3 0
85378 0 6 108 1 0
85741 0 6 108 1 1
85743 0 6 108 3 0
85811 0 6 108 2 0
297929 0 6 108 1 0
85354 0 6 109 3 0
85691 0 6 109 2 0
85713 0 6 109 1 0
84711 0 6 110 3 0
85174 1 2 110 1 0
85703 0 6 110 1 0
267308 0 6 110 3 0
297145 0 6 110 1 1
297928 0 6 110 1 0
84543 0 6 111 1 0
84545 1 2 111 1 0
84787 1 3 111 1 0
85168 0 6 111 0 0
85376 0 6 111 0 0
85382 1 3 111 3 0
85745 0 6 111 3 0
297933 0 6 111 1 0
298027 1 4 111 1 0
84741 0 6 112 3 0
85021 1 3 112 1 0
85161 0 6 112 1 0
85328 0 6 112 1 0
85712 1 2 112 1 0
85715 0 6 112 3 0
85727 1 3 112 4 0
84788 1 3 113 1 0
85163 1 4 113 1 0
85339 1 4 113 2 0
85748 1 3 113 1 0
297934 1 4 113 1 0
298545 1 3 113 1 0
301107 1 4 113 3 1
84897 0 6 114 3 0
85865 1 2 114 1 0
297308 0 6 114 1 0
84546 1 2 115 2 0
84742 1 3 115 3 0
85177 0 6 115 4 0
297790 0 6 115 1 0
298192 1 3 115 1 0
84786 0 6 116 0 0
85327 1 4 116 1 0
85704 1 3 116 1 0
85714 1 3 116 1 0
297932 0 6 116 1 0
298546 0 6 116 1 0
84789 1 3 117 1 0
85863 1 2 117 1 0
297060 0 6 117 1 0
297842 1 2 117 1 0
298002 0 6 117 1 0
317631 1 4 117 4 1
85020 0 6 118 1 0
85716 1 3 118 3 0
84450 1 3 119 4 1
84714 1 3 119 1 0
232169 0 6 119 3 0
297058 1 3 119 0 0
298191 1 2 119 1 1
298548 0 6 119 3 0
85351 0 6 120 1 0
85699 1 4 120 1 0
297062 0 6 120 3 0
297295 1 4 120 1 0
297397 0 6 120 1 0
297571 1 4 120 1 0
297935 1 3 120 3 0
298128 1 4 120 1 0
298190 1 3 120 0 0
84797 0 6 121 1 0
297175 0 6 121 1 1
297635 1 3 121 1 0
297889 0 6 121 4 1
85698 0 6 122 1 0
296957 0 6 122 0 0
424045 1 3 122 2 0
84756 1 3 123 2 0
84758 1 2 123 1 0
297317 0 6 123 1 0
297401 0 6 123 1 0
298127 0 6 123 0 0
298193 1 3 123 1 0
298264 0 6 123 1 0
297663 1 3 124 1 0
298130 0 6 124 1 0
84755 1 3 125 2 0
85014 0 6 125 1 0
85548 0 6 125 1 0
297638 1 3 125 3 0
297742 1 2 125 1 0
297760 0 6 125 1 0
85567 0 6 126 1 0
85732 0 6 127 1 0
296966 0 6 127 1 0
297614 1 3 127 1 0
84761 1 3 128 3 0
85352 0 6 128 1 0
85546 1 4 128 3 0
296850 1 4 128 1 0
297400 1 4 128 1 0
297666 0 6 128 1 0
297762 0 6 128 1 0
298008 1 4 128 1 0
297394 1 3 129 1 0
298195 1 2 129 3 0
298245 1 4 130 1 0
236545 1 3 131 3 0
297291 1 3 131 1 0
297395 0 6 131 3 0
297293 1 3 132 3 0
297399 0 6 132 0 0
298046 1 3 132 1 0
298239 1 4 132 1 0
298246 0 6 132 1 0
112444 0 6 133 3 0
297857 0 6 133 1 0
298009 1 3 133 3 0
298332 1 4 133 1 0
298591 1 4 133 1 0
297393 0 6 134 1 0
298047 1 5 134 1 0
360539 1 5 134 3 0
236543 1 3 135 1 0
297398 0 6 135 3 0
298244 0 6 135 3 0
298250 0 6 135 1 0
70958 1 2 136 3 0
297650 0 6 136 1 0
297967 0 6 136 4 0
298335 1 3 136 3 0
298589 0 6 137 1 1
345243 1 3 137 3 1
235913 1 4 138 1 0
531654 0 6 138 3 0
236544 1 3 140 1 0
298026 0 6 140 1 0
236128 0 6 141 1 0
297648 1 3 141 0 0
298017 1 3 141 1 0
298325 1 4 141 4 0
235377 0 6 142 1 0
298028 0 6 142 1 0
234715 1 3 143 1 0
235912 1 4 143 0 0
531655 1 2 143 3 0
297652 0 6 145 3 0
298019 1 2 145 1 0
298560 0 6 145 3 0
298594 1 2 145 1 0
235378 0 6 147 1 0
235376 1 3 148 1 0
296869 0 6 148 1 0
235839 1 2 149 1 1
298595 0 6 149 1 0
235379 1 3 150 3 0
235778 0 6 150 1 1
296868 1 3 150 1 0
298176 1 5 150 0 0
297000 0 6 151 1 0
235166 0 6 152 3 1
235382 1 3 152 3 0
236167 0 6 152 1 0
236634 1 3 152 1 0
296870 1 3 152 3 0
298156 1 4 153 1 0
235748 1 3 154 1 0
235838 0 6 154 1 0
236044 1 4 154 3 0
236187 1 3 154 1 0
296871 0 6 154 3 0
235167 1 2 155 3 0
236633 1 3 155 0 0
236636 0 6 155 3 0
235015 0 6 156 1 0
236424 1 3 156 1 0
234661 1 3 157 1 0
236635 0 6 157 1 0
11751 1 3 158 3 1
235048 1 3 158 3 0
235449 1 3 158 2 0
236186 1 3 158 1 0
236423 0 6 158 0 0
236427 0 6 158 3 0
490455 0 6 160 3 0
204360 1 3 162 3 0
236422 1 5 162 0 0
462814 0 6 162 3 0
549010 1 2 163 3 0
185644 1 2 164 3 0
297365 0 6 164 2 0
390004 0 6 165 3 0
236425 0 6 166 1 0
236426 1 2 166 3 0
14149 0 6 167 3 0
140304 0 6 167 3 0
549017 0 6 167 3 0
159809 1 3 169 3 0
234837 1 2 171 4 1
549014 1 4 171 1 0
458172 1 2 172 3 0
549042 1 2 174 1 0
548886 1 4 179 1 0
549946 0 6 180 1 0
549729 0 6 182 1 0
549730 0 6 183 1 0
548885 1 3 185 1 0
549118 0 6 186 1 0
549732 0 6 186 3 0
549932 0 6 187 1 0
549712 1 4 188 1 0
549117 1 3 191 0 0
549707 0 6 191 2 0
549930 1 3 191 1 0
549139 1 3 192 3 0
549753 1 4 193 1 0
549934 1 4 193 3 0
549115 0 6 194 0 0
549116 0 6 194 0 0
549703 0 6 194 0 1
548389 0 6 195 1 0
549111 1 4 195 1 0
549405 0 6 195 4 0
549931 0 6 195 1 0
549064 1 3 196 1 1
549103 0 6 196 1 0
549421 1 3 197 1 0
549935 0 6 197 3 0
549394 0 6 198 1 0
549199 0 6 199 1 0
549705 1 3 199 3 0
548440 0 6 200 1 0
549062 1 3 200 1 0
549515 1 2 200 4 0
550112 1 4 200 1 0
549475 0 6 201 1 0
549744 0 6 201 1 0
549933 1 3 201 1 0
548441 1 5 202 1 0
548443 1 4 202 2 0
548444 1 3 202 3 0
548454 1 3 202 1 0
549423 1 3 202 3 0
549788 1 2 202 1 0
548411 1 4 203 1 0
549007 1 3 203 1 0
549337 0 6 203 1 0
549510 1 3 203 1 0
550114 0 6 203 3 1
446871 0 6 204 4 0
549787 1 2 204 1 0
550111 1 3 204 0 0
550113 0 6 204 1 0
548412 0 6 205 1 0
549165 1 2 205 1 0
549835 1 4 205 4 1
549863 0 6 205 1 0
550119 0 6 205 1 0
548314 1 4 206 3 1
548425 0 6 206 2 1
548589 1 4 206 1 0
549250 1 3 206 1 0
550104 0 6 206 1 0
433077 1 3 207 2 0
548442 0 6 207 1 0
548592 1 3 207 3 0
548894 0 6 207 3 1
549330 1 2 207 0 0
549434 1 4 207 4 0
549786 1 3 207 1 1
548523 0 6 208 3 1
550115 0 6 208 3 0
144522 0 6 209 2 0
548959 0 6 209 3 0
549166 0 6 209 1 0
549862 1 2 209 0 0
217483 1 4 210 3 0
514066 1 2 210 3 0
548779 1 3 210 2 0
549334 0 6 210 3 0
549406 1 4 210 3 0
549834 0 6 210 4 1
494677 1 2 211 3 0
548591 1 4 211 3 0
549279 0 6 211 1 0
549350 1 4 211 1 1
549740 0 6 211 1 0
549865 0 6 211 3 0
548560 0 6 213 1 0
549331 1 4 213 1 0
549333 0 6 213 3 0
549766 1 3 213 1 0
549056 0 6 214 3 0
549314 0 6 214 1 0
549353 1 3 214 3 1
549861 0 6 214 0 1
550082 0 6 214 0 0
548706 0 6 215 4 1
548379 1 2 216 2 0
548524 0 6 216 3 0
549347 0 6 216 3 0
549622 0 6 216 1 0
549758 1 3 216 3 1
372261 0 6 217 3 0
517572 1 2 217 3 1
549352 0 6 218 2 0
549488 0 6 218 1 0
549058 1 4 219 1 1
549318 1 3 219 3 0
550085 1 3 219 3 0
111449 0 6 220 3 0
550019 1 4 220 1 0
3936 0 6 221 3 0
549317 0 6 221 3 0
549090 1 3 222 1 0
3937 0 6 223 3 1
549316 0 6 223 3 0
549481 1 3 223 1 0
549091 0 6 224 3 0
550021 1 3 224 3 0
417893 1 4 226 3 0
549462 0 6 227 4 1
549486 1 4 228 3 0
549092 1 2 229 3 0
413178 1 2 232 3 0
549460 1 3 232 3 0
11457 1 4 233 3 0
37827 0 6 234 3 0
131788 1 3 234 3 0
549461 1 4 234 3 0
11451 0 6 235 1 0
549458 1 3 235 1 0
314158 0 6 236 3 0
11453 1 4 237 3 0
314155 0 6 237 2 0
11452 1 3 238 3 0
11456 0 6 238 3 0
38311 0 6 238 2 0
548768 1 2 238 1 0
56270 1 5 239 3 0
11450 1 3 241 1 0
11454 0 6 242 0 0
34978 0 6 242 3 0
269 0 6 243 3 0
34974 1 5 245 3 0
11747 0 6 248 0 0
11748 1 4 250 1 0
11730 1 4 253 1 0
12167 1 3 253 1 0
11938 0 6 254 1 0
12616 1 2 254 1 0
11243 0 6 255 1 0
12547 1 3 255 4 1
11939 0 6 256 3 0
12795 0 6 256 1 0
11492 0 6 257 1 0
12527 0 6 257 1 0
12797 0 6 258 3 0
12800 1 4 258 1 0
11245 1 4 259 2 0
11455 1 5 259 1 0
12794 0 6 260 0 0
11889 1 2 261 3 0
263473 0 6 261 3 0
12007 1 3 263 1 0
12798 1 3 263 0 0
12828 1 4 264 1 0
11887 1 4 265 1 0
12340 1 3 266 1 0
12799 1 4 266 1 0
12830 1 3 266 3 0
12338 1 4 270 1 0
12103 1 5 273 1 0
12342 0 6 273 3 0
12874 0 6 273 1 0
12104 1 3 274 1 0
12339 0 6 274 1 0
12108 1 3 276 3 0
16756 0 6 279 2 0
11554 0 6 281 1 0
16755 1 3 282 1 0
11557 1 3 283 3 0
16006 1 3 284 1 0
17150 0 6 285 1 0
16004 0 6 286 1 0
16008 1 5 286 3 0
16042 1 2 286 1 0
6005 0 6 288 3 0
16873 0 6 288 3 0
6004 1 3 289 1 0
15477 0 6 289 1 0
7088 1 3 290 3 0
16870 1 4 291 1 0
16872 1 3 293 3 0
16869 0 6 295 1 0
16867 1 4 296 0 0
16883 1 4 296 1 0
16798 1 3 297 3 0
16986 0 6 297 1 0
15870 0 6 298 1 0
16871 0 6 300 2 0
75559 1 3 301 3 1
