229068 0 4 5 3
229069 0 4 5 3
538135 0 4 5 1
277950 0 9 5 4
516487 0 14 5 1
516488 0 14 5 1
516077 1 15 5 1
516078 1 15 5 1
517086 0 16 12 1
517094 1 16 5 1
516336 0 18 5 1
515858 0 19 5 1
515860 0 19 5 1
515861 0 19 5 1
516673 0 19 5 1
516675 0 19 5 1
517088 0 20 8 1
517091 0 20 5 1
516213 0 21 5 1
516335 0 21 5 3
516827 0 21 5 3
517008 0 21 5 1
515727 0 22 8 1
516498 0 22 5 1
516665 0 22 5 3
516666 0 22 5 3
516705 0 22 5 1
516706 0 22 5 1
517204 1 22 5 3
517206 1 22 5 3
517203 0 24 5 3
515729 0 25 5 1
516326 0 25 5 3
516617 0 25 5 3
105283 0 26 5 3
105286 0 26 5 3
483396 0 28 5 3
515657 0 29 5 1
516428 0 29 5 1
516429 1 29 5 1
516704 0 29 5 1
516550 1 30 5 3
516551 1 30 5 3
516555 0 30 5 0
516613 0 30 5 1
516620 1 30 5 3
516621 1 30 5 3
515932 1 31 5 1
516808 1 31 5 1
516304 0 32 5 3
516431 0 33 5 1
517077 0 33 5 3
517118 0 33 5 1
517121 0 33 7 1
517123 0 33 7 1
515891 0 34 5 1
515892 0 34 5 1
516250 1 34 5 1
516306 0 34 5 3
516705 0 34 5 3
516707 0 34 5 3
517256 0 34 5 1
516222 1 35 5 1
517122 0 35 5 0
516344 0 36 5 3
516346 0 36 5 3
515852 0 38 5 1
515853 0 38 5 1
516175 0 38 5 1
516179 0 38 5 1
19547 0 40 5 3
19549 0 40 5 3
515489 0 41 5 3
515490 0 41 5 3
515492 0 41 5 3
515967 0 43 5 1
515970 0 43 5 1
515481 1 44 5 1
516858 1 44 5 4
516865 0 44 5 2
516263 0 47 5 0
516264 0 47 5 0
517777 0 47 5 0
517779 0 47 5 0
517780 0 47 5 0
517781 0 47 5 0
515320 1 48 5 1
515517 0 49 5 1
515518 0 49 5 1
515556 0 49 5 0
516865 1 50 5 3
516867 1 50 5 3
515479 0 52 5 2
515482 0 52 5 2
515552 0 52 5 2
423034 1 54 5 4
515511 0 57 5 2
515902 0 58 5 1
515905 0 58 5 1
516923 0 60 5 3
516692 0 61 5 3
516919 0 62 5 1
517164 0 65 5 1
515489 0 66 5 1
516352 0 66 5 1
220673 0 67 5 3
220676 0 67 5 3
515902 0 67 5 3
515903 0 67 5 3
515904 0 67 5 3
517164 0 70 5 3
516267 0 71 5 1
516268 0 71 5 1
51885 0 72 5 3
331386 0 72 5 3
141276 1 73 5 1
196200 0 84 9 1
305476 0 86 5 1
305480 0 86 5 1
305481 0 86 5 1
196423 0 87 5 0
307367 0 87 5 1
307368 0 87 5 1
52275 1 89 5 3
306077 0 92 5 1
306080 0 92 5 1
306081 0 92 5 1
307352 0 92 5 1
305119 0 93 5 2
306448 0 96 5 1
306449 0 96 5 1
306164 0 97 6 1
306160 0 98 5 1
306161 0 98 5 1
306559 1 99 5 1
306561 1 99 5 1
306876 1 100 5 1
306877 1 100 5 1
306149 0 103 5 2
306151 0 103 5 2
515889 1 294 5 3
515892 1 294 5 3
