12988 0 6 6 2 1
34722 0 6 6 3 0
147625 1 4 6 3 0
229070 1 3 6 3 0
277067 1 3 6 4 1
457051 1 3 6 3 0
511136 0 6 6 3 0
517124 0 6 6 3 0
538537 0 6 6 1 0
557883 0 6 6 3 0
277066 1 3 7 4 0
538133 1 4 7 1 0
517121 0 6 8 1 0
515487 0 6 10 3 1
277949 1 3 11 4 0
517122 1 3 11 1 0
516897 0 6 12 1 0
517178 0 6 14 1 0
516243 0 6 15 1 0
516437 1 3 15 1 0
516489 1 2 15 1 0
517119 0 6 15 1 0
515860 1 4 17 1 0
516226 0 6 17 1 0
516245 0 6 17 1 0
516595 0 6 17 1 0
517089 1 2 17 1 0
516075 1 5 18 1 0
516231 1 3 18 3 0
516244 1 3 18 1 0
517004 0 6 18 3 0
517093 1 4 18 1 0
517123 0 6 18 3 0
515703 0 6 19 1 0
517088 0 6 19 1 0
515859 1 2 20 1 0
516217 1 3 20 1 0
516282 0 6 20 1 0
516333 1 3 20 1 0
516487 0 6 20 0 0
516490 0 6 20 1 0
516596 1 4 20 1 0
516077 1 4 21 3 0
516085 0 6 21 1 0
516436 1 4 21 0 0
516723 1 2 21 1 0
517130 0 6 21 1 0
432537 0 6 22 3 0
515712 0 6 22 1 0
515904 0 6 22 1 0
515926 0 6 22 1 0
517048 1 4 22 1 0
517416 1 4 22 2 0
516086 0 6 23 1 1
516159 1 2 23 4 0
516212 0 6 23 1 0
516461 0 6 23 1 0
516597 0 6 23 2 1
516087 0 6 24 1 0
516215 0 6 24 0 0
516408 1 4 24 1 0
516494 1 4 24 1 0
517091 1 2 24 3 0
515890 0 6 25 1 0
516266 1 4 25 1 0
516334 0 6 25 2 0
516498 0 6 25 3 0
516614 0 6 25 1 1
517129 0 6 25 1 0
517257 1 3 25 1 0
516166 0 6 26 1 0
516285 0 6 26 3 0
516722 0 6 26 0 0
517230 0 6 26 3 1
515928 1 3 27 3 1
516218 0 6 27 2 0
516409 1 4 27 3 0
517132 0 6 27 3 0
515490 0 6 28 1 0
515754 1 3 28 1 0
516733 1 4 28 1 0
516780 0 6 28 1 0
516979 1 3 28 1 0
517005 0 6 28 1 0
517101 1 3 28 1 0
517177 0 6 28 1 0
515489 1 3 29 1 0
516000 1 4 29 0 1
516565 0 6 29 1 0
516608 0 6 29 3 0
516721 0 6 29 3 0
517100 1 4 29 0 0
517259 1 2 29 3 0
515492 0 6 30 3 0
515747 1 4 30 1 1
515753 0 6 30 0 0
516265 0 6 30 1 0
516284 0 6 30 1 1
516719 1 4 30 1 0
516978 1 5 30 1 0
116682 0 6 31 3 0
488220 1 4 31 3 0
515641 1 4 31 4 0
515737 1 3 31 2 0
515872 1 3 31 1 0
516005 0 6 31 3 0
516270 0 6 31 3 0
516736 0 6 31 4 1
517179 0 6 31 3 0
39791 1 3 32 3 0
515981 1 4 32 1 0
516223 0 6 32 4 0
516267 1 2 32 1 0
516344 0 6 32 1 0
516460 1 3 32 1 0
516615 1 4 32 1 0
516674 0 6 32 1 0
517102 0 6 32 1 0
515748 1 3 33 1 0
515749 0 6 33 3 0
515873 0 6 33 1 1
516001 0 6 33 1 0
516580 0 6 33 1 0
516720 0 6 33 3 1
368972 1 4 34 3 0
515497 0 6 34 2 0
516248 0 6 34 1 0
516420 0 6 34 1 0
516607 0 6 34 3 0
516646 1 5 34 1 0
517103 0 6 34 3 1
517192 1 3 34 1 0
517200 0 6 34 1 0
516997 1 4 35 1 0
517108 0 6 35 3 1
515745 0 6 36 4 1
517097 1 5 36 1 0
116679 0 6 37 1 0
367854 1 4 37 2 0
368966 0 6 37 1 0
515640 0 6 37 3 0
515875 0 6 37 3 0
516177 0 6 37 1 1
517115 1 5 37 1 0
517176 0 6 37 0 0
517185 1 2 37 1 0
516002 1 4 38 1 0
516250 0 6 38 3 1
516417 0 6 38 3 0
516585 1 4 39 1 0
516648 0 6 39 3 1
228573 1 3 40 3 0
516176 0 6 40 1 0
516647 0 6 40 2 0
517050 0 6 40 1 0
517113 0 6 40 0 0
355411 1 3 41 3 0
356129 1 3 41 2 0
515948 1 2 41 3 0
516216 0 6 41 1 0
516586 0 6 41 1 0
517188 1 3 41 3 0
115796 1 3 42 1 0
515610 0 6 42 1 0
517114 1 3 42 1 0
515622 0 6 44 1 0
515797 1 3 44 1 0
355409 1 3 45 1 0
355410 0 6 45 3 0
419705 0 6 45 3 1
516081 0 6 45 1 0
516219 0 6 45 3 0
516584 0 6 45 1 0
516638 1 3 45 3 1
517067 1 4 45 1 0
517189 0 6 45 3 0
515612 0 6 46 3 0
516921 0 6 46 1 0
115798 1 4 47 2 0
355407 0 6 47 1 0
516008 0 6 47 1 0
528095 1 3 47 3 0
515611 0 6 48 3 1
517068 0 6 48 1 0
419709 1 2 49 3 0
515874 1 3 50 1 0
516009 1 4 50 1 0
355342 0 6 51 4 0
419702 0 6 51 1 0
514286 1 4 51 3 1
515713 0 6 52 1 0
528094 1 3 52 3 0
354519 1 3 53 1 1
515867 0 6 53 0 0
354655 1 3 54 1 0
419703 1 2 54 1 1
510046 1 3 54 3 0
514287 0 6 54 3 0
515871 0 6 54 3 0
516227 1 3 54 1 0
355902 0 6 55 1 0
419461 1 3 55 1 0
516207 0 6 55 4 0
516666 0 6 55 1 0
354628 0 6 56 1 0
419462 0 6 56 1 0
420562 1 4 56 1 0
354094 1 4 57 1 0
354521 1 4 57 1 0
419712 1 3 57 3 0
420465 0 6 57 3 0
420809 0 6 57 1 0
515820 0 6 57 3 0
515868 0 6 57 1 0
516206 1 2 57 4 1
353560 0 6 58 1 0
354058 1 3 58 1 0
419778 0 6 58 1 0
420110 0 6 58 1 0
420399 0 6 58 1 0
420505 0 6 58 1 0
515882 1 3 58 3 0
419270 0 6 59 1 0
419750 1 4 59 1 0
419770 1 3 59 1 0
420035 1 3 59 1 0
420036 0 6 59 1 0
420062 0 6 59 1 0
420563 0 6 59 2 0
420609 1 4 59 1 0
420704 0 6 59 1 0
515869 0 6 59 1 0
354059 1 4 60 1 0
354093 0 6 60 0 0
354096 0 6 60 2 0
419101 1 4 60 1 0
419460 1 4 60 1 0
419463 0 6 60 1 0
419987 0 6 60 1 0
420109 1 3 60 1 0
420111 0 6 60 3 1
515881 1 3 60 3 0
419761 0 6 61 4 1
419776 1 3 61 1 0
420037 1 3 61 1 0
420327 0 6 61 3 1
420779 1 3 61 1 0
517136 0 6 61 1 0
354229 0 6 62 3 0
354522 0 6 62 1 0
355176 0 6 62 1 0
355914 1 5 62 1 0
419217 1 3 62 3 0
419335 1 4 62 1 0
419488 0 6 62 1 0
419751 0 6 62 1 0
419986 0 6 62 1 0
420048 0 6 62 1 0
420067 0 6 62 3 0
420233 0 6 62 1 0
420464 0 6 62 1 0
420541 0 6 62 1 0
516703 0 6 62 1 0
354691 1 4 63 1 0
355953 0 6 63 1 0
419111 0 6 63 1 0
419145 1 3 63 1 0
419831 1 5 63 1 1
420063 1 3 63 2 0
420415 1 3 63 1 0
420572 0 6 63 4 0
420741 0 6 63 1 1
515985 1 2 63 0 0
516704 0 6 63 1 0
354157 0 6 64 0 0
354867 0 6 64 1 0
355954 0 6 64 3 0
419714 1 4 64 2 1
419754 0 6 64 1 1
420326 0 6 64 3 0
420589 0 6 64 1 0
420848 0 6 64 3 0
419102 1 2 65 1 0
419103 0 6 65 3 0
419301 1 2 65 1 0
419340 1 3 65 3 0
419465 1 4 65 3 0
419663 0 6 65 4 0
419748 1 3 65 1 0
419760 1 3 65 4 0
420052 0 6 65 3 0
420268 0 6 65 4 1
420778 0 6 65 1 0
515789 0 6 65 1 0
517134 0 6 65 0 0
354221 0 6 66 3 0
419302 0 6 66 2 0
419752 1 3 66 3 0
420049 0 6 66 1 0
420776 0 6 66 3 0
420806 0 6 66 1 0
482808 1 3 66 2 0
516684 0 6 66 0 0
516702 1 3 66 1 0
145 1 3 67 3 0
354693 1 3 67 1 0
354696 1 3 67 3 0
355936 0 6 67 1 0
419236 1 3 67 4 0
419489 0 6 67 1 0
419628 1 3 67 1 0
419996 0 6 67 3 0
420548 1 4 67 3 0
420807 1 4 67 1 0
515792 0 6 67 3 0
528099 1 4 67 3 0
354803 1 4 68 1 1
355080 0 6 68 1 0
419753 0 6 68 3 0
420059 1 2 68 1 0
420108 0 6 68 1 0
420499 0 6 68 1 0
420743 0 6 68 1 0
420782 0 6 68 3 0
478297 0 6 68 2 1
515787 0 6 68 1 0
517137 1 3 68 2 0
547007 0 6 68 3 1
144 1 3 69 3 0
355892 0 6 69 3 0
355939 1 2 69 3 0
365774 0 6 69 3 0
418530 1 3 69 3 0
419110 1 4 69 1 0
420155 1 3 69 2 0
420254 0 6 69 1 0
142 0 6 70 1 0
74379 1 3 70 2 1
267140 0 6 70 3 0
353811 0 6 70 1 0
355077 1 4 70 3 0
355463 1 4 70 1 0
355640 0 6 70 1 0
419349 0 6 70 1 0
420050 0 6 70 1 0
420064 0 6 70 2 1
420808 0 6 70 1 0
444857 0 6 70 2 0
516705 1 3 70 1 0
353830 0 6 71 4 0
354447 1 3 71 1 0
355014 1 4 71 1 0
355636 0 6 71 1 0
355935 0 6 71 1 0
355938 0 6 71 3 0
419180 0 6 71 1 0
419307 0 6 71 3 0
419426 1 3 71 4 0
419627 0 6 71 1 0
419822 1 3 71 1 0
420115 0 6 71 1 0
515586 0 6 71 1 0
149 0 6 72 3 0
353924 0 6 72 1 0
354690 0 6 72 0 0
419701 0 6 72 1 0
419787 0 6 72 1 0
419820 0 6 72 1 0
420061 1 3 72 3 0
420112 1 2 72 3 0
420237 1 3 72 3 0
420547 0 6 72 1 0
420605 0 6 72 1 0
420786 1 4 72 3 1
478303 0 6 72 2 1
143 1 5 73 1 0
353812 1 2 73 1 1
354449 0 6 73 3 0
354756 1 4 73 1 0
354782 0 6 73 1 0
355462 0 6 73 1 0
356026 1 3 73 1 0
419246 0 6 73 1 0
419632 0 6 73 3 1
420236 1 2 73 3 0
502925 0 6 73 3 0
503787 1 3 73 3 0
247257 0 6 74 3 1
354801 1 3 74 0 0
354802 1 2 74 1 1
355201 0 6 74 1 0
419306 0 6 74 3 0
419717 0 6 74 1 0
419824 1 2 74 3 0
420410 1 3 74 1 1
420717 0 6 74 1 0
460959 1 3 74 3 0
293240 1 4 75 3 1
355200 1 2 75 0 0
355253 0 6 75 1 0
355934 1 3 75 1 0
419299 1 3 75 3 0
419456 0 6 75 3 0
420759 0 6 75 1 0
503525 1 2 75 4 0
136401 1 3 76 3 0
354272 0 6 76 4 1
354784 0 6 76 3 0
354831 0 6 76 1 0
355029 1 4 76 1 0
355076 0 6 76 1 0
355238 0 6 76 1 0
355315 1 2 76 1 0
355464 0 6 76 3 0
419541 0 6 76 1 0
419725 1 2 76 2 0
419823 1 5 76 3 0
420853 0 6 76 1 0
5649 1 3 77 2 0
270651 0 6 77 3 0
300178 0 6 77 3 0
354830 0 6 77 1 0
419300 0 6 77 3 0
419526 1 5 77 1 0
419693 0 6 77 1 0
419716 0 6 77 1 1
419718 1 5 77 3 0
419821 1 2 77 1 0
420060 1 3 77 3 0
420391 1 3 77 4 1
420565 0 6 77 1 1
420711 1 3 77 1 0
420866 0 6 77 1 0
97028 0 6 78 3 0
353632 0 6 78 1 0
354239 1 3 78 1 0
354478 0 6 78 0 0
354783 1 2 78 2 0
355260 0 6 78 1 0
355489 1 3 78 3 0
356267 1 3 78 1 0
419614 0 6 78 1 0
420566 1 3 78 1 0
420698 0 6 78 1 0
535529 0 6 78 3 0
323073 1 5 79 3 0
354398 0 6 79 1 0
356025 0 6 79 1 0
420627 0 6 79 1 0
420746 1 5 79 1 0
354352 1 3 80 3 1
354829 0 6 80 0 0
355199 1 4 80 0 1
355465 0 6 80 3 0
355633 0 6 80 1 0
355890 1 2 80 1 0
356023 0 6 80 4 1
356199 1 3 80 1 0
356244 1 4 80 3 1
420412 0 6 80 3 0
420552 0 6 80 1 0
5650 0 6 81 3 0
354397 0 6 81 1 0
356198 0 6 81 1 0
356243 1 3 81 2 0
419136 0 6 81 4 0
419670 0 6 81 1 0
419897 0 6 81 1 0
420628 1 4 81 3 0
420649 0 6 81 1 0
323070 0 6 82 1 0
354409 1 3 82 1 0
355368 0 6 82 1 0
355534 1 3 82 1 0
356201 0 6 82 3 0
382124 0 6 82 3 0
420200 0 6 82 1 0
420250 0 6 82 1 0
420629 0 6 82 3 0
471360 0 6 82 3 1
356205 0 6 83 1 0
419137 1 3 83 4 1
419669 0 6 83 1 0
420551 1 5 83 1 0
420867 1 4 83 1 0
535940 1 3 83 4 0
12039 0 6 84 2 0
323257 0 6 84 1 0
354400 0 6 84 1 0
355008 1 4 84 1 0
355901 1 4 84 1 0
392822 1 4 84 2 0
419453 0 6 84 1 0
420554 1 3 84 3 0
471359 0 6 84 3 1
168924 1 3 85 3 0
353724 1 3 85 1 0
356202 0 6 85 1 0
420252 0 6 85 3 0
420796 1 3 85 4 1
106613 1 4 86 3 0
130651 0 6 86 3 0
171780 0 6 86 3 0
323068 0 6 86 1 0
353594 1 3 86 4 0
354438 1 3 86 2 1
354997 0 6 86 0 0
355530 0 6 86 3 0
419135 1 3 86 3 0
420219 1 2 86 1 0
420794 0 6 86 3 0
355010 1 2 87 3 0
356270 1 3 87 3 0
106559 1 4 88 2 1
354781 1 4 88 1 0
355529 1 3 88 3 0
419200 0 6 88 3 0
420727 1 2 88 1 0
420795 0 6 88 3 0
456052 1 3 88 3 1
16351 1 5 89 3 0
168917 1 2 89 1 0
169116 0 6 89 1 0
355117 1 3 89 1 0
355904 0 6 89 3 0
419201 1 4 89 4 0
420222 0 6 89 3 0
460497 0 6 89 3 0
278468 0 6 90 3 0
323239 0 6 90 1 0
354815 1 4 90 1 0
106611 0 6 91 1 0
168493 0 6 91 1 0
168916 0 6 91 1 0
169115 1 4 91 1 0
300266 0 6 91 2 0
323072 0 6 91 3 0
354431 1 4 91 1 0
354437 1 4 91 2 0
355533 0 6 91 3 0
419589 0 6 91 3 0
420730 1 3 91 0 1
460493 1 3 91 0 0
168494 0 6 92 1 0
354743 1 2 92 3 1
354817 1 3 92 3 0
355537 1 2 92 2 1
419412 0 6 92 1 0
455958 0 6 92 3 0
456049 0 6 92 3 0
70045 0 6 93 3 0
168454 1 4 93 4 0
168486 0 6 93 3 0
169117 0 6 93 3 0
460495 1 3 93 2 0
460496 1 3 93 3 0
168535 1 4 94 1 0
168734 0 6 94 1 0
169114 0 6 94 3 1
278475 1 3 94 3 0
292374 0 6 94 3 1
323071 0 6 94 2 0
137380 0 6 95 3 0
168542 1 4 95 2 0
278476 0 6 95 3 1
296566 1 2 95 3 0
355613 1 3 95 3 0
168602 0 6 96 1 0
168918 0 6 96 3 0
169955 0 6 96 1 1
272952 1 3 96 3 1
354744 1 2 96 3 0
459598 0 6 96 3 0
70036 0 6 97 3 0
168541 0 6 97 1 0
168733 1 4 97 0 0
170175 1 3 97 3 0
354433 0 6 97 1 0
355552 1 3 97 4 1
445045 0 6 97 3 0
460500 0 6 97 3 0
512875 0 6 97 3 0
241140 1 3 98 2 0
278474 0 6 98 1 0
296738 1 5 98 1 0
168540 1 3 99 1 0
168736 1 5 99 3 0
169640 1 3 99 1 0
170174 0 6 99 2 0
278465 1 3 99 0 0
323069 0 6 99 1 0
355611 1 2 100 1 0
498157 0 6 100 3 0
70033 1 3 101 1 0
168543 0 6 101 3 1
169628 0 6 101 3 1
323064 0 6 101 2 0
333275 1 3 101 3 0
241141 1 4 102 2 1
278241 0 6 102 0 0
342151 0 6 102 3 0
512876 1 4 102 3 0
168539 1 3 103 1 0
169257 1 3 103 1 0
228533 0 6 103 3 1
274662 1 4 103 3 1
466224 1 3 105 3 0
495543 0 6 105 3 1
291455 0 6 107 2 1
