147625 3 2 3 0
229070 4 3 3 0
277067 4 3 4 1
457051 4 3 3 0
538133 4 2 1 0
277066 5 3 4 0
277949 9 3 4 0
517122 9 3 1 0
516437 13 3 1 0
515860 14 2 1 0
516075 14 1 1 0
516489 14 4 1 0
517093 15 2 1 0
516231 16 3 3 0
516244 16 3 1 0
517089 16 4 1 0
516596 17 2 1 0
516077 18 2 3 0
516217 18 3 1 0
516333 18 3 1 0
516436 18 2 0 0
515859 19 4 1 0
517048 19 2 1 0
517416 19 2 2 0
516723 20 4 1 0
516408 21 2 1 0
516494 21 2 1 0
516159 22 4 4 0
516266 22 2 1 0
517091 23 4 3 0
517257 23 3 1 0
516409 24 2 3 0
515928 25 3 3 1
516733 25 2 1 0
515754 26 3 1 0
516000 26 2 0 1
516978 26 1 1 0
516979 26 3 1 0
517100 26 2 0 0
517101 26 3 1 0
515489 27 3 1 0
515747 27 2 1 1
516719 27 2 1 0
488220 28 2 3 0
515641 28 2 4 0
517259 28 4 3 0
515737 29 3 2 0
515872 29 3 1 0
515981 29 2 1 0
516615 29 2 1 0
39791 30 3 3 0
516460 30 3 1 0
516646 30 1 1 0
368972 31 2 3 0
515748 31 3 1 0
516267 31 4 1 0
516997 32 2 1 0
517097 32 1 1 0
517192 32 3 1 0
517115 33 1 1 0
367854 34 2 2 0
516002 35 2 1 0
516585 36 2 1 0
517185 36 4 1 0
228573 38 3 3 0
355411 39 3 3 0
356129 39 3 2 0
517188 39 3 3 0
115796 40 3 1 0
515948 40 4 3 0
517114 40 3 1 0
515797 42 3 1 0
517067 42 2 1 0
355409 43 3 1 0
516638 43 3 3 1
115798 44 2 2 0
528095 45 3 3 0
516009 47 2 1 0
419709 48 4 3 0
514286 48 2 3 1
515874 48 3 1 0
528094 50 3 3 0
354519 51 3 1 1
354655 52 3 1 0
510046 52 3 3 0
516227 52 3 1 0
419461 53 3 1 0
419703 53 4 1 1
420562 53 2 1 0
354094 54 2 1 0
354521 54 2 1 0
419712 55 3 3 0
354058 56 3 1 0
419750 56 2 1 0
420609 56 2 1 0
515882 56 3 3 0
516206 56 4 4 1
354059 57 2 1 0
419101 57 2 1 0
419460 57 2 1 0
419770 57 3 1 0
420035 57 3 1 0
355914 58 1 1 0
420109 58 3 1 0
515881 58 3 3 0
419335 59 2 1 0
419776 59 3 1 0
419831 59 1 1 1
420037 59 3 1 0
420779 59 3 1 0
354691 60 2 1 0
419217 60 3 3 0
419145 61 3 1 0
419714 61 2 2 1
420063 61 3 2 0
420415 61 3 1 0
419465 62 2 3 0
515985 62 4 0 0
419340 63 3 3 0
419748 63 3 1 0
419760 63 3 4 0
419102 64 4 1 0
419301 64 4 1 0
419752 64 3 3 0
420548 64 2 3 0
420807 64 2 1 0
482808 64 3 2 0
516702 64 3 1 0
528099 64 2 3 0
145 65 3 3 0
354693 65 3 1 0
354696 65 3 3 0
354803 65 2 1 1
419236 65 3 4 0
419628 65 3 1 0
419110 66 2 1 0
517137 66 3 2 0
144 67 3 3 0
355077 67 2 3 0
355463 67 2 1 0
418530 67 3 3 0
420059 67 4 1 0
420155 67 3 2 0
74379 68 3 2 1
355014 68 2 1 0
355939 68 4 3 0
516705 68 3 1 0
143 69 1 1 0
354447 69 3 1 0
419426 69 3 4 0
419822 69 3 1 0
420786 69 2 3 1
354756 70 2 1 0
420061 70 3 3 0
420237 70 3 3 0
356026 71 3 1 0
420112 71 4 3 0
503787 71 3 3 0
293240 72 2 3 1
353812 72 4 1 1
354801 72 3 0 0
419823 72 1 3 0
420236 72 4 3 0
420410 72 3 1 1
460959 72 3 3 0
354802 73 4 1 1
355029 73 2 1 0
355934 73 3 1 0
419299 73 3 3 0
419526 73 1 1 0
419718 73 1 3 0
419824 73 4 3 0
136401 74 3 3 0
355200 74 4 0 0
503525 74 4 4 0
5649 75 3 2 0
323073 75 1 3 0
355315 75 4 1 0
419725 75 4 2 0
420060 75 3 3 0
420391 75 3 4 1
420711 75 3 1 0
420746 75 1 1 0
354239 76 3 1 0
355489 76 3 3 0
356267 76 3 1 0
419821 76 4 1 0
420566 76 3 1 0
354783 77 4 2 0
355199 77 2 0 1
356244 77 2 3 1
354352 78 3 3 1
356199 78 3 1 0
420628 78 2 3 0
355890 79 4 1 0
356243 79 3 2 0
420551 79 1 1 0
354409 80 3 1 0
355534 80 3 1 0
420867 80 2 1 0
355008 81 2 1 0
355901 81 2 1 0
392822 81 2 2 0
419137 81 3 4 1
535940 81 3 4 0
420554 82 3 3 0
106613 83 2 3 0
168924 83 3 3 0
353724 83 3 1 0
420796 83 3 4 1
353594 84 3 4 0
354438 84 3 2 1
419135 84 3 3 0
16351 85 1 3 0
106559 85 2 2 1
354781 85 2 1 0
356270 85 3 3 0
420219 85 4 1 0
355010 86 4 3 0
355529 86 3 3 0
419201 86 2 4 0
456052 86 3 3 1
354815 87 2 1 0
355117 87 3 1 0
420727 87 4 1 0
168917 88 4 1 0
169115 88 2 1 0
354431 88 2 1 0
354437 88 2 2 0
420730 89 3 0 1
460493 89 3 0 0
168454 90 2 4 0
354817 90 3 3 0
168535 91 2 1 0
354743 91 4 3 1
355537 91 4 2 1
460495 91 3 2 0
460496 91 3 3 0
168542 92 2 2 0
278475 92 3 3 0
355613 93 3 3 0
168733 94 2 0 0
272952 94 3 3 1
296566 94 4 3 0
296738 94 1 1 0
168736 95 1 3 0
170175 95 3 3 0
354744 95 4 3 0
355552 95 3 4 1
241140 96 3 2 0
168540 97 3 1 0
169640 97 3 1 0
278465 97 3 0 0
70033 99 3 1 0
241141 99 2 2 1
333275 99 3 3 0
355611 99 4 1 0
512876 99 2 3 0
274662 100 2 3 1
168539 101 3 1 0
169257 101 3 1 0
466224 103 3 3 0
