376203 7
451136 7
451139 7
49183 9
49185 9
114829 9
289477 15
289479 15
289480 15
288514 17
288759 20
288761 20
288731 21
288733 21
289104 21
288734 24
288737 24
289437 24
289438 24
288792 26
289376 26
289377 26
288546 28
289635 28
289637 28
288455 29
289539 29
289541 29
289897 29
288794 30
288795 30
289376 30
289378 30
289379 30
288281 31
288282 31
288285 31
289177 32
289212 32
289215 32
288317 33
288318 33
288458 33
289539 33
288456 35
289002 35
289537 35
289538 35
289540 35
289542 35
289624 36
288455 37
288459 37
289212 37
289213 38
289214 38
289215 38
289216 38
288349 39
288350 39
289002 39
289003 39
289904 39
289906 39
290288 41
290290 41
290291 41
97892 42
97894 42
97882 43
288423 43
289213 43
289215 43
289991 45
289989 48
97883 49
97884 49
288943 49
517975 50
517977 50
288940 51
288460 52
288463 52
288937 53
288938 53
288939 53
288942 53
517975 54
517978 54
288462 56
288464 56
97233 57
97235 57
97236 57
288694 60
97589 63
97590 63
96672 64
96674 64
97591 64
98010 64
98013 64
98336 64
98472 64
98473 64
98154 65
98155 65
98158 65
96649 68
96651 68
96652 68
96653 68
178343 68
43768 70
96888 71
98337 71
98338 71
43372 72
99215 74
43366 75
43369 75
326496 77
101531 78
101534 78
96809 80
96810 80
98396 82
