156253 1 3 3 1
156255 0 3 3 1
157407 1 4 3 1
420321 1 4 2 4
23745 1 4 2 3
157409 0 4 3 1
339026 1 5 3 3
315363 1 5 1 4
12265 0 5 3 3
339023 0 5 3 3
326592 1 8 3 3
326591 1 9 3 3
326593 1 9 3 3
155838 1 17 3 1
155743 1 20 2 1
155741 0 20 3 1
155745 0 20 3 1
156714 1 21 2 1
155964 1 21 2 1
155963 0 21 3 1
155966 0 21 3 1
155840 1 22 2 2
155837 0 22 3 2
155839 0 22 3 2
156620 0 22 3 1
156621 0 22 3 1
156713 1 22 5 1
156715 1 22 4 1
156618 1 23 2 1
156714 1 23 3 1
156598 1 24 1 1
156599 0 24 3 1
156600 0 24 3 1
156596 1 25 4 1
157588 1 25 3 1
157589 0 25 3 1
157590 0 25 3 1
155841 1 26 3 3
155838 0 26 3 3
155840 0 26 3 3
157200 1 29 2 1
156733 1 29 2 1
156732 0 29 3 1
156735 0 29 3 1
156736 0 29 3 1
157201 0 29 3 1
157202 0 29 3 1
156942 1 30 3 1
157587 1 30 2 1
157590 0 30 3 1
157132 0 31 3 1
157133 0 31 5 1
156760 1 32 2 1
157237 1 32 1 1
156762 0 32 3 1
157239 0 32 3 1
157240 0 32 3 1
156502 1 33 3 1
157130 1 33 2 0
156471 1 35 3 1
157389 1 38 2 1
156504 1 34 3 1
