194573 0 3 3 3
194575 0 3 3 3
317567 1 3 3 3
201805 0 4 3 1
201806 0 4 3 1
202349 1 4 3 1
93452 0 7 3 1
93455 0 7 3 1
203451 1 9 3 1
203454 1 9 3 1
203455 1 9 3 1
93811 0 11 3 1
93813 0 11 3 1
93814 0 11 3 1
22224 0 12 3 3
93926 0 13 3 1
93929 0 13 3 1
94305 0 14 3 1
94624 0 15 3 1
94625 0 15 3 1
94626 0 15 3 1
203820 0 16 3 1
203822 0 16 3 1
203823 0 16 3 1
93544 0 19 3 3
172363 0 20 3 3
203354 0 23 3 0
203356 0 23 3 0
203359 0 23 3 0
93546 0 24 3 2
203355 0 25 3 1
203357 0 25 3 1
203358 0 25 3 1
172364 0 26 3 2
203823 0 28 3 1
203367 0 30 3 1
