233713 3 2 3 1
18354 4 3 3 0
214792 4 3 1 0
216161 4 2 1 0
318361 4 3 1 0
49054 5 4 3 0
100586 5 4 1 0
216160 6 2 1 0
214710 7 3 1 0
215355 8 4 1 1
215650 8 2 1 0
216092 8 2 1 1
317599 8 3 1 0
215414 9 2 1 0
215867 10 2 1 0
317942 10 3 1 0
318031 10 3 1 0
216094 11 2 3 0
318860 11 2 1 0
215723 12 4 3 0
316963 13 2 1 0
318762 14 2 1 0
317671 15 3 4 0
318789 16 3 1 1
240693 17 3 3 0
317606 17 3 1 0
215975 18 3 4 1
317824 18 4 3 0
317986 18 3 1 0
318438 18 3 4 1
298885 19 1 3 0
317296 19 3 1 0
317672 19 3 3 0
317985 19 3 0 1
318726 19 2 1 0
318030 20 2 1 0
318755 20 2 1 1
316881 21 2 1 0
316968 21 4 3 0
317234 21 3 2 0
317298 21 3 1 0
317416 22 2 1 0
317987 22 2 1 1
454508 22 4 3 0
513562 23 2 3 0
316883 24 2 1 0
317142 24 4 1 0
317022 25 2 3 0
317640 25 2 1 0
317970 25 2 3 0
318956 25 2 1 0
317417 26 3 1 0
317530 26 2 1 0
317819 26 4 1 0
318303 26 3 1 0
316882 27 3 1 0
317144 27 3 3 1
317960 27 2 3 0
316991 28 2 1 0
317095 28 3 3 0
317179 28 4 1 0
317498 28 3 1 0
318088 28 2 1 0
318104 28 3 1 0
318809 28 3 1 0
331780 28 2 3 0
317379 29 3 1 0
317639 29 3 0 0
317771 29 3 3 0
316863 30 1 0 0
317415 30 2 1 0
317821 30 2 3 0
317961 30 4 3 0
318061 30 3 1 0
318727 30 2 1 0
318811 30 2 3 1
318247 31 2 3 0
318810 31 2 3 1
388973 31 3 3 0
316983 32 3 1 0
318054 32 2 1 0
318775 32 3 1 0
317636 33 1 1 0
318905 33 3 0 0
317405 34 2 1 0
318013 34 3 4 0
318105 34 3 1 0
317013 35 3 1 0
317648 35 3 3 0
389719 35 3 3 0
418270 35 3 3 0
534662 35 2 3 0
317647 36 3 3 0
318026 37 3 1 0
221933 38 3 3 0
317489 38 2 1 0
317581 38 4 3 0
317650 38 2 4 0
317725 38 2 3 0
318022 38 3 1 0
318283 38 1 3 0
319071 38 2 1 0
389725 38 3 3 1
433570 38 2 3 0
314365 39 2 4 1
318040 39 4 3 0
318057 40 3 1 0
318555 40 2 1 0
317050 41 3 1 0
317796 41 3 1 0
318060 41 2 3 0
318281 41 4 1 0
318282 41 3 3 1
317116 42 3 3 0
317669 42 3 1 0
317752 42 3 1 0
317800 42 2 3 0
318020 42 3 0 0
316948 44 3 1 0
317042 44 2 1 1
317949 45 3 1 0
317720 46 3 1 0
317290 47 3 1 0
317668 47 3 1 0
317614 48 3 3 0
317043 49 4 1 0
317388 49 3 1 0
317670 49 3 3 0
318559 49 2 3 0
316929 50 2 1 1
317255 50 2 1 0
366096 50 4 3 0
458134 50 3 3 0
38773 51 3 3 0
317513 51 3 2 0
317384 52 3 3 0
318558 52 2 3 0
140491 53 2 3 0
316902 53 3 3 0
317048 53 3 1 0
317389 53 3 1 0
317254 54 3 2 0
317490 54 4 1 0
318418 54 3 1 0
318452 56 4 3 0
318583 57 3 1 0
317056 58 4 3 1
318147 58 2 0 0
458130 58 4 1 0
458786 58 3 2 0
458131 60 3 1 0
317347 61 3 1 0
318148 61 3 1 0
458151 61 2 1 0
459036 61 4 1 0
317251 62 4 3 0
317901 62 2 1 0
459038 62 3 3 0
88704 64 3 3 0
426311 64 3 3 0
458132 64 3 1 0
458709 64 3 3 0
425474 65 2 3 0
426310 65 2 1 0
459092 67 3 1 0
317902 68 3 3 0
457264 68 1 0 0
458409 68 3 1 0
458625 70 3 4 0
512926 71 2 3 0
324864 72 2 3 0
405983 72 2 3 1
458446 72 3 1 0
458742 72 4 1 0
458817 72 3 1 0
110844 73 2 3 0
231859 74 2 3 0
458618 74 4 3 1
458172 75 3 1 0
424507 76 3 1 0
457696 76 3 1 0
458261 76 5 1 0
425159 77 2 1 0
440461 77 3 2 0
458596 78 2 1 1
458598 79 2 1 0
425190 81 3 1 0
425579 81 4 1 1
457206 81 3 1 1
457335 82 3 1 0
457711 82 1 3 0
458176 82 3 1 0
425328 83 3 3 0
457218 83 2 1 0
457480 83 2 3 0
458797 83 3 1 0
458861 83 4 1 0
47668 84 3 3 0
457682 84 2 3 1
458284 84 2 1 0
458715 84 4 1 0
425472 85 2 2 0
425576 85 4 0 1
425577 85 2 1 0
457339 85 2 1 0
458518 85 4 1 0
458855 85 2 1 0
424298 86 3 1 0
425605 86 1 3 0
127518 87 2 3 0
425179 87 2 1 0
425580 87 3 3 0
457608 87 2 3 0
458736 87 3 3 0
425715 88 4 1 0
457329 88 3 3 0
424994 89 2 1 0
457233 89 4 1 0
457489 89 2 2 0
458521 89 2 3 0
458799 89 4 1 0
425336 90 3 1 0
425461 90 2 1 0
425713 90 2 1 1
425714 90 3 1 0
457321 90 3 1 0
425180 91 4 3 0
457343 91 2 4 0
457860 91 2 1 0
425368 92 2 1 0
425369 92 2 3 1
457550 92 3 1 0
458031 92 3 1 0
457632 93 3 1 0
425338 94 2 3 0
425459 94 3 1 0
457092 94 1 1 0
457862 95 2 3 0
458562 96 2 1 0
457238 97 2 1 0
457954 97 4 1 0
457095 98 2 3 1
457955 98 1 1 0
425462 99 4 3 1
457240 99 2 3 0
457236 101 2 0 0
457316 101 4 1 0
457769 102 3 1 0
458563 102 3 1 0
458997 102 2 1 0
458739 104 2 2 0
458998 105 3 1 0
458424 106 3 1 0
458426 106 2 2 0
458418 107 3 3 0
458564 107 4 2 0
458415 108 2 3 0
458479 108 1 3 0
458423 109 2 0 0
458996 109 2 0 0
457592 111 1 1 0
458999 111 3 1 0
529780 111 3 3 1
457593 115 2 3 0
457581 119 3 2 0
457580 122 3 2 0
529628 128 3 1 0
273659 129 2 1 0
529630 129 2 1 0
529631 129 1 1 0
529995 131 2 1 0
529996 132 2 1 0
529392 133 3 1 0
530481 133 2 3 0
273662 134 3 4 0
529988 134 3 1 0
529629 135 3 1 0
530478 135 3 1 0
529429 138 4 1 0
517426 139 3 3 0
530131 139 4 1 0
49864 140 2 3 0
467691 140 3 3 0
530803 140 3 3 0
467689 142 3 0 0
518515 142 3 3 0
529304 142 3 1 0
530239 142 3 0 0
530241 144 4 3 0
527322 146 4 3 0
530061 146 1 1 0
530240 146 3 1 0
268304 148 4 2 0
530910 148 3 3 0
529319 150 3 4 0
27480 151 4 3 0
338143 155 3 3 0
529785 157 3 1 0
529795 164 2 4 1
530769 164 3 1 0
530655 166 3 1 0
531327 166 3 1 1
529746 167 2 4 0
530223 167 1 1 0
529280 168 3 3 0
530770 168 4 3 0
529396 169 4 3 0
529482 169 3 1 0
530768 169 2 0 0
529791 170 3 3 0
529812 170 4 3 0
530700 170 3 1 0
530654 171 3 1 0
530932 171 3 1 0
530164 172 4 1 0
531092 174 3 1 0
530701 177 4 1 0
530982 183 3 3 0
