367797 1 3 3 1
283621 1 3 3 3
23019 1 3 3 2
471824 1 4 2 1
163600 1 4 2 3
163599 0 4 3 3
367800 1 4 3 1
471822 0 4 3 1
471827 0 4 3 1
390995 1 6 2 3
390992 0 6 3 3
390993 0 6 3 3
390994 0 6 3 3
471823 0 7 4 3
390032 1 7 2 3
390030 0 7 3 3
390031 0 7 3 3
22971 1 8 3 1
471826 1 8 1 3
471824 0 8 3 3
346495 1 9 3 1
347061 1 9 2 1
23704 0 11 18 4
347060 1 11 3 0
471827 1 12 2 3
347698 1 12 2 1
23703 1 12 3 4
347063 1 12 3 0
471822 0 12 4 3
471823 0 12 4 3
471826 0 12 4 3
471825 1 13 2 2
471824 0 13 3 2
347525 1 15 2 0
470976 1 15 1 1
347060 0 15 3 3
347062 0 15 3 3
347527 0 15 3 0
548281 1 17 3 2
321795 1 17 1 2
321793 0 17 3 2
321794 0 17 3 2
321796 0 17 3 2
380730 1 19 4 3
346489 1 19 3 3
272202 1 19 3 3
346198 1 19 2 0
346199 0 19 3 0
346201 0 19 3 0
346487 0 19 3 3
346488 0 19 3 3
380729 1 20 3 3
558983 1 21 2 3
346489 1 22 3 3
346972 1 23 2 0
346201 1 24 2 3
346200 1 25 3 3
558982 1 27 1 1
558983 0 27 3 1
467475 1 28 2 3
467472 0 28 3 3
288225 1 32 2 3
288223 0 32 3 3
466842 1 33 1 1
466844 0 33 3 1
466845 0 33 3 1
558968 1 34 2 1
558969 0 34 3 1
558971 0 34 3 1
557895 1 38 2 1
557897 0 38 3 1
558923 1 39 3 1
558925 0 39 3 1
558431 1 40 2 1
558008 1 40 1 1
558009 0 40 5 1
558192 1 41 2 1
557411 1 41 2 1
557410 0 41 3 1
557412 0 41 3 1
558194 0 41 3 1
558195 0 41 3 1
558196 0 41 3 1
558234 1 42 2 1
558012 1 42 1 3
558008 0 42 3 3
558011 0 42 3 3
558235 0 42 3 1
558236 0 42 3 1
557386 1 43 3 1
466841 1 43 1 1
557385 0 43 3 1
557410 1 44 3 0
467619 1 44 3 3
558172 1 44 2 0
558215 1 45 4 1
558510 1 45 2 1
558334 1 45 2 1
557953 1 45 2 1
557696 1 45 1 1
557952 0 45 3 1
557954 0 45 3 1
557955 0 45 3 1
558173 1 45 3 0
558175 1 45 3 0
558176 1 45 3 0
558196 0 45 3 1
558333 0 45 3 1
558335 0 45 3 1
558336 0 45 3 1
558512 0 45 3 1
558513 0 45 3 1
558877 1 46 2 0
558427 1 46 2 0
557908 1 46 2 4
557572 1 46 2 1
557575 0 46 3 1
557576 0 46 3 1
558216 1 46 3 1
558217 1 46 3 1
558878 0 46 3 0
558879 0 46 3 0
558880 0 46 3 0
557901 1 47 3 2
558089 1 47 2 1
558090 0 47 3 1
558091 0 47 3 1
557866 1 48 3 3
349064 1 48 3 2
559696 1 48 2 3
558590 1 48 2 1
557974 1 48 1 3
557970 0 48 3 3
559695 0 48 3 3
557353 1 49 3 1
558784 1 49 2 3
557382 1 49 1 1
557380 0 49 3 1
557381 0 49 3 1
557383 0 49 3 1
557384 0 49 3 1
558783 0 49 3 3
559694 1 50 4 1
557971 1 50 3 1
557522 1 51 3 4
558920 1 51 2 4
557521 0 51 3 4
557649 1 53 1 1
557618 0 53 3 1
557620 0 53 3 1
557621 0 53 3 1
557622 0 53 3 1
558436 1 56 3 1
557618 1 56 3 1
450153 1 56 3 3
557620 0 56 3 1
558065 0 56 3 1
558066 0 56 3 1
557972 1 57 2 1
421245 1 57 2 3
421244 0 57 3 3
421246 0 57 3 3
558437 1 57 3 1
557875 1 60 3 4
512920 1 60 3 1
558745 1 60 2 3
421244 1 60 2 2
558096 1 61 3 1
421245 1 61 3 2
512921 1 61 3 1
558352 1 62 3 3
558349 0 62 3 3
512919 1 65 2 1
512920 0 65 3 1
512922 0 65 3 1
558776 1 68 1 4
557757 1 69 2 3
340513 1 72 3 3
340511 0 72 3 3
340512 0 72 3 3
513081 1 73 3 1
513081 0 76 3 3
511679 1 77 1 1
387200 1 77 1 3
387199 0 77 3 3
511680 0 77 3 1
511681 0 77 3 1
511688 1 79 3 2
511629 1 79 2 3
511687 0 79 3 2
511470 1 80 3 3
406971 1 80 3 3
512287 1 80 2 1
511471 0 80 3 3
512286 0 80 3 1
512289 0 80 3 1
387157 1 81 2 4
512134 1 81 1 1
387158 0 81 3 4
512135 0 81 3 1
512136 0 81 3 1
512137 0 81 3 1
512134 1 84 3 1
512137 1 84 3 1
512079 1 85 2 1
512080 0 85 3 1
512081 0 85 3 1
408602 1 86 3 1
407240 1 87 2 1
407239 0 87 3 1
407523 1 89 2 1
407525 0 89 3 1
407686 1 90 4 0
408601 1 91 2 1
407687 1 91 3 0
408602 0 91 3 1
406842 1 92 4 1
10002 1 93 2 3
10000 1 94 3 3
10001 1 94 3 3
408079 0 94 3 1
408605 0 94 3 3
408043 1 96 1 1
408604 1 97 3 3
408601 0 97 3 3
408603 0 97 3 3
408046 1 98 3 3
425816 1 98 1 2
408041 0 98 3 3
408042 0 98 3 3
408043 0 98 3 3
408045 0 98 3 3
408267 0 98 3 1
408268 0 98 3 1
407964 1 99 3 3
407827 1 99 2 1
408266 1 99 1 1
407826 0 99 3 1
407829 0 99 3 1
408669 1 100 2 1
408373 1 100 2 1
407961 1 100 3 3
407962 1 100 3 3
408372 0 100 3 1
408375 0 100 3 1
408670 0 100 3 1
408672 0 100 3 1
408673 0 100 3 1
407282 1 101 3 1
408366 1 101 2 3
407278 0 101 3 1
407280 0 101 5 1
407281 0 101 3 1
407284 0 101 3 1
408364 0 101 3 3
408367 0 101 3 3
408071 1 102 2 1
408072 0 102 3 1
408372 1 103 3 0
407895 1 103 2 4
407279 0 103 3 1
407283 0 103 3 1
407894 0 103 3 4
407279 1 110 3 0
407505 1 110 2 3
407504 0 110 3 3
407506 0 110 3 3
407273 1 112 1 1
407274 0 112 5 1
407275 0 112 3 1
407001 1 113 2 2
407272 1 114 1 1
407271 0 114 3 1
282839 1 116 1 3
407285 0 117 3 3
406991 1 119 3 1
407864 1 119 2 1
407748 1 119 2 1
408088 1 119 1 1
407866 0 119 3 1
408090 0 119 3 1
406879 1 120 4 0
408668 1 120 2 0
406990 1 120 3 1
408669 0 120 3 0
408670 0 120 3 0
408671 0 120 3 0
408673 0 120 3 0
408187 1 121 2 2
408188 0 121 3 2
408190 0 121 3 2
408245 1 122 3 1
129477 1 122 1 3
408246 0 122 3 1
406884 1 123 3 3
406881 1 123 3 1
407462 1 124 3 1
407153 1 124 3 3
407463 0 124 3 1
407464 0 124 3 1
406880 1 125 1 1
406882 0 125 4 1
406883 0 125 4 1
406879 0 126 3 3
407334 1 127 2 4
407462 0 128 3 0
407463 0 128 3 0
407460 1 129 2 0
357667 1 136 1 1
357666 0 136 3 1
357668 0 136 3 1
357669 0 136 3 1
407251 1 138 2 3
407247 0 138 3 3
356654 1 139 3 1
356655 0 139 3 1
451716 0 140 3 3
451717 0 140 3 3
407249 1 141 3 1
451715 1 143 3 1
451716 0 143 3 1
356655 1 144 1 3
451718 0 143 3 1
