163599 0 4 3 3
367800 1 4 3 1
471822 0 4 3 1
471827 0 4 3 1
390992 0 6 3 3
390993 0 6 3 3
390994 0 6 3 3
390030 0 7 3 3
390031 0 7 3 3
471823 0 8 3 3
471824 0 8 3 3
23703 1 12 3 4
347063 1 12 3 0
471822 0 12 3 3
471823 0 12 3 3
471826 0 12 3 3
471822 0 13 3 2
471823 0 13 3 2
471824 0 13 3 2
471826 0 13 3 2
347060 0 15 3 3
347062 0 15 3 3
347527 0 15 3 0
321793 0 17 3 2
321794 0 17 3 2
321796 0 17 3 2
346199 0 19 3 0
346201 0 19 3 0
346487 0 19 3 3
346488 0 19 3 3
380729 1 20 3 3
346489 1 22 3 3
346200 1 25 3 3
558983 0 27 3 1
467472 0 28 3 3
288223 0 32 3 3
466844 0 33 3 1
466845 0 33 3 1
558969 0 34 3 1
558971 0 34 3 1
557897 0 38 3 1
558925 0 39 3 1
558009 0 40 3 1
557410 0 41 3 1
557412 0 41 3 1
558194 0 41 3 1
558195 0 41 3 1
558196 0 41 3 1
558008 0 42 3 3
558009 0 42 3 3
558011 0 42 3 3
558235 0 42 3 1
558236 0 42 3 1
557385 0 43 3 1
557952 0 45 3 1
557954 0 45 3 1
557955 0 45 3 1
558173 1 45 3 0
558175 1 45 3 0
558176 1 45 3 0
558196 0 45 3 1
558333 0 45 3 1
558335 0 45 3 1
558336 0 45 3 1
558512 0 45 3 1
558513 0 45 3 1
557575 0 46 3 1
557576 0 46 3 1
558216 1 46 3 1
558217 1 46 3 1
558878 0 46 3 0
558879 0 46 3 0
558880 0 46 3 0
558090 0 47 3 1
558091 0 47 3 1
557970 0 48 3 3
559695 0 48 3 3
557380 0 49 3 1
557381 0 49 3 1
557383 0 49 3 1
557384 0 49 3 1
558783 0 49 3 3
557521 0 51 3 4
557618 0 53 3 1
557620 0 53 3 1
557621 0 53 3 1
557622 0 53 3 1
557620 0 56 3 1
558065 0 56 3 1
558066 0 56 3 1
421244 0 57 3 3
421246 0 57 3 3
558437 1 57 3 1
421245 1 61 3 2
512921 1 61 3 1
558349 0 62 3 3
512920 0 65 3 1
512922 0 65 3 1
340511 0 72 3 3
340512 0 72 3 3
513081 0 76 3 3
387199 0 77 3 3
511680 0 77 3 1
511681 0 77 3 1
511687 0 79 3 2
511471 0 80 3 3
512286 0 80 3 1
512289 0 80 3 1
387158 0 81 3 4
512135 0 81 3 1
512136 0 81 3 1
512137 0 81 3 1
512134 1 84 3 1
512137 1 84 3 1
512080 0 85 3 1
512081 0 85 3 1
407239 0 87 3 1
407525 0 89 3 1
407687 1 91 3 0
408602 0 91 3 1
10000 1 94 3 3
10001 1 94 3 3
408079 0 94 3 1
408605 0 94 3 3
408601 0 97 3 3
408603 0 97 3 3
408041 0 98 3 3
408042 0 98 3 3
408043 0 98 3 3
408045 0 98 3 3
408267 0 98 3 1
408268 0 98 3 1
407826 0 99 3 1
407829 0 99 3 1
407961 1 100 3 3
407962 1 100 3 3
408372 0 100 3 1
408375 0 100 3 1
408670 0 100 3 1
408672 0 100 3 1
408673 0 100 3 1
407278 0 101 3 1
407280 0 101 3 1
407281 0 101 3 1
407284 0 101 3 1
408364 0 101 3 3
408367 0 101 3 3
408072 0 102 3 1
407279 0 103 3 1
407280 0 103 3 1
407283 0 103 3 1
407894 0 103 3 4
407504 0 110 3 3
407506 0 110 3 3
407274 0 112 3 1
407275 0 112 3 1
407271 0 114 3 1
407274 0 114 3 1
407285 0 117 3 3
407866 0 119 3 1
408090 0 119 3 1
406990 1 120 3 1
408669 0 120 3 0
408670 0 120 3 0
408671 0 120 3 0
408673 0 120 3 0
408188 0 121 3 2
408190 0 121 3 2
408246 0 122 3 1
407463 0 124 3 1
407464 0 124 3 1
406882 0 125 3 1
406883 0 125 3 1
406879 0 126 3 3
407462 0 128 3 0
407463 0 128 3 0
357666 0 136 3 1
357668 0 136 3 1
357669 0 136 3 1
407247 0 138 3 3
356655 0 139 3 1
451716 0 140 3 3
451717 0 140 3 3
451716 0 143 3 1
451718 0 143 3 1
