414586 0 3 5 3
414587 0 3 5 3
414588 0 3 5 3
244404 0 4 5 1
460980 0 5 5 1
460982 0 5 5 1
538174 0 5 5 2
244405 0 8 5 1
244402 0 12 5 3
244404 0 12 5 3
290298 0 13 5 1
290300 0 13 5 1
290302 0 13 5 1
334247 0 14 5 1
334250 0 14 5 1
1706 0 15 5 1
1710 0 15 5 1
334930 0 15 5 1
334932 0 15 5 1
334933 0 15 5 1
291228 0 16 5 2
1697 1 17 5 0
292854 0 24 5 0
334935 1 28 5 1
334938 1 28 5 1
334051 1 31 5 1
334967 0 31 5 2
334748 0 32 5 3
334750 0 32 5 3
334968 0 33 5 1
334969 0 33 5 1
334970 0 33 5 1
335108 0 33 9 1
335110 0 33 5 1
334536 0 34 5 1
181109 0 35 5 3
333610 0 35 5 1
333669 0 35 5 2
333580 0 36 5 2
333581 0 36 5 2
333861 0 36 5 1
333864 0 36 5 1
333643 0 37 5 1
333871 0 37 5 1
334222 1 37 5 1
333608 0 38 5 3
333609 0 38 5 3
334583 0 38 5 1
333747 1 39 5 1
334134 0 39 5 3
265775 1 41 5 0
334383 0 43 5 1
334220 0 44 5 3
333593 0 45 5 1
333860 1 45 5 4
334128 0 47 7 1
334130 0 49 5 3
335012 1 50 5 1
335013 1 50 5 1
333659 0 52 5 3
333865 0 52 5 3
334128 0 54 5 3
334200 0 59 5 1
