163599 0 4 5 3
367800 1 4 5 1
471822 0 4 5 1
471827 0 4 5 1
390992 0 6 5 3
390994 0 6 5 3
390030 0 7 5 3
390033 0 7 5 3
471822 0 8 5 3
471823 0 8 5 3
471824 0 8 5 3
347060 0 9 5 1
347346 0 10 5 1
347350 0 10 5 1
23708 1 12 5 4
347937 1 12 5 1
470623 0 12 5 1
470626 0 12 5 1
470731 0 12 5 1
471823 0 13 5 3
471824 0 13 5 3
471826 0 13 5 3
345990 1 14 5 1
346046 0 14 5 1
346049 0 14 5 1
347640 1 15 5 1
347641 1 15 5 1
347643 1 15 5 1
347048 0 16 5 1
347050 0 16 5 1
347052 0 16 5 1
347053 0 16 5 1
347189 0 16 5 1
347442 1 16 5 1
347445 1 16 5 1
471106 0 16 5 1
471107 0 16 5 1
346048 0 17 5 0
346050 0 17 5 0
346467 0 17 5 1
346472 0 17 5 1
347962 0 17 5 1
346918 0 18 5 1
345992 0 19 5 2
345993 0 19 5 2
471667 0 19 5 1
471670 0 19 5 1
346171 0 20 5 1
346173 0 20 5 1
346913 0 20 5 2
347138 0 20 5 1
346467 0 21 5 3
347184 0 21 5 1
347187 0 21 5 1
470659 1 22 5 1
470660 1 22 5 1
106576 1 23 5 3
194605 0 23 5 0
346468 0 24 5 3
347135 0 24 5 1
347139 0 24 5 1
347141 0 24 5 1
471732 0 24 5 1
471734 0 24 5 1
346329 0 25 5 2
346330 0 25 5 2
347986 1 25 5 1
347135 0 26 5 3
347138 0 26 5 3
347139 0 26 5 3
347141 0 26 5 3
347142 0 27 5 3
347144 0 27 5 3
347952 0 27 5 1
258094 0 31 5 3
258095 0 31 5 3
346460 0 38 5 3
346462 0 38 5 3
563238 0 39 5 3
8200 0 46 5 3
183435 1 63 5 3
