274809 0 3 5 0
274811 0 3 5 0
215739 0 4 5 3
215740 0 4 5 3
319749 0 4 5 0
319751 0 4 5 0
530502 0 4 5 0
530503 0 4 5 0
297370 0 6 5 3
213986 0 7 5 2
272400 0 7 5 3
392690 0 8 5 2
292046 1 11 5 1
292047 1 11 5 1
291518 0 13 5 1
291519 0 13 5 1
291521 0 13 5 1
110984 0 14 5 3
110986 0 14 5 3
110989 0 14 5 3
292512 0 14 5 1
291490 0 15 5 1
291713 0 15 5 1
291714 0 15 5 1
293206 1 15 5 1
293208 1 15 5 1
293209 1 15 5 1
291489 0 18 5 1
291491 0 18 5 1
292044 0 19 5 3
291029 0 20 5 1
292241 0 21 5 3
292243 0 21 5 3
292030 0 22 5 1
292034 0 22 5 1
323121 0 24 5 1
323122 0 24 5 2
323125 0 24 5 2
290659 0 25 5 1
290660 0 25 5 1
200385 1 26 5 3
200387 1 26 5 3
290432 0 26 5 1
290434 0 26 5 1
292582 0 26 5 1
292583 0 26 5 1
290621 0 27 5 1
282370 0 30 5 3
282524 0 30 5 1
291137 1 30 5 1
291140 1 30 5 1
268921 0 31 5 3
268922 0 31 5 3
268924 0 31 5 3
291232 0 31 5 1
312275 0 31 5 3
292335 0 32 5 0
291131 0 33 5 1
291136 0 33 5 1
292334 0 33 5 3
109409 0 34 5 3
434483 0 35 5 1
434484 0 35 5 1
434485 0 35 5 1
282339 0 36 5 1
282343 0 36 5 1
78781 0 38 5 3
282437 0 38 5 1
282330 1 39 5 1
282332 1 39 5 1
282439 1 40 5 1
282445 1 40 5 1
282732 0 43 5 1
282733 0 43 5 1
282734 0 43 5 1
521986 0 46 5 4
522032 0 50 5 1
522034 0 50 5 1
282931 0 51 5 0
282932 0 51 5 0
283011 0 53 5 0
283012 0 53 5 0
283013 0 53 5 0
283033 0 53 5 3
