216160 0 4 5 1
233712 1 4 5 3
49053 0 5 5 3
100587 0 5 5 1
216161 0 6 5 1
216162 0 6 5 1
216163 0 6 5 1
216164 0 6 5 1
214709 0 7 5 1
214712 0 7 5 1
214713 0 7 5 1
214714 0 7 5 1
215356 0 8 5 1
215357 0 8 5 1
215358 0 8 5 1
215415 1 10 5 1
215868 0 10 5 1
215869 0 10 5 1
317943 0 10 5 1
317944 0 10 5 1
318030 0 10 5 1
215722 0 12 5 3
318861 1 12 5 1
318864 1 12 5 1
318031 1 13 5 1
316962 1 14 5 1
316964 1 14 5 1
316965 1 14 5 1
316968 1 14 5 1
317599 0 14 5 1
318537 0 14 5 3
318862 0 15 5 3
318651 0 16 5 2
215744 1 18 5 2
318312 0 18 5 1
318313 0 18 5 1
318314 0 18 5 1
379132 0 22 5 3
379133 0 22 5 3
378148 1 23 5 3
317127 0 24 5 0
317130 0 24 5 0
318647 0 25 5 3
425726 0 26 5 2
462495 0 26 5 2
194304 0 27 5 3
319070 0 27 5 1
319072 0 27 5 1
319073 0 27 5 1
379133 0 28 5 1
379134 0 28 5 1
379135 0 28 5 1
318728 0 33 5 1
318729 0 33 5 1
317639 0 37 5 1
317642 0 37 5 1
319049 0 37 5 1
319052 0 37 5 1
317473 0 38 5 1
318328 0 39 5 1
317643 0 41 5 1
318839 0 41 5 0
67748 0 43 5 3
317181 0 43 5 1
317297 0 44 5 1
317299 0 44 5 1
317300 0 44 5 1
318061 0 44 5 3
333624 0 44 5 1
333626 0 44 5 1
317489 0 46 5 1
406280 0 46 5 3
317539 0 47 5 1
317542 0 47 5 1
318744 0 47 5 1
318745 0 47 5 1
317000 0 48 5 2
317001 0 48 5 2
316863 0 49 5 0
316866 0 49 5 0
317880 0 49 5 1
317882 0 49 5 1
318026 0 49 5 1
318028 0 49 5 1
318238 0 49 5 1
317047 1 50 5 1
317048 1 50 5 1
317049 1 50 5 1
317052 1 50 5 1
317053 1 50 5 1
318743 1 50 5 0
338621 0 50 5 3
318240 0 51 5 0
318241 0 51 5 0
318242 0 51 5 0
318243 0 51 5 0
317089 0 52 5 1
317092 0 52 5 1
317093 0 52 5 1
317441 0 52 5 1
317442 0 52 5 1
317443 0 52 5 1
318019 1 52 5 1
318020 1 52 5 1
318024 1 52 5 1
333624 0 52 5 3
338818 0 52 5 3
317047 0 53 5 1
317048 0 53 5 1
317049 0 53 5 1
317051 0 53 5 1
317053 0 53 5 1
317881 0 53 5 3
317882 0 53 5 3
317883 0 53 5 3
317884 0 53 5 3
318369 0 54 5 1
318370 0 54 5 1
316890 0 55 5 3
317044 0 55 5 1
317045 0 55 5 1
318909 0 55 5 0
317054 0 56 5 3
317326 1 56 5 1
318373 0 56 5 2
318801 0 56 5 1
318802 0 56 5 1
317043 0 57 5 1
317045 0 57 5 1
317046 0 57 5 1
317831 0 57 5 1
317834 0 57 5 1
317962 0 57 5 3
317963 0 57 5 3
317965 0 57 5 3
317968 1 57 5 3
317969 1 57 5 3
318290 0 57 5 1
318419 0 57 5 1
318421 0 57 5 1
318418 0 58 5 1
318421 0 58 5 1
318904 0 58 5 3
338624 0 58 5 2
22210 0 59 5 2
22211 0 59 5 2
22214 0 59 5 2
22215 0 59 5 2
22216 0 59 5 2
316881 1 59 5 1
316882 1 59 5 1
316884 1 59 5 1
316885 1 59 5 1
317046 0 59 5 2
317608 1 59 5 1
150919 0 60 5 3
316881 1 60 5 1
316886 1 60 5 1
317055 0 60 5 0
317143 0 60 5 1
317145 0 60 5 1
122815 0 61 5 1
318353 0 62 5 1
318356 0 62 5 1
318551 1 62 5 1
318552 1 62 5 1
318553 1 62 5 1
110493 1 65 5 3
121408 1 66 5 1
121409 1 66 5 1
150918 0 66 5 3
88547 0 71 5 3
88548 0 71 5 3
88820 0 71 5 0
121420 0 71 5 3
121421 0 71 5 3
318810 0 71 5 1
318818 0 75 5 3
318819 0 75 5 3
