233713 1 3 3 3
216161 1 4 3 1
318361 1 4 2 1
214792 1 4 2 1
18354 1 4 2 3
215985 0 5 13 4
100586 1 5 1 1
49054 1 5 1 3
100587 0 5 5 1
216160 1 6 3 1
216162 0 6 5 1
214710 1 7 2 1
214709 0 7 9 1
214711 0 7 5 1
216092 1 8 3 1
215650 1 8 3 1
317599 1 8 2 1
215355 1 8 1 1
317598 1 9 3 1
318360 1 9 2 1
216158 1 9 2 3
215318 1 10 2 1
214503 1 10 2 4
213064 0 10 5 2
213065 0 10 5 2
213067 0 10 5 2
213068 0 10 5 2
213070 0 10 5 2
317599 1 10 5 1
317601 1 10 5 1
214562 1 11 3 1
213063 1 11 3 4
214712 1 11 2 1
214713 0 11 5 1
214848 1 12 3 1
49032 1 12 2 3
215194 1 13 3 1
215058 1 13 3 3
214720 1 13 3 1
213685 1 13 3 3
318359 1 13 2 0
213686 0 13 5 3
214721 0 13 5 1
215314 1 14 3 1
215033 1 14 3 1
215869 1 14 2 3
215315 0 14 5 1
215485 1 15 4 1
214917 1 15 2 1
214011 1 15 2 2
215629 1 16 3 1
214869 1 16 3 1
216044 1 16 2 1
48965 1 16 2 3
216068 1 16 1 1
48961 0 16 5 3
215631 0 16 5 1
216069 0 16 9 1
216071 0 16 5 1
216072 0 16 5 1
215637 0 17 13 3
215819 1 17 3 1
215759 1 17 3 4
395328 1 17 2 3
214872 1 17 5 1
395329 0 17 5 3
215057 1 18 3 3
215224 1 18 2 1
215034 1 18 2 3
214937 1 18 1 1
214919 1 18 1 4
214918 0 18 5 4
214938 0 18 5 1
214939 0 18 5 1
215055 0 18 5 3
215636 1 18 5 3
215818 1 18 5 1
215820 1 18 5 1
215781 1 19 3 3
215020 1 19 3 1
215897 1 19 2 1
215868 1 19 2 1
215621 1 19 2 1
214714 1 19 2 3
216047 1 19 1 3
214675 1 19 1 1
214712 0 19 5 3
215622 0 19 5 1
215867 0 19 5 1
215869 0 19 9 1
215900 0 19 5 1
215762 1 20 3 3
137168 1 20 3 3
216070 1 20 2 1
216043 0 20 6 2
215918 1 20 2 1
215895 1 20 2 1
215366 1 20 2 1
194792 1 20 2 3
215022 1 20 5 1
215365 0 20 7 1
215367 0 20 5 1
215761 0 20 5 3
216042 0 20 6 1
215783 1 21 4 4
215720 1 21 3 1
215245 1 21 3 4
216046 1 21 2 2
216044 0 21 5 2
215425 1 22 4 1
500150 1 22 3 3
215888 1 22 3 1
215583 1 22 3 4
291122 1 22 2 3
215533 1 22 2 4
215217 1 22 2 4
215360 1 22 1 1
215363 0 22 5 1
215364 0 22 5 3
215366 0 22 5 3
215368 0 22 5 3
215584 0 22 5 4
215721 1 22 5 1
215890 0 22 5 1
291119 0 22 5 3
291120 0 22 5 3
214661 0 23 13 4
395331 1 23 3 3
216036 1 23 3 3
215695 1 23 3 1
216138 1 23 2 1
215870 1 23 2 3
214800 1 23 1 4
216137 0 23 5 1
215919 1 24 2 1
215753 1 24 1 1
215657 1 24 1 4
214761 1 24 1 1
214676 1 24 1 1
214674 0 24 5 1
214675 0 24 5 1
214763 0 24 5 1
214764 0 24 5 1
215992 1 25 2 3
215696 1 25 2 2
215460 1 25 2 3
215322 1 25 1 1
215323 0 25 5 1
215326 0 25 5 1
263652 1 26 3 3
215090 1 26 2 1
215694 1 27 3 0
215640 1 27 3 1
215428 1 27 2 3
214752 1 27 2 1
205626 1 27 2 2
215089 1 27 9 1
383069 1 28 2 3
215500 1 28 2 1
215501 0 28 5 1
215502 0 28 5 1
416942 1 29 3 3
215427 1 29 3 3
215200 1 29 2 1
215201 0 29 5 1
383067 1 29 5 3
383070 1 29 5 3
416940 0 29 5 3
263656 1 30 2 1
215503 1 30 2 3
214764 1 30 2 3
214753 1 30 2 3
214760 0 30 5 3
214763 0 30 5 3
215428 1 30 5 3
215091 1 31 3 3
215090 0 31 5 3
104830 1 32 1 4
263651 1 33 1 3
215198 1 33 1 0
215226 1 35 2 3
215222 1 35 2 3
215221 0 35 5 3
215223 0 35 5 3
215225 0 35 5 3
173630 1 36 2 3
221291 1 36 1 3
488768 1 37 3 3
215502 1 38 2 2
488767 1 39 4 1
344424 1 41 3 3
215579 1 41 1 0
215788 1 43 1 3
215581 1 44 2 2
173629 0 36 5 3
