156255 9
157409 10
12265 11
339023 11
157250 19
157252 19
156275 31
157512 32
157515 32
156703 36
156698 39
156699 39
156275 40
156278 40
155947 44
155950 44
155951 44
156601 46
156602 46
156603 46
156619 46
156620 46
157386 47
157388 47
94174 48
156050 52
156164 52
155867 55
155871 55
156762 58
155836 60
155855 60
78616 63
78617 64
78618 64
155833 65
155835 65
157570 65
157571 65
157400 66
157401 66
157404 66
155831 67
157402 67
157405 67
155942 68
155943 68
156819 68
156820 68
157017 72
157483 72
157487 72
157437 74
157439 74
157440 74
157442 74
156094 75
156097 75
157014 75
157016 75
157400 75
157404 75
157486 76
156714 77
157015 77
157482 77
157401 78
157402 78
157405 78
157507 79
156112 80
156113 80
156469 80
362627 80
157349 81
157351 81
157483 82
157484 82
157485 82
157487 82
156467 83
156468 83
155710 86
155711 86
156259 90
156260 90
156261 90
