317568 2 1 3 0
88376 3 2 3 0
194574 3 2 3 0
202348 3 2 1 0
299738 3 2 3 1
201804 4 2 1 0
74202 5 4 3 0
93453 7 3 1 0
94257 8 3 1 0
203453 8 1 1 0
414879 8 4 3 1
94652 9 4 1 0
94413 10 3 1 0
93812 11 4 1 0
203820 11 2 1 0
136021 12 2 3 1
93927 13 3 1 0
94307 14 4 1 0
136016 14 1 0 0
93422 16 5 1 0
93595 16 1 1 0
93749 16 2 1 0
94298 16 4 4 0
94368 16 3 1 0
93725 21 1 1 0
93747 24 2 3 1
94664 25 2 3 0
230100 26 2 1 0
92969 28 3 1 0
93599 30 3 3 0
94583 30 2 1 0
230587 34 3 3 0
231237 35 4 1 0
230063 36 2 3 0
230585 36 4 1 0
230692 38 2 1 0
231088 38 2 1 0
231635 38 2 1 0
230691 39 2 0 0
230976 39 3 1 0
231067 41 3 1 0
231238 41 4 1 0
231637 41 3 3 0
231536 42 1 1 1
232093 42 1 1 0
232215 42 3 3 0
233380 43 3 3 0
455810 43 3 3 1
230694 44 3 3 0
37946 45 3 3 0
231236 45 2 1 0
455809 45 1 3 0
230640 46 3 1 0
230872 46 3 3 1
336571 47 3 3 0
232241 48 2 1 0
37944 50 3 2 0
348336 50 4 3 0
230211 51 3 1 0
230858 51 2 1 0
231890 51 3 3 1
230009 52 3 1 0
230860 53 2 3 0
231888 53 4 2 1
232099 53 4 1 0
230917 54 2 1 0
230979 54 4 1 0
231516 54 2 1 1
231689 54 4 1 0
230214 55 3 3 0
231889 55 3 3 0
232261 55 3 1 0
231652 56 3 1 0
232100 56 3 3 0
230012 57 2 3 0
230570 57 4 1 0
231921 57 3 1 0
230220 58 3 1 0
230718 59 3 1 0
231480 59 2 1 0
231603 59 3 3 0
231871 60 2 1 0
231787 61 2 1 0
232277 61 2 1 0
230826 62 3 1 0
232088 62 2 1 0
175452 63 3 1 0
230914 63 3 1 0
231455 63 2 1 0
231533 63 3 1 0
231723 63 3 1 0
232066 63 4 3 0
230368 64 3 1 0
230578 64 4 3 0
230827 65 3 3 0
232101 65 3 3 0
232103 65 2 1 0
232162 65 3 1 1
173864 66 2 1 0
231226 66 2 1 0
232087 66 3 1 0
232164 66 2 3 1
175454 67 3 1 0
174459 68 4 1 0
175542 68 2 1 0
231531 68 4 1 0
174264 69 2 3 1
174381 69 1 1 0
230667 69 3 1 0
173862 70 3 3 0
175028 70 2 1 0
231729 70 3 1 0
174515 72 4 1 0
174891 72 3 1 0
175457 72 3 1 0
175479 72 2 1 0
231213 72 3 3 0
174157 73 3 1 0
232375 73 3 1 0
173861 74 4 3 0
174160 74 3 3 0
174380 74 2 0 0
175300 74 2 1 0
174385 75 2 3 0
175095 75 3 1 0
175473 75 3 1 0
181144 75 2 4 0
174382 76 4 1 0
175088 76 2 1 0
114176 79 3 3 0
175484 79 4 3 0
175090 83 2 2 0
232419 86 2 1 0
230187 88 3 1 0
230569 90 1 1 0
230185 91 2 3 0
231162 91 3 1 0
232003 96 4 3 0
230192 97 2 4 0
231720 101 2 1 0
231724 103 3 1 0
230397 105 3 3 1
230403 106 3 1 0
230395 108 2 2 0
332461 110 1 1 0
329263 113 2 3 0
