229068 0 4 3 3
229069 0 4 3 3
538135 0 4 3 1
277950 0 9 3 4
516487 0 14 3 1
516488 0 14 3 1
516077 1 15 3 1
516078 1 15 3 1
516243 0 16 3 1
517086 0 16 3 1
517088 0 16 3 1
517091 0 16 3 1
516334 0 18 3 1
516336 0 18 3 1
515861 0 19 3 1
516437 1 19 3 0
515709 0 22 3 1
515710 0 22 3 1
515796 0 22 3 3
515797 0 22 3 3
516515 1 22 3 1
516518 1 22 3 1
517207 0 22 3 1
515902 0 23 3 1
515905 0 23 3 1
515694 0 24 3 1
516414 0 24 3 3
517103 0 24 3 1
515691 0 26 3 3
515902 0 26 3 3
516125 0 26 3 0
516127 0 26 3 0
516128 0 26 3 0
515549 0 27 3 1
515550 0 27 3 1
516518 0 28 3 0
516672 0 28 3 1
515546 1 29 3 1
515548 1 29 3 1
516220 0 29 3 1
516834 0 29 3 3
516122 0 30 3 2
516761 0 32 3 3
516833 1 32 3 1
516834 1 32 3 1
515545 0 33 3 3
515547 0 33 3 3
516106 0 33 3 0
516108 0 33 3 0
516109 0 33 3 0
516108 0 35 3 0
515397 0 36 3 3
86528 0 37 3 1
515548 0 37 3 3
516066 0 38 3 2
516068 0 38 3 2
517258 0 42 3 1
516182 1 43 3 1
516184 1 43 3 1
516616 0 47 3 1
517224 1 47 3 3
517226 1 47 3 3
509389 0 48 3 3
509391 0 48 3 3
281416 1 49 3 3
282868 1 53 3 1
215138 1 54 3 3
516265 0 54 3 3
516266 0 54 3 3
516267 0 54 3 3
389723 0 57 3 3
282868 0 58 3 1
121244 0 62 3 0
216022 1 62 3 0
119820 1 65 3 3
516265 0 65 3 1
516277 0 66 3 1
515748 0 71 3 1
516006 0 71 3 1
516152 1 76 3 1
516640 0 77 3 3
516644 0 77 3 3
516704 0 77 3 1
516705 0 85 3 1
524577 0 85 3 3
31976 0 89 3 0
32055 0 90 3 0
32057 0 90 3 0
516344 1 90 3 1
516345 1 90 3 1
516555 1 91 3 1
516558 1 91 3 1
516559 1 91 3 1
32297 1 92 3 3
298918 0 92 3 3
515875 0 92 3 1
515876 0 92 3 1
515662 0 95 3 2
516750 0 95 3 1
516746 0 95 3 3
516748 0 95 3 3
516696 0 96 3 1
516697 0 96 3 1
516700 0 96 3 1
517192 0 101 3 3
517194 0 101 3 3
515785 0 105 3 1
516980 0 106 3 3
516026 0 108 3 1
516029 0 108 3 1
516030 0 108 3 1
516026 0 112 3 2
516844 0 112 3 1
516847 0 112 3 1
517245 0 116 3 3
515319 1 117 3 1
