233713 1 3 3 3
216161 1 4 3 1
318361 1 4 2 1
214792 1 4 2 1
18354 1 4 2 3
215985 0 5 13 4
100586 1 5 1 1
49054 1 5 1 3
100587 0 5 3 1
216160 1 6 3 1
216162 0 6 3 1
214710 1 7 2 1
214709 0 7 3 1
214711 0 7 3 1
216092 1 8 3 1
215650 1 8 3 1
317599 1 8 2 1
215355 1 8 1 1
215358 0 8 3 1
317598 1 9 3 1
318360 1 9 2 1
216158 1 9 2 3
318359 0 9 3 1
318362 0 9 3 1
318363 0 9 3 1
215318 1 10 2 1
214503 1 10 2 4
213068 0 10 3 2
317599 1 10 3 1
48651 1 11 3 3
214712 1 11 2 1
214714 0 11 3 1
48647 1 12 3 3
48649 1 12 3 3
48910 1 13 3 0
214900 1 15 3 1
215317 1 15 2 0
205266 1 15 2 2
214899 0 15 3 1
215318 0 15 3 0
215766 1 17 2 3
214780 1 19 2 1
215465 1 22 2 1
215326 1 22 2 3
214899 1 22 1 1
215007 1 23 3 1
215008 1 24 3 1
215468 1 25 2 3
189131 1 25 2 3
189132 0 25 3 3
215467 0 25 3 3
214657 1 26 3 4
214819 1 26 2 1
214912 1 27 4 1
215942 1 27 2 3
212811 1 27 1 3
214915 1 28 3 1
215013 1 29 3 3
216008 1 30 2 4
215643 1 30 1 1
215230 1 32 4 1
215503 1 32 3 3
215500 0 32 3 3
215501 0 32 3 3
215410 1 33 2 4
214914 1 33 2 1
23318 1 33 2 3
214915 0 33 3 1
214916 0 33 3 1
215502 1 36 2 2
215501 0 36 3 2
23317 1 37 3 1
23316 0 37 3 1
215500 0 39 4 1
215501 0 39 4 1
215503 0 39 4 1
215538 1 40 3 1
215537 1 42 4 0
215036 1 44 4 0
215154 1 47 3 3
215540 1 43 3 0
