18354 1 3 6 3 0
49054 1 2 6 3 0
100586 1 2 6 1 0
214792 1 3 6 1 0
215309 0 6 6 4 1
233713 1 4 6 3 1
247867 0 6 6 3 0
318361 1 3 6 1 0
356114 0 6 6 3 0
358992 0 6 6 3 0
214791 0 6 7 1 0
216161 1 4 7 1 0
535411 0 6 7 3 0
335220 0 6 8 2 0
214710 1 3 9 1 0
214790 0 6 9 0 0
215355 1 2 9 1 1
216160 1 4 9 1 0
49053 0 6 10 2 0
215056 0 6 10 1 0
215764 0 6 10 1 0
317599 1 3 10 1 0
49052 0 6 11 0 0
215311 0 6 11 1 0
215650 1 4 11 1 0
215721 0 6 11 1 0
216092 1 4 11 1 1
216158 1 3 11 3 0
247868 0 6 11 3 0
318360 1 3 11 1 0
213066 0 6 12 2 1
214503 1 3 12 4 0
215318 1 3 12 1 0
216023 0 6 12 1 0
216162 0 6 12 1 0
317598 1 4 12 1 0
48647 0 6 13 0 0
214712 1 3 13 1 0
215065 0 6 13 3 0
48651 1 4 14 3 0
48960 0 6 14 0 0
50248 0 6 15 0 0
214709 0 6 15 1 0
214713 0 6 15 3 0
215763 0 6 15 0 0
318362 0 6 15 3 0
48910 1 4 16 0 0
193009 0 6 16 2 0
318363 0 6 16 3 0
50251 0 6 17 3 0
205266 1 3 17 2 0
215317 1 3 17 0 0
317600 0 6 17 1 0
214900 1 4 18 1 0
317942 0 6 18 1 0
46805 0 6 19 3 0
48915 0 6 19 0 0
215766 1 3 19 3 0
215323 0 6 20 1 0
214780 1 3 21 1 0
214899 1 2 23 1 0
215326 1 3 24 3 0
215465 1 3 24 1 0
215007 1 4 26 1 0
215464 0 6 26 1 0
189131 1 3 27 3 0
215005 0 6 27 1 0
215468 1 3 27 3 1
212811 1 2 28 3 0
214819 1 3 28 1 0
214657 1 4 29 4 0
215942 1 3 29 3 0
214821 0 6 31 2 0
214822 0 6 31 3 1
214912 1 5 31 1 0
215643 1 2 31 1 0
215013 1 4 32 3 1
216008 1 3 32 4 0
214998 0 6 33 1 0
23318 1 3 35 3 0
214914 1 3 35 1 0
215410 1 3 35 4 1
215503 1 4 35 3 1
215230 1 5 36 1 0
215229 0 6 38 1 0
215502 1 3 38 2 0
23317 1 4 40 1 0
214913 0 6 41 1 0
215500 1 3 41 1 0
215501 1 4 43 1 0
215538 1 4 43 1 0
215537 1 5 46 0 0
215036 1 5 48 0 0
215154 1 4 50 3 0
