25140 0 6 6 3 0
185401 0 6 6 2 0
244403 1 3 6 1 0
291620 1 3 6 1 0
322788 1 3 6 3 0
334392 1 3 6 2 0
344763 1 4 6 3 0
414589 1 4 6 3 0
460981 1 2 6 1 0
538175 1 2 6 2 0
322787 1 3 8 3 0
333817 1 5 8 3 0
334393 0 6 8 3 0
414588 0 6 9 3 0
1710 0 6 10 3 1
291702 0 6 10 1 0
322794 0 6 10 3 0
244404 1 4 11 1 0
291704 0 6 11 3 0
322789 1 3 11 3 0
290844 1 3 12 1 0
334384 0 6 12 1 0
1706 0 6 13 0 0
244406 1 3 14 3 0
334039 1 3 14 1 0
24746 0 6 15 3 0
290301 1 3 15 1 0
290838 0 6 15 3 1
334247 1 3 15 1 0
334383 0 6 15 1 0
334690 0 6 15 1 0
1745 1 3 16 0 0
291222 0 6 16 1 0
334246 1 3 16 1 0
334524 1 4 16 3 0
244405 1 3 17 3 0
333956 1 2 17 1 0
334931 0 6 17 1 0
1707 1 4 18 1 0
244402 0 6 18 1 0
290297 0 6 18 3 0
291227 1 3 18 2 0
334933 0 6 19 3 0
1695 1 5 20 0 0
334248 0 6 20 1 0
292850 0 6 21 0 0
1708 0 6 22 1 0
1696 0 6 23 0 0
333807 0 6 24 1 0
292851 1 2 25 0 0
333806 0 6 25 1 0
184808 0 6 27 3 0
333804 0 6 28 1 0
334646 0 6 28 1 0
334749 1 4 29 1 0
334642 0 6 30 1 0
334936 1 4 30 1 0
334969 0 6 30 1 0
333643 0 6 32 1 1
334136 0 6 32 4 0
333671 0 6 33 1 0
333797 1 3 33 1 0
334052 1 4 33 1 0
334241 0 6 33 1 0
334748 0 6 33 1 0
333741 0 6 34 1 0
334499 0 6 34 4 1
334752 1 3 34 3 0
334968 0 6 34 1 0
334970 1 4 34 2 0
333576 0 6 35 1 0
334162 0 6 35 1 0
334698 0 6 35 3 0
334966 0 6 35 1 0
334967 0 6 35 1 0
335109 1 3 35 1 1
333578 0 6 36 1 0
333673 1 2 36 2 0
333717 1 3 36 3 0
333740 1 2 36 1 1
334243 1 3 36 3 1
181111 1 3 37 3 0
236818 0 6 37 2 0
263988 0 6 37 2 0
333608 1 3 37 1 0
333743 0 6 37 3 1
333796 0 6 37 0 0
334534 1 4 37 1 0
334834 1 4 37 1 0
335192 0 6 37 1 1
292880 0 6 38 3 0
333579 1 2 38 2 1
333644 1 2 38 1 0
334549 0 6 38 1 0
335165 0 6 38 1 0
471853 0 6 38 3 0
265771 1 4 39 3 0
333862 1 4 39 1 0
334581 1 2 39 1 0
334804 1 3 39 3 0
335111 1 3 39 2 0
333610 1 3 40 3 1
333828 0 6 40 1 0
333832 1 3 40 1 0
333868 1 4 40 1 0
334221 1 5 40 1 0
334807 0 6 40 3 0
265773 0 6 41 0 0
333621 0 6 41 1 0
334132 0 6 41 3 0
334835 0 6 41 1 1
333744 1 5 42 1 1
334566 0 6 42 1 0
336698 1 3 42 3 1
462182 1 4 42 2 0
265774 1 4 43 0 0
292879 1 2 43 2 0
333592 0 6 43 1 0
334448 0 6 43 1 0
335110 0 6 43 1 0
334338 0 6 44 1 0
458801 0 6 44 3 0
277427 1 3 45 3 0
333652 0 6 45 4 0
334385 1 3 45 1 0
335108 0 6 45 0 0
421739 0 6 45 3 0
266562 1 4 46 4 0
333591 1 3 46 1 0
333747 1 2 46 3 0
334623 1 2 46 4 0
335258 1 4 46 3 0
335805 1 2 46 3 0
334301 0 6 47 1 1
333593 1 3 48 3 0
334428 0 6 48 1 0
385819 1 3 48 3 1
334390 0 6 49 3 0
277428 0 6 50 4 0
333670 1 4 50 1 0
335112 0 6 50 3 0
334303 0 6 51 2 0
334730 0 6 51 1 0
334774 1 2 51 3 0
333951 0 6 52 1 0
334388 0 6 52 3 0
334489 1 4 52 3 1
334818 0 6 52 1 0
335804 0 6 52 3 0
524571 0 6 52 3 0
333954 1 4 53 3 0
334775 0 6 53 3 1
334554 1 2 54 1 0
170631 1 4 55 3 0
333766 0 6 55 4 1
345034 0 6 55 3 0
524569 1 2 55 1 0
524570 0 6 56 3 0
333952 0 6 57 2 1
334305 0 6 57 2 1
334557 0 6 57 3 0
523499 0 6 57 1 0
345031 1 4 58 1 0
523403 1 4 59 1 0
523498 1 4 59 1 0
523808 0 6 59 1 0
524567 0 6 59 0 0
524568 0 6 59 0 1
334555 1 4 60 3 0
345014 1 3 60 1 0
524742 0 6 60 1 0
524843 1 3 60 1 0
524414 0 6 61 1 0
524563 0 6 61 2 0
29913 1 2 62 3 0
523810 1 3 62 3 0
524426 0 6 62 1 0
524698 1 4 62 2 0
104902 0 6 63 4 1
523630 1 5 63 1 0
524481 0 6 63 1 0
524716 0 6 63 1 0
523873 0 6 64 1 0
169235 1 2 65 3 0
524072 0 6 65 1 1
524561 1 5 65 1 0
524565 0 6 65 3 0
524704 1 2 65 4 0
523561 0 6 66 1 0
524560 1 3 66 0 0
524717 1 4 66 1 0
524566 0 6 67 3 0
524715 0 6 67 1 0
523681 1 3 68 1 0
524718 1 4 68 1 0
524211 1 2 69 1 0
523678 1 4 70 2 0
523766 0 6 70 1 0
524209 0 6 70 1 0
524210 1 3 70 1 0
524564 1 4 70 2 0
523815 0 6 71 1 1
524084 0 6 71 1 0
524574 0 6 71 4 0
524714 0 6 71 1 0
367637 1 3 72 3 0
523807 0 6 73 1 0
523878 1 2 73 1 1
524077 1 3 73 1 1
524288 0 6 73 1 0
523726 0 6 74 1 0
523781 1 4 74 1 0
523812 0 6 74 0 0
524203 0 6 74 2 0
333709 0 6 75 3 0
524208 0 6 75 1 0
525040 0 6 75 1 0
523818 0 6 76 3 0
523862 0 6 76 1 0
525119 1 3 76 1 0
523814 0 6 77 1 0
524321 0 6 77 1 0
524500 0 6 77 1 0
524078 1 3 78 1 0
524090 0 6 78 0 0
524322 0 6 78 3 0
525031 0 6 78 1 0
523727 1 3 79 3 0
524624 0 6 79 1 0
524663 0 6 79 1 0
525038 1 4 79 0 0
523939 1 5 80 1 0
524029 0 6 80 1 0
524365 1 3 80 1 0
524650 0 6 80 1 0
525120 1 3 80 1 0
373616 1 3 81 2 0
523574 0 6 81 1 0
523816 0 6 81 2 1
523817 1 3 81 3 0
524075 1 3 81 3 0
524248 1 3 81 1 0
524501 0 6 81 1 0
525042 1 2 81 3 1
523797 1 4 82 1 0
523813 1 3 82 1 0
524623 1 3 82 1 1
427325 1 2 83 3 0
481051 0 6 83 3 0
523215 1 3 83 1 0
523688 1 3 83 1 1
523938 0 6 83 1 0
524027 1 3 83 3 0
524419 0 6 83 1 1
524497 0 6 83 2 0
524813 0 6 83 4 0
327286 0 6 84 3 0
422873 1 3 84 3 0
424649 1 4 84 2 0
523391 0 6 84 1 0
523576 0 6 84 1 0
523594 1 5 84 1 0
523998 0 6 84 1 0
524340 1 3 84 1 0
524989 1 3 84 1 0
525041 0 6 84 3 1
283475 0 6 85 3 0
524305 1 3 85 1 0
524409 0 6 85 2 0
524420 1 3 85 2 0
524625 0 6 85 1 1
535049 0 6 85 3 0
523277 1 3 86 3 0
523577 0 6 86 3 1
524310 0 6 86 2 0
524336 0 6 86 3 0
560315 1 4 86 3 0
53654 0 6 87 3 1
423317 0 6 87 3 1
523666 0 6 87 2 0
535048 1 3 87 3 1
53650 1 4 88 1 0
330077 0 6 88 3 0
358552 1 5 88 1 0
517727 1 3 88 2 0
523393 1 3 88 3 0
523597 1 4 88 3 0
524306 1 4 88 3 0
415291 0 6 89 3 1
490918 0 6 89 3 1
523216 1 4 89 3 1
523397 0 6 89 0 0
523667 1 2 89 3 0
524065 1 4 89 1 0
524304 1 2 89 1 0
524622 0 6 89 0 0
536792 1 4 89 3 0
130828 1 3 90 2 0
331164 1 3 90 3 1
523596 1 3 90 3 0
524978 1 4 90 1 0
517622 0 6 91 3 0
523278 1 3 91 4 0
524308 0 6 91 1 0
525109 1 4 91 3 0
533586 1 3 91 3 0
331163 0 6 93 3 0
523217 1 3 93 3 0
523377 1 2 93 1 0
524626 1 2 93 3 0
536791 0 6 93 1 0
524976 1 4 94 1 1
533584 1 2 94 1 0
523447 0 6 95 1 0
533585 0 6 95 3 1
330442 0 6 96 2 1
535979 0 6 96 3 0
534602 1 5 97 1 0
535977 0 6 98 4 1
536053 0 6 98 1 0
387439 0 6 99 3 0
524977 0 6 99 1 0
533677 0 6 99 1 0
536872 1 4 99 2 0
525030 1 3 100 1 0
534604 1 3 100 3 1
346931 1 4 102 2 0
536876 1 2 102 1 0
392506 0 6 103 3 0
168494 0 6 104 3 0
534596 1 3 104 3 0
536432 1 2 104 1 0
137593 0 6 105 3 0
168495 0 6 105 3 0
523311 0 6 105 1 0
536429 0 6 105 1 0
524907 1 4 106 1 0
536433 1 3 106 3 0
523313 0 6 107 3 0
535879 0 6 107 1 0
537145 0 6 107 1 1
534597 1 3 108 3 0
536734 0 6 108 1 1
537100 1 5 108 1 0
523312 1 3 109 1 1
537337 0 6 109 1 0
168493 0 6 110 2 1
304704 1 4 110 3 0
503919 1 3 110 3 1
516539 1 2 110 3 0
524909 1 4 110 1 0
536300 0 6 110 4 0
537422 1 4 110 1 0
542760 0 6 110 3 0
202502 0 6 111 2 0
524353 0 6 112 1 0
530749 0 6 112 3 0
535424 1 4 112 1 0
536149 1 2 112 1 0
537144 0 6 112 1 0
537336 1 3 112 1 0
537421 0 6 112 1 0
202104 0 6 113 3 0
203162 1 4 113 1 0
303201 1 3 113 3 0
537339 0 6 113 3 0
523314 0 6 114 3 0
534581 0 6 114 3 0
536281 0 6 114 1 0
536430 0 6 114 1 0
536521 1 5 114 1 0
536703 1 4 114 1 0
202080 1 4 115 2 0
303199 0 6 115 1 0
304552 1 3 115 4 1
535485 1 3 115 1 0
535845 1 3 115 1 0
524881 0 6 116 1 0
535423 1 4 116 1 0
536098 1 3 116 3 0
536522 1 3 116 2 0
537331 0 6 116 1 0
303200 0 6 117 1 0
304295 0 6 117 4 0
523555 1 2 117 1 0
535426 0 6 117 2 0
536274 0 6 117 1 0
304682 1 4 118 1 0
523600 1 2 118 1 0
524598 0 6 118 1 0
527501 0 6 118 2 0
534585 0 6 118 3 0
303960 1 3 119 1 0
524482 0 6 119 1 0
537119 1 4 119 1 0
303190 1 5 120 1 0
535428 0 6 120 3 0
535486 1 3 120 1 0
535488 0 6 120 3 0
535846 0 6 120 1 1
303477 0 6 121 1 0
304191 0 6 121 1 0
535439 1 4 121 4 0
303632 1 4 122 1 0
304507 0 6 122 1 0
304683 0 6 122 1 0
523725 1 3 122 1 0
524389 1 3 122 3 0
524599 0 6 122 1 0
535484 1 3 122 1 0
304252 1 4 123 1 0
536442 1 3 123 1 0
304508 0 6 124 1 0
304513 0 6 124 1 1
304904 1 4 124 1 0
524390 1 4 124 3 0
536439 0 6 124 0 0
218980 0 6 125 3 1
303762 0 6 126 1 0
304689 0 6 126 1 0
304902 0 6 126 0 0
524804 1 3 126 3 0
536660 1 1 126 1 1
303605 0 6 127 1 0
364196 0 6 127 3 0
303606 0 6 128 1 0
304253 0 6 128 1 0
303979 1 4 129 1 0
304511 1 4 129 0 0
303532 0 6 130 0 0
141716 0 6 131 3 0
304692 0 6 131 3 0
303937 0 6 132 1 0
537084 1 4 132 1 0
552921 0 6 132 3 0
303980 0 6 133 3 0
535848 1 2 133 1 0
537292 0 6 134 1 0
304514 0 6 135 3 0
304688 0 6 135 1 0
535446 1 5 135 1 0
535589 0 6 135 3 0
303731 0 6 136 1 0
303938 0 6 136 1 0
465336 1 4 136 3 1
535850 1 3 136 3 1
536917 1 3 136 4 0
537083 1 4 136 0 0
303733 1 4 137 1 0
478934 0 6 137 2 0
536250 0 6 137 1 0
537289 0 6 137 0 0
304681 1 2 138 1 0
535726 0 6 138 1 0
536183 0 6 138 1 0
536251 0 6 138 1 0
303734 1 3 139 1 0
303943 0 6 139 3 0
537163 1 3 140 4 1
344397 0 6 141 3 0
478933 0 6 141 1 0
478936 0 6 141 3 0
537068 1 4 141 1 0
535648 0 6 142 1 0
536364 1 3 142 1 0
478932 0 6 143 1 0
75293 1 2 144 3 0
344396 0 6 145 1 0
75292 1 2 146 3 0
344707 1 3 146 1 0
479140 1 4 146 1 0
344716 1 4 147 4 0
60913 0 6 148 3 1
75814 1 4 148 3 0
479038 0 6 148 1 0
478929 1 2 149 4 1
479039 0 6 150 2 1
344708 0 6 151 1 0
479143 0 6 151 3 0
345315 1 4 152 4 1
282379 0 6 154 3 0
345468 0 6 155 1 1
344536 0 6 156 3 1
345342 0 6 156 1 0
479040 0 6 156 3 1
345057 0 6 157 1 0
345343 1 4 157 1 0
344950 0 6 159 1 0
345076 0 6 159 1 1
345344 0 6 159 3 0
345377 1 3 159 1 0
344544 1 4 160 3 0
344599 1 3 160 1 0
345469 0 6 160 3 0
345584 0 6 160 1 0
345608 0 6 160 1 0
344508 0 6 161 4 1
472092 0 6 161 3 0
485163 1 3 161 3 1
344310 1 4 162 1 0
344600 0 6 162 1 0
344970 1 4 162 1 0
345606 0 6 162 1 0
344315 1 4 163 3 0
344809 0 6 163 1 1
345378 1 2 163 3 0
345603 1 2 163 4 1
345832 0 6 163 1 0
344223 1 5 164 1 0
344890 1 3 164 1 1
345772 1 3 164 1 0
344542 0 6 165 2 0
344973 1 4 165 1 0
345833 1 2 165 1 0
485156 0 6 165 4 0
345144 1 5 166 4 0
345375 0 6 166 2 0
344836 1 4 167 1 0
345170 1 3 167 1 1
345283 0 6 167 1 1
345300 0 6 167 3 0
345376 1 2 167 3 0
345834 1 3 167 1 0
345609 1 4 168 3 0
345774 0 6 168 3 1
345212 1 5 169 1 0
344758 1 3 170 1 0
344869 1 3 170 1 0
345172 0 6 170 3 0
344865 1 3 171 1 0
345169 0 6 171 1 0
485155 0 6 171 4 0
344509 1 2 172 4 1
345259 1 3 172 4 1
344760 0 6 173 3 0
344999 0 6 173 1 0
345171 1 4 173 3 0
345697 0 6 173 1 0
37567 1 3 174 3 0
344504 0 6 174 1 0
344872 1 3 174 3 0
345422 1 2 174 1 0
345728 0 6 175 1 0
484926 1 3 175 4 0
344759 0 6 176 1 0
344868 0 6 176 1 0
344895 0 6 176 3 0
345896 1 3 176 1 0
343540 0 6 177 3 0
344357 1 3 177 1 0
344358 1 2 177 1 0
344871 1 3 177 3 0
418084 0 6 177 3 0
345492 1 4 178 1 0
345558 0 6 178 1 0
389827 0 6 178 3 0
344492 1 2 179 1 0
345405 0 6 179 3 1
345897 0 6 179 3 0
484927 1 4 179 1 0
345722 0 6 180 1 0
344671 0 6 181 1 0
344870 1 3 181 1 0
344361 1 4 182 2 1
344956 0 6 182 1 0
344971 0 6 182 1 0
345898 1 4 182 3 0
389828 0 6 183 3 0
344495 0 6 184 3 0
344499 1 2 184 3 0
345263 0 6 184 1 0
345337 1 4 184 1 0
345274 1 4 185 1 0
345682 0 6 185 1 0
345889 1 4 185 1 0
344362 0 6 186 3 0
345336 1 4 187 3 0
345689 0 6 187 1 1
345850 1 3 187 3 0
344489 1 3 188 3 0
344496 0 6 188 1 0
344620 0 6 188 1 0
345607 0 6 188 1 0
344833 1 3 189 1 0
345276 0 6 189 3 0
345688 0 6 189 0 0
345891 1 2 189 3 1
556280 0 6 189 3 0
344490 1 4 190 3 0
345318 1 4 190 1 0
345335 0 6 190 1 0
345784 1 5 190 1 0
124847 1 4 191 2 0
344593 0 6 191 1 0
345886 1 3 191 1 0
31199 0 6 192 3 0
124857 0 6 192 3 1
344387 1 4 192 3 0
344497 0 6 193 1 0
344834 1 4 193 3 0
344219 1 3 195 1 1
344339 1 2 195 3 1
344645 0 6 195 1 0
345285 0 6 195 2 1
345888 0 6 196 1 0
344567 0 6 198 1 0
344644 0 6 198 1 0
267612 0 6 199 3 0
345887 1 2 199 1 0
153728 1 3 200 3 1
344503 0 6 200 1 0
344850 0 6 201 4 1
110082 0 6 202 2 1
384888 1 3 202 3 0
183712 0 6 203 3 0
344916 0 6 203 4 0
345499 0 6 204 1 0
183710 1 4 205 1 0
344502 0 6 205 1 0
345503 0 6 205 1 0
184137 1 3 207 1 0
184277 1 4 207 1 1
342646 0 6 207 3 1
344987 0 6 207 1 0
345498 0 6 207 1 0
343476 0 6 209 3 0
183715 0 6 210 1 0
184529 0 6 210 1 0
344989 1 3 210 4 0
184278 0 6 211 3 0
344423 1 4 211 1 0
344683 0 6 211 1 0
184531 0 6 212 3 0
184580 1 3 212 1 1
341179 1 3 212 3 0
184275 0 6 213 1 0
184398 1 3 213 1 0
184581 0 6 213 1 0
184279 0 6 214 3 0
344303 1 4 214 1 0
345178 0 6 214 1 0
345645 1 3 214 1 0
100172 1 3 215 2 1
184526 1 3 215 4 1
184760 0 6 215 1 0
184579 0 6 216 1 0
184586 0 6 216 3 0
185339 0 6 216 1 0
341912 0 6 216 4 0
343213 0 6 216 3 0
345883 1 4 216 1 0
468767 1 3 216 3 0
98180 1 4 217 3 0
100175 1 2 217 3 0
285750 0 6 217 2 0
344401 0 6 217 1 0
345179 0 6 217 3 0
7852 1 3 218 3 0
184583 1 3 218 3 1
185340 0 6 218 2 1
344304 1 4 218 1 0
433522 0 6 218 2 0
100169 0 6 219 0 0
184845 0 6 220 1 0
344307 0 6 220 3 0
344400 0 6 220 1 0
344404 1 3 220 3 0
345180 1 3 220 3 0
100541 0 6 221 4 0
344306 1 2 221 3 0
377789 0 6 221 3 0
63680 0 6 222 3 0
185342 0 6 222 3 0
185419 0 6 222 1 0
432758 0 6 222 3 0
432906 0 6 222 4 0
104696 0 6 223 3 0
184793 1 4 223 3 0
344305 1 4 223 1 0
345309 1 4 223 4 1
100853 1 4 224 2 0
432752 0 6 224 3 1
104691 0 6 225 1 0
104694 1 3 225 1 0
183682 1 4 225 1 0
431830 1 3 225 3 0
99382 1 4 226 4 0
100851 0 6 226 3 0
183599 1 4 226 4 0
184819 0 6 226 1 0
345308 1 4 226 3 0
185421 0 6 227 1 0
432505 0 6 227 3 0
104695 1 4 228 2 1
184818 0 6 228 0 0
185069 1 4 228 1 0
185317 1 4 228 1 0
432757 0 6 228 3 0
343536 0 6 229 2 1
431828 1 5 229 1 0
431933 0 6 229 3 0
96058 1 4 230 3 0
183681 0 6 230 1 0
185167 0 6 230 1 0
185316 0 6 230 1 0
185318 1 3 230 2 0
185420 1 4 230 1 0
472737 0 6 230 3 0
184817 0 6 231 4 1
185321 1 3 231 3 0
185418 0 6 231 1 0
432445 0 6 231 1 0
184221 0 6 233 3 0
184820 0 6 233 1 0
431829 0 6 233 1 0
103896 0 6 234 3 0
184777 0 6 234 3 0
187121 0 6 234 3 0
188231 0 6 234 3 0
185319 1 4 236 2 0
184037 0 6 238 4 0
187119 0 6 238 0 0
89888 1 2 239 3 0
89887 0 6 244 3 0
