23019 3 2 2 0
283621 3 2 3 0
367797 3 2 1 0
163600 4 3 3 1
471824 4 3 1 0
390995 6 3 3 1
390032 7 3 3 0
471823 7 2 1 0
22971 8 2 1 0
471826 8 4 3 1
346495 9 2 1 0
347061 9 3 1 0
22972 10 2 2 0
347345 10 2 1 0
347935 11 2 1 0
492267 11 2 3 0
470622 12 3 1 0
470729 12 3 1 1
345991 13 1 1 0
470571 13 3 1 0
471827 13 4 3 0
22973 14 3 3 0
346047 14 3 1 0
347642 14 1 1 0
470731 14 3 1 0
347443 15 1 1 0
471665 15 1 1 0
193454 16 4 3 0
346048 16 2 1 0
346166 16 2 1 0
346582 16 1 1 0
347051 16 3 1 0
347188 16 2 1 0
470570 16 3 1 0
471105 16 3 1 1
471737 16 3 1 0
346046 17 3 0 0
346470 17 2 1 0
347083 17 4 2 0
347988 17 3 1 0
346673 18 4 1 0
346914 18 3 1 0
347959 18 3 1 0
470969 18 4 3 0
345994 19 3 2 0
347187 19 2 3 0
471666 19 3 1 0
346170 20 4 1 0
346272 20 4 1 0
346468 20 2 1 0
346916 20 3 2 0
347139 20 3 1 0
347290 20 4 1 0
347989 20 3 1 0
193456 21 4 4 0
346472 21 3 3 0
346913 22 2 0 0
346917 22 3 3 0
347135 22 3 0 0
347185 22 2 1 0
347291 22 3 2 0
347546 24 4 1 0
347957 24 4 0 0
345946 25 4 1 1
347136 25 3 0 0
347267 25 2 1 0
471146 25 3 1 0
347296 26 3 3 0
347377 26 3 1 0
470840 26 4 1 0
470839 27 3 1 0
347306 29 3 4 1
347823 31 2 1 0
