25140 0 6 6 3 0
185401 0 6 6 2 0
244403 1 3 6 1 0
291620 1 3 6 1 0
322788 1 3 6 3 0
334392 1 3 6 2 0
344763 1 4 6 3 0
414589 1 4 6 3 0
460981 1 2 6 1 0
538175 1 2 6 2 0
322787 1 3 8 3 0
333817 1 5 8 3 0
334393 0 6 8 3 0
414588 0 6 9 3 0
1710 0 6 10 3 1
291702 0 6 10 1 0
322794 0 6 10 3 0
244404 1 4 11 1 0
291704 0 6 11 3 0
322789 1 3 11 3 0
290844 1 3 12 1 0
334384 0 6 12 1 0
1706 0 6 13 0 0
334039 1 3 14 1 0
1708 1 4 15 1 0
1709 1 4 15 3 0
153792 0 6 15 3 0
244402 0 6 15 1 0
244406 1 3 15 3 0
334382 0 6 15 0 0
291513 0 6 16 1 1
334690 1 3 16 1 0
334043 1 3 17 3 0
333935 1 2 18 1 0
242901 0 6 19 3 0
333933 0 6 19 0 0
334383 1 3 19 1 0
333934 1 4 22 1 0
333805 1 4 23 1 0
242903 1 3 24 4 0
334386 0 6 24 3 1
334098 0 6 25 1 0
242902 1 3 28 4 1
334935 0 6 28 1 0
