317568 2 1 3 0
88376 3 2 3 0
194574 3 2 3 0
202348 3 2 1 0
299738 3 2 3 1
74202 4 3 3 0
201804 4 2 1 0
93453 7 3 1 0
106343 7 2 1 0
94257 8 3 1 0
170758 8 2 3 0
414879 8 4 3 1
93446 9 2 3 0
94652 9 4 1 0
280411 10 2 3 0
106355 12 3 4 0
477397 13 2 2 0
94454 14 4 3 0
93763 15 3 3 1
93514 16 2 1 0
93507 17 2 1 0
93762 18 2 1 0
94616 18 2 1 0
93509 21 2 3 0
303965 21 3 3 0
3752 23 1 3 0
93508 23 4 2 1
93257 25 2 1 1
94694 25 2 1 1
93749 26 4 1 0
93458 27 3 1 0
94556 27 2 0 0
93982 28 2 1 0
94467 28 2 3 0
93404 30 3 1 0
93608 31 3 1 0
94411 31 3 1 0
94465 31 2 2 0
93372 32 1 1 0
93407 32 4 3 1
93985 32 3 3 0
92964 33 3 1 0
93386 33 2 1 0
93933 37 3 3 0
93882 40 1 1 0
93941 41 3 3 0
184972 41 2 3 0
93937 47 3 1 0
93207 56 3 4 1
93441 63 3 1 0
93851 64 3 1 0
94433 64 3 1 0
93677 70 2 1 0
94660 75 3 1 0
94479 77 2 4 0
497809 80 3 3 0
92982 81 3 4 0
67555 82 3 3 0
92949 83 3 4 1
96521 87 4 3 0
156534 88 3 2 1
