12264 1 2 6 3 0
23745 1 3 6 3 0
135107 0 6 6 3 0
156253 1 4 6 1 0
170835 0 6 6 2 1
285440 0 6 6 3 0
315363 1 2 6 4 1
420321 1 3 6 4 0
461946 0 6 6 3 0
514951 0 6 6 2 0
157407 1 4 7 1 0
285875 0 6 7 3 1
339026 1 4 8 3 1
316176 0 6 9 2 0
156254 0 6 10 1 0
281265 0 6 10 3 1
156250 0 6 11 1 0
300202 0 6 11 3 0
326592 1 4 11 3 0
514950 0 6 11 3 0
53954 1 4 13 3 1
157410 1 3 13 3 0
489774 0 6 13 3 0
534589 1 3 13 3 0
49819 0 6 14 2 0
156256 1 4 14 3 0
268139 0 6 14 3 1
300201 1 3 16 3 0
32083 0 6 17 3 0
53952 0 6 17 1 0
157398 0 6 17 2 0
294987 1 4 17 3 0
487758 1 2 17 2 1
294986 0 6 18 3 0
300196 1 5 18 2 0
259040 0 6 19 3 0
300198 0 6 20 3 0
309872 0 6 22 3 0
