274808 1 3 3 0
274809 0 3 3 0
274811 0 3 3 0
530501 1 4 2 0
319748 1 4 2 0
215741 1 4 2 3
215739 0 4 3 3
319751 0 4 3 0
530502 0 4 3 0
297372 1 6 3 3
293775 1 6 2 3
272401 1 7 2 3
213987 1 7 1 2
213986 0 7 3 2
94177 1 9 2 1
94178 0 9 3 1
94179 0 9 3 1
292549 1 10 1 3
292045 1 12 2 1
292653 1 14 2 4
291034 1 14 2 3
291029 0 14 3 3
291032 0 14 3 3
292654 0 14 3 4
291331 1 15 3 4
290654 1 15 1 3
291269 1 16 3 4
290652 1 16 3 4
290653 1 18 3 2
290654 0 18 3 2
292746 1 22 3 4
291605 1 22 2 3
292813 1 23 3 1
292745 1 23 3 4
292816 0 23 3 1
292557 1 24 2 4
292558 0 24 3 4
292816 1 26 3 3
292815 0 26 3 3
291606 1 26 2 3
440265 1 27 4 3
292558 1 27 4 4
290386 1 28 3 1
292557 1 28 3 4
292817 1 29 3 3
290387 1 29 3 1
290388 1 29 3 1
292815 0 29 3 3
292413 1 30 3 1
292745 1 30 1 3
292415 0 30 3 1
292746 0 30 3 3
292947 1 32 3 1
290894 1 32 3 1
291825 1 35 3 1
290895 1 36 3 3
292488 1 37 2 1
292489 0 37 3 1
382716 1 38 2 2
382718 0 38 3 2
382539 1 40 2 3
382536 0 40 3 3
382540 0 40 3 3
382541 0 40 3 3
291479 1 42 1 3
382535 0 45 3 1
381331 1 47 3 1
382536 1 47 2 1
382540 1 48 3 3
382537 1 49 3 3
382539 1 49 3 3
511691 1 50 3 3
381330 1 51 4 1
382344 1 52 1 1
381334 1 52 3 1
382346 0 52 3 1
382841 1 53 3 1
382386 1 53 3 1
381279 1 53 2 1
382840 1 54 3 1
382843 1 54 3 1
381332 1 55 3 1
381052 1 55 2 1
381050 0 55 3 1
381054 0 55 3 1
382579 1 58 3 1
382298 1 59 4 1
381787 1 59 3 4
382743 1 59 2 4
382839 1 59 1 0
381786 0 59 3 4
382056 1 60 4 1
381861 1 60 4 1
381051 1 60 2 1
381118 1 61 2 1
119581 1 61 2 3
382840 1 61 1 1
381117 0 61 3 1
381119 0 61 3 1
381860 1 61 3 1
381863 1 61 3 1
382059 1 61 3 1
382061 1 61 3 1
382062 1 61 3 1
382436 1 62 3 1
382438 0 62 3 1
382057 1 63 3 1
381386 1 63 3 3
381057 1 64 4 1
382058 1 64 3 1
381564 1 64 2 1
382062 0 64 3 1
381694 1 65 2 1
381044 1 65 2 1
503084 1 65 1 3
381695 0 65 3 1
381696 0 65 3 1
503082 0 65 3 3
381584 1 66 3 1
382002 1 66 2 1
381463 1 66 1 1
381462 0 66 3 1
381585 0 66 3 1
381586 0 66 3 1
382000 0 66 3 1
382001 0 66 3 1
382004 0 66 3 1
382005 0 66 3 1
381983 1 67 2 1
381775 1 67 2 1
381759 1 67 2 3
381464 1 67 2 3
382443 1 69 3 3
381772 1 69 2 0
382440 0 69 3 3
382442 0 69 3 3
381985 1 71 2 3
381982 0 71 3 3
381314 1 72 3 1
381313 0 72 3 1
214192 1 75 3 3
214191 0 75 3 3
214193 0 75 3 3
293403 1 78 1 1
381315 1 79 1 3
294021 1 80 3 1
214193 1 81 2 3
293394 1 82 3 3
293392 0 82 3 3
381316 1 83 1 3
143330 1 85 2 3
46447 1 87 3 3
467480 1 87 2 2
368123 1 92 1 2
368122 0 92 3 2
428074 1 93 2 3
433645 1 93 3 3
333222 1 94 2 2
333224 0 94 3 2
433645 1 96 3 1
428070 1 96 3 4
382132 1 96 2 4
433643 0 96 3 1
433646 0 96 3 1
