163599 8
367800 8
471822 8
471827 8
390992 10
390994 10
390030 11
390033 11
471822 12
471823 12
471824 12
347063 13
347346 14
470624 16
470626 16
470572 17
471824 17
471825 17
471826 17
22942 19
390468 19
346173 20
346461 20
346463 20
347134 20
367745 20
470571 20
347341 21
23541 22
23545 22
347104 22
346171 23
346174 23
347152 23
470840 24
471854 24
22545 25
22546 25
22550 25
346231 25
23048 26
23050 26
23051 26
23053 26
345951 26
345954 26
347149 26
347151 26
22896 28
345952 28
345953 28
24349 29
23936 30
23938 30
23939 30
402054 31
402056 31
23663 32
24138 33
24299 33
24300 33
24475 33
24477 33
402055 33
23306 34
346900 34
346902 34
347961 34
24676 35
347958 35
347959 35
347960 35
347962 35
470889 35
470891 35
23745 36
346913 36
346915 36
346916 36
346918 36
471064 36
23362 37
23363 37
24139 37
24301 38
24302 38
24319 38
346903 38
470525 38
22728 39
24007 39
331301 39
23657 40
23044 41
23467 41
23468 41
23470 41
346049 41
507852 41
22893 42
471068 43
471069 43
471070 43
397152 44
397153 44
418262 45
22807 46
347607 46
346212 47
471529 47
346209 49
470533 49
22959 51
23248 51
470932 51
470933 51
471791 51
346430 52
22965 53
22970 53
23567 53
23568 53
23570 53
346435 53
346436 53
470333 54
470334 54
23561 55
23564 55
23851 55
470484 55
23699 56
23701 56
28759 58
28761 58
23628 74
23630 74
22701 82
22524 89
22526 89
24615 89
24616 89
