23019 3 2 2 0
283621 3 2 3 0
367797 3 2 1 0
163600 4 3 3 1
471824 4 3 1 0
390995 6 3 3 1
390032 7 3 3 0
471823 7 2 1 0
22971 8 2 1 0
471826 8 4 3 1
346495 9 2 1 0
347061 9 3 1 0
22972 10 2 2 0
347345 10 2 1 0
346454 11 1 3 0
347935 11 2 1 0
492267 11 2 3 0
470622 12 3 1 0
470729 12 3 1 1
347201 13 2 1 0
470571 13 3 1 0
471827 13 4 3 0
22943 15 2 1 0
346459 15 1 0 0
348020 15 2 1 0
390469 15 2 2 0
346170 16 3 1 0
347131 16 3 1 1
367747 16 4 3 0
470712 16 2 2 0
347342 17 3 3 0
22942 18 1 0 0
23543 18 2 1 0
347106 18 2 3 0
23057 19 3 1 0
346172 19 2 1 0
347150 19 2 1 0
471853 19 2 1 0
470839 20 2 1 0
22549 21 2 1 0
23857 21 2 2 1
346133 21 2 1 0
346227 21 4 1 0
23049 22 2 1 0
245241 22 3 3 0
345952 22 3 1 0
346276 22 2 1 0
347152 22 3 2 0
402919 22 4 3 1
22895 24 3 3 0
23954 24 3 1 0
346744 24 4 3 0
23937 25 2 1 0
24348 25 4 1 0
471128 25 4 1 0
23293 26 2 1 0
23240 27 2 1 0
23304 27 4 1 0
23360 27 3 1 0
347959 27 2 1 0
402055 27 4 3 0
23050 28 3 1 0
23659 28 4 1 0
347960 28 2 1 0
22756 29 4 1 0
23051 29 4 1 0
23363 29 2 3 0
24137 29 3 1 0
24301 29 2 1 0
24476 29 3 2 0
402054 29 3 2 0
23303 30 3 1 0
24675 30 2 1 0
346901 30 2 1 0
347958 30 3 1 0
470892 30 3 3 0
547949 30 4 3 0
347956 31 3 0 0
347957 31 2 0 0
347961 31 2 3 0
470890 31 3 1 0
23306 32 3 3 0
23362 32 3 1 0
23935 32 4 1 0
24138 32 3 1 0
24142 32 4 2 0
346617 32 2 0 0
346914 32 2 1 0
471063 32 3 1 0
22728 33 3 0 0
23361 33 4 1 0
24140 33 3 3 0
24297 33 3 2 0
24300 33 1 1 0
24321 33 2 3 1
346643 33 3 1 0
471068 33 3 1 0
24006 34 1 1 0
346902 34 3 3 0
470523 34 2 1 0
470891 34 3 3 0
22730 35 3 3 0
331303 35 3 2 0
470307 35 2 2 0
23469 36 2 1 0
23471 36 3 2 0
23654 36 3 1 0
22588 37 4 1 0
22807 37 3 1 0
23046 37 3 3 1
346051 37 2 3 0
507851 37 3 2 0
22892 38 3 1 0
470994 38 3 1 0
471067 38 3 0 0
507849 38 2 1 0
471071 39 2 3 0
23313 40 3 1 0
23656 40 3 3 0
23670 40 3 3 0
346917 40 2 3 0
397154 40 3 3 0
470522 40 2 1 0
22594 41 2 4 1
24135 41 3 2 0
418263 41 3 2 0
22596 42 2 3 0
22808 42 3 2 0
23212 42 3 1 0
347610 42 4 3 0
471528 42 1 1 0
346211 43 4 1 0
23119 44 3 1 0
23507 44 3 1 0
23245 45 3 0 0
23671 45 4 1 0
287848 45 3 3 0
346213 45 4 3 0
470532 45 3 1 0
22443 46 3 4 0
22957 46 2 1 1
23244 46 2 0 1
24287 46 3 3 0
470484 46 2 1 0
23562 47 3 0 0
24315 47 4 1 0
290050 47 3 2 0
470931 47 2 1 0
471792 47 3 3 0
22967 48 2 1 0
24316 48 3 2 0
346429 48 3 3 0
23181 49 3 4 1
23566 49 4 1 0
24029 49 2 1 0
346437 49 3 1 0
470825 49 3 3 0
470332 50 3 1 0
23561 51 3 0 1
23563 51 2 3 0
23852 51 3 3 0
470485 51 2 3 0
23698 52 4 0 0
22572 53 4 3 0
23568 53 4 2 0
23855 54 3 3 0
28762 54 4 2 0
126974 54 2 3 1
22589 69 2 1 0
23286 69 2 1 0
23631 70 3 3 0
22702 78 3 1 0
22988 78 3 1 0
22648 81 2 1 0
22523 84 2 1 0
24617 84 1 4 1
22525 85 2 1 0
22526 88 2 3 1
22649 94 4 3 0
