94179 0 6 6 3 0
147642 0 6 6 3 1
215741 1 3 6 3 0
232932 0 6 6 3 0
274808 1 4 6 0 0
292547 0 6 6 1 0
296025 0 6 6 2 0
297368 0 6 6 3 0
319748 1 3 6 0 0
530501 1 3 6 0 0
213987 0 6 8 2 1
290646 0 6 8 1 0
293775 1 3 8 3 0
319749 0 6 8 1 0
94094 0 6 9 4 1
272401 1 3 9 3 1
297372 1 4 9 3 0
94175 0 6 10 0 0
319751 0 6 10 2 0
94177 1 3 11 1 0
292549 1 2 11 3 0
94174 0 6 13 0 0
290647 0 6 13 1 0
290649 0 6 13 3 0
94178 1 2 15 3 0
290383 0 6 16 1 1
290648 0 6 18 3 0
290384 0 6 20 2 0
183132 1 2 25 3 0
183131 0 6 29 1 0
183133 0 6 29 3 0
182297 0 6 31 1 0
182022 0 6 32 1 0
182369 0 6 35 1 0
182739 1 3 36 1 1
182738 0 6 37 1 0
182019 1 4 38 4 1
182045 1 3 38 1 0
182375 1 1 39 4 0
182741 1 3 39 3 0
182898 0 6 39 1 1
182192 0 6 40 1 0
182351 1 4 40 1 0
182740 1 3 40 3 0
182412 1 4 41 1 0
181768 0 6 42 1 1
181583 0 6 44 3 1
183465 1 3 44 3 0
183027 1 3 45 1 0
182414 1 2 46 1 0
182415 1 2 46 1 0
183349 0 6 47 1 0
183351 0 6 49 3 0
183352 0 6 49 3 0
16093 1 5 52 3 1
182416 0 6 52 3 0
183350 1 2 52 2 0
