229068 10
229069 10
538135 10
277950 15
516487 20
516488 20
516078 21
516245 22
517091 22
516336 24
515858 25
516485 25
516725 26
517130 26
516282 27
516333 28
516337 28
515378 29
515798 29
516334 29
516335 29
307116 30
515758 30
516086 30
516088 30
516089 30
516229 30
516267 30
516268 30
516327 30
515398 31
515492 31
515712 32
515714 32
516547 32
516549 32
515316 33
515797 33
516843 33
516325 34
475197 35
475198 35
516839 37
516842 37
516409 38
515356 39
517002 39
517003 39
516837 40
516838 40
516841 40
516843 40
166316 41
166317 41
166318 41
516980 43
516607 46
263211 47
515705 48
516788 48
516790 48
516791 48
516865 49
517255 49
515984 50
517191 50
517194 50
517176 51
517178 51
166307 52
515689 52
515690 52
517183 52
515927 53
517050 53
515931 54
166320 55
516791 55
517161 56
434734 57
516152 57
516153 57
516693 59
516813 60
517209 60
515611 61
515835 61
516429 61
516430 61
516431 61
310132 63
516317 63
517005 63
310216 64
310221 64
311376 64
516314 64
515517 65
517070 65
517258 66
310254 69
311127 70
516750 70
311126 73
309792 74
310256 74
310741 74
310778 74
310968 74
310971 74
517006 74
517007 74
310905 76
310830 77
311854 78
311858 78
310739 79
310742 79
311754 79
311913 79
311914 79
311916 79
434633 80
434634 80
311222 81
311507 81
311751 81
309691 83
311750 83
311752 83
311753 83
311325 84
175637 85
175640 85
175641 85
311468 86
311470 86
310257 87
310260 87
310744 87
311509 87
41648 90
41649 90
41651 90
310584 90
310586 90
311338 90
311339 90
311340 90
311333 91
311336 91
310585 92
311564 92
72819 93
310804 93
310590 94
311036 94
311037 94
218674 96
37574 103
184594 113
163687 115
227300 118
