163599 0 4 5 3
367800 1 4 5 1
471822 0 4 5 1
471827 0 4 5 1
390992 0 6 5 3
390994 0 6 5 3
390030 0 7 5 3
390033 0 7 5 3
471822 0 8 5 3
471823 0 8 5 3
471824 0 8 5 3
347060 0 9 5 1
347346 0 10 5 1
347350 0 10 5 1
23708 1 12 5 4
347937 1 12 5 1
470623 0 12 5 1
470626 0 12 5 1
470731 0 12 5 1
471823 0 13 5 3
471824 0 13 5 3
471826 0 13 5 3
345990 1 14 5 1
346046 0 14 5 1
346049 0 14 5 1
347640 1 15 5 1
347641 1 15 5 1
347643 1 15 5 1
193455 0 16 5 3
347048 0 16 5 1
347049 0 16 5 1
347052 0 16 5 1
347192 0 16 5 1
347442 1 16 5 1
347444 1 16 5 1
347445 1 16 5 1
471668 1 16 5 1
471736 0 16 5 1
471738 0 16 5 1
346471 0 17 5 1
346583 1 17 5 1
347084 0 17 5 2
347962 0 17 5 1
347989 0 17 5 1
347990 0 17 5 1
346916 0 18 5 1
346917 0 18 5 1
470622 0 18 5 1
347008 0 19 5 1
471668 0 19 5 1
471670 0 19 5 1
345922 0 20 5 1
345925 0 20 5 1
346047 0 20 5 3
346049 0 20 5 3
471701 1 20 5 1
57723 0 22 5 3
346915 1 22 5 0
346918 1 22 5 0
347961 0 22 5 0
347962 0 22 5 0
470680 0 22 5 3
470684 0 22 5 3
471105 0 22 5 3
471106 0 22 5 3
471939 0 22 5 1
346535 0 23 5 1
471665 0 23 5 1
346682 0 24 5 0
346684 0 24 5 0
471436 0 24 5 1
347289 0 25 5 3
347957 0 25 5 1
347961 0 25 5 1
347962 0 25 5 1
346766 0 26 5 3
346913 0 26 5 3
346915 0 26 5 3
346916 0 26 5 3
347691 0 26 5 2
346410 0 27 5 1
346413 0 27 5 1
346734 0 27 5 1
346735 0 27 5 1
346736 0 27 5 1
346738 0 27 5 1
346739 0 27 5 1
346538 0 28 5 3
347451 1 28 5 4
470683 0 28 5 1
236815 0 29 5 3
310440 0 29 5 3
347551 0 29 5 1
346739 1 30 5 1
347290 0 30 5 3
471938 0 30 5 1
471940 0 30 5 1
470261 0 31 5 1
346850 0 32 5 1
239714 0 33 5 2
346734 1 33 5 3
471299 0 33 5 1
310441 0 34 5 2
347551 0 34 5 3
454050 1 34 5 4
347669 0 35 5 0
347670 0 35 5 0
347771 0 35 5 3
426084 0 35 5 3
471817 0 35 5 1
471819 0 35 5 1
516825 0 35 5 0
516828 0 35 5 0
347503 0 36 5 1
471843 1 37 5 1
471846 1 37 5 1
516663 0 37 5 1
346415 0 38 5 0
329698 1 41 5 2
346709 1 41 5 1
346710 1 41 5 1
347769 0 41 5 1
516660 0 41 5 3
516662 0 41 5 3
516663 0 41 5 3
516764 0 41 5 0
516997 0 42 5 1
517000 0 42 5 1
346800 1 43 5 1
346797 1 43 5 1
516465 0 43 5 1
516469 0 43 5 1
516660 0 43 5 1
516661 0 43 5 1
516663 0 43 5 1
515515 0 44 5 1
516942 1 44 5 1
346503 1 45 5 3
346710 1 45 5 1
346893 0 45 5 1
516587 0 45 5 1
346504 1 47 5 1
346824 0 47 5 3
516464 0 47 5 3
516465 0 47 5 3
516788 0 47 5 3
516936 0 47 5 1
516464 0 48 5 0
516467 0 48 5 0
516466 0 48 5 1
516468 0 48 5 1
346820 0 51 5 1
515399 0 53 5 1
516586 0 54 5 1
516588 0 54 5 1
516589 0 54 5 1
516813 0 54 5 3
516814 0 54 5 3
515426 0 59 5 1
515427 0 59 5 1
516340 0 59 5 1
516343 0 59 5 1
515574 0 62 5 1
516341 0 63 5 3
516341 0 64 5 0
516342 0 64 5 0
516478 0 65 5 1
517232 0 65 5 1
516361 0 68 5 3
346503 1 301 5 3
