216160 0 4 5 1
233712 1 4 5 3
49053 0 5 5 3
100587 0 5 5 1
216161 0 6 5 1
216162 0 6 5 1
216163 0 6 5 1
216164 0 6 5 1
214709 0 7 5 1
214712 0 7 5 1
214713 0 7 5 1
214714 0 7 5 1
215356 0 8 5 1
215357 0 8 5 1
215358 0 8 5 1
215416 1 10 5 1
317944 0 10 5 1
318030 0 10 5 1
318032 0 10 5 1
215319 0 11 5 1
215720 0 12 5 3
215721 0 12 5 3
215722 0 12 5 3
216092 1 12 5 3
318859 1 12 5 1
318861 1 12 5 1
318031 0 13 5 1
318032 0 13 5 1
216094 0 14 5 1
317639 0 14 5 1
317640 0 14 5 1
317642 0 14 5 1
317643 0 14 5 1
319049 0 14 5 1
319050 0 14 5 1
215720 0 15 5 3
214911 0 16 5 1
318271 0 16 5 3
318535 0 16 5 1
318536 0 16 5 1
318537 0 16 5 1
215868 0 17 5 3
215870 0 17 5 3
214683 1 18 5 1
214684 1 18 5 1
215501 0 18 5 1
215502 0 18 5 1
317722 0 19 5 1
317986 0 19 5 1
317988 0 19 5 1
4036 1 20 5 3
316874 0 20 5 1
317605 0 20 5 2
317613 0 20 5 3
318583 0 20 5 1
318585 0 20 5 1
214681 1 21 5 1
214682 1 21 5 1
214683 1 21 5 1
214684 1 21 5 1
214780 1 21 5 1
214782 1 21 5 1
214783 1 21 5 1
216017 0 21 5 1
216018 0 21 5 1
216021 0 21 5 1
216115 0 21 5 1
317609 0 21 5 4
318814 0 21 5 1
318815 0 21 5 1
317020 0 22 5 1
318061 0 22 5 3
22323 0 23 5 3
214682 0 23 5 1
214683 0 23 5 1
214680 0 23 5 3
214682 0 23 5 3
214683 0 23 5 3
317293 0 23 5 1
317295 0 23 5 1
319070 0 23 5 1
319072 0 23 5 1
319073 0 23 5 1
216103 0 24 5 1
216105 0 24 5 1
216107 0 24 5 1
216108 0 24 5 1
317985 0 24 5 1
317988 0 24 5 1
317989 0 24 5 1
214675 1 25 5 1
214677 1 25 5 1
214678 1 25 5 1
214679 1 25 5 1
214735 0 25 5 1
214782 0 25 5 1
214783 0 25 5 1
317899 0 25 5 1
317900 0 25 5 1
317902 0 25 5 1
318302 0 25 5 3
215101 0 26 5 1
215103 0 26 5 1
215104 0 26 5 1
318582 0 26 5 2
318931 1 26 5 1
318934 1 26 5 1
22324 0 27 5 3
246913 1 27 5 2
246916 1 27 5 2
317323 0 27 5 1
317325 0 27 5 1
317326 0 27 5 1
214674 0 28 5 3
214676 0 28 5 3
317017 0 28 5 0
317018 0 28 5 0
317019 0 28 5 0
317020 0 28 5 0
317691 0 28 5 1
317693 0 28 5 1
317694 0 28 5 1
317695 0 28 5 1
318503 0 28 5 1
318507 0 28 5 1
214673 0 29 5 3
214679 0 29 5 3
214733 1 29 5 3
214736 1 29 5 3
317106 0 30 5 3
317107 0 30 5 3
317185 0 30 5 0
317186 0 30 5 0
317496 1 30 5 0
317877 0 30 5 2
318933 0 30 5 1
318934 0 30 5 1
318935 0 30 5 1
318936 0 30 5 1
317187 0 31 5 1
317188 0 31 5 1
317026 0 32 5 1
317029 0 32 5 1
317881 0 32 5 1
317882 0 32 5 1
317884 0 32 5 1
317885 0 32 5 1
318359 0 32 5 1
318362 0 32 5 1
318363 0 32 5 1
214734 0 33 5 0
214733 0 33 5 3
214735 0 33 5 3
316989 0 33 5 1
316990 0 33 5 1
316991 0 33 5 1
316992 0 33 5 1
317546 0 34 5 2
318756 0 34 5 1
318757 0 34 5 1
317258 0 35 5 1
317259 0 35 5 1
317635 0 35 5 3
317638 0 35 5 3
318931 0 35 5 1
318935 0 35 5 1
318936 0 35 5 1
317129 0 37 5 1
317130 0 37 5 1
428451 1 37 5 1
427892 0 40 5 1
427894 0 40 5 1
428451 0 43 5 3
428452 0 43 5 3
428453 0 43 5 3
428454 0 43 5 3
429737 0 44 5 1
429175 1 47 5 1
429176 1 47 5 1
429736 0 47 5 3
429739 0 47 5 3
429736 0 47 5 3
429738 0 47 5 3
428106 0 48 5 1
429728 0 49 5 3
429729 0 49 5 3
428769 0 65 5 1
428770 0 65 5 1
428771 0 65 5 1
428698 1 71 5 1
428699 1 71 5 1
428700 1 71 5 1
428702 1 71 5 1
429074 1 71 5 1
429076 1 71 5 1
428698 0 73 5 1
428701 0 73 5 1
428577 0 79 5 1
429463 0 80 5 1
429465 0 80 5 1
429571 0 80 5 3
429573 0 80 5 3
429575 0 80 5 3
429013 0 82 5 1
428199 1 83 5 1
429027 0 83 5 1
429028 0 83 5 1
429029 0 83 5 1
427997 0 85 5 1
427998 0 85 5 1
428195 0 85 5 1
428196 0 85 5 1
428198 0 85 5 1
429572 0 86 5 3
429573 0 86 5 3
428773 0 87 5 3
428429 0 88 5 1
428430 0 88 5 1
428737 0 88 5 1
429239 0 89 5 1
429240 0 89 5 1
428993 0 90 5 1
428995 0 90 5 1
428996 0 90 5 1
428737 0 91 5 1
428738 0 91 5 1
428257 1 92 5 1
428260 1 92 5 1
428261 1 92 5 1
428426 0 93 5 0
428428 0 93 5 0
428429 0 93 5 0
429429 1 93 5 1
428428 0 94 5 0
428994 0 94 5 1
428996 0 94 5 1
428997 0 94 5 1
428257 0 98 5 3
428258 0 98 5 3
428259 0 98 5 3
428735 1 98 5 1
428736 1 98 5 1
428739 1 98 5 1
