367797 1 3 3 1
283621 1 3 3 3
23019 1 3 3 2
471824 1 4 2 1
163600 1 4 2 3
163599 0 4 5 3
367800 1 4 5 1
471822 0 4 5 1
471827 0 4 5 1
390995 1 6 2 3
390992 0 6 5 3
390993 0 6 5 3
390994 0 6 5 3
471823 0 7 6 3
390032 1 7 2 3
390030 0 7 5 3
390031 0 7 5 3
22971 1 8 3 1
471826 1 8 1 3
471824 0 8 9 3
346495 1 9 3 1
347061 1 9 2 1
347060 0 9 7 1
347062 0 9 5 1
23704 0 11 18 4
471827 1 12 2 3
347698 1 12 2 1
23702 1 12 5 4
23703 1 12 5 4
347063 1 12 5 0
347697 0 12 6 1
347700 0 12 5 1
471822 0 12 5 3
471825 0 12 5 3
471826 0 12 5 3
346494 1 13 4 1
470976 1 13 3 1
508176 1 13 2 4
347340 1 13 2 1
470974 0 13 5 1
470977 0 13 5 1
508175 0 13 5 4
347953 1 14 2 1
22974 1 14 1 3
22971 0 14 5 3
346496 1 14 5 1
347951 0 14 5 1
347955 0 14 5 1
471853 1 15 3 1
347342 1 15 2 3
346585 1 15 2 1
347892 1 15 1 1
346586 0 15 5 1
346587 0 15 5 1
471854 0 15 6 1
471855 0 15 9 1
347339 1 16 3 0
346704 1 16 3 3
24586 1 16 1 1
24585 0 16 5 1
24588 0 16 5 1
346702 0 16 5 3
346390 1 17 4 1
346501 1 17 3 2
22713 1 17 3 1
23043 1 17 2 0
23046 0 17 5 0
23835 1 18 2 1
23833 0 18 5 1
23834 0 18 5 1
23836 0 18 5 1
23837 0 18 5 1
346392 1 18 5 1
346498 1 18 5 2
346499 1 18 5 2
23871 1 19 4 1
471850 1 19 3 1
22826 1 19 3 1
212423 1 19 2 1
22825 0 19 5 1
22827 0 19 5 1
22828 0 19 5 1
471853 1 19 5 1
471856 1 19 5 1
23049 1 20 3 1
470974 0 20 5 1
346770 1 21 3 1
347637 1 21 2 1
23470 1 21 2 2
23245 1 21 2 0
347348 1 21 1 1
23247 0 21 5 0
23248 0 21 5 0
346768 0 21 5 1
346769 0 21 5 1
347345 0 21 5 1
347347 0 21 5 1
347349 0 21 5 1
347350 0 21 5 1
347954 1 22 3 2
347124 1 22 3 3
346852 1 22 2 1
346763 1 22 2 1
23488 1 22 2 1
22716 1 22 2 3
22714 0 22 5 3
22715 0 22 5 3
22717 0 22 5 3
23486 0 22 5 1
23490 0 22 5 1
346851 0 22 5 1
346855 0 22 6 1
347951 0 22 5 2
347952 0 22 5 2
347953 0 22 5 2
347955 0 22 5 2
328961 1 23 3 3
347765 1 23 2 3
347636 1 23 2 1
22832 1 23 2 3
470637 1 23 1 1
22831 0 23 5 3
347122 1 23 5 3
347125 1 23 5 3
347763 0 23 5 3
347764 0 23 5 3
470636 0 23 5 1
347225 1 24 3 1
471852 1 24 2 3
400259 1 24 2 3
347312 1 24 2 4
346392 1 24 2 1
212424 1 24 1 1
212423 0 24 5 1
212425 0 24 5 1
346390 0 24 5 1
346393 0 24 7 1
346394 0 24 5 1
346395 0 24 5 1
347638 1 24 5 1
471069 1 25 3 1
347640 1 25 2 1
347188 1 25 2 1
23244 1 25 2 0
23050 1 25 2 1
471061 1 25 1 1
23047 0 25 5 1
23049 0 25 5 1
23052 0 25 5 1
23053 0 25 5 1
23246 0 25 5 0
347189 0 25 5 1
347190 0 25 5 1
347191 0 25 5 1
347192 0 25 5 1
347641 0 25 5 1
347642 0 25 5 1
347643 0 25 5 1
400257 1 26 3 2
24534 1 26 2 3
24120 1 26 2 2
22756 1 26 2 1
22755 0 26 5 1
22758 0 26 8 1
24121 0 26 5 2
346852 1 26 5 3
346853 1 26 5 3
471068 1 26 5 1
471071 1 26 5 1
346382 1 27 3 3
346380 1 27 2 1
22721 1 27 1 0
22723 0 27 5 0
24155 0 27 5 3
346379 0 27 5 1
346381 0 27 5 1
346066 1 28 3 1
23954 1 28 3 1
23834 1 28 2 1
23837 0 28 5 1
23838 0 28 5 1
142024 1 29 2 3
22757 1 29 2 1
346395 1 29 1 3
22776 1 29 1 4
22754 0 29 5 1
22756 0 29 5 1
22759 0 29 5 1
23623 0 29 5 1
23625 0 29 5 1
23627 0 29 5 1
23953 1 29 5 1
23956 1 29 5 1
142025 0 29 5 3
346391 0 29 5 3
346392 0 29 5 3
346394 0 29 5 3
22734 1 30 3 1
23624 1 30 2 1
471062 1 30 1 3
24475 1 30 1 0
22732 0 30 5 1
22733 0 30 5 1
22735 0 30 5 1
24476 0 30 5 0
23659 1 31 1 1
23658 0 31 5 1
23660 0 31 8 1
23661 0 31 6 1
23662 0 31 5 1
23663 0 31 5 1
24206 1 32 2 2
472306 1 32 1 3
23952 1 33 1 3
24207 1 33 5 2
24208 1 33 5 2
22758 1 34 3 3
471064 1 34 1 1
471065 0 34 5 1
471066 0 34 5 1
23716 1 35 3 3
23648 1 35 2 1
23649 0 35 5 1
23650 0 35 5 1
23714 0 35 5 3
22463 1 36 2 1
331650 1 38 3 3
22464 0 38 5 3
22465 1 38 2 3
22463 0 38 5 1
331646 1 40 2 2
331644 0 40 5 2
24246 1 42 1 0
24247 0 42 5 0
24249 1 43 2 3
24248 0 43 5 3
331646 0 44 5 2
23118 1 45 2 1
23116 0 45 5 1
23117 0 45 5 1
23119 0 45 5 1
23120 0 45 5 1
24137 1 46 3 1
23366 1 47 2 1
23367 0 47 5 1
23116 1 50 2 1
22556 1 50 2 1
22557 0 50 5 1
22560 0 50 5 1
23185 1 52 4 0
23212 1 52 3 1
23213 0 52 5 1
24635 1 53 1 0
22556 0 53 5 1
23188 1 53 5 0
22749 1 54 2 1
24090 1 55 3 1
24665 1 55 2 1
24089 0 55 5 1
24091 0 55 5 1
24666 0 55 5 1
24667 0 55 5 1
24637 1 57 2 1
24636 0 57 5 1
24638 0 57 5 1
24119 1 58 2 3
23671 1 58 2 1
23303 1 58 2 1
23302 0 58 5 1
23304 0 58 5 1
23306 0 58 7 1
24118 0 58 5 3
22569 1 59 2 1
22570 0 59 5 1
24606 1 60 3 1
24574 1 60 3 3
23586 1 60 3 1
24668 1 60 2 3
23588 0 60 5 1
23589 0 60 5 1
24665 0 60 5 3
24666 0 60 5 3
23868 1 61 3 4
24091 1 61 2 3
22571 0 61 5 3
24089 0 61 5 3
24090 0 61 5 3
24605 1 62 4 0
24576 1 62 1 1
22540 1 62 1 3
24577 0 62 5 1
24580 0 62 7 1
22958 1 65 2 1
24608 1 66 3 3
24605 1 67 5 3
24607 1 67 5 3
22954 1 68 1 3
23660 1 70 2 1
23659 0 70 5 1
22613 1 71 4 1
50792 1 71 1 3
205382 1 81 1 4
205576 1 83 2 4
23663 0 70 5 1
