194573 0 3 3 3
317567 1 3 3 3
93452 0 7 3 1
106345 0 7 3 1
94653 0 9 3 1
94654 0 9 3 1
94125 0 12 3 1
94128 0 12 3 1
93723 0 17 3 1
92934 0 19 3 1
93724 0 19 3 0
94033 0 19 3 3
93787 0 21 3 3
93789 0 21 3 3
94513 0 22 3 3
93265 0 24 3 3
93268 0 24 3 3
93927 0 25 3 1
103686 0 25 3 3
103687 0 25 3 3
93704 0 28 3 3
93706 0 28 3 3
93401 0 29 3 3
93407 0 29 3 3
217725 0 38 5 2
217729 0 38 5 2
94348 0 40 3 1
93801 0 41 3 3
93851 0 47 3 3
94485 0 47 3 1
93016 0 49 3 1
93015 0 49 3 1
93292 0 50 3 1
93797 0 50 3 1
93799 0 50 3 1
93858 0 50 3 2
93419 1 54 3 1
94149 0 54 3 1
93005 0 55 3 3
93007 0 55 3 3
93241 0 57 3 3
93242 0 57 3 3
94458 1 66 3 1
94265 0 67 3 3
94265 0 71 3 3
94448 0 76 3 1
