229068 8
229069 8
538135 8
277950 13
516487 18
516488 18
516078 19
516245 20
517091 20
516334 22
515655 23
516485 23
516075 24
516282 25
516284 25
516287 25
516336 26
517049 26
515318 27
516334 27
516335 27
516998 27
517053 27
515694 28
515695 28
515697 28
515700 28
515906 28
516145 28
516146 28
516147 28
516148 28
516597 28
516915 28
516847 29
516848 29
517048 29
517051 29
515203 30
515953 30
515957 30
516222 30
517106 30
517107 30
517136 30
517138 30
516734 31
516844 31
475534 32
516912 32
515693 34
515695 34
517006 34
517420 34
516844 35
516846 35
515405 37
515409 37
517007 37
517009 37
474522 39
474525 39
475185 39
516919 39
516920 39
475280 40
516668 40
445082 41
517114 42
517116 42
515683 44
515684 44
474522 46
474525 46
516270 46
170075 48
348581 48
474434 48
474527 50
475045 50
75739 51
75742 51
75743 51
516000 51
516003 51
516364 51
508023 53
474332 54
474333 54
438648 55
473837 57
475599 57
475603 57
473866 59
474059 59
208182 61
208183 61
474690 61
474691 61
560934 61
422570 63
474054 63
475016 63
475110 63
475112 63
475622 63
475623 63
204035 64
204036 64
474652 64
475557 64
515482 64
474044 66
474624 66
475475 66
475477 66
475479 66
475110 67
475111 67
475113 67
516795 67
193371 69
475384 69
475476 69
473875 70
473877 70
473912 70
473913 70
473915 70
473916 70
474621 70
474622 70
474626 70
474794 70
208747 71
208750 71
474043 71
474045 71
474048 71
474685 71
208114 72
208760 72
208850 72
208851 72
209184 72
238606 72
474658 72
474660 72
208167 73
208908 73
208911 73
475098 73
209129 74
209132 74
475420 74
475500 74
475501 74
208131 75
208749 75
475545 75
475549 75
208815 76
209189 76
517204 76
208106 78
208164 78
208466 78
256381 78
256383 78
290891 78
290893 78
516615 78
550321 78
208838 79
517199 79
517200 79
517203 79
517206 79
517207 79
207793 81
208875 81
418105 81
208107 82
208108 82
208132 82
208765 82
208068 83
474240 83
474242 83
474244 83
208422 84
208423 84
208522 84
517205 85
208155 86
208520 86
208521 86
208712 86
208715 86
517158 86
517159 86
209415 88
551074 88
208128 90
459175 90
208639 91
208067 92
208764 92
208766 92
208768 92
474763 93
474865 93
208139 95
208142 95
209457 96
209459 96
209461 96
207908 97
207910 97
207946 100
207948 100
209251 100
208901 104
207939 114
207940 114
207941 114
207778 115
207780 115
208232 117
207777 118
