12988 0 6 6 2 1
34722 0 6 6 3 0
147625 1 4 6 3 0
229070 1 3 6 3 0
277067 1 3 6 4 1
457051 1 3 6 3 0
511136 0 6 6 3 0
517124 0 6 6 3 0
538537 0 6 6 1 0
557883 0 6 6 3 0
277066 1 3 7 4 0
538133 1 4 7 1 0
517121 0 6 8 1 0
515487 0 6 10 3 1
277949 1 3 11 4 0
517122 1 3 11 1 0
516897 0 6 12 1 0
517178 0 6 14 1 0
516243 0 6 15 1 0
516437 1 3 15 1 0
516489 1 2 15 1 0
517119 0 6 15 1 0
515860 1 3 17 1 0
516226 0 6 17 1 0
516245 0 6 17 1 0
516595 0 6 17 1 0
517089 1 2 17 1 0
516075 1 5 18 1 0
516231 1 3 18 3 0
516244 1 3 18 1 0
517004 0 6 18 3 0
517093 1 4 18 1 0
517123 0 6 18 3 0
515703 0 6 19 1 0
517088 0 6 19 1 0
515859 0 6 20 1 0
516217 1 3 20 1 0
516282 0 6 20 1 0
516333 1 3 20 1 0
516487 0 6 20 0 0
516490 0 6 20 1 0
516596 1 4 20 1 0
516085 0 6 21 1 0
516284 0 6 21 1 1
516723 1 2 21 1 0
517130 0 6 21 1 0
515316 0 6 22 1 0
515654 1 4 22 1 0
516076 0 6 22 1 0
516215 0 6 22 0 0
516246 0 6 22 3 0
516483 1 4 22 1 0
516590 0 6 22 4 0
516670 0 6 22 1 0
517101 0 6 22 1 0
517131 1 3 22 3 0
515446 0 6 23 3 0
516285 1 4 23 3 0
516335 1 2 23 2 0
516910 0 6 23 1 0
517084 0 6 23 1 0
515657 0 6 24 1 0
516216 0 6 24 1 0
516219 0 6 24 3 0
516258 1 2 24 1 0
516283 0 6 24 1 0
516733 1 4 24 1 0
517050 1 3 24 1 0
474962 0 6 25 1 0
515317 1 3 25 1 1
516119 1 4 25 4 0
516143 1 2 25 1 0
516337 0 6 25 3 0
516482 0 6 25 0 0
516598 1 2 25 3 0
516692 0 6 25 1 0
516742 0 6 25 3 0
516833 0 6 25 1 0
516997 1 3 25 1 0
517052 1 3 25 1 0
515400 0 6 26 1 0
515692 1 3 26 1 1
515757 0 6 26 1 0
515796 1 2 26 1 0
515897 0 6 26 1 0
515903 1 3 26 1 0
516336 1 4 26 3 0
516408 1 3 26 1 0
516724 0 6 26 3 0
516911 1 3 26 1 0
517049 1 2 26 1 0
517097 0 6 26 1 0
515397 0 6 27 1 0
515406 1 4 27 1 0
515566 0 6 27 2 1
515627 1 3 27 4 0
515698 1 5 27 1 0
515889 1 4 27 1 0
516221 1 2 27 1 0
516700 0 6 27 3 0
474492 0 6 28 3 1
475532 0 6 28 1 0
515205 1 3 28 3 0
515295 0 6 28 1 0
515954 1 3 28 1 0
516008 0 6 28 1 0
516052 0 6 28 1 0
516735 1 1 28 3 0
516846 1 5 28 1 0
517108 1 4 28 3 1
515561 0 6 29 4 1
515693 0 6 29 1 0
515695 0 6 29 3 0
515838 1 3 29 1 0
515904 0 6 29 1 0
516542 0 6 29 4 0
517054 1 3 29 3 0
517135 1 4 29 1 0
475573 0 6 30 3 0
515521 0 6 30 3 0
515895 0 6 30 0 0
516547 0 6 30 1 0
516848 1 4 30 3 0
516914 1 3 30 3 0
516935 0 6 30 4 0
517006 0 6 30 1 0
517105 0 6 30 4 0
475531 1 4 31 1 0
511505 0 6 31 3 0
515407 0 6 31 1 0
515694 0 6 31 3 0
515945 0 6 31 0 0
516222 0 6 31 3 0
517134 1 4 31 0 0
515396 0 6 32 1 0
515691 1 3 32 1 0
516734 0 6 32 3 0
517007 1 3 32 1 0
517421 1 3 32 2 0
474817 0 6 33 1 0
516265 0 6 33 1 0
516823 0 6 33 3 1
516847 1 2 33 3 0
475185 0 6 34 1 0
515206 0 6 34 3 0
515385 1 3 34 1 0
515754 0 6 34 1 0
517136 0 6 34 1 0
474532 0 6 35 1 0
474562 0 6 35 1 0
515947 1 2 35 3 0
516541 1 3 35 3 0
516915 0 6 35 3 0
517005 1 2 35 1 0
475186 1 2 36 1 0
475574 0 6 36 3 0
515306 0 6 36 1 0
515408 1 4 36 3 0
515599 0 6 36 1 0
516140 1 4 36 1 1
516209 1 3 36 1 0
516666 1 3 36 1 0
516775 1 2 36 1 0
517137 1 2 36 2 0
517418 0 6 36 3 1
473949 1 3 37 1 0
475651 0 6 37 1 0
515753 0 6 37 0 0
516807 0 6 37 1 0
76349 0 6 38 3 1
445083 1 2 38 3 0
474521 1 4 38 1 0
474816 0 6 38 0 0
516918 1 4 38 1 0
517138 0 6 38 3 1
474281 1 2 39 1 0
475279 1 4 39 1 0
515429 0 6 39 1 0
516137 1 2 39 3 0
516394 0 6 39 1 0
516589 1 3 39 4 1
516667 1 4 39 3 1
388324 0 6 40 2 0
474766 1 4 40 3 0
515771 0 6 40 1 0
516141 1 2 40 3 0
516276 0 6 40 1 0
517117 1 3 40 3 1
474280 0 6 41 1 0
474523 0 6 41 1 0
515682 1 3 41 1 0
516778 1 4 41 3 1
516920 0 6 41 3 0
517220 1 2 41 1 0
76350 1 4 42 3 0
386431 1 2 42 2 0
388322 1 5 42 0 0
349482 0 6 43 3 0
474429 0 6 43 1 0
516059 0 6 43 4 1
516364 0 6 43 1 0
517125 1 5 43 3 0
31719 0 6 44 3 0
79146 0 6 44 3 1
267172 0 6 44 3 0
474524 1 3 44 3 0
475286 0 6 44 3 0
515683 1 2 44 3 1
516266 1 4 44 1 0
516365 0 6 44 2 0
444679 0 6 45 3 0
76348 1 4 46 1 0
348582 1 4 46 3 0
474432 0 6 46 1 0
76048 0 6 47 1 0
170074 1 4 47 2 0
311980 0 6 47 4 1
474430 0 6 47 1 0
474433 1 4 47 3 0
522907 1 4 47 3 0
474526 1 3 48 3 0
516002 1 2 48 1 0
75738 1 3 49 1 0
371832 0 6 49 3 0
475044 1 4 49 1 0
475541 0 6 49 1 0
475589 1 3 49 1 0
516366 1 3 49 3 1
473992 0 6 50 1 0
474431 0 6 50 1 0
475276 0 6 50 1 0
475564 0 6 50 1 0
473926 0 6 51 1 0
474801 0 6 51 1 0
475059 0 6 51 1 0
475600 0 6 51 1 0
516538 0 6 51 1 0
438649 1 2 52 3 1
474331 1 3 52 1 0
474505 1 3 52 1 0
474854 1 3 52 4 0
475322 0 6 52 3 1
475599 0 6 52 0 0
508022 1 4 52 3 0
516000 0 6 52 0 1
75740 0 6 53 1 0
75741 0 6 53 1 0
413358 0 6 53 2 1
474434 0 6 53 3 0
475553 0 6 53 3 0
515822 0 6 53 1 0
517237 0 6 53 1 0
473835 0 6 54 1 0
474498 1 3 54 0 0
475043 0 6 54 1 0
475045 0 6 54 3 1
475321 0 6 54 3 0
475477 1 3 54 1 0
475602 1 2 54 3 0
439180 1 3 55 3 0
473927 0 6 55 1 1
475058 1 4 55 1 0
517206 0 6 55 1 0
517236 0 6 55 1 1
76346 0 6 56 1 1
111624 1 2 56 3 0
458960 1 4 56 3 0
473836 1 4 56 1 0
474052 1 2 56 1 0
474194 1 3 56 3 0
474359 0 6 56 1 0
474516 0 6 56 0 0
474556 0 6 56 4 1
475098 0 6 56 1 0
516540 0 6 56 3 1
473867 1 3 57 1 0
473929 0 6 57 3 0
474056 1 3 57 1 0
474332 1 4 57 3 0
474362 1 3 57 3 1
474910 0 6 57 1 0
475057 0 6 57 0 0
475334 0 6 57 3 0
508023 0 6 57 3 0
515824 1 4 57 2 1
516539 1 3 57 3 0
517238 0 6 57 1 0
353293 0 6 58 3 1
473854 0 6 58 1 0
474165 1 4 58 0 0
474515 0 6 58 0 1
474688 1 2 58 1 0
475113 1 4 58 1 0
517114 1 2 58 1 0
539945 0 6 58 2 0
439183 1 3 59 4 0
473866 0 6 59 1 0
474444 1 5 59 1 0
505135 0 6 59 3 1
560936 1 3 59 3 0
204040 0 6 60 3 0
208181 1 4 60 1 0
422572 1 2 60 3 0
473838 0 6 60 1 0
474692 0 6 60 1 0
475015 1 2 60 1 0
516314 0 6 60 1 1
517115 1 4 60 1 0
241976 1 4 61 3 0
353292 0 6 61 0 0
474541 1 3 61 1 0
474654 1 2 61 3 0
475556 1 3 61 1 0
517214 0 6 61 1 0
19152 0 6 62 3 0
193692 0 6 62 3 0
204039 1 3 62 3 0
474053 1 4 62 1 0
474253 0 6 62 1 0
474714 0 6 62 4 0
475114 1 4 62 3 0
475620 1 4 62 0 0
515479 0 6 62 1 0
515823 0 6 62 2 0
516321 0 6 62 1 0
539948 0 6 62 3 0
208788 0 6 63 1 0
208854 0 6 63 1 0
474043 1 4 63 0 0
474681 0 6 63 1 0
475557 0 6 63 3 0
515825 0 6 63 3 0
517113 0 6 63 0 0
241982 1 2 64 2 0
353322 0 6 64 0 0
474048 1 3 64 3 0
474794 1 4 64 1 0
475476 1 4 64 1 0
475650 0 6 64 1 0
193370 1 4 65 3 0
208331 0 6 65 1 0
208748 1 3 65 1 1
208850 0 6 65 0 0
209076 0 6 65 1 0
209467 1 3 65 1 0
473987 1 3 65 1 0
474045 0 6 65 1 0
474231 0 6 65 3 0
474542 0 6 65 2 1
474625 1 4 65 1 0
474680 0 6 65 1 0
475017 0 6 65 3 0
475112 1 4 65 1 0
475115 0 6 65 3 0
475479 1 4 65 3 0
475555 0 6 65 0 0
516793 1 4 65 0 0
517150 0 6 65 1 0
517213 0 6 65 1 0
135125 0 6 66 2 1
208752 1 3 66 3 1
474044 1 3 66 1 0
474694 0 6 66 1 0
474810 1 2 66 1 0
517106 0 6 66 1 0
123882 1 3 67 3 0
193372 1 3 67 3 0
208781 1 2 67 1 0
208866 1 2 67 1 0
473876 1 2 67 1 0
473991 0 6 67 1 1
474029 1 4 67 1 0
474274 0 6 67 1 0
474310 0 6 67 1 0
474544 0 6 67 3 0
474608 0 6 67 1 0
474624 1 4 67 1 0
474822 1 4 67 4 0
475475 0 6 67 1 0
475478 1 4 67 3 0
516038 0 6 67 1 0
516794 0 6 67 2 0
208738 1 3 68 1 0
208851 0 6 68 0 0
241760 0 6 68 2 0
474046 1 2 68 1 0
474047 0 6 68 3 1
474186 0 6 68 3 0
474621 0 6 68 1 0
474623 1 3 68 1 0
475380 0 6 68 0 0
475457 0 6 68 1 0
480413 0 6 68 3 0
208747 1 4 69 1 0
208751 1 3 69 1 0
209183 1 2 69 1 0
331846 1 5 69 3 1
473914 1 5 69 1 0
473977 0 6 69 4 1
473989 1 4 69 3 0
474250 0 6 69 1 0
474622 0 6 69 1 0
474689 0 6 69 1 0
474701 0 6 69 0 0
474796 1 4 69 3 0
475420 0 6 69 1 0
516316 0 6 69 1 1
516552 0 6 69 3 1
208072 1 3 70 3 0
208644 0 6 70 1 0
208702 0 6 70 1 0
209278 0 6 70 1 0
287025 1 3 70 3 0
474320 0 6 70 1 0
474657 1 3 70 1 0
474686 1 4 70 4 0
475110 0 6 70 1 0
475381 0 6 70 1 0
475384 0 6 70 3 0
194278 0 6 71 3 0
207800 0 6 71 1 0
208112 0 6 71 1 0
208164 1 3 71 1 0
208749 0 6 71 1 0
208761 1 4 71 3 0
208852 1 4 71 1 0
208909 1 4 71 1 0
209073 0 6 71 1 0
209243 0 6 71 4 1
238605 1 4 71 3 0
473986 0 6 71 1 0
474693 1 2 71 1 0
474797 0 6 71 3 0
475100 1 4 71 1 0
475422 1 3 71 3 0
517102 1 4 71 1 0
208218 0 6 72 1 0
208426 0 6 72 2 1
208743 1 3 72 3 1
208753 1 2 72 3 1
208759 0 6 72 1 0
208828 0 6 72 4 0
208910 1 4 72 1 0
209117 0 6 72 1 0
209130 1 3 72 1 1
209462 0 6 72 1 0
474876 0 6 72 3 0
475417 1 4 72 0 0
475503 1 3 72 3 0
517248 0 6 72 1 0
207878 0 6 73 1 0
208111 1 3 73 1 0
208646 0 6 73 1 1
208750 0 6 73 1 0
209184 0 6 73 1 0
209187 1 2 73 1 0
209427 1 4 73 3 0
473988 1 3 73 3 0
474627 0 6 73 3 0
475465 0 6 73 3 0
524624 0 6 73 3 0
21695 0 6 74 3 0
149856 0 6 74 3 0
207712 0 6 74 1 0
208070 1 4 74 0 0
208130 0 6 74 1 0
208338 0 6 74 4 1
208465 0 6 74 1 0
208814 1 3 74 4 0
209129 0 6 74 1 0
209428 0 6 74 1 0
415665 0 6 74 3 0
474251 0 6 74 1 0
474691 0 6 74 3 0
475548 1 4 74 1 0
515552 0 6 74 1 0
517205 1 3 74 1 0
102617 0 6 75 3 1
208113 0 6 75 1 0
209120 1 4 75 3 0
209134 1 4 75 1 0
473994 1 3 75 3 0
474155 0 6 75 1 0
474252 1 4 75 3 0
474656 0 6 75 1 0
207829 1 4 76 1 0
208167 1 3 76 3 0
208464 1 3 76 0 0
208837 1 3 76 0 0
209331 0 6 76 1 0
256382 1 3 76 3 0
290892 0 6 76 3 0
394157 1 3 76 4 0
394728 0 6 76 4 1
474323 1 3 76 1 0
475383 0 6 76 3 0
516152 0 6 76 1 0
516614 1 4 76 1 1
550322 1 3 76 3 1
20591 1 4 77 2 0
207711 1 3 77 1 0
208071 0 6 77 1 0
208107 1 4 77 0 0
208216 0 6 77 3 0
208504 0 6 77 1 0
415786 0 6 77 3 0
474366 1 4 77 3 0
475497 0 6 77 1 0
189866 0 6 78 3 0
207713 0 6 78 3 0
208219 0 6 78 1 0
209189 0 6 78 3 0
394203 0 6 78 4 0
474177 0 6 78 3 0
474325 0 6 78 1 0
475545 0 6 78 0 0
516339 0 6 78 1 0
516414 1 2 78 1 0
517202 1 4 78 3 0
517204 1 4 78 1 0
551075 0 6 78 3 0
191072 0 6 79 3 0
207703 0 6 79 3 0
207791 1 3 79 1 0
207932 0 6 79 1 0
208505 1 3 79 3 0
208874 1 3 79 1 0
474249 1 3 79 3 0
474324 0 6 79 1 0
475549 0 6 79 3 0
516615 0 6 79 1 0
102225 0 6 80 4 1
208106 1 3 80 0 0
208133 1 3 80 3 0
208764 1 3 80 1 0
209309 0 6 80 1 0
418106 1 4 80 3 0
474218 1 4 80 3 0
474327 0 6 80 3 0
475282 0 6 80 1 1
516424 1 3 80 0 0
517156 0 6 80 3 0
207995 0 6 81 3 0
208067 1 4 81 1 0
208520 1 2 81 1 1
208625 0 6 81 3 0
209409 0 6 81 1 0
474004 0 6 81 1 0
474855 1 4 81 1 0
208420 1 3 82 1 0
209034 1 2 82 1 0
470420 0 6 82 3 0
474003 1 5 82 1 0
474245 1 4 82 3 0
474248 0 6 82 2 0
551074 0 6 82 2 1
208713 1 2 83 1 0
208977 0 6 83 1 0
418104 1 3 83 1 0
460593 0 6 83 3 1
474762 0 6 83 1 0
475413 1 2 83 4 0
475550 0 6 83 3 1
517207 0 6 83 3 0
517261 1 4 83 0 0
208156 1 4 84 1 0
208220 0 6 84 3 0
208518 0 6 84 0 0
208766 0 6 84 1 1
236278 0 6 84 3 0
112938 1 3 85 3 1
208512 1 3 85 3 0
208522 1 4 85 3 1
208978 0 6 85 1 0
209035 1 4 85 3 0
209106 1 3 85 1 0
474006 1 2 85 3 0
517162 1 4 85 3 0
208419 1 3 86 4 1
363280 1 4 86 2 0
474008 0 6 86 1 0
551073 1 3 86 2 0
208068 0 6 87 2 0
208155 0 6 87 0 0
209413 1 5 87 1 0
459177 1 3 87 2 0
474763 0 6 87 3 0
517260 0 6 87 0 0
208124 1 3 88 1 0
208513 1 4 88 3 0
208609 0 6 88 1 0
208768 0 6 88 3 0
473922 0 6 88 1 0
128833 0 6 89 2 0
208245 0 6 89 1 0
208636 1 3 89 1 0
208986 0 6 89 3 0
300952 0 6 89 2 0
208069 1 3 90 3 0
208612 0 6 90 3 0
208767 1 3 90 2 0
209108 0 6 90 3 0
474760 1 2 90 1 0
208350 1 4 91 1 1
208596 0 6 91 1 0
474767 0 6 91 3 0
474864 1 3 91 3 0
208127 1 4 92 3 0
208354 0 6 92 1 0
209053 1 4 92 3 0
209225 0 6 92 1 0
209459 0 6 92 1 0
208865 0 6 93 1 0
208140 1 4 94 1 0
208451 1 3 94 4 1
209457 0 6 94 1 0
209460 1 3 94 3 0
300956 0 6 94 3 0
474473 1 3 94 1 0
208139 1 3 95 1 0
475471 0 6 95 1 0
207909 1 4 96 1 0
208083 1 3 96 4 0
209376 0 6 96 4 1
207944 1 2 97 1 0
465846 0 6 97 3 0
208901 1 5 98 1 0
209250 1 3 98 1 1
208698 0 6 100 3 0
209205 0 6 100 4 0
207946 0 6 101 2 0
208728 0 6 102 3 0
209251 0 6 102 1 0
208899 1 4 103 1 0
207940 0 6 104 1 0
209089 1 3 105 1 0
209219 0 6 107 1 0
207941 1 3 109 3 0
209090 0 6 109 1 0
209107 0 6 111 1 0
207942 1 4 113 3 0
208876 0 6 113 1 0
207775 1 5 114 1 0
208231 1 5 116 1 0
207774 1 5 117 0 0
207778 0 6 117 1 0
207790 1 4 118 1 0
207939 1 2 118 0 0
207776 0 6 119 1 0
207777 0 6 119 1 0
208230 1 4 119 0 0
207780 0 6 120 3 0
208193 0 6 122 2 0
208226 0 6 122 1 0
207718 1 4 123 0 0
325130 0 6 123 3 0
208368 0 6 124 4 0
207720 0 6 125 3 0
332584 0 6 126 2 0
315026 0 6 129 2 0
345043 0 6 129 3 0
22219 0 6 132 3 0
