25140 0 6 6 3 0
185401 0 6 6 2 0
244403 1 3 6 1 0
291620 1 3 6 1 0
322788 1 3 6 3 0
334392 1 3 6 2 0
344763 1 4 6 3 0
414589 1 4 6 3 0
460981 1 2 6 1 0
538175 1 2 6 2 0
322787 1 3 8 3 0
333817 1 5 8 3 0
334393 0 6 8 3 0
414588 0 6 9 3 0
1710 0 6 10 3 1
291702 0 6 10 1 0
322794 0 6 10 3 0
244404 1 4 11 1 0
291704 0 6 11 3 0
322789 1 3 11 3 0
290844 1 3 12 1 0
333815 1 3 12 2 1
334385 0 6 12 1 0
292794 0 6 13 1 0
292376 1 4 14 1 1
334274 0 6 14 1 0
334834 0 6 14 1 0
334842 1 4 15 1 0
292377 1 3 16 1 0
292788 0 6 16 1 0
292793 0 6 16 1 0
333671 0 6 16 1 0
334396 0 6 16 3 0
334736 1 3 16 1 0
292378 0 6 17 1 0
292795 0 6 17 1 0
334248 0 6 17 1 0
334549 1 2 17 1 0
291815 0 6 18 1 0
334576 1 3 18 1 0
334689 1 3 18 1 0
334735 1 2 18 1 0
334986 0 6 18 1 0
292787 0 6 19 1 0
292797 0 6 19 3 0
334161 0 6 19 3 0
334338 0 6 19 1 0
334566 0 6 19 1 0
334738 1 4 19 3 1
334903 1 3 19 1 0
335133 0 6 19 1 0
290968 1 3 20 1 0
292790 1 3 20 3 1
334247 0 6 20 1 0
334539 0 6 20 1 0
334737 0 6 20 3 0
290691 0 6 21 1 0
334205 1 4 21 1 0
334249 0 6 21 3 0
334940 0 6 21 1 0
290969 1 4 22 3 1
291814 0 6 22 1 0
292379 1 3 22 3 0
292821 0 6 22 1 0
333576 1 5 22 1 0
334159 1 4 22 2 1
334540 1 3 22 1 0
334642 0 6 22 1 0
334688 0 6 22 1 0
334894 1 2 22 1 0
334976 1 4 22 1 1
335132 0 6 22 1 0
292285 0 6 23 2 0
333599 1 5 23 1 0
334143 1 4 23 3 0
334241 0 6 23 1 0
334570 0 6 23 3 0
334690 1 3 23 1 0
334692 0 6 23 3 1
334711 1 3 23 1 0
334815 0 6 23 1 0
334905 1 4 23 3 0
290965 1 2 24 2 0
291816 0 6 24 2 0
323916 1 3 24 2 0
333601 1 4 24 3 0
333621 0 6 24 1 0
335185 0 6 24 1 0
437748 0 6 24 3 0
555070 0 6 24 2 0
292789 0 6 25 3 0
292838 0 6 25 1 1
333597 0 6 25 3 0
333828 0 6 25 1 0
334022 1 3 25 1 0
334242 0 6 25 3 0
334383 0 6 25 1 0
334538 0 6 25 1 0
334687 1 3 25 0 0
334703 0 6 25 1 0
335140 0 6 25 2 0
69839 0 6 26 3 0
291813 0 6 26 0 0
292381 1 4 26 4 1
292539 1 5 26 1 0
333600 0 6 26 1 0
334206 0 6 26 1 0
334887 1 5 26 0 0
334895 1 4 26 1 0
291750 1 3 27 2 0
334099 0 6 27 1 0
334198 1 4 27 1 0
334801 0 6 27 1 1
334892 1 3 27 3 0
334978 0 6 27 1 0
333658 0 6 28 1 0
334024 1 2 28 2 0
334105 0 6 28 4 0
334542 0 6 28 3 0
334691 1 5 28 2 0
334813 0 6 28 1 0
99498 0 6 29 3 0
290720 0 6 29 2 0
291751 0 6 29 2 0
292382 0 6 29 4 0
334021 1 3 29 3 0
356651 1 4 29 4 0
529022 0 6 29 3 1
201525 0 6 30 2 0
334387 1 4 30 3 0
334514 0 6 30 1 0
335041 0 6 30 1 0
291380 1 3 31 1 0
327865 1 2 31 3 0
334975 0 6 31 1 0
291378 1 3 32 1 0
333568 1 3 32 1 0
333662 0 6 32 4 0
334098 0 6 32 1 0
334384 1 2 32 1 0
335042 1 4 32 2 0
291480 1 5 33 1 0
334330 1 3 33 3 0
556277 1 3 33 3 0
290789 1 2 34 2 0
333867 1 4 34 1 0
333950 1 2 34 1 0
335043 1 2 34 3 0
335044 1 3 35 3 0
334100 1 4 36 1 0
334625 0 6 36 1 0
334977 1 3 36 1 0
454590 0 6 36 3 0
333827 1 3 37 1 0
334324 0 6 37 3 0
334863 0 6 37 1 0
556279 0 6 37 3 0
334146 0 6 38 3 0
272764 0 6 39 3 0
333953 0 6 39 2 0
334211 1 4 39 1 0
454585 1 2 39 3 0
539040 0 6 39 3 0
333823 0 6 40 1 0
333949 1 4 40 1 0
334762 1 4 40 3 0
454079 0 6 40 3 0
334704 1 3 42 1 0
333955 0 6 44 3 0
437968 0 6 46 3 0
122698 1 4 52 3 0
106939 1 4 54 3 1
