229068 0 4 3 3
229069 0 4 3 3
538135 0 4 3 1
277950 0 9 3 4
516487 0 14 3 1
516488 0 14 3 1
516077 1 15 3 1
516078 1 15 3 1
517086 0 16 3 1
517094 1 16 3 1
516336 0 18 3 1
515431 0 19 3 1
515861 0 19 3 1
517090 0 20 3 1
517091 0 20 3 1
516333 0 21 3 3
516828 0 21 3 3
517006 0 21 3 1
517008 0 21 3 1
517009 0 21 3 1
515727 0 22 3 1
515728 0 22 3 1
516496 0 22 3 1
516702 0 22 3 1
516705 0 22 3 1
517203 0 24 3 1
517206 0 24 3 3
409174 0 25 3 3
517102 0 25 3 0
515570 0 26 3 1
515571 0 26 3 1
517216 1 26 3 1
517203 0 27 3 3
515502 0 28 3 3
516614 1 28 3 1
517151 1 29 3 1
517152 1 29 3 1
515727 0 31 3 3
515728 0 31 3 3
517178 0 31 3 1
512997 0 32 3 3
517222 0 32 3 1
551942 0 33 3 2
516062 0 35 3 1
516704 0 35 3 1
516706 0 35 3 1
517172 0 35 3 3
517173 0 35 3 3
517174 0 35 3 3
515873 0 36 3 1
515875 0 36 3 1
516428 0 36 3 1
516430 0 36 3 1
516431 0 36 3 1
552425 1 36 3 3
516609 0 39 3 1
516611 0 39 3 1
516612 0 39 3 1
516788 0 40 3 1
516789 0 40 3 1
515515 0 44 3 1
515519 0 44 3 1
515588 0 44 3 0
516070 0 44 3 1
517113 0 45 3 1
517114 0 45 3 1
516053 1 46 3 1
516717 0 46 3 3
517073 1 46 3 0
516152 0 49 3 1
379315 0 52 3 3
515545 0 52 3 1
516268 0 52 3 3
515287 0 53 3 3
515288 0 53 3 3
515290 0 53 3 3
516258 0 53 3 3
516259 0 53 3 3
517050 0 53 3 1
242774 1 54 3 1
242776 1 54 3 1
242778 1 54 3 1
516265 0 54 3 1
516269 0 54 3 1
98237 0 55 3 3
98238 0 55 3 3
242678 1 55 3 1
375319 1 55 3 2
515896 0 55 3 3
515897 0 55 3 3
241641 0 56 3 3
516142 0 56 3 1
516147 0 56 3 1
98236 0 57 3 1
515289 0 57 3 1
172107 0 58 3 3
172108 0 58 3 3
241701 1 58 3 1
242192 0 58 3 1
242193 0 58 3 1
376503 0 58 3 3
516147 1 59 3 3
241120 0 60 3 1
241180 0 60 3 1
241181 0 60 3 1
241182 0 60 3 1
282540 0 60 3 3
282541 0 60 3 3
41532 0 61 3 3
241701 0 61 3 3
516124 0 61 3 0
516126 0 61 3 0
516127 0 61 3 0
516128 0 61 3 0
241756 1 62 3 1
241759 1 62 3 1
515482 0 63 3 1
241757 0 65 3 1
242190 0 65 3 1
241745 0 66 3 1
241747 0 66 3 1
516862 0 66 3 4
516348 0 67 3 1
242189 0 68 3 3
202800 0 70 3 3
202801 0 70 3 3
515481 0 70 3 3
515482 0 70 3 3
242190 0 71 3 3
517074 1 72 3 1
515479 0 73 3 2
515480 0 73 3 2
242371 0 74 3 4
324827 0 74 3 2
242695 0 85 3 3
242697 0 85 3 3
242699 0 85 3 3
242700 0 85 3 3
242696 0 89 3 3
242698 0 89 3 3
