100587 0 5 3 1
216162 0 6 3 1
214709 0 7 3 1
214711 0 7 3 1
213064 0 10 3 2
213065 0 10 3 2
213067 0 10 3 2
213068 0 10 3 2
213070 0 10 3 2
317599 1 10 3 1
317601 1 10 3 1
49030 0 12 3 3
214852 0 12 3 1
214853 0 12 3 1
213684 0 13 3 3
214722 0 13 3 1
318362 0 13 3 0
49032 1 14 3 0
215310 0 16 3 1
215312 0 16 3 1
215313 0 16 3 1
215476 0 16 3 1
216070 0 16 3 1
214848 0 17 3 3
214849 0 17 3 3
214850 0 17 3 3
214851 0 17 3 3
214852 0 17 3 3
214935 0 18 3 1
214938 0 18 3 1
213775 0 19 3 1
214915 0 19 3 1
58119 0 21 3 3
214950 1 21 3 3
215595 0 21 3 1
215932 0 21 3 1
213682 0 23 3 3
213684 0 23 3 3
214505 0 23 3 3
215760 0 23 3 1
318414 0 23 3 1
213399 1 24 3 1
214680 0 24 3 3
215933 0 24 3 1
214675 0 25 3 3
214677 0 25 3 3
213685 1 26 3 3
213686 1 26 3 3
214683 0 26 3 1
214684 0 26 3 1
215451 0 26 3 1
216140 0 26 3 1
214681 0 27 3 3
215395 0 27 3 1
215397 0 27 3 1
215774 0 27 3 3
318962 0 27 3 1
214559 0 28 3 3
318646 0 29 3 3
50048 0 31 3 3
216087 0 32 3 1
216089 0 32 3 1
214874 0 33 3 1
23316 0 35 3 3
215623 0 35 3 1
20198 1 36 3 3
215191 0 36 3 1
215478 0 36 5 1
215491 0 36 3 3
214613 0 37 3 1
214694 0 37 3 1
214753 0 37 6 1
214754 0 37 3 1
215990 0 37 3 3
214749 1 38 3 1
214912 0 38 3 1
214916 0 38 3 1
215480 0 38 3 0
20198 1 39 3 0
57351 0 39 3 3
215419 0 39 3 3
215722 0 39 3 1
215723 0 39 3 1
215865 0 41 3 3
448593 0 42 3 2
57350 1 43 3 1
57353 1 43 3 1
57354 1 43 3 1
214750 0 43 3 3
215054 0 43 3 3
215056 0 43 3 3
331885 0 43 3 3
215584 1 44 3 4
215948 1 48 3 1
334012 1 48 3 3
334576 0 57 3 1
334577 0 57 3 1
335172 0 58 3 3
215439 0 59 3 4
215441 0 59 3 4
333694 1 59 3 1
334398 1 60 3 3
333627 0 61 3 1
334578 0 61 3 3
333624 0 62 3 3
333822 1 62 3 1
334055 0 62 3 3
334579 0 62 3 1
334836 0 63 3 3
209192 1 64 3 1
209194 1 64 3 1
209195 1 64 3 1
334070 1 64 3 1
197212 0 65 3 3
197213 0 65 3 3
155199 0 66 3 3
155200 0 66 3 3
209193 0 66 3 1
334525 0 66 3 1
334527 0 66 3 1
333595 0 67 3 4
334069 0 69 3 0
333851 0 70 3 1
333853 0 70 3 1
334794 0 70 3 1
335026 0 70 3 1
334526 1 71 3 3
334528 1 71 3 3
215945 1 72 3 1
333815 1 72 3 1
334513 0 72 3 3
334584 0 72 3 1
334790 1 73 3 0
334794 1 73 3 0
335025 0 73 3 3
334526 0 75 3 3
334811 0 76 3 1
334354 0 77 3 1
334395 0 80 3 1
334396 0 80 3 1
334945 0 80 3 1
325609 0 81 3 2
325611 0 81 3 2
325612 0 81 3 2
333681 0 81 3 1
335176 0 82 3 1
334555 0 83 3 1
334649 0 83 3 1
328753 0 84 3 1
333674 0 84 3 1
333675 0 84 3 1
334561 0 86 3 2
334648 0 88 3 0
334651 0 88 3 0
334653 0 88 3 0
334281 0 92 3 3
208163 0 93 3 3
334647 0 93 3 2
335076 1 94 3 1
335077 1 94 3 1
335078 1 94 3 1
333748 0 95 3 3
333752 0 95 3 3
333750 0 95 3 3
