14048 0 6 6 3 0
74202 1 2 6 3 0
88376 1 4 6 3 0
93452 0 6 6 1 0
194574 1 4 6 3 0
202348 1 4 6 1 0
299738 1 4 6 3 1
317568 1 5 6 3 0
350526 0 6 6 3 0
460969 0 6 6 3 0
201804 1 4 7 1 0
93894 0 6 8 2 0
106346 0 6 8 3 0
93453 1 3 9 1 0
299739 0 6 9 3 0
414879 1 2 9 3 1
94257 1 3 10 1 0
94652 1 2 10 1 0
201795 0 6 10 4 0
203452 0 6 10 1 0
94110 0 6 11 4 1
94450 0 6 11 1 0
415524 0 6 11 3 0
93812 1 2 12 1 0
94413 1 3 12 1 0
203451 0 6 12 1 0
203453 1 5 12 1 0
299737 0 6 12 2 0
203820 1 4 14 1 0
22226 1 4 15 3 0
93927 1 3 15 1 0
94258 0 6 15 2 0
94307 1 2 15 1 0
134692 1 4 15 3 0
93594 0 6 16 4 1
93926 1 3 16 1 0
203603 0 6 16 1 0
94623 1 3 17 1 0
203821 1 3 18 1 0
93887 0 6 19 4 1
93928 1 4 20 3 0
93929 0 6 20 3 0
172365 1 2 20 3 0
202138 0 6 21 1 0
203823 1 4 21 1 0
94617 0 6 22 3 0
202215 0 6 22 1 0
202577 0 6 22 1 0
203605 1 3 22 3 0
203497 1 3 23 1 0
172358 1 5 24 0 0
201961 1 5 24 4 1
202091 1 3 24 1 0
202144 0 6 24 3 0
203915 1 3 25 1 0
172361 0 6 26 3 0
202092 0 6 26 1 0
202190 0 6 27 1 0
203356 1 3 28 1 0
203651 1 2 28 4 1
202143 1 3 29 1 0
203253 0 6 29 4 1
203469 1 2 30 1 0
201805 0 6 31 1 0
202146 0 6 31 3 0
203312 0 6 31 1 0
202133 1 2 32 1 0
202142 0 6 33 1 0
201986 1 3 34 1 0
202145 1 2 34 3 0
203355 1 2 34 0 0
203730 1 3 34 1 0
203803 1 3 34 1 0
201985 0 6 36 1 0
202988 0 6 36 1 0
203154 0 6 36 1 0
203802 1 4 36 1 0
463370 0 6 36 3 0
203103 1 4 37 1 0
201983 1 3 38 1 0
201984 1 3 38 1 0
203121 0 6 38 1 0
202989 1 3 39 1 0
203029 0 6 39 1 0
540211 0 6 39 3 0
202300 0 6 40 1 0
202759 0 6 40 1 0
202933 1 4 40 1 0
541125 0 6 40 3 0
202990 0 6 41 3 0
202443 0 6 42 1 0
202848 1 3 42 1 0
203017 1 4 42 1 0
203393 0 6 42 1 1
202663 0 6 43 1 0
202932 0 6 43 1 0
203377 0 6 43 1 1
203425 1 5 43 1 0
202930 1 2 44 1 0
203388 1 4 44 1 0
203715 0 6 44 1 0
541131 0 6 44 2 0
202664 1 3 45 1 0
202668 1 2 45 3 0
203386 1 4 45 0 0
203430 0 6 45 1 0
203690 0 6 45 3 0
202665 1 4 46 1 0
202671 1 3 46 1 0
202934 1 3 46 1 0
203391 0 6 46 3 1
203424 1 4 46 1 0
202355 1 4 47 1 0
203374 0 6 47 3 0
203390 1 3 47 2 1
203427 1 3 47 3 0
203951 1 4 47 1 0
202555 1 4 48 1 0
202931 1 4 48 1 0
203272 0 6 48 1 0
201973 0 6 49 3 0
202554 1 4 49 0 0
202662 1 3 49 0 0
202811 1 4 49 1 0
203271 0 6 49 1 0
202016 0 6 50 1 0
202666 1 4 50 2 0
203952 1 2 50 1 0
201940 0 6 51 1 0
202356 1 4 51 3 1
203897 1 3 51 1 1
202557 0 6 52 2 0
202728 0 6 52 1 0
203255 0 6 52 1 0
202098 0 6 53 1 0
202111 1 3 53 1 0
202368 0 6 53 1 0
202812 0 6 53 1 0
202316 1 2 54 1 0
202801 0 6 54 1 0
203122 0 6 54 1 0
203900 1 4 54 3 0
202004 0 6 55 1 0
202252 0 6 55 1 0
203108 1 3 55 1 0
203256 1 3 55 2 0
203392 0 6 55 1 0
203551 0 6 55 1 0
160064 1 5 56 2 0
203079 0 6 56 1 0
203528 1 5 56 1 0
202384 1 3 57 1 0
202729 1 4 57 3 0
202541 1 3 58 1 0
202800 0 6 58 1 0
203552 0 6 58 1 1
201876 1 4 59 1 0
202724 0 6 59 2 0
203368 0 6 59 1 0
203110 1 2 60 3 0
203344 1 4 60 1 0
203545 1 3 60 3 0
203145 1 3 61 1 0
203432 0 6 61 3 0
202230 0 6 62 1 0
203007 0 6 62 1 0
203696 0 6 62 1 0
205195 0 6 62 2 0
201911 0 6 63 1 0
201861 0 6 64 2 0
203009 1 4 64 3 0
201908 0 6 65 3 0
201918 0 6 65 4 1
202056 1 4 65 3 0
203111 1 4 65 3 0
234355 0 6 65 3 0
201860 0 6 66 2 0
202234 1 2 67 1 0
256485 0 6 68 2 0
310181 0 6 68 2 0
202505 1 3 70 1 0
