313061 0 2 18 4
451137 1 2 4 1
376202 1 2 4 2
376203 1 3 3 2
451136 1 3 3 1
451139 1 3 3 1
387689 1 4 2 4
114826 1 4 2 0
49186 1 5 1 3
49183 0 5 3 3
49185 0 5 3 3
114829 1 5 3 0
376203 1 6 2 2
289476 1 10 3 1
289477 1 11 3 1
289479 1 11 3 1
289480 1 11 3 1
288513 1 13 3 1
288514 0 13 3 1
288760 1 16 1 1
288759 0 16 3 1
288761 0 16 3 1
289477 1 17 2 1
289105 1 17 2 4
288732 1 17 2 1
288731 0 17 3 1
288733 0 17 3 1
289104 0 17 3 4
289376 0 19 6 3
289436 1 20 3 1
288735 1 20 2 1
288734 0 20 3 1
288737 0 20 3 1
289377 1 20 5 1
289437 0 20 3 1
289438 0 20 3 1
288731 1 21 2 0
288444 1 21 2 1
289379 1 22 3 3
288793 1 22 1 1
288792 0 22 3 1
289378 0 22 3 3
289636 1 24 2 1
288545 1 24 2 1
288546 0 24 3 1
289635 0 24 3 1
289637 0 24 3 1
289438 1 25 3 3
289896 1 25 2 1
288456 1 25 2 1
289538 1 25 1 1
288281 1 25 1 1
288455 0 25 3 1
288458 0 25 3 1
289539 0 25 3 1
289541 0 25 3 1
289542 0 25 5 1
289897 0 25 3 1
289537 1 26 2 0
289377 1 26 2 3
288794 0 26 3 1
288795 0 26 3 1
289376 0 26 3 3
289378 0 26 4 3
289379 0 26 3 3
288792 1 27 1 1
288280 1 27 1 0
288281 0 27 3 0
288282 0 27 3 0
288285 0 27 3 0
289538 1 27 7 0
289623 1 28 3 1
289214 1 28 2 1
289445 1 28 1 3
289177 0 28 3 1
289212 0 28 3 1
289215 0 28 3 1
288455 1 29 2 1
288317 0 29 3 1
288318 0 29 3 1
288458 0 29 3 1
289539 0 29 4 3
289541 1 30 0 3
289003 1 31 2 3
288455 0 31 5 3
288456 0 31 3 3
288459 0 31 5 3
289002 0 31 3 3
289537 1 31 3 1
289540 1 31 3 1
289542 1 31 3 1
288457 1 32 3 3
289175 1 32 2 0
289140 1 32 2 1
289622 1 32 1 1
289624 0 32 3 1
289213 1 33 4 1
289212 0 33 3 1
289134 1 33 2 1
289215 0 33 4 1
289216 0 33 4 1
289214 1 34 3 1
289004 1 35 3 3
288348 1 35 3 1
289903 1 35 2 1
289542 1 35 2 3
288349 0 35 3 1
288350 0 35 3 1
289002 0 35 3 3
289003 0 35 3 3
289904 0 35 3 1
289906 0 35 3 1
288420 1 36 3 1
290289 1 37 3 1
290288 0 37 3 1
290290 0 37 3 1
290291 0 37 3 1
97884 1 38 4 3
97893 1 38 2 2
97892 0 38 3 2
97894 0 38 3 2
288421 1 39 3 1
289216 1 39 1 3
289215 0 39 3 3
97882 1 39 3 3
288423 0 39 3 1
289213 0 39 3 3
289988 1 41 3 1
289989 0 41 3 1
289991 0 41 3 1
97880 1 43 2 1
289990 1 44 3 3
289989 0 44 3 3
97881 1 45 2 1
288941 1 45 1 1
97883 0 45 3 1
97884 0 45 3 1
288938 0 45 7 1
288940 0 45 5 1
288943 0 45 3 1
517975 0 46 3 2
517977 0 46 3 2
517978 0 46 3 2
288942 0 47 5 3
289963 1 47 2 4
288462 1 48 3 2
288460 0 48 3 2
288463 0 48 3 2
288464 0 48 3 2
288943 1 49 2 3
288937 0 49 3 3
288939 0 49 3 3
326275 1 50 3 3
517977 1 50 2 3
517975 0 50 3 3
517978 0 50 3 3
288463 1 52 2 3
288462 0 52 3 3
288464 0 52 3 3
97234 1 53 1 1
97233 0 53 3 1
97235 0 53 3 1
97236 0 53 3 1
288693 1 56 2 1
288694 0 56 3 1
98471 1 59 3 1
97588 1 59 2 1
97589 0 59 4 1
97590 0 59 3 1
98337 1 60 3 1
98012 1 60 3 1
96673 1 60 1 1
96672 0 60 3 1
96674 0 60 3 1
97591 0 60 3 1
98010 0 60 3 1
98013 0 60 3 1
98336 0 60 3 1
98472 1 60 3 1
98473 1 60 3 1
98156 1 61 2 1
98154 0 61 3 1
98155 0 61 3 1
98158 0 61 3 1
43990 1 62 1 2
178345 1 64 2 3
96650 1 64 2 1
96649 0 64 3 1
96651 0 64 3 1
96652 0 64 3 1
96653 0 64 3 1
178343 0 64 3 3
98154 1 65 2 0
97795 1 66 2 1
43768 0 66 3 2
98335 1 67 2 1
96888 0 67 3 4
98337 0 67 3 1
98338 0 67 3 1
43373 1 68 3 2
43372 0 68 3 2
326502 1 70 2 2
99213 1 70 2 1
99215 0 70 3 1
43367 1 71 3 1
43366 0 71 3 1
43369 0 71 3 1
280614 1 72 2 2
326496 0 73 3 3
101531 0 74 3 3
101534 0 74 3 3
96808 1 75 4 1
96809 1 76 3 1
96810 1 76 3 1
98399 1 78 3 3
98397 1 78 1 1
451026 1 79 1 2
97327 1 80 2 3
98396 0 78 3 1
