274808 1 3 3 0
274809 0 3 5 0
274811 0 3 5 0
530501 1 4 2 0
319748 1 4 2 0
215741 1 4 2 3
215739 0 4 5 3
215740 0 4 5 3
319749 0 4 5 0
319751 0 4 5 0
530502 0 4 5 0
530503 0 4 5 0
297372 1 6 3 3
293775 1 6 2 3
297370 0 6 5 3
272401 1 7 2 3
213987 1 7 1 2
213986 0 7 5 2
272400 0 7 5 3
392691 1 8 3 2
392690 0 8 5 2
473185 1 9 2 3
292045 1 10 4 1
293207 1 10 2 1
290647 1 10 2 1
272403 1 10 2 2
292046 1 11 5 1
292047 1 11 5 1
291520 1 13 3 1
291518 0 13 5 1
291519 0 13 5 1
291521 0 13 5 1
293205 1 14 4 1
292510 1 14 2 1
110988 1 14 2 3
293208 1 14 1 3
110984 0 14 5 3
110986 0 14 5 3
110989 0 14 5 3
292512 0 14 5 1
291489 1 15 3 1
291712 1 15 1 1
291490 0 15 5 1
291713 0 15 5 1
291714 0 15 5 1
293206 1 15 5 1
293208 1 15 5 1
293209 1 15 5 1
292044 1 17 2 1
291487 1 18 2 1
291489 0 18 5 1
291491 0 18 5 1
292047 1 19 2 3
292044 0 19 5 3
291032 1 20 2 1
291029 0 20 5 1
292245 1 21 3 3
292241 0 21 5 3
292243 0 21 5 3
292031 1 22 2 1
292019 1 22 2 1
292030 0 22 5 1
292034 0 22 5 1
290890 1 23 1 1
323122 0 24 5 2
323123 1 24 2 2
291259 1 24 1 1
323121 0 24 5 1
323125 0 24 5 2
292028 1 25 3 2
200386 1 25 3 3
292021 1 25 2 3
290658 1 25 2 1
290659 0 25 5 1
290660 0 25 5 1
292580 1 26 1 1
290433 1 26 1 1
200385 1 26 5 3
200387 1 26 5 3
290432 0 26 5 1
290434 0 26 5 1
292582 0 26 5 1
292583 0 26 5 1
291859 1 27 2 0
290620 1 27 2 1
290621 0 27 5 1
291138 1 29 4 1
542655 1 29 2 3
282371 1 30 3 3
282520 1 30 2 1
282370 0 30 5 3
282524 0 30 5 1
291137 1 30 5 1
291140 1 30 5 1
312274 1 31 3 3
282340 1 31 2 1
268925 1 31 2 3
291231 1 31 1 1
268921 0 31 5 3
268922 0 31 5 3
268924 0 31 5 3
291232 0 31 5 1
312275 0 31 5 3
291230 1 32 3 1
292332 1 32 1 0
292335 0 32 6 0
342436 1 33 2 3
292337 1 33 2 3
291800 1 33 2 4
291132 1 33 1 1
291131 0 33 5 1
291136 0 33 5 1
292334 0 33 5 3
109410 1 34 2 3
109409 0 34 5 3
434482 1 35 3 1
434483 0 35 5 1
434484 0 35 5 1
434485 0 35 5 1
282341 1 36 2 1
523067 1 36 1 1
282339 0 36 5 1
282343 0 36 5 1
514539 1 37 3 3
282797 1 37 3 1
282329 1 38 4 1
282436 1 38 2 1
78780 1 38 2 3
78781 0 38 5 3
282437 0 38 5 1
282442 1 39 4 1
282330 1 39 5 1
282332 1 39 5 1
282949 1 40 3 1
78778 1 40 3 3
282439 1 40 5 1
282445 1 40 5 1
282277 1 41 4 1
282731 1 43 2 1
521988 1 43 1 3
282848 1 43 1 1
282338 1 43 1 0
282276 1 43 1 1
282733 0 43 5 1
282734 0 43 5 1
282847 0 43 5 1
282850 0 43 5 1
282441 1 46 3 1
282196 1 46 2 1
282442 1 47 5 1
282444 1 47 5 1
282445 1 47 5 1
282933 1 48 3 0
282275 1 48 1 1
282276 0 48 5 1
282277 0 48 5 1
282278 0 48 5 1
282279 0 48 5 1
282936 0 48 5 0
282069 1 49 1 2
279252 1 49 1 3
279253 0 49 5 3
282067 0 49 5 2
282068 0 49 5 2
282934 1 50 3 0
306975 1 50 2 3
306973 1 51 3 1
282764 1 51 3 1
282444 1 52 2 2
282440 0 52 5 2
282445 0 52 5 2
282944 1 53 1 1
282937 1 53 1 3
282945 0 53 5 1
281806 1 54 3 1
282538 1 54 2 1
282540 0 54 5 1
281601 1 55 3 1
95993 1 57 2 3
281897 1 58 2 1
281445 1 58 2 3
281898 0 58 5 1
281899 0 58 5 1
281900 0 58 5 1
281901 0 58 5 1
281807 1 59 3 3
161267 1 59 1 2
282541 1 60 2 3
281904 1 61 2 1
281905 0 61 9 1
281906 0 61 9 1
282411 1 62 2 1
282412 0 62 5 1
95191 1 63 3 3
282749 1 64 2 1
282802 1 64 1 4
282751 0 64 5 1
281904 0 65 5 1
385827 1 66 3 2
282413 1 66 2 3
181920 0 67 7 1
181918 1 68 5 3
181919 1 68 6 3
181917 1 69 2 1
94531 1 69 2 3
181921 1 70 2 3
226740 1 72 2 4
387459 1 73 1 2
181922 1 71 5 3
