163599 10
367800 10
471822 10
471827 10
390992 12
390993 12
390994 12
390030 13
390031 13
471823 14
347060 15
347062 15
23702 18
23703 18
347063 18
347697 18
347700 18
471822 18
471824 18
471825 18
471826 18
470974 19
470977 19
508175 19
22971 20
346496 20
347951 20
347955 20
346586 21
346587 21
471854 21
24585 22
24588 22
346702 22
23046 23
23833 24
23834 24
23836 24
23837 24
346392 24
346498 24
346499 24
22825 25
22827 25
22828 25
471853 25
471855 25
471856 25
470974 26
346769 27
346772 27
347347 27
347350 27
22713 28
22714 28
22715 28
22717 28
23487 28
23489 28
346851 28
347951 28
347953 28
22831 29
22833 29
347125 29
347763 29
347764 29
470638 29
23051 30
23052 30
212423 30
212425 30
346391 30
346395 30
347637 30
347638 30
347639 30
471851 30
23047 31
23049 31
23053 31
347190 31
347192 31
15778 32
15779 32
15781 32
346852 32
347249 32
347777 32
400477 32
23770 33
23772 33
24535 33
346541 33
346542 33
346543 33
346544 33
346799 33
346800 33
347582 33
347585 33
400355 33
346851 34
346855 34
347325 34
347327 34
347999 35
23118 36
23119 36
24137 36
24138 36
24141 36
346805 36
347587 36
470659 36
470661 36
22908 37
23116 37
23117 37
23365 37
23368 37
346803 37
346804 37
346806 37
346807 37
346808 37
347583 37
347584 37
22702 38
22713 38
22715 38
22717 38
329354 38
346470 38
346471 38
347011 38
347048 38
347052 38
347053 38
347938 38
15777 39
15778 39
15780 39
23081 39
345992 39
345993 39
346642 39
347103 39
347104 39
347105 39
347466 39
347467 39
347468 39
347845 39
347848 39
347009 40
22701 41
22703 41
22746 41
138488 41
347607 41
347608 41
347609 41
347610 41
347652 41
347653 41
347654 41
22815 42
23172 42
23653 42
188168 42
329593 42
329594 42
329596 42
346263 43
346265 43
346814 43
346816 43
347225 43
347228 43
346831 44
346832 44
459869 44
23210 46
23211 46
138485 46
346343 46
346344 46
346347 46
261257 47
261258 47
347437 47
251879 48
329595 48
346603 48
346604 48
459870 48
459871 48
459872 48
22889 49
345942 50
345943 50
346540 50
347551 52
251878 53
251880 53
24077 54
346214 55
347553 55
347554 55
347555 55
346354 56
346355 56
346356 56
346357 56
233139 57
233140 57
233141 57
261267 59
261269 59
346607 59
347016 59
347017 59
346745 61
347604 62
