23019 1 4 6 2 0
113273 0 6 6 4 0
163600 1 3 6 3 1
283621 1 4 6 3 0
347151 0 6 6 1 0
367797 1 4 6 1 0
390033 0 6 6 3 0
470145 0 6 6 3 0
471824 1 3 6 1 0
536439 0 6 6 3 0
470265 0 6 7 1 0
346111 0 6 8 1 0
390995 1 3 8 3 1
23018 0 6 9 1 0
284500 0 6 9 3 0
390032 1 3 9 3 0
471826 1 2 9 3 1
347062 0 6 10 1 0
367801 0 6 10 3 0
471823 1 4 10 1 0
509032 0 6 10 3 0
22971 1 4 11 1 0
347061 1 3 11 1 0
390992 0 6 11 1 1
421869 0 6 11 3 0
536435 0 6 11 4 1
346495 1 4 12 1 0
347344 0 6 12 1 0
390038 0 6 12 3 1
470728 0 6 12 1 0
471772 0 6 12 1 0
471822 0 6 12 0 0
23044 0 6 13 1 0
322175 0 6 13 3 0
347060 1 4 14 0 0
347698 1 3 14 1 0
471827 1 3 14 3 0
22974 1 2 15 3 0
23055 0 6 15 1 1
322833 0 6 15 4 1
347340 1 3 15 1 0
347349 0 6 15 2 0
471825 0 6 15 2 0
508176 1 3 15 4 1
62706 0 6 16 3 0
347892 1 2 16 1 0
347953 1 3 16 1 0
470976 1 4 16 1 0
471840 0 6 16 1 0
23045 0 6 17 1 0
24586 1 2 17 1 0
346494 1 5 17 1 0
346585 1 3 17 1 0
347342 1 3 17 3 0
347347 0 6 17 1 0
23056 0 6 18 1 0
346934 0 6 18 1 0
347697 1 4 18 0 0
471841 0 6 18 3 1
471853 1 4 18 1 0
23043 1 3 19 0 0
211898 0 6 19 3 1
346499 0 6 19 1 0
346704 1 4 19 3 0
347339 1 4 19 0 1
347346 0 6 19 1 0
471842 0 6 19 3 1
22713 1 4 20 1 0
23046 0 6 20 3 1
23835 1 3 20 1 0
294000 0 6 20 2 1
346501 1 4 20 2 0
346850 0 6 20 1 0
347551 0 6 20 1 0
347582 0 6 20 1 0
347699 0 6 20 2 0
347894 0 6 20 1 0
23048 0 6 21 1 0
23796 0 6 21 1 0
24584 0 6 21 0 0
212423 1 3 21 1 0
346390 1 5 21 1 0
346839 0 6 21 1 1
347952 0 6 21 0 1
470975 1 2 21 1 0
471854 1 4 21 1 0
22826 1 4 22 1 0
23058 0 6 22 3 0
23096 0 6 22 0 0
24658 0 6 22 1 0
346681 0 6 22 1 1
346713 0 6 22 4 1
347123 0 6 22 1 0
347158 0 6 22 1 0
347348 1 2 22 1 0
349500 0 6 22 3 1
471850 1 4 22 1 0
23049 1 4 23 1 0
23245 1 3 23 0 0
23470 1 3 23 2 0
23837 0 6 23 2 0
23871 1 5 23 1 0
24324 0 6 23 4 0
212425 0 6 23 3 0
347637 1 3 23 1 0
347700 0 6 23 2 1
22716 1 3 24 3 0
23488 1 3 24 1 0
23601 0 6 24 1 0
23641 0 6 24 1 1
24533 0 6 24 1 0
346682 0 6 24 1 0
346763 1 3 24 1 0
346770 1 4 24 1 0
346852 1 3 24 1 1
347122 0 6 24 1 0
347639 0 6 24 3 1
347776 0 6 24 1 0
349501 1 2 24 3 0
470637 1 2 24 1 0
22832 1 3 25 3 0
23052 0 6 25 3 0
23833 0 6 25 1 0
198837 0 6 25 2 0
212424 1 2 25 1 0
347124 1 4 25 3 0
347345 0 6 25 1 0
347636 1 3 25 1 0
347765 1 3 25 3 0
347954 1 4 25 2 1
471856 0 6 25 3 0
22715 0 6 26 2 0
22824 0 6 26 0 0
23059 0 6 26 3 0
23870 0 6 26 1 1
328961 1 4 26 3 0
346392 1 3 26 1 0
347312 1 3 26 4 0
347961 0 6 26 3 0
400259 1 3 26 3 1
471061 1 2 26 1 0
471852 1 3 26 3 0
23050 1 4 27 1 0
23771 0 6 27 1 0
24474 0 6 27 0 0
24531 0 6 27 3 0
24657 0 6 27 1 1
212421 0 6 27 3 0
346379 0 6 27 1 0
347157 0 6 27 1 0
347188 1 3 27 1 0
347225 1 4 27 1 0
347251 1 2 27 4 0
347883 0 6 27 4 0
400476 0 6 27 3 0
22525 0 6 28 1 0
23051 1 4 28 1 0
23293 0 6 28 1 0
23642 0 6 28 3 0
24677 0 6 28 3 0
346798 1 2 28 1 0
346853 1 3 28 1 0
347162 0 6 28 1 0
347778 1 3 28 3 1
347995 0 6 28 1 0
426527 0 6 28 2 1
562408 0 6 28 2 0
15780 1 4 29 3 0
22543 0 6 29 1 0
23047 0 6 29 1 1
24435 0 6 29 1 0
24532 1 3 29 1 0
346540 1 4 29 1 0
347470 1 4 29 0 0
347584 1 4 29 1 0
347996 0 6 29 1 0
400356 1 3 29 2 0
400478 1 4 29 3 0
22814 1 3 30 1 0
23119 1 4 30 1 0
23773 1 4 30 3 0
24137 0 6 30 1 0
24530 0 6 30 3 0
138494 0 6 30 2 0
346003 0 6 30 1 0
347019 1 2 30 4 1
347104 1 3 30 1 0
347326 1 4 30 1 0
347936 0 6 30 1 0
348001 1 2 30 3 0
17117 0 6 31 3 0
22523 0 6 31 1 0
23054 0 6 31 1 0
23286 1 3 31 1 0
328959 1 4 31 1 0
346394 0 6 31 3 1
346535 0 6 31 1 0
346797 0 6 31 1 1
346806 1 4 31 1 0
346854 1 4 31 3 0
347471 0 6 31 0 0
347523 0 6 31 1 0
470658 1 2 31 1 1
561023 0 6 31 3 0
23053 0 6 32 3 0
23116 1 3 32 1 0
23287 0 6 32 3 0
23428 0 6 32 3 0
24140 1 3 32 3 0
24485 1 4 32 1 0
192258 0 6 32 3 0
346228 0 6 32 1 0
346272 1 4 32 1 0
346803 1 3 32 0 0
346876 0 6 32 1 0
346891 0 6 32 1 0
347588 1 3 32 4 1
347966 0 6 32 1 0
22911 1 3 33 3 1
23118 1 3 33 1 0
138487 0 6 33 3 0
345943 0 6 33 3 0
346468 0 6 33 1 0
346805 1 3 33 1 0
346875 0 6 33 1 0
347048 0 6 33 1 0
347313 0 6 33 1 0
347464 1 2 33 2 0
347585 1 3 33 3 1
347845 0 6 33 1 0
22812 0 6 34 1 0
23366 1 5 34 1 0
329352 1 3 34 1 0
346547 0 6 34 3 0
346896 0 6 34 3 0
347009 1 3 34 1 0
347049 1 3 34 1 0
347612 0 6 34 1 0
347630 0 6 34 4 0
347935 1 3 34 1 0
425935 1 5 34 4 0
15781 1 4 35 3 0
22701 1 4 35 1 0
22714 1 4 35 1 0
23080 1 3 35 1 0
23290 0 6 35 1 0
297615 0 6 35 3 0
345991 1 3 35 1 0
346144 0 6 35 4 1
346471 0 6 35 3 0
346472 1 4 35 3 0
346545 0 6 35 1 0
346641 1 3 35 1 0
347106 1 3 35 3 0
347189 0 6 35 1 0
347314 1 4 35 3 0
347469 1 3 35 3 0
347536 0 6 35 0 0
347843 0 6 35 1 0
347844 1 3 35 1 0
409181 0 6 35 3 0
22702 1 2 36 1 0
22743 1 3 36 1 0
328960 0 6 36 1 1
329594 0 6 36 1 0
346742 0 6 36 1 0
347011 1 3 36 3 1
347139 0 6 36 1 0
347325 0 6 36 1 0
347401 0 6 36 1 0
347522 0 6 36 1 0
459863 1 3 36 2 0
526911 1 3 36 3 0
15777 1 2 37 1 0
23170 1 2 37 1 0
23365 0 6 37 0 0
346248 0 6 37 0 0
346410 0 6 37 1 0
347390 0 6 37 1 0
347617 0 6 37 1 0
347651 1 3 37 1 0
347937 0 6 37 3 0
24036 0 6 38 1 0
24671 0 6 38 3 0
119702 0 6 38 3 0
138486 1 4 38 2 0
329597 1 4 38 3 0
345993 0 6 38 2 0
346549 0 6 38 4 0
346771 1 2 38 3 0
347120 1 3 38 1 0
347140 0 6 38 3 0
347606 1 4 38 1 0
347618 0 6 38 1 1
347913 0 6 38 4 0
348019 0 6 38 1 0
22813 1 4 39 1 0
23654 1 4 39 1 0
23760 1 3 39 2 1
188167 1 4 39 3 0
346373 1 4 39 1 0
346460 0 6 39 1 0
346813 1 3 39 1 0
346830 1 2 39 1 0
347224 1 3 39 1 1
347851 0 6 39 3 0
250964 1 5 40 3 0
345994 0 6 40 2 0
346264 1 4 40 1 1
346874 1 5 40 1 0
347007 0 6 40 0 0
459870 1 3 40 1 0
37876 1 2 41 3 0
138488 1 2 41 3 0
251877 0 6 41 2 0
346345 1 2 41 1 0
346736 0 6 41 1 0
347478 0 6 41 1 0
347675 0 6 41 1 0
350187 1 4 41 3 0
23208 1 4 42 0 0
23656 0 6 42 3 0
107251 1 3 42 3 0
233112 0 6 42 3 0
346076 0 6 42 1 0
346204 0 6 42 1 1
346833 0 6 42 3 0
346989 0 6 42 4 0
347121 0 6 42 3 0
347498 1 2 42 4 0
347980 0 6 42 1 0
348017 0 6 42 1 0
24035 0 6 43 0 0
24374 1 4 43 3 0
346343 1 4 43 1 0
346458 0 6 43 0 0
346602 1 2 43 1 0
261259 1 4 44 3 0
329593 1 3 44 0 0
347438 1 4 44 4 0
459869 1 3 44 1 0
23206 1 3 45 4 0
24371 0 6 45 1 0
233113 0 6 45 3 0
251878 1 4 45 2 0
346303 0 6 45 2 0
22587 0 6 46 4 1
22888 1 4 46 0 0
261268 0 6 46 1 0
345940 1 3 46 1 0
346304 1 2 46 3 0
346636 1 4 46 1 0
261257 0 6 47 0 0
346465 1 3 47 4 1
346541 1 4 47 1 0
347553 1 2 47 1 0
242905 1 3 48 3 1
346214 1 3 48 3 0
347527 0 6 48 3 0
384924 0 6 48 3 0
22912 1 2 49 3 0
24372 0 6 49 1 0
261996 0 6 49 1 0
345923 0 6 49 1 0
346344 0 6 49 1 0
24080 1 3 50 1 0
233111 0 6 50 1 0
251879 1 4 50 3 0
251880 1 4 50 3 0
347552 1 3 50 1 0
23975 0 6 51 1 0
24287 0 6 51 3 0
261269 0 6 51 3 0
346215 1 3 51 3 0
242906 0 6 52 3 0
346353 1 4 52 1 0
346464 0 6 52 3 0
346466 0 6 52 4 0
346461 0 6 53 1 0
347050 0 6 53 1 0
233138 1 4 54 1 0
346190 1 4 54 1 0
346503 0 6 54 1 0
346699 1 5 54 4 0
347015 1 2 54 1 0
261270 1 3 55 3 1
346606 1 5 56 1 0
346746 1 2 56 3 0
346700 1 3 57 4 0
347602 1 3 58 1 0
